1.2528596e+01 2.6623730e+02      
9.1741309e+00 2.6370937e+02      
6.5037694e+00 2.6098687e+02      
4.5396452e+00 2.5814013e+02      
3.2914951e+00 2.5524233e+02      
2.7535595e+00 2.5236878e+02      
2.9003461e+00 2.4959673e+02      
3.6807920e+00 2.4700547e+02      
5.0095533e+00 2.4467630e+02      
6.7508551e+00 2.4269108e+02      
8.7059234e+00 2.4112556e+02      
1.0729149e+01 2.4001986e+02      
1.2889166e+01 2.3934788e+02      
1.5308299e+01 2.3904845e+02      
1.8048910e+01 2.3905593e+02      
2.1130756e+01 2.3930779e+02      
2.4552799e+01 2.3974580e+02      
2.8306692e+01 2.4031483e+02      
3.2385454e+01 2.4096055e+02      
3.6788125e+01 2.4162787e+02      
3.8365853e+01 2.5650823e+02      
3.5065789e+01 2.5371558e+02      
3.2486400e+01 2.5069310e+02      
3.0656471e+01 2.4751626e+02      
2.9592894e+01 2.4426350e+02      
2.9297333e+01 2.4101551e+02      
2.9751169e+01 2.3785559e+02      
3.0908094e+01 2.3487147e+02      
3.2684447e+01 2.3215799e+02      
3.4938643e+01 2.2981884e+02      
3.7298511e+01 2.2798162e+02      
3.9209978e+01 2.2676013e+02      
4.1139715e+01 2.2605292e+02      
4.3369521e+01 2.2574471e+02      
4.5949884e+01 2.2574652e+02      
4.8880477e+01 2.2598332e+02      
5.2140301e+01 2.2639234e+02      
5.5704683e+01 2.2691785e+02      
5.9556865e+01 2.2750567e+02      
6.3694131e+01 2.2809974e+02      
6.2915405e+01 2.4302956e+02      
5.9683319e+01 2.3994493e+02      
5.7206555e+01 2.3659472e+02      
5.5522339e+01 2.3305958e+02      
5.4657654e+01 2.2942278e+02      
5.4626465e+01 2.2576890e+02      
5.5424752e+01 2.2218403e+02      
5.7021369e+01 2.1875983e+02      
5.9346853e+01 2.1560182e+02      
6.2317560e+01 2.1283277e+02      
6.5588540e+01 2.1063179e+02      
6.6900979e+01 2.0942244e+02      
6.8421253e+01 2.0879234e+02      
7.0389216e+01 2.0856910e+02      
7.2772595e+01 2.0863983e+02      
7.5529435e+01 2.0891944e+02      
7.8602089e+01 2.0934759e+02      
8.1938426e+01 2.0987477e+02      
8.5505928e+01 2.1045116e+02      
8.9300012e+01 2.1102146e+02      
8.5762380e+01 2.2605480e+02      
8.2603589e+01 2.2265057e+02      
8.0231139e+01 2.1894482e+02      
7.8691889e+01 2.1502388e+02      
7.8025068e+01 2.1097612e+02      
7.8261261e+01 2.0688877e+02      
7.9420099e+01 2.0284573e+02      
8.1500272e+01 1.9893176e+02      
8.4450292e+01 1.9525214e+02      
8.8080620e+01 1.9197639e+02      
9.1669320e+01 1.8942915e+02      
9.2993241e+01 1.8825576e+02      
9.4195375e+01 1.8782860e+02      
9.5876666e+01 1.8781223e+02      
9.8070983e+01 1.8803423e+02      
1.0067180e+02 1.8840973e+02      
1.0356293e+02 1.8889771e+02      
1.0665251e+02 1.8946716e+02      
1.0988356e+02 1.9007814e+02      
1.1324976e+02 1.9067710e+02      
1.0652315e+02 2.0589328e+02      
1.0343397e+02 2.0214157e+02      
1.0115640e+02 1.9805223e+02      
9.9747150e+01 1.9371873e+02      
9.9257968e+01 1.8923644e+02      
9.9737072e+01 1.8469679e+02      
1.0123438e+02 1.8017833e+02      
1.0380982e+02 1.7573631e+02      
1.0745590e+02 1.7145313e+02      
1.1183550e+02 1.6758175e+02      
1.1518712e+02 1.6491261e+02      
1.1707803e+02 1.6359703e+02      
1.1791250e+02 1.6352929e+02      
1.1932219e+02 1.6386352e+02      
1.2141618e+02 1.6431361e+02      
1.2393909e+02 1.6481346e+02      
1.2669571e+02 1.6538153e+02      
1.2955016e+02 1.6602355e+02      
1.3240054e+02 1.6671335e+02      
1.3523570e+02 1.6739725e+02      
1.2485288e+02 1.8290576e+02      
1.2182057e+02 1.7877802e+02      
1.1961729e+02 1.7427581e+02      
1.1830883e+02 1.6950211e+02      
1.1795767e+02 1.6456345e+02      
1.1862441e+02 1.5956264e+02      
1.2037566e+02 1.5458529e+02      
1.2333166e+02 1.4965879e+02      
1.2759221e+02 1.4478088e+02      
1.3168973e+02 1.4084302e+02      
1.3499480e+02 1.3812030e+02      
1.3725182e+02 1.3670766e+02      
1.3874593e+02 1.3651603e+02      
1.4010415e+02 1.3727397e+02      
1.4246044e+02 1.3795748e+02      
1.4501571e+02 1.3854192e+02      
1.4773500e+02 1.3917417e+02      
1.5042253e+02 1.3990579e+02      
1.5286099e+02 1.4071822e+02      
1.5501883e+02 1.4155131e+02      
1.4045248e+02 1.5749957e+02      
1.3745590e+02 1.5296602e+02      
1.3529609e+02 1.4801861e+02      
1.3404692e+02 1.4277266e+02      
1.3377974e+02 1.3735117e+02      
1.3456157e+02 1.3187820e+02      
1.3644886e+02 1.2647199e+02      
1.3946005e+02 1.2124804e+02      
1.4338232e+02 1.1642045e+02      
1.4748610e+02 1.1245416e+02      
1.5101551e+02 1.0969482e+02      
1.5330311e+02 1.0833375e+02      
1.5510406e+02 1.0811772e+02      
1.5734050e+02 1.0865840e+02      
1.6080739e+02 1.0945578e+02      
1.6349064e+02 1.1000003e+02      
1.6649543e+02 1.1066225e+02      
1.6920079e+02 1.1149084e+02      
1.7122677e+02 1.1247455e+02      
1.7248156e+02 1.1353896e+02      
1.5307481e+02 1.3012412e+02      
1.5008558e+02 1.2515322e+02      
1.4792961e+02 1.1972294e+02      
1.4668806e+02 1.1396375e+02      
1.4644144e+02 1.0802003e+02      
1.4726686e+02 1.0204291e+02      
1.4922625e+02 9.6184737e+01      
1.5232297e+02 9.0611663e+01      
1.5639744e+02 8.5556007e+01      
1.6101570e+02 8.1357354e+01      
1.6531713e+02 7.8442026e+01      
1.6692507e+02 7.7396461e+01      
1.6830762e+02 7.7486899e+01      
1.7045157e+02 7.8135292e+01      
1.7382016e+02 7.8913370e+01      
1.7834297e+02 7.9572835e+01      
1.8238686e+02 8.0241948e+01      
1.8538776e+02 8.1156776e+01      
1.8705361e+02 8.2371552e+01      
1.8725056e+02 8.3784118e+01      
1.6252982e+02 1.0126686e+02      
1.5951396e+02 9.5825269e+01      
1.5731490e+02 8.9867013e+01      
1.5601993e+02 8.3540223e+01      
1.5571945e+02 7.7016175e+01      
1.5650796e+02 7.0478254e+01      
1.5848603e+02 6.4104902e+01      
1.6175922e+02 5.8048744e+01      
1.6631189e+02 5.2514216e+01      
1.7167194e+02 4.7913816e+01      
1.7556059e+02 4.5173039e+01      
1.7749035e+02 4.4337191e+01      
1.7800409e+02 4.5124573e+01      
1.7949108e+02 4.6259025e+01      
1.8245449e+02 4.7232137e+01      
1.8686098e+02 4.7916942e+01      
1.9209029e+02 4.8415031e+01      
1.9544882e+02 4.9382498e+01      
1.9676110e+02 5.0907035e+01      
1.9617342e+02 5.2818138e+01      
1.6868871e+02 7.1450172e+01      
1.6560889e+02 6.5504108e+01      
1.6331461e+02 5.8963482e+01      
1.6189669e+02 5.1996266e+01      
1.6145300e+02 4.4809389e+01      
1.6209288e+02 3.7631293e+01      
1.6394723e+02 3.0692488e+01      
1.6724968e+02 2.4125218e+01      
1.7222652e+02 1.8002402e+01      
1.7689881e+02 1.3740359e+01      
1.8039506e+02 1.1432945e+01      
1.8242734e+02 1.0989122e+01      
1.8331504e+02 1.2086988e+01      
1.8410636e+02 1.3915040e+01      
1.8668933e+02 1.5101934e+01      
1.9078873e+02 1.5794747e+01      
1.9596692e+02 1.6155826e+01      
1.9936164e+02 1.7154418e+01      
2.0022079e+02 1.9095222e+01      
1.9891796e+02 2.1653364e+01      
1.7148686e+02 4.1229770e+01      
1.6830565e+02 3.4748704e+01      
1.6586226e+02 2.7561208e+01      
1.6424691e+02 1.9853954e+01      
1.6355887e+02 1.1886381e+01      
1.6391596e+02 3.9468142e+00      
1.6543631e+02 -3.6473903e+00      
1.6819166e+02 -1.0409692e+01      
1.7220976e+02 -1.6261061e+01      
1.7633967e+02 -1.9636701e+01      
1.7955242e+02 -2.1315054e+01      
1.8145884e+02 -2.1122788e+01      
1.8228432e+02 -1.9392475e+01      
1.8384197e+02 -1.7879351e+01      
1.8656106e+02 -1.6832617e+01      
1.9029181e+02 -1.6150513e+01      
1.9451907e+02 -1.5611647e+01      
1.9807945e+02 -1.4756651e+01      
1.9838003e+02 -1.2230401e+01      
1.9776690e+02 -9.4424905e+00      
1.7092501e+02 1.1195534e+01      
1.6760964e+02 4.1596902e+00      
1.6496632e+02 -3.7462494e+00      
1.6308026e+02 -1.2329093e+01      
1.6204726e+02 -2.1279141e+01      
1.6195739e+02 -3.0026653e+01      
1.6300051e+02 -3.8458101e+01      
1.6487153e+02 -4.4934424e+01      
1.6752844e+02 -4.9190358e+01      
1.7050642e+02 -5.0815715e+01      
1.7361233e+02 -5.2047326e+01      
1.7535564e+02 -5.1148367e+01      
1.7707769e+02 -4.9910279e+01      
1.7937035e+02 -4.8846969e+01      
1.8245096e+02 -4.8130594e+01      
1.8615868e+02 -4.7671930e+01      
1.8993581e+02 -4.7093876e+01      
1.9311962e+02 -4.6086861e+01      
1.9356212e+02 -4.3253749e+01      
1.9338550e+02 -4.0179370e+01      
1.6706761e+02 -1.8022545e+01      
1.6359709e+02 -2.5605166e+01      
1.6071696e+02 -3.4331450e+01      
1.5846942e+02 -4.3814479e+01      
1.5699726e+02 -5.4001328e+01      
1.5619932e+02 -6.3164552e+01      
1.5628164e+02 -7.1053360e+01      
1.5723995e+02 -7.6929045e+01      
1.5899579e+02 -8.0149241e+01      
1.6130204e+02 -8.0538410e+01      
1.6380207e+02 -8.0661828e+01      
1.6605271e+02 -8.0181413e+01      
1.6841258e+02 -7.9392193e+01      
1.7123230e+02 -7.8670117e+01      
1.7472021e+02 -7.8314255e+01      
1.7885608e+02 -7.8416651e+01      
1.8245684e+02 -7.7867372e+01      
1.8487324e+02 -7.6227764e+01      
1.8601381e+02 -7.3630433e+01      
1.8614788e+02 -7.0277824e+01      
1.6003740e+02 -4.5757656e+01      
1.5639778e+02 -5.3677490e+01      
1.5328164e+02 -6.3287145e+01      
1.5053772e+02 -7.3192273e+01      
1.4829186e+02 -8.3317808e+01      
1.4669265e+02 -9.2556812e+01      
1.4591936e+02 -1.0023498e+02      
1.4609178e+02 -1.0580593e+02      
1.4725326e+02 -1.0863650e+02      
1.4927319e+02 -1.0858719e+02      
1.5154621e+02 -1.0844908e+02      
1.5394726e+02 -1.0816764e+02      
1.5661025e+02 -1.0755238e+02      
1.5971530e+02 -1.0688384e+02      
1.6341662e+02 -1.0661291e+02      
1.6768311e+02 -1.0695271e+02      
1.7144067e+02 -1.0665355e+02      
1.7444750e+02 -1.0556087e+02      
1.7605965e+02 -1.0313847e+02      
1.7626103e+02 -9.9349987e+01      
1.5001632e+02 -7.1441862e+01      
1.4618397e+02 -7.9066503e+01      
1.4273092e+02 -8.7878719e+01      
1.3957848e+02 -9.7540665e+01      
1.3667080e+02 -1.0807192e+02      
1.3431259e+02 -1.1756823e+02      
1.3277019e+02 -1.2539487e+02      
1.3222902e+02 -1.3112263e+02      
1.3288209e+02 -1.3417666e+02      
1.3472168e+02 -1.3444537e+02      
1.3681645e+02 -1.3475535e+02      
1.3914870e+02 -1.3487477e+02      
1.4188688e+02 -1.3408191e+02      
1.4508520e+02 -1.3301837e+02      
1.4877670e+02 -1.3234940e+02      
1.5290724e+02 -1.3242249e+02      
1.5673042e+02 -1.3221833e+02      
1.6005988e+02 -1.3160150e+02      
1.6197017e+02 -1.2937652e+02      
1.6230771e+02 -1.2531835e+02      
1.3724621e+02 -9.4782294e+01      
1.3326017e+02 -1.0187848e+02      
1.2957952e+02 -1.0991047e+02      
1.2616893e+02 -1.1875594e+02      
1.2296878e+02 -1.2826714e+02      
1.1996258e+02 -1.3798105e+02      
1.1774108e+02 -1.4606999e+02      
1.1641662e+02 -1.5241890e+02      
1.1645025e+02 -1.5628614e+02      
1.1796599e+02 -1.5756403e+02      
1.1969980e+02 -1.5902471e+02      
1.2175870e+02 -1.6018569e+02      
1.2446577e+02 -1.5864760e+02      
1.2767999e+02 -1.5665689e+02      
1.3123561e+02 -1.5505159e+02      
1.3495785e+02 -1.5409074e+02      
1.3862422e+02 -1.5364511e+02      
1.4208961e+02 -1.5357437e+02      
1.4416494e+02 -1.5156956e+02      
1.4474821e+02 -1.4750654e+02      
1.2200089e+02 -1.1560764e+02      
1.1792008e+02 -1.2213094e+02      
1.1410815e+02 -1.2941854e+02      
1.1056042e+02 -1.3733629e+02      
1.0726349e+02 -1.4569036e+02      
1.0425225e+02 -1.5410367e+02      
1.0164034e+02 -1.6199686e+02      
9.9369198e+01 -1.6936895e+02      
9.8541684e+01 -1.7450295e+02      
9.9409717e+01 -1.7736227e+02      
1.0046767e+02 -1.8043992e+02      
1.0216262e+02 -1.8169132e+02      
1.0466997e+02 -1.8050123e+02      
1.0793540e+02 -1.7731895e+02      
1.1141399e+02 -1.7454457e+02      
1.1485411e+02 -1.7264012e+02      
1.1818706e+02 -1.7159431e+02      
1.2132789e+02 -1.7121200e+02      
1.2336784e+02 -1.6917369e+02      
1.2422524e+02 -1.6537957e+02      
1.0457092e+02 -1.3374951e+02      
1.0044627e+02 -1.3968461e+02      
9.6569472e+01 -1.4624639e+02      
9.2957502e+01 -1.5329409e+02      
8.9627562e+01 -1.6063369e+02      
8.6609919e+01 -1.6800745e+02      
8.3926581e+01 -1.7518231e+02      
8.1585124e+01 -1.8203612e+02      
7.9776544e+01 -1.8833206e+02      
7.9617592e+01 -1.9296875e+02      
7.9998063e+01 -1.9647003e+02      
8.1195540e+01 -1.9797660e+02      
8.3400066e+01 -1.9706197e+02      
8.6460302e+01 -1.9409943e+02      
8.9918187e+01 -1.9027708e+02      
9.3064823e+01 -1.8767608e+02      
9.5939392e+01 -1.8586254e+02      
9.8452061e+01 -1.8423980e+02      
1.0030026e+02 -1.8191996e+02      
1.0139300e+02 -1.7863956e+02      
8.5265829e+01 -1.4904913e+02      
8.1137402e+01 -1.5440055e+02      
7.7241382e+01 -1.6027150e+02      
7.3607932e+01 -1.6652758e+02      
7.0266782e+01 -1.7300150e+02      
6.7250532e+01 -1.7950352e+02      
6.4593116e+01 -1.8585501e+02      
6.2338012e+01 -1.9191337e+02      
6.0626750e+01 -1.9749184e+02      
5.9662349e+01 -2.0234362e+02      
5.9075207e+01 -2.0668550e+02      
5.9640845e+01 -2.0862165e+02      
6.1551697e+01 -2.0777850e+02      
6.4487893e+01 -2.0465070e+02      
6.7372786e+01 -2.0157509e+02      
7.0044761e+01 -1.9901957e+02      
7.2466841e+01 -1.9684652e+02      
7.4565472e+01 -1.9470948e+02      
7.6232209e+01 -1.9226076e+02      
7.7428814e+01 -1.8936745e+02      
6.4416003e+01 -1.6136967e+02      
6.0314518e+01 -1.6615465e+02      
5.6431508e+01 -1.7137570e+02      
5.2805100e+01 -1.7690932e+02      
4.9472375e+01 -1.8261092e+02      
4.6471647e+01 -1.8832308e+02      
4.3845192e+01 -1.9388834e+02      
4.1646556e+01 -1.9915449e+02      
3.9946549e+01 -2.0396667e+02      
3.8768434e+01 -2.0821219e+02      
3.8053668e+01 -2.1178089e+02      
3.7966765e+01 -2.1411356e+02      
3.9647840e+01 -2.1321331e+02      
4.1786025e+01 -2.1124916e+02      
4.4002810e+01 -2.0902205e+02      
4.6155464e+01 -2.0682424e+02      
4.8162037e+01 -2.0467488e+02      
4.9948215e+01 -2.0246265e+02      
5.1450962e+01 -2.0006083e+02      
5.2647230e+01 -1.9742939e+02      
