2.2311667e+01 2.5341663e+02      
2.0890084e+01 2.5240257e+02      
1.9952183e+01 2.5154660e+02      
1.9459998e+01 2.5092995e+02      
1.9371642e+01 2.5063478e+02      
1.9656102e+01 2.5074015e+02      
2.0312258e+01 2.5132951e+02      
2.1310082e+01 2.5238659e+02      
2.2219087e+01 2.5307821e+02      
2.3018120e+01 2.5329737e+02      
2.3790409e+01 2.5305722e+02      
2.5025049e+01 2.5311326e+02      
2.6773506e+01 2.5342812e+02      
2.9022708e+01 2.5389320e+02      
3.1763332e+01 2.5442843e+02      
3.4986121e+01 2.5496540e+02      
3.8680383e+01 2.5544231e+02      
4.2832718e+01 2.5580200e+02      
4.7426069e+01 2.5599124e+02      
5.2439173e+01 2.5596064e+02      
4.8979207e+01 2.4309434e+02      
4.7741214e+01 2.4189977e+02      
4.7008446e+01 2.4085850e+02      
4.6725832e+01 2.4007357e+02      
4.6825652e+01 2.3965765e+02      
4.7256656e+01 2.3972517e+02      
4.8025967e+01 2.4038965e+02      
4.9110804e+01 2.4160340e+02      
4.9957303e+01 2.4241664e+02      
5.0546874e+01 2.4266015e+02      
5.1002803e+01 2.4237126e+02      
5.1971764e+01 2.4239405e+02      
5.3509539e+01 2.4270990e+02      
5.5578310e+01 2.4318668e+02      
5.8155694e+01 2.4372846e+02      
6.1226567e+01 2.4425719e+02      
6.4777719e+01 2.4470449e+02      
6.8794451e+01 2.4500823e+02      
7.3258515e+01 2.4511122e+02      
7.8147080e+01 2.4496089e+02      
7.4332925e+01 2.2887248e+02      
7.3330565e+01 2.2742603e+02      
7.2870617e+01 2.2611284e+02      
7.2874581e+01 2.2505804e+02      
7.3219942e+01 2.2441264e+02      
7.3789190e+01 2.2433162e+02      
7.4565388e+01 2.2493699e+02      
7.5561907e+01 2.2615206e+02      
7.6224891e+01 2.2706543e+02      
7.6585445e+01 2.2747085e+02      
7.6786038e+01 2.2738493e+02      
7.7534815e+01 2.2756583e+02      
7.8873392e+01 2.2800370e+02      
8.0750051e+01 2.2857757e+02      
8.3137717e+01 2.2919394e+02      
8.6020797e+01 2.2977375e+02      
8.9387089e+01 2.3024618e+02      
9.3222815e+01 2.3054617e+02      
9.7509820e+01 2.3061373e+02      
1.0222433e+02 2.3039384e+02      
9.7931190e+01 2.1100661e+02      
9.7213673e+01 2.0923185e+02      
9.7110422e+01 2.0754366e+02      
9.7530775e+01 2.0608144e+02      
9.8252621e+01 2.0505405e+02      
9.8980066e+01 2.0470268e+02      
9.9600900e+01 2.0516658e+02      
1.0021976e+02 2.0632917e+02      
1.0051352e+02 2.0737840e+02      
1.0063042e+02 2.0807761e+02      
1.0068507e+02 2.0839596e+02      
1.0129248e+02 2.0889558e+02      
1.0245885e+02 2.0956543e+02      
1.0413867e+02 2.1031847e+02      
1.0631317e+02 2.1107762e+02      
1.0897429e+02 2.1176966e+02      
1.1211585e+02 2.1232453e+02      
1.1572791e+02 2.1267589e+02      
1.1979384e+02 2.1276184e+02      
1.2428944e+02 2.1252560e+02      
1.1934355e+02 1.8982495e+02      
1.1893883e+02 1.8765295e+02      
1.1927094e+02 1.8548412e+02      
1.2032061e+02 1.8342862e+02      
1.2177021e+02 1.8175928e+02      
1.2277218e+02 1.8100032e+02      
1.2301664e+02 1.8133927e+02      
1.2267867e+02 1.8251527e+02      
1.2234676e+02 1.8381351e+02      
1.2222044e+02 1.8491938e+02      
1.2235206e+02 1.8584157e+02      
1.2290300e+02 1.8676169e+02      
1.2391791e+02 1.8773576e+02      
1.2539100e+02 1.8873239e+02      
1.2732456e+02 1.8969534e+02      
1.2972693e+02 1.9055862e+02      
1.3260362e+02 1.9125347e+02      
1.3595143e+02 1.9171250e+02      
1.3975627e+02 1.9187221e+02      
1.4399348e+02 1.9167444e+02      
1.3816124e+02 1.6572148e+02      
1.3804620e+02 1.6311100e+02      
1.3880564e+02 1.6039898e+02      
1.4061489e+02 1.5759014e+02      
1.4343715e+02 1.5485161e+02      
1.4485309e+02 1.5357212e+02      
1.4464906e+02 1.5393580e+02      
1.4290592e+02 1.5571472e+02      
1.4188794e+02 1.5744125e+02      
1.4152822e+02 1.5894602e+02      
1.4162270e+02 1.6030719e+02      
1.4210756e+02 1.6161492e+02      
1.4296532e+02 1.6291534e+02      
1.4420491e+02 1.6419790e+02      
1.4585704e+02 1.6541630e+02      
1.4795622e+02 1.6650646e+02      
1.5052550e+02 1.6739794e+02      
1.5357034e+02 1.6802095e+02      
1.5707884e+02 1.6831002e+02      
1.6102471e+02 1.6820581e+02      
1.5402316e+02 1.3913776e+02      
1.5411133e+02 1.3608949e+02      
1.5513838e+02 1.3286575e+02      
1.5732667e+02 1.2939841e+02      
1.6055585e+02 1.2585667e+02      
1.6217249e+02 1.2414398e+02      
1.6185124e+02 1.2452601e+02      
1.5981328e+02 1.2672903e+02      
1.5858187e+02 1.2880702e+02      
1.5817063e+02 1.3061150e+02      
1.5827157e+02 1.3228403e+02      
1.5870064e+02 1.3391313e+02      
1.5937831e+02 1.3553422e+02      
1.6033045e+02 1.3713151e+02      
1.6163800e+02 1.3865194e+02      
1.6337698e+02 1.4002310e+02      
1.6559296e+02 1.4116734e+02      
1.6829914e+02 1.4201005e+02      
1.7148274e+02 1.4248321e+02      
1.7511269e+02 1.4252656e+02      
1.6664857e+02 1.1053486e+02      
1.6682086e+02 1.0708128e+02      
1.6789393e+02 1.0345622e+02      
1.7004078e+02 9.9566016e+01      
1.7309834e+02 9.5549199e+01      
1.7471471e+02 9.3559364e+01      
1.7457711e+02 9.3866329e+01      
1.7292229e+02 9.6207953e+01      
1.7198749e+02 9.8399229e+01      
1.7182264e+02 1.0033803e+02      
1.7210991e+02 1.0220602e+02      
1.7255979e+02 1.0409556e+02      
1.7300966e+02 1.0603015e+02      
1.7356740e+02 1.0797304e+02      
1.7443037e+02 1.0984614e+02      
1.7573630e+02 1.1155537e+02      
1.7755209e+02 1.1300926e+02      
1.7989091e+02 1.1412637e+02      
1.8273137e+02 1.1483627e+02      
1.8603197e+02 1.1507860e+02      
1.7585552e+02 8.0366689e+01      
1.7600797e+02 7.6535681e+01      
1.7694587e+02 7.2644077e+01      
1.7874577e+02 6.8664809e+01      
1.8125709e+02 6.4679421e+01      
1.8274516e+02 6.2638756e+01      
1.8299374e+02 6.2703284e+01      
1.8216842e+02 6.4708149e+01      
1.8192187e+02 6.6664550e+01      
1.8231159e+02 6.8537408e+01      
1.8307943e+02 7.0481112e+01      
1.8376342e+02 7.2578736e+01      
1.8380679e+02 7.4836176e+01      
1.8374602e+02 7.7176656e+01      
1.8401403e+02 7.9469847e+01      
1.8480286e+02 8.1582417e+01      
1.8618001e+02 8.3404229e+01      
1.8813826e+02 8.4848166e+01      
1.9063354e+02 8.5843655e+01      
1.9360606e+02 8.6332088e+01      
1.8155566e+02 4.9067585e+01      
1.8163515e+02 4.4825845e+01      
1.8235445e+02 4.0730637e+01      
1.8365545e+02 3.6960488e+01      
1.8526665e+02 3.3822699e+01      
1.8656651e+02 3.1977665e+01      
1.8731010e+02 3.1631863e+01      
1.8769689e+02 3.2524604e+01      
1.8834421e+02 3.3933100e+01      
1.8952101e+02 3.5576687e+01      
1.9111728e+02 3.7474997e+01      
1.9251736e+02 3.9743298e+01      
1.9168011e+02 4.2366942e+01      
1.9066668e+02 4.5209707e+01      
1.9015135e+02 4.8023179e+01      
1.9035217e+02 5.0615020e+01      
1.9128249e+02 5.2861587e+01      
1.9287654e+02 5.4679188e+01      
1.9504829e+02 5.6002695e+01      
1.9771217e+02 5.6777972e+01      
1.8373147e+02 1.7064833e+01      
1.8375136e+02 1.2252051e+01      
1.8428158e+02 7.8500553e+00      
1.8522738e+02 4.1867139e+00      
1.8644387e+02 1.4460713e+00      
1.8770244e+02 -2.5778328e-01      
1.8882053e+02 -8.7102125e-01      
1.8987684e+02 -5.2545996e-01      
1.9122247e+02 4.6192077e-01      
1.9320910e+02 1.8284491e+00      
1.9572443e+02 3.5729841e+00      
1.9682509e+02 6.0127767e+00      
1.9609793e+02 9.0672448e+00      
1.9397613e+02 1.2579164e+01      
1.9254479e+02 1.6050486e+01      
1.9215554e+02 1.9199014e+01      
1.9270009e+02 2.1914589e+01      
1.9399310e+02 2.4141193e+01      
1.9589266e+02 2.5825653e+01      
1.9828699e+02 2.6920070e+01      
1.8240185e+02 -1.5166878e+01      
1.8246053e+02 -2.0952757e+01      
1.8287603e+02 -2.5918512e+01      
1.8358477e+02 -2.9585617e+01      
1.8463802e+02 -3.1990566e+01      
1.8606829e+02 -3.3614537e+01      
1.8746606e+02 -3.4359984e+01      
1.8877993e+02 -3.4196880e+01      
1.9033471e+02 -3.3329674e+01      
1.9272070e+02 -3.2118749e+01      
1.9474607e+02 -3.0281058e+01      
1.9558581e+02 -2.7631116e+01      
1.9489282e+02 -2.4145440e+01      
1.9295397e+02 -2.0047350e+01      
1.9074382e+02 -1.5805084e+01      
1.8999793e+02 -1.2086241e+01      
1.9033627e+02 -8.8908264e+00      
1.9144584e+02 -6.2363662e+00      
1.9315263e+02 -4.1693165e+00      
1.9533303e+02 -2.7334065e+00      
1.7752144e+02 -4.6859979e+01      
1.7778261e+02 -5.4317093e+01      
1.7808229e+02 -6.0111997e+01      
1.7854259e+02 -6.3812821e+01      
1.7936353e+02 -6.5464837e+01      
1.8130772e+02 -6.7187680e+01      
1.8291815e+02 -6.8039492e+01      
1.8417640e+02 -6.7860080e+01      
1.8519252e+02 -6.6730321e+01      
1.8604104e+02 -6.4803825e+01      
1.8780087e+02 -6.2937599e+01      
1.8855077e+02 -6.0152555e+01      
1.8776766e+02 -5.6197402e+01      
1.8573109e+02 -5.1405943e+01      
1.8429307e+02 -4.6834621e+01      
1.8382103e+02 -4.2677770e+01      
1.8421487e+02 -3.9019038e+01      
1.8528686e+02 -3.5928643e+01      
1.8689351e+02 -3.3467281e+01      
1.8892342e+02 -3.1678299e+01      
1.6894295e+02 -7.6732241e+01      
1.6887176e+02 -8.5211596e+01      
1.6886604e+02 -9.1718159e+01      
1.6907508e+02 -9.5704760e+01      
1.6982533e+02 -9.7340193e+01      
1.7173465e+02 -9.9262822e+01      
1.7326906e+02 -1.0015183e+02      
1.7431241e+02 -9.9853877e+01      
1.7481261e+02 -9.8466647e+01      
1.7473522e+02 -9.6011849e+01      
1.7543068e+02 -9.3567624e+01      
1.7626539e+02 -9.0802779e+01      
1.7541256e+02 -8.6362481e+01      
1.7441864e+02 -8.1525603e+01      
1.7384676e+02 -7.6690063e+01      
1.7388162e+02 -7.2100225e+01      
1.7451651e+02 -6.7962153e+01      
1.7567366e+02 -6.4422967e+01      
1.7726359e+02 -6.1563574e+01      
1.7920258e+02 -5.9422387e+01      
1.5691801e+02 -1.0390002e+02      
1.5625060e+02 -1.1284057e+02      
1.5575580e+02 -1.1986640e+02      
1.5558623e+02 -1.2443056e+02      
1.5605590e+02 -1.2663345e+02      
1.5746156e+02 -1.2898195e+02      
1.5866106e+02 -1.2966526e+02      
1.5949656e+02 -1.2910827e+02      
1.5981434e+02 -1.2774006e+02      
1.5951022e+02 -1.2545117e+02      
1.5967269e+02 -1.2272157e+02      
1.5998793e+02 -1.1946624e+02      
1.5992367e+02 -1.1524348e+02      
1.5983786e+02 -1.1032656e+02      
1.6002379e+02 -1.0508851e+02      
1.6058701e+02 -9.9921855e+01      
1.6154063e+02 -9.5222775e+01      
1.6285582e+02 -9.1215100e+01      
1.6448722e+02 -8.7968083e+01      
1.6638138e+02 -8.5493131e+01      
1.4192294e+02 -1.2778313e+02      
1.4064490e+02 -1.3651754e+02      
1.3958509e+02 -1.4382735e+02      
1.3884364e+02 -1.4934136e+02      
1.3866113e+02 -1.5289531e+02      
1.3901926e+02 -1.5605736e+02      
1.3978195e+02 -1.5592605e+02      
1.4053516e+02 -1.5477970e+02      
1.4098016e+02 -1.5358682e+02      
1.4108002e+02 -1.5281902e+02      
1.4115634e+02 -1.5024352e+02      
1.4142067e+02 -1.4712103e+02      
1.4183633e+02 -1.4294438e+02      
1.4243851e+02 -1.3771973e+02      
1.4328149e+02 -1.3176892e+02      
1.4436123e+02 -1.2565678e+02      
1.4565061e+02 -1.2026449e+02      
1.4714945e+02 -1.1580048e+02      
1.4885045e+02 -1.1221144e+02      
1.5072782e+02 -1.0944742e+02      
1.2444677e+02 -1.4818003e+02      
1.2276892e+02 -1.5571438e+02      
1.2118678e+02 -1.6303988e+02      
1.1971643e+02 -1.6985834e+02      
1.1855806e+02 -1.7589528e+02      
1.1818883e+02 -1.7929288e+02      
1.1854636e+02 -1.7969724e+02      
1.1942028e+02 -1.7766826e+02      
1.2008875e+02 -1.7601372e+02      
1.2031582e+02 -1.7536059e+02      
1.2026030e+02 -1.7519242e+02      
1.2059210e+02 -1.7295217e+02      
1.2139441e+02 -1.6878109e+02      
1.2259551e+02 -1.6300634e+02      
1.2407536e+02 -1.5601434e+02      
1.2565669e+02 -1.4846513e+02      
1.2724819e+02 -1.4246776e+02      
1.2891440e+02 -1.3768770e+02      
1.3068491e+02 -1.3386262e+02      
1.3255550e+02 -1.3088584e+02      
1.0486578e+02 -1.6549633e+02      
1.0289163e+02 -1.7229390e+02      
1.0087079e+02 -1.7951032e+02      
9.8638969e+01 -1.8735507e+02      
9.6876376e+01 -1.9365074e+02      
9.5996964e+01 -1.9732688e+02      
9.6080528e+01 -1.9814111e+02      
9.6879503e+01 -1.9665447e+02      
9.7822455e+01 -1.9437215e+02      
9.8014063e+01 -1.9390295e+02      
9.7712521e+01 -1.9468420e+02      
9.8095687e+01 -1.9295835e+02      
9.9262418e+01 -1.8862993e+02      
1.0102670e+02 -1.8217349e+02      
1.0308935e+02 -1.7424089e+02      
1.0496615e+02 -1.6716744e+02      
1.0675170e+02 -1.6128152e+02      
1.0853429e+02 -1.5646680e+02      
1.1035256e+02 -1.5256091e+02      
1.1221206e+02 -1.4947028e+02      
8.3547025e+01 -1.7972535e+02      
8.1407706e+01 -1.8585556e+02      
7.9239203e+01 -1.9234906e+02      
7.6950390e+01 -1.9914338e+02      
7.4601478e+01 -2.0571496e+02      
7.3297066e+01 -2.0962672e+02      
7.3299929e+01 -2.1047542e+02      
7.4249470e+01 -2.0890135e+02      
7.4840224e+01 -2.0766109e+02      
7.4811228e+01 -2.0761891e+02      
7.4280969e+01 -2.0857140e+02      
7.4762735e+01 -2.0680707e+02      
7.6329253e+01 -2.0209068e+02      
7.8617279e+01 -1.9507197e+02      
8.0742898e+01 -1.8816801e+02      
8.2698593e+01 -1.8192277e+02      
8.4563947e+01 -1.7649306e+02      
8.6399273e+01 -1.7188067e+02      
8.8232935e+01 -1.6804295e+02      
9.0068827e+01 -1.6493754e+02      
6.0850708e+01 -1.9072419e+02      
5.8659466e+01 -1.9614034e+02      
5.6507470e+01 -2.0172375e+02      
5.4374268e+01 -2.0730690e+02      
5.2309048e+01 -2.1253376e+02      
5.0627759e+01 -2.1658420e+02      
5.0713998e+01 -2.1720546e+02      
5.1092056e+01 -2.1680215e+02      
5.1318374e+01 -2.1636211e+02      
5.1181310e+01 -2.1642863e+02      
5.0680261e+01 -2.1695689e+02      
5.1336749e+01 -2.1488105e+02      
5.3279227e+01 -2.0983199e+02      
5.5327335e+01 -2.0409418e+02      
5.7305437e+01 -1.9836444e+02      
5.9208778e+01 -1.9297468e+02      
6.1065297e+01 -1.8809542e+02      
6.2897431e+01 -1.8380872e+02      
6.4714757e+01 -1.8014290e+02      
6.6512771e+01 -1.7710225e+02      
