3.2486488e+01 2.3048662e+02      
3.3586986e+01 2.3052884e+02      
3.3667660e+01 2.2844469e+02      
3.2696506e+01 2.2432527e+02      
3.2193130e+01 2.2091664e+02      
3.2280905e+01 2.1831853e+02      
3.2934691e+01 2.1639664e+02      
3.4202857e+01 2.1512310e+02      
3.6216973e+01 2.1454689e+02      
3.8876737e+01 2.1467377e+02      
3.9883627e+01 2.1452898e+02      
3.9210723e+01 2.1409227e+02      
3.9111560e+01 2.1426259e+02      
3.9624899e+01 2.1494598e+02      
4.0547018e+01 2.1597944e+02      
4.1753195e+01 2.1724013e+02      
4.3173641e+01 2.1862853e+02      
4.4786843e+01 2.2006517e+02      
4.6609506e+01 2.2148586e+02      
4.8683989e+01 2.2283791e+02      
6.2485402e+01 2.2084757e+02      
6.4239090e+01 2.2101817e+02      
6.4574281e+01 2.1881533e+02      
6.3422361e+01 2.1434908e+02      
6.2805791e+01 2.1063286e+02      
6.2853616e+01 2.0782813e+02      
6.3515930e+01 2.0574983e+02      
6.4868808e+01 2.0434680e+02      
6.7113065e+01 2.0365710e+02      
7.0126500e+01 2.0364175e+02      
7.1145835e+01 2.0344458e+02      
7.0146637e+01 2.0305332e+02      
6.9844703e+01 2.0325250e+02      
7.0275802e+01 2.0397876e+02      
7.1123635e+01 2.0504352e+02      
7.2192127e+01 2.0629319e+02      
7.3376988e+01 2.0761064e+02      
7.4652875e+01 2.0891227e+02      
7.6053767e+01 2.1013664e+02      
7.7632043e+01 2.1122008e+02      
9.0420766e+01 2.0667532e+02      
9.2425726e+01 2.0624586e+02      
9.3093256e+01 2.0388284e+02      
9.2265144e+01 1.9971704e+02      
9.1802624e+01 1.9615411e+02      
9.1838261e+01 1.9335101e+02      
9.2422709e+01 1.9119369e+02      
9.3658925e+01 1.8964728e+02      
9.5696591e+01 1.8872815e+02      
9.8436080e+01 1.8839278e+02      
9.9467606e+01 1.8816904e+02      
9.8785965e+01 1.8806396e+02      
9.8775722e+01 1.8851321e+02      
9.9419558e+01 1.8945825e+02      
1.0037198e+02 1.9069129e+02      
1.0138814e+02 1.9202649e+02      
1.0234153e+02 1.9333416e+02      
1.0321812e+02 1.9453638e+02      
1.0411760e+02 1.9560726e+02      
1.0512481e+02 1.9647408e+02      
1.1590636e+02 1.8856353e+02      
1.1750674e+02 1.8684208e+02      
1.1866942e+02 1.8425973e+02      
1.1905841e+02 1.8096895e+02      
1.1889044e+02 1.7784320e+02      
1.1882827e+02 1.7518809e+02      
1.1922375e+02 1.7301765e+02      
1.2019916e+02 1.7133124e+02      
1.2171871e+02 1.7015308e+02      
1.2340113e+02 1.6948147e+02      
1.2442382e+02 1.6923745e+02      
1.2482950e+02 1.6945788e+02      
1.2550133e+02 1.7028570e+02      
1.2670690e+02 1.7166744e+02      
1.2799236e+02 1.7323609e+02      
1.2906480e+02 1.7476348e+02      
1.2978762e+02 1.7611963e+02      
1.3014603e+02 1.7722604e+02      
1.3032963e+02 1.7810563e+02      
1.3071801e+02 1.7887136e+02      
1.3904495e+02 1.6753971e+02      
1.4086284e+02 1.6505954e+02      
1.4276261e+02 1.6214750e+02      
1.4422970e+02 1.5903737e+02      
1.4387891e+02 1.5623242e+02      
1.4345926e+02 1.5377593e+02      
1.4354005e+02 1.5163258e+02      
1.4426062e+02 1.4980195e+02      
1.4547755e+02 1.4835499e+02      
1.4677188e+02 1.4742060e+02      
1.4772035e+02 1.4712482e+02      
1.4844716e+02 1.4753172e+02      
1.4954039e+02 1.4872270e+02      
1.5157521e+02 1.5078105e+02      
1.5338512e+02 1.5282980e+02      
1.5463269e+02 1.5464995e+02      
1.5513799e+02 1.5611417e+02      
1.5481655e+02 1.5711054e+02      
1.5378162e+02 1.5756349e+02      
1.5240620e+02 1.5743976e+02      
1.5950917e+02 1.4422079e+02      
1.6187884e+02 1.4117643e+02      
1.6461715e+02 1.3781353e+02      
1.6613301e+02 1.3463977e+02      
1.6618929e+02 1.3188145e+02      
1.6523692e+02 1.2964152e+02      
1.6491242e+02 1.2755266e+02      
1.6549811e+02 1.2553502e+02      
1.6683358e+02 1.2370505e+02      
1.6830594e+02 1.2237531e+02      
1.6898199e+02 1.2199287e+02      
1.6937738e+02 1.2251718e+02      
1.7011237e+02 1.2385935e+02      
1.7159204e+02 1.2592168e+02      
1.7383179e+02 1.2842531e+02      
1.7533893e+02 1.3058740e+02      
1.7570253e+02 1.3222787e+02      
1.7468238e+02 1.3318821e+02      
1.7230212e+02 1.3332283e+02      
1.7055255e+02 1.3332813e+02      
1.7664632e+02 1.1910949e+02      
1.7954595e+02 1.1555773e+02      
1.8213198e+02 1.1192653e+02      
1.8366029e+02 1.0859836e+02      
1.8395213e+02 1.0578300e+02      
1.8334356e+02 1.0348035e+02      
1.8267559e+02 1.0143830e+02      
1.8333569e+02 9.9116318e+01      
1.8520037e+02 9.6682022e+01      
1.8777650e+02 9.4516577e+01      
1.8774332e+02 9.4063132e+01      
1.8728351e+02 9.4757230e+01      
1.8716252e+02 9.6264172e+01      
1.8766759e+02 9.8387537e+01      
1.8891551e+02 1.0086265e+02      
1.9063951e+02 1.0333937e+02      
1.9100553e+02 1.0522712e+02      
1.8957344e+02 1.0638042e+02      
1.8684884e+02 1.0679976e+02      
1.8501571e+02 1.0709981e+02      
1.8979283e+02 9.2781234e+01      
1.9209061e+02 8.9227000e+01      
1.9475793e+02 8.5255851e+01      
1.9636413e+02 8.1706374e+01      
1.9669140e+02 7.8854243e+01      
1.9610110e+02 7.6573323e+01      
1.9610368e+02 7.4061261e+01      
1.9714927e+02 7.1225790e+01      
1.9943726e+02 6.8077832e+01      
2.0262086e+02 6.4939993e+01      
2.0326500e+02 6.3807217e+01      
2.0176966e+02 6.4750865e+01      
2.0064343e+02 6.6503897e+01      
1.9994094e+02 6.8925798e+01      
2.0003013e+02 7.1537183e+01      
2.0076229e+02 7.4049237e+01      
2.0130318e+02 7.6197760e+01      
1.9939128e+02 7.7643825e+01      
1.9726267e+02 7.8616329e+01      
1.9568508e+02 7.9293874e+01      
1.9914477e+02 6.5526928e+01      
2.0081265e+02 6.2097740e+01      
2.0272522e+02 5.8342365e+01      
2.0440676e+02 5.4538869e+01      
2.0465080e+02 5.1699053e+01      
2.0476508e+02 4.8890582e+01      
2.0531908e+02 4.5863037e+01      
2.0664541e+02 4.2510752e+01      
2.0902266e+02 3.8716911e+01      
2.1221000e+02 3.4728901e+01      
2.1302265e+02 3.2985433e+01      
2.1184329e+02 3.3480179e+01      
2.1014496e+02 3.5298087e+01      
2.0808249e+02 3.8294582e+01      
2.0725254e+02 4.1154499e+01      
2.0722815e+02 4.3841878e+01      
2.0741636e+02 4.6188189e+01      
2.0560131e+02 4.8046508e+01      
2.0388259e+02 4.9444201e+01      
2.0258615e+02 5.0465257e+01      
2.0488629e+02 3.7649498e+01      
2.0605158e+02 3.4352806e+01      
2.0734478e+02 3.0820212e+01      
2.0847708e+02 2.7262018e+01      
2.0913511e+02 2.3959665e+01      
2.0969580e+02 2.0686720e+01      
2.1051602e+02 1.7259032e+01      
2.1184718e+02 1.3549475e+01      
2.1392806e+02 9.3610199e+00      
2.1651792e+02 4.8552321e+00      
2.1673791e+02 2.8016150e+00      
2.1489277e+02 3.3863230e+00      
2.1311591e+02 4.8811386e+00      
2.1151981e+02 7.2977590e+00      
2.1048716e+02 1.0224720e+01      
2.0991270e+02 1.3288221e+01      
2.0932142e+02 1.5971609e+01      
2.0815273e+02 1.8147869e+01      
2.0687462e+02 1.9859282e+01      
2.0581029e+02 2.1160014e+01      
2.0709346e+02 9.5136574e+00      
2.0789337e+02 6.3136351e+00      
2.0878384e+02 2.9020406e+00      
2.0962589e+02 -6.0657201e-01      
2.1034730e+02 -4.1273005e+00      
2.1104439e+02 -7.6855897e+00      
2.1187543e+02 -1.1346882e+01      
2.1296871e+02 -1.5180108e+01      
2.1442740e+02 -1.9336007e+01      
2.1596829e+02 -2.3763626e+01      
2.1519371e+02 -2.6012667e+01      
2.1368454e+02 -2.6639271e+01      
2.1216347e+02 -2.5879480e+01      
2.1089331e+02 -2.3819148e+01      
2.0994143e+02 -2.0696817e+01      
2.0917529e+02 -1.6962092e+01      
2.0835875e+02 -1.3972591e+01      
2.0738715e+02 -1.1572371e+01      
2.0636672e+02 -9.6335660e+00      
2.0545797e+02 -8.1093649e+00      
2.0582124e+02 -1.8474183e+01      
2.0635539e+02 -2.1607559e+01      
2.0697997e+02 -2.4965520e+01      
2.0762759e+02 -2.8483594e+01      
2.0826685e+02 -3.2113339e+01      
2.0891940e+02 -3.5831924e+01      
2.0962142e+02 -3.9612059e+01      
2.1036807e+02 -4.3392457e+01      
2.1106945e+02 -4.7087448e+01      
2.1136624e+02 -5.0427553e+01      
2.1064597e+02 -5.2860038e+01      
2.0925637e+02 -5.4623630e+01      
2.0787509e+02 -5.4623455e+01      
2.0680651e+02 -5.2741550e+01      
2.0601184e+02 -4.9374255e+01      
2.0519061e+02 -4.6067618e+01      
2.0431716e+02 -4.3151436e+01      
2.0339502e+02 -4.0658429e+01      
2.0247611e+02 -3.8564268e+01      
2.0164023e+02 -3.6861219e+01      
2.0113701e+02 -4.5884714e+01      
2.0146787e+02 -4.8962142e+01      
2.0189065e+02 -5.2281888e+01      
2.0236982e+02 -5.5805452e+01      
2.0288684e+02 -5.9502829e+01      
2.0343799e+02 -6.3343523e+01      
2.0399972e+02 -6.7248121e+01      
2.0446346e+02 -7.0999611e+01      
2.0462655e+02 -7.4280533e+01      
2.0429807e+02 -7.6919007e+01      
2.0340642e+02 -7.8970216e+01      
2.0206929e+02 -8.0534281e+01      
2.0059160e+02 -8.1226698e+01      
1.9971630e+02 -7.9398855e+01      
1.9889266e+02 -7.6785176e+01      
1.9801737e+02 -7.3976278e+01      
1.9710873e+02 -7.1229934e+01      
1.9619233e+02 -6.8707626e+01      
1.9530220e+02 -6.6496755e+01      
1.9448246e+02 -6.4641991e+01      
1.9314320e+02 -7.2287326e+01      
1.9330768e+02 -7.5302171e+01      
1.9355996e+02 -7.8571083e+01      
1.9388186e+02 -8.2073678e+01      
1.9426656e+02 -8.5803339e+01      
1.9471852e+02 -8.9766603e+01      
1.9523129e+02 -9.3943742e+01      
1.9563677e+02 -9.7993159e+01      
1.9545926e+02 -1.0098376e+02      
1.9460880e+02 -1.0280699e+02      
1.9341569e+02 -1.0422197e+02      
1.9199413e+02 -1.0547014e+02      
1.9045230e+02 -1.0630087e+02      
1.8958320e+02 -1.0503448e+02      
1.8869711e+02 -1.0312989e+02      
1.8774856e+02 -1.0064091e+02      
1.8679731e+02 -9.7946973e+01      
1.8586714e+02 -9.5354614e+01      
1.8497341e+02 -9.3020488e+01      
1.8413851e+02 -9.1022442e+01      
1.8198821e+02 -9.7267206e+01      
1.8200797e+02 -1.0020085e+02      
1.8210509e+02 -1.0338880e+02      
1.8227169e+02 -1.0682211e+02      
1.8251124e+02 -1.1051519e+02      
1.8284989e+02 -1.1453150e+02      
1.8337370e+02 -1.1906135e+02      
1.8409063e+02 -1.2409231e+02      
1.8367381e+02 -1.2685894e+02      
1.8209638e+02 -1.2726726e+02      
1.8058834e+02 -1.2798580e+02      
1.7912168e+02 -1.2890372e+02      
1.7771965e+02 -1.2954045e+02      
1.7657319e+02 -1.2934431e+02      
1.7555794e+02 -1.2835110e+02      
1.7450612e+02 -1.2585302e+02      
1.7351505e+02 -1.2299639e+02      
1.7257192e+02 -1.2022518e+02      
1.7166533e+02 -1.1773317e+02      
1.7080167e+02 -1.1559292e+02      
1.6786932e+02 -1.2043768e+02      
1.6775750e+02 -1.2326525e+02      
1.6770688e+02 -1.2633264e+02      
1.6771361e+02 -1.2963167e+02      
1.6778226e+02 -1.3317609e+02      
1.6793587e+02 -1.3702842e+02      
1.6824496e+02 -1.4138516e+02      
1.6867857e+02 -1.4625911e+02      
1.6808850e+02 -1.4881664e+02      
1.6647048e+02 -1.4899154e+02      
1.6490914e+02 -1.4956946e+02      
1.6342384e+02 -1.5048209e+02      
1.6199370e+02 -1.5141423e+02      
1.6068677e+02 -1.5200600e+02      
1.5951465e+02 -1.5126499e+02      
1.5843601e+02 -1.4913309e+02      
1.5744799e+02 -1.4596259e+02      
1.5651834e+02 -1.4290201e+02      
1.5560490e+02 -1.4022782e+02      
1.5470882e+02 -1.3796357e+02      
1.5103119e+02 -1.4144890e+02      
1.5079719e+02 -1.4414546e+02      
1.5060425e+02 -1.4705368e+02      
1.5044789e+02 -1.5015627e+02      
1.5032526e+02 -1.5344412e+02      
1.5023391e+02 -1.5691617e+02      
1.5015582e+02 -1.6054745e+02      
1.4994194e+02 -1.6399716e+02      
1.4922362e+02 -1.6633994e+02      
1.4798960e+02 -1.6754658e+02      
1.4657776e+02 -1.6851343e+02      
1.4511278e+02 -1.6962359e+02      
1.4360089e+02 -1.7098911e+02      
1.4217374e+02 -1.7162577e+02      
1.4090595e+02 -1.7103753e+02      
1.3981399e+02 -1.6914312e+02      
1.3886685e+02 -1.6621627e+02      
1.3798973e+02 -1.6287437e+02      
1.3707059e+02 -1.6009972e+02      
1.3613889e+02 -1.5777814e+02      
1.3176197e+02 -1.5999325e+02      
1.3141456e+02 -1.6253901e+02      
1.3108702e+02 -1.6525992e+02      
1.3077290e+02 -1.6812654e+02      
1.3046196e+02 -1.7110474e+02      
1.3013438e+02 -1.7414228e+02      
1.2974453e+02 -1.7712866e+02      
1.2919517e+02 -1.7982591e+02      
1.2837209e+02 -1.8194824e+02      
1.2726592e+02 -1.8347519e+02      
1.2597171e+02 -1.8466260e+02      
1.2456784e+02 -1.8574482e+02      
1.2308267e+02 -1.8679798e+02      
1.2154186e+02 -1.8762322e+02      
1.2019817e+02 -1.8720498e+02      
1.1912485e+02 -1.8539970e+02      
1.1825132e+02 -1.8250025e+02      
1.1733599e+02 -1.7961632e+02      
1.1637976e+02 -1.7702199e+02      
1.1540582e+02 -1.7474531e+02      
1.1038761e+02 -1.7580793e+02      
1.0993639e+02 -1.7819087e+02      
1.0948568e+02 -1.8071039e+02      
1.0902822e+02 -1.8332807e+02      
1.0855119e+02 -1.8599586e+02      
1.0803234e+02 -1.8864613e+02      
1.0743442e+02 -1.9117679e+02      
1.0670526e+02 -1.9344922e+02      
1.0579940e+02 -1.9534016e+02      
1.0471131e+02 -1.9682558e+02      
1.0347582e+02 -1.9798165e+02      
1.0213610e+02 -1.9889563e+02      
1.0072353e+02 -1.9958905e+02      
9.9267368e+01 -1.9996378e+02      
9.7849374e+01 -1.9970903e+02      
9.6829879e+01 -1.9790834e+02      
9.5859550e+01 -1.9559297e+02      
9.4872931e+01 -1.9317109e+02      
9.3866891e+01 -1.9083283e+02      
9.2849482e+01 -1.8866104e+02      
8.7265403e+01 -1.8867604e+02      
8.6720958e+01 -1.9089169e+02      
8.6161189e+01 -1.9320766e+02      
8.5579741e+01 -1.9558139e+02      
8.4965257e+01 -1.9796125e+02      
8.4299915e+01 -2.0028231e+02      
8.3558940e+01 -2.0246395e+02      
8.2714386e+01 -2.0441773e+02      
8.1745644e+01 -2.0607173e+02      
8.0650724e+01 -2.0739666e+02      
7.9447072e+01 -2.0840337e+02      
7.8162245e+01 -2.0910874e+02      
7.6826725e+01 -2.0949614e+02      
7.5477150e+01 -2.0948796e+02      
7.4184858e+01 -2.0890038e+02      
7.3047601e+01 -2.0751823e+02      
7.1981377e+01 -2.0565245e+02      
7.0931459e+01 -2.0357728e+02      
6.9882683e+01 -2.0145670e+02      
6.8830762e+01 -1.9939277e+02      
