2.3823115e+01 2.2975343e+02      
2.3395118e+01 2.2784992e+02      
2.3293881e+01 2.2605879e+02      
2.3351958e+01 2.2438166e+02      
2.3370245e+01 2.2281298e+02      
2.3255754e+01 2.2140382e+02      
2.2980901e+01 2.2021975e+02      
2.2556075e+01 2.1931786e+02      
2.2004001e+01 2.1875595e+02      
2.1268273e+01 2.1859098e+02      
2.0256114e+01 2.1886398e+02      
1.9090277e+01 2.1957114e+02      
1.8098955e+01 2.2066888e+02      
1.7545545e+01 2.2210689e+02      
1.7558061e+01 2.2383846e+02      
1.8191727e+01 2.2581523e+02      
1.9470462e+01 2.2798386e+02      
2.1404282e+01 2.3028546e+02      
2.3996023e+01 2.3265631e+02      
2.7243519e+01 2.3502909e+02      
5.3643620e+01 2.1932712e+02      
5.3700517e+01 2.1735099e+02      
5.4210918e+01 2.1551331e+02      
5.4939873e+01 2.1378867e+02      
5.5338966e+01 2.1201007e+02      
5.5453723e+01 2.1034989e+02      
5.5255586e+01 2.0889649e+02      
5.4789171e+01 2.0770221e+02      
5.4228405e+01 2.0684246e+02      
5.3486260e+01 2.0640238e+02      
5.1966385e+01 2.0648662e+02      
4.9828904e+01 2.0708308e+02      
4.7970644e+01 2.0808202e+02      
4.6759311e+01 2.0941607e+02      
4.6248559e+01 2.1104268e+02      
4.6438815e+01 2.1291551e+02      
4.7321037e+01 2.1498033e+02      
4.8886015e+01 2.1717569e+02      
5.1125702e+01 2.1943437e+02      
5.4031986e+01 2.2168505e+02      
8.2126672e+01 2.0536475e+02      
8.2690990e+01 2.0327622e+02      
8.3907561e+01 2.0137703e+02      
8.5788342e+01 1.9976894e+02      
8.6622303e+01 1.9767954e+02      
8.7120249e+01 1.9577164e+02      
8.6959971e+01 1.9402258e+02      
8.6221574e+01 1.9246912e+02      
8.5583992e+01 1.9125982e+02      
8.5287465e+01 1.9045662e+02      
8.3120767e+01 1.9036388e+02      
7.9304927e+01 1.9094157e+02      
7.6409640e+01 1.9187682e+02      
7.4530190e+01 1.9312517e+02      
7.3508528e+01 1.9466709e+02      
7.3262519e+01 1.9646064e+02      
7.3743592e+01 1.9845057e+02      
7.4922797e+01 2.0057236e+02      
7.6782797e+01 2.0275463e+02      
7.9311763e+01 2.0492137e+02      
1.0875489e+02 1.8810027e+02      
1.0976016e+02 1.8582329e+02      
1.1141487e+02 1.8366892e+02      
1.1374274e+02 1.8169487e+02      
1.1639073e+02 1.7983956e+02      
1.1767715e+02 1.7780985e+02      
1.1757489e+02 1.7578007e+02      
1.1611488e+02 1.7380151e+02      
1.1490905e+02 1.7231128e+02      
1.1392807e+02 1.7121868e+02      
1.1093500e+02 1.7096317e+02      
1.0623875e+02 1.7148254e+02      
1.0266044e+02 1.7232276e+02      
1.0027840e+02 1.7348809e+02      
9.8839142e+01 1.7496419e+02      
9.8207203e+01 1.7670579e+02      
9.8307160e+01 1.7865413e+02      
9.9098248e+01 1.8074043e+02      
1.0056016e+02 1.8288802e+02      
1.0268250e+02 1.8501506e+02      
1.3309025e+02 1.6784384e+02      
1.3445733e+02 1.6531473e+02      
1.3639852e+02 1.6282776e+02      
1.3909261e+02 1.6046202e+02      
1.4251065e+02 1.5826777e+02      
1.4435462e+02 1.5596901e+02      
1.4453335e+02 1.5373893e+02      
1.4336058e+02 1.5176551e+02      
1.4144083e+02 1.5025041e+02      
1.3877316e+02 1.4926398e+02      
1.3479875e+02 1.4889143e+02      
1.2988529e+02 1.4903189e+02      
1.2613467e+02 1.4970844e+02      
1.2352038e+02 1.5079761e+02      
1.2181283e+02 1.5223136e+02      
1.2087651e+02 1.5395249e+02      
1.2063224e+02 1.5589740e+02      
1.2104123e+02 1.5799217e+02      
1.2209097e+02 1.6015331e+02      
1.2378082e+02 1.6229128e+02      
1.5480169e+02 1.4497204e+02      
1.5648005e+02 1.4215271e+02      
1.5852023e+02 1.3929946e+02      
1.6111891e+02 1.3647141e+02      
1.6443510e+02 1.3369260e+02      
1.6648172e+02 1.3094254e+02      
1.6680924e+02 1.2844448e+02      
1.6554639e+02 1.2638967e+02      
1.6295665e+02 1.2489115e+02      
1.5916183e+02 1.2397896e+02      
1.5433339e+02 1.2359493e+02      
1.4999419e+02 1.2371227e+02      
1.4651432e+02 1.2432881e+02      
1.4392091e+02 1.2538247e+02      
1.4210259e+02 1.2680655e+02      
1.4095342e+02 1.2854287e+02      
1.4040510e+02 1.3052750e+02      
1.4043548e+02 1.3268164e+02      
1.4105516e+02 1.3491224e+02      
1.4228501e+02 1.3711891e+02      
1.7370034e+02 1.1991036e+02      
1.7570764e+02 1.1677852e+02      
1.7764249e+02 1.1354364e+02      
1.7958587e+02 1.1025190e+02      
1.8169000e+02 1.0690649e+02      
1.8387519e+02 1.0356071e+02      
1.8413678e+02 1.0070051e+02      
1.8252309e+02 9.8493025e+01      
1.7930043e+02 9.6990771e+01      
1.7479809e+02 9.6151587e+01      
1.7052109e+02 9.5780296e+01      
1.6677384e+02 9.5920341e+01      
1.6368524e+02 9.6552882e+01      
1.6127781e+02 9.7619410e+01      
1.5948752e+02 9.9066620e+01      
1.5821347e+02 1.0085276e+02      
1.5738917e+02 1.0292467e+02      
1.5702562e+02 1.0519830e+02      
1.5718189e+02 1.0756449e+02      
1.5791658e+02 1.0990609e+02      
1.8949068e+02 9.3104545e+01      
1.9182844e+02 8.9642588e+01      
1.9353278e+02 8.6036254e+01      
1.9464161e+02 8.2334670e+01      
1.9522889e+02 7.8514372e+01      
1.9671152e+02 7.4582603e+01      
1.9654008e+02 7.1345342e+01      
1.9445045e+02 6.8958051e+01      
1.9077654e+02 6.7399666e+01      
1.8700203e+02 6.6353932e+01      
1.8343612e+02 6.5925560e+01      
1.8024921e+02 6.6116036e+01      
1.7757556e+02 6.6821562e+01      
1.7546553e+02 6.7937830e+01      
1.7384503e+02 6.9422170e+01      
1.7254239e+02 7.1278749e+01      
1.7143631e+02 7.3490826e+01      
1.7061640e+02 7.5960183e+01      
1.7024517e+02 7.8543405e+01      
1.7043706e+02 8.1096649e+01      
2.0013131e+02 6.4946545e+01      
2.0245319e+02 6.1169236e+01      
2.0385509e+02 5.7258120e+01      
2.0436480e+02 5.3260151e+01      
2.0411643e+02 4.9159950e+01      
2.0483447e+02 4.4768580e+01      
2.0408839e+02 4.1202272e+01      
2.0165313e+02 3.8539288e+01      
1.9889234e+02 3.6321321e+01      
1.9599889e+02 3.4870781e+01      
1.9307913e+02 3.4391310e+01      
1.9035004e+02 3.4756101e+01      
1.8807705e+02 3.5637894e+01      
1.8637532e+02 3.6825203e+01      
1.8514097e+02 3.8308129e+01      
1.8400714e+02 4.0204756e+01      
1.8249509e+02 4.2633828e+01      
1.8105483e+02 4.5409539e+01      
1.8004852e+02 4.8314609e+01      
1.7963938e+02 5.1168144e+01      
2.0539353e+02 3.6225342e+01      
2.0728762e+02 3.2227623e+01      
2.0834316e+02 2.8094916e+01      
2.0856310e+02 2.3870342e+01      
2.0802601e+02 1.9573274e+01      
2.0818397e+02 1.4885082e+01      
2.0701791e+02 1.1023899e+01      
2.0554046e+02 7.2754524e+00      
2.0396889e+02 3.8731172e+00      
2.0195489e+02 1.8052441e+00      
1.9949972e+02 1.4240569e+00      
1.9695585e+02 2.3660617e+00      
1.9500104e+02 3.6230848e+00      
1.9384316e+02 4.8550487e+00      
1.9330227e+02 6.1976681e+00      
1.9278226e+02 7.9958312e+00      
1.9049316e+02 1.0774683e+01      
1.8817850e+02 1.4017283e+01      
1.8639639e+02 1.7380654e+01      
1.8533547e+02 2.0632851e+01      
2.0549805e+02 7.6712084e+00      
2.0668833e+02 3.5978729e+00      
2.0738772e+02 -6.7321414e-01      
2.0756508e+02 -5.1038734e+00      
2.0737514e+02 -9.6950692e+00      
2.0712854e+02 -1.4446451e+01      
2.0656191e+02 -1.9162410e+01      
2.0607504e+02 -2.4189833e+01      
2.0597864e+02 -2.9553003e+01      
2.0476250e+02 -3.2392546e+01      
2.0257255e+02 -3.2471171e+01      
1.9970864e+02 -3.0139444e+01      
1.9800958e+02 -2.8372018e+01      
1.9754454e+02 -2.7252468e+01      
1.9787712e+02 -2.6277189e+01      
1.9716791e+02 -2.4440775e+01      
1.9499922e+02 -2.1539813e+01      
1.9171596e+02 -1.7682714e+01      
1.8906103e+02 -1.3705323e+01      
1.8734660e+02 -9.9586895e+00      
2.0232737e+02 -2.0670050e+01      
2.0292189e+02 -2.4789428e+01      
2.0328291e+02 -2.9161988e+01      
2.0336625e+02 -3.3749778e+01      
2.0323634e+02 -3.8533736e+01      
2.0299433e+02 -4.3505255e+01      
2.0273220e+02 -4.8719484e+01      
2.0271401e+02 -5.4485553e+01      
2.0307944e+02 -6.0769899e+01      
2.0230079e+02 -6.4045729e+01      
2.0044934e+02 -6.4012717e+01      
1.9791025e+02 -6.1156280e+01      
1.9659631e+02 -5.9233609e+01      
1.9685314e+02 -5.8504427e+01      
1.9706032e+02 -5.7646011e+01      
1.9630346e+02 -5.5920114e+01      
1.9425606e+02 -5.3014349e+01      
1.9112607e+02 -4.8970605e+01      
1.8771092e+02 -4.4283266e+01      
1.8551500e+02 -4.0019688e+01      
1.9604565e+02 -4.8378867e+01      
1.9620617e+02 -5.2536063e+01      
1.9626416e+02 -5.6979085e+01      
1.9618135e+02 -6.1669718e+01      
1.9597948e+02 -6.6577676e+01      
1.9571872e+02 -7.1685258e+01      
1.9549225e+02 -7.7020739e+01      
1.9545779e+02 -8.2757424e+01      
1.9564646e+02 -8.8827004e+01      
1.9497202e+02 -9.2015242e+01      
1.9348894e+02 -9.2156531e+01      
1.9151836e+02 -8.9658171e+01      
1.9038774e+02 -8.7926153e+01      
1.9024768e+02 -8.7093511e+01      
1.9068801e+02 -8.6746346e+01      
1.9009513e+02 -8.5415783e+01      
1.8814207e+02 -8.2663059e+01      
1.8500862e+02 -7.8474663e+01      
1.8203151e+02 -7.3649461e+01      
1.7980830e+02 -6.8978343e+01      
1.8667642e+02 -7.4993745e+01      
1.8650537e+02 -7.9169310e+01      
1.8629698e+02 -8.3650691e+01      
1.8602314e+02 -8.8400359e+01      
1.8568992e+02 -9.3377025e+01      
1.8532966e+02 -9.8526314e+01      
1.8498888e+02 -1.0376393e+02      
1.8469894e+02 -1.0891944e+02      
1.8434319e+02 -1.1340276e+02      
1.8358405e+02 -1.1600758e+02      
1.8240457e+02 -1.1649727e+02      
1.8107841e+02 -1.1549715e+02      
1.8008799e+02 -1.1432591e+02      
1.7959559e+02 -1.1349807e+02      
1.7943705e+02 -1.1296770e+02      
1.7909957e+02 -1.1227913e+02      
1.7727827e+02 -1.0987922e+02      
1.7526154e+02 -1.0690402e+02      
1.7254139e+02 -1.0148293e+02      
1.7041972e+02 -9.6313221e+01      
1.7433963e+02 -1.0008145e+02      
1.7390209e+02 -1.0424749e+02      
1.7345903e+02 -1.0873319e+02      
1.7299083e+02 -1.1350649e+02      
1.7249738e+02 -1.1852515e+02      
1.7199379e+02 -1.2371299e+02      
1.7149789e+02 -1.2890926e+02      
1.7100040e+02 -1.3377599e+02      
1.7039637e+02 -1.3761919e+02      
1.6951167e+02 -1.3958306e+02      
1.6843811e+02 -1.3997205e+02      
1.6734522e+02 -1.3940306e+02      
1.6640675e+02 -1.3852136e+02      
1.6569291e+02 -1.3773588e+02      
1.6511751e+02 -1.3714088e+02      
1.6441122e+02 -1.3648593e+02      
1.6323693e+02 -1.3517896e+02      
1.6178454e+02 -1.3272059e+02      
1.5953364e+02 -1.2703003e+02      
1.5764281e+02 -1.2148851e+02      
1.5922009e+02 -1.2323934e+02      
1.5856099e+02 -1.2736049e+02      
1.5791026e+02 -1.3181038e+02      
1.5725448e+02 -1.3657047e+02      
1.5659168e+02 -1.4161984e+02      
1.5593047e+02 -1.4690966e+02      
1.5528655e+02 -1.5229563e+02      
1.5466793e+02 -1.5740773e+02      
1.5401647e+02 -1.6144216e+02      
1.5294327e+02 -1.6249441e+02      
1.5184046e+02 -1.6222263e+02      
1.5079291e+02 -1.6136278e+02      
1.4984616e+02 -1.6038073e+02      
1.4901223e+02 -1.5956405e+02      
1.4824599e+02 -1.5908331e+02      
1.4745884e+02 -1.5891803e+02      
1.4658305e+02 -1.5855862e+02      
1.4525107e+02 -1.5563489e+02      
1.4343841e+02 -1.4983175e+02      
1.4183361e+02 -1.4402172e+02      
1.4155586e+02 -1.4410187e+02      
1.4070911e+02 -1.4813494e+02      
1.3987473e+02 -1.5249663e+02      
1.3904351e+02 -1.5718588e+02      
1.3821270e+02 -1.6222338e+02      
1.3738750e+02 -1.6765868e+02      
1.3658739e+02 -1.7345067e+02      
1.3584072e+02 -1.7911723e+02      
1.3496419e+02 -1.8269183e+02      
1.3391607e+02 -1.8368020e+02      
1.3278684e+02 -1.8242871e+02      
1.3175353e+02 -1.8086958e+02      
1.3079585e+02 -1.7952261e+02      
1.2990182e+02 -1.7852653e+02      
1.2905766e+02 -1.7806016e+02      
1.2824188e+02 -1.7837370e+02      
1.2729319e+02 -1.7729842e+02      
1.2610985e+02 -1.7430217e+02      
1.2473621e+02 -1.6941695e+02      
1.2338470e+02 -1.6335026e+02      
1.2163023e+02 -1.6234855e+02      
1.2062357e+02 -1.6624417e+02      
1.1962818e+02 -1.7045139e+02      
1.1863757e+02 -1.7497745e+02      
1.1764732e+02 -1.7986964e+02      
1.1665519e+02 -1.8529410e+02      
1.1565823e+02 -1.9147081e+02      
1.1462454e+02 -1.9669727e+02      
1.1357522e+02 -1.9993017e+02      
1.1253893e+02 -2.0078415e+02      
1.1153508e+02 -1.9954588e+02      
1.1056526e+02 -1.9720541e+02      
1.0961402e+02 -1.9549469e+02      
1.0869135e+02 -1.9421605e+02      
1.0779463e+02 -1.9323498e+02      
1.0689667e+02 -1.9228933e+02      
1.0593342e+02 -1.9053842e+02      
1.0487592e+02 -1.8761013e+02      
1.0376014e+02 -1.8355574e+02      
1.0268589e+02 -1.7884719e+02      
9.9764526e+01 -1.7771159e+02      
9.8622112e+01 -1.8141987e+02      
9.7488039e+01 -1.8540203e+02      
9.6358007e+01 -1.8965515e+02      
9.5226391e+01 -1.9419991e+02      
9.4082637e+01 -1.9909208e+02      
9.2896142e+01 -2.0431150e+02      
9.1616580e+01 -2.0941850e+02      
9.0423010e+01 -2.1247447e+02      
8.9415275e+01 -2.1302993e+02      
8.8543497e+01 -2.1145099e+02      
8.7614596e+01 -2.0963935e+02      
8.6669420e+01 -2.0800870e+02      
8.5736030e+01 -2.0654462e+02      
8.4818389e+01 -2.0511108e+02      
8.3903872e+01 -2.0348002e+02      
8.2972731e+01 -2.0133429e+02      
8.2020297e+01 -1.9848287e+02      
8.1072489e+01 -1.9497055e+02      
8.0183048e+01 -1.9107061e+02      
7.6311144e+01 -1.8998079e+02      
7.5054784e+01 -1.9345926e+02      
7.3804136e+01 -1.9715818e+02      
7.2557674e+01 -2.0105364e+02      
7.1311430e+01 -2.0512046e+02      
7.0056457e+01 -2.0931400e+02      
6.8774362e+01 -2.1351807e+02      
6.7443945e+01 -2.1743724e+02      
6.6106470e+01 -2.2039330e+02      
6.5163627e+01 -2.2057269e+02      
6.4237346e+01 -2.1972396e+02      
6.3289543e+01 -2.1847416e+02      
6.2340763e+01 -2.1706978e+02      
6.1408303e+01 -2.1556620e+02      
6.0497544e+01 -2.1391557e+02      
5.9605694e+01 -2.1200367e+02      
5.8728597e+01 -2.0969671e+02      
5.7870031e+01 -2.0692159e+02      
5.7047837e+01 -2.0372157e+02      
5.6291818e+01 -2.0025292e+02      
