1.0139940e+01 2.5618104e+02      
7.4174308e+00 2.5396728e+02      
5.2789001e+00 2.5166453e+02      
3.7406196e+00 2.4932609e+02      
2.8141702e+00 2.4700525e+02      
2.5055170e+00 2.4475490e+02      
2.8134978e+00 2.4262751e+02      
3.7276214e+00 2.4067528e+02      
5.2253379e+00 2.3894997e+02      
7.2696060e+00 2.3750171e+02      
9.8078810e+00 2.3637578e+02      
1.2769632e+01 2.3560899e+02      
1.6053004e+01 2.3523075e+02      
1.9509418e+01 2.3526800e+02      
2.2973088e+01 2.3573836e+02      
2.6338714e+01 2.3662790e+02      
2.9615134e+01 2.3787412e+02      
3.2926750e+01 2.3936648e+02      
3.6459283e+01 2.4096744e+02      
4.0373898e+01 2.4254415e+02      
3.7068907e+01 2.4580206e+02      
3.4413835e+01 2.4342858e+02      
3.2349106e+01 2.4094031e+02      
3.0893192e+01 2.3839339e+02      
3.0060823e+01 2.3584359e+02      
2.9862208e+01 2.3334611e+02      
3.0301396e+01 2.3095595e+02      
3.1373376e+01 2.2872893e+02      
3.3059602e+01 2.2672299e+02      
3.5322918e+01 2.2499837e+02      
3.8108244e+01 2.2361250e+02      
4.1353279e+01 2.2260736e+02      
4.4964769e+01 2.2201038e+02      
4.8720241e+01 2.2186698e+02      
5.2287151e+01 2.2224084e+02      
5.5458018e+01 2.2314727e+02      
5.8242871e+01 2.2451709e+02      
6.0876358e+01 2.2619253e+02      
6.3731434e+01 2.2796345e+02      
6.7069484e+01 2.2965212e+02      
6.2845001e+01 2.3171164e+02      
6.0277397e+01 2.2916011e+02      
5.8300624e+01 2.2646949e+02      
5.6935257e+01 2.2369862e+02      
5.6199667e+01 2.2090516e+02      
5.6109718e+01 2.1814533e+02      
5.6677427e+01 2.1547470e+02      
5.7907843e+01 2.1295039e+02      
5.9792680e+01 2.1063482e+02      
6.2297120e+01 2.0860113e+02      
6.5346731e+01 2.0693415e+02      
6.8895164e+01 2.0568679e+02      
7.2989871e+01 2.0483860e+02      
7.7384615e+01 2.0443501e+02      
8.1208049e+01 2.0468762e+02      
8.4125419e+01 2.0566476e+02      
8.6139752e+01 2.0729677e+02      
8.7610795e+01 2.0936069e+02      
8.9486648e+01 2.1145154e+02      
9.2113303e+01 2.1334208e+02      
8.7061850e+01 2.1415967e+02      
8.4599352e+01 2.1141132e+02      
8.2721286e+01 2.0850201e+02      
8.1449670e+01 2.0549337e+02      
8.0806447e+01 2.0244441e+02      
8.0814117e+01 1.9941075e+02      
8.1495375e+01 1.9644550e+02      
8.2871050e+01 1.9360239e+02      
8.4955335e+01 1.9094197e+02      
8.7742141e+01 1.8854156e+02      
9.1091271e+01 1.8654722e+02      
9.4773675e+01 1.8512862e+02      
9.9339033e+01 1.8404668e+02      
1.0498176e+02 1.8321340e+02      
1.0915201e+02 1.8331854e+02      
1.1176343e+02 1.8442575e+02      
1.1280000e+02 1.8647315e+02      
1.1233573e+02 1.8925912e+02      
1.1304833e+02 1.9181468e+02      
1.1494589e+02 1.9396995e+02      
1.0934365e+02 1.9344878e+02      
1.0700219e+02 1.9048422e+02      
1.0523073e+02 1.8734038e+02      
1.0405118e+02 1.8408250e+02      
1.0348800e+02 1.8077082e+02      
1.0357021e+02 1.7745880e+02      
1.0433273e+02 1.7419318e+02      
1.0581638e+02 1.7101723e+02      
1.0806568e+02 1.6798022e+02      
1.1114327e+02 1.6514508e+02      
1.1496646e+02 1.6268056e+02      
1.1821359e+02 1.6135543e+02      
1.2264470e+02 1.6023483e+02      
1.2835595e+02 1.5916426e+02      
1.3243222e+02 1.5926240e+02      
1.3467240e+02 1.6059162e+02      
1.3504453e+02 1.6308909e+02      
1.3371165e+02 1.6654227e+02      
1.3368376e+02 1.6954678e+02      
1.3503148e+02 1.7195975e+02      
1.2935148e+02 1.6992899e+02      
1.2714674e+02 1.6672734e+02      
1.2548839e+02 1.6333310e+02      
1.2439549e+02 1.5981700e+02      
1.2389254e+02 1.5624155e+02      
1.2401323e+02 1.5265733e+02      
1.2480387e+02 1.4910118e+02      
1.2632699e+02 1.4559662e+02      
1.2866181e+02 1.4216070e+02      
1.3183283e+02 1.3888740e+02      
1.3551001e+02 1.3616285e+02      
1.3842275e+02 1.3493566e+02      
1.4221845e+02 1.3405896e+02      
1.4718192e+02 1.3312159e+02      
1.5068698e+02 1.3346546e+02      
1.5250440e+02 1.3510205e+02      
1.5259068e+02 1.3796622e+02      
1.5111978e+02 1.4188304e+02      
1.5087390e+02 1.4518015e+02      
1.5195174e+02 1.4776722e+02      
1.4678871e+02 1.4399193e+02      
1.4473860e+02 1.4052897e+02      
1.4320126e+02 1.3686652e+02      
1.4218846e+02 1.3308473e+02      
1.4172061e+02 1.2925129e+02      
1.4183228e+02 1.2541475e+02      
1.4257690e+02 1.2160120e+02      
1.4403304e+02 1.1781186e+02      
1.4632948e+02 1.1400231e+02      
1.4953346e+02 1.1020272e+02      
1.5255074e+02 1.0758283e+02      
1.5518264e+02 1.0633850e+02      
1.5784422e+02 1.0615819e+02      
1.6141922e+02 1.0595920e+02      
1.6397008e+02 1.0690965e+02      
1.6532749e+02 1.0892115e+02      
1.6543870e+02 1.1194369e+02      
1.6440941e+02 1.1589711e+02      
1.6438951e+02 1.1920491e+02      
1.6545695e+02 1.2183613e+02      
1.6140508e+02 1.1606486e+02      
1.5953368e+02 1.1230957e+02      
1.5813094e+02 1.0835537e+02      
1.5719478e+02 1.0429899e+02      
1.5673569e+02 1.0021910e+02      
1.5678413e+02 9.6164753e+01      
1.5739488e+02 9.2151218e+01      
1.5864833e+02 8.8166004e+01      
1.6063176e+02 8.4194353e+01      
1.6325516e+02 8.0428387e+01      
1.6559585e+02 7.8033818e+01      
1.6764812e+02 7.6973704e+01      
1.6951230e+02 7.7125243e+01      
1.7113849e+02 7.8439554e+01      
1.7251370e+02 8.0323973e+01      
1.7339227e+02 8.2739545e+01      
1.7372261e+02 8.5677058e+01      
1.7376118e+02 8.8949455e+01      
1.7424480e+02 9.1992212e+01      
1.7545450e+02 9.4568194e+01      
1.7299885e+02 8.6605649e+01      
1.7134238e+02 8.2514181e+01      
1.7010017e+02 7.8231887e+01      
1.6924623e+02 7.3884467e+01      
1.6877349e+02 6.9572649e+01      
1.6870338e+02 6.5351140e+01      
1.6909098e+02 6.1212221e+01      
1.7000859e+02 5.7150783e+01      
1.7149175e+02 5.3264282e+01      
1.7309082e+02 5.0311194e+01      
1.7461938e+02 4.8435209e+01      
1.7599042e+02 4.7694471e+01      
1.7713408e+02 4.8108709e+01      
1.7794107e+02 4.9706422e+01      
1.7838100e+02 5.2372583e+01      
1.7884053e+02 5.5091493e+01      
1.7925884e+02 5.7971203e+01      
1.7975672e+02 6.0952536e+01      
1.8059499e+02 6.3806479e+01      
1.8195409e+02 6.6332181e+01      
1.8141560e+02 5.6100165e+01      
1.8003261e+02 5.1605636e+01      
1.7899926e+02 4.6933664e+01      
1.7824949e+02 4.2259965e+01      
1.7775012e+02 3.7726339e+01      
1.7750750e+02 3.3413033e+01      
1.7757545e+02 2.9288997e+01      
1.7801771e+02 2.5306398e+01      
1.7848352e+02 2.2673882e+01      
1.7915121e+02 2.0604365e+01      
1.7990423e+02 1.9300602e+01      
1.8063818e+02 1.8902981e+01      
1.8118671e+02 1.9514241e+01      
1.8134866e+02 2.1196160e+01      
1.8138481e+02 2.3632131e+01      
1.8155241e+02 2.6351969e+01      
1.8191790e+02 2.9214872e+01      
1.8254951e+02 3.2133611e+01      
1.8355042e+02 3.4954256e+01      
1.8499986e+02 3.7506410e+01      
1.8654035e+02 2.5066192e+01      
1.8553264e+02 2.0059215e+01      
1.8479481e+02 1.4889968e+01      
1.8419459e+02 9.8183891e+00      
1.8367058e+02 5.0489468e+00      
1.8321166e+02 7.1897317e-01      
1.8283764e+02 -3.0965368e+00      
1.8254814e+02 -6.2526444e+00      
1.8228736e+02 -8.4463538e+00      
1.8215371e+02 -9.8988551e+00      
1.8220949e+02 -1.0712209e+01      
1.8241805e+02 -1.0838015e+01      
1.8253989e+02 -1.0088858e+01      
1.8183330e+02 -8.1061908e+00      
1.8134445e+02 -5.6569008e+00      
1.8120959e+02 -2.9547356e+00      
1.8144635e+02 -7.2597130e-02      
1.8208548e+02 2.9031157e+00      
1.8314989e+02 5.8236055e+00      
1.8464286e+02 8.5048267e+00      
1.8826627e+02 -5.9212604e+00      
1.8784602e+02 -1.1647015e+01      
1.8754821e+02 -1.7496909e+01      
1.8716380e+02 -2.3091752e+01      
1.8663182e+02 -2.8159237e+01      
1.8593974e+02 -3.2503437e+01      
1.8509718e+02 -3.5991608e+01      
1.8412115e+02 -3.8524921e+01      
1.8306369e+02 -4.0088647e+01      
1.8208217e+02 -4.0874995e+01      
1.8143844e+02 -4.1203003e+01      
1.8117676e+02 -4.1127301e+01      
1.8045064e+02 -3.9960312e+01      
1.7907673e+02 -3.7645972e+01      
1.7809655e+02 -3.5097232e+01      
1.7763577e+02 -3.2397664e+01      
1.7770672e+02 -2.9465264e+01      
1.7831785e+02 -2.6324940e+01      
1.7942656e+02 -2.3155588e+01      
1.8095525e+02 -2.0220830e+01      
1.8632460e+02 -3.6091059e+01      
1.8677368e+02 -4.2792162e+01      
1.8705039e+02 -4.9542923e+01      
1.8695027e+02 -5.5831739e+01      
1.8643445e+02 -6.1298259e+01      
1.8551438e+02 -6.5703942e+01      
1.8420939e+02 -6.8904421e+01      
1.8253256e+02 -7.0826525e+01      
1.8056070e+02 -7.1536462e+01      
1.7856906e+02 -7.1396848e+01      
1.7715629e+02 -7.1167699e+01      
1.7607976e+02 -7.0644695e+01      
1.7473188e+02 -6.9191334e+01      
1.7291813e+02 -6.6662501e+01      
1.7153738e+02 -6.4126197e+01      
1.7072188e+02 -6.1585294e+01      
1.7061214e+02 -5.8627764e+01      
1.7122936e+02 -5.5187196e+01      
1.7245602e+02 -5.1517913e+01      
1.7405793e+02 -4.8172777e+01      
1.8028963e+02 -6.4482339e+01      
1.8048764e+02 -7.1237133e+01      
1.8127599e+02 -7.8895169e+01      
1.8151348e+02 -8.5994864e+01      
1.8106155e+02 -9.1920819e+01      
1.7995695e+02 -9.6388814e+01      
1.7825009e+02 -9.9283494e+01      
1.7592805e+02 -1.0054961e+02      
1.7300086e+02 -1.0023937e+02      
1.7044979e+02 -9.9510922e+01      
1.6851946e+02 -9.8931975e+01      
1.6709432e+02 -9.8440818e+01      
1.6545215e+02 -9.7004036e+01      
1.6343994e+02 -9.4442882e+01      
1.6176477e+02 -9.2050400e+01      
1.6049620e+02 -9.0011510e+01      
1.6021460e+02 -8.7052799e+01      
1.6090935e+02 -8.3194694e+01      
1.6243352e+02 -7.8630136e+01      
1.6415034e+02 -7.4783220e+01      
1.7055411e+02 -9.0759190e+01      
1.7036967e+02 -9.7289558e+01      
1.7069796e+02 -1.0475755e+02      
1.7121944e+02 -1.1273932e+02      
1.7081056e+02 -1.1911362e+02      
1.6954833e+02 -1.2361065e+02      
1.6752415e+02 -1.2614550e+02      
1.6478497e+02 -1.2682285e+02      
1.6155607e+02 -1.2620767e+02      
1.5878398e+02 -1.2553258e+02      
1.5647787e+02 -1.2473501e+02      
1.5458947e+02 -1.2401297e+02      
1.5287470e+02 -1.2283406e+02      
1.5089636e+02 -1.2038855e+02      
1.4914688e+02 -1.1798768e+02      
1.4766747e+02 -1.1584871e+02      
1.4730666e+02 -1.1267381e+02      
1.4805757e+02 -1.0850455e+02      
1.4975339e+02 -1.0357962e+02      
1.5150980e+02 -9.9458380e+01      
1.5754829e+02 -1.1465884e+02      
1.5699066e+02 -1.2080573e+02      
1.5684560e+02 -1.2786992e+02      
1.5701492e+02 -1.3580237e+02      
1.5646585e+02 -1.4239386e+02      
1.5506193e+02 -1.4690121e+02      
1.5281402e+02 -1.4902284e+02      
1.4976030e+02 -1.4887700e+02      
1.4673181e+02 -1.4881816e+02      
1.4396645e+02 -1.4857104e+02      
1.4150396e+02 -1.4821385e+02      
1.3932329e+02 -1.4776285e+02      
1.3738947e+02 -1.4643036e+02      
1.3562211e+02 -1.4426186e+02      
1.3407369e+02 -1.4156542e+02      
1.3274763e+02 -1.3866862e+02      
1.3246702e+02 -1.3498073e+02      
1.3319013e+02 -1.3064888e+02      
1.3480456e+02 -1.2581449e+02      
1.3643135e+02 -1.2172822e+02      
1.4164057e+02 -1.3592477e+02      
1.4073075e+02 -1.4153663e+02      
1.4006759e+02 -1.4781495e+02      
1.3952406e+02 -1.5461978e+02      
1.3879615e+02 -1.6139518e+02      
1.3729205e+02 -1.6597764e+02      
1.3499971e+02 -1.6784612e+02      
1.3207154e+02 -1.6766718e+02      
1.2919330e+02 -1.6796594e+02      
1.2650461e+02 -1.6807376e+02      
1.2398010e+02 -1.6815562e+02      
1.2158534e+02 -1.6877181e+02      
1.1957303e+02 -1.6801583e+02      
1.1797413e+02 -1.6593356e+02      
1.1681840e+02 -1.6263149e+02      
1.1619491e+02 -1.5810011e+02      
1.1614612e+02 -1.5372683e+02      
1.1673005e+02 -1.4939390e+02      
1.1783901e+02 -1.4512598e+02      
1.1916560e+02 -1.4130766e+02      
1.2321256e+02 -1.5436747e+02      
1.2199371e+02 -1.5936125e+02      
1.2090017e+02 -1.6479063e+02      
1.1983038e+02 -1.7050183e+02      
1.1861616e+02 -1.7618083e+02      
1.1702307e+02 -1.8094310e+02      
1.1475515e+02 -1.8229780e+02      
1.1216786e+02 -1.8285338e+02      
1.0949825e+02 -1.8350988e+02      
1.0695085e+02 -1.8377254e+02      
1.0441410e+02 -1.8439537e+02      
1.0189100e+02 -1.8553562e+02      
9.9883235e+01 -1.8511073e+02      
9.8439149e+01 -1.8308318e+02      
9.7603124e+01 -1.7950143e+02      
9.7435359e+01 -1.7442495e+02      
9.7568204e+01 -1.6978432e+02      
9.8049137e+01 -1.6554699e+02      
9.8867743e+01 -1.6160397e+02      
9.9923167e+01 -1.5804198e+02      
1.0265934e+02 -1.6985163e+02      
1.0119606e+02 -1.7422257e+02      
9.9789596e+01 -1.7886526e+02      
9.8365069e+01 -1.8362735e+02      
9.6820128e+01 -1.8834323e+02      
9.5035993e+01 -1.9258166e+02      
9.2898291e+01 -1.9392231e+02      
9.0549366e+01 -1.9478724e+02      
8.8120771e+01 -1.9551313e+02      
8.5705338e+01 -1.9606727e+02      
8.3276950e+01 -1.9678058e+02      
8.0822941e+01 -1.9777634e+02      
7.8926552e+01 -1.9730366e+02      
7.7614016e+01 -1.9534877e+02      
7.6924201e+01 -1.9195446e+02      
7.6910400e+01 -1.8720226e+02      
7.7073580e+01 -1.8282110e+02      
7.7464097e+01 -1.7882890e+02      
7.8106407e+01 -1.7514389e+02      
7.8959585e+01 -1.7179641e+02      
8.0380494e+01 -1.8227067e+02      
7.8738144e+01 -1.8605323e+02      
7.7116020e+01 -1.8998881e+02      
7.5465086e+01 -1.9392482e+02      
7.3724693e+01 -1.9765426e+02      
7.1835602e+01 -2.0074245e+02      
6.9771639e+01 -2.0259622e+02      
6.7581632e+01 -2.0374931e+02      
6.5340214e+01 -2.0454671e+02      
6.3109564e+01 -2.0509772e+02      
6.0929974e+01 -2.0548866e+02      
5.8893354e+01 -2.0557572e+02      
5.7223908e+01 -2.0478662e+02      
5.6020143e+01 -2.0292740e+02      
5.5313337e+01 -2.0003911e+02      
5.5066616e+01 -1.9639064e+02      
5.5111706e+01 -1.9262235e+02      
5.5394380e+01 -1.8899769e+02      
5.5899784e+01 -1.8558460e+02      
5.6595884e+01 -1.8243962e+02      
