1.7661964e+01 2.5792451e+02      
1.4895013e+01 2.5622532e+02      
1.2575308e+01 2.5443047e+02      
1.0704289e+01 2.5258398e+02      
9.2910311e+00 2.5072790e+02      
8.3525311e+00 2.4890109e+02      
7.9095591e+00 2.4713800e+02      
7.9804973e+00 2.4546789e+02      
8.5757097e+00 2.4391468e+02      
9.6935038e+00 2.4249738e+02      
1.1317866e+01 2.4123083e+02      
1.3418382e+01 2.4012649e+02      
1.5953023e+01 2.3919271e+02      
1.8873660e+01 2.3843456e+02      
2.2132281e+01 2.3785309e+02      
2.5684794e+01 2.3744450e+02      
2.9490964e+01 2.3719929e+02      
3.3512972e+01 2.3710129e+02      
3.7718279e+01 2.3712615e+02      
4.2089539e+01 2.3723930e+02      
4.4885939e+01 2.4794763e+02      
4.2246517e+01 2.4612083e+02      
4.0037400e+01 2.4418003e+02      
3.8250273e+01 2.4217338e+02      
3.6893525e+01 2.4014712e+02      
3.5993159e+01 2.3814388e+02      
3.5583745e+01 2.3620078e+02      
3.5696784e+01 2.3434818e+02      
3.6352125e+01 2.3260966e+02      
3.7552670e+01 2.3100312e+02      
3.9280879e+01 2.2954236e+02      
4.1497538e+01 2.2823861e+02      
4.4145304e+01 2.2710133e+02      
4.7158546e+01 2.2613784e+02      
5.0475700e+01 2.2535206e+02      
5.4046087e+01 2.2474313e+02      
5.7825841e+01 2.2430458e+02      
6.1767103e+01 2.2402389e+02      
6.5816655e+01 2.2388039e+02      
6.9939018e+01 2.2384053e+02      
7.0956183e+01 2.3421764e+02      
6.8502752e+01 2.3224308e+02      
6.6449419e+01 2.3013876e+02      
6.4766203e+01 2.2795724e+02      
6.3459683e+01 2.2574993e+02      
6.2575074e+01 2.2356467e+02      
6.2172867e+01 2.2144198e+02      
6.2305601e+01 2.1941279e+02      
6.3007239e+01 2.1749886e+02      
6.4288772e+01 2.1571496e+02      
6.6133167e+01 2.1407200e+02      
6.8489899e+01 2.1257994e+02      
7.1276760e+01 2.1124957e+02      
7.4397731e+01 2.1009180e+02      
7.7770814e+01 2.0911486e+02      
8.1344149e+01 2.0832160e+02      
8.5084663e+01 2.0770888e+02      
8.8940293e+01 2.0726965e+02      
9.2812271e+01 2.0699258e+02      
9.6607369e+01 2.0685135e+02      
9.5464116e+01 2.1697119e+02      
9.3279559e+01 2.1482695e+02      
9.1449855e+01 2.1253994e+02      
8.9890940e+01 2.1016629e+02      
8.8605263e+01 2.0776434e+02      
8.7685861e+01 2.0539075e+02      
8.7243353e+01 2.0309123e+02      
8.7359296e+01 2.0089623e+02      
8.8084335e+01 1.9882289e+02      
8.9442475e+01 1.9687947e+02      
9.1424260e+01 1.9507062e+02      
9.3968948e+01 1.9340294e+02      
9.6952076e+01 1.9188909e+02      
1.0021639e+02 1.9054656e+02      
1.0364202e+02 1.8939097e+02      
1.0718776e+02 1.8842948e+02      
1.1087457e+02 1.8765959e+02      
1.1469068e+02 1.8707816e+02      
1.1844139e+02 1.8669468e+02      
1.2183232e+02 1.8651111e+02      
1.1801152e+02 1.9649709e+02      
1.1622858e+02 1.9416028e+02      
1.1475341e+02 1.9167166e+02      
1.1334165e+02 1.8908449e+02      
1.1198749e+02 1.8646729e+02      
1.1092996e+02 1.8389661e+02      
1.1037398e+02 1.8142668e+02      
1.1042182e+02 1.7908418e+02      
1.1113372e+02 1.7687682e+02      
1.1255318e+02 1.7480091e+02      
1.1469818e+02 1.7284898e+02      
1.1751945e+02 1.7101926e+02      
1.2082350e+02 1.6932698e+02      
1.2430606e+02 1.6780415e+02      
1.2776909e+02 1.6648063e+02      
1.3119564e+02 1.6537004e+02      
1.3474940e+02 1.6446171e+02      
1.3865730e+02 1.6373595e+02      
1.4263218e+02 1.6323545e+02      
1.4555308e+02 1.6307501e+02      
1.3817634e+02 1.7312914e+02      
1.3701059e+02 1.7057619e+02      
1.3623739e+02 1.6787906e+02      
1.3500152e+02 1.6504921e+02      
1.3328472e+02 1.6217378e+02      
1.3190340e+02 1.5939308e+02      
1.3115396e+02 1.5676680e+02      
1.3107622e+02 1.5430729e+02      
1.3171885e+02 1.5200564e+02      
1.3315318e+02 1.4983903e+02      
1.3546108e+02 1.4777876e+02      
1.3870084e+02 1.4580155e+02      
1.4264013e+02 1.4392074e+02      
1.4648327e+02 1.4221010e+02      
1.4994646e+02 1.4072430e+02      
1.5303384e+02 1.3949320e+02      
1.5607646e+02 1.3849405e+02      
1.6006796e+02 1.3761340e+02      
1.6511627e+02 1.3689204e+02      
1.6753396e+02 1.3682451e+02      
1.5544969e+02 1.4723862e+02      
1.5502094e+02 1.4441951e+02      
1.5563602e+02 1.4151383e+02      
1.5461653e+02 1.3839748e+02      
1.5193575e+02 1.3519934e+02      
1.5014744e+02 1.3221337e+02      
1.4919782e+02 1.2946135e+02      
1.4894603e+02 1.2693374e+02      
1.4943605e+02 1.2459820e+02      
1.5077826e+02 1.2240531e+02      
1.5313250e+02 1.2029639e+02      
1.5678615e+02 1.1820355e+02      
1.6189201e+02 1.1609992e+02      
1.6613262e+02 1.1419418e+02      
1.6953703e+02 1.1254772e+02      
1.7210209e+02 1.1122026e+02      
1.7383520e+02 1.1024648e+02      
1.7734770e+02 1.0925358e+02      
1.8227393e+02 1.0830030e+02      
1.8419448e+02 1.0842048e+02      
1.6931135e+02 1.1924563e+02      
1.6914254e+02 1.1605001e+02      
1.7003274e+02 1.1267371e+02      
1.6931717e+02 1.0922029e+02      
1.6691686e+02 1.0585743e+02      
1.6525532e+02 1.0271186e+02      
1.6421564e+02 9.9882790e+01      
1.6373228e+02 9.7361270e+01      
1.6394954e+02 9.5079547e+01      
1.6502900e+02 9.2953345e+01      
1.6714675e+02 9.0895921e+01      
1.7058557e+02 8.8801854e+01      
1.7547861e+02 8.6570683e+01      
1.7955131e+02 8.4579075e+01      
1.8281431e+02 8.2817556e+01      
1.8524204e+02 8.1349184e+01      
1.8676712e+02 8.0326271e+01      
1.8975638e+02 7.9293831e+01      
1.9382872e+02 7.8372268e+01      
1.9530092e+02 7.8794982e+01      
1.7951690e+02 8.9635432e+01      
1.7913488e+02 8.6013278e+01      
1.7924235e+02 8.2188072e+01      
1.7896085e+02 7.8319572e+01      
1.7814182e+02 7.4606457e+01      
1.7724610e+02 7.1251491e+01      
1.7610758e+02 6.8411478e+01      
1.7523293e+02 6.6010006e+01      
1.7501459e+02 6.3904528e+01      
1.7565115e+02 6.1963270e+01      
1.7725741e+02 6.0083604e+01      
1.7987964e+02 5.8187048e+01      
1.8326790e+02 5.6252091e+01      
1.8663247e+02 5.4370369e+01      
1.8969075e+02 5.2545793e+01      
1.9243008e+02 5.0769521e+01      
1.9497769e+02 4.9171095e+01      
1.9765361e+02 4.8095425e+01      
2.0008725e+02 4.7823451e+01      
2.0112346e+02 4.8721883e+01      
1.8609272e+02 5.8929954e+01      
1.8559022e+02 5.4829384e+01      
1.8560958e+02 5.0474574e+01      
1.8590843e+02 4.6050283e+01      
1.8631191e+02 4.1827025e+01      
1.8649081e+02 3.8158060e+01      
1.8484360e+02 3.5422416e+01      
1.8329053e+02 3.3323225e+01      
1.8244951e+02 3.1562274e+01      
1.8252442e+02 2.9936939e+01      
1.8353110e+02 2.8342836e+01      
1.8536895e+02 2.6732998e+01      
1.8779966e+02 2.5089752e+01      
1.9050401e+02 2.3394302e+01      
1.9330625e+02 2.1570067e+01      
1.9627049e+02 1.9448932e+01      
1.9954214e+02 1.7009057e+01      
2.0211035e+02 1.5775298e+01      
2.0385186e+02 1.5890482e+01      
2.0446417e+02 1.7422411e+01      
1.8905504e+02 2.7678341e+01      
1.8856151e+02 2.3043032e+01      
1.8880063e+02 1.8046783e+01      
1.8978233e+02 1.2880718e+01      
1.9121364e+02 7.9540337e+00      
1.9138116e+02 4.0507165e+00      
1.9003385e+02 1.3649825e+00      
1.8765340e+02 -1.9433669e-01      
1.8606563e+02 -1.3979215e+00      
1.8556885e+02 -2.5841877e+00      
1.8605433e+02 -3.8254783e+00      
1.8731345e+02 -5.1076628e+00      
1.8912969e+02 -6.4291269e+00      
1.9130883e+02 -7.8370823e+00      
1.9375917e+02 -9.4740674e+00      
1.9655601e+02 -1.1617328e+01      
1.9970940e+02 -1.4284725e+01      
2.0205767e+02 -1.5494478e+01      
2.0347801e+02 -1.5081338e+01      
2.0386821e+02 -1.3046462e+01      
1.8836270e+02 -3.5415282e+00      
1.8782894e+02 -8.7407116e+00      
1.8819006e+02 -1.4436856e+01      
1.8973017e+02 -2.0517298e+01      
1.9095304e+02 -2.5966179e+01      
1.9107334e+02 -3.0088077e+01      
1.8990034e+02 -3.2632502e+01      
1.8777285e+02 -3.3817347e+01      
1.8555816e+02 -3.4280740e+01      
1.8470096e+02 -3.5004436e+01      
1.8486581e+02 -3.5895062e+01      
1.8574556e+02 -3.6836046e+01      
1.8712893e+02 -3.7776165e+01      
1.8885130e+02 -3.8739794e+01      
1.9083804e+02 -3.9888636e+01      
1.9316360e+02 -4.1599533e+01      
1.9579346e+02 -4.3955662e+01      
1.9776660e+02 -4.4850745e+01      
1.9894986e+02 -4.4137361e+01      
1.9928794e+02 -4.1829097e+01      
1.8403122e+02 -3.4136660e+01      
1.8329301e+02 -3.9903154e+01      
1.8328589e+02 -4.6230437e+01      
1.8406694e+02 -5.2807618e+01      
1.8530276e+02 -5.9027254e+01      
1.8545676e+02 -6.3410190e+01      
1.8430143e+02 -6.5572032e+01      
1.8217174e+02 -6.5999947e+01      
1.8061602e+02 -6.6263233e+01      
1.7994381e+02 -6.6725307e+01      
1.8005546e+02 -6.7355603e+01      
1.8074859e+02 -6.7996659e+01      
1.8184557e+02 -6.8519966e+01      
1.8318330e+02 -6.8895755e+01      
1.8457265e+02 -6.9129212e+01      
1.8624050e+02 -6.9869844e+01      
1.8816860e+02 -7.1305982e+01      
1.8968336e+02 -7.1560444e+01      
1.9064910e+02 -7.0537825e+01      
1.9101853e+02 -6.8242188e+01      
1.7620134e+02 -6.3505110e+01      
1.7513740e+02 -6.9848458e+01      
1.7459645e+02 -7.6972049e+01      
1.7457240e+02 -8.4396226e+01      
1.7488079e+02 -9.0874997e+01      
1.7507137e+02 -9.5556143e+01      
1.7388814e+02 -9.6984010e+01      
1.7265427e+02 -9.6968544e+01      
1.7183634e+02 -9.6923113e+01      
1.7156139e+02 -9.7212380e+01      
1.7182288e+02 -9.7739169e+01      
1.7251191e+02 -9.8244434e+01      
1.7339399e+02 -9.8260330e+01      
1.7445839e+02 -9.7933733e+01      
1.7503353e+02 -9.6666378e+01      
1.7601225e+02 -9.6044313e+01      
1.7720244e+02 -9.5804551e+01      
1.7826089e+02 -9.5175373e+01      
1.7901940e+02 -9.3852911e+01      
1.7943409e+02 -9.1823618e+01      
1.6512035e+02 -9.1025080e+01      
1.6368776e+02 -9.7871647e+01      
1.6260112e+02 -1.0593927e+02      
1.6187940e+02 -1.1507492e+02      
1.6136298e+02 -1.2202247e+02      
1.6093719e+02 -1.2627012e+02      
1.6034594e+02 -1.2743186e+02      
1.5991178e+02 -1.2609887e+02      
1.5978838e+02 -1.2568681e+02      
1.5992662e+02 -1.2592274e+02      
1.6039173e+02 -1.2648527e+02      
1.6124182e+02 -1.2718245e+02      
1.6177529e+02 -1.2634733e+02      
1.6190298e+02 -1.2397890e+02      
1.6220200e+02 -1.2182200e+02      
1.6277289e+02 -1.2019392e+02      
1.6350561e+02 -1.1889066e+02      
1.6422249e+02 -1.1755665e+02      
1.6480259e+02 -1.1596786e+02      
1.6520512e+02 -1.1409593e+02      
1.5110120e+02 -1.1609156e+02      
1.4931133e+02 -1.2316846e+02      
1.4766841e+02 -1.3168745e+02      
1.4614906e+02 -1.4144783e+02      
1.4500266e+02 -1.4858023e+02      
1.4427906e+02 -1.5260940e+02      
1.4401344e+02 -1.5345841e+02      
1.4430756e+02 -1.5166836e+02      
1.4484879e+02 -1.5150105e+02      
1.4530290e+02 -1.5186020e+02      
1.4582585e+02 -1.5248589e+02      
1.4634816e+02 -1.5251192e+02      
1.4657269e+02 -1.5087432e+02      
1.4639033e+02 -1.4737287e+02      
1.4647071e+02 -1.4441356e+02      
1.4679657e+02 -1.4209989e+02      
1.4725526e+02 -1.4016302e+02      
1.4774076e+02 -1.3836922e+02      
1.4817381e+02 -1.3656635e+02      
1.4851831e+02 -1.3471826e+02      
1.3449661e+02 -1.3821447e+02      
1.3242449e+02 -1.4512431e+02      
1.3033181e+02 -1.5342833e+02      
1.2815350e+02 -1.6293132e+02      
1.2657215e+02 -1.6979260e+02      
1.2567594e+02 -1.7360710e+02      
1.2554439e+02 -1.7433630e+02      
1.2622428e+02 -1.7236659e+02      
1.2684012e+02 -1.7159682e+02      
1.2735465e+02 -1.7193354e+02      
1.2790852e+02 -1.7313700e+02      
1.2826848e+02 -1.7325017e+02      
1.2836396e+02 -1.7140122e+02      
1.2818555e+02 -1.6747394e+02      
1.2818650e+02 -1.6409297e+02      
1.2836882e+02 -1.6138808e+02      
1.2865760e+02 -1.5909402e+02      
1.2898580e+02 -1.5702605e+02      
1.2930086e+02 -1.5507241e+02      
1.2957253e+02 -1.5319714e+02      
1.1566933e+02 -1.5708987e+02      
1.1344660e+02 -1.6344136e+02      
1.1115625e+02 -1.7086418e+02      
1.0870405e+02 -1.7921197e+02      
1.0694506e+02 -1.8528953e+02      
1.0592316e+02 -1.8882464e+02      
1.0570389e+02 -1.8976970e+02      
1.0634302e+02 -1.8830978e+02      
1.0681174e+02 -1.8763143e+02      
1.0716491e+02 -1.8778082e+02      
1.0748309e+02 -1.8845704e+02      
1.0771466e+02 -1.8911862e+02      
1.0776290e+02 -1.8767241e+02      
1.0769185e+02 -1.8390427e+02      
1.0769930e+02 -1.8052725e+02      
1.0780843e+02 -1.7772975e+02      
1.0799126e+02 -1.7529900e+02      
1.0821091e+02 -1.7310210e+02      
1.0843326e+02 -1.7106291e+02      
1.0863388e+02 -1.6915500e+02      
9.4962483e+01 -1.7260516e+02      
9.2717896e+01 -1.7814857e+02      
9.0510650e+01 -1.8420677e+02      
8.8421650e+01 -1.9027775e+02      
8.6757846e+01 -1.9517429e+02      
8.5651808e+01 -1.9838183e+02      
8.5133314e+01 -1.9985068e+02      
8.5097610e+01 -2.0000235e+02      
8.5188181e+01 -1.9994226e+02      
8.5285135e+01 -2.0005650e+02      
8.5373503e+01 -2.0028001e+02      
8.5417620e+01 -2.0034736e+02      
8.5377915e+01 -1.9964158e+02      
8.5386616e+01 -1.9654485e+02      
8.5405734e+01 -1.9355498e+02      
8.5470631e+01 -1.9091090e+02      
8.5583348e+01 -1.8851142e+02      
8.5726166e+01 -1.8629550e+02      
8.5876920e+01 -1.8422810e+02      
8.6015811e+01 -1.8230005e+02      
7.2698710e+01 -1.8477510e+02      
7.0493499e+01 -1.8949008e+02      
6.8399708e+01 -1.9437658e+02      
6.6496842e+01 -1.9904651e+02      
6.4906820e+01 -2.0298819e+02      
6.3713481e+01 -2.0586199e+02      
6.2927456e+01 -2.0761626e+02      
6.2474111e+01 -2.0848726e+02      
6.2218805e+01 -2.0887710e+02      
6.2061853e+01 -2.0904203e+02      
6.1952516e+01 -2.0900943e+02      
6.1858485e+01 -2.0864166e+02      
6.1771848e+01 -2.0761122e+02      
6.1723749e+01 -2.0557722e+02      
6.1709354e+01 -2.0319836e+02      
6.1732636e+01 -2.0083793e+02      
6.1793286e+01 -1.9856792e+02      
6.1880195e+01 -1.9640313e+02      
6.1977094e+01 -1.9434894e+02      
6.2066899e+01 -1.9241586e+02      
