1.4346577e+01 2.3652373e+02      
1.3026704e+01 2.3363261e+02      
1.2071935e+01 2.3071334e+02      
1.1371805e+01 2.2781279e+02      
1.0859914e+01 2.2498807e+02      
1.0538862e+01 2.2231080e+02      
1.0448047e+01 2.1986127e+02      
1.0606105e+01 2.1771772e+02      
1.0983783e+01 2.1594905e+02      
1.1512868e+01 2.1461086e+02      
1.2110447e+01 2.1374096e+02      
1.2700972e+01 2.1335453e+02      
1.3283369e+01 2.1345528e+02      
1.3990723e+01 2.1405827e+02      
1.4933911e+01 2.1517832e+02      
1.6160372e+01 2.1680527e+02      
1.7729867e+01 2.1888501e+02      
1.9725133e+01 2.2132423e+02      
2.2224739e+01 2.2400934e+02      
2.5288757e+01 2.2682168e+02      
4.3667933e+01 2.2597735e+02      
4.2828019e+01 2.2294389e+02      
4.2355400e+01 2.1984588e+02      
4.2026307e+01 2.1671285e+02      
4.1724241e+01 2.1359692e+02      
4.1507094e+01 2.1058414e+02      
4.1522614e+01 2.0778085e+02      
4.1836902e+01 2.0528524e+02      
4.2400647e+01 2.0318011e+02      
4.3089817e+01 2.0153386e+02      
4.3762147e+01 2.0039589e+02      
4.4256453e+01 1.9977101e+02      
4.4378447e+01 1.9961506e+02      
4.4634379e+01 1.9997920e+02      
4.5178402e+01 2.0091979e+02      
4.5932731e+01 2.0246609e+02      
4.6962710e+01 2.0455203e+02      
4.8406637e+01 2.0704454e+02      
5.0373884e+01 2.0979446e+02      
5.2937086e+01 2.1265654e+02      
7.1752648e+01 2.1196310e+02      
7.1567814e+01 2.0879516e+02      
7.1853300e+01 2.0554722e+02      
7.2022069e+01 2.0217941e+02      
7.1867908e+01 1.9873464e+02      
7.1565198e+01 1.9531993e+02      
7.1623220e+01 1.9210975e+02      
7.2147330e+01 1.8921908e+02      
7.3013694e+01 1.8674197e+02      
7.4025129e+01 1.8476188e+02      
7.4807058e+01 1.8335265e+02      
7.5329943e+01 1.8254032e+02      
7.4478094e+01 1.8209360e+02      
7.4252010e+01 1.8216947e+02      
7.4548091e+01 1.8286001e+02      
7.4710336e+01 1.8438186e+02      
7.5034271e+01 1.8658119e+02      
7.5795547e+01 1.8923931e+02      
7.7128002e+01 1.9215685e+02      
7.9109220e+01 1.9515590e+02      
9.7990178e+01 1.9471636e+02      
9.8574241e+01 1.9139885e+02      
1.0008671e+02 1.8805755e+02      
1.0085792e+02 1.8444227e+02      
1.0077671e+02 1.8064358e+02      
9.9994701e+01 1.7674236e+02      
1.0009801e+02 1.7308784e+02      
1.0099323e+02 1.6974873e+02      
1.0222481e+02 1.6685859e+02      
1.0376801e+02 1.6451201e+02      
1.0435898e+02 1.6280139e+02      
1.0394883e+02 1.6173037e+02      
1.0243045e+02 1.6117379e+02      
1.0202770e+02 1.6094045e+02      
1.0271370e+02 1.6113098e+02      
1.0204927e+02 1.6272945e+02      
1.0147201e+02 1.6520695e+02      
1.0140867e+02 1.6819068e+02      
1.0201063e+02 1.7140802e+02      
1.0334225e+02 1.7464685e+02      
1.2173886e+02 1.7452730e+02      
1.2284555e+02 1.7096346e+02      
1.2498753e+02 1.6728075e+02      
1.2619041e+02 1.6336651e+02      
1.2634191e+02 1.5927814e+02      
1.2572741e+02 1.5509443e+02      
1.2611527e+02 1.5105075e+02      
1.2767201e+02 1.4720568e+02      
1.2897956e+02 1.4388050e+02      
1.2993268e+02 1.4118088e+02      
1.3008273e+02 1.3919542e+02      
1.2914844e+02 1.3797179e+02      
1.2728215e+02 1.3740985e+02      
1.2676598e+02 1.3691833e+02      
1.2757234e+02 1.3658169e+02      
1.2720764e+02 1.3785316e+02      
1.2572931e+02 1.4075508e+02      
1.2474968e+02 1.4425926e+02      
1.2454762e+02 1.4793884e+02      
1.2518657e+02 1.5153092e+02      
1.4248904e+02 1.5177339e+02      
1.4378346e+02 1.4791394e+02      
1.4608078e+02 1.4382479e+02      
1.4743633e+02 1.3962634e+02      
1.4784268e+02 1.3534001e+02      
1.4786706e+02 1.3093269e+02      
1.4845262e+02 1.2660835e+02      
1.4976532e+02 1.2240795e+02      
1.5096438e+02 1.1866828e+02      
1.5163585e+02 1.1560296e+02      
1.5152553e+02 1.1334479e+02      
1.5039385e+02 1.1200282e+02      
1.4841720e+02 1.1148628e+02      
1.4777690e+02 1.1082963e+02      
1.4847411e+02 1.1008585e+02      
1.4828434e+02 1.1104969e+02      
1.4708569e+02 1.1378046e+02      
1.4529202e+02 1.1792442e+02      
1.4427413e+02 1.2223110e+02      
1.4421206e+02 1.2629112e+02      
1.5992670e+02 1.2689466e+02      
1.6109645e+02 1.2276940e+02      
1.6309193e+02 1.1836410e+02      
1.6425968e+02 1.1398889e+02      
1.6459613e+02 1.0966965e+02      
1.6436237e+02 1.0542271e+02      
1.6498130e+02 1.0099082e+02      
1.6660162e+02 9.6328075e+01      
1.6792070e+02 9.2128245e+01      
1.6861067e+02 8.8655786e+01      
1.6851354e+02 8.6066690e+01      
1.6743655e+02 8.4553402e+01      
1.6552959e+02 8.4075669e+01      
1.6476389e+02 8.3381509e+01      
1.6515855e+02 8.2501256e+01      
1.6490311e+02 8.3381965e+01      
1.6390799e+02 8.5966603e+01      
1.6240296e+02 8.9931096e+01      
1.6072226e+02 9.4901163e+01      
1.6001497e+02 9.9502426e+01      
1.7392071e+02 1.0034374e+02      
1.7479403e+02 9.5994227e+01      
1.7600427e+02 9.1456664e+01      
1.7669056e+02 8.7051489e+01      
1.7687540e+02 8.2775914e+01      
1.7691166e+02 7.8543681e+01      
1.7738665e+02 7.4206073e+01      
1.7849354e+02 6.9691142e+01      
1.7999067e+02 6.5086787e+01      
1.8082187e+02 6.1214566e+01      
1.8099785e+02 5.8136927e+01      
1.8022120e+02 5.6290527e+01      
1.7857093e+02 5.5737304e+01      
1.7771380e+02 5.5105716e+01      
1.7757061e+02 5.4675776e+01      
1.7699192e+02 5.5902798e+01      
1.7598735e+02 5.8534740e+01      
1.7471178e+02 6.2278044e+01      
1.7334765e+02 6.6865559e+01      
1.7219438e+02 7.1895435e+01      
1.8443023e+02 7.2584108e+01      
1.8517828e+02 6.7959421e+01      
1.8633798e+02 6.3066626e+01      
1.8644585e+02 5.8710485e+01      
1.8625889e+02 5.4595273e+01      
1.8611574e+02 5.0549872e+01      
1.8626900e+02 4.6459492e+01      
1.8682176e+02 4.2270838e+01      
1.8764540e+02 3.8057021e+01      
1.8841806e+02 3.4037705e+01      
1.8911900e+02 3.0224957e+01      
1.8885886e+02 2.7798003e+01      
1.8766602e+02 2.6955766e+01      
1.8689819e+02 2.6192095e+01      
1.8586310e+02 2.7301967e+01      
1.8478202e+02 2.9270276e+01      
1.8358854e+02 3.2145214e+01      
1.8235627e+02 3.5784826e+01      
1.8122784e+02 3.9939613e+01      
1.8043627e+02 4.4230185e+01      
1.9136221e+02 4.4129111e+01      
1.9201076e+02 3.9238777e+01      
1.9312602e+02 3.3971220e+01      
1.9331168e+02 2.9354426e+01      
1.9264004e+02 2.5502795e+01      
1.9205729e+02 2.1811183e+01      
1.9177796e+02 1.8091552e+01      
1.9184850e+02 1.4276040e+01      
1.9219863e+02 1.0387778e+01      
1.9271165e+02 6.5003303e+00      
1.9327284e+02 2.7345350e+00      
1.9360722e+02 -4.9192803e-01      
1.9302750e+02 -1.8170342e+00      
1.9232158e+02 -2.2448807e+00      
1.9103559e+02 -8.8874385e-01      
1.8953712e+02 1.6518518e+00      
1.8807163e+02 4.9114157e+00      
1.8675000e+02 8.6338500e+00      
1.8568810e+02 1.2573843e+01      
1.8502873e+02 1.6460859e+01      
1.9462850e+02 1.5519077e+01      
1.9510555e+02 1.0442108e+01      
1.9605395e+02 4.8922156e+00      
1.9624333e+02 4.4575992e-02      
1.9566610e+02 -3.9527526e+00      
1.9462551e+02 -7.2097335e+00      
1.9389140e+02 -1.0453783e+01      
1.9355398e+02 -1.3859082e+01      
1.9357166e+02 -1.7455098e+01      
1.9386324e+02 -2.1193673e+01      
1.9433688e+02 -2.4956080e+01      
1.9483527e+02 -2.8412075e+01      
1.9512012e+02 -3.0937929e+01      
1.9505508e+02 -3.2071074e+01      
1.9326862e+02 -3.0037849e+01      
1.9126235e+02 -2.6704779e+01      
1.8944287e+02 -2.2860320e+01      
1.8794123e+02 -1.8876249e+01      
1.8681983e+02 -1.4946238e+01      
1.8613634e+02 -1.1217992e+01      
1.9422293e+02 -1.2723773e+01      
1.9443705e+02 -1.7851788e+01      
1.9506731e+02 -2.3491621e+01      
1.9510462e+02 -2.8415483e+01      
1.9455828e+02 -3.2527998e+01      
1.9361884e+02 -3.5891973e+01      
1.9251771e+02 -3.8632844e+01      
1.9184467e+02 -4.1575710e+01      
1.9161486e+02 -4.4871626e+01      
1.9176499e+02 -4.8503703e+01      
1.9226078e+02 -5.2447303e+01      
1.9306936e+02 -5.6570226e+01      
1.9399190e+02 -6.0257263e+01      
1.9379534e+02 -6.1338762e+01      
1.9226012e+02 -5.9438735e+01      
1.8972346e+02 -5.5047050e+01      
1.8749983e+02 -5.0388189e+01      
1.8578546e+02 -4.6028591e+01      
1.8456479e+02 -4.2029608e+01      
1.8380875e+02 -3.8374923e+01      
1.9023639e+02 -4.0131886e+01      
1.9011346e+02 -4.5157098e+01      
1.9023328e+02 -5.0512729e+01      
1.8995435e+02 -5.5259020e+01      
1.8932614e+02 -5.9365554e+01      
1.8847174e+02 -6.2840498e+01      
1.8752021e+02 -6.5729766e+01      
1.8664402e+02 -6.8231845e+01      
1.8626246e+02 -7.1253317e+01      
1.8630199e+02 -7.4739400e+01      
1.8679001e+02 -7.8795453e+01      
1.8784011e+02 -8.3665612e+01      
1.8845898e+02 -8.7234682e+01      
1.8814585e+02 -8.8281785e+01      
1.8677641e+02 -8.6440325e+01      
1.8455573e+02 -8.2157277e+01      
1.8203759e+02 -7.6689678e+01      
1.8021007e+02 -7.2102794e+01      
1.7893640e+02 -6.8116261e+01      
1.7811777e+02 -6.4548040e+01      
1.8282084e+02 -6.6247384e+01      
1.8238215e+02 -7.1144826e+01      
1.8172996e+02 -7.5580455e+01      
1.8103606e+02 -7.9982682e+01      
1.8025426e+02 -8.4000195e+01      
1.7942306e+02 -8.7498049e+01      
1.7862308e+02 -9.0498966e+01      
1.7796267e+02 -9.3206221e+01      
1.7757525e+02 -9.6091827e+01      
1.7749000e+02 -9.9304836e+01      
1.7771953e+02 -1.0289415e+02      
1.7822373e+02 -1.0684099e+02      
1.7871562e+02 -1.1064805e+02      
1.7835329e+02 -1.1182203e+02      
1.7704332e+02 -1.0984631e+02      
1.7494189e+02 -1.0531102e+02      
1.7291864e+02 -1.0070905e+02      
1.7127021e+02 -9.6513803e+01      
1.7003667e+02 -9.2730572e+01      
1.6919188e+02 -8.9310785e+01      
1.7214671e+02 -9.0573392e+01      
1.7123516e+02 -9.4853582e+01      
1.7026306e+02 -9.9168995e+01      
1.6923713e+02 -1.0353467e+02      
1.6827304e+02 -1.0747541e+02      
1.6740087e+02 -1.1091504e+02      
1.6667647e+02 -1.1386243e+02      
1.6616430e+02 -1.1641061e+02      
1.6578549e+02 -1.1908684e+02      
1.6556355e+02 -1.2193698e+02      
1.6549745e+02 -1.2489106e+02      
1.6552551e+02 -1.2780842e+02      
1.6548479e+02 -1.3036228e+02      
1.6507678e+02 -1.3174482e+02      
1.6379962e+02 -1.2952245e+02      
1.6220733e+02 -1.2620943e+02      
1.6062423e+02 -1.2261826e+02      
1.5921102e+02 -1.1899945e+02      
1.5806599e+02 -1.1552761e+02      
1.5722469e+02 -1.1230032e+02      
1.5858952e+02 -1.1302539e+02      
1.5738586e+02 -1.1691064e+02      
1.5615803e+02 -1.2101348e+02      
1.5488403e+02 -1.2523929e+02      
1.5375642e+02 -1.2904607e+02      
1.5281284e+02 -1.3236364e+02      
1.5209306e+02 -1.3518640e+02      
1.5162464e+02 -1.3756927e+02      
1.5121326e+02 -1.4002242e+02      
1.5085778e+02 -1.4252917e+02      
1.5055277e+02 -1.4493093e+02      
1.5024220e+02 -1.4700950e+02      
1.4982400e+02 -1.4847849e+02      
1.4915119e+02 -1.4884551e+02      
1.4809878e+02 -1.4752697e+02      
1.4685153e+02 -1.4525078e+02      
1.4559707e+02 -1.4256830e+02      
1.4435459e+02 -1.3943375e+02      
1.4329239e+02 -1.3625276e+02      
1.4246568e+02 -1.3321193e+02      
1.4246635e+02 -1.3337510e+02      
1.4108275e+02 -1.3693161e+02      
1.3967133e+02 -1.4073470e+02      
1.3821569e+02 -1.4469282e+02      
1.3695916e+02 -1.4828108e+02      
1.3593302e+02 -1.5142865e+02      
1.3516583e+02 -1.5411974e+02      
1.3467112e+02 -1.5638647e+02      
1.3418880e+02 -1.5868549e+02      
1.3371073e+02 -1.6096455e+02      
1.3322818e+02 -1.6299476e+02      
1.3268785e+02 -1.6447890e+02      
1.3203164e+02 -1.6520348e+02      
1.3121617e+02 -1.6505244e+02      
1.3023447e+02 -1.6400834e+02      
1.2915813e+02 -1.6231476e+02      
1.2808298e+02 -1.6024084e+02      
1.2700796e+02 -1.5762164e+02      
1.2601401e+02 -1.5466654e+02      
1.2520569e+02 -1.5178187e+02      
1.2406419e+02 -1.5132720e+02      
1.2257734e+02 -1.5455369e+02      
1.2107125e+02 -1.5799626e+02      
1.1953192e+02 -1.6157818e+02      
1.1819985e+02 -1.6487035e+02      
1.1709228e+02 -1.6781310e+02      
1.1622937e+02 -1.7038660e+02      
1.1562663e+02 -1.7260751e+02      
1.1503096e+02 -1.7484770e+02      
1.1444740e+02 -1.7708545e+02      
1.1385801e+02 -1.7905219e+02      
1.1315701e+02 -1.8013076e+02      
1.1231561e+02 -1.8018926e+02      
1.1139381e+02 -1.7961560e+02      
1.1041346e+02 -1.7855472e+02      
1.0940435e+02 -1.7710791e+02      
1.0841222e+02 -1.7537889e+02      
1.0744142e+02 -1.7310210e+02      
1.0654131e+02 -1.7045618e+02      
1.0576371e+02 -1.6773649e+02      
1.0368596e+02 -1.6663193e+02      
1.0215112e+02 -1.6952541e+02      
1.0062907e+02 -1.7256818e+02      
9.9148289e+01 -1.7565137e+02      
9.7797368e+01 -1.7859326e+02      
9.6617246e+01 -1.8130464e+02      
9.5620674e+01 -1.8376456e+02      
9.4786849e+01 -1.8602299e+02      
9.4035379e+01 -1.8823663e+02      
9.3354231e+01 -1.9054849e+02      
9.2748908e+01 -1.9292964e+02      
9.1929536e+01 -1.9372180e+02      
9.0886408e+01 -1.9284638e+02      
8.9876128e+01 -1.9184046e+02      
8.8882114e+01 -1.9068217e+02      
8.7897575e+01 -1.8931190e+02      
8.6940291e+01 -1.8773257e+02      
8.6033187e+01 -1.8561239e+02      
8.5195747e+01 -1.8309103e+02      
8.4452540e+01 -1.8055720e+02      
8.1654925e+01 -1.7909070e+02      
8.0101579e+01 -1.8166703e+02      
7.8578019e+01 -1.8434607e+02      
7.7111606e+01 -1.8703931e+02      
7.5741304e+01 -1.8964942e+02      
7.4495543e+01 -1.9210793e+02      
7.3383120e+01 -1.9439109e+02      
7.2391169e+01 -1.9652410e+02      
7.1493092e+01 -1.9858007e+02      
7.0675723e+01 -2.0069112e+02      
6.9912944e+01 -2.0285437e+02      
6.9008366e+01 -2.0342477e+02      
6.7958360e+01 -2.0235778e+02      
6.6932873e+01 -2.0123306e+02      
6.5941112e+01 -2.0003142e+02      
6.4976339e+01 -1.9866617e+02      
6.4044898e+01 -1.9710633e+02      
6.3191032e+01 -1.9502513e+02      
6.2399207e+01 -1.9273775e+02      
6.1685907e+01 -1.9040126e+02      
