3.1533294e+01 2.3655098e+02      
3.0970243e+01 2.3560628e+02      
3.0747104e+01 2.3484020e+02      
3.0811086e+01 2.3430293e+02      
3.1074986e+01 2.3404059e+02      
3.1394989e+01 2.3409306e+02      
3.1573764e+01 2.3448476e+02      
3.1502382e+01 2.3521437e+02      
3.1327966e+01 2.3625103e+02      
3.1268546e+01 2.3753012e+02      
3.1451928e+01 2.3895476e+02      
3.1906132e+01 2.4040561e+02      
3.2619371e+01 2.4177654e+02      
3.3623248e+01 2.4302489e+02      
3.5007153e+01 2.4416953e+02      
3.6863028e+01 2.4523779e+02      
3.9247386e+01 2.4623205e+02      
4.2182092e+01 2.4713060e+02      
4.5666108e+01 2.4789764e+02      
4.9684400e+01 2.4849079e+02      
6.0297805e+01 2.2682322e+02      
5.9996479e+01 2.2578007e+02      
6.0062314e+01 2.2491001e+02      
6.0463451e+01 2.2426913e+02      
6.1124916e+01 2.2391362e+02      
6.1868759e+01 2.2390539e+02      
6.2280339e+01 2.2429341e+02      
6.1837252e+01 2.2508002e+02      
6.1136039e+01 2.2624041e+02      
6.0645517e+01 2.2769337e+02      
6.0535301e+01 2.2931118e+02      
6.0750081e+01 2.3090058e+02      
6.1130599e+01 2.3225161e+02      
6.1685680e+01 2.3332276e+02      
6.2613627e+01 2.3423696e+02      
6.4077822e+01 2.3508645e+02      
6.6139879e+01 2.3588010e+02      
6.8806437e+01 2.3658551e+02      
7.2060724e+01 2.3715555e+02      
7.5875253e+01 2.3753894e+02      
8.7719020e+01 2.1340189e+02      
8.7708924e+01 2.1221433e+02      
8.8088129e+01 2.1119932e+02      
8.8884193e+01 2.1041044e+02      
9.0100191e+01 2.0990391e+02      
9.1567477e+01 2.0977369e+02      
9.2661493e+01 2.1014690e+02      
9.1321010e+01 2.1100427e+02      
8.9731930e+01 2.1236006e+02      
8.8646098e+01 2.1408476e+02      
8.8310221e+01 2.1606198e+02      
8.8510463e+01 2.1802529e+02      
8.8546828e+01 2.1937606e+02      
8.8384949e+01 2.2007734e+02      
8.8677766e+01 2.2065460e+02      
8.9676203e+01 2.2127223e+02      
9.1381553e+01 2.2188898e+02      
9.3756387e+01 2.2243863e+02      
9.6757636e+01 2.2285446e+02      
1.0034178e+02 2.2307330e+02      
1.1336591e+02 1.9650603e+02      
1.1365563e+02 1.9512157e+02      
1.1430456e+02 1.9392765e+02      
1.1546157e+02 1.9295353e+02      
1.1729806e+02 1.9221999e+02      
1.1957044e+02 1.9186043e+02      
1.2025425e+02 1.9215639e+02      
1.1898846e+02 1.9313113e+02      
1.1629952e+02 1.9477227e+02      
1.1444775e+02 1.9683518e+02      
1.1398369e+02 1.9927977e+02      
1.1475760e+02 2.0205969e+02      
1.1448598e+02 2.0342476e+02      
1.1307581e+02 2.0333977e+02      
1.1261432e+02 2.0352986e+02      
1.1314951e+02 2.0396240e+02      
1.1451190e+02 2.0446086e+02      
1.1660095e+02 2.0491303e+02      
1.1934509e+02 2.0523118e+02      
1.2268594e+02 2.0534064e+02      
1.3688214e+02 1.7639462e+02      
1.3747585e+02 1.7474716e+02      
1.3823243e+02 1.7336642e+02      
1.3943070e+02 1.7224481e+02      
1.4160944e+02 1.7125845e+02      
1.4324589e+02 1.7076625e+02      
1.4351409e+02 1.7099043e+02      
1.4216839e+02 1.7202694e+02      
1.3960564e+02 1.7381935e+02      
1.3696493e+02 1.7616350e+02      
1.3630414e+02 1.7876810e+02      
1.3718189e+02 1.8163789e+02      
1.3669317e+02 1.8301234e+02      
1.3471357e+02 1.8286430e+02      
1.3380552e+02 1.8297768e+02      
1.3402032e+02 1.8337392e+02      
1.3511343e+02 1.8385353e+02      
1.3695276e+02 1.8428703e+02      
1.3945346e+02 1.8457636e+02      
1.4255041e+02 1.8464009e+02      
1.5805914e+02 1.5333735e+02      
1.5901364e+02 1.5132620e+02      
1.5963399e+02 1.4977541e+02      
1.6007136e+02 1.4871020e+02      
1.6066445e+02 1.4799923e+02      
1.6180300e+02 1.4735213e+02      
1.6175381e+02 1.4743968e+02      
1.6011116e+02 1.4850828e+02      
1.5724809e+02 1.5042139e+02      
1.5519787e+02 1.5251655e+02      
1.5453655e+02 1.5483342e+02      
1.5514970e+02 1.5732698e+02      
1.5456533e+02 1.5869820e+02      
1.5269233e+02 1.5891642e+02      
1.5180261e+02 1.5927776e+02      
1.5191523e+02 1.5981665e+02      
1.5284387e+02 1.6039336e+02      
1.5448501e+02 1.6089703e+02      
1.5676598e+02 1.6123338e+02      
1.5962654e+02 1.6132028e+02      
1.7646739e+02 1.2776785e+02      
1.7775942e+02 1.2532114e+02      
1.7808168e+02 1.2360163e+02      
1.7747825e+02 1.2267924e+02      
1.7584608e+02 1.2260964e+02      
1.7531562e+02 1.2232679e+02      
1.7506862e+02 1.2215348e+02      
1.7308994e+02 1.2320665e+02      
1.7102828e+02 1.2463317e+02      
1.6950346e+02 1.2626633e+02      
1.6872036e+02 1.2806575e+02      
1.6842538e+02 1.2985836e+02      
1.6784315e+02 1.3121684e+02      
1.6693995e+02 1.3210602e+02      
1.6643764e+02 1.3289530e+02      
1.6660806e+02 1.3370184e+02      
1.6745445e+02 1.3447568e+02      
1.6894126e+02 1.3513492e+02      
1.7102531e+02 1.3559460e+02      
1.7365969e+02 1.3577499e+02      
1.8897516e+02 1.0138495e+02      
1.9004445e+02 9.8722532e+01      
1.9004106e+02 9.6820832e+01      
1.8895853e+02 9.5776809e+01      
1.8668833e+02 9.5726613e+01      
1.8530767e+02 9.5486034e+01      
1.8428636e+02 9.5377559e+01      
1.8289349e+02 9.5833183e+01      
1.8147549e+02 9.6698494e+01      
1.8034279e+02 9.7840725e+01      
1.7956414e+02 9.9185597e+01      
1.7900617e+02 1.0061492e+02      
1.7847017e+02 1.0197512e+02      
1.7797350e+02 1.0321191e+02      
1.7774950e+02 1.0437936e+02      
1.7799190e+02 1.0550457e+02      
1.7878094e+02 1.0654846e+02      
1.8013326e+02 1.0743874e+02      
1.8203424e+02 1.0809437e+02      
1.8445129e+02 1.0843702e+02      
1.9568305e+02 7.4948575e+01      
1.9605148e+02 7.2331717e+01      
1.9576098e+02 7.0206707e+01      
1.9477971e+02 6.8682148e+01      
1.9330460e+02 6.7727454e+01      
1.9197205e+02 6.7031332e+01      
1.9083257e+02 6.6613811e+01      
1.8973845e+02 6.6594791e+01      
1.8874091e+02 6.6964913e+01      
1.8794429e+02 6.7659522e+01      
1.8733031e+02 6.8640957e+01      
1.8678859e+02 6.9875113e+01      
1.8628926e+02 7.1271928e+01      
1.8590514e+02 7.2745706e+01      
1.8576840e+02 7.4244917e+01      
1.8601012e+02 7.5717265e+01      
1.8671753e+02 7.7090714e+01      
1.8793046e+02 7.8280479e+01      
1.8965182e+02 7.9200555e+01      
1.9185819e+02 7.9771012e+01      
1.9927663e+02 4.7322647e+01      
1.9904684e+02 4.4659652e+01      
1.9850701e+02 4.2239479e+01      
1.9762257e+02 4.0181751e+01      
1.9651560e+02 3.8523749e+01      
1.9539638e+02 3.7245917e+01      
1.9437783e+02 3.6365369e+01      
1.9349340e+02 3.5911213e+01      
1.9280096e+02 3.5856581e+01      
1.9237013e+02 3.6128923e+01      
1.9209290e+02 3.6741074e+01      
1.9159336e+02 3.7874608e+01      
1.9106331e+02 3.9373922e+01      
1.9065295e+02 4.1104173e+01      
1.9046750e+02 4.2960655e+01      
1.9061821e+02 4.4830717e+01      
1.9119512e+02 4.6598663e+01      
1.9224837e+02 4.8156084e+01      
1.9378772e+02 4.9406293e+01      
1.9579069e+02 5.0266026e+01      
1.9986387e+02 1.8889705e+01      
1.9923648e+02 1.6026772e+01      
1.9848862e+02 1.3229727e+01      
1.9759375e+02 1.0631076e+01      
1.9660537e+02 8.3468017e+00      
1.9562034e+02 6.4783256e+00      
1.9472846e+02 5.1050365e+00      
1.9400541e+02 4.2526731e+00      
1.9354020e+02 3.8606353e+00      
1.9347658e+02 3.7687112e+00      
1.9387912e+02 3.8473928e+00      
1.9333022e+02 4.9520171e+00      
1.9270378e+02 6.6241215e+00      
1.9216750e+02 8.6854049e+00      
1.9181931e+02 1.0983911e+01      
1.9178368e+02 1.3339461e+01      
1.9217131e+02 1.5582672e+01      
1.9303994e+02 1.7579885e+01      
1.9439733e+02 1.9223466e+01      
1.9621075e+02 2.0428492e+01      
1.9731587e+02 -9.7595694e+00      
1.9641440e+02 -1.2928126e+01      
1.9549651e+02 -1.6189530e+01      
1.9454589e+02 -1.9403415e+01      
1.9358379e+02 -2.2379253e+01      
1.9265873e+02 -2.4894367e+01      
1.9183805e+02 -2.6770836e+01      
1.9120293e+02 -2.7948073e+01      
1.9084932e+02 -2.8516360e+01      
1.9088673e+02 -2.8702082e+01      
1.9132706e+02 -2.8722243e+01      
1.9181661e+02 -2.8415674e+01      
1.9116821e+02 -2.6577319e+01      
1.9047965e+02 -2.4127698e+01      
1.8982270e+02 -2.1215325e+01      
1.8948937e+02 -1.8244882e+01      
1.8962435e+02 -1.5429840e+01      
1.9028843e+02 -1.2917332e+01      
1.9147842e+02 -1.0822772e+01      
1.9313189e+02 -9.2245872e+00      
1.9161750e+02 -3.8048150e+01      
1.9051381e+02 -4.1582147e+01      
1.8945620e+02 -4.5391021e+01      
1.8844151e+02 -4.9361032e+01      
1.8747121e+02 -5.3219505e+01      
1.8655258e+02 -5.6531583e+01      
1.8573529e+02 -5.8947452e+01      
1.8510348e+02 -6.0340060e+01      
1.8475179e+02 -6.0832965e+01      
1.8478391e+02 -6.0813056e+01      
1.8531277e+02 -6.0808881e+01      
1.8624081e+02 -6.0930038e+01      
1.8624012e+02 -5.9518805e+01      
1.8558390e+02 -5.6807523e+01      
1.8442885e+02 -5.3044129e+01      
1.8373788e+02 -4.9396664e+01      
1.8354006e+02 -4.5886320e+01      
1.8399704e+02 -4.2787960e+01      
1.8507088e+02 -4.0200919e+01      
1.8662309e+02 -3.8172764e+01      
1.8282841e+02 -6.5400389e+01      
1.8156224e+02 -6.9298890e+01      
1.8038203e+02 -7.3688527e+01      
1.7931473e+02 -7.8606590e+01      
1.7835742e+02 -8.3791957e+01      
1.7740518e+02 -8.8210134e+01      
1.7651549e+02 -9.1257134e+01      
1.7580319e+02 -9.2724480e+01      
1.7535604e+02 -9.2737622e+01      
1.7527110e+02 -9.1916142e+01      
1.7574126e+02 -9.1470277e+01      
1.7668133e+02 -9.1568129e+01      
1.7687722e+02 -9.0143317e+01      
1.7632612e+02 -8.7238397e+01      
1.7532802e+02 -8.3405792e+01      
1.7444239e+02 -7.9395552e+01      
1.7382610e+02 -7.5114541e+01      
1.7417695e+02 -7.1481064e+01      
1.7526720e+02 -6.8388258e+01      
1.7682104e+02 -6.5898279e+01      
1.7107370e+02 -9.1259522e+01      
1.6966189e+02 -9.5436608e+01      
1.6834879e+02 -1.0028111e+02      
1.6720038e+02 -1.0608237e+02      
1.6631416e+02 -1.1320726e+02      
1.6525011e+02 -1.1911419e+02      
1.6419212e+02 -1.2295380e+02      
1.6333104e+02 -1.2435310e+02      
1.6273961e+02 -1.2342349e+02      
1.6240687e+02 -1.2095071e+02      
1.6271594e+02 -1.1975615e+02      
1.6345388e+02 -1.1945455e+02      
1.6357724e+02 -1.1759258e+02      
1.6295738e+02 -1.1420720e+02      
1.6173510e+02 -1.0997371e+02      
1.6069522e+02 -1.0624905e+02      
1.6030643e+02 -1.0243608e+02      
1.6087641e+02 -9.8577116e+01      
1.6225332e+02 -9.4884895e+01      
1.6395664e+02 -9.1880202e+01      
1.5654109e+02 -1.1512493e+02      
1.5498962e+02 -1.1942404e+02      
1.5351302e+02 -1.2442271e+02      
1.5213605e+02 -1.3030642e+02      
1.5084783e+02 -1.3719293e+02      
1.4954034e+02 -1.4460300e+02      
1.4822246e+02 -1.4942134e+02      
1.4719959e+02 -1.5071088e+02      
1.4653773e+02 -1.4877245e+02      
1.4629916e+02 -1.4657494e+02      
1.4654580e+02 -1.4493110e+02      
1.4706444e+02 -1.4392567e+02      
1.4706472e+02 -1.4125096e+02      
1.4635230e+02 -1.3717332e+02      
1.4520916e+02 -1.3360974e+02      
1.4379983e+02 -1.3098834e+02      
1.4350216e+02 -1.2767008e+02      
1.4441993e+02 -1.2365670e+02      
1.4645437e+02 -1.1905261e+02      
1.4838744e+02 -1.1556882e+02      
1.3947659e+02 -1.3658555e+02      
1.3779728e+02 -1.4084262e+02      
1.3615409e+02 -1.4573058e+02      
1.3453734e+02 -1.5132058e+02      
1.3290766e+02 -1.5763488e+02      
1.3118778e+02 -1.6445963e+02      
1.2941178e+02 -1.7060805e+02      
1.2821759e+02 -1.7198770e+02      
1.2749354e+02 -1.7124471e+02      
1.2734311e+02 -1.6924986e+02      
1.2768934e+02 -1.6672306e+02      
1.2812355e+02 -1.6454351e+02      
1.2812136e+02 -1.6081534e+02      
1.2768802e+02 -1.5704953e+02      
1.2682718e+02 -1.5386427e+02      
1.2558689e+02 -1.5148787e+02      
1.2545435e+02 -1.4836896e+02      
1.2649514e+02 -1.4448690e+02      
1.2863569e+02 -1.3996357e+02      
1.3054942e+02 -1.3645203e+02      
1.2017382e+02 -1.5532430e+02      
1.1839144e+02 -1.5941101e+02      
1.1661373e+02 -1.6403009e+02      
1.1481858e+02 -1.6919917e+02      
1.1295549e+02 -1.7491551e+02      
1.1092076e+02 -1.8120165e+02      
1.0864833e+02 -1.8776643e+02      
1.0694779e+02 -1.9103203e+02      
1.0601360e+02 -1.9144319e+02      
1.0597647e+02 -1.8930338e+02      
1.0673153e+02 -1.8491937e+02      
1.0730041e+02 -1.8113105e+02      
1.0750123e+02 -1.7740489e+02      
1.0738270e+02 -1.7383492e+02      
1.0702460e+02 -1.7061608e+02      
1.0666210e+02 -1.6766668e+02      
1.0683736e+02 -1.6450601e+02      
1.0773357e+02 -1.6100603e+02      
1.0920372e+02 -1.5739498e+02      
1.1078803e+02 -1.5425788e+02      
9.8960745e+01 -1.7110246e+02      
9.7108866e+01 -1.7493053e+02      
9.5244550e+01 -1.7918664e+02      
9.3346683e+01 -1.8385611e+02      
9.1372336e+01 -1.8891251e+02      
8.9249697e+01 -1.9431834e+02      
8.6920314e+01 -1.9984843e+02      
8.4567964e+01 -2.0461969e+02      
8.3354297e+01 -2.0589588e+02      
8.3355328e+01 -2.0385553e+02      
8.4404298e+01 -1.9897056e+02      
8.5135587e+01 -1.9469128e+02      
8.5499589e+01 -1.9096232e+02      
8.5630786e+01 -1.8750492e+02      
8.5656324e+01 -1.8426111e+02      
8.5758034e+01 -1.8114278e+02      
8.6149743e+01 -1.7801095e+02      
8.6934537e+01 -1.7482810e+02      
8.8048523e+01 -1.7172714e+02      
8.9328102e+01 -1.6893776e+02      
7.6188855e+01 -1.8374492e+02      
7.4302840e+01 -1.8725916e+02      
7.2401121e+01 -1.9109877e+02      
7.0471694e+01 -1.9522265e+02      
6.8489838e+01 -1.9957189e+02      
6.6414401e+01 -2.0406528e+02      
6.4161373e+01 -2.0864235e+02      
6.1725928e+01 -2.1305050e+02      
6.0428924e+01 -2.1446113e+02      
6.0325421e+01 -2.1285504e+02      
6.1302629e+01 -2.0861851e+02      
6.1978222e+01 -2.0473660e+02      
6.2378941e+01 -2.0126130e+02      
6.2642129e+01 -1.9799137e+02      
6.2872898e+01 -1.9485273e+02      
6.3183984e+01 -1.9179696e+02      
6.3679686e+01 -1.8878638e+02      
6.4410651e+01 -1.8583221e+02      
6.5351894e+01 -1.8301608e+02      
6.6427858e+01 -1.8046035e+02      
