3.5396316e+01 2.5165007e+02      
3.3531133e+01 2.5177801e+02      
3.1906536e+01 2.5184944e+02      
3.0513731e+01 2.5187474e+02      
2.9356166e+01 2.5186720e+02      
2.8452443e+01 2.5184335e+02      
2.7834173e+01 2.5182096e+02      
2.7540159e+01 2.5181567e+02      
2.7609979e+01 2.5183784e+02      
2.8079062e+01 2.5189109e+02      
2.8975547e+01 2.5197230e+02      
3.0318163e+01 2.5207276e+02      
3.2114402e+01 2.5217964e+02      
3.4358766e+01 2.5227725e+02      
3.7031596e+01 2.5234789e+02      
4.0100302e+01 2.5237184e+02      
4.3526847e+01 2.5232651e+02      
4.7283919e+01 2.5218548e+02      
5.1366008e+01 2.5191813e+02      
5.5779709e+01 2.5149053e+02      
6.3449609e+01 2.4284450e+02      
6.1655061e+01 2.4301515e+02      
6.0068256e+01 2.4310074e+02      
5.8666315e+01 2.4310849e+02      
5.7446594e+01 2.4305217e+02      
5.6433043e+01 2.4295373e+02      
5.5671343e+01 2.4283945e+02      
5.5216941e+01 2.4273287e+02      
5.5123917e+01 2.4264916e+02      
5.5438678e+01 2.4259313e+02      
5.6197353e+01 2.4256038e+02      
5.7424375e+01 2.4253967e+02      
5.9130603e+01 2.4251557e+02      
6.1310250e+01 2.4247067e+02      
6.3936791e+01 2.4238698e+02      
6.6959457e+01 2.4224599e+02      
7.0306990e+01 2.4202653e+02      
7.3927292e+01 2.4170193e+02      
7.7833727e+01 2.4123889e+02      
8.2060656e+01 2.4059860e+02      
9.0262854e+01 2.3029380e+02      
8.8599217e+01 2.3049952e+02      
8.7100552e+01 2.3059174e+02      
8.5715464e+01 2.3056843e+02      
8.4428010e+01 2.3044157e+02      
8.3272816e+01 2.3024259e+02      
8.2322445e+01 2.3001372e+02      
8.1659904e+01 2.2979212e+02      
8.1358871e+01 2.2959926e+02      
8.1478110e+01 2.2943970e+02      
8.2062330e+01 2.2930514e+02      
8.3143044e+01 2.2917935e+02      
8.4737361e+01 2.2904229e+02      
8.6843638e+01 2.2887353e+02      
8.9433012e+01 2.2865496e+02      
9.2437914e+01 2.2837178e+02      
9.5722330e+01 2.2800806e+02      
9.9118880e+01 2.2753838e+02      
1.0274900e+02 2.2692643e+02      
1.0670547e+02 2.2612464e+02      
1.1542618e+02 2.1421494e+02      
1.1398019e+02 2.1445692e+02      
1.1265043e+02 2.1455893e+02      
1.1132292e+02 2.1449412e+02      
1.0995098e+02 2.1426571e+02      
1.0859462e+02 2.1392412e+02      
1.0738438e+02 2.1354536e+02      
1.0645007e+02 2.1319080e+02      
1.0588749e+02 2.1288808e+02      
1.0576491e+02 2.1263665e+02      
1.0613385e+02 2.1241928e+02      
1.0703344e+02 2.1221091e+02      
1.0849087e+02 2.1198394e+02      
1.1051727e+02 2.1171230e+02      
1.1309426e+02 2.1137650e+02      
1.1614377e+02 2.1096917e+02      
1.1946394e+02 2.1049178e+02      
1.2247869e+02 2.0992068e+02      
1.2570864e+02 2.0921971e+02      
1.2930559e+02 2.0831876e+02      
1.3853694e+02 1.9486756e+02      
1.3744192e+02 1.9516521e+02      
1.3643174e+02 1.9530985e+02      
1.3523677e+02 1.9520471e+02      
1.3373520e+02 1.9482397e+02      
1.3205382e+02 1.9426096e+02      
1.3046836e+02 1.9367409e+02      
1.2918392e+02 1.9316620e+02      
1.2830250e+02 1.9276105e+02      
1.2788922e+02 1.9244037e+02      
1.2799810e+02 1.9216948e+02      
1.2867480e+02 1.9190987e+02      
1.2995890e+02 1.9162348e+02      
1.3188840e+02 1.9127363e+02      
1.3447074e+02 1.9083478e+02      
1.3758607e+02 1.9031340e+02      
1.4065612e+02 1.8974980e+02      
1.4353030e+02 1.8912700e+02      
1.4629020e+02 1.8841234e+02      
1.4945778e+02 1.8748664e+02      
1.5916710e+02 1.7253131e+02      
1.5862178e+02 1.7293009e+02      
1.5827947e+02 1.7324364e+02      
1.5736562e+02 1.7312892e+02      
1.5562307e+02 1.7250445e+02      
1.5330743e+02 1.7153782e+02      
1.5117365e+02 1.7065159e+02      
1.4947132e+02 1.6998215e+02      
1.4822308e+02 1.6950324e+02      
1.4747160e+02 1.6915491e+02      
1.4727348e+02 1.6887380e+02      
1.4767824e+02 1.6860498e+02      
1.4873036e+02 1.6830073e+02      
1.5049463e+02 1.6791211e+02      
1.5304047e+02 1.6739017e+02      
1.5587748e+02 1.6680767e+02      
1.5870560e+02 1.6620298e+02      
1.6139882e+02 1.6557424e+02      
1.6400267e+02 1.6487342e+02      
1.6674511e+02 1.6399776e+02      
1.7681043e+02 1.4747464e+02      
1.7689886e+02 1.4794748e+02      
1.7782367e+02 1.4866228e+02      
1.7731178e+02 1.4853886e+02      
1.7525223e+02 1.4759571e+02      
1.7176773e+02 1.4592219e+02      
1.6904821e+02 1.4470295e+02      
1.6695299e+02 1.4391886e+02      
1.6530932e+02 1.4343825e+02      
1.6417124e+02 1.4313283e+02      
1.6362049e+02 1.4290024e+02      
1.6370578e+02 1.4267285e+02      
1.6445689e+02 1.4240130e+02      
1.6589699e+02 1.4204219e+02      
1.6801203e+02 1.4155704e+02      
1.7065449e+02 1.4093303e+02      
1.7327914e+02 1.4031991e+02      
1.7573916e+02 1.3974536e+02      
1.7808486e+02 1.3913906e+02      
1.8078031e+02 1.3827536e+02      
1.9096601e+02 1.1999781e+02      
1.9119282e+02 1.2022543e+02      
1.9225658e+02 1.2061548e+02      
1.9183675e+02 1.2025810e+02      
1.8983846e+02 1.1914266e+02      
1.8639662e+02 1.1738998e+02      
1.8370694e+02 1.1604984e+02      
1.8138753e+02 1.1527486e+02      
1.7927834e+02 1.1494001e+02      
1.7768569e+02 1.1478392e+02      
1.7674631e+02 1.1466755e+02      
1.7648328e+02 1.1453244e+02      
1.7689774e+02 1.1434027e+02      
1.7797269e+02 1.1405956e+02      
1.7965718e+02 1.1366547e+02      
1.8183599e+02 1.1314978e+02      
1.8428252e+02 1.1255223e+02      
1.8649515e+02 1.1208775e+02      
1.8885920e+02 1.1150593e+02      
1.9150285e+02 1.1070216e+02      
2.0142429e+02 9.0561444e+01      
2.0127729e+02 9.0281812e+01      
2.0127541e+02 8.9888693e+01      
2.0061677e+02 8.9126085e+01      
1.9904662e+02 8.7942344e+01      
1.9690316e+02 8.6469910e+01      
1.9500204e+02 8.5082996e+01      
1.9261546e+02 8.4442932e+01      
1.8982473e+02 8.4491543e+01      
1.8773281e+02 8.4591767e+01      
1.8640387e+02 8.4645236e+01      
1.8579540e+02 8.4641042e+01      
1.8588078e+02 8.4562776e+01      
1.8662060e+02 8.4390673e+01      
1.8794599e+02 8.4109271e+01      
1.8974454e+02 8.3721127e+01      
1.9183796e+02 8.3271430e+01      
1.9402345e+02 8.2833278e+01      
1.9634914e+02 8.2338769e+01      
1.9888005e+02 8.1681761e+01      
2.0827578e+02 5.9756174e+01      
2.0783636e+02 5.8946546e+01      
2.0738034e+02 5.7967413e+01      
2.0659969e+02 5.6799757e+01      
2.0532078e+02 5.5487207e+01      
2.0371105e+02 5.4105242e+01      
2.0209357e+02 5.2786354e+01      
1.9962969e+02 5.2352169e+01      
1.9652367e+02 5.2748529e+01      
1.9406742e+02 5.3108763e+01      
1.9240037e+02 5.3342869e+01      
1.9147905e+02 5.3486059e+01      
1.9127070e+02 5.3543972e+01      
1.9172986e+02 5.3500959e+01      
1.9278596e+02 5.3337041e+01      
1.9433552e+02 5.3050021e+01      
1.9623666e+02 5.2682839e+01      
1.9833000e+02 5.2330472e+01      
2.0053017e+02 5.2030938e+01      
2.0287405e+02 5.1647783e+01      
2.1162498e+02 2.8173056e+01      
2.1109972e+02 2.6840389e+01      
2.1056680e+02 2.5335372e+01      
2.0986930e+02 2.3732101e+01      
2.0877714e+02 2.2201865e+01      
2.0707250e+02 2.0955334e+01      
2.0521442e+02 1.9842943e+01      
2.0253978e+02 1.9670903e+01      
1.9925808e+02 2.0355775e+01      
1.9655801e+02 2.0908090e+01      
1.9461590e+02 2.1283512e+01      
1.9342531e+02 2.1567663e+01      
1.9296994e+02 2.1779419e+01      
1.9321041e+02 2.1889694e+01      
1.9408255e+02 2.1852755e+01      
1.9550083e+02 2.1633182e+01      
1.9735670e+02 2.1243372e+01      
1.9942921e+02 2.0901309e+01      
2.0139702e+02 2.0985448e+01      
2.0346346e+02 2.1070177e+01      
2.1150280e+02 -3.6255707e+00      
2.1103100e+02 -5.5160177e+00      
2.1059519e+02 -7.5893059e+00      
2.1013277e+02 -9.7220305e+00      
2.0944988e+02 -1.1669222e+01      
2.0701591e+02 -1.2428552e+01      
2.0451063e+02 -1.3041214e+01      
2.0148352e+02 -1.2878654e+01      
1.9807657e+02 -1.2049831e+01      
1.9519133e+02 -1.1455266e+01      
1.9300628e+02 -1.1033496e+01      
1.9157947e+02 -1.0627244e+01      
1.9092348e+02 -1.0230397e+01      
1.9100610e+02 -9.9188444e+00      
1.9176659e+02 -9.7880238e+00      
1.9313391e+02 -9.9348278e+00      
1.9506322e+02 -1.0457091e+01      
1.9739277e+02 -1.1168302e+01      
1.9890360e+02 -1.0280271e+01      
2.0063278e+02 -9.5150784e+00      
2.0792186e+02 -3.5078584e+01      
2.0759233e+02 -3.7596835e+01      
2.0735118e+02 -4.0343099e+01      
2.0706742e+02 -4.3059688e+01      
2.0626427e+02 -4.5195375e+01      
2.0339957e+02 -4.5481777e+01      
2.0005688e+02 -4.5156948e+01      
1.9657829e+02 -4.4554809e+01      
1.9312949e+02 -4.3887270e+01      
1.9004737e+02 -4.3467675e+01      
1.8758097e+02 -4.3199989e+01      
1.8593265e+02 -4.2653162e+01      
1.8512015e+02 -4.1996746e+01      
1.8510733e+02 -4.1390516e+01      
1.8581966e+02 -4.0995256e+01      
1.8717392e+02 -4.0981060e+01      
1.8911022e+02 -4.1495423e+01      
1.9140457e+02 -4.2265674e+01      
1.9288626e+02 -4.1005543e+01      
1.9440023e+02 -3.9524694e+01      
2.0090972e+02 -6.5601355e+01      
2.0078000e+02 -6.8841138e+01      
2.0082200e+02 -7.2429721e+01      
2.0078402e+02 -7.5884853e+01      
1.9944690e+02 -7.7816886e+01      
1.9653117e+02 -7.7950927e+01      
1.9241309e+02 -7.6615198e+01      
1.8844608e+02 -7.5449465e+01      
1.8471885e+02 -7.4690465e+01      
1.8130495e+02 -7.4512549e+01      
1.7839339e+02 -7.4840302e+01      
1.7652174e+02 -7.4040693e+01      
1.7558397e+02 -7.3070172e+01      
1.7556259e+02 -7.1995124e+01      
1.7630094e+02 -7.1170387e+01      
1.7768782e+02 -7.0854647e+01      
1.7960648e+02 -7.1197455e+01      
1.8180795e+02 -7.1787476e+01      
1.8352652e+02 -7.0689238e+01      
1.8486669e+02 -6.8331625e+01      
1.9051786e+02 -9.4569212e+01      
1.9057020e+02 -9.8557148e+01      
1.9091347e+02 -1.0313535e+02      
1.9041324e+02 -1.0653509e+02      
1.8871048e+02 -1.0830018e+02      
1.8568287e+02 -1.0827373e+02      
1.8142394e+02 -1.0650432e+02      
1.7713644e+02 -1.0478087e+02      
1.7307885e+02 -1.0373361e+02      
1.6927154e+02 -1.0360570e+02      
1.6583453e+02 -1.0426221e+02      
1.6353777e+02 -1.0397457e+02      
1.6243955e+02 -1.0290068e+02      
1.6251767e+02 -1.0113933e+02      
1.6334359e+02 -9.9733705e+01      
1.6485593e+02 -9.8832088e+01      
1.6683130e+02 -9.8891458e+01      
1.6885377e+02 -9.8426131e+01      
1.7064337e+02 -9.7081726e+01      
1.7215009e+02 -9.4962773e+01      
1.7686594e+02 -1.2137239e+02      
1.7691576e+02 -1.2589889e+02      
1.7700997e+02 -1.3070947e+02      
1.7614022e+02 -1.3397652e+02      
1.7421250e+02 -1.3561996e+02      
1.7123008e+02 -1.3565749e+02      
1.6729482e+02 -1.3416499e+02      
1.6276289e+02 -1.3168996e+02      
1.5845649e+02 -1.3022922e+02      
1.5432436e+02 -1.2996289e+02      
1.5043311e+02 -1.3065315e+02      
1.4780119e+02 -1.3053358e+02      
1.4649805e+02 -1.2954074e+02      
1.4637783e+02 -1.2793702e+02      
1.4723743e+02 -1.2608886e+02      
1.4897990e+02 -1.2404615e+02      
1.5094703e+02 -1.2258429e+02      
1.5296966e+02 -1.2104489e+02      
1.5478665e+02 -1.1931593e+02      
1.5635408e+02 -1.1742616e+02      
1.6018004e+02 -1.4545420e+02      
1.6015686e+02 -1.5040366e+02      
1.5965904e+02 -1.5450569e+02      
1.5842718e+02 -1.5736188e+02      
1.5636722e+02 -1.5886524e+02      
1.5347919e+02 -1.5900601e+02      
1.4980823e+02 -1.5775994e+02      
1.4548623e+02 -1.5525847e+02      
1.4116945e+02 -1.5351229e+02      
1.3688142e+02 -1.5301308e+02      
1.3271204e+02 -1.5353206e+02      
1.2990901e+02 -1.5333106e+02      
1.2852122e+02 -1.5229354e+02      
1.2834517e+02 -1.5063233e+02      
1.2917985e+02 -1.4853275e+02      
1.3078776e+02 -1.4617141e+02      
1.3271518e+02 -1.4388499e+02      
1.3488232e+02 -1.4141732e+02      
1.3667268e+02 -1.3937505e+02      
1.3819129e+02 -1.3758981e+02      
1.4069076e+02 -1.6604084e+02      
1.4021040e+02 -1.7013060e+02      
1.3929360e+02 -1.7347332e+02      
1.3781038e+02 -1.7586364e+02      
1.3569532e+02 -1.7720292e+02      
1.3294045e+02 -1.7746329e+02      
1.2958651e+02 -1.7667469e+02      
1.2574358e+02 -1.7502032e+02      
1.2160487e+02 -1.7303906e+02      
1.1738458e+02 -1.7235647e+02      
1.1318562e+02 -1.7262239e+02      
1.1044091e+02 -1.7219361e+02      
1.0917774e+02 -1.7094030e+02      
1.0915181e+02 -1.6903018e+02      
1.1001906e+02 -1.6669090e+02      
1.1171283e+02 -1.6391030e+02      
1.1340937e+02 -1.6141026e+02      
1.1510814e+02 -1.5907829e+02      
1.1665199e+02 -1.5703941e+02      
1.1801305e+02 -1.5531541e+02      
1.1852297e+02 -1.8149228e+02      
1.1770707e+02 -1.8464266e+02      
1.1653767e+02 -1.8729085e+02      
1.1492964e+02 -1.8925143e+02      
1.1283757e+02 -1.9042543e+02      
1.1025870e+02 -1.9079193e+02      
1.0723162e+02 -1.9041488e+02      
1.0383284e+02 -1.8947714e+02      
1.0016042e+02 -1.8838631e+02      
9.6277363e+01 -1.8782495e+02      
9.2366163e+01 -1.8780645e+02      
8.9995200e+01 -1.8703113e+02      
8.9013993e+01 -1.8549787e+02      
8.9343019e+01 -1.8322038e+02      
9.0062514e+01 -1.8085855e+02      
9.1174882e+01 -1.7839763e+02      
9.2439755e+01 -1.7604140e+02      
9.3731159e+01 -1.7386721e+02      
9.4973104e+01 -1.7192371e+02      
9.6118104e+01 -1.7025816e+02      
9.4621543e+01 -1.9386791e+02      
9.3599274e+01 -1.9628823e+02      
9.2287696e+01 -1.9837706e+02      
9.0631191e+01 -1.9997099e+02      
8.8602927e+01 -2.0098206e+02      
8.6207771e+01 -2.0139346e+02      
8.3481899e+01 -2.0126433e+02      
8.0487805e+01 -2.0074333e+02      
7.7299497e+01 -2.0007886e+02      
7.3959835e+01 -1.9955147e+02      
7.0677267e+01 -1.9916545e+02      
6.9057506e+01 -1.9791457e+02      
6.8204785e+01 -1.9628076e+02      
6.8091219e+01 -1.9427804e+02      
6.8443424e+01 -1.9211201e+02      
6.9111726e+01 -1.8989547e+02      
6.9977216e+01 -1.8772271e+02      
7.0931542e+01 -1.8567581e+02      
7.1896594e+01 -1.8381561e+02      
7.2818186e+01 -1.8219353e+02      
