1.3459793e+01 2.3366703e+02      
1.2509206e+01 2.3099261e+02      
1.2079147e+01 2.2838317e+02      
1.2131371e+01 2.2591271e+02      
1.2611847e+01 2.2365979e+02      
1.3455287e+01 2.2170147e+02      
1.4597962e+01 2.2010151e+02      
1.5996101e+01 2.1889577e+02      
1.7635099e+01 2.1808503e+02      
1.9518209e+01 2.1764216e+02      
2.1643909e+01 2.1752661e+02      
2.3982817e+01 2.1769558e+02      
2.6454345e+01 2.1810812e+02      
2.8917515e+01 2.1872439e+02      
3.1222880e+01 2.1950584e+02      
3.3317943e+01 2.2041826e+02      
3.5300002e+01 2.2143232e+02      
3.7360057e+01 2.2251950e+02      
3.9674428e+01 2.2364667e+02      
4.2352594e+01 2.2477483e+02      
4.2479343e+01 2.2309197e+02      
4.1801534e+01 2.2027559e+02      
4.1671015e+01 2.1748840e+02      
4.2044785e+01 2.1481430e+02      
4.2853451e+01 2.1235046e+02      
4.4001783e+01 2.1020246e+02      
4.5387505e+01 2.0846586e+02      
4.6947671e+01 2.0719201e+02      
4.8690453e+01 2.0636681e+02      
5.0663267e+01 2.0593221e+02      
5.2905440e+01 2.0582108e+02      
5.5419302e+01 2.0597593e+02      
5.8124885e+01 2.0635113e+02      
6.0771996e+01 2.0690272e+02      
6.3000575e+01 2.0758400e+02      
6.4661989e+01 2.0835967e+02      
6.5960747e+01 2.0920797e+02      
6.7309159e+01 2.1011178e+02      
6.8998320e+01 2.1104110e+02      
7.1138311e+01 2.1195385e+02      
7.0257876e+01 2.0903793e+02      
6.9884350e+01 2.0605277e+02      
7.0097324e+01 2.0304853e+02      
7.0855706e+01 2.0011553e+02      
7.2077303e+01 1.9737152e+02      
7.3623184e+01 1.9496601e+02      
7.5300998e+01 1.9306377e+02      
7.6982233e+01 1.9176122e+02      
7.8745209e+01 1.9099909e+02      
8.0733806e+01 1.9064955e+02      
8.3048871e+01 1.9060218e+02      
8.5759542e+01 1.9078402e+02      
8.8899567e+01 1.9115754e+02      
9.2136210e+01 1.9168758e+02      
9.4412779e+01 1.9229191e+02      
9.5398383e+01 1.9294023e+02      
9.5491750e+01 1.9362083e+02      
9.5823511e+01 1.9435848e+02      
9.6771231e+01 1.9511877e+02      
9.8319817e+01 1.9584780e+02      
9.6324733e+01 1.9177519e+02      
9.6274308e+01 1.8859788e+02      
9.6865878e+01 1.8533567e+02      
9.8076011e+01 1.8207368e+02      
9.9828177e+01 1.7894211e+02      
1.0195294e+02 1.7614122e+02      
1.0407768e+02 1.7397657e+02      
1.0572221e+02 1.7275551e+02      
1.0732155e+02 1.7220797e+02      
1.0919855e+02 1.7206136e+02      
1.1148503e+02 1.7215082e+02      
1.1429077e+02 1.7239176e+02      
1.1790206e+02 1.7276829e+02      
1.2246994e+02 1.7331462e+02      
1.2486909e+02 1.7384126e+02      
1.2497995e+02 1.7438565e+02      
1.2299767e+02 1.7489741e+02      
1.2217897e+02 1.7551317e+02      
1.2241580e+02 1.7614688e+02      
1.2339791e+02 1.7673118e+02      
1.2023107e+02 1.7163289e+02      
1.2049958e+02 1.6825254e+02      
1.2147931e+02 1.6470305e+02      
1.2319159e+02 1.6103861e+02      
1.2560818e+02 1.5737024e+02      
1.2856061e+02 1.5394944e+02      
1.3152256e+02 1.5127731e+02      
1.3272418e+02 1.5039767e+02      
1.3390446e+02 1.5031133e+02      
1.3552449e+02 1.5053431e+02      
1.3766646e+02 1.5084007e+02      
1.4030099e+02 1.5115522e+02      
1.4360393e+02 1.5147195e+02      
1.4775615e+02 1.5179040e+02      
1.4969612e+02 1.5219910e+02      
1.4934180e+02 1.5270127e+02      
1.4690115e+02 1.5329910e+02      
1.4562658e+02 1.5388588e+02      
1.4540678e+02 1.5444389e+02      
1.4592789e+02 1.5492700e+02      
1.4156252e+02 1.4898985e+02      
1.4211144e+02 1.4541986e+02      
1.4343609e+02 1.4159271e+02      
1.4564209e+02 1.3748409e+02      
1.4879256e+02 1.3313048e+02      
1.5263338e+02 1.2890894e+02      
1.5553277e+02 1.2617314e+02      
1.5715520e+02 1.2520822e+02      
1.5785325e+02 1.2580048e+02      
1.5917347e+02 1.2656939e+02      
1.6120440e+02 1.2714755e+02      
1.6355641e+02 1.2753207e+02      
1.6570575e+02 1.2777103e+02      
1.6762538e+02 1.2799212e+02      
1.6850525e+02 1.2830100e+02      
1.6809867e+02 1.2873742e+02      
1.6682212e+02 1.2928234e+02      
1.6579669e+02 1.2985118e+02      
1.6538564e+02 1.3037654e+02      
1.6556142e+02 1.3080254e+02      
1.5995815e+02 1.2425767e+02      
1.6071182e+02 1.2054039e+02      
1.6225423e+02 1.1652281e+02      
1.6477243e+02 1.1209392e+02      
1.6850770e+02 1.0706239e+02      
1.7215444e+02 1.0275970e+02      
1.7503880e+02 9.9980103e+01      
1.7698558e+02 9.8994766e+01      
1.7825403e+02 9.9560896e+01      
1.7950607e+02 1.0089837e+02      
1.8178923e+02 1.0161900e+02      
1.8426901e+02 1.0200612e+02      
1.8505594e+02 1.0205896e+02      
1.8533213e+02 1.0211957e+02      
1.8517360e+02 1.0229399e+02      
1.8452801e+02 1.0266391e+02      
1.8357864e+02 1.0321024e+02      
1.8270476e+02 1.0380959e+02      
1.8216727e+02 1.0435018e+02      
1.8205294e+02 1.0476338e+02      
1.7513121e+02 9.7859693e+01      
1.7600002e+02 9.4042600e+01      
1.7758390e+02 8.9971301e+01      
1.7995758e+02 8.5657575e+01      
1.8313084e+02 8.1103101e+01      
1.8678681e+02 7.6560585e+01      
1.8971670e+02 7.3697365e+01      
1.9180790e+02 7.2879147e+01      
1.9339831e+02 7.3703698e+01      
1.9576497e+02 7.4395036e+01      
1.9887416e+02 7.4737085e+01      
2.0097173e+02 7.4809984e+01      
2.0149028e+02 7.4699434e+01      
2.0051524e+02 7.4527612e+01      
1.9945515e+02 7.4454293e+01      
1.9839892e+02 7.4768577e+01      
1.9732199e+02 7.5463564e+01      
1.9636139e+02 7.6195040e+01      
1.9564016e+02 7.6805466e+01      
1.9523081e+02 7.7247278e+01      
1.8687779e+02 7.0222592e+01      
1.8780000e+02 6.6306861e+01      
1.8932516e+02 6.2225639e+01      
1.9141209e+02 5.8171623e+01      
1.9398900e+02 5.4286012e+01      
1.9689890e+02 5.0690730e+01      
1.9979628e+02 4.7782540e+01      
2.0184939e+02 4.7294503e+01      
2.0423056e+02 4.7306441e+01      
2.0762520e+02 4.7194496e+01      
2.1073202e+02 4.6940318e+01      
2.1268853e+02 4.6610888e+01      
2.1310857e+02 4.6244581e+01      
2.1213233e+02 4.5786534e+01      
2.1046096e+02 4.5213387e+01      
2.0912893e+02 4.5452681e+01      
2.0781379e+02 4.6565969e+01      
2.0667147e+02 4.7506881e+01      
2.0570708e+02 4.8216419e+01      
2.0496996e+02 4.8716391e+01      
1.9506193e+02 4.1799341e+01      
1.9602489e+02 3.7702771e+01      
1.9751449e+02 3.3454493e+01      
1.9934437e+02 2.9586669e+01      
2.0140021e+02 2.6379526e+01      
2.0360635e+02 2.3868494e+01      
2.0589897e+02 2.1972954e+01      
2.0811908e+02 2.0988809e+01      
2.1061896e+02 2.0389674e+01      
2.1366340e+02 1.9760163e+01      
2.1702260e+02 1.8920752e+01      
2.1905209e+02 1.8177294e+01      
2.1935865e+02 1.7596110e+01      
2.1820273e+02 1.6986352e+01      
2.1712851e+02 1.6028798e+01      
2.1606577e+02 1.6088952e+01      
2.1483585e+02 1.7257764e+01      
2.1355598e+02 1.8280830e+01      
2.1229815e+02 1.9069258e+01      
2.1118292e+02 1.9644322e+01      
1.9958852e+02 1.3117330e+01      
2.0058127e+02 8.7604046e+00      
2.0215080e+02 3.9701807e+00      
2.0377163e+02 1.5353287e-01      
2.0538515e+02 -2.4259389e+00      
2.0692750e+02 -3.7243189e+00      
2.0875118e+02 -4.9065061e+00      
2.1077778e+02 -5.9184161e+00      
2.1302682e+02 -6.7930986e+00      
2.1553078e+02 -7.6848500e+00      
2.1814068e+02 -8.7058180e+00      
2.2032443e+02 -9.8276524e+00      
2.2051837e+02 -1.0508395e+01      
2.2022073e+02 -1.1416922e+01      
2.1987178e+02 -1.2595260e+01      
2.1938632e+02 -1.2825964e+01      
2.1852075e+02 -1.1967383e+01      
2.1705660e+02 -1.1023350e+01      
2.1538796e+02 -1.0172757e+01      
2.1381398e+02 -9.4971601e+00      
2.0041061e+02 -1.5235082e+01      
2.0132078e+02 -1.9685430e+01      
2.0270787e+02 -2.4629777e+01      
2.0409161e+02 -2.8340241e+01      
2.0540577e+02 -3.0497559e+01      
2.0664134e+02 -3.1174186e+01      
2.0814780e+02 -3.1955473e+01      
2.0988414e+02 -3.2879674e+01      
2.1178979e+02 -3.3844135e+01      
2.1380145e+02 -3.4855154e+01      
2.1577390e+02 -3.5937332e+01      
2.1738000e+02 -3.7047445e+01      
2.1821832e+02 -3.8075253e+01      
2.1869577e+02 -3.9176117e+01      
2.1909491e+02 -4.0276106e+01      
2.1938499e+02 -4.0924274e+01      
2.1920166e+02 -4.0886770e+01      
2.1724889e+02 -4.0055165e+01      
2.1496381e+02 -3.9078317e+01      
2.1281985e+02 -3.8238395e+01      
1.9757773e+02 -4.2724978e+01      
1.9831967e+02 -4.7029913e+01      
1.9941095e+02 -5.1824325e+01      
2.0053993e+02 -5.5338255e+01      
2.0165079e+02 -5.7272151e+01      
2.0275023e+02 -5.7733366e+01      
2.0404138e+02 -5.8392386e+01      
2.0550663e+02 -5.9299290e+01      
2.0708770e+02 -6.0316221e+01      
2.0871254e+02 -6.1396767e+01      
2.1027312e+02 -6.2527995e+01      
2.1163082e+02 -6.3696207e+01      
2.1273323e+02 -6.4906076e+01      
2.1375165e+02 -6.6210554e+01      
2.1487840e+02 -6.7577831e+01      
2.1597659e+02 -6.8738647e+01      
2.1573843e+02 -6.9017819e+01      
2.1393980e+02 -6.8423706e+01      
2.1093645e+02 -6.7194639e+01      
2.0813981e+02 -6.6090821e+01      
1.9123086e+02 -6.8932426e+01      
1.9178609e+02 -7.2836977e+01      
1.9258099e+02 -7.7142415e+01      
1.9347396e+02 -8.0344794e+01      
1.9441930e+02 -8.2237489e+01      
1.9542405e+02 -8.2877308e+01      
1.9654010e+02 -8.3686878e+01      
1.9776607e+02 -8.4687499e+01      
1.9906498e+02 -8.5777295e+01      
2.0038403e+02 -8.6916905e+01      
2.0166138e+02 -8.8094312e+01      
2.0285063e+02 -8.9313974e+01      
2.0398054e+02 -9.0607453e+01      
2.0524217e+02 -9.2069767e+01      
2.0691523e+02 -9.3819135e+01      
2.0790887e+02 -9.5117688e+01      
2.0762097e+02 -9.5565423e+01      
2.0589442e+02 -9.5088753e+01      
2.0299808e+02 -9.3900323e+01      
1.9963319e+02 -9.2483455e+01      
1.8156498e+02 -9.3569043e+01      
1.8196174e+02 -9.6879314e+01      
1.8254017e+02 -1.0020587e+02      
1.8324000e+02 -1.0298587e+02      
1.8402445e+02 -1.0498497e+02      
1.8488396e+02 -1.0632835e+02      
1.8582113e+02 -1.0749261e+02      
1.8682715e+02 -1.0865816e+02      
1.8787650e+02 -1.0983816e+02      
1.8893393e+02 -1.1102882e+02      
1.8996464e+02 -1.1223122e+02      
1.9095202e+02 -1.1345665e+02      
1.9192332e+02 -1.1473366e+02      
1.9296603e+02 -1.1611592e+02      
1.9413314e+02 -1.1764033e+02      
1.9518124e+02 -1.1917557e+02      
1.9491273e+02 -1.1978471e+02      
1.9313513e+02 -1.1928756e+02      
1.9013466e+02 -1.1795816e+02      
1.8717071e+02 -1.1680385e+02      
1.6880518e+02 -1.1644209e+02      
1.6907667e+02 -1.1926087e+02      
1.6949554e+02 -1.2201978e+02      
1.7002919e+02 -1.2448232e+02      
1.7065077e+02 -1.2651645e+02      
1.7134359e+02 -1.2816526e+02      
1.7209595e+02 -1.2958504e+02      
1.7289291e+02 -1.3089747e+02      
1.7371278e+02 -1.3215482e+02      
1.7452946e+02 -1.3337720e+02      
1.7531851e+02 -1.3457550e+02      
1.7606529e+02 -1.3576071e+02      
1.7677057e+02 -1.3694682e+02      
1.7743997e+02 -1.3814616e+02      
1.7804103e+02 -1.3934994e+02      
1.7842095e+02 -1.4047799e+02      
1.7818495e+02 -1.4124713e+02      
1.7630513e+02 -1.4063350e+02      
1.7387354e+02 -1.3973171e+02      
1.7133619e+02 -1.3888551e+02      
1.5320415e+02 -1.3733105e+02      
1.5337304e+02 -1.3980350e+02      
1.5366108e+02 -1.4222678e+02      
1.5404748e+02 -1.4447184e+02      
1.5451198e+02 -1.4646050e+02      
1.5503718e+02 -1.4819312e+02      
1.5560717e+02 -1.4972555e+02      
1.5620461e+02 -1.5111994e+02      
1.5680910e+02 -1.5241815e+02      
1.5739797e+02 -1.5364337e+02      
1.5794877e+02 -1.5480825e+02      
1.5844138e+02 -1.5592005e+02      
1.5885630e+02 -1.5698092e+02      
1.5916339e+02 -1.5798223e+02      
1.5929824e+02 -1.5889078e+02      
1.5913352e+02 -1.5962663e+02      
1.5842889e+02 -1.5999668e+02      
1.5691786e+02 -1.5975096e+02      
1.5491147e+02 -1.5919717e+02      
1.5268866e+02 -1.5858113e+02      
1.3504693e+02 -1.5596692e+02      
1.3512767e+02 -1.5818606e+02      
1.3530204e+02 -1.6037485e+02      
1.3555569e+02 -1.6245018e+02      
1.3587282e+02 -1.6435721e+02      
1.3623740e+02 -1.6608030e+02      
1.3663303e+02 -1.6763496e+02      
1.3704202e+02 -1.6904859e+02      
1.3744462e+02 -1.7034561e+02      
1.3781926e+02 -1.7154253e+02      
1.3814303e+02 -1.7264848e+02      
1.3839142e+02 -1.7366628e+02      
1.3853537e+02 -1.7459147e+02      
1.3853418e+02 -1.7540828e+02      
1.3832492e+02 -1.7608250e+02      
1.3781416e+02 -1.7655308e+02      
1.3688742e+02 -1.7673431e+02      
1.3548802e+02 -1.7658576e+02      
1.3370378e+02 -1.7619719e+02      
1.3167640e+02 -1.7570081e+02      
1.1465209e+02 -1.7207835e+02      
1.1465430e+02 -1.7410168e+02      
1.1472695e+02 -1.7610839e+02      
1.1485987e+02 -1.7803808e+02      
1.1504053e+02 -1.7984730e+02      
1.1525488e+02 -1.8151445e+02      
1.1548746e+02 -1.8303685e+02      
1.1572123e+02 -1.8442240e+02      
1.1593724e+02 -1.8568151e+02      
1.1611460e+02 -1.8682235e+02      
1.1623026e+02 -1.8784897e+02      
1.1625825e+02 -1.8876049e+02      
1.1616766e+02 -1.8954986e+02      
1.1591930e+02 -1.9020187e+02      
1.1546278e+02 -1.9069104e+02      
1.1473849e+02 -1.9098267e+02      
1.1369236e+02 -1.9104433e+02      
1.1230692e+02 -1.9087345e+02      
1.1062085e+02 -1.9051581e+02      
1.0870670e+02 -1.9004524e+02      
9.2369004e+01 -1.8542115e+02      
9.2299415e+01 -1.8728552e+02      
9.2279553e+01 -1.8914052e+02      
9.2302262e+01 -1.9093840e+02      
9.2357675e+01 -1.9264216e+02      
9.2433758e+01 -1.9422814e+02      
9.2516573e+01 -1.9568492e+02      
9.2590298e+01 -1.9700939e+02      
9.2637154e+01 -1.9820231e+02      
9.2637295e+01 -1.9926491e+02      
9.2568570e+01 -2.0019668e+02      
9.2405983e+01 -2.0099418e+02      
9.2120766e+01 -2.0165005e+02      
9.1679498e+01 -2.0215232e+02      
9.1044541e+01 -2.0248488e+02      
9.0178046e+01 -2.0263054e+02      
8.9051407e+01 -2.0257899e+02      
8.7657781e+01 -2.0233775e+02      
8.6017847e+01 -2.0193758e+02      
8.4171996e+01 -2.0142581e+02      
