3.5575403e+01 2.4044155e+02      
3.5231645e+01 2.4074210e+02      
3.5265888e+01 2.4120149e+02      
3.5483973e+01 2.4150014e+02      
3.5463451e+01 2.4080331e+02      
3.5220160e+01 2.3914356e+02      
3.5173929e+01 2.3742297e+02      
3.5257486e+01 2.3605635e+02      
3.4800259e+01 2.3517367e+02      
3.3585157e+01 2.3479990e+02      
3.1892377e+01 2.3487638e+02      
3.0475130e+01 2.3529507e+02      
2.9641671e+01 2.3597315e+02      
2.9440809e+01 2.3685529e+02      
2.9877255e+01 2.3789642e+02      
3.0945642e+01 2.3905364e+02      
3.2637452e+01 2.4028272e+02      
3.4942387e+01 2.4153703e+02      
3.7848308e+01 2.4276748e+02      
4.1340775e+01 2.4392296e+02      
6.4441075e+01 2.3115785e+02      
6.4420656e+01 2.3172956e+02      
6.4965781e+01 2.3276455e+02      
6.5969900e+01 2.3419173e+02      
6.6112405e+01 2.3335424e+02      
6.5473416e+01 2.3028417e+02      
6.5573892e+01 2.2768033e+02      
6.6502978e+01 2.2572115e+02      
6.6137043e+01 2.2448931e+02      
6.4305502e+01 2.2396593e+02      
6.1205552e+01 2.2402621e+02      
5.8929184e+01 2.2441513e+02      
5.7553228e+01 2.2502955e+02      
5.6953090e+01 2.2582379e+02      
5.7067384e+01 2.2675977e+02      
5.7858592e+01 2.2779810e+02      
5.9300505e+01 2.2889569e+02      
6.1372258e+01 2.3000550e+02      
6.4055057e+01 2.3107701e+02      
6.7330130e+01 2.3205712e+02      
9.1792058e+01 2.1795597e+02      
9.2037765e+01 2.1863035e+02      
9.2977978e+01 2.1987472e+02      
9.4486377e+01 2.2152025e+02      
9.4713797e+01 2.2053596e+02      
9.3777519e+01 2.1694335e+02      
9.3809707e+01 2.1377388e+02      
9.4875533e+01 2.1128532e+02      
9.4434789e+01 2.0976644e+02      
9.2186269e+01 2.0917442e+02      
8.8424027e+01 2.0934849e+02      
8.5582794e+01 2.0977090e+02      
8.3790057e+01 2.1035364e+02      
8.2856938e+01 2.1108428e+02      
8.2682885e+01 2.1193928e+02      
8.3209643e+01 2.1288528e+02      
8.4399196e+01 2.1388109e+02      
8.6223466e+01 2.1487940e+02      
8.8659250e+01 2.1582817e+02      
9.1685229e+01 2.1667211e+02      
1.1714217e+02 2.0099933e+02      
1.1752487e+02 2.0153916e+02      
1.1862745e+02 2.0257759e+02      
1.2034281e+02 2.0392493e+02      
1.2054051e+02 2.0280141e+02      
1.1933125e+02 1.9922070e+02      
1.1910762e+02 1.9592670e+02      
1.1989938e+02 1.9316971e+02      
1.1923016e+02 1.9150528e+02      
1.1679584e+02 1.9090165e+02      
1.1289359e+02 1.9119924e+02      
1.0986663e+02 1.9165237e+02      
1.0785982e+02 1.9220629e+02      
1.0670161e+02 1.9288557e+02      
1.0629673e+02 1.9367971e+02      
1.0658709e+02 1.9455978e+02      
1.0753273e+02 1.9548553e+02      
1.0910339e+02 1.9640868e+02      
1.1127459e+02 1.9727512e+02      
1.1402501e+02 1.9802681e+02      
1.4009845e+02 1.8059472e+02      
1.4046361e+02 1.8078832e+02      
1.4141329e+02 1.8128501e+02      
1.4289681e+02 1.8195484e+02      
1.4295712e+02 1.8070945e+02      
1.4165916e+02 1.7756996e+02      
1.4111476e+02 1.7460145e+02      
1.4131366e+02 1.7196848e+02      
1.4029417e+02 1.7035186e+02      
1.3787990e+02 1.6972979e+02      
1.3429232e+02 1.7000294e+02      
1.3142114e+02 1.7039556e+02      
1.2939166e+02 1.7089322e+02      
1.2811550e+02 1.7152338e+02      
1.2754123e+02 1.7227394e+02      
1.2762920e+02 1.7311486e+02      
1.2834565e+02 1.7400442e+02      
1.2966190e+02 1.7489210e+02      
1.3155499e+02 1.7572073e+02      
1.3400677e+02 1.7642863e+02      
1.6038196e+02 1.5717290e+02      
1.6063165e+02 1.5689553e+02      
1.6115275e+02 1.5664090e+02      
1.6167010e+02 1.5615364e+02      
1.6153206e+02 1.5479919e+02      
1.6073672e+02 1.5261468e+02      
1.5989990e+02 1.5030779e+02      
1.5903505e+02 1.4829193e+02      
1.5755973e+02 1.4689474e+02      
1.5530833e+02 1.4620294e+02      
1.5257694e+02 1.4610815e+02      
1.5007911e+02 1.4632676e+02      
1.4813303e+02 1.4674402e+02      
1.4680778e+02 1.4732960e+02      
1.4611190e+02 1.4805555e+02      
1.4602970e+02 1.4888608e+02      
1.4653446e+02 1.4977613e+02      
1.4759830e+02 1.5067169e+02      
1.4920084e+02 1.5151131e+02      
1.5133128e+02 1.5222845e+02      
1.7780637e+02 1.3123753e+02      
1.7797328e+02 1.3047666e+02      
1.7820031e+02 1.2960473e+02      
1.7826663e+02 1.2850128e+02      
1.7793097e+02 1.2702238e+02      
1.7714508e+02 1.2522781e+02      
1.7602668e+02 1.2338866e+02      
1.7459484e+02 1.2178020e+02      
1.7275111e+02 1.2059348e+02      
1.7050554e+02 1.1990051e+02      
1.6807458e+02 1.1965685e+02      
1.6579098e+02 1.1975515e+02      
1.6390799e+02 1.2010896e+02      
1.6255022e+02 1.2066770e+02      
1.6176126e+02 1.2139313e+02      
1.6153845e+02 1.2224514e+02      
1.6185293e+02 1.2317575e+02      
1.6266843e+02 1.2412677e+02      
1.6396448e+02 1.2503091e+02      
1.6574612e+02 1.2581517e+02      
1.9222360e+02 1.0330659e+02      
1.9242791e+02 1.0209044e+02      
1.9257992e+02 1.0073794e+02      
1.9249347e+02 9.9239941e+01      
1.9200953e+02 9.7601087e+01      
1.9105889e+02 9.5898074e+01      
1.8965562e+02 9.4279236e+01      
1.8783652e+02 9.2901385e+01      
1.8565326e+02 9.1875179e+01      
1.8322328e+02 9.1242370e+01      
1.8074808e+02 9.0982678e+01      
1.7846219e+02 9.1043924e+01      
1.7655795e+02 9.1374304e+01      
1.7515097e+02 9.1933405e+01      
1.7428705e+02 9.2685960e+01      
1.7395874e+02 9.3593494e+01      
1.7411854e+02 9.4608142e+01      
1.7469590e+02 9.5667432e+01      
1.7565514e+02 9.6695149e+01      
1.7704527e+02 9.7609818e+01      
2.0349079e+02 7.3889773e+01      
2.0389013e+02 7.2223057e+01      
2.0415973e+02 7.0426323e+01      
2.0409441e+02 6.8566133e+01      
2.0353738e+02 6.6716696e+01      
2.0240835e+02 6.4970455e+01      
2.0070429e+02 6.3432048e+01      
1.9848745e+02 6.2192368e+01      
1.9588584e+02 6.1302570e+01      
1.9309903e+02 6.0765686e+01      
1.9036957e+02 6.0552495e+01      
1.8792036e+02 6.0628864e+01      
1.8591199e+02 6.0969335e+01      
1.8443533e+02 6.1553696e+01      
1.8351960e+02 6.2358936e+01      
1.8314027e+02 6.3354421e+01      
1.8322087e+02 6.4499086e+01      
1.8360762e+02 6.5728542e+01      
1.8413773e+02 6.6944419e+01      
1.8505874e+02 6.8059550e+01      
2.1146290e+02 4.3500505e+01      
2.1226128e+02 4.1344901e+01      
2.1285819e+02 3.9066736e+01      
2.1297620e+02 3.6802427e+01      
2.1243468e+02 3.4678496e+01      
2.1114512e+02 3.2807170e+01      
2.0910532e+02 3.1278032e+01      
2.0640061e+02 3.0143457e+01      
2.0321825e+02 2.9404022e+01      
1.9986378e+02 2.9006310e+01      
1.9669366e+02 2.8879222e+01      
1.9395920e+02 2.8993881e+01      
1.9178950e+02 2.9357664e+01      
1.9023886e+02 2.9980241e+01      
1.8931033e+02 3.0855815e+01      
1.8896240e+02 3.1963197e+01      
1.8908243e+02 3.3276426e+01      
1.8940716e+02 3.4754059e+01      
1.8925011e+02 3.6231866e+01      
1.8962571e+02 3.7632369e+01      
2.1596278e+02 1.2681618e+01      
2.1749459e+02 9.9358308e+00      
2.1869098e+02 7.0741093e+00      
2.1916882e+02 4.3149013e+00      
2.1873865e+02 1.8367313e+00      
2.1731096e+02 -2.2209283e-01      
2.1488507e+02 -1.7728344e+00      
2.1155285e+02 -2.7858295e+00      
2.0753032e+02 -3.3055932e+00      
2.0326110e+02 -3.4699146e+00      
1.9945654e+02 -3.4850682e+00      
1.9636019e+02 -3.3476644e+00      
1.9401248e+02 -2.9787803e+00      
1.9241087e+02 -2.3220165e+00      
1.9152361e+02 -1.3663388e+00      
1.9129707e+02 -1.3635901e-01      
1.9152921e+02 1.3629053e+00      
1.9135767e+02 3.1294782e+00      
1.9067747e+02 5.0235263e+00      
1.9059689e+02 6.8183899e+00      
2.1657145e+02 -1.7920962e+01      
2.1924502e+02 -2.1390587e+01      
2.2130269e+02 -2.4980284e+01      
2.2231828e+02 -2.8363604e+01      
2.2209543e+02 -3.1289470e+01      
2.2055735e+02 -3.3588385e+01      
2.1770515e+02 -3.5166541e+01      
2.1360014e+02 -3.5998220e+01      
2.0845437e+02 -3.6175442e+01      
2.0282723e+02 -3.5974308e+01      
1.9835104e+02 -3.5941958e+01      
1.9490797e+02 -3.5872203e+01      
1.9241883e+02 -3.5562396e+01      
1.9083905e+02 -3.4896256e+01      
1.9001342e+02 -3.3828672e+01      
1.8993034e+02 -3.2456997e+01      
1.8980894e+02 -3.0687738e+01      
1.8928451e+02 -2.8551578e+01      
1.8829075e+02 -2.6147704e+01      
1.8790398e+02 -2.3867043e+01      
2.1263927e+02 -4.7557635e+01      
2.1505442e+02 -5.1319643e+01      
2.1793996e+02 -5.5691489e+01      
2.1961599e+02 -5.9816920e+01      
2.1969193e+02 -6.3264881e+01      
2.1809510e+02 -6.5824837e+01      
2.1485734e+02 -6.7415358e+01      
2.0999305e+02 -6.8010874e+01      
2.0366213e+02 -6.7722290e+01      
1.9788593e+02 -6.7668727e+01      
1.9313462e+02 -6.7885567e+01      
1.8943528e+02 -6.8086570e+01      
1.8682316e+02 -6.7939059e+01      
1.8537795e+02 -6.7269905e+01      
1.8448545e+02 -6.5942294e+01      
1.8408584e+02 -6.4222868e+01      
1.8381394e+02 -6.2180891e+01      
1.8319935e+02 -5.9683823e+01      
1.8212757e+02 -5.6737429e+01      
1.8159353e+02 -5.3899162e+01      
2.0453633e+02 -7.5768099e+01      
2.0648041e+02 -7.9639086e+01      
2.0885955e+02 -8.4180222e+01      
2.1119366e+02 -8.9154803e+01      
2.1156349e+02 -9.3155266e+01      
2.0993703e+02 -9.5973634e+01      
2.0639000e+02 -9.7541302e+01      
2.0104859e+02 -9.7937734e+01      
1.9449146e+02 -9.7642826e+01      
1.8870469e+02 -9.7977836e+01      
1.8383534e+02 -9.8766663e+01      
1.7991345e+02 -9.9597405e+01      
1.7704399e+02 -9.9823726e+01      
1.7525209e+02 -9.8688958e+01      
1.7422238e+02 -9.6780841e+01      
1.7374913e+02 -9.4631539e+01      
1.7368015e+02 -9.2443112e+01      
1.7325259e+02 -8.9726265e+01      
1.7237793e+02 -8.6257609e+01      
1.7182442e+02 -8.2761578e+01      
1.9269248e+02 -1.0214882e+02      
1.9413057e+02 -1.0599588e+02      
1.9592694e+02 -1.1053563e+02      
1.9796432e+02 -1.1578437e+02      
1.9838107e+02 -1.2022088e+02      
1.9675281e+02 -1.2330283e+02      
1.9298894e+02 -1.2480935e+02      
1.8720829e+02 -1.2484326e+02      
1.8122879e+02 -1.2519736e+02      
1.7566041e+02 -1.2628568e+02      
1.7069850e+02 -1.2801985e+02      
1.6650595e+02 -1.2998790e+02      
1.6334391e+02 -1.3122922e+02      
1.6145673e+02 -1.2909445e+02      
1.6046592e+02 -1.2620347e+02      
1.6001650e+02 -1.2341505e+02      
1.5985267e+02 -1.2088030e+02      
1.5970924e+02 -1.1818563e+02      
1.5936905e+02 -1.1424829e+02      
1.5880946e+02 -1.0990119e+02      
1.7747451e+02 -1.2633050e+02      
1.7838265e+02 -1.3001660e+02      
1.7941968e+02 -1.3424196e+02      
1.8040770e+02 -1.3895890e+02      
1.8083896e+02 -1.4382504e+02      
1.7929453e+02 -1.4722431e+02      
1.7557087e+02 -1.4876209e+02      
1.7010269e+02 -1.4898809e+02      
1.6459577e+02 -1.4995463e+02      
1.5924480e+02 -1.5192100e+02      
1.5413385e+02 -1.5488977e+02      
1.4956891e+02 -1.5827792e+02      
1.4627564e+02 -1.5929862e+02      
1.4436161e+02 -1.5744487e+02      
1.4367871e+02 -1.5338656e+02      
1.4343860e+02 -1.4987086e+02      
1.4333476e+02 -1.4714372e+02      
1.4320988e+02 -1.4387353e+02      
1.4301434e+02 -1.3966153e+02      
1.4275757e+02 -1.3464876e+02      
1.5927969e+02 -1.4801027e+02      
1.5967905e+02 -1.5144386e+02      
1.6002967e+02 -1.5526341e+02      
1.6017500e+02 -1.5940432e+02      
1.5983560e+02 -1.6369136e+02      
1.5844617e+02 -1.6748733e+02      
1.5475025e+02 -1.6880088e+02      
1.5013726e+02 -1.6980767e+02      
1.4521971e+02 -1.7137866e+02      
1.4013516e+02 -1.7400102e+02      
1.3483656e+02 -1.7812106e+02      
1.3022664e+02 -1.8129503e+02      
1.2689406e+02 -1.8219603e+02      
1.2503886e+02 -1.8047945e+02      
1.2445446e+02 -1.7677752e+02      
1.2454080e+02 -1.7266217e+02      
1.2443446e+02 -1.6932611e+02      
1.2428264e+02 -1.6572542e+02      
1.2417937e+02 -1.6135772e+02      
1.2415607e+02 -1.5633827e+02      
1.3852954e+02 -1.6694274e+02      
1.3848965e+02 -1.7008755e+02      
1.3830126e+02 -1.7350142e+02      
1.3783643e+02 -1.7711332e+02      
1.3694053e+02 -1.8085555e+02      
1.3534252e+02 -1.8444440e+02      
1.3198988e+02 -1.8588144e+02      
1.2800279e+02 -1.8729840e+02      
1.2367321e+02 -1.8912563e+02      
1.1910109e+02 -1.9159688e+02      
1.1434138e+02 -1.9481250e+02      
1.0959762e+02 -1.9822240e+02      
1.0621838e+02 -1.9919650e+02      
1.0457306e+02 -1.9730401e+02      
1.0432368e+02 -1.9319714e+02      
1.0410485e+02 -1.8953323e+02      
1.0373744e+02 -1.8661444e+02      
1.0346912e+02 -1.8312226e+02      
1.0340852e+02 -1.7868272e+02      
1.0351756e+02 -1.7351241e+02      
1.1565002e+02 -1.8292215e+02      
1.1525358e+02 -1.8577209e+02      
1.1465747e+02 -1.8879822e+02      
1.1376077e+02 -1.9191945e+02      
1.1243502e+02 -1.9501593e+02      
1.1046797e+02 -1.9777610e+02      
1.0762164e+02 -1.9974862e+02      
1.0418378e+02 -2.0144931e+02      
1.0039854e+02 -2.0324243e+02      
9.6406219e+01 -2.0525758e+02      
9.2325597e+01 -2.0746754e+02      
8.8332956e+01 -2.0955477e+02      
8.4881590e+01 -2.1065844e+02      
8.3566541e+01 -2.0843193e+02      
8.2831724e+01 -2.0530797e+02      
8.2254872e+01 -2.0215096e+02      
8.1717528e+01 -1.9916760e+02      
8.1251793e+01 -1.9604756e+02      
8.1203700e+01 -1.9162266e+02      
8.1239814e+01 -1.8709747e+02      
9.1065761e+01 -1.9577723e+02      
9.0391799e+01 -1.9834311e+02      
8.9498536e+01 -2.0101351e+02      
8.8310297e+01 -2.0370455e+02      
8.6735264e+01 -2.0629725e+02      
8.4673222e+01 -2.0862811e+02      
8.2082168e+01 -2.1059619e+02      
7.9055452e+01 -2.1230607e+02      
7.5741085e+01 -2.1390443e+02      
7.2280421e+01 -2.1544245e+02      
6.8821135e+01 -2.1683925e+02      
6.5554905e+01 -2.1784169e+02      
6.2830517e+01 -2.1791784e+02      
6.1086459e+01 -2.1644381e+02      
5.9935303e+01 -2.1406756e+02      
5.9085575e+01 -2.1130719e+02      
5.8425463e+01 -2.0834344e+02      
5.7948469e+01 -2.0507994e+02      
5.7715601e+01 -2.0128822e+02      
5.7632545e+01 -1.9734125e+02      
