2.8014736e+01 2.4572226e+02      
2.6146618e+01 2.4464903e+02      
2.4667152e+01 2.4351518e+02      
2.3579429e+01 2.4235573e+02      
2.2889767e+01 2.4120416e+02      
2.2610787e+01 2.4009125e+02      
2.2762635e+01 2.3904463e+02      
2.3371665e+01 2.3808935e+02      
2.4467663e+01 2.3724923e+02      
2.6081391e+01 2.3654889e+02      
2.8243472e+01 2.3601661e+02      
3.0984656e+01 2.3568887e+02      
3.4337307e+01 2.3561815e+02      
3.8339093e+01 2.3588725e+02      
4.3051567e+01 2.3664767e+02      
4.8128015e+01 2.3781497e+02      
5.0718786e+01 2.3726086e+02      
5.2540875e+01 2.3656435e+02      
5.4268073e+01 2.3606315e+02      
5.6169208e+01 2.3573801e+02      
5.6392502e+01 2.3680557e+02      
5.4580003e+01 2.3570323e+02      
5.3142150e+01 2.3451173e+02      
5.2075340e+01 2.3327019e+02      
5.1380559e+01 2.3201572e+02      
5.1069954e+01 2.3078116e+02      
5.1169738e+01 2.2959430e+02      
5.1717099e+01 2.2847895e+02      
5.2754424e+01 2.2745731e+02      
5.4325648e+01 2.2655268e+02      
5.6476525e+01 2.2579288e+02      
5.9258596e+01 2.2521644e+02      
6.2737678e+01 2.2488500e+02      
6.7012021e+01 2.2490871e+02      
7.2254741e+01 2.2549671e+02      
7.8157631e+01 2.2661814e+02      
8.1428464e+01 2.2635625e+02      
8.2297818e+01 2.2511022e+02      
8.3118135e+01 2.2425096e+02      
8.4011192e+01 2.2356697e+02      
8.3502859e+01 2.2427718e+02      
8.1777491e+01 2.2312413e+02      
8.0408563e+01 2.2185433e+02      
7.9379775e+01 2.2051291e+02      
7.8679312e+01 2.1914242e+02      
7.8315200e+01 2.1777823e+02      
7.8323132e+01 2.1644653e+02      
7.8757262e+01 2.1516702e+02      
7.9675778e+01 2.1395729e+02      
8.1134700e+01 2.1283580e+02      
8.3190296e+01 2.1182399e+02      
8.5906331e+01 2.1095037e+02      
8.9365121e+01 2.1026138e+02      
9.3686646e+01 2.0984595e+02      
9.9072280e+01 2.0988092e+02      
1.0522226e+02 2.1037254e+02      
1.0869875e+02 2.0996031e+02      
1.0990572e+02 2.0925903e+02      
1.1016018e+02 2.0855155e+02      
1.0970049e+02 2.0757969e+02      
1.0892663e+02 2.0836761e+02      
1.0732692e+02 2.0713807e+02      
1.0606639e+02 2.0576436e+02      
1.0510665e+02 2.0430090e+02      
1.0440532e+02 2.0280036e+02      
1.0395579e+02 2.0130252e+02      
1.0381488e+02 1.9982819e+02      
1.0406994e+02 1.9838766e+02      
1.0479980e+02 1.9699079e+02      
1.0606850e+02 1.9564936e+02      
1.0793451e+02 1.9437468e+02      
1.1046232e+02 1.9317518e+02      
1.1373266e+02 1.9205833e+02      
1.1784849e+02 1.9104557e+02      
1.2294776e+02 1.9021314e+02      
1.2867694e+02 1.8956364e+02      
1.3155401e+02 1.8830778e+02      
1.3222425e+02 1.8809605e+02      
1.3223895e+02 1.8804259e+02      
1.3217911e+02 1.8783466e+02      
1.3226758e+02 1.8936225e+02      
1.3084004e+02 1.8802543e+02      
1.2974747e+02 1.8651427e+02      
1.2892179e+02 1.8489727e+02      
1.2824480e+02 1.8324912e+02      
1.2765165e+02 1.8162257e+02      
1.2726960e+02 1.8002063e+02      
1.2726275e+02 1.7843217e+02      
1.2773044e+02 1.7685795e+02      
1.2873250e+02 1.7530597e+02      
1.3031692e+02 1.7378030e+02      
1.3253722e+02 1.7226836e+02      
1.3546436e+02 1.7072676e+02      
1.3918645e+02 1.6906724e+02      
1.4369656e+02 1.6721687e+02      
1.4838147e+02 1.6524896e+02      
1.5114132e+02 1.6399862e+02      
1.5207847e+02 1.6380669e+02      
1.5176119e+02 1.6455069e+02      
1.5165484e+02 1.6510446e+02      
1.5315225e+02 1.6759932e+02      
1.5194681e+02 1.6611921e+02      
1.5110277e+02 1.6442582e+02      
1.5055251e+02 1.6260249e+02      
1.5003002e+02 1.6076965e+02      
1.4911746e+02 1.5904923e+02      
1.4832687e+02 1.5735937e+02      
1.4796641e+02 1.5564589e+02      
1.4810922e+02 1.5390929e+02      
1.4878375e+02 1.5216513e+02      
1.5001014e+02 1.5042276e+02      
1.5181817e+02 1.4866266e+02      
1.5426126e+02 1.4680897e+02      
1.5744611e+02 1.4466858e+02      
1.6144543e+02 1.4196563e+02      
1.6501896e+02 1.3967730e+02      
1.6738783e+02 1.3834782e+02      
1.6839956e+02 1.3818442e+02      
1.6837282e+02 1.3901548e+02      
1.6800462e+02 1.4022420e+02      
1.7122985e+02 1.4346845e+02      
1.7028751e+02 1.4180565e+02      
1.6976278e+02 1.3987398e+02      
1.6964204e+02 1.3776941e+02      
1.6968808e+02 1.3565449e+02      
1.6795911e+02 1.3395962e+02      
1.6659046e+02 1.3224344e+02      
1.6582593e+02 1.3042696e+02      
1.6561754e+02 1.2853661e+02      
1.6593667e+02 1.2661474e+02      
1.6675810e+02 1.2469840e+02      
1.6807455e+02 1.2278670e+02      
1.6990648e+02 1.2081352e+02      
1.7228312e+02 1.1864547e+02      
1.7513170e+02 1.1616691e+02      
1.7806776e+02 1.1353084e+02      
1.8003430e+02 1.1204565e+02      
1.8086340e+02 1.1200066e+02      
1.8077830e+02 1.1310650e+02      
1.8081354e+02 1.1398049e+02      
1.8617469e+02 1.1741010e+02      
1.8551699e+02 1.1552695e+02      
1.8536076e+02 1.1328620e+02      
1.8558842e+02 1.1083109e+02      
1.8557570e+02 1.0848809e+02      
1.8344103e+02 1.0686081e+02      
1.8163843e+02 1.0514297e+02      
1.8051246e+02 1.0322509e+02      
1.7998423e+02 1.0116493e+02      
1.7997110e+02 9.9052924e+01      
1.8038449e+02 9.6988344e+01      
1.8116484e+02 9.5021114e+01      
1.8231843e+02 9.3096958e+01      
1.8384626e+02 9.1123751e+01      
1.8566531e+02 8.9057295e+01      
1.8755749e+02 8.6991501e+01      
1.8913391e+02 8.5335983e+01      
1.8967507e+02 8.5480854e+01      
1.8991168e+02 8.6016524e+01      
1.9022446e+02 8.6480769e+01      
1.9768883e+02 8.9915429e+01      
1.9730261e+02 8.7792150e+01      
1.9756279e+02 8.5166213e+01      
1.9821893e+02 8.2260459e+01      
1.9757329e+02 7.9917051e+01      
1.9524420e+02 7.8308220e+01      
1.9315000e+02 7.6586610e+01      
1.9175005e+02 7.4541147e+01      
1.9099340e+02 7.2249280e+01      
1.9074014e+02 6.9873866e+01      
1.9081471e+02 6.7624062e+01      
1.9101883e+02 6.5707589e+01      
1.9146320e+02 6.3967353e+01      
1.9219466e+02 6.2273985e+01      
1.9314843e+02 6.0609422e+01      
1.9417744e+02 5.9074152e+01      
1.9505569e+02 5.7955512e+01      
1.9557031e+02 5.7624414e+01      
1.9592428e+02 5.7704077e+01      
1.9633109e+02 5.7875090e+01      
2.0551438e+02 6.1516409e+01      
2.0524727e+02 5.9231269e+01      
2.0580015e+02 5.6246384e+01      
2.0584996e+02 5.3422059e+01      
2.0498697e+02 5.0968554e+01      
2.0316490e+02 4.8944786e+01      
2.0082492e+02 4.7212236e+01      
1.9931762e+02 4.4930206e+01      
1.9848314e+02 4.2279864e+01      
1.9813344e+02 3.9498585e+01      
1.9804377e+02 3.6912594e+01      
1.9757311e+02 3.5217601e+01      
1.9728327e+02 3.3795858e+01      
1.9727190e+02 3.2432003e+01      
1.9749611e+02 3.1098152e+01      
1.9785039e+02 2.9896312e+01      
1.9821054e+02 2.9001955e+01      
1.9850554e+02 2.8531468e+01      
1.9878069e+02 2.8404611e+01      
1.9913392e+02 2.8450720e+01      
2.0952817e+02 3.2714891e+01      
2.0899662e+02 3.0518942e+01      
2.0875586e+02 2.7907466e+01      
2.0829817e+02 2.5222295e+01      
2.0736746e+02 2.2637249e+01      
2.0596292e+02 2.0184412e+01      
2.0435928e+02 1.7735607e+01      
2.0310131e+02 1.4958391e+01      
2.0233990e+02 1.1802732e+01      
2.0197742e+02 8.5035674e+00      
2.0146220e+02 5.8757680e+00      
2.0066203e+02 4.1039072e+00      
1.9968222e+02 3.0763138e+00      
1.9899012e+02 2.0676850e+00      
1.9859113e+02 9.7812502e-01      
1.9839942e+02 -6.4329628e-02      
1.9832810e+02 -8.8246562e-01      
1.9833176e+02 -1.3640021e+00      
1.9841696e+02 -1.5123858e+00      
1.9862292e+02 -1.4311881e+00      
2.0982832e+02 3.9097203e+00      
2.0901843e+02 1.8256744e+00      
2.0832487e+02 -5.9909271e-01      
2.0755918e+02 -3.2202958e+00      
2.0658875e+02 -5.9294854e+00      
2.0541692e+02 -8.7009782e+00      
2.0419192e+02 -1.1607243e+01      
2.0315204e+02 -1.4818779e+01      
2.0247443e+02 -1.8493366e+01      
2.0179773e+02 -2.1890818e+01      
2.0092575e+02 -2.4575217e+01      
1.9980681e+02 -2.6397571e+01      
1.9851680e+02 -2.7476188e+01      
1.9725332e+02 -2.8191601e+01      
1.9634573e+02 -2.9202574e+01      
1.9570233e+02 -3.0258685e+01      
1.9524870e+02 -3.1110547e+01      
1.9495006e+02 -3.1587905e+01      
1.9479955e+02 -3.1641486e+01      
1.9480913e+02 -3.1370390e+01      
2.0657976e+02 -2.4515001e+01      
2.0560035e+02 -2.6542496e+01      
2.0469240e+02 -2.8911033e+01      
2.0377099e+02 -3.1538832e+01      
2.0277450e+02 -3.4357377e+01      
2.0170063e+02 -3.7333601e+01      
2.0060760e+02 -4.0475367e+01      
1.9958124e+02 -4.3821690e+01      
1.9866328e+02 -4.7381236e+01      
1.9776890e+02 -5.0985909e+01      
1.9659790e+02 -5.3763225e+01      
1.9515076e+02 -5.5546830e+01      
1.9351410e+02 -5.6545446e+01      
1.9201128e+02 -5.7630559e+01      
1.9074897e+02 -5.8897482e+01      
1.8973092e+02 -6.0188501e+01      
1.8893596e+02 -6.1241301e+01      
1.8834537e+02 -6.1764400e+01      
1.8794648e+02 -6.1608489e+01      
1.8774224e+02 -6.0954658e+01      
1.9992912e+02 -5.2141330e+01      
1.9885875e+02 -5.4148019e+01      
1.9784527e+02 -5.6510419e+01      
1.9685057e+02 -5.9175446e+01      
1.9584616e+02 -6.2092593e+01      
1.9482343e+02 -6.5217250e+01      
1.9378422e+02 -6.8501323e+01      
1.9271641e+02 -7.1875583e+01      
1.9157934e+02 -7.5242556e+01      
1.9031119e+02 -7.8470214e+01      
1.8883838e+02 -8.1309965e+01      
1.8705765e+02 -8.2959368e+01      
1.8521704e+02 -8.4387969e+01      
1.8346911e+02 -8.5920680e+01      
1.8189633e+02 -8.7627441e+01      
1.8054136e+02 -8.9397718e+01      
1.7943532e+02 -9.0946851e+01      
1.7858042e+02 -9.1726365e+01      
1.7792882e+02 -9.1109526e+01      
1.7751594e+02 -8.9755852e+01      
1.9003091e+02 -7.8540763e+01      
1.8891832e+02 -8.0542416e+01      
1.8785681e+02 -8.2916146e+01      
1.8683500e+02 -8.5627467e+01      
1.8584553e+02 -8.8640005e+01      
1.8488333e+02 -9.1908154e+01      
1.8392320e+02 -9.5349929e+01      
1.8287466e+02 -9.8799798e+01      
1.8159259e+02 -1.0202599e+02      
1.7999018e+02 -1.0485577e+02      
1.7809063e+02 -1.0719446e+02      
1.7600001e+02 -1.0901856e+02      
1.7388451e+02 -1.1074120e+02      
1.7184893e+02 -1.1265386e+02      
1.6995283e+02 -1.1488128e+02      
1.6825111e+02 -1.1738532e+02      
1.6682658e+02 -1.1984943e+02      
1.6575935e+02 -1.2142826e+02      
1.6483822e+02 -1.1977067e+02      
1.6426548e+02 -1.1727075e+02      
1.7707026e+02 -1.0329644e+02      
1.7594305e+02 -1.0529326e+02      
1.7486289e+02 -1.0767563e+02      
1.7383753e+02 -1.1042580e+02      
1.7288037e+02 -1.1352751e+02      
1.7200993e+02 -1.1695970e+02      
1.7122987e+02 -1.2066641e+02      
1.7039349e+02 -1.2440332e+02      
1.6907807e+02 -1.2761447e+02      
1.6713549e+02 -1.3004762e+02      
1.6469647e+02 -1.3180525e+02      
1.6216902e+02 -1.3338966e+02      
1.5971935e+02 -1.3513580e+02      
1.5737485e+02 -1.3726835e+02      
1.5513705e+02 -1.4000720e+02      
1.5303572e+02 -1.4343603e+02      
1.5120690e+02 -1.4704300e+02      
1.4978782e+02 -1.4829107e+02      
1.4877830e+02 -1.4668319e+02      
1.4818119e+02 -1.4278037e+02      
1.6127203e+02 -1.2601751e+02      
1.6014253e+02 -1.2799689e+02      
1.5905387e+02 -1.3036821e+02      
1.5802795e+02 -1.3312933e+02      
1.5709772e+02 -1.3628861e+02      
1.5631684e+02 -1.3987117e+02      
1.5578673e+02 -1.4393500e+02      
1.5550582e+02 -1.4836626e+02      
1.5425136e+02 -1.5168288e+02      
1.5194812e+02 -1.5366461e+02      
1.4869736e+02 -1.5442737e+02      
1.4568735e+02 -1.5548275e+02      
1.4292338e+02 -1.5701205e+02      
1.4030938e+02 -1.5911067e+02      
1.3776730e+02 -1.6208379e+02      
1.3521775e+02 -1.6632868e+02      
1.3297090e+02 -1.6959189e+02      
1.3125911e+02 -1.7059235e+02      
1.3016599e+02 -1.6893566e+02      
1.2960640e+02 -1.6507723e+02      
1.4290320e+02 -1.4634999e+02      
1.4177302e+02 -1.4828917e+02      
1.4067218e+02 -1.5061492e+02      
1.3963047e+02 -1.5333598e+02      
1.3869135e+02 -1.5647949e+02      
1.3792505e+02 -1.6010704e+02      
1.3745548e+02 -1.6434423e+02      
1.3723826e+02 -1.6906240e+02      
1.3594781e+02 -1.7237114e+02      
1.3345700e+02 -1.7398306e+02      
1.2993805e+02 -1.7410596e+02      
1.2667900e+02 -1.7467539e+02      
1.2372288e+02 -1.7586679e+02      
1.2094632e+02 -1.7764761e+02      
1.1826169e+02 -1.8011025e+02      
1.1559123e+02 -1.8327716e+02      
1.1293063e+02 -1.8660741e+02      
1.1094223e+02 -1.8756540e+02      
1.0982723e+02 -1.8566103e+02      
1.0938339e+02 -1.8144776e+02      
1.2227186e+02 -1.6398555e+02      
1.2113633e+02 -1.6585552e+02      
1.2001208e+02 -1.6809168e+02      
1.1892969e+02 -1.7070513e+02      
1.1793053e+02 -1.7372646e+02      
1.1707578e+02 -1.7722470e+02      
1.1646196e+02 -1.8134587e+02      
1.1602072e+02 -1.8598045e+02      
1.1460113e+02 -1.8911575e+02      
1.1208110e+02 -1.9047004e+02      
1.0863615e+02 -1.9025505e+02      
1.0538367e+02 -1.9051669e+02      
1.0239465e+02 -1.9137772e+02      
9.9580636e+01 -1.9270971e+02      
9.6883987e+01 -1.9444433e+02      
9.4266508e+01 -1.9645664e+02      
9.1734010e+01 -1.9839525e+02      
8.9468998e+01 -1.9940643e+02      
8.8410500e+01 -1.9716836e+02      
8.7605216e+01 -1.9403628e+02      
9.9723700e+01 -1.7866814e+02      
9.8576216e+01 -1.8043894e+02      
9.7416638e+01 -1.8254057e+02      
9.6270853e+01 -1.8497749e+02      
9.5168881e+01 -1.8776605e+02      
9.4146845e+01 -1.9094588e+02      
9.3251747e+01 -1.9461466e+02      
9.2417414e+01 -1.9870932e+02      
9.0819861e+01 -2.0147194e+02      
8.8380306e+01 -2.0271528e+02      
8.5229729e+01 -2.0256173e+02      
8.2170282e+01 -2.0277788e+02      
7.9279529e+01 -2.0340721e+02      
7.6528069e+01 -2.0431800e+02      
7.3900688e+01 -2.0540083e+02      
7.1400536e+01 -2.0648763e+02      
6.9067917e+01 -2.0728490e+02      
6.7054284e+01 -2.0725073e+02      
6.5591930e+01 -2.0576571e+02      
6.4432008e+01 -2.0347300e+02      
