2.3687182e+01 2.4425845e+02      
2.2692152e+01 2.4197712e+02      
2.1588408e+01 2.3934190e+02      
1.9908490e+01 2.3607911e+02      
1.8157854e+01 2.3262087e+02      
1.6774307e+01 2.2930558e+02      
1.5988577e+01 2.2631969e+02      
1.5913563e+01 2.2379414e+02      
1.6588662e+01 2.2183658e+02      
1.8024418e+01 2.2056068e+02      
2.0271947e+01 2.2015169e+02      
2.3294971e+01 2.2070368e+02      
2.5700045e+01 2.2058624e+02      
2.7404380e+01 2.1978927e+02      
2.8436657e+01 2.1840768e+02      
2.9806206e+01 2.1795077e+02      
3.0731734e+01 2.1806594e+02      
3.1496739e+01 2.1871222e+02      
3.2453776e+01 2.1985272e+02      
3.3807416e+01 2.2138388e+02      
5.2966142e+01 2.3497595e+02      
5.2882017e+01 2.3292572e+02      
5.2591101e+01 2.3051703e+02      
5.0325999e+01 2.2647947e+02      
4.7918826e+01 2.2226598e+02      
4.6061884e+01 2.1830774e+02      
4.5034991e+01 2.1478411e+02      
4.4915655e+01 2.1180223e+02      
4.5696530e+01 2.0945532e+02      
4.7341002e+01 2.0784457e+02      
4.9828164e+01 2.0711374e+02      
5.3054385e+01 2.0727609e+02      
5.5559277e+01 2.0683546e+02      
5.7433189e+01 2.0581630e+02      
5.8923904e+01 2.0443264e+02      
6.1257698e+01 2.0415782e+02      
6.1465042e+01 2.0394326e+02      
6.1282680e+01 2.0436741e+02      
6.1336784e+01 2.0538243e+02      
6.1858732e+01 2.0683246e+02      
8.0850508e+01 2.2201462e+02      
8.1898631e+01 2.2018956e+02      
8.1580872e+01 2.1727860e+02      
7.9550593e+01 2.1311768e+02      
7.6277767e+01 2.0809610e+02      
7.3766860e+01 2.0342173e+02      
7.2451912e+01 1.9931427e+02      
7.2306916e+01 1.9583364e+02      
7.3220030e+01 1.9303615e+02      
7.5095880e+01 1.9099400e+02      
7.7679503e+01 1.8968376e+02      
8.0279697e+01 1.8873547e+02      
8.2402579e+01 1.8766448e+02      
8.4447564e+01 1.8656183e+02      
8.6949358e+01 1.8573403e+02      
9.0150100e+01 1.8564945e+02      
9.0982584e+01 1.8577352e+02      
8.9751177e+01 1.8618814e+02      
8.8808696e+01 1.8724161e+02      
8.8260522e+01 1.8872578e+02      
1.0622908e+02 2.0528979e+02      
1.0725806e+02 2.0289925e+02      
1.0698858e+02 1.9953403e+02      
1.0513776e+02 1.9515827e+02      
1.0211240e+02 1.9003565e+02      
9.8997822e+01 1.8472284e+02      
9.7561667e+01 1.8007755e+02      
9.7506792e+01 1.7609497e+02      
9.8615271e+01 1.7280871e+02      
1.0083483e+02 1.7031979e+02      
1.0396299e+02 1.6865042e+02      
1.0626431e+02 1.6698182e+02      
1.0756182e+02 1.6517225e+02      
1.0942803e+02 1.6385586e+02      
1.1219404e+02 1.6310571e+02      
1.1566200e+02 1.6301199e+02      
1.1669049e+02 1.6343455e+02      
1.1566280e+02 1.6434678e+02      
1.1409421e+02 1.6570274e+02      
1.1221851e+02 1.6734590e+02      
1.2665556e+02 1.8436847e+02      
1.2801429e+02 1.8156855e+02      
1.2797182e+02 1.7781970e+02      
1.2615369e+02 1.7314253e+02      
1.2307046e+02 1.6774915e+02      
1.2081983e+02 1.6237146e+02      
1.1981636e+02 1.5736348e+02      
1.2002732e+02 1.5288866e+02      
1.2136506e+02 1.4906612e+02      
1.2383471e+02 1.4602199e+02      
1.2718942e+02 1.4375843e+02      
1.2936362e+02 1.4160670e+02      
1.3026528e+02 1.3951519e+02      
1.3185183e+02 1.3803562e+02      
1.3438501e+02 1.3719388e+02      
1.3744514e+02 1.3700882e+02      
1.3788180e+02 1.3774523e+02      
1.3602657e+02 1.3919473e+02      
1.3425594e+02 1.4099565e+02      
1.3277792e+02 1.4304077e+02      
1.4379065e+02 1.6065155e+02      
1.4422376e+02 1.5715232e+02      
1.4448939e+02 1.5302648e+02      
1.4262898e+02 1.4803289e+02      
1.4068632e+02 1.4258768e+02      
1.3937826e+02 1.3703204e+02      
1.3897557e+02 1.3163389e+02      
1.3954459e+02 1.2661868e+02      
1.4108911e+02 1.2219301e+02      
1.4365370e+02 1.1851580e+02      
1.4701969e+02 1.1560193e+02      
1.4912628e+02 1.1309666e+02      
1.4990631e+02 1.1095205e+02      
1.5129841e+02 1.0940869e+02      
1.5338609e+02 1.0850947e+02      
1.5555751e+02 1.0835055e+02      
1.5491839e+02 1.0956780e+02      
1.5330970e+02 1.1147154e+02      
1.5160575e+02 1.1378005e+02      
1.5022226e+02 1.1630554e+02      
1.5804529e+02 1.3480290e+02      
1.5773265e+02 1.3075396e+02      
1.5733399e+02 1.2613720e+02      
1.5634858e+02 1.2091643e+02      
1.5534649e+02 1.1525897e+02      
1.5480511e+02 1.0936604e+02      
1.5496043e+02 1.0344240e+02      
1.5589303e+02 9.7753331e+01      
1.5758752e+02 9.2627902e+01      
1.6005900e+02 8.8304897e+01      
1.6317170e+02 8.4829803e+01      
1.6523809e+02 8.2104329e+01      
1.6621926e+02 8.0002127e+01      
1.6768657e+02 7.8411717e+01      
1.6946074e+02 7.7454290e+01      
1.7062373e+02 7.7518272e+01      
1.6987447e+02 7.9082738e+01      
1.6813922e+02 8.1595970e+01      
1.6625198e+02 8.4557955e+01      
1.6465447e+02 8.7668195e+01      
1.6944405e+02 1.0731749e+02      
1.6872003e+02 1.0285065e+02      
1.6810252e+02 9.7844943e+01      
1.6749655e+02 9.2318551e+01      
1.6706551e+02 8.6344371e+01      
1.6706616e+02 8.0013146e+01      
1.6770234e+02 7.3404374e+01      
1.6902846e+02 6.6759338e+01      
1.7084539e+02 6.0765653e+01      
1.7305886e+02 5.5812241e+01      
1.7544515e+02 5.2011462e+01      
1.7746854e+02 4.9282501e+01      
1.7915062e+02 4.7313894e+01      
1.8107810e+02 4.5577680e+01      
1.8315781e+02 4.4270579e+01      
1.8453780e+02 4.4126051e+01      
1.8289923e+02 4.6508004e+01      
1.8042245e+02 5.0007151e+01      
1.7795620e+02 5.3871372e+01      
1.7591192e+02 5.7699795e+01      
1.7786180e+02 7.8661188e+01      
1.7694353e+02 7.3864926e+01      
1.7627197e+02 6.8539668e+01      
1.7583168e+02 6.2711360e+01      
1.7570478e+02 5.6417951e+01      
1.7603972e+02 4.9678296e+01      
1.7702592e+02 4.2399227e+01      
1.7883469e+02 3.4424551e+01      
1.8078391e+02 2.7361446e+01      
1.8283407e+02 2.1756963e+01      
1.8490906e+02 1.7801760e+01      
1.8687702e+02 1.5347418e+01      
1.8880172e+02 1.3853959e+01      
1.9132955e+02 1.1694138e+01      
1.9406343e+02 9.6608713e+00      
1.9489552e+02 9.8107092e+00      
1.9329649e+02 1.2516977e+01      
1.8974853e+02 1.7355397e+01      
1.8640031e+02 2.2401412e+01      
1.8375648e+02 2.7054269e+01      
1.8315048e+02 4.9302974e+01      
1.8213629e+02 4.4242843e+01      
1.8144650e+02 3.8656636e+01      
1.8108818e+02 3.2575552e+01      
1.8111181e+02 2.6031981e+01      
1.8160141e+02 1.9040817e+01      
1.8265196e+02 1.1570906e+01      
1.8428927e+02 3.6208996e+00      
1.8634096e+02 -4.4702250e+00      
1.8835907e+02 -1.0709323e+01      
1.9035631e+02 -1.4600104e+01      
1.9232401e+02 -1.6583375e+01      
1.9470837e+02 -1.8855919e+01      
1.9785096e+02 -2.1993702e+01      
2.0014860e+02 -2.4014819e+01      
2.0061973e+02 -2.3672226e+01      
1.9891236e+02 -2.0584848e+01      
1.9536428e+02 -1.5227799e+01      
1.9109596e+02 -8.8985087e+00      
1.8791615e+02 -3.5314670e+00      
1.8520056e+02 1.9716317e+01      
1.8413451e+02 1.4448009e+01      
1.8343305e+02 8.6572937e+00      
1.8310975e+02 2.3841146e+00      
1.8319595e+02 -4.3269164e+00      
1.8373228e+02 -1.1430027e+01      
1.8474670e+02 -1.8874331e+01      
1.8621794e+02 -2.6574099e+01      
1.8803590e+02 -3.4301436e+01      
1.9002280e+02 -4.1222564e+01      
1.9207160e+02 -4.4786201e+01      
1.9422364e+02 -4.7472345e+01      
1.9658738e+02 -5.0124171e+01      
1.9915072e+02 -5.2919250e+01      
2.0140712e+02 -5.5412071e+01      
2.0172141e+02 -5.5103134e+01      
1.9973954e+02 -5.1461733e+01      
1.9559798e+02 -4.5131698e+01      
1.9151419e+02 -3.8914452e+01      
1.8821364e+02 -3.3375662e+01      
1.8396199e+02 -9.6261596e+00      
1.8286380e+02 -1.5052846e+01      
1.8214889e+02 -2.0996706e+01      
1.8183302e+02 -2.7408195e+01      
1.8193646e+02 -3.4226425e+01      
1.8247664e+02 -4.1375026e+01      
1.8345369e+02 -4.8753114e+01      
1.8483165e+02 -5.6222046e+01      
1.8652132e+02 -6.3628284e+01      
1.8841058e+02 -7.0525897e+01      
1.9059826e+02 -7.4374490e+01      
1.9283100e+02 -7.7551804e+01      
1.9503799e+02 -8.0331515e+01      
1.9713294e+02 -8.2681061e+01      
1.9872376e+02 -8.4277869e+01      
1.9884452e+02 -8.4063243e+01      
1.9654749e+02 -7.9686073e+01      
1.9203019e+02 -7.3513571e+01      
1.8799433e+02 -6.7525594e+01      
1.8470197e+02 -6.2033383e+01      
1.7944669e+02 -3.8259154e+01      
1.7832394e+02 -4.3798692e+01      
1.7759114e+02 -4.9850865e+01      
1.7726623e+02 -5.6359558e+01      
1.7736542e+02 -6.3252060e+01      
1.7789744e+02 -7.0431162e+01      
1.7885468e+02 -7.7763905e+01      
1.8020441e+02 -8.5067929e+01      
1.8188772e+02 -9.2088639e+01      
1.8385164e+02 -9.8318880e+01      
1.8608333e+02 -1.0308349e+02      
1.8842082e+02 -1.0683332e+02      
1.9049363e+02 -1.0966838e+02      
1.9228487e+02 -1.1167131e+02      
1.9369775e+02 -1.1269047e+02      
1.9264374e+02 -1.1099085e+02      
1.8885321e+02 -1.0608628e+02      
1.8462299e+02 -1.0030255e+02      
1.8077928e+02 -9.4569428e+01      
1.7754650e+02 -8.9173321e+01      
1.7172616e+02 -6.5730768e+01      
1.7057912e+02 -7.1339719e+01      
1.6982180e+02 -7.7459753e+01      
1.6947586e+02 -8.4034097e+01      
1.6955898e+02 -9.0987080e+01      
1.7008038e+02 -9.8213566e+01      
1.7103471e+02 -1.0556469e+02      
1.7239672e+02 -1.1283078e+02      
1.7412125e+02 -1.1972083e+02      
1.7615512e+02 -1.2585982e+02      
1.7843737e+02 -1.3093494e+02      
1.8093034e+02 -1.3498518e+02      
1.8272542e+02 -1.3763013e+02      
1.8409222e+02 -1.3928719e+02      
1.8434800e+02 -1.3928119e+02      
1.8238433e+02 -1.3661282e+02      
1.7799283e+02 -1.3114419e+02      
1.7377136e+02 -1.2535853e+02      
1.7008444e+02 -1.1976175e+02      
1.6695008e+02 -1.1446522e+02      
1.6092816e+02 -9.1608699e+01      
1.5975149e+02 -9.7242459e+01      
1.5895967e+02 -1.0338921e+02      
1.5857977e+02 -1.0999910e+02      
1.5863522e+02 -1.1700521e+02      
1.5914210e+02 -1.2431060e+02      
1.6010347e+02 -1.3176982e+02      
1.6150297e+02 -1.3916899e+02      
1.6330013e+02 -1.4621488e+02      
1.6539788e+02 -1.5251344e+02      
1.6748354e+02 -1.5747091e+02      
1.6824440e+02 -1.5971116e+02      
1.6918869e+02 -1.6144188e+02      
1.7046784e+02 -1.6309556e+02      
1.7035274e+02 -1.6284286e+02      
1.6812229e+02 -1.5984208e+02      
1.6374314e+02 -1.5406381e+02      
1.5965833e+02 -1.4824643e+02      
1.5614758e+02 -1.4275518e+02      
1.5315322e+02 -1.3757234e+02      
1.4723351e+02 -1.1548725e+02      
1.4601688e+02 -1.2109635e+02      
1.4517582e+02 -1.2722132e+02      
1.4474395e+02 -1.3382698e+02      
1.4475383e+02 -1.4086903e+02      
1.4523403e+02 -1.4827949e+02      
1.4620258e+02 -1.5593975e+02      
1.4765868e+02 -1.6365152e+02      
1.4955100e+02 -1.7108241e+02      
1.5164602e+02 -1.7760699e+02      
1.5258203e+02 -1.8121250e+02      
1.5212029e+02 -1.8178290e+02      
1.5199929e+02 -1.8216360e+02      
1.5219685e+02 -1.8259767e+02      
1.5212816e+02 -1.8254574e+02      
1.5014565e+02 -1.7979316e+02      
1.4619811e+02 -1.7412984e+02      
1.4247145e+02 -1.6848762e+02      
1.3923486e+02 -1.6319230e+02      
1.3643958e+02 -1.5817420e+02      
1.3087293e+02 -1.3699559e+02      
1.2960167e+02 -1.4252282e+02      
1.2869107e+02 -1.4856362e+02      
1.2818114e+02 -1.5510262e+02      
1.2811570e+02 -1.6213252e+02      
1.2854199e+02 -1.6964349e+02      
1.2950305e+02 -1.7758139e+02      
1.3100536e+02 -1.8574879e+02      
1.3290632e+02 -1.9360730e+02      
1.3409942e+02 -1.9906717e+02      
1.3413291e+02 -2.0142231e+02      
1.3293573e+02 -2.0068611e+02      
1.3201964e+02 -1.9988224e+02      
1.3134137e+02 -1.9915832e+02      
1.3051421e+02 -1.9808778e+02      
1.2898449e+02 -1.9595721e+02      
1.2574981e+02 -1.9091205e+02      
1.2256018e+02 -1.8575055e+02      
1.1968808e+02 -1.8078667e+02      
1.1714560e+02 -1.7599869e+02      
1.1212381e+02 -1.5580714e+02      
1.1078032e+02 -1.6118734e+02      
1.0977506e+02 -1.6706445e+02      
1.0915151e+02 -1.7343985e+02      
1.0896332e+02 -1.8034896e+02      
1.0928422e+02 -1.8788617e+02      
1.1018513e+02 -1.9610001e+02      
1.1161508e+02 -2.0464031e+02      
1.1271670e+02 -2.1145559e+02      
1.1314198e+02 -2.1590112e+02      
1.1261112e+02 -2.1743011e+02      
1.1107565e+02 -2.1593603e+02      
1.0971772e+02 -2.1437592e+02      
1.0850412e+02 -2.1284260e+02      
1.0717148e+02 -2.1097307e+02      
1.0541190e+02 -2.0829503e+02      
1.0299810e+02 -2.0436567e+02      
1.0040219e+02 -1.9990955e+02      
9.7921957e+01 -1.9535672e+02      
9.5657248e+01 -1.9083925e+02      
9.1306270e+01 -1.7164883e+02      
8.9872713e+01 -1.7681320e+02      
8.8746240e+01 -1.8243518e+02      
8.7967361e+01 -1.8851626e+02      
8.7587013e+01 -1.9510191e+02      
8.7694375e+01 -2.0237574e+02      
8.8390799e+01 -2.1058891e+02      
8.9073394e+01 -2.1784510e+02      
8.9462358e+01 -2.2353016e+02      
8.9352440e+01 -2.2724906e+02      
8.8568704e+01 -2.2861089e+02      
8.7057192e+01 -2.2732206e+02      
8.5539636e+01 -2.2547484e+02      
8.4069459e+01 -2.2349161e+02      
8.2516006e+01 -2.2122638e+02      
8.0735776e+01 -2.1840621e+02      
7.8692173e+01 -2.1492841e+02      
7.6521711e+01 -2.1097995e+02      
7.4387459e+01 -2.0680072e+02      
7.2392858e+01 -2.0254897e+02      
6.8778043e+01 -1.8430825e+02      
6.7239892e+01 -1.8919295e+02      
6.5970630e+01 -1.9447311e+02      
6.5000975e+01 -2.0012893e+02      
6.4360327e+01 -2.0615377e+02      
6.4071103e+01 -2.1254515e+02      
6.4071579e+01 -2.1907526e+02      
6.4095644e+01 -2.2493427e+02      
6.3943903e+01 -2.2960951e+02      
6.3480345e+01 -2.3282217e+02      
6.2639808e+01 -2.3452638e+02      
6.1488128e+01 -2.3500752e+02      
5.9935856e+01 -2.3299863e+02      
5.8390069e+01 -2.3089036e+02      
5.6797741e+01 -2.2856096e+02      
5.5091606e+01 -2.2579899e+02      
5.3266919e+01 -2.2256208e+02      
5.1384606e+01 -2.1893182e+02      
4.9531816e+01 -2.1504321e+02      
4.7783268e+01 -2.1102311e+02      
