1.0712219e+01 2.5307555e+02      
8.6634272e+00 2.5009881e+02      
7.3424986e+00 2.4703855e+02      
6.7644452e+00 2.4397254e+02      
6.9355497e+00 2.4098268e+02      
7.8468528e+00 2.3815329e+02      
9.4377484e+00 2.3556310e+02      
1.1355700e+01 2.3321539e+02      
1.2779878e+01 2.3096507e+02      
1.3691596e+01 2.2886184e+02      
1.4858081e+01 2.2713617e+02      
1.6555904e+01 2.2587281e+02      
1.8734095e+01 2.2508766e+02      
2.1244597e+01 2.2479399e+02      
2.3906588e+01 2.2500279e+02      
2.6578900e+01 2.2570927e+02      
2.9204448e+01 2.2687850e+02      
3.1802844e+01 2.2843786e+02      
3.4420688e+01 2.3027976e+02      
3.7166593e+01 2.3227815e+02      
3.7521056e+01 2.4299717e+02      
3.5628306e+01 2.3979963e+02      
3.4508996e+01 2.3648557e+02      
3.4191958e+01 2.3314107e+02      
3.4709575e+01 2.2986064e+02      
3.6112628e+01 2.2675039e+02      
3.8514573e+01 2.2394603e+02      
4.1774717e+01 2.2155297e+02      
4.3384364e+01 2.1900538e+02      
4.3351430e+01 2.1637504e+02      
4.4142097e+01 2.1429182e+02      
4.5836960e+01 2.1274309e+02      
4.8209913e+01 2.1169973e+02      
5.0982674e+01 2.1117607e+02      
5.3800627e+01 2.1120766e+02      
5.6414199e+01 2.1181521e+02      
5.8753498e+01 2.1297462e+02      
6.0912831e+01 2.1460239e+02      
6.2952918e+01 2.1655254e+02      
6.4734825e+01 2.1864548e+02      
6.2996603e+01 2.2927680e+02      
6.1258552e+01 2.2583094e+02      
6.0330741e+01 2.2222965e+02      
6.0249616e+01 2.1856551e+02      
6.1060056e+01 2.1494228e+02      
6.2841526e+01 2.1147564e+02      
6.5764301e+01 2.0829806e+02      
6.9607157e+01 2.0548128e+02      
7.1386322e+01 2.0263963e+02      
7.1140291e+01 1.9984794e+02      
7.1848978e+01 1.9754559e+02      
7.3706516e+01 1.9575532e+02      
7.6499715e+01 1.9445526e+02      
7.9899744e+01 1.9366593e+02      
8.3081032e+01 1.9349457e+02      
8.5661257e+01 1.9401527e+02      
8.7577898e+01 1.9522908e+02      
8.9016877e+01 1.9704771e+02      
9.0435790e+01 1.9926892e+02      
9.0544477e+01 2.0157351e+02      
8.6706428e+01 2.1217414e+02      
8.5112801e+01 2.0845261e+02      
8.4356257e+01 2.0452874e+02      
8.4471491e+01 2.0049937e+02      
8.5491620e+01 1.9647569e+02      
8.7469898e+01 1.9257819e+02      
9.0538969e+01 1.8891702e+02      
9.4464527e+01 1.8554467e+02      
9.6364751e+01 1.8241945e+02      
9.6331151e+01 1.7960379e+02      
9.7303661e+01 1.7717550e+02      
9.9487118e+01 1.7518976e+02      
1.0278707e+02 1.7365744e+02      
1.0731374e+02 1.7254728e+02      
1.1105491e+02 1.7211368e+02      
1.1361496e+02 1.7254175e+02      
1.1494327e+02 1.7388012e+02      
1.1502309e+02 1.7604030e+02      
1.1379830e+02 1.7877264e+02      
1.1338775e+02 1.8141429e+02      
1.0825253e+02 1.9200765e+02      
1.0678673e+02 1.8798636e+02      
1.0617945e+02 1.8370557e+02      
1.0645921e+02 1.7926312e+02      
1.0762876e+02 1.7477946e+02      
1.0966040e+02 1.7039535e+02      
1.1253245e+02 1.6624220e+02      
1.1603276e+02 1.6238306e+02      
1.1794651e+02 1.5900786e+02      
1.1848147e+02 1.5613215e+02      
1.2004655e+02 1.5355999e+02      
1.2267665e+02 1.5139044e+02      
1.2605476e+02 1.4971576e+02      
1.2998067e+02 1.4854660e+02      
1.3407589e+02 1.4785534e+02      
1.3650667e+02 1.4820184e+02      
1.3714677e+02 1.4974798e+02      
1.3608049e+02 1.5238610e+02      
1.3387190e+02 1.5563988e+02      
1.3306336e+02 1.5861180e+02      
1.2727650e+02 1.6915005e+02      
1.2591529e+02 1.6481299e+02      
1.2543673e+02 1.6014643e+02      
1.2587266e+02 1.5524095e+02      
1.2720279e+02 1.5022416e+02      
1.2930844e+02 1.4527579e+02      
1.3183228e+02 1.4064140e+02      
1.3405599e+02 1.3657920e+02      
1.3575287e+02 1.3304373e+02      
1.3735901e+02 1.2992291e+02      
1.3982471e+02 1.2711216e+02      
1.4323605e+02 1.2469029e+02      
1.4670620e+02 1.2289339e+02      
1.4983327e+02 1.2183095e+02      
1.5240561e+02 1.2148817e+02      
1.5421308e+02 1.2183218e+02      
1.5409182e+02 1.2362986e+02      
1.5192233e+02 1.2696232e+02      
1.5008904e+02 1.3043140e+02      
1.4934699e+02 1.3362821e+02      
1.4346404e+02 1.4402167e+02      
1.4217151e+02 1.3936853e+02      
1.4179278e+02 1.3430261e+02      
1.4239067e+02 1.2888743e+02      
1.4396810e+02 1.2323687e+02      
1.4636457e+02 1.1757685e+02      
1.4901820e+02 1.1231292e+02      
1.5008396e+02 1.0817194e+02      
1.5118663e+02 1.0462888e+02      
1.5299629e+02 1.0139317e+02      
1.5618017e+02 9.8313532e+01      
1.6100390e+02 9.5458786e+01      
1.6470146e+02 9.3493303e+01      
1.6711157e+02 9.2602678e+01      
1.6803411e+02 9.2825562e+01      
1.6718190e+02 9.4079219e+01      
1.6659414e+02 9.5967994e+01      
1.6430035e+02 9.9727897e+01      
1.6268839e+02 1.0348294e+02      
1.6211476e+02 1.0689661e+02      
1.5655242e+02 1.1707968e+02      
1.5526958e+02 1.1213638e+02      
1.5492637e+02 1.0669407e+02      
1.5566233e+02 1.0074970e+02      
1.5755784e+02 9.4358921e+01      
1.6034619e+02 8.7841434e+01      
1.6236605e+02 8.2180537e+01      
1.6328066e+02 7.7675096e+01      
1.6352036e+02 7.4296202e+01      
1.6486342e+02 7.1124224e+01      
1.6797442e+02 6.7854629e+01      
1.7288467e+02 6.4574999e+01      
1.7638651e+02 6.2484977e+01      
1.7820700e+02 6.1801181e+01      
1.7814750e+02 6.2603930e+01      
1.7613618e+02 6.4772668e+01      
1.7499348e+02 6.7186286e+01      
1.7296686e+02 7.1257877e+01      
1.7169063e+02 7.5231140e+01      
1.7133073e+02 7.8857036e+01      
1.6634414e+02 8.8800678e+01      
1.6498410e+02 8.3626856e+01      
1.6454026e+02 7.7900936e+01      
1.6523442e+02 7.1535298e+01      
1.6732609e+02 6.4403114e+01      
1.6946832e+02 5.7477112e+01      
1.7095985e+02 5.1425818e+01      
1.7162861e+02 4.6578601e+01      
1.7180432e+02 4.2892277e+01      
1.7234871e+02 3.9888326e+01      
1.7473449e+02 3.6525441e+01      
1.7873303e+02 3.3068254e+01      
1.8156761e+02 3.0984526e+01      
1.8294047e+02 3.0486168e+01      
1.8264581e+02 3.1707722e+01      
1.8059454e+02 3.4648730e+01      
1.7910980e+02 3.8042081e+01      
1.7785630e+02 4.2030832e+01      
1.7708648e+02 4.6118317e+01      
1.7699408e+02 4.9961411e+01      
1.7272428e+02 5.9657332e+01      
1.7119123e+02 5.4336742e+01      
1.7046592e+02 4.8482468e+01      
1.7066613e+02 4.2047246e+01      
1.7182006e+02 3.5000589e+01      
1.7358495e+02 2.7549380e+01      
1.7467553e+02 2.1048697e+01      
1.7494375e+02 1.5957544e+01      
1.7469429e+02 1.2156311e+01      
1.7519355e+02 8.4573841e+00      
1.7675842e+02 4.8428065e+00      
1.7903096e+02 1.7017367e+00      
1.8097315e+02 -2.6768195e-01      
1.8206380e+02 -6.7798776e-01      
1.8207588e+02 6.9432670e-01      
1.8111582e+02 3.8206490e+00      
1.8009338e+02 7.8122657e+00      
1.7934329e+02 1.2163352e+01      
1.7899443e+02 1.6540181e+01      
1.7916106e+02 2.0670350e+01      
1.7566901e+02 3.0096782e+01      
1.7389410e+02 2.4712343e+01      
1.7277606e+02 1.8871987e+01      
1.7235141e+02 1.2557967e+01      
1.7258441e+02 5.7732464e+00      
1.7328072e+02 -1.3535072e+00      
1.7400050e+02 -8.3551926e+00      
1.7381350e+02 -1.3659488e+01      
1.7370288e+02 -1.8517391e+01      
1.7408766e+02 -2.3117116e+01      
1.7507056e+02 -2.7288554e+01      
1.7644235e+02 -3.0647993e+01      
1.7780069e+02 -3.2749933e+01      
1.7879673e+02 -3.3252084e+01      
1.7914615e+02 -3.1735922e+01      
1.7858854e+02 -2.7736546e+01      
1.7797558e+02 -2.2909491e+01      
1.7759149e+02 -1.7906873e+01      
1.7754918e+02 -1.3034615e+01      
1.7792733e+02 -8.5194747e+00      
1.7523798e+02 5.2494010e-01      
1.7319420e+02 -4.8551091e+00      
1.7165456e+02 -1.0561180e+01      
1.7063537e+02 -1.6644233e+01      
1.7009645e+02 -2.3135210e+01      
1.6990509e+02 -2.9949369e+01      
1.6981147e+02 -3.6766201e+01      
1.6955558e+02 -4.3088374e+01      
1.6940356e+02 -4.9081889e+01      
1.6958552e+02 -5.4724102e+01      
1.7018270e+02 -5.9771042e+01      
1.7111626e+02 -6.3830881e+01      
1.7215844e+02 -6.6208172e+01      
1.7319416e+02 -6.6871078e+01      
1.7332587e+02 -6.4024904e+01      
1.7313270e+02 -5.9289659e+01      
1.7278973e+02 -5.3365669e+01      
1.7269469e+02 -4.7569896e+01      
1.7287372e+02 -4.2028489e+01      
1.7341179e+02 -3.7056838e+01      
1.7156377e+02 -2.8718598e+01      
1.6925620e+02 -3.4037529e+01      
1.6729317e+02 -3.9447251e+01      
1.6572899e+02 -4.5156528e+01      
1.6455998e+02 -5.1326072e+01      
1.6370183e+02 -5.7961901e+01      
1.6302843e+02 -6.4938459e+01      
1.6246429e+02 -7.2057221e+01      
1.6207442e+02 -7.9182378e+01      
1.6197019e+02 -8.6079383e+01      
1.6221679e+02 -9.2118774e+01      
1.6290196e+02 -9.7271259e+01      
1.6357365e+02 -9.9427556e+01      
1.6413363e+02 -9.8543208e+01      
1.6426970e+02 -9.4336759e+01      
1.6439401e+02 -8.8731251e+01      
1.6453285e+02 -8.2380686e+01      
1.6476041e+02 -7.6010885e+01      
1.6508876e+02 -6.9694113e+01      
1.6575793e+02 -6.4346552e+01      
1.6486437e+02 -5.7441537e+01      
1.6231311e+02 -6.2647231e+01      
1.5987747e+02 -6.7390359e+01      
1.5779688e+02 -7.2469066e+01      
1.5610673e+02 -7.8220212e+01      
1.5473393e+02 -8.4700905e+01      
1.5359653e+02 -9.1960032e+01      
1.5264084e+02 -9.9902294e+01      
1.5187795e+02 -1.0806266e+02      
1.5141091e+02 -1.1649345e+02      
1.5114791e+02 -1.2295810e+02      
1.5119994e+02 -1.2729332e+02      
1.5147444e+02 -1.2871069e+02      
1.5185759e+02 -1.2672280e+02      
1.5220528e+02 -1.2137833e+02      
1.5267922e+02 -1.1485208e+02      
1.5318156e+02 -1.0775254e+02      
1.5371302e+02 -1.0122849e+02      
1.5433373e+02 -9.5198160e+01      
1.5515303e+02 -8.9852137e+01      
1.5532819e+02 -8.5365749e+01      
1.5255126e+02 -9.0408732e+01      
1.4951185e+02 -9.3748692e+01      
1.4697343e+02 -9.7940298e+01      
1.4487057e+02 -1.0315405e+02      
1.4309285e+02 -1.0933204e+02      
1.4156566e+02 -1.1666251e+02      
1.4022936e+02 -1.2550833e+02      
1.3898664e+02 -1.3398719e+02      
1.3789692e+02 -1.4206226e+02      
1.3707417e+02 -1.4839546e+02      
1.3661151e+02 -1.5230966e+02      
1.3657133e+02 -1.5322560e+02      
1.3695419e+02 -1.5057637e+02      
1.3765635e+02 -1.4440941e+02      
1.3852503e+02 -1.3717207e+02      
1.3932232e+02 -1.3038448e+02      
1.4010001e+02 -1.2415459e+02      
1.4092158e+02 -1.1843135e+02      
1.4184789e+02 -1.1322502e+02      
1.4229575e+02 -1.1003993e+02      
1.3934741e+02 -1.1485585e+02      
1.3618089e+02 -1.1740181e+02      
1.3341024e+02 -1.2087884e+02      
1.3102642e+02 -1.2552743e+02      
1.2894588e+02 -1.3118010e+02      
1.2710508e+02 -1.3781750e+02      
1.2543741e+02 -1.4531594e+02      
1.2384534e+02 -1.5317241e+02      
1.2223728e+02 -1.6140029e+02      
1.2094255e+02 -1.6762556e+02      
1.2000173e+02 -1.7165845e+02      
1.1966469e+02 -1.7260491e+02      
1.2006817e+02 -1.6980100e+02      
1.2119447e+02 -1.6319817e+02      
1.2228777e+02 -1.5651479e+02      
1.2327721e+02 -1.5034801e+02      
1.2423086e+02 -1.4464089e+02      
1.2518211e+02 -1.3928923e+02      
1.2612948e+02 -1.3421675e+02      
1.2635116e+02 -1.3102210e+02      
1.2327547e+02 -1.3555609e+02      
1.2019500e+02 -1.3771395e+02      
1.1736263e+02 -1.4077312e+02      
1.1481342e+02 -1.4494253e+02      
1.1252357e+02 -1.4998600e+02      
1.1045773e+02 -1.5574710e+02      
1.0857161e+02 -1.6203070e+02      
1.0681232e+02 -1.6858271e+02      
1.0515698e+02 -1.7501656e+02      
1.0363926e+02 -1.8059226e+02      
1.0218761e+02 -1.8524192e+02      
1.0152713e+02 -1.8661721e+02      
1.0174085e+02 -1.8451595e+02      
1.0302755e+02 -1.7863365e+02      
1.0423252e+02 -1.7282275e+02      
1.0531500e+02 -1.6747967e+02      
1.0638055e+02 -1.6246771e+02      
1.0743793e+02 -1.5762580e+02      
1.0827095e+02 -1.5255642e+02      
1.0816762e+02 -1.4793153e+02      
1.0500657e+02 -1.5213939e+02      
1.0202345e+02 -1.5437613e+02      
9.9175115e+01 -1.5736828e+02      
9.6527043e+01 -1.6121067e+02      
9.4099462e+01 -1.6570037e+02      
9.1884815e+01 -1.7067443e+02      
8.9865103e+01 -1.7594162e+02      
8.8022357e+01 -1.8125362e+02      
8.6352484e+01 -1.8627725e+02      
8.4863139e+01 -1.9064184e+02      
8.3616414e+01 -1.9390914e+02      
8.2804254e+01 -1.9533543e+02      
8.2457985e+01 -1.9482436e+02      
8.3534907e+01 -1.9049880e+02      
8.4638941e+01 -1.8597802e+02      
8.5688904e+01 -1.8161542e+02      
8.6779328e+01 -1.7740500e+02      
8.7723138e+01 -1.7281955e+02      
8.8491700e+01 -1.6786989e+02      
8.8353542e+01 -1.6048236e+02      
8.5155601e+01 -1.6433088e+02      
8.2106961e+01 -1.6744404e+02      
7.9210509e+01 -1.7066038e+02      
7.6492588e+01 -1.7429133e+02      
7.3975311e+01 -1.7830922e+02      
7.1666183e+01 -1.8260438e+02      
6.9565377e+01 -1.8701583e+02      
6.7673699e+01 -1.9133159e+02      
6.6000494e+01 -1.9528945e+02      
6.4571406e+01 -1.9858957e+02      
6.3442664e+01 -2.0089468e+02      
6.2691109e+01 -2.0189285e+02      
6.2445537e+01 -2.0131065e+02      
6.2903912e+01 -1.9894489e+02      
6.3719280e+01 -1.9595594e+02      
6.4598737e+01 -1.9250609e+02      
6.5510865e+01 -1.8878704e+02      
6.6352835e+01 -1.8457129e+02      
6.7100320e+01 -1.7989624e+02      
6.7065383e+01 -1.7082266e+02      
6.3844633e+01 -1.7429839e+02      
6.0753540e+01 -1.7755788e+02      
5.7813875e+01 -1.8081108e+02      
5.5047452e+01 -1.8422318e+02      
5.2474099e+01 -1.8781751e+02      
5.0108083e+01 -1.9152610e+02      
4.7959955e+01 -1.9522317e+02      
4.6040899e+01 -1.9873882e+02      
4.4367697e+01 -2.0186850e+02      
4.2967606e+01 -2.0438560e+02      
4.1881723e+01 -2.0606046e+02      
4.1162893e+01 -2.0669625e+02      
4.0870828e+01 -2.0617275e+02      
4.1018593e+01 -2.0457464e+02      
4.1496291e+01 -2.0224923e+02      
4.2160130e+01 -1.9945229e+02      
4.2939561e+01 -1.9641170e+02      
4.3711012e+01 -1.9270189e+02      
4.4466273e+01 -1.8849166e+02      
