2.3978726e+01 2.2742162e+02      
2.3806117e+01 2.2513155e+02      
2.3097026e+01 2.2281901e+02      
2.1134090e+01 2.2029546e+02      
1.8641832e+01 2.1788657e+02      
1.6244850e+01 2.1580510e+02      
1.4277353e+01 2.1413159e+02      
1.2926274e+01 2.1290264e+02      
1.2297824e+01 2.1213073e+02      
1.2473170e+01 2.1181388e+02      
1.3559467e+01 2.1194922e+02      
1.5514427e+01 2.1255126e+02      
1.6888074e+01 2.1357143e+02      
1.7527496e+01 2.1500720e+02      
1.7517337e+01 2.1679073e+02      
1.8282312e+01 2.1887935e+02      
1.9834976e+01 2.2117924e+02      
2.2055164e+01 2.2361982e+02      
2.4879813e+01 2.2613695e+02      
2.8275844e+01 2.2866405e+02      
5.5454736e+01 2.1685871e+02      
5.6597107e+01 2.1463331e+02      
5.7060473e+01 2.1245824e+02      
5.4180765e+01 2.0937572e+02      
5.0640371e+01 2.0651187e+02      
4.7403272e+01 2.0409126e+02      
4.4856001e+01 2.0215865e+02      
4.3129914e+01 2.0072285e+02      
4.2275708e+01 1.9977708e+02      
4.2355579e+01 1.9929725e+02      
4.3495861e+01 1.9924550e+02      
4.5603889e+01 1.9960529e+02      
4.6984905e+01 2.0048477e+02      
4.7399070e+01 2.0187879e+02      
4.6986279e+01 2.0371735e+02      
4.7388929e+01 2.0579310e+02      
4.8640891e+01 2.0803363e+02      
5.0567799e+01 2.1039226e+02      
5.3077981e+01 2.1281359e+02      
5.6131201e+01 2.1523190e+02      
8.5609271e+01 2.0271122e+02      
8.8377247e+01 2.0044259e+02      
8.8779058e+01 1.9778698e+02      
8.6244293e+01 1.9467840e+02      
8.1402455e+01 1.9140516e+02      
7.7092015e+01 1.8866539e+02      
7.3894983e+01 1.8649510e+02      
7.1786163e+01 1.8488138e+02      
7.0664742e+01 1.8380120e+02      
7.0530418e+01 1.8320580e+02      
7.1479120e+01 1.8300990e+02      
7.3400505e+01 1.8315419e+02      
7.4666461e+01 1.8392040e+02      
7.5025362e+01 1.8529834e+02      
7.4596712e+01 1.8721765e+02      
7.4921579e+01 1.8929237e+02      
7.6018642e+01 1.9148319e+02      
7.7708433e+01 1.9377776e+02      
7.9901196e+01 1.9613109e+02      
8.2570794e+01 1.9847633e+02      
1.1303001e+02 1.8508779e+02      
1.1577893e+02 1.8220450e+02      
1.1627579e+02 1.7908967e+02      
1.1404271e+02 1.7584481e+02      
1.0956476e+02 1.7263714e+02      
1.0429823e+02 1.6968947e+02      
1.0069371e+02 1.6733028e+02      
9.8342052e+01 1.6558334e+02      
9.6968434e+01 1.6443318e+02      
9.6528559e+01 1.6381482e+02      
9.7076882e+01 1.6360755e+02      
9.8532211e+01 1.6370235e+02      
9.9595002e+01 1.6443734e+02      
1.0007055e+02 1.6577580e+02      
9.9989265e+01 1.6767056e+02      
1.0052077e+02 1.6967826e+02      
1.0161945e+02 1.7180012e+02      
1.0313084e+02 1.7404079e+02      
1.0499327e+02 1.7635710e+02      
1.0722120e+02 1.7867347e+02      
1.3447793e+02 1.6421172e+02      
1.3774042e+02 1.6076116e+02      
1.3864799e+02 1.5717203e+02      
1.3658374e+02 1.5369912e+02      
1.3209901e+02 1.5043345e+02      
1.2796472e+02 1.4742019e+02      
1.2474519e+02 1.4491260e+02      
1.2240091e+02 1.4306470e+02      
1.2082297e+02 1.4192943e+02      
1.2002993e+02 1.4141591e+02      
1.2004347e+02 1.4137977e+02      
1.2069236e+02 1.4174296e+02      
1.2150658e+02 1.4255632e+02      
1.2226277e+02 1.4380711e+02      
1.2299817e+02 1.4542214e+02      
1.2398638e+02 1.4725749e+02      
1.2521884e+02 1.4927809e+02      
1.2658773e+02 1.5147436e+02      
1.2807053e+02 1.5379481e+02      
1.2975502e+02 1.5614232e+02      
1.5239545e+02 1.4099189e+02      
1.5454950e+02 1.3711476e+02      
1.5607722e+02 1.3295752e+02      
1.5421456e+02 1.2918308e+02      
1.5142168e+02 1.2556040e+02      
1.4854311e+02 1.2228596e+02      
1.4596253e+02 1.1954150e+02      
1.4379548e+02 1.1753959e+02      
1.4198353e+02 1.1655936e+02      
1.4080873e+02 1.1631514e+02      
1.4037763e+02 1.1656308e+02      
1.4060094e+02 1.1717905e+02      
1.4130369e+02 1.1810191e+02      
1.4235850e+02 1.1928757e+02      
1.4370933e+02 1.2069708e+02      
1.4524609e+02 1.2232536e+02      
1.4672185e+02 1.2421529e+02      
1.4795204e+02 1.2638378e+02      
1.4893612e+02 1.2877206e+02      
1.4988336e+02 1.3124183e+02      
1.6738264e+02 1.1590252e+02      
1.6873775e+02 1.1169361e+02      
1.6976403e+02 1.0714327e+02      
1.6958443e+02 1.0255904e+02      
1.6832578e+02 9.8346462e+01      
1.6645327e+02 9.4683414e+01      
1.6438542e+02 9.1617737e+01      
1.6245011e+02 8.9244285e+01      
1.6018790e+02 8.8677265e+01      
1.5859606e+02 8.8900133e+01      
1.5782247e+02 8.9551123e+01      
1.5782593e+02 9.0458806e+01      
1.5853381e+02 9.1520229e+01      
1.5990659e+02 9.2664932e+01      
1.6192326e+02 9.3861675e+01      
1.6429552e+02 9.5192732e+01      
1.6618540e+02 9.6899202e+01      
1.6726216e+02 9.9063912e+01      
1.6752235e+02 1.0162387e+02      
1.6731070e+02 1.0437766e+02      
1.7945190e+02 8.9390325e+01      
1.8042348e+02 8.4906758e+01      
1.8158212e+02 7.9850302e+01      
1.8288129e+02 7.4211610e+01      
1.8269522e+02 6.9366649e+01      
1.8146860e+02 6.5318125e+01      
1.7958600e+02 6.2031497e+01      
1.7715340e+02 5.9743941e+01      
1.7493905e+02 5.8952702e+01      
1.7302741e+02 5.9704636e+01      
1.7199766e+02 6.0875014e+01      
1.7186292e+02 6.2161804e+01      
1.7260486e+02 6.3415327e+01      
1.7426701e+02 6.4540508e+01      
1.7702234e+02 6.5465894e+01      
1.8084476e+02 6.6267046e+01      
1.8327594e+02 6.7716759e+01      
1.8418221e+02 6.9902779e+01      
1.8354248e+02 7.2756236e+01      
1.8146133e+02 7.6064745e+01      
1.8841183e+02 6.1933482e+01      
1.8913114e+02 5.7319996e+01      
1.9020562e+02 5.2088186e+01      
1.9165036e+02 4.6170728e+01      
1.9182555e+02 4.1076939e+01      
1.9097783e+02 3.6761728e+01      
1.8939052e+02 3.3146641e+01      
1.8718464e+02 3.0462961e+01      
1.8527360e+02 2.9192545e+01      
1.8369347e+02 2.9500814e+01      
1.8255453e+02 3.1169511e+01      
1.8232357e+02 3.2919912e+01      
1.8305114e+02 3.4441211e+01      
1.8482746e+02 3.5598402e+01      
1.8789292e+02 3.6290266e+01      
1.9215361e+02 3.6609096e+01      
1.9475209e+02 3.7820396e+01      
1.9544994e+02 4.0031661e+01      
1.9421867e+02 4.3172778e+01      
1.9125702e+02 4.7020283e+01      
1.9410069e+02 3.3981393e+01      
1.9455189e+02 2.9403143e+01      
1.9520605e+02 2.4407670e+01      
1.9583075e+02 1.9192727e+01      
1.9586466e+02 1.4300159e+01      
1.9521422e+02 9.8928236e+00      
1.9405758e+02 5.8826753e+00      
1.9268799e+02 2.2267105e+00      
1.9126710e+02 3.7749724e-01      
1.9005923e+02 1.4821430e-01      
1.8922788e+02 1.2741745e+00      
1.8895448e+02 3.4394711e+00      
1.8958577e+02 5.2871788e+00      
1.9122499e+02 6.5491650e+00      
1.9408525e+02 7.1376058e+00      
1.9804563e+02 7.1651120e+00      
2.0037996e+02 8.2558995e+00      
2.0083939e+02 1.0490759e+01      
1.9940085e+02 1.3799084e+01      
1.9628158e+02 1.7989017e+01      
1.9646116e+02 5.9313370e+00      
1.9668747e+02 1.4503184e+00      
1.9701625e+02 -3.3067226e+00      
1.9724279e+02 -8.1412121e+00      
1.9710419e+02 -1.2793789e+01      
1.9648546e+02 -1.7143091e+01      
1.9551875e+02 -2.1206668e+01      
1.9444591e+02 -2.4809477e+01      
1.9333747e+02 -2.6762564e+01      
1.9240031e+02 -2.7358430e+01      
1.9179787e+02 -2.6832201e+01      
1.9166250e+02 -2.5367604e+01      
1.9214156e+02 -2.3302291e+01      
1.9342071e+02 -2.1967603e+01      
1.9562392e+02 -2.1284844e+01      
1.9865246e+02 -2.1137385e+01      
2.0034608e+02 -1.9936243e+01      
2.0054018e+02 -1.7682671e+01      
1.9922956e+02 -1.4449735e+01      
1.9657391e+02 -1.0356509e+01      
1.9550021e+02 -2.1829276e+01      
1.9559809e+02 -2.6232859e+01      
1.9579721e+02 -3.0871722e+01      
1.9593543e+02 -3.5558112e+01      
1.9576132e+02 -4.0034328e+01      
1.9502533e+02 -4.4122456e+01      
1.9397889e+02 -4.8003253e+01      
1.9291718e+02 -5.0252816e+01      
1.9192354e+02 -5.1829203e+01      
1.9112973e+02 -5.2598259e+01      
1.9064328e+02 -5.2565780e+01      
1.9053669e+02 -5.1839444e+01      
1.9086438e+02 -5.0675838e+01      
1.9167049e+02 -4.9569116e+01      
1.9292319e+02 -4.8623782e+01      
1.9431951e+02 -4.7635163e+01      
1.9510953e+02 -4.6077146e+01      
1.9500648e+02 -4.3805676e+01      
1.9403593e+02 -4.0898755e+01      
1.9253595e+02 -3.7632957e+01      
1.9124647e+02 -4.8886278e+01      
1.9130723e+02 -5.3253925e+01      
1.9153597e+02 -5.7891665e+01      
1.9180332e+02 -6.2600373e+01      
1.9182143e+02 -6.7019460e+01      
1.9075803e+02 -7.0394405e+01      
1.8946832e+02 -7.3160670e+01      
1.8825692e+02 -7.5118826e+01      
1.8724548e+02 -7.6515734e+01      
1.8650395e+02 -7.7403452e+01      
1.8607086e+02 -7.7761942e+01      
1.8594311e+02 -7.7618085e+01      
1.8608130e+02 -7.7059828e+01      
1.8642343e+02 -7.6210549e+01      
1.8686610e+02 -7.5112349e+01      
1.8721570e+02 -7.3690387e+01      
1.8723159e+02 -7.1825915e+01      
1.8680239e+02 -6.9497252e+01      
1.8598923e+02 -6.6802555e+01      
1.8501254e+02 -6.3950180e+01      
1.8374245e+02 -7.4793145e+01      
1.8381822e+02 -7.9150179e+01      
1.8417595e+02 -8.3887238e+01      
1.8466406e+02 -8.8736929e+01      
1.8448664e+02 -9.2808179e+01      
1.8348310e+02 -9.5816242e+01      
1.8186045e+02 -9.7738602e+01      
1.8042323e+02 -9.9247574e+01      
1.7933562e+02 -1.0050861e+02      
1.7861796e+02 -1.0152282e+02      
1.7824872e+02 -1.0224170e+02      
1.7814553e+02 -1.0259862e+02      
1.7815034e+02 -1.0249663e+02      
1.7811587e+02 -1.0187682e+02      
1.7793277e+02 -1.0072353e+02      
1.7752136e+02 -9.9049119e+01      
1.7686995e+02 -9.6923124e+01      
1.7605848e+02 -9.4475054e+01      
1.7519438e+02 -9.1828646e+01      
1.7439483e+02 -8.9119967e+01      
1.7305755e+02 -9.9085639e+01      
1.7310776e+02 -1.0336293e+02      
1.7357484e+02 -1.0820650e+02      
1.7382150e+02 -1.1278872e+02      
1.7349784e+02 -1.1656744e+02      
1.7250856e+02 -1.1928385e+02      
1.7099960e+02 -1.2097073e+02      
1.6935780e+02 -1.2200120e+02      
1.6822436e+02 -1.2316145e+02      
1.6755371e+02 -1.2433185e+02      
1.6732647e+02 -1.2545599e+02      
1.6743519e+02 -1.2642976e+02      
1.6745256e+02 -1.2683875e+02      
1.6714770e+02 -1.2647023e+02      
1.6642834e+02 -1.2527383e+02      
1.6528569e+02 -1.2331098e+02      
1.6387394e+02 -1.2080314e+02      
1.6258938e+02 -1.1816167e+02      
1.6156935e+02 -1.1547563e+02      
1.6083543e+02 -1.1277064e+02      
1.5934068e+02 -1.2135132e+02      
1.5918640e+02 -1.2530258e+02      
1.5926499e+02 -1.2962138e+02      
1.5940664e+02 -1.3408651e+02      
1.5900240e+02 -1.3766943e+02      
1.5796643e+02 -1.4006577e+02      
1.5644018e+02 -1.4140591e+02      
1.5505502e+02 -1.4262650e+02      
1.5401753e+02 -1.4389420e+02      
1.5339993e+02 -1.4522911e+02      
1.5331452e+02 -1.4672751e+02      
1.5391328e+02 -1.4856073e+02      
1.5410266e+02 -1.4961944e+02      
1.5362506e+02 -1.4955868e+02      
1.5239694e+02 -1.4827969e+02      
1.5046386e+02 -1.4590550e+02      
1.4806465e+02 -1.4279603e+02      
1.4628782e+02 -1.4002899e+02      
1.4509111e+02 -1.3734729e+02      
1.4448555e+02 -1.3452375e+02      
1.4287136e+02 -1.4131060e+02      
1.4247405e+02 -1.4485011e+02      
1.4219001e+02 -1.4859026e+02      
1.4191980e+02 -1.5236929e+02      
1.4145445e+02 -1.5581507e+02      
1.4035027e+02 -1.5786718e+02      
1.3909114e+02 -1.5946930e+02      
1.3791797e+02 -1.6091107e+02      
1.3696895e+02 -1.6230437e+02      
1.3633187e+02 -1.6371605e+02      
1.3608889e+02 -1.6523691e+02      
1.3626285e+02 -1.6694189e+02      
1.3661498e+02 -1.6865872e+02      
1.3603437e+02 -1.6896893e+02      
1.3432422e+02 -1.6756179e+02      
1.3167841e+02 -1.6478795e+02      
1.2920085e+02 -1.6207575e+02      
1.2717460e+02 -1.5959554e+02      
1.2580537e+02 -1.5713006e+02      
1.2562294e+02 -1.5395679e+02      
1.2399646e+02 -1.5875883e+02      
1.2338886e+02 -1.6189900e+02      
1.2282672e+02 -1.6512783e+02      
1.2224016e+02 -1.6829497e+02      
1.2151228e+02 -1.7113722e+02      
1.2052783e+02 -1.7334181e+02      
1.1943256e+02 -1.7513261e+02      
1.1837224e+02 -1.7669870e+02      
1.1744606e+02 -1.7813790e+02      
1.1671974e+02 -1.7951747e+02      
1.1622497e+02 -1.8089094e+02      
1.1593693e+02 -1.8228776e+02      
1.1570774e+02 -1.8363651e+02      
1.1508164e+02 -1.8440983e+02      
1.1291485e+02 -1.8277300e+02      
1.1030060e+02 -1.8063162e+02      
1.0782574e+02 -1.7846780e+02      
1.0563454e+02 -1.7641853e+02      
1.0460805e+02 -1.7379882e+02      
1.0479889e+02 -1.7051029e+02      
1.0307851e+02 -1.7351084e+02      
1.0230371e+02 -1.7629362e+02      
1.0154210e+02 -1.7910637e+02      
1.0074944e+02 -1.8182576e+02      
9.9873098e+01 -1.8430267e+02      
9.8890398e+01 -1.8643338e+02      
9.7847223e+01 -1.8824505e+02      
9.6817691e+01 -1.8981752e+02      
9.5864179e+01 -1.9121623e+02      
9.5024650e+01 -1.9248675e+02      
9.4303648e+01 -1.9365592e+02      
9.3659346e+01 -1.9472873e+02      
9.3000501e+01 -1.9571011e+02      
9.2080705e+01 -1.9639301e+02      
8.9881028e+01 -1.9497390e+02      
8.7153948e+01 -1.9346617e+02      
8.4804196e+01 -1.9167750e+02      
8.2941162e+01 -1.8963999e+02      
8.2154915e+01 -1.8704409e+02      
8.2546195e+01 -1.8385915e+02      
8.0489571e+01 -1.8539678e+02      
7.9586731e+01 -1.8786891e+02      
7.8682802e+01 -1.9034382e+02      
7.7754313e+01 -1.9272998e+02      
7.6779674e+01 -1.9493671e+02      
7.5754497e+01 -1.9690329e+02      
7.4700463e+01 -1.9861953e+02      
7.3654232e+01 -2.0010864e+02      
7.2649314e+01 -2.0139977e+02      
7.1702967e+01 -2.0251355e+02      
7.0806521e+01 -2.0345490e+02      
6.9916395e+01 -2.0420597e+02      
6.8943097e+01 -2.0470884e+02      
6.7690217e+01 -2.0471857e+02      
6.5897851e+01 -2.0384587e+02      
6.3798515e+01 -2.0253071e+02      
6.1743884e+01 -2.0094069e+02      
5.9832022e+01 -1.9915181e+02      
5.9050047e+01 -1.9675606e+02      
5.9339058e+01 -1.9385789e+02      
