4.9188165e+01 2.4284628e+02      
4.9269802e+01 2.4218558e+02      
4.8360469e+01 2.3938674e+02      
4.7843936e+01 2.3713436e+02      
4.7829931e+01 2.3553426e+02      
4.8277965e+01 2.3446100e+02      
4.9160988e+01 2.3386926e+02      
5.0390069e+01 2.3370101e+02      
5.1601669e+01 2.3366693e+02      
5.2172147e+01 2.3322631e+02      
5.2378201e+01 2.3271616e+02      
5.2543678e+01 2.3243202e+02      
5.2868187e+01 2.3250775e+02      
5.3447165e+01 2.3297078e+02      
5.4236912e+01 2.3368248e+02      
5.5010060e+01 2.3416769e+02      
5.5223791e+01 2.3291147e+02      
5.5475653e+01 2.3139624e+02      
5.6064947e+01 2.3006496e+02      
5.7136368e+01 2.2903814e+02      
7.8533467e+01 2.3479836e+02      
7.8876493e+01 2.3419062e+02      
7.7832171e+01 2.3115568e+02      
7.7233539e+01 2.2867854e+02      
7.7233340e+01 2.2695073e+02      
7.7814847e+01 2.2584039e+02      
7.9016284e+01 2.2533635e+02      
8.0887909e+01 2.2551108e+02      
8.3125884e+01 2.2619654e+02      
8.3420433e+01 2.2526232e+02      
8.3104226e+01 2.2420927e+02      
8.2790999e+01 2.2352283e+02      
8.2811357e+01 2.2342683e+02      
8.3310642e+01 2.2400834e+02      
8.4156108e+01 2.2502624e+02      
8.4599164e+01 2.2500178e+02      
8.4517188e+01 2.2359872e+02      
8.4052126e+01 2.2111192e+02      
8.4003741e+01 2.1896583e+02      
8.4593249e+01 2.1735935e+02      
1.0528443e+02 2.2134496e+02      
1.0599587e+02 2.2079601e+02      
1.0533012e+02 2.1821009e+02      
1.0483738e+02 2.1590662e+02      
1.0484306e+02 2.1418410e+02      
1.0550446e+02 2.1305930e+02      
1.0696184e+02 2.1259191e+02      
1.0937600e+02 2.1291808e+02      
1.1246876e+02 2.1388809e+02      
1.1346499e+02 2.1340878e+02      
1.1243552e+02 2.1173638e+02      
1.1138310e+02 2.1049037e+02      
1.1090144e+02 2.1006384e+02      
1.1125414e+02 2.1067568e+02      
1.1170126e+02 2.1111310e+02      
1.1181305e+02 2.1067725e+02      
1.1141634e+02 2.0911289e+02      
1.1063476e+02 2.0660572e+02      
1.0991979e+02 2.0379713e+02      
1.1008106e+02 2.0181608e+02      
1.2878514e+02 2.0300649e+02      
1.3002132e+02 2.0252886e+02      
1.3064697e+02 2.0112866e+02      
1.3026240e+02 1.9914087e+02      
1.3014273e+02 1.9744698e+02      
1.3073578e+02 1.9626922e+02      
1.3227796e+02 1.9572133e+02      
1.3497100e+02 1.9593809e+02      
1.3855418e+02 1.9678991e+02      
1.4004872e+02 1.9649077e+02      
1.3945565e+02 1.9512997e+02      
1.3757019e+02 1.9330462e+02      
1.3635197e+02 1.9224347e+02      
1.3574196e+02 1.9186784e+02      
1.3591396e+02 1.9197873e+02      
1.3580605e+02 1.9130226e+02      
1.3505686e+02 1.8953682e+02      
1.3383072e+02 1.8686436e+02      
1.3314547e+02 1.8446708e+02      
1.3313987e+02 1.8257923e+02      
1.5020194e+02 1.8201606e+02      
1.5204016e+02 1.8155260e+02      
1.5299549e+02 1.8040688e+02      
1.5305178e+02 1.7878533e+02      
1.5262762e+02 1.7705975e+02      
1.5295239e+02 1.7575672e+02      
1.5437559e+02 1.7501117e+02      
1.5702398e+02 1.7491048e+02      
1.6058422e+02 1.7532243e+02      
1.6203847e+02 1.7484481e+02      
1.6151533e+02 1.7354089e+02      
1.6014124e+02 1.7193544e+02      
1.5864006e+02 1.7047501e+02      
1.5687060e+02 1.6910376e+02      
1.5625992e+02 1.6831697e+02      
1.5612355e+02 1.6753475e+02      
1.5505745e+02 1.6561812e+02      
1.5410202e+02 1.6352869e+02      
1.5354483e+02 1.6163187e+02      
1.5347129e+02 1.6003971e+02      
1.6878989e+02 1.5849041e+02      
1.7056560e+02 1.5772344e+02      
1.7162424e+02 1.5651934e+02      
1.7188204e+02 1.5499651e+02      
1.7164487e+02 1.5337076e+02      
1.7159563e+02 1.5190381e+02      
1.7283984e+02 1.5090186e+02      
1.7519535e+02 1.5036835e+02      
1.7796103e+02 1.5010513e+02      
1.7879999e+02 1.4920295e+02      
1.7762498e+02 1.4760327e+02      
1.7646565e+02 1.4598394e+02      
1.7529655e+02 1.4441937e+02      
1.7414521e+02 1.4295095e+02      
1.7340780e+02 1.4170099e+02      
1.7289467e+02 1.4046686e+02      
1.7218444e+02 1.3893815e+02      
1.7149724e+02 1.3735622e+02      
1.7102924e+02 1.3591982e+02      
1.7087897e+02 1.3468996e+02      
1.8304413e+02 1.3241166e+02      
1.8490360e+02 1.3134550e+02      
1.8603690e+02 1.2996406e+02      
1.8626938e+02 1.2837245e+02      
1.8590410e+02 1.2669776e+02      
1.8614019e+02 1.2516260e+02      
1.8735889e+02 1.2391968e+02      
1.8955796e+02 1.2299103e+02      
1.9030953e+02 1.2188721e+02      
1.9059408e+02 1.2060169e+02      
1.9014406e+02 1.1904795e+02      
1.8945799e+02 1.1741090e+02      
1.8874138e+02 1.1578879e+02      
1.8806892e+02 1.1423139e+02      
1.8751818e+02 1.1277413e+02      
1.8703209e+02 1.1139075e+02      
1.8650392e+02 1.1005901e+02      
1.8595654e+02 1.0885095e+02      
1.8548952e+02 1.0784012e+02      
1.8520721e+02 1.0702577e+02      
1.9373827e+02 1.0442804e+02      
1.9500838e+02 1.0299275e+02      
1.9619171e+02 1.0135013e+02      
1.9627145e+02 9.9605516e+01      
1.9632314e+02 9.7825632e+01      
1.9674369e+02 9.6134491e+01      
1.9766338e+02 9.4608065e+01      
1.9882186e+02 9.3211287e+01      
1.9948947e+02 9.1779153e+01      
1.9977529e+02 9.0265237e+01      
1.9973649e+02 8.8649445e+01      
1.9949128e+02 8.6967345e+01      
1.9917464e+02 8.5267732e+01      
1.9886572e+02 8.3591855e+01      
1.9858891e+02 8.1989552e+01      
1.9829504e+02 8.0532400e+01      
1.9790564e+02 7.9314104e+01      
1.9739876e+02 7.8415508e+01      
1.9683425e+02 7.7849914e+01      
1.9633048e+02 7.7536436e+01      
2.0105082e+02 7.5003644e+01      
2.0181490e+02 7.3213683e+01      
2.0251993e+02 7.1282676e+01      
2.0289354e+02 6.9289414e+01      
2.0321684e+02 6.7308082e+01      
2.0370591e+02 6.5409398e+01      
2.0440032e+02 6.3628987e+01      
2.0516256e+02 6.1943707e+01      
2.0577827e+02 6.0291163e+01      
2.0617424e+02 5.8622875e+01      
2.0637230e+02 5.6915623e+01      
2.0643574e+02 5.5166001e+01      
2.0644741e+02 5.3378146e+01      
2.0647495e+02 5.1562484e+01      
2.0653363e+02 4.9770422e+01      
2.0653414e+02 4.8162628e+01      
2.0631384e+02 4.6985593e+01      
2.0579105e+02 4.6392156e+01      
2.0501352e+02 4.6366719e+01      
2.0415067e+02 4.6717146e+01      
2.0500263e+02 4.4587833e+01      
2.0543293e+02 4.2427371e+01      
2.0588824e+02 4.0159527e+01      
2.0629752e+02 3.7869688e+01      
2.0671347e+02 3.5638384e+01      
2.0721478e+02 3.3522776e+01      
2.0781590e+02 3.1541056e+01      
2.0845591e+02 2.9671250e+01      
2.0904385e+02 2.7870098e+01      
2.0952290e+02 2.6097606e+01      
2.0988656e+02 2.4326048e+01      
2.1016904e+02 2.2531604e+01      
2.1043635e+02 2.0678725e+01      
2.1077375e+02 1.8714540e+01      
2.1125372e+02 1.6606533e+01      
2.1175469e+02 1.4576688e+01      
2.1178802e+02 1.3303838e+01      
2.1120830e+02 1.3038848e+01      
2.1006022e+02 1.3747289e+01      
2.0857440e+02 1.5109700e+01      
2.0557107e+02 1.3651124e+01      
2.0578468e+02 1.1080712e+01      
2.0608429e+02 8.4230438e+00      
2.0643692e+02 5.7897659e+00      
2.0684815e+02 3.2835084e+00      
2.0733752e+02 9.6588644e-01      
2.0790460e+02 -1.1604084e+00      
2.0851732e+02 -3.1370777e+00      
2.0912542e+02 -5.0171660e+00      
2.0968444e+02 -6.8398337e+00      
2.1017257e+02 -8.6270670e+00      
2.1060185e+02 -1.0404166e+01      
2.1103199e+02 -1.2235995e+01      
2.1158556e+02 -1.4261903e+01      
2.1248101e+02 -1.6730877e+01      
2.1383375e+02 -1.9689911e+01      
2.1414899e+02 -2.1151456e+01      
2.1347755e+02 -2.1051323e+01      
2.1186347e+02 -1.9440064e+01      
2.0934349e+02 -1.6480098e+01      
2.0275010e+02 -1.7312861e+01      
2.0280479e+02 -2.0351101e+01      
2.0298106e+02 -2.3471927e+01      
2.0326011e+02 -2.6515475e+01      
2.0363420e+02 -2.9322317e+01      
2.0410235e+02 -3.1805021e+01      
2.0466108e+02 -3.3994357e+01      
2.0529170e+02 -3.5989214e+01      
2.0595727e+02 -3.7878913e+01      
2.0661073e+02 -3.9704637e+01      
2.0720606e+02 -4.1460707e+01      
2.0771831e+02 -4.3133843e+01      
2.0818518e+02 -4.4780525e+01      
2.0874710e+02 -4.6601704e+01      
2.0966514e+02 -4.8988917e+01      
2.1102728e+02 -5.2063933e+01      
2.1131612e+02 -5.3376878e+01      
2.1052813e+02 -5.2875661e+01      
2.0870252e+02 -5.0620489e+01      
2.0592274e+02 -4.6782217e+01      
1.9657870e+02 -4.7788039e+01      
1.9650245e+02 -5.1372903e+01      
1.9657186e+02 -5.5071899e+01      
1.9677971e+02 -5.8650235e+01      
1.9711044e+02 -6.1812225e+01      
1.9755061e+02 -6.4377877e+01      
1.9811039e+02 -6.6482367e+01      
1.9878751e+02 -6.8368832e+01      
1.9954865e+02 -7.0197489e+01      
2.0033482e+02 -7.2009312e+01      
2.0106031e+02 -7.3733716e+01      
2.0161832e+02 -7.5234793e+01      
2.0197434e+02 -7.6473300e+01      
2.0228416e+02 -7.7686733e+01      
2.0279748e+02 -7.9310481e+01      
2.0358507e+02 -8.1554104e+01      
2.0353173e+02 -8.2204839e+01      
2.0260632e+02 -8.1273693e+01      
2.0083798e+02 -7.8816146e+01      
1.9832119e+02 -7.4940283e+01      
1.8715035e+02 -7.7229381e+01      
1.8695198e+02 -8.1455743e+01      
1.8691864e+02 -8.5908913e+01      
1.8706726e+02 -9.0282927e+01      
1.8737359e+02 -9.4002542e+01      
1.8775524e+02 -9.6401876e+01      
1.8830847e+02 -9.8120797e+01      
1.8905627e+02 -9.9705760e+01      
1.8995936e+02 -1.0140495e+02      
1.9095034e+02 -1.0325058e+02      
1.9191195e+02 -1.0507382e+02      
1.9258406e+02 -1.0647600e+02      
1.9262836e+02 -1.0700577e+02      
1.9242852e+02 -1.0716946e+02      
1.9225531e+02 -1.0739796e+02      
1.9206832e+02 -1.0764127e+02      
1.9150864e+02 -1.0720357e+02      
1.9043323e+02 -1.0583113e+02      
1.8885505e+02 -1.0355159e+02      
1.8695145e+02 -1.0068796e+02      
1.7461578e+02 -1.0505035e+02      
1.7428587e+02 -1.1000142e+02      
1.7412947e+02 -1.1543651e+02      
1.7420821e+02 -1.2100320e+02      
1.7455142e+02 -1.2581598e+02      
1.7478545e+02 -1.2744337e+02      
1.7533292e+02 -1.2830709e+02      
1.7618084e+02 -1.2931795e+02      
1.7727471e+02 -1.3083124e+02      
1.7856488e+02 -1.3285458e+02      
1.7993377e+02 -1.3507878e+02      
1.8100350e+02 -1.3676166e+02      
1.8039183e+02 -1.3611673e+02      
1.7947460e+02 -1.3484695e+02      
1.7858767e+02 -1.3355820e+02      
1.7772512e+02 -1.3231857e+02      
1.7674003e+02 -1.3089162e+02      
1.7551999e+02 -1.2907856e+02      
1.7405398e+02 -1.2686123e+02      
1.7243906e+02 -1.2442256e+02      
1.5918703e+02 -1.3061346e+02      
1.5870051e+02 -1.3629381e+02      
1.5835617e+02 -1.4288561e+02      
1.5825921e+02 -1.4984936e+02      
1.5836255e+02 -1.5458045e+02      
1.5867156e+02 -1.5651413e+02      
1.5929013e+02 -1.5619136e+02      
1.6028062e+02 -1.5633831e+02      
1.6158832e+02 -1.5763713e+02      
1.6322574e+02 -1.6005842e+02      
1.6503401e+02 -1.6295407e+02      
1.6579868e+02 -1.6415178e+02      
1.6522725e+02 -1.6315637e+02      
1.6358656e+02 -1.6029131e+02      
1.6205103e+02 -1.5750298e+02      
1.6070974e+02 -1.5511337e+02      
1.5943276e+02 -1.5293048e+02      
1.5809908e+02 -1.5072588e+02      
1.5666962e+02 -1.4842181e+02      
1.5517659e+02 -1.4607829e+02      
1.4114173e+02 -1.5325577e+02      
1.4048848e+02 -1.5937676e+02      
1.3986459e+02 -1.6698189e+02      
1.3941368e+02 -1.7379323e+02      
1.3930241e+02 -1.7845237e+02      
1.3963341e+02 -1.8050211e+02      
1.4041541e+02 -1.8039840e+02      
1.4156608e+02 -1.7958723e+02      
1.4297540e+02 -1.8070845e+02      
1.4483744e+02 -1.8367315e+02      
1.4628576e+02 -1.8622401e+02      
1.4680899e+02 -1.8707389e+02      
1.4623147e+02 -1.8574682e+02      
1.4470371e+02 -1.8252222e+02      
1.4271037e+02 -1.7842924e+02      
1.4110253e+02 -1.7526741e+02      
1.3967889e+02 -1.7260351e+02      
1.3828933e+02 -1.7011608e+02      
1.3688131e+02 -1.6769153e+02      
1.3545535e+02 -1.6532832e+02      
1.2080773e+02 -1.7247598e+02      
1.2004181e+02 -1.7824038e+02      
1.1926868e+02 -1.8488659e+02      
1.1846317e+02 -1.9188014e+02      
1.1812722e+02 -1.9658368e+02      
1.1847755e+02 -1.9842195e+02      
1.1940473e+02 -1.9794486e+02      
1.2041264e+02 -1.9790449e+02      
1.2155770e+02 -1.9898128e+02      
1.2287032e+02 -2.0116996e+02      
1.2411515e+02 -2.0387059e+02      
1.2448342e+02 -2.0465036e+02      
1.2383762e+02 -2.0291762e+02      
1.2229432e+02 -1.9910087e+02      
1.2064414e+02 -1.9542273e+02      
1.1911741e+02 -1.9223046e+02      
1.1769892e+02 -1.8940392e+02      
1.1632273e+02 -1.8677523e+02      
1.1495381e+02 -1.8426182e+02      
1.1358535e+02 -1.8184962e+02      
9.8527817e+01 -1.8814669e+02      
9.7701873e+01 -1.9326302e+02      
9.6902207e+01 -1.9879696e+02      
9.6131444e+01 -2.0439550e+02      
9.5532029e+01 -2.0916333e+02      
9.5924094e+01 -2.1059983e+02      
9.6532547e+01 -2.1118616e+02      
9.7222837e+01 -2.1183250e+02      
9.7981272e+01 -2.1288891e+02      
9.8764984e+01 -2.1436740e+02      
9.9423621e+01 -2.1596488e+02      
9.9657219e+01 -2.1686449e+02      
9.8949173e+01 -2.1472539e+02      
9.7796486e+01 -2.1177821e+02      
9.6481965e+01 -2.0872890e+02      
9.5144729e+01 -2.0580382e+02      
9.3824076e+01 -2.0303142e+02      
9.2516680e+01 -2.0038121e+02      
9.1213295e+01 -1.9782823e+02      
8.9911646e+01 -1.9537272e+02      
7.4651445e+01 -2.0031301e+02      
7.3792036e+01 -2.0478399e+02      
7.2999395e+01 -2.0937785e+02      
7.2310524e+01 -2.1378251e+02      
7.1855918e+01 -2.1740846e+02      
7.1843387e+01 -2.1956679e+02      
7.2076787e+01 -2.2090304e+02      
7.2421996e+01 -2.2195950e+02      
7.2815752e+01 -2.2297045e+02      
7.3183457e+01 -2.2394787e+02      
7.3408826e+01 -2.2468558e+02      
7.3321686e+01 -2.2467679e+02      
7.2764971e+01 -2.2329029e+02      
7.1875460e+01 -2.2110439e+02      
7.0803651e+01 -2.1858998e+02      
6.9646306e+01 -2.1596601e+02      
6.8454105e+01 -2.1333310e+02      
6.7247040e+01 -2.1073042e+02      
6.6031822e+01 -2.0817706e+02      
6.4812094e+01 -2.0569295e+02      
