2.4646745e+01 2.3524520e+02      
2.5002030e+01 2.3322702e+02      
2.6020722e+01 2.3134398e+02      
2.7691436e+01 2.2964982e+02      
2.9993629e+01 2.2819397e+02      
3.2894698e+01 2.2701922e+02      
3.6344311e+01 2.2615816e+02      
4.0265395e+01 2.2562825e+02      
4.4543671e+01 2.2542632e+02      
4.9017779e+01 2.2552190e+02      
5.3464933e+01 2.2584334e+02      
5.7587737e+01 2.2625888e+02      
6.1094107e+01 2.2663129e+02      
6.3764149e+01 2.2684542e+02      
6.5180493e+01 2.2645743e+02      
6.4327729e+01 2.2378971e+02      
6.3415832e+01 2.2146126e+02      
6.2850141e+01 2.1969641e+02      
6.2685290e+01 2.1837940e+02      
6.2958725e+01 2.1743015e+02      
5.2528301e+01 2.2603334e+02      
5.3072842e+01 2.2399349e+02      
5.4315695e+01 2.2207993e+02      
5.6253613e+01 2.2035432e+02      
5.8877156e+01 2.1887586e+02      
6.2169090e+01 2.1769942e+02      
6.6098444e+01 2.1687199e+02      
7.0606181e+01 2.1642584e+02      
7.5586133e+01 2.1637102e+02      
8.0877147e+01 2.1669436e+02      
8.6245685e+01 2.1734813e+02      
9.1262457e+01 2.1813862e+02      
9.5283965e+01 2.1869028e+02      
9.8226363e+01 2.1906033e+02      
9.8510236e+01 2.1751325e+02      
9.6253527e+01 2.1388270e+02      
9.4225794e+01 2.1081159e+02      
9.2816784e+01 2.0849515e+02      
9.1979241e+01 2.0673816e+02      
9.1688316e+01 2.0540913e+02      
7.8885581e+01 2.1318859e+02      
7.9608038e+01 2.1109641e+02      
8.1058658e+01 2.0912084e+02      
8.3242401e+01 2.0733172e+02      
8.6162208e+01 2.0579872e+02      
8.9821545e+01 2.0459118e+02      
9.4223540e+01 2.0377663e+02      
9.9351646e+01 2.0341144e+02      
1.0511473e+02 2.0351734e+02      
1.1136056e+02 2.0410214e+02      
1.1789576e+02 2.0517989e+02      
1.2417918e+02 2.0655916e+02      
1.2835704e+02 2.0686108e+02      
1.3031488e+02 2.0609605e+02      
1.2946315e+02 2.0367219e+02      
1.2596447e+02 1.9956095e+02      
1.2293907e+02 1.9610159e+02      
1.2075078e+02 1.9345263e+02      
1.1927690e+02 1.9140967e+02      
1.1844058e+02 1.8982141e+02      
1.0327895e+02 1.9693030e+02      
1.0415908e+02 1.9474933e+02      
1.0578996e+02 1.9267323e+02      
1.0818260e+02 1.9077935e+02      
1.1134930e+02 1.8914679e+02      
1.1531294e+02 1.8785877e+02      
1.2012384e+02 1.8700884e+02      
1.2587440e+02 1.8670689e+02      
1.3252548e+02 1.8699081e+02      
1.3968875e+02 1.8773693e+02      
1.4736134e+02 1.8907050e+02      
1.5348863e+02 1.8976565e+02      
1.5741427e+02 1.8946993e+02      
1.5875628e+02 1.8802145e+02      
1.5710242e+02 1.8517643e+02      
1.5268118e+02 1.8101771e+02      
1.4888806e+02 1.7750040e+02      
1.4607256e+02 1.7475907e+02      
1.4405955e+02 1.7260999e+02      
1.4273782e+02 1.7090432e+02      
1.2530579e+02 1.7753343e+02      
1.2631583e+02 1.7522233e+02      
1.2809090e+02 1.7300136e+02      
1.3064385e+02 1.7095407e+02      
1.3398740e+02 1.6916570e+02      
1.3814679e+02 1.6772612e+02      
1.4319263e+02 1.6674180e+02      
1.4934898e+02 1.6638578e+02      
1.5695778e+02 1.6687062e+02      
1.6447836e+02 1.6738687e+02      
1.7182968e+02 1.6794555e+02      
1.7775864e+02 1.6797123e+02      
1.8155061e+02 1.6716691e+02      
1.8269241e+02 1.6538606e+02      
1.8069173e+02 1.6249193e+02      
1.7577205e+02 1.5862613e+02      
1.7152661e+02 1.5533018e+02      
1.6829746e+02 1.5272054e+02      
1.6588429e+02 1.5064645e+02      
1.6416566e+02 1.4897176e+02      
1.4460722e+02 1.5532500e+02      
1.4571388e+02 1.5283854e+02      
1.4759293e+02 1.5042435e+02      
1.5025502e+02 1.4817133e+02      
1.5370207e+02 1.4616736e+02      
1.5793368e+02 1.4449819e+02      
1.6296530e+02 1.4324946e+02      
1.6885214e+02 1.4250673e+02      
1.7553182e+02 1.4225451e+02      
1.8262389e+02 1.4224525e+02      
1.9015999e+02 1.4240559e+02      
1.9606355e+02 1.4196583e+02      
2.0012585e+02 1.4085426e+02      
2.0152546e+02 1.3895394e+02      
1.9969490e+02 1.3623378e+02      
1.9478807e+02 1.3288826e+02      
1.9046337e+02 1.3002442e+02      
1.8706336e+02 1.2773846e+02      
1.8440400e+02 1.2590851e+02      
1.8238706e+02 1.2440949e+02      
1.6087312e+02 1.3067945e+02      
1.6203881e+02 1.2796922e+02      
1.6398155e+02 1.2531084e+02      
1.6670969e+02 1.2279977e+02      
1.7020908e+02 1.2052661e+02      
1.7443643e+02 1.1856981e+02      
1.7931650e+02 1.1698649e+02      
1.8474071e+02 1.1579495e+02      
1.9055715e+02 1.1494071e+02      
1.9660583e+02 1.1429848e+02      
2.0262756e+02 1.1368164e+02      
2.0803583e+02 1.1278683e+02      
2.1279752e+02 1.1152575e+02      
2.1478041e+02 1.0958839e+02      
2.1378050e+02 1.0711143e+02      
2.0950891e+02 1.0437812e+02      
2.0549752e+02 1.0208360e+02      
2.0214936e+02 1.0028416e+02      
1.9937683e+02 9.8854608e+01      
1.9714833e+02 9.7667310e+01      
1.7384554e+02 1.0401342e+02      
1.7502729e+02 1.0102747e+02      
1.7699339e+02 9.8070681e+01      
1.7975745e+02 9.5249632e+01      
1.8329658e+02 9.2663547e+01      
1.8752824e+02 9.0390624e+01      
1.9228593e+02 8.8473072e+01      
1.9731272e+02 8.6901069e+01      
2.0236336e+02 8.5604905e+01      
2.0733547e+02 8.4463892e+01      
2.1211270e+02 8.3310818e+01      
2.1648896e+02 8.1968637e+01      
2.2012518e+02 8.0306723e+01      
2.2234209e+02 7.8235201e+01      
2.2297696e+02 7.5889048e+01      
2.2004788e+02 7.3651368e+01      
2.1665530e+02 7.2025487e+01      
2.1347511e+02 7.0878356e+01      
2.1065948e+02 7.0001858e+01      
2.0827464e+02 6.9251591e+01      
1.8332168e+02 7.5780615e+01      
1.8446635e+02 7.2461802e+01      
1.8640837e+02 6.9145244e+01      
1.8918349e+02 6.5957443e+01      
1.9278450e+02 6.3018830e+01      
1.9711662e+02 6.0420819e+01      
2.0194439e+02 5.8206785e+01      
2.0678937e+02 5.6352107e+01      
2.1104296e+02 5.4754176e+01      
2.1495759e+02 5.3302023e+01      
2.1866790e+02 5.1829714e+01      
2.2208256e+02 5.0163839e+01      
2.2496870e+02 4.8178940e+01      
2.2702902e+02 4.5853180e+01      
2.2788260e+02 4.3364729e+01      
2.2694917e+02 4.1190866e+01      
2.2413205e+02 4.0389735e+01      
2.2105610e+02 4.0090016e+01      
2.1817843e+02 3.9925801e+01      
2.1565514e+02 3.9720932e+01      
1.8915857e+02 4.6468199e+01      
1.9019479e+02 4.2751417e+01      
1.9204201e+02 3.8998688e+01      
1.9478389e+02 3.5370127e+01      
1.9847500e+02 3.2030844e+01      
2.0306691e+02 2.9104095e+01      
2.0828586e+02 2.6642233e+01      
2.1343016e+02 2.4634154e+01      
2.1661964e+02 2.2875832e+01      
2.1936099e+02 2.1318888e+01      
2.2204236e+02 1.9731369e+01      
2.2467519e+02 1.7900133e+01      
2.2711369e+02 1.5662497e+01      
2.2914918e+02 1.2978095e+01      
2.3044531e+02 1.0144531e+01      
2.3003009e+02 8.3581808e+00      
2.2799312e+02 7.9004907e+00      
2.2489288e+02 8.5828377e+00      
2.2188468e+02 9.2737329e+00      
2.1922314e+02 9.6840073e+00      
1.9128183e+02 1.6596040e+01      
1.9211179e+02 1.2406637e+01      
1.9374714e+02 8.1142332e+00      
1.9634500e+02 3.9285750e+00      
2.0010021e+02 1.1081126e-01      
2.0509133e+02 -3.1395137e+00      
2.1090905e+02 -5.7931521e+00      
2.1564783e+02 -7.8788247e+00      
2.1871720e+02 -9.5554406e+00      
2.2027224e+02 -1.0958720e+01      
2.2193823e+02 -1.2427350e+01      
2.2391031e+02 -1.4231965e+01      
2.2604087e+02 -1.6572418e+01      
2.2816364e+02 -1.9611612e+01      
2.2934278e+02 -2.2216114e+01      
2.2912736e+02 -2.3692745e+01      
2.2751173e+02 -2.3797416e+01      
2.2483359e+02 -2.2737383e+01      
2.2169304e+02 -2.1172267e+01      
2.1894715e+02 -2.0213776e+01      
1.8970007e+02 -1.3279803e+01      
1.9019902e+02 -1.8020738e+01      
1.9144066e+02 -2.2993702e+01      
1.9364822e+02 -2.7947027e+01      
1.9721444e+02 -3.2417179e+01      
2.0256505e+02 -3.5850352e+01      
2.0805297e+02 -3.8425094e+01      
2.1255552e+02 -4.0352933e+01      
2.1554339e+02 -4.1776611e+01      
2.1709431e+02 -4.2896087e+01      
2.1792902e+02 -4.4023861e+01      
2.1948469e+02 -4.5634132e+01      
2.2135060e+02 -4.7737971e+01      
2.2312739e+02 -5.0267451e+01      
2.2437468e+02 -5.2881835e+01      
2.2430467e+02 -5.4171968e+01      
2.2285784e+02 -5.3818495e+01      
2.2030858e+02 -5.2153267e+01      
2.1752863e+02 -5.0572566e+01      
2.1487271e+02 -4.9378227e+01      
1.8452283e+02 -4.2560856e+01      
1.8455657e+02 -4.7913901e+01      
1.8516986e+02 -5.3734129e+01      
1.8660944e+02 -5.9747675e+01      
1.8932012e+02 -6.5248006e+01      
1.9389864e+02 -6.8103421e+01      
1.9947067e+02 -7.0286560e+01      
2.0399952e+02 -7.1828308e+01      
2.0686060e+02 -7.2789881e+01      
2.0819981e+02 -7.3419341e+01      
2.0960473e+02 -7.4403356e+01      
2.1133775e+02 -7.5830901e+01      
2.1321923e+02 -7.7656253e+01      
2.1489921e+02 -7.9696495e+01      
2.1596092e+02 -8.1593284e+01      
2.1600441e+02 -8.2772394e+01      
2.1456823e+02 -8.1861161e+01      
2.1231350e+02 -8.0307938e+01      
2.0974258e+02 -7.8718476e+01      
2.0716826e+02 -7.7368450e+01      
1.7597490e+02 -7.0603967e+01      
1.7544194e+02 -7.6560796e+01      
1.7520169e+02 -8.3337112e+01      
1.7555241e+02 -9.0522752e+01      
1.7739407e+02 -9.6008894e+01      
1.8090756e+02 -9.9225795e+01      
1.8579804e+02 -1.0041906e+02      
1.9055489e+02 -1.0142412e+02      
1.9330948e+02 -1.0177268e+02      
1.9545907e+02 -1.0228873e+02      
1.9753267e+02 -1.0314207e+02      
1.9969274e+02 -1.0441280e+02      
2.0190536e+02 -1.0610238e+02      
2.0389192e+02 -1.0796517e+02      
2.0502170e+02 -1.0936715e+02      
2.0495385e+02 -1.0980112e+02      
2.0356854e+02 -1.0888606e+02      
2.0122889e+02 -1.0715302e+02      
1.9861907e+02 -1.0535461e+02      
1.9604426e+02 -1.0380175e+02      
1.6438969e+02 -9.6745861e+01      
1.6333487e+02 -1.0307348e+02      
1.6215788e+02 -1.1065981e+02      
1.6175748e+02 -1.1776118e+02      
1.6272824e+02 -1.2333167e+02      
1.6528572e+02 -1.2686707e+02      
1.6918825e+02 -1.2837295e+02      
1.7354500e+02 -1.2849706e+02      
1.7685075e+02 -1.2877956e+02      
1.7961980e+02 -1.2919002e+02      
1.8223023e+02 -1.2982611e+02      
1.8481665e+02 -1.3089847e+02      
1.8750420e+02 -1.3257684e+02      
1.9028461e+02 -1.3477382e+02      
1.9168469e+02 -1.3601108e+02      
1.9161196e+02 -1.3603291e+02      
1.9005198e+02 -1.3472911e+02      
1.8710815e+02 -1.3224683e+02      
1.8430107e+02 -1.3005436e+02      
1.8169854e+02 -1.2827122e+02      
1.5012272e+02 -1.2044612e+02      
1.4885698e+02 -1.2653370e+02      
1.4754127e+02 -1.3344367e+02      
1.4627929e+02 -1.4075455e+02      
1.4634655e+02 -1.4663407e+02      
1.4810815e+02 -1.5054510e+02      
1.5141957e+02 -1.5221329e+02      
1.5481152e+02 -1.5313985e+02      
1.5800344e+02 -1.5365340e+02      
1.6106865e+02 -1.5385370e+02      
1.6407515e+02 -1.5400624e+02      
1.6694408e+02 -1.5471145e+02      
1.6983329e+02 -1.5621697e+02      
1.7277778e+02 -1.5840538e+02      
1.7426597e+02 -1.5947563e+02      
1.7421908e+02 -1.5923624e+02      
1.7265100e+02 -1.5762780e+02      
1.6968168e+02 -1.5474417e+02      
1.6689169e+02 -1.5230461e+02      
1.6434493e+02 -1.5036489e+02      
1.3343786e+02 -1.4144496e+02      
1.3212103e+02 -1.4706034e+02      
1.3086082e+02 -1.5318943e+02      
1.2969749e+02 -1.5960052e+02      
1.2891272e+02 -1.6579584e+02      
1.2991939e+02 -1.7034607e+02      
1.3175653e+02 -1.7341853e+02      
1.3414949e+02 -1.7525108e+02      
1.3699628e+02 -1.7598560e+02      
1.4019343e+02 -1.7579663e+02      
1.4354098e+02 -1.7506294e+02      
1.4643884e+02 -1.7530317e+02      
1.4913891e+02 -1.7639801e+02      
1.5172231e+02 -1.7814269e+02      
1.5302692e+02 -1.7886351e+02      
1.5299613e+02 -1.7843597e+02      
1.5165438e+02 -1.7681698e+02      
1.4911603e+02 -1.7404533e+02      
1.4662995e+02 -1.7167934e+02      
1.4426960e+02 -1.6972918e+02      
1.1456381e+02 -1.5961384e+02      
1.1324765e+02 -1.6473040e+02      
1.1207097e+02 -1.7015845e+02      
1.1109485e+02 -1.7570592e+02      
1.1052196e+02 -1.8104287e+02      
1.1065559e+02 -1.8574674e+02      
1.1112457e+02 -1.8994828e+02      
1.1256913e+02 -1.9249332e+02      
1.1508265e+02 -1.9327177e+02      
1.1832634e+02 -1.9265211e+02      
1.2126365e+02 -1.9224052e+02      
1.2380586e+02 -1.9235251e+02      
1.2600711e+02 -1.9292338e+02      
1.2777073e+02 -1.9363182e+02      
1.2870806e+02 -1.9383989e+02      
1.2867093e+02 -1.9328078e+02      
1.2768463e+02 -1.9192230e+02      
1.2595386e+02 -1.8996309e+02      
1.2394250e+02 -1.8795684e+02      
1.2185322e+02 -1.8611564e+02      
9.3761270e+01 -1.7483114e+02      
9.2453680e+01 -1.7947415e+02      
9.1324055e+01 -1.8430691e+02      
9.0432163e+01 -1.8916492e+02      
8.9868228e+01 -1.9384184e+02      
8.9665798e+01 -1.9817496e+02      
8.9733481e+01 -2.0208725e+02      
9.0274571e+01 -2.0515187e+02      
9.2595855e+01 -2.0578922e+02      
9.5156539e+01 -2.0577881e+02      
9.7500136e+01 -2.0576065e+02      
9.9536602e+01 -2.0589464e+02      
1.0122071e+02 -2.0614066e+02      
1.0245102e+02 -2.0631443e+02      
1.0307704e+02 -2.0615975e+02      
1.0300990e+02 -2.0551056e+02      
1.0226946e+02 -2.0434779e+02      
1.0098671e+02 -2.0279938e+02      
9.9359972e+01 -2.0108566e+02      
9.7541171e+01 -1.9937174e+02      
7.1335351e+01 -1.8697599e+02      
7.0026636e+01 -1.9118593e+02      
6.8904629e+01 -1.9551111e+02      
6.8011789e+01 -1.9981842e+02      
6.7388663e+01 -2.0396292e+02      
6.7041095e+01 -2.0782023e+02      
6.6899802e+01 -2.1132273e+02      
6.7032733e+01 -2.1425520e+02      
6.8851383e+01 -2.1514183e+02      
7.0756555e+01 -2.1557423e+02      
7.2505195e+01 -2.1585424e+02      
7.4036137e+01 -2.1604926e+02      
7.5273608e+01 -2.1615510e+02      
7.6132462e+01 -2.1609038e+02      
7.6528476e+01 -2.1574247e+02      
7.6412993e+01 -2.1503244e+02      
7.5797612e+01 -2.1395479e+02      
7.4753940e+01 -2.1258028e+02      
7.3387038e+01 -2.1102391e+02      
7.1794814e+01 -2.0939413e+02      
