1.9841638e+01 2.3606789e+02      
1.8850829e+01 2.3421748e+02      
1.8306346e+01 2.3247830e+02      
1.8239849e+01 2.3090999e+02      
1.8724830e+01 2.2957906e+02      
1.9896603e+01 2.2857572e+02      
2.1750595e+01 2.2795963e+02      
2.2889899e+01 2.2722891e+02      
2.3260092e+01 2.2641761e+02      
2.2885540e+01 2.2553446e+02      
2.1865952e+01 2.2456125e+02      
2.1621103e+01 2.2399442e+02      
2.2178055e+01 2.2378713e+02      
2.3403564e+01 2.2386894e+02      
2.5192385e+01 2.2419703e+02      
2.7446818e+01 2.2473782e+02      
3.0081573e+01 2.2546029e+02      
3.3034978e+01 2.2633125e+02      
3.6274103e+01 2.2731134e+02      
3.9793542e+01 2.2835272e+02      
4.8821861e+01 2.2560451e+02      
4.8038019e+01 2.2366245e+02      
4.7660729e+01 2.2181635e+02      
4.7728910e+01 2.2013160e+02      
4.8359644e+01 2.1868123e+02      
4.9769536e+01 2.1755572e+02      
5.1957414e+01 2.1678633e+02      
5.3254016e+01 2.1593704e+02      
5.3569058e+01 2.1501199e+02      
5.2934115e+01 2.1401864e+02      
5.1500084e+01 2.1296529e+02      
5.0973175e+01 2.1227620e+02      
5.1400266e+01 2.1193180e+02      
5.2586283e+01 2.1186461e+02      
5.4377068e+01 2.1203122e+02      
5.6624588e+01 2.1240007e+02      
5.9196759e+01 2.1294513e+02      
6.2006765e+01 2.1363916e+02      
6.5015127e+01 2.1444585e+02      
6.8222793e+01 2.1531494e+02      
7.6617375e+01 2.1154455e+02      
7.6069500e+01 2.0948004e+02      
7.5831549e+01 2.0749162e+02      
7.5919225e+01 2.0564552e+02      
7.6475133e+01 2.0401231e+02      
7.7765167e+01 2.0265825e+02      
7.9828366e+01 2.0158720e+02      
8.1015693e+01 2.0055060e+02      
8.1247909e+01 1.9952870e+02      
8.0559983e+01 1.9852428e+02      
7.9103388e+01 1.9756089e+02      
7.8586119e+01 1.9686967e+02      
7.9059782e+01 1.9645665e+02      
8.0334985e+01 1.9628310e+02      
8.2249139e+01 1.9631615e+02      
8.4593452e+01 1.9653215e+02      
8.7147668e+01 1.9691685e+02      
8.9807997e+01 1.9745832e+02      
9.2537141e+01 1.9812921e+02      
9.5342426e+01 1.9887635e+02      
1.0283619e+02 1.9413136e+02      
1.0260278e+02 1.9191387e+02      
1.0250395e+02 1.8974939e+02      
1.0246343e+02 1.8769875e+02      
1.0266990e+02 1.8584026e+02      
1.0344256e+02 1.8422893e+02      
1.0490181e+02 1.8285191e+02      
1.0570694e+02 1.8163432e+02      
1.0582914e+02 1.8053838e+02      
1.0529699e+02 1.7955853e+02      
1.0420844e+02 1.7872131e+02      
1.0398744e+02 1.7807631e+02      
1.0467591e+02 1.7764129e+02      
1.0616832e+02 1.7739733e+02      
1.0838176e+02 1.7731997e+02      
1.1105288e+02 1.7739329e+02      
1.1362034e+02 1.7761940e+02      
1.1612962e+02 1.7802543e+02      
1.1853462e+02 1.7860350e+02      
1.2081460e+02 1.7929492e+02      
1.2711188e+02 1.7365855e+02      
1.2738967e+02 1.7126208e+02      
1.2756636e+02 1.6890449e+02      
1.2715494e+02 1.6659055e+02      
1.2668587e+02 1.6447630e+02      
1.2657353e+02 1.6263603e+02      
1.2683030e+02 1.6106390e+02      
1.2704151e+02 1.5972485e+02      
1.2703594e+02 1.5858556e+02      
1.2681794e+02 1.5762870e+02      
1.2658820e+02 1.5685214e+02      
1.2685775e+02 1.5625589e+02      
1.2784120e+02 1.5582945e+02      
1.2959382e+02 1.5554576e+02      
1.3220223e+02 1.5537451e+02      
1.3566350e+02 1.5530034e+02      
1.3825843e+02 1.5532777e+02      
1.4074407e+02 1.5560084e+02      
1.4281411e+02 1.5613674e+02      
1.4438901e+02 1.5686488e+02      
1.4904862e+02 1.5045792e+02      
1.5015400e+02 1.4783628e+02      
1.5103125e+02 1.4530303e+02      
1.4977925e+02 1.4261590e+02      
1.4830225e+02 1.4023146e+02      
1.4720309e+02 1.3820215e+02      
1.4657834e+02 1.3650525e+02      
1.4627538e+02 1.3510282e+02      
1.4614272e+02 1.3395648e+02      
1.4613888e+02 1.3303717e+02      
1.4635937e+02 1.3232428e+02      
1.4699860e+02 1.3179499e+02      
1.4822387e+02 1.3141358e+02      
1.5015123e+02 1.3112873e+02      
1.5288290e+02 1.3088224e+02      
1.5641612e+02 1.3062066e+02      
1.6036027e+02 1.3037089e+02      
1.6317538e+02 1.3051387e+02      
1.6491854e+02 1.3107431e+02      
1.6564533e+02 1.3195352e+02      
1.6810300e+02 1.2489852e+02      
1.7021036e+02 1.2192185e+02      
1.7087517e+02 1.1892796e+02      
1.6969507e+02 1.1601999e+02      
1.6708829e+02 1.1341142e+02      
1.6499279e+02 1.1125217e+02      
1.6369921e+02 1.0949704e+02      
1.6304954e+02 1.0809367e+02      
1.6283710e+02 1.0698717e+02      
1.6295230e+02 1.0613837e+02      
1.6338978e+02 1.0552122e+02      
1.6422404e+02 1.0510228e+02      
1.6556495e+02 1.0482477e+02      
1.6753263e+02 1.0460387e+02      
1.7024800e+02 1.0433878e+02      
1.7383440e+02 1.0393060e+02      
1.7811269e+02 1.0341576e+02      
1.8094331e+02 1.0349569e+02      
1.8224906e+02 1.0419183e+02      
1.8225781e+02 1.0532477e+02      
1.8336332e+02 9.7449285e+01      
1.8528399e+02 9.3921262e+01      
1.8582402e+02 9.0430882e+01      
1.8467569e+02 8.7189640e+01      
1.8216967e+02 8.4386381e+01      
1.7926538e+02 8.2150724e+01      
1.7760201e+02 8.0405413e+01      
1.7682983e+02 7.9085606e+01      
1.7665127e+02 7.8073777e+01      
1.7688515e+02 7.7330923e+01      
1.7744901e+02 7.6849858e+01      
1.7835186e+02 7.6603495e+01      
1.7966684e+02 7.6521045e+01      
1.8152007e+02 7.6472261e+01      
1.8406874e+02 7.6291022e+01      
1.8746273e+02 7.5834285e+01      
1.9148075e+02 7.5164575e+01      
1.9391397e+02 7.5316316e+01      
1.9458429e+02 7.6301488e+01      
1.9386778e+02 7.7799797e+01      
1.9273046e+02 6.8892774e+01      
1.9479647e+02 6.4771685e+01      
1.9538885e+02 6.0705529e+01      
1.9415239e+02 5.7017719e+01      
1.9150556e+02 5.3861160e+01      
1.8931142e+02 5.1221800e+01      
1.8786642e+02 4.9612777e+01      
1.8723550e+02 4.8542721e+01      
1.8728388e+02 4.7661207e+01      
1.8771133e+02 4.7036943e+01      
1.8837820e+02 4.6722849e+01      
1.8926113e+02 4.6720430e+01      
1.9040290e+02 4.6965288e+01      
1.9194124e+02 4.7273835e+01      
1.9414494e+02 4.7314666e+01      
1.9712818e+02 4.6939605e+01      
2.0059537e+02 4.6277597e+01      
2.0239918e+02 4.6667094e+01      
2.0236715e+02 4.8052257e+01      
2.0185505e+02 4.9468130e+01      
1.9802904e+02 3.9768573e+01      
1.9912634e+02 3.5381324e+01      
1.9984232e+02 3.0639752e+01      
1.9846413e+02 2.6364819e+01      
1.9678810e+02 2.2167315e+01      
1.9545604e+02 1.8623027e+01      
1.9431687e+02 1.7609326e+01      
1.9395315e+02 1.7142427e+01      
1.9445073e+02 1.6426893e+01      
1.9516302e+02 1.5909413e+01      
1.9594153e+02 1.5758570e+01      
1.9674650e+02 1.6062178e+01      
1.9759835e+02 1.6772131e+01      
1.9860929e+02 1.7665187e+01      
2.0038033e+02 1.7998747e+01      
2.0283754e+02 1.7827047e+01      
2.0565263e+02 1.7347133e+01      
2.0692439e+02 1.8030614e+01      
2.0708039e+02 1.9215501e+01      
2.0651870e+02 2.0615513e+01      
1.9984448e+02 1.0536306e+01      
2.0016962e+02 5.9712104e+00      
2.0017246e+02 8.9558491e-01      
1.9941384e+02 -4.5072730e+00      
1.9843552e+02 -9.9449112e+00      
1.9750774e+02 -1.3453677e+01      
1.9684476e+02 -1.4677908e+01      
1.9668601e+02 -1.4110177e+01      
1.9720269e+02 -1.3861631e+01      
1.9819677e+02 -1.4247324e+01      
1.9909181e+02 -1.4301228e+01      
1.9979392e+02 -1.3670122e+01      
2.0036026e+02 -1.2476261e+01      
2.0132283e+02 -1.1596103e+01      
2.0279077e+02 -1.1136538e+01      
2.0471465e+02 -1.1048941e+01      
2.0687473e+02 -1.1150250e+01      
2.0873924e+02 -1.1014565e+01      
2.0898148e+02 -1.0006855e+01      
2.0781437e+02 -8.3296024e+00      
1.9840058e+02 -1.8322207e+01      
1.9827721e+02 -2.2976391e+01      
1.9796411e+02 -2.8342435e+01      
1.9733056e+02 -3.4644843e+01      
1.9651566e+02 -4.0028294e+01      
1.9581841e+02 -4.3487252e+01      
1.9547717e+02 -4.4744009e+01      
1.9561050e+02 -4.4198959e+01      
1.9619984e+02 -4.2930492e+01      
1.9708712e+02 -4.2728935e+01      
1.9808748e+02 -4.2902520e+01      
1.9869462e+02 -4.1959857e+01      
1.9937886e+02 -4.0971890e+01      
2.0031053e+02 -4.0216764e+01      
2.0153152e+02 -3.9720251e+01      
2.0303739e+02 -3.9476270e+01      
2.0481322e+02 -3.9480028e+01      
2.0662661e+02 -3.9574689e+01      
2.0677912e+02 -3.8618578e+01      
2.0536177e+02 -3.6724612e+01      
1.9379257e+02 -4.6334564e+01      
1.9344755e+02 -5.0913733e+01      
1.9301097e+02 -5.6040383e+01      
1.9238284e+02 -6.1646180e+01      
1.9154221e+02 -6.7229005e+01      
1.9092287e+02 -7.0708130e+01      
1.9080744e+02 -7.1729324e+01      
1.9119908e+02 -7.0794110e+01      
1.9177989e+02 -7.0024536e+01      
1.9257057e+02 -6.9850825e+01      
1.9351157e+02 -7.0059778e+01      
1.9420438e+02 -6.9267524e+01      
1.9497391e+02 -6.8547712e+01      
1.9584129e+02 -6.7944730e+01      
1.9680161e+02 -6.7423975e+01      
1.9789594e+02 -6.7038835e+01      
1.9921764e+02 -6.6918682e+01      
2.0063993e+02 -6.7021209e+01      
2.0059391e+02 -6.6019369e+01      
1.9911840e+02 -6.3985891e+01      
1.8609350e+02 -7.3097241e+01      
1.8565789e+02 -7.7502936e+01      
1.8520773e+02 -8.2261561e+01      
1.8466301e+02 -8.7128121e+01      
1.8397693e+02 -9.1644232e+01      
1.8329063e+02 -9.5100200e+01      
1.8334107e+02 -9.5691495e+01      
1.8363108e+02 -9.5514594e+01      
1.8411399e+02 -9.5306063e+01      
1.8479758e+02 -9.5302770e+01      
1.8563445e+02 -9.5388452e+01      
1.8651020e+02 -9.5227426e+01      
1.8739886e+02 -9.4948114e+01      
1.8819438e+02 -9.4530923e+01      
1.8883838e+02 -9.3939710e+01      
1.8941385e+02 -9.3293069e+01      
1.9010478e+02 -9.2838483e+01      
1.9090005e+02 -9.2663990e+01      
1.9061038e+02 -9.1565893e+01      
1.8924483e+02 -8.9591341e+01      
1.7539797e+02 -9.8252573e+01      
1.7494895e+02 -1.0249044e+02      
1.7457404e+02 -1.0703804e+02      
1.7420166e+02 -1.1152394e+02      
1.7366709e+02 -1.1513144e+02      
1.7309640e+02 -1.1738822e+02      
1.7288136e+02 -1.1831456e+02      
1.7298037e+02 -1.1864865e+02      
1.7333168e+02 -1.1883678e+02      
1.7392422e+02 -1.1905937e+02      
1.7475346e+02 -1.1935245e+02      
1.7581707e+02 -1.1970180e+02      
1.7697547e+02 -1.2000183e+02      
1.7775211e+02 -1.1982644e+02      
1.7798481e+02 -1.1905451e+02      
1.7781835e+02 -1.1788464e+02      
1.7769644e+02 -1.1682103e+02      
1.7757722e+02 -1.1588325e+02      
1.7703935e+02 -1.1467161e+02      
1.7605266e+02 -1.1318903e+02      
1.6183845e+02 -1.2143916e+02      
1.6140098e+02 -1.2552075e+02      
1.6113584e+02 -1.3003591e+02      
1.6106375e+02 -1.3477961e+02      
1.6060109e+02 -1.3780331e+02      
1.5982946e+02 -1.3884468e+02      
1.5941602e+02 -1.3952532e+02      
1.5935050e+02 -1.4002357e+02      
1.5957186e+02 -1.4043131e+02      
1.6006874e+02 -1.4085407e+02      
1.6087602e+02 -1.4138971e+02      
1.6212449e+02 -1.4220635e+02      
1.6388157e+02 -1.4338782e+02      
1.6468659e+02 -1.4348411e+02      
1.6446027e+02 -1.4244362e+02      
1.6322786e+02 -1.4036999e+02      
1.6238211e+02 -1.3872257e+02      
1.6172584e+02 -1.3736890e+02      
1.6097866e+02 -1.3606086e+02      
1.6006951e+02 -1.3475738e+02      
1.4559929e+02 -1.4229682e+02      
1.4514702e+02 -1.4615080e+02      
1.4487926e+02 -1.5048027e+02      
1.4478962e+02 -1.5509255e+02      
1.4433939e+02 -1.5773933e+02      
1.4358105e+02 -1.5826945e+02      
1.4309872e+02 -1.5874393e+02      
1.4292555e+02 -1.5927479e+02      
1.4302371e+02 -1.5978967e+02      
1.4338858e+02 -1.6032057e+02      
1.4405630e+02 -1.6095221e+02      
1.4514655e+02 -1.6186482e+02      
1.4669088e+02 -1.6316068e+02      
1.4730072e+02 -1.6328502e+02      
1.4687133e+02 -1.6219309e+02      
1.4544498e+02 -1.5996654e+02      
1.4434300e+02 -1.5816450e+02      
1.4344997e+02 -1.5667923e+02      
1.4256943e+02 -1.5532946e+02      
1.4163061e+02 -1.5407189e+02      
1.2693124e+02 -1.6052053e+02      
1.2642632e+02 -1.6402393e+02      
1.2605909e+02 -1.6788837e+02      
1.2580394e+02 -1.7197342e+02      
1.2533538e+02 -1.7434066e+02      
1.2468920e+02 -1.7489217e+02      
1.2421961e+02 -1.7544012e+02      
1.2397802e+02 -1.7604080e+02      
1.2395688e+02 -1.7661516e+02      
1.2415340e+02 -1.7716703e+02      
1.2457190e+02 -1.7773273e+02      
1.2520575e+02 -1.7834696e+02      
1.2588286e+02 -1.7886022e+02      
1.2611511e+02 -1.7875139e+02      
1.2571882e+02 -1.7785936e+02      
1.2482007e+02 -1.7637313e+02      
1.2384824e+02 -1.7483214e+02      
1.2291616e+02 -1.7340128e+02      
1.2198069e+02 -1.7206717e+02      
1.2100867e+02 -1.7082737e+02      
1.0614789e+02 -1.7589903e+02      
1.0557305e+02 -1.7897044e+02      
1.0508000e+02 -1.8215294e+02      
1.0462891e+02 -1.8514249e+02      
1.0412796e+02 -1.8727618e+02      
1.0359561e+02 -1.8849158e+02      
1.0315085e+02 -1.8934601e+02      
1.0285365e+02 -1.9006429e+02      
1.0271687e+02 -1.9067874e+02      
1.0273630e+02 -1.9120340e+02      
1.0289197e+02 -1.9164463e+02      
1.0312772e+02 -1.9197456e+02      
1.0331027e+02 -1.9208037e+02      
1.0325439e+02 -1.9179049e+02      
1.0286112e+02 -1.9103404e+02      
1.0217952e+02 -1.8991002e+02      
1.0134601e+02 -1.8861639e+02      
1.0044868e+02 -1.8729281e+02      
9.9507340e+01 -1.8599885e+02      
9.8519841e+01 -1.8476757e+02      
8.3606178e+01 -1.8830002e+02      
8.2966336e+01 -1.9095965e+02      
8.2377934e+01 -1.9359255e+02      
8.1822057e+01 -1.9599040e+02      
8.1277694e+01 -1.9792118e+02      
8.0756483e+01 -1.9933733e+02      
8.0300071e+01 -2.0038213e+02      
7.9942710e+01 -2.0118905e+02      
7.9696789e+01 -2.0182002e+02      
7.9555788e+01 -2.0229878e+02      
7.9493646e+01 -2.0262604e+02      
7.9457779e+01 -2.0277503e+02      
7.9365474e+01 -2.0268713e+02      
7.9126341e+01 -2.0229672e+02      
7.8688215e+01 -2.0158331e+02      
7.8061025e+01 -2.0059806e+02      
7.7294776e+01 -1.9943765e+02      
7.6436145e+01 -1.9819379e+02      
7.5509319e+01 -1.9693115e+02      
7.4522947e+01 -1.9569547e+02      
