4.5202727e+01 2.2737335e+02      
4.7918066e+01 2.2785443e+02      
4.9832841e+01 2.2810874e+02      
5.0527097e+01 2.2798368e+02      
5.0014350e+01 2.2751298e+02      
4.8718489e+01 2.2690119e+02      
4.7630756e+01 2.2666201e+02      
4.6993073e+01 2.2690524e+02      
4.6602562e+01 2.2751613e+02      
4.5849786e+01 2.2808726e+02      
4.3282453e+01 2.2721726e+02      
4.1195431e+01 2.2675026e+02      
3.9839776e+01 2.2676676e+02      
3.9134676e+01 2.2713044e+02      
3.9030244e+01 2.2775265e+02      
3.9495901e+01 2.2856362e+02      
4.0516040e+01 2.2950380e+02      
4.2084548e+01 2.3051930e+02      
4.4199259e+01 2.3155894e+02      
4.6857535e+01 2.3257258e+02      
7.5792432e+01 2.1803715e+02      
8.0518469e+01 2.1944400e+02      
8.3380856e+01 2.2007168e+02      
8.4241280e+01 2.1999954e+02      
8.3162931e+01 2.1929008e+02      
8.0408061e+01 2.1798703e+02      
7.8953817e+01 2.1764108e+02      
7.8405106e+01 2.1800043e+02      
7.8398808e+01 2.1889525e+02      
7.6798252e+01 2.1890015e+02      
7.3298206e+01 2.1767058e+02      
7.0567322e+01 2.1694015e+02      
6.8795694e+01 2.1676864e+02      
6.7783644e+01 2.1697378e+02      
6.7416637e+01 2.1743915e+02      
6.7633693e+01 2.1808177e+02      
6.8407825e+01 2.1883651e+02      
6.9730770e+01 2.1964748e+02      
7.1601313e+01 2.2046275e+02      
7.4017694e+01 2.2123150e+02      
1.0359866e+02 2.0425885e+02      
1.0917561e+02 2.0568106e+02      
1.1250514e+02 2.0634847e+02      
1.1343882e+02 2.0628471e+02      
1.1208955e+02 2.0556852e+02      
1.0889751e+02 2.0437007e+02      
1.0780778e+02 2.0434886e+02      
1.0728630e+02 2.0472103e+02      
1.0679647e+02 2.0520637e+02      
1.0480956e+02 2.0500648e+02      
1.0090128e+02 2.0385799e+02      
9.7891250e+01 2.0316740e+02      
9.5920866e+01 2.0298151e+02      
9.4727456e+01 2.0313617e+02      
9.4161397e+01 2.0351782e+02      
9.4150796e+01 2.0404550e+02      
9.4672969e+01 2.0465777e+02      
9.5729424e+01 2.0530274e+02      
9.7327394e+01 2.0593128e+02      
9.9469732e+01 2.0649373e+02      
1.2777129e+02 1.8623087e+02      
1.3300413e+02 1.8710561e+02      
1.3608709e+02 1.8749400e+02      
1.3695063e+02 1.8738423e+02      
1.3573705e+02 1.8683790e+02      
1.3273159e+02 1.8598670e+02      
1.3114128e+02 1.8583683e+02      
1.3057573e+02 1.8618271e+02      
1.3069675e+02 1.8681368e+02      
1.2914252e+02 1.8683034e+02      
1.2549424e+02 1.8610470e+02      
1.2265930e+02 1.8569534e+02      
1.2077454e+02 1.8565729e+02      
1.1956240e+02 1.8586947e+02      
1.1887325e+02 1.8623999e+02      
1.1865349e+02 1.8670397e+02      
1.1891082e+02 1.8721475e+02      
1.1967528e+02 1.8773199e+02      
1.2097209e+02 1.8821331e+02      
1.2281171e+02 1.8861161e+02      
1.4833034e+02 1.6454723e+02      
1.5195574e+02 1.6457813e+02      
1.5417853e+02 1.6453612e+02      
1.5479294e+02 1.6433840e+02      
1.5402071e+02 1.6401546e+02      
1.5240604e+02 1.6370866e+02      
1.5107875e+02 1.6371672e+02      
1.5034711e+02 1.6406424e+02      
1.5003228e+02 1.6459878e+02      
1.4946702e+02 1.6501813e+02      
1.4674816e+02 1.6489992e+02      
1.4457246e+02 1.6492525e+02      
1.4307045e+02 1.6515641e+02      
1.4200381e+02 1.6551424e+02      
1.4125007e+02 1.6593093e+02      
1.4080982e+02 1.6636816e+02      
1.4076363e+02 1.6680817e+02      
1.4119752e+02 1.6723147e+02      
1.4216247e+02 1.6760512e+02      
1.4367497e+02 1.6788424e+02      
1.6605098e+02 1.3993478e+02      
1.6929819e+02 1.3937757e+02      
1.7064411e+02 1.3892766e+02      
1.7082789e+02 1.3862401e+02      
1.7018756e+02 1.3844617e+02      
1.6909374e+02 1.3843790e+02      
1.6801643e+02 1.3866381e+02      
1.6720883e+02 1.3912150e+02      
1.6662532e+02 1.3972630e+02      
1.6592699e+02 1.4033253e+02      
1.6469185e+02 1.4082290e+02      
1.6355091e+02 1.4134120e+02      
1.6269111e+02 1.4192345e+02      
1.6191304e+02 1.4249219e+02      
1.6109813e+02 1.4298489e+02      
1.6034877e+02 1.4340139e+02      
1.5990751e+02 1.4378132e+02      
1.5995435e+02 1.4413748e+02      
1.6055799e+02 1.4444313e+02      
1.6172733e+02 1.4465133e+02      
1.8074987e+02 1.1290340e+02      
1.8387506e+02 1.1177747e+02      
1.8527782e+02 1.1099793e+02      
1.8497105e+02 1.1061357e+02      
1.8416940e+02 1.1052702e+02      
1.8303575e+02 1.1073201e+02      
1.8198193e+02 1.1117575e+02      
1.8117156e+02 1.1182591e+02      
1.8057776e+02 1.1262994e+02      
1.8010219e+02 1.1351550e+02      
1.7972563e+02 1.1444466e+02      
1.7961275e+02 1.1544250e+02      
1.7968755e+02 1.1646946e+02      
1.7934306e+02 1.1730726e+02      
1.7837007e+02 1.1786726e+02      
1.7702731e+02 1.1819814e+02      
1.7601931e+02 1.1850062e+02      
1.7562080e+02 1.1881463e+02      
1.7584985e+02 1.1909582e+02      
1.7667698e+02 1.1928661e+02      
1.9208388e+02 8.3946385e+01      
1.9502477e+02 8.2255108e+01      
1.9639927e+02 8.1148680e+01      
1.9627671e+02 8.0650765e+01      
1.9539012e+02 8.0623811e+01      
1.9390850e+02 8.1054277e+01      
1.9280988e+02 8.1718733e+01      
1.9204342e+02 8.2606614e+01      
1.9156603e+02 8.3678332e+01      
1.9139446e+02 8.4879784e+01      
1.9162294e+02 8.6184297e+01      
1.9247231e+02 8.7629115e+01      
1.9396739e+02 8.9242943e+01      
1.9416258e+02 9.0378483e+01      
1.9290564e+02 9.0995983e+01      
1.9041831e+02 9.1097011e+01      
1.8871844e+02 9.1330477e+01      
1.8788251e+02 9.1646674e+01      
1.8776677e+02 9.1956799e+01      
1.8827999e+02 9.2191394e+01      
1.9986513e+02 5.3585199e+01      
2.0246629e+02 5.1357842e+01      
2.0353199e+02 4.9977151e+01      
2.0310546e+02 4.9456878e+01      
2.0230007e+02 4.9421308e+01      
2.0124286e+02 4.9880187e+01      
2.0028956e+02 5.0736420e+01      
1.9959911e+02 5.1897542e+01      
1.9923642e+02 5.3280595e+01      
1.9928747e+02 5.4810998e+01      
1.9990109e+02 5.6441798e+01      
2.0133837e+02 5.8175364e+01      
2.0353902e+02 5.9978864e+01      
2.0408072e+02 6.1302694e+01      
2.0269692e+02 6.2073848e+01      
1.9971335e+02 6.2333463e+01      
1.9759830e+02 6.2649885e+01      
1.9646546e+02 6.3039028e+01      
1.9609454e+02 6.3439746e+01      
1.9635285e+02 6.3787864e+01      
2.0406159e+02 2.2333104e+01      
2.0620435e+02 1.9607388e+01      
2.0684260e+02 1.7972296e+01      
2.0669353e+02 1.7105686e+01      
2.0607460e+02 1.6977511e+01      
2.0520715e+02 1.7536581e+01      
2.0434021e+02 1.8647559e+01      
2.0367933e+02 2.0148796e+01      
2.0335790e+02 2.1899068e+01      
2.0349066e+02 2.3784402e+01      
2.0422877e+02 2.5718408e+01      
2.0581817e+02 2.7639111e+01      
2.0817658e+02 2.9458214e+01      
2.0883663e+02 3.0891146e+01      
2.0751961e+02 3.1863762e+01      
2.0454498e+02 3.2427860e+01      
2.0240351e+02 3.2913988e+01      
2.0119947e+02 3.3422828e+01      
2.0070513e+02 3.3969516e+01      
2.0078734e+02 3.4509985e+01      
2.0482146e+02 -9.3623920e+00      
2.0652182e+02 -1.2594384e+01      
2.0739385e+02 -1.4955427e+01      
2.0744678e+02 -1.6252250e+01      
2.0686400e+02 -1.6440465e+01      
2.0591602e+02 -1.5636505e+01      
2.0494484e+02 -1.4120604e+01      
2.0420160e+02 -1.2162012e+01      
2.0382090e+02 -9.9583485e+00      
2.0389162e+02 -7.6619679e+00      
2.0451012e+02 -5.3956922e+00      
2.0583177e+02 -3.2707718e+00      
2.0780027e+02 -1.4146489e+00      
2.0835125e+02 1.1924100e-01      
2.0730457e+02 1.2536147e+00      
2.0486656e+02 2.0434027e+00      
2.0310441e+02 2.6281800e+00      
2.0206303e+02 3.2306788e+00      
2.0157912e+02 3.9589507e+00      
2.0156159e+02 4.7879734e+00      
2.0243876e+02 -4.1141856e+01      
2.0434965e+02 -4.5434873e+01      
2.0546678e+02 -4.8703191e+01      
2.0557784e+02 -5.0490879e+01      
2.0477360e+02 -5.0627998e+01      
2.0337104e+02 -4.9261320e+01      
2.0206474e+02 -4.7094366e+01      
2.0113089e+02 -4.4518361e+01      
2.0061639e+02 -4.1745980e+01      
2.0053413e+02 -3.8954601e+01      
2.0088694e+02 -3.6287964e+01      
2.0163932e+02 -3.3864179e+01      
2.0250277e+02 -3.1781209e+01      
2.0275431e+02 -3.0104974e+01      
2.0215194e+02 -2.8895264e+01      
2.0096462e+02 -2.8163762e+01      
1.9990733e+02 -2.7743988e+01      
1.9918921e+02 -2.7160141e+01      
1.9881077e+02 -2.6234963e+01      
1.9874473e+02 -2.4985162e+01      
1.9675178e+02 -7.2227907e+01      
1.9947614e+02 -7.8285230e+01      
2.0087409e+02 -8.2707545e+01      
2.0094341e+02 -8.5125634e+01      
1.9974743e+02 -8.5221169e+01      
1.9736552e+02 -8.2765726e+01      
1.9560201e+02 -7.9722082e+01      
1.9446218e+02 -7.6362648e+01      
1.9381178e+02 -7.2887219e+01      
1.9357220e+02 -6.9503180e+01      
1.9366926e+02 -6.6363217e+01      
1.9398909e+02 -6.3573425e+01      
1.9431786e+02 -6.1212675e+01      
1.9438761e+02 -5.9350941e+01      
1.9408836e+02 -5.8070902e+01      
1.9357181e+02 -5.7501136e+01      
1.9313778e+02 -5.7641949e+01      
1.9275080e+02 -5.7170953e+01      
1.9251395e+02 -5.6046695e+01      
1.9243892e+02 -5.4285223e+01      
1.8717223e+02 -1.0128357e+02      
1.8987118e+02 -1.0845856e+02      
1.9122861e+02 -1.1387950e+02      
1.9120548e+02 -1.1715457e+02      
1.8988051e+02 -1.1784120e+02      
1.8737124e+02 -1.1531611e+02      
1.8545884e+02 -1.1144705e+02      
1.8424047e+02 -1.0711142e+02      
1.8353767e+02 -1.0277591e+02      
1.8321194e+02 -9.8702743e+01      
1.8315273e+02 -9.5036880e+01      
1.8324641e+02 -9.1848929e+01      
1.8335894e+02 -8.9182152e+01      
1.8336559e+02 -8.7085306e+01      
1.8321918e+02 -8.5641511e+01      
1.8298728e+02 -8.5016359e+01      
1.8279152e+02 -8.5209793e+01      
1.8260771e+02 -8.4677782e+01      
1.8249955e+02 -8.3364887e+01      
1.8248726e+02 -8.1286216e+01      
1.7372669e+02 -1.2733893e+02      
1.7578690e+02 -1.3477453e+02      
1.7675234e+02 -1.4083537e+02      
1.7658631e+02 -1.4527126e+02      
1.7541200e+02 -1.4756906e+02      
1.7343125e+02 -1.4660688e+02      
1.7168925e+02 -1.4174274e+02      
1.7060447e+02 -1.3614927e+02      
1.6999378e+02 -1.3075876e+02      
1.6969174e+02 -1.2592506e+02      
1.6958646e+02 -1.2172902e+02      
1.6959085e+02 -1.1815517e+02      
1.6962417e+02 -1.1518006e+02      
1.6962165e+02 -1.1280529e+02      
1.6955716e+02 -1.1107118e+02      
1.6944877e+02 -1.1008575e+02      
1.6932867e+02 -1.0984465e+02      
1.6925461e+02 -1.0900038e+02      
1.6924467e+02 -1.0751451e+02      
1.6931559e+02 -1.0539930e+02      
1.5693380e+02 -1.5001242e+02      
1.5790645e+02 -1.5650513e+02      
1.5828311e+02 -1.6281138e+02      
1.5789302e+02 -1.6864200e+02      
1.5690451e+02 -1.7325626e+02      
1.5561594e+02 -1.7352017e+02      
1.5451161e+02 -1.6963850e+02      
1.5381280e+02 -1.6268889e+02      
1.5346741e+02 -1.5608609e+02      
1.5329905e+02 -1.5050790e+02      
1.5323278e+02 -1.4587877e+02      
1.5323037e+02 -1.4200285e+02      
1.5325330e+02 -1.3876640e+02      
1.5326943e+02 -1.3611434e+02      
1.5326370e+02 -1.3402369e+02      
1.5324040e+02 -1.3246822e+02      
1.5321806e+02 -1.3126368e+02      
1.5322665e+02 -1.2993138e+02      
1.5328416e+02 -1.2829248e+02      
1.5340362e+02 -1.2635515e+02      
1.3760435e+02 -1.6965312e+02      
1.3792968e+02 -1.7556313e+02      
1.3782456e+02 -1.8191728e+02      
1.3709636e+02 -1.8901544e+02      
1.3605711e+02 -1.9382454e+02      
1.3508915e+02 -1.9478225e+02      
1.3448818e+02 -1.9167739e+02      
1.3431139e+02 -1.8536881e+02      
1.3437376e+02 -1.7773653e+02      
1.3438516e+02 -1.7177709e+02      
1.3439479e+02 -1.6698899e+02      
1.3442573e+02 -1.6297959e+02      
1.3447207e+02 -1.5958378e+02      
1.3452216e+02 -1.5671501e+02      
1.3456916e+02 -1.5431243e+02      
1.3461490e+02 -1.5229834e+02      
1.3466906e+02 -1.5052895e+02      
1.3474513e+02 -1.4881427e+02      
1.3485446e+02 -1.4704081e+02      
1.3500468e+02 -1.4521510e+02      
1.1624905e+02 -1.8623258e+02      
1.1621440e+02 -1.9154455e+02      
1.1586501e+02 -1.9714893e+02      
1.1507014e+02 -2.0298358e+02      
1.1382559e+02 -2.0832316e+02      
1.1292764e+02 -2.0985145e+02      
1.1271114e+02 -2.0704477e+02      
1.1303686e+02 -2.0079796e+02      
1.1323514e+02 -1.9461971e+02      
1.1333761e+02 -1.8926813e+02      
1.1340929e+02 -1.8471397e+02      
1.1348213e+02 -1.8078201e+02      
1.1356443e+02 -1.7735939e+02      
1.1365511e+02 -1.7437357e+02      
1.1375206e+02 -1.7176482e+02      
1.1385596e+02 -1.6946433e+02      
1.1397074e+02 -1.6738260e+02      
1.1410183e+02 -1.6542635e+02      
1.1425371e+02 -1.6353943e+02      
1.1442820e+02 -1.6172905e+02      
9.3216196e+01 -1.9960395e+02      
9.2980222e+01 -2.0422819e+02      
9.2536978e+01 -2.0886056e+02      
9.1827243e+01 -2.1330443e+02      
9.0863637e+01 -2.1709366e+02      
8.9886262e+01 -2.1913121e+02      
9.0011577e+01 -2.1635480e+02      
9.0237746e+01 -2.1203705e+02      
9.0404289e+01 -2.0740896e+02      
9.0523811e+01 -2.0298050e+02      
9.0627839e+01 -1.9891365e+02      
9.0735557e+01 -1.9522788e+02      
9.0854952e+01 -1.9190046e+02      
9.0987465e+01 -1.8890058e+02      
9.1132206e+01 -1.8619286e+02      
9.1288404e+01 -1.8373422e+02      
9.1456078e+01 -1.8147465e+02      
9.1635401e+01 -1.7936810e+02      
9.1825473e+01 -1.7739008e+02      
9.2023141e+01 -1.7554988e+02      
6.8836576e+01 -2.0970942e+02      
6.8487933e+01 -2.1366466e+02      
6.8021433e+01 -2.1742864e+02      
6.7428107e+01 -2.2075785e+02      
6.6756741e+01 -2.2325675e+02      
6.6200430e+01 -2.2421882e+02      
6.6059784e+01 -2.2284995e+02      
6.6104106e+01 -2.2007025e+02      
6.6191373e+01 -2.1667684e+02      
6.6293571e+01 -2.1310453e+02      
6.6409535e+01 -2.0958708e+02      
6.6543339e+01 -2.0623256e+02      
6.6697232e+01 -2.0308368e+02      
6.6870785e+01 -2.0015159e+02      
6.7061896e+01 -1.9743055e+02      
6.7267776e+01 -1.9490437e+02      
6.7485301e+01 -1.9255191e+02      
6.7710720e+01 -1.9035504e+02      
6.7938975e+01 -1.8830774e+02      
6.8162922e+01 -1.8642214e+02      
