5.3353375e+00 2.3920028e+02      
3.8719076e+00 2.3658136e+02      
2.9892937e+00 2.3409474e+02      
2.7031574e+00 2.3179932e+02      
3.0291302e+00 2.2974419e+02      
3.9707664e+00 2.2796364e+02      
5.5018258e+00 2.2647049e+02      
7.5894121e+00 2.2526661e+02      
1.0274905e+01 2.2437902e+02      
1.3666919e+01 2.2386358e+02      
1.7828001e+01 2.2377463e+02      
2.2666965e+01 2.2415031e+02      
2.7786592e+01 2.2497839e+02      
3.2183050e+01 2.2602582e+02      
3.3131015e+01 2.2602344e+02      
3.3276782e+01 2.2624789e+02      
3.3599717e+01 2.2689061e+02      
3.4505267e+01 2.2790168e+02      
3.6119736e+01 2.2917825e+02      
3.8452313e+01 2.3061198e+02      
3.3454175e+01 2.2779234e+02      
3.2126370e+01 2.2503688e+02      
3.1364300e+01 2.2241456e+02      
3.1195133e+01 2.1999320e+02      
3.1656603e+01 2.1783088e+02      
3.2783714e+01 2.1597145e+02      
3.4532819e+01 2.1441514e+02      
3.6726097e+01 2.1309323e+02      
3.9445754e+01 2.1203300e+02      
4.3049615e+01 2.1136377e+02      
4.7797924e+01 2.1117922e+02      
5.3736115e+01 2.1155646e+02      
6.0236660e+01 2.1247949e+02      
6.4368874e+01 2.1308189e+02      
6.5432119e+01 2.1319475e+02      
6.3955487e+01 2.1307035e+02      
6.2858656e+01 2.1350776e+02      
6.2792831e+01 2.1442913e+02      
6.3745583e+01 2.1566638e+02      
6.5571887e+01 2.1706704e+02      
6.0496257e+01 2.1272802e+02      
5.9311572e+01 2.0980459e+02      
5.8654582e+01 2.0701987e+02      
5.8565917e+01 2.0445240e+02      
5.9113701e+01 2.0217112e+02      
6.0403166e+01 2.0024060e+02      
6.2477015e+01 1.9869243e+02      
6.4661712e+01 1.9724804e+02      
6.7064010e+01 1.9592918e+02      
7.0607016e+01 1.9504686e+02      
7.5660048e+01 1.9467034e+02      
8.2595389e+01 1.9488600e+02      
8.8848916e+01 1.9518126e+02      
9.2839973e+01 1.9539070e+02      
9.3916756e+01 1.9555155e+02      
9.2435217e+01 1.9579034e+02      
8.9927064e+01 1.9625654e+02      
8.9076513e+01 1.9726089e+02      
8.9502765e+01 1.9859015e+02      
9.0887806e+01 2.0005930e+02      
8.6074122e+01 1.9425122e+02      
8.5038474e+01 1.9111933e+02      
8.4456124e+01 1.8813742e+02      
8.4382246e+01 1.8539598e+02      
8.4909430e+01 1.8297186e+02      
8.6176355e+01 1.8092487e+02      
8.8228371e+01 1.7925431e+02      
9.0266187e+01 1.7770286e+02      
9.2394660e+01 1.7626495e+02      
9.5637768e+01 1.7517200e+02      
1.0020449e+02 1.7444724e+02      
1.0606609e+02 1.7404786e+02      
1.1255974e+02 1.7380450e+02      
1.1673049e+02 1.7361403e+02      
1.1768779e+02 1.7372958e+02      
1.1558161e+02 1.7433387e+02      
1.1365955e+02 1.7532737e+02      
1.1276457e+02 1.7667074e+02      
1.1291162e+02 1.7824466e+02      
1.1396071e+02 1.7989419e+02      
1.0985587e+02 1.7265687e+02      
1.0897889e+02 1.6926443e+02      
1.0842231e+02 1.6604184e+02      
1.0827299e+02 1.6309213e+02      
1.0864084e+02 1.6050447e+02      
1.0964996e+02 1.5832918e+02      
1.1136298e+02 1.5652738e+02      
1.1311828e+02 1.5491374e+02      
1.1500525e+02 1.5343581e+02      
1.1785362e+02 1.5216738e+02      
1.2171327e+02 1.5109788e+02      
1.2643216e+02 1.5018623e+02      
1.3158345e+02 1.4937344e+02      
1.3615571e+02 1.4865625e+02      
1.3725302e+02 1.4854969e+02      
1.3579174e+02 1.4967848e+02      
1.3439025e+02 1.5123888e+02      
1.3363401e+02 1.5306045e+02      
1.3364578e+02 1.5501309e+02      
1.3443923e+02 1.5695019e+02      
1.3159664e+02 1.4828331e+02      
1.3089695e+02 1.4456368e+02      
1.3027108e+02 1.4105087e+02      
1.2993779e+02 1.3784555e+02      
1.3003090e+02 1.3507758e+02      
1.3057913e+02 1.3283092e+02      
1.3159102e+02 1.3100813e+02      
1.3294608e+02 1.2942383e+02      
1.3472233e+02 1.2795659e+02      
1.3718991e+02 1.2655946e+02      
1.4040580e+02 1.2520024e+02      
1.4423026e+02 1.2385348e+02      
1.4834111e+02 1.2251968e+02      
1.5202714e+02 1.2136052e+02      
1.5403727e+02 1.2094656e+02      
1.5341094e+02 1.2234225e+02      
1.5233703e+02 1.2448273e+02      
1.5160673e+02 1.2690169e+02      
1.5148311e+02 1.2935321e+02      
1.5204809e+02 1.3167293e+02      
1.5122740e+02 1.2149162e+02      
1.5073106e+02 1.1736219e+02      
1.4973864e+02 1.1353683e+02      
1.4910158e+02 1.0998418e+02      
1.4893211e+02 1.0695248e+02      
1.4892454e+02 1.0479803e+02      
1.4928864e+02 1.0318082e+02      
1.5014476e+02 1.0177323e+02      
1.5155455e+02 1.0038542e+02      
1.5358775e+02 9.8916282e+01      
1.5624494e+02 9.7315905e+01      
1.5942521e+02 9.5565116e+01      
1.6295079e+02 9.3667816e+01      
1.6647205e+02 9.1787632e+01      
1.6841189e+02 9.1353140e+01      
1.6854648e+02 9.2675712e+01      
1.6745258e+02 9.5528568e+01      
1.6655624e+02 9.8715970e+01      
1.6622891e+02 1.0179037e+02      
1.6656161e+02 1.0456770e+02      
1.6850454e+02 9.2745233e+01      
1.6823022e+02 8.8114670e+01      
1.6623807e+02 8.4034898e+01      
1.6534323e+02 7.9939308e+01      
1.6520378e+02 7.6362859e+01      
1.6446735e+02 7.4637571e+01      
1.6414052e+02 7.3532658e+01      
1.6442645e+02 7.2511467e+01      
1.6535645e+02 7.1317716e+01      
1.6692021e+02 6.9846082e+01      
1.6907932e+02 6.8050870e+01      
1.7176222e+02 6.5906530e+01      
1.7482671e+02 6.3500139e+01      
1.7786995e+02 6.1313790e+01      
1.7961830e+02 6.0848154e+01      
1.8005011e+02 6.2139752e+01      
1.7943017e+02 6.5046874e+01      
1.7824336e+02 6.9162796e+01      
1.7768269e+02 7.2923259e+01      
1.7779047e+02 7.6189518e+01      
1.8021522e+02 6.3325979e+01      
1.8018607e+02 5.8162980e+01      
1.7854942e+02 5.3437784e+01      
1.7798083e+02 4.8486397e+01      
1.7750770e+02 4.4898835e+01      
1.7671561e+02 4.3064284e+01      
1.7575490e+02 4.2710773e+01      
1.7546681e+02 4.2297686e+01      
1.7590986e+02 4.1409922e+01      
1.7701726e+02 3.9996836e+01      
1.7871508e+02 3.8065747e+01      
1.8096204e+02 3.5560026e+01      
1.8366907e+02 3.2544957e+01      
1.8589958e+02 3.0682303e+01      
1.8727817e+02 3.0396309e+01      
1.8774489e+02 3.1719358e+01      
1.8737613e+02 3.4641180e+01      
1.8634550e+02 3.9068909e+01      
1.8567948e+02 4.3376357e+01      
1.8559110e+02 4.7124045e+01      
1.8631776e+02 3.4319958e+01      
1.8648677e+02 2.8769523e+01      
1.8632331e+02 2.2813199e+01      
1.8599316e+02 1.7617910e+01      
1.8546313e+02 1.3946287e+01      
1.8466179e+02 1.2078004e+01      
1.8371890e+02 1.1718770e+01      
1.8297930e+02 1.1986735e+01      
1.8302612e+02 1.1366358e+01      
1.8373363e+02 1.0023603e+01      
1.8499541e+02 8.0292510e+00      
1.8674052e+02 5.3810706e+00      
1.8878149e+02 2.4529327e+00      
1.9036582e+02 9.4377171e-01      
1.9134957e+02 9.1136688e-01      
1.9171447e+02 2.2864959e+00      
1.9151138e+02 5.0173078e+00      
1.9088815e+02 8.9720779e+00      
1.9013970e+02 1.3769343e+01      
1.8987660e+02 1.7980206e+01      
1.8950948e+02 5.1592554e+00      
1.8969526e+02 -3.4953687e-01      
1.8979654e+02 -6.1005404e+00      
1.8978532e+02 -1.1767611e+01      
1.8931466e+02 -1.5618712e+01      
1.8847568e+02 -1.7318006e+01      
1.8744579e+02 -1.7326819e+01      
1.8675819e+02 -1.7487555e+01      
1.8661298e+02 -1.8194098e+01      
1.8700229e+02 -1.9480500e+01      
1.8785974e+02 -2.1400217e+01      
1.8911646e+02 -2.4070269e+01      
1.9037194e+02 -2.6075015e+01      
1.9136101e+02 -2.6990327e+01      
1.9195483e+02 -2.6706737e+01      
1.9213187e+02 -2.5253422e+01      
1.9194379e+02 -2.2714658e+01      
1.9150597e+02 -1.9234516e+01      
1.9098667e+02 -1.5041191e+01      
1.9059952e+02 -1.0535326e+01      
1.8976120e+02 -2.3791346e+01      
1.8999400e+02 -2.9157258e+01      
1.9017641e+02 -3.4532382e+01      
1.9011785e+02 -3.9549693e+01      
1.8962997e+02 -4.3556434e+01      
1.8867895e+02 -4.4882591e+01      
1.8769589e+02 -4.5474907e+01      
1.8699179e+02 -4.6050998e+01      
1.8671572e+02 -4.6901653e+01      
1.8685978e+02 -4.8097143e+01      
1.8732855e+02 -4.9606127e+01      
1.8800411e+02 -5.1234592e+01      
1.8867504e+02 -5.2383034e+01      
1.8916383e+02 -5.2701981e+01      
1.8937126e+02 -5.2065390e+01      
1.8928206e+02 -5.0478866e+01      
1.8895530e+02 -4.8042988e+01      
1.8850218e+02 -4.4929403e+01      
1.8805630e+02 -4.1368391e+01      
1.8776795e+02 -3.7723669e+01      
1.8690910e+02 -5.2128354e+01      
1.8733887e+02 -5.7476296e+01      
1.8777136e+02 -6.2700893e+01      
1.8782926e+02 -6.7254074e+01      
1.8703865e+02 -7.0372225e+01      
1.8583104e+02 -7.1955752e+01      
1.8466649e+02 -7.2828615e+01      
1.8381926e+02 -7.3582446e+01      
1.8343196e+02 -7.4506455e+01      
1.8345227e+02 -7.5640814e+01      
1.8359932e+02 -7.6767847e+01      
1.8386623e+02 -7.7754824e+01      
1.8411977e+02 -7.8299602e+01      
1.8420224e+02 -7.8133491e+01      
1.8403245e+02 -7.7140915e+01      
1.8361273e+02 -7.5342955e+01      
1.8303044e+02 -7.2876405e+01      
1.8242576e+02 -6.9954185e+01      
1.8191939e+02 -6.6806678e+01      
1.8160479e+02 -6.3693208e+01      
1.8089598e+02 -7.9423638e+01      
1.8170283e+02 -8.4979434e+01      
1.8266886e+02 -9.0456596e+01      
1.8326090e+02 -9.5112033e+01      
1.8179402e+02 -9.7377479e+01      
1.7997708e+02 -9.8475752e+01      
1.7838348e+02 -9.9111325e+01      
1.7726296e+02 -9.9748845e+01      
1.7675513e+02 -1.0064620e+02      
1.7690035e+02 -1.0189004e+02      
1.7678047e+02 -1.0278635e+02      
1.7684605e+02 -1.0350980e+02      
1.7684188e+02 -1.0371748e+02      
1.7659776e+02 -1.0317937e+02      
1.7605182e+02 -1.0182227e+02      
1.7521904e+02 -9.9701031e+01      
1.7422975e+02 -9.7012615e+01      
1.7336619e+02 -9.4105482e+01      
1.7271728e+02 -9.1165190e+01      
1.7230006e+02 -8.8332868e+01      
1.7165811e+02 -1.0514105e+02      
1.7296319e+02 -1.1113161e+02      
1.7458015e+02 -1.1717337e+02      
1.7489280e+02 -1.2150235e+02      
1.7356266e+02 -1.2364190e+02      
1.7098548e+02 -1.2382566e+02      
1.6879668e+02 -1.2379320e+02      
1.6730580e+02 -1.2407190e+02      
1.6652473e+02 -1.2475847e+02      
1.6637870e+02 -1.2581194e+02      
1.6671247e+02 -1.2711050e+02      
1.6691008e+02 -1.2796449e+02      
1.6680022e+02 -1.2805280e+02      
1.6629196e+02 -1.2722096e+02      
1.6536576e+02 -1.2546653e+02      
1.6404996e+02 -1.2289831e+02      
1.6248211e+02 -1.1977302e+02      
1.6135288e+02 -1.1680642e+02      
1.6055750e+02 -1.1397887e+02      
1.6002366e+02 -1.1131620e+02      
1.5904791e+02 -1.2853712e+02      
1.6075925e+02 -1.3499070e+02      
1.6203687e+02 -1.4078674e+02      
1.6214884e+02 -1.4487960e+02      
1.6087687e+02 -1.4684825e+02      
1.5849579e+02 -1.4693558e+02      
1.5577599e+02 -1.4609452e+02      
1.5400320e+02 -1.4602773e+02      
1.5298759e+02 -1.4650511e+02      
1.5257607e+02 -1.4735173e+02      
1.5268170e+02 -1.4848902e+02      
1.5308754e+02 -1.4966480e+02      
1.5293287e+02 -1.4974372e+02      
1.5219011e+02 -1.4863870e+02      
1.5090175e+02 -1.4645148e+02      
1.4917192e+02 -1.4343185e+02      
1.4766242e+02 -1.4042221e+02      
1.4648480e+02 -1.3755140e+02      
1.4560741e+02 -1.3483498e+02      
1.4498090e+02 -1.3229701e+02      
1.4293973e+02 -1.4878650e+02      
1.4398737e+02 -1.5441661e+02      
1.4517326e+02 -1.6025020e+02      
1.4520744e+02 -1.6424951e+02      
1.4387836e+02 -1.6587486e+02      
1.4145348e+02 -1.6550587e+02      
1.3922871e+02 -1.6515461e+02      
1.3755474e+02 -1.6519087e+02      
1.3644226e+02 -1.6558447e+02      
1.3582314e+02 -1.6624963e+02      
1.3565979e+02 -1.6716827e+02      
1.3586097e+02 -1.6825922e+02      
1.3557493e+02 -1.6826991e+02      
1.3460769e+02 -1.6686347e+02      
1.3304297e+02 -1.6426369e+02      
1.3149836e+02 -1.6146951e+02      
1.3013677e+02 -1.5868436e+02      
1.2900832e+02 -1.5597784e+02      
1.2811139e+02 -1.5338878e+02      
1.2742781e+02 -1.5095848e+02      
1.2400631e+02 -1.6600209e+02      
1.2441157e+02 -1.7068656e+02      
1.2483501e+02 -1.7537111e+02      
1.2482859e+02 -1.7935585e+02      
1.2341116e+02 -1.8053402e+02      
1.2159520e+02 -1.8090901e+02      
1.1984382e+02 -1.8112066e+02      
1.1837388e+02 -1.8139526e+02      
1.1725463e+02 -1.8178784e+02      
1.1648343e+02 -1.8229127e+02      
1.1602398e+02 -1.8287942e+02      
1.1576636e+02 -1.8344327e+02      
1.1539526e+02 -1.8351204e+02      
1.1423483e+02 -1.8175393e+02      
1.1287002e+02 -1.7942042e+02      
1.1153399e+02 -1.7691554e+02      
1.1031728e+02 -1.7436057e+02      
1.0926108e+02 -1.7182455e+02      
1.0837951e+02 -1.6936357e+02      
1.0766963e+02 -1.6702898e+02      
1.0287082e+02 -1.8030126e+02      
1.0279011e+02 -1.8416756e+02      
1.0263862e+02 -1.8784029e+02      
1.0215715e+02 -1.9083375e+02      
1.0107877e+02 -1.9256003e+02      
9.9689967e+01 -1.9352459e+02      
9.8264352e+01 -1.9414238e+02      
9.6962485e+01 -1.9460775e+02      
9.5863975e+01 -1.9500837e+02      
9.4987358e+01 -1.9536543e+02      
9.4305897e+01 -1.9565766e+02      
9.3755109e+01 -1.9584113e+02      
9.3183847e+01 -1.9570679e+02      
9.2058310e+01 -1.9396357e+02      
9.0855805e+01 -1.9186869e+02      
8.9684074e+01 -1.8961447e+02      
8.8590792e+01 -1.8726207e+02      
8.7611427e+01 -1.8488227e+02      
8.6763562e+01 -1.8253770e+02      
8.6050623e+01 -1.8028475e+02      
8.0017372e+01 -1.9167210e+02      
7.9602201e+01 -1.9490741e+02      
7.9101398e+01 -1.9789512e+02      
7.8391875e+01 -2.0037620e+02      
7.7409524e+01 -2.0218212e+02      
7.6232600e+01 -2.0340533e+02      
7.4995647e+01 -2.0423247e+02      
7.3807013e+01 -2.0480092e+02      
7.2731072e+01 -2.0518627e+02      
7.1789504e+01 -2.0541298e+02      
7.0966408e+01 -2.0546324e+02      
7.0210698e+01 -2.0527356e+02      
6.9411817e+01 -2.0464334e+02      
6.8433634e+01 -2.0327370e+02      
6.7379574e+01 -2.0146125e+02      
6.6336557e+01 -1.9941602e+02      
6.5348514e+01 -1.9723203e+02      
6.4444663e+01 -1.9498409e+02      
6.3641268e+01 -1.9273716e+02      
6.2943318e+01 -1.9054918e+02      
