2.7187580e+01 2.3224279e+02      
2.7042695e+01 2.3044453e+02      
2.7411322e+01 2.2867474e+02      
2.8250660e+01 2.2696863e+02      
2.9474821e+01 2.2535581e+02      
3.0932815e+01 2.2385378e+02      
3.2391663e+01 2.2245759e+02      
3.3555633e+01 2.2113447e+02      
3.4236394e+01 2.1988504e+02      
3.4546682e+01 2.1882118e+02      
3.4716207e+01 2.1806632e+02      
3.4929213e+01 2.1768054e+02      
3.5307925e+01 2.1766406e+02      
3.5925686e+01 2.1797731e+02      
3.6821016e+01 2.1856341e+02      
3.8006983e+01 2.1936516e+02      
3.9481205e+01 2.2033243e+02      
4.1246809e+01 2.2142105e+02      
4.3331169e+01 2.2258783e+02      
4.5777817e+01 2.2378636e+02      
5.6447343e+01 2.2293101e+02      
5.6603079e+01 2.2113348e+02      
5.7346053e+01 2.1934158e+02      
5.8659983e+01 2.1759736e+02      
6.0480547e+01 2.1593992e+02      
6.2648799e+01 2.1439675e+02      
6.4854505e+01 2.1296460e+02      
6.6521894e+01 2.1152891e+02      
6.6985307e+01 2.0989654e+02      
6.6807313e+01 2.0842680e+02      
6.6474849e+01 2.0736042e+02      
6.6238255e+01 2.0676506e+02      
6.6230683e+01 2.0661364e+02      
6.6515861e+01 2.0682424e+02      
6.7118098e+01 2.0730273e+02      
6.8029886e+01 2.0797168e+02      
6.9207014e+01 2.0877745e+02      
7.0611935e+01 2.0968160e+02      
7.2288032e+01 2.1064698e+02      
7.4311791e+01 2.1162778e+02      
8.4233568e+01 2.1013485e+02      
8.4680744e+01 2.0832469e+02      
8.5798348e+01 2.0649656e+02      
8.7622271e+01 2.0470150e+02      
9.0158705e+01 2.0299524e+02      
9.3305853e+01 2.0143280e+02      
9.6698681e+01 2.0003773e+02      
9.9440836e+01 1.9866739e+02      
9.9186973e+01 1.9634943e+02      
9.8139893e+01 1.9431759e+02      
9.7068544e+01 1.9289402e+02      
9.6261863e+01 1.9213216e+02      
9.5809601e+01 1.9193767e+02      
9.5734657e+01 1.9214119e+02      
9.6039513e+01 1.9258272e+02      
9.6710466e+01 1.9315996e+02      
9.7635487e+01 1.9382746e+02      
9.8593999e+01 1.9456782e+02      
9.9752942e+01 1.9536271e+02      
1.0126153e+02 1.9616502e+02      
1.1005907e+02 1.9408470e+02      
1.1075264e+02 1.9224471e+02      
1.1218794e+02 1.9035843e+02      
1.1447337e+02 1.8848436e+02      
1.1776821e+02 1.8669987e+02      
1.2211936e+02 1.8508925e+02      
1.2697401e+02 1.8365472e+02      
1.2976753e+02 1.8168522e+02      
1.2992482e+02 1.7914272e+02      
1.2783148e+02 1.7648564e+02      
1.2584140e+02 1.7469860e+02      
1.2440211e+02 1.7388526e+02      
1.2349674e+02 1.7383676e+02      
1.2306132e+02 1.7419740e+02      
1.2307088e+02 1.7469632e+02      
1.2354343e+02 1.7521196e+02      
1.2441995e+02 1.7573867e+02      
1.2477686e+02 1.7631976e+02      
1.2528634e+02 1.7698374e+02      
1.2617975e+02 1.7765953e+02      
1.3348208e+02 1.7506472e+02      
1.3434142e+02 1.7317644e+02      
1.3596783e+02 1.7120505e+02      
1.3851457e+02 1.6920587e+02      
1.4231180e+02 1.6726559e+02      
1.4777776e+02 1.6548142e+02      
1.5264463e+02 1.6339149e+02      
1.5559582e+02 1.6082282e+02      
1.5619549e+02 1.5782754e+02      
1.5470477e+02 1.5482500e+02      
1.5194997e+02 1.5272034e+02      
1.5006349e+02 1.5209574e+02      
1.4876841e+02 1.5260806e+02      
1.4800700e+02 1.5339093e+02      
1.4771533e+02 1.5405299e+02      
1.4787454e+02 1.5450297e+02      
1.4846131e+02 1.5479351e+02      
1.4861609e+02 1.5521056e+02      
1.4842509e+02 1.5579990e+02      
1.4862575e+02 1.5642058e+02      
1.5412661e+02 1.5340894e+02      
1.5505266e+02 1.5145756e+02      
1.5670472e+02 1.4937937e+02      
1.5920122e+02 1.4721175e+02      
1.6271933e+02 1.4498609e+02      
1.6734320e+02 1.4266869e+02      
1.7258545e+02 1.4006446e+02      
1.7585945e+02 1.3695608e+02      
1.7674065e+02 1.3334989e+02      
1.7581174e+02 1.2941547e+02      
1.7422685e+02 1.2716814e+02      
1.7253006e+02 1.2699035e+02      
1.7088860e+02 1.2875035e+02      
1.6993809e+02 1.3018916e+02      
1.6938623e+02 1.3107698e+02      
1.6908423e+02 1.3144875e+02      
1.6907208e+02 1.3141446e+02      
1.6897184e+02 1.3166828e+02      
1.6862618e+02 1.3216696e+02      
1.6815614e+02 1.3281228e+02      
1.7169498e+02 1.2949451e+02      
1.7259743e+02 1.2747327e+02      
1.7413573e+02 1.2528347e+02      
1.7636210e+02 1.2294605e+02      
1.7930931e+02 1.2045964e+02      
1.8292117e+02 1.1777204e+02      
1.8690637e+02 1.1475124e+02      
1.9046103e+02 1.1122429e+02      
1.9122756e+02 1.0726084e+02      
1.9167936e+02 1.0283221e+02      
1.9111887e+02 1.0044173e+02      
1.8979700e+02 1.0049125e+02      
1.8802301e+02 1.0270882e+02      
1.8724890e+02 1.0461567e+02      
1.8660795e+02 1.0568955e+02      
1.8576842e+02 1.0600373e+02      
1.8559852e+02 1.0601791e+02      
1.8532174e+02 1.0625346e+02      
1.8486594e+02 1.0670135e+02      
1.8428389e+02 1.0728778e+02      
1.8596720e+02 1.0373224e+02      
1.8678334e+02 1.0164277e+02      
1.8812878e+02 9.9353050e+01      
1.9000511e+02 9.6879116e+01      
1.9237421e+02 9.4217238e+01      
1.9511651e+02 9.1330561e+01      
1.9797932e+02 8.8139868e+01      
2.0045600e+02 8.4543119e+01      
2.0198268e+02 8.0399831e+01      
2.0314996e+02 7.5813485e+01      
2.0318288e+02 7.3364330e+01      
2.0224372e+02 7.3407465e+01      
2.0065864e+02 7.5655409e+01      
1.9976526e+02 7.7509327e+01      
1.9937039e+02 7.8674793e+01      
1.9837844e+02 7.9104339e+01      
1.9788592e+02 7.9285456e+01      
1.9737128e+02 7.9619529e+01      
1.9679343e+02 8.0065879e+01      
1.9614638e+02 8.0595530e+01      
1.9679158e+02 7.6556695e+01      
1.9748923e+02 7.4405266e+01      
1.9861533e+02 7.2034199e+01      
2.0014281e+02 6.9464091e+01      
2.0200625e+02 6.6703585e+01      
2.0408178e+02 6.3743468e+01      
2.0617153e+02 6.0553233e+01      
2.0802386e+02 5.7077718e+01      
2.0951857e+02 5.3191789e+01      
2.1072775e+02 4.8966718e+01      
2.1098111e+02 4.6637129e+01      
2.1037899e+02 4.6441360e+01      
2.0915151e+02 4.8228325e+01      
2.0830164e+02 4.9743417e+01      
2.0790039e+02 5.0772514e+01      
2.0693586e+02 5.1256399e+01      
2.0587647e+02 5.1859851e+01      
2.0508197e+02 5.2359394e+01      
2.0439453e+02 5.2821812e+01      
2.0377083e+02 5.3255233e+01      
2.0407445e+02 4.8417814e+01      
2.0464539e+02 4.6210759e+01      
2.0555873e+02 4.3774308e+01      
2.0677491e+02 4.1138913e+01      
2.0822367e+02 3.8331923e+01      
2.0979747e+02 3.5375734e+01      
2.1135532e+02 3.2287561e+01      
2.1275199e+02 2.9083932e+01      
2.1389203e+02 2.5810775e+01      
2.1468529e+02 2.2771430e+01      
2.1493520e+02 2.0741934e+01      
2.1462089e+02 2.0055206e+01      
2.1383791e+02 2.0617860e+01      
2.1295269e+02 2.1619965e+01      
2.1213614e+02 2.2516306e+01      
2.1118610e+02 2.3204288e+01      
2.1018329e+02 2.3838961e+01      
2.0929751e+02 2.4397614e+01      
2.0853987e+02 2.4871023e+01      
2.0791149e+02 2.5243766e+01      
2.0777328e+02 1.9774646e+01      
2.0822453e+02 1.7515099e+01      
2.0894867e+02 1.5021021e+01      
2.0990314e+02 1.2334328e+01      
2.1102177e+02 9.5027498e+00      
2.1221393e+02 6.5805234e+00      
2.1337170e+02 3.6292811e+00      
2.1438838e+02 7.2203297e-01      
2.1517914e+02 -2.0354016e+00      
2.1568057e+02 -4.4541959e+00      
2.1586765e+02 -6.3129802e+00      
2.1576721e+02 -7.4848015e+00      
2.1511251e+02 -7.5018702e+00      
2.1404812e+02 -6.6707628e+00      
2.1301516e+02 -5.8375445e+00      
2.1200046e+02 -5.1098527e+00      
2.1100690e+02 -4.4548742e+00      
2.1008637e+02 -3.8707721e+00      
2.0927322e+02 -3.3795161e+00      
2.0859284e+02 -3.0158053e+00      
2.0789332e+02 -8.9093724e+00      
2.0823989e+02 -1.1222424e+01      
2.0880508e+02 -1.3776405e+01      
2.0954849e+02 -1.6519458e+01      
2.1041072e+02 -1.9384892e+01      
2.1131332e+02 -2.2288135e+01      
2.1216362e+02 -2.5126099e+01      
2.1286837e+02 -2.7785881e+01      
2.1335839e+02 -3.0169464e+01      
2.1360746e+02 -3.2212882e+01      
2.1363982e+02 -3.3905623e+01      
2.1347311e+02 -3.5208683e+01      
2.1278641e+02 -3.5440564e+01      
2.1165987e+02 -3.4739298e+01      
2.1053481e+02 -3.3986071e+01      
2.0945449e+02 -3.3281544e+01      
2.0841857e+02 -3.2609811e+01      
2.0744925e+02 -3.1987433e+01      
2.0657210e+02 -3.1452403e+01      
2.0581173e+02 -3.1052200e+01      
2.0448634e+02 -3.7170501e+01      
2.0474580e+02 -3.9540589e+01      
2.0518296e+02 -4.2165206e+01      
2.0576279e+02 -4.4987286e+01      
2.0643389e+02 -4.7925404e+01      
2.0712723e+02 -5.0867640e+01      
2.0775421e+02 -5.3664951e+01      
2.0820876e+02 -5.6137034e+01      
2.0841594e+02 -5.8172437e+01      
2.0838929e+02 -5.9833868e+01      
2.0817477e+02 -6.1233621e+01      
2.0778580e+02 -6.2394063e+01      
2.0699303e+02 -6.2685893e+01      
2.0585399e+02 -6.2166484e+01      
2.0469178e+02 -6.1555202e+01      
2.0356039e+02 -6.0900749e+01      
2.0247225e+02 -6.0204064e+01      
2.0144378e+02 -5.9513157e+01      
2.0049278e+02 -5.8894668e+01      
1.9963752e+02 -5.8412819e+01      
1.9765018e+02 -6.4549031e+01      
1.9783866e+02 -6.6977691e+01      
1.9817546e+02 -6.9687043e+01      
1.9863365e+02 -7.2623885e+01      
1.9917159e+02 -7.5698797e+01      
1.9973246e+02 -7.8781067e+01      
2.0023753e+02 -8.1685766e+01      
2.0053188e+02 -8.4085115e+01      
2.0041570e+02 -8.5626969e+01      
2.0006985e+02 -8.6774700e+01      
1.9955623e+02 -8.7737682e+01      
1.9884800e+02 -8.8457326e+01      
1.9790404e+02 -8.8744274e+01      
1.9677471e+02 -8.8602050e+01      
1.9558668e+02 -8.8208013e+01      
1.9440912e+02 -8.7608220e+01      
1.9326904e+02 -8.6844664e+01      
1.9217980e+02 -8.6025896e+01      
1.9115177e+02 -8.5268837e+01      
1.9019654e+02 -8.4658447e+01      
1.8752837e+02 -9.0595073e+01      
1.8765724e+02 -9.3073746e+01      
1.8791465e+02 -9.5875016e+01      
1.8828562e+02 -9.8968891e+01      
1.8873812e+02 -1.0226204e+02      
1.8923167e+02 -1.0561123e+02      
1.8971853e+02 -1.0883497e+02      
1.9001946e+02 -1.1141993e+02      
1.8940720e+02 -1.1197497e+02      
1.8875619e+02 -1.1250939e+02      
1.8797003e+02 -1.1305249e+02      
1.8697253e+02 -1.1345535e+02      
1.8584156e+02 -1.1372630e+02      
1.8462584e+02 -1.1383611e+02      
1.8337728e+02 -1.1368120e+02      
1.8214820e+02 -1.1311016e+02      
1.8096265e+02 -1.1216877e+02      
1.7982015e+02 -1.1111180e+02      
1.7871953e+02 -1.1014527e+02      
1.7766684e+02 -1.0936234e+02      
1.7431000e+02 -1.1487795e+02      
1.7438281e+02 -1.1737608e+02      
1.7456994e+02 -1.2024625e+02      
1.7487937e+02 -1.2353579e+02      
1.7528945e+02 -1.2717335e+02      
1.7572044e+02 -1.3080708e+02      
1.7618779e+02 -1.3441896e+02      
1.7608043e+02 -1.3631232e+02      
1.7527136e+02 -1.3620307e+02      
1.7455166e+02 -1.3641197e+02      
1.7357233e+02 -1.3666404e+02      
1.7225667e+02 -1.3677387e+02      
1.7093466e+02 -1.3706677e+02      
1.6959406e+02 -1.3751123e+02      
1.6824650e+02 -1.3782134e+02      
1.6696223e+02 -1.3724496e+02      
1.6575636e+02 -1.3581484e+02      
1.6458038e+02 -1.3433237e+02      
1.6341747e+02 -1.3309196e+02      
1.6227455e+02 -1.3211211e+02      
1.5823012e+02 -1.3700212e+02      
1.5824115e+02 -1.3945887e+02      
1.5834608e+02 -1.4229974e+02      
1.5857956e+02 -1.4567399e+02      
1.5898769e+02 -1.4978946e+02      
1.5922718e+02 -1.5331450e+02      
1.5927992e+02 -1.5623422e+02      
1.5892404e+02 -1.5781456e+02      
1.5807517e+02 -1.5746940e+02      
1.5726731e+02 -1.5751343e+02      
1.5618465e+02 -1.5764507e+02      
1.5477913e+02 -1.5769940e+02      
1.5336140e+02 -1.5808672e+02      
1.5190720e+02 -1.5895726e+02      
1.5041137e+02 -1.6030768e+02      
1.4907647e+02 -1.5970163e+02      
1.4791558e+02 -1.5717224e+02      
1.4673118e+02 -1.5516806e+02      
1.4551477e+02 -1.5367639e+02      
1.4428976e+02 -1.5252067e+02      
1.3957026e+02 -1.5662787e+02      
1.3950930e+02 -1.5896854e+02      
1.3950576e+02 -1.6162614e+02      
1.3956606e+02 -1.6463239e+02      
1.3965562e+02 -1.6787397e+02      
1.3963843e+02 -1.7085837e+02      
1.3944433e+02 -1.7342382e+02      
1.3901198e+02 -1.7543363e+02      
1.3818889e+02 -1.7535916e+02      
1.3724631e+02 -1.7538552e+02      
1.3612721e+02 -1.7554833e+02      
1.3481827e+02 -1.7576466e+02      
1.3340954e+02 -1.7619388e+02      
1.3190765e+02 -1.7705551e+02      
1.3029239e+02 -1.7837658e+02      
1.2892075e+02 -1.7773500e+02      
1.2780476e+02 -1.7516183e+02      
1.2659457e+02 -1.7309193e+02      
1.2532095e+02 -1.7151405e+02      
1.2402022e+02 -1.7025162e+02      
1.1865570e+02 -1.7348343e+02      
1.1851733e+02 -1.7565555e+02      
1.1839687e+02 -1.7804836e+02      
1.1828274e+02 -1.8061406e+02      
1.1813893e+02 -1.8322299e+02      
1.1790533e+02 -1.8566743e+02      
1.1752763e+02 -1.8777855e+02      
1.1695681e+02 -1.8932202e+02      
1.1615590e+02 -1.8998330e+02      
1.1518361e+02 -1.9031164e+02      
1.1406072e+02 -1.9057401e+02      
1.1279959e+02 -1.9082745e+02      
1.1143180e+02 -1.9113690e+02      
1.0998174e+02 -1.9153724e+02      
1.0849756e+02 -1.9177569e+02      
1.0710526e+02 -1.9109671e+02      
1.0581358e+02 -1.8952180e+02      
1.0451198e+02 -1.8784084e+02      
1.0317237e+02 -1.8634361e+02      
1.0180353e+02 -1.8504618e+02      
9.5847776e+01 -1.8735894e+02      
9.5634361e+01 -1.8934493e+02      
9.5407823e+01 -1.9147270e+02      
9.5154771e+01 -1.9367822e+02      
9.4849400e+01 -1.9585928e+02      
9.4456348e+01 -1.9788422e+02      
9.3939944e+01 -1.9961808e+02      
9.3271159e+01 -2.0093035e+02      
9.2438365e+01 -2.0177439e+02      
9.1454289e+01 -2.0228397e+02      
9.0336420e+01 -2.0260603e+02      
8.9102559e+01 -2.0281692e+02      
8.7775822e+01 -2.0294654e+02      
8.6384281e+01 -2.0296034e+02      
8.4967152e+01 -2.0270408e+02      
8.3567509e+01 -2.0197696e+02      
8.2193464e+01 -2.0080043e+02      
8.0818609e+01 -1.9941811e+02      
7.9422849e+01 -1.9803048e+02      
7.8000810e+01 -1.9672678e+02      
