2.4960268e+01 2.2541509e+02      
2.5543426e+01 2.2309123e+02      
2.6645691e+01 2.2078980e+02      
2.7921243e+01 2.1839220e+02      
2.9194535e+01 2.1587316e+02      
3.0423431e+01 2.1325668e+02      
3.1700750e+01 2.1063205e+02      
3.2962883e+01 2.0806147e+02      
3.4120983e+01 2.0565757e+02      
3.5173566e+01 2.0360554e+02      
3.6187371e+01 2.0210135e+02      
3.7156205e+01 2.0122381e+02      
3.7993016e+01 2.0092540e+02      
3.8646471e+01 2.0111868e+02      
3.9133817e+01 2.0172712e+02      
3.9539559e+01 2.0270421e+02      
3.9996079e+01 2.0402434e+02      
4.0613364e+01 2.0564244e+02      
4.1485924e+01 2.0748734e+02      
4.2723137e+01 2.0947861e+02      
5.4976998e+01 2.1605634e+02      
5.6115296e+01 2.1384686e+02      
5.8086178e+01 2.1177186e+02      
5.9973015e+01 2.0942441e+02      
6.1701736e+01 2.0686706e+02      
6.3177673e+01 2.0407783e+02      
6.4812092e+01 2.0118775e+02      
6.6362755e+01 1.9817795e+02      
6.7623856e+01 1.9518444e+02      
6.8586771e+01 1.9249557e+02      
6.9604191e+01 1.9058680e+02      
7.0669318e+01 1.8954943e+02      
7.1455313e+01 1.8917421e+02      
7.1872809e+01 1.8928672e+02      
7.1938004e+01 1.8976379e+02      
7.1750480e+01 1.9055599e+02      
7.1612253e+01 1.9171810e+02      
7.1618463e+01 1.9320531e+02      
7.1823269e+01 1.9491617e+02      
7.2402611e+01 1.9674690e+02      
8.3315206e+01 2.0323320e+02      
8.4826058e+01 2.0102552e+02      
8.7288482e+01 1.9890406e+02      
8.9651882e+01 1.9651022e+02      
9.1964150e+01 1.9398579e+02      
9.4394215e+01 1.9151292e+02      
9.6650764e+01 1.8840703e+02      
9.8666205e+01 1.8486525e+02      
1.0013478e+02 1.8112063e+02      
1.0074645e+02 1.7745428e+02      
1.0179026e+02 1.7513500e+02      
1.0319093e+02 1.7414023e+02      
1.0391874e+02 1.7384777e+02      
1.0407299e+02 1.7400412e+02      
1.0369474e+02 1.7441968e+02      
1.0269944e+02 1.7499265e+02      
1.0194984e+02 1.7605462e+02      
1.0133488e+02 1.7749377e+02      
1.0063791e+02 1.7915030e+02      
1.0039949e+02 1.8088030e+02      
1.0944307e+02 1.8717697e+02      
1.1104614e+02 1.8486563e+02      
1.1357164e+02 1.8252855e+02      
1.1611363e+02 1.7994252e+02      
1.1878082e+02 1.7722027e+02      
1.2176364e+02 1.7447621e+02      
1.2461073e+02 1.7094508e+02      
1.2734219e+02 1.6676055e+02      
1.2962143e+02 1.6224982e+02      
1.3070867e+02 1.5809668e+02      
1.3191774e+02 1.5554650e+02      
1.3318315e+02 1.5459179e+02      
1.3350758e+02 1.5461736e+02      
1.3334937e+02 1.5500086e+02      
1.3280799e+02 1.5549776e+02      
1.3166624e+02 1.5611560e+02      
1.3046581e+02 1.5723905e+02      
1.2931793e+02 1.5877644e+02      
1.2724470e+02 1.6049296e+02      
1.2612128e+02 1.6218495e+02      
1.3299195e+02 1.6822016e+02      
1.3444707e+02 1.6576571e+02      
1.3652869e+02 1.6314522e+02      
1.3895028e+02 1.6028772e+02      
1.4165449e+02 1.5717340e+02      
1.4466100e+02 1.5371075e+02      
1.4789549e+02 1.4960094e+02      
1.5146972e+02 1.4469736e+02      
1.5538289e+02 1.3916078e+02      
1.5783875e+02 1.3482773e+02      
1.5934297e+02 1.3222085e+02      
1.6000842e+02 1.3142474e+02      
1.5945837e+02 1.3221344e+02      
1.5901136e+02 1.3295060e+02      
1.5859754e+02 1.3357426e+02      
1.5818733e+02 1.3427541e+02      
1.5638061e+02 1.3559725e+02      
1.5327377e+02 1.3748730e+02      
1.5066923e+02 1.3934184e+02      
1.4898992e+02 1.4103174e+02      
1.5372592e+02 1.4675484e+02      
1.5502079e+02 1.4419242e+02      
1.5683978e+02 1.4138861e+02      
1.5908636e+02 1.3830175e+02      
1.6170967e+02 1.3486944e+02      
1.6471209e+02 1.3097543e+02      
1.6814589e+02 1.2643185e+02      
1.7219186e+02 1.2101127e+02      
1.7681350e+02 1.1485323e+02      
1.7996179e+02 1.1028877e+02      
1.8170911e+02 1.0767819e+02      
1.8225741e+02 1.0705779e+02      
1.8192118e+02 1.0812626e+02      
1.8145943e+02 1.0903042e+02      
1.8109013e+02 1.0963099e+02      
1.8014616e+02 1.1045263e+02      
1.7774617e+02 1.1194773e+02      
1.7378627e+02 1.1416179e+02      
1.7067758e+02 1.1615857e+02      
1.6859972e+02 1.1784206e+02      
1.7144007e+02 1.2319248e+02      
1.7261250e+02 1.2057744e+02      
1.7426116e+02 1.1768023e+02      
1.7634391e+02 1.1446743e+02      
1.7883733e+02 1.1087985e+02      
1.8175532e+02 1.0681871e+02      
1.8516791e+02 1.0212842e+02      
1.8923954e+02 9.6563303e+01      
1.9389343e+02 9.0214776e+01      
1.9722644e+02 8.5611451e+01      
1.9909558e+02 8.3040612e+01      
1.9947185e+02 8.2565133e+01      
1.9848502e+02 8.4031058e+01      
1.9784209e+02 8.4931170e+01      
1.9786721e+02 8.5101402e+01      
1.9694318e+02 8.5640789e+01      
1.9442597e+02 8.7056024e+01      
1.9029960e+02 8.9412523e+01      
1.8698192e+02 9.1445928e+01      
1.8466353e+02 9.3064453e+01      
1.8593434e+02 9.7950137e+01      
1.8700116e+02 9.5336281e+01      
1.8850128e+02 9.2424213e+01      
1.9041322e+02 8.9192652e+01      
1.9272581e+02 8.5602190e+01      
1.9545036e+02 8.1589500e+01      
1.9863229e+02 7.7056535e+01      
2.0237062e+02 7.1828155e+01      
2.0660523e+02 6.5934454e+01      
2.0990896e+02 6.1644638e+01      
2.1200209e+02 5.9145340e+01      
2.1231475e+02 5.8531955e+01      
2.1093940e+02 5.9751555e+01      
2.0980350e+02 6.0462508e+01      
2.0915955e+02 6.0627744e+01      
2.0858045e+02 6.0586328e+01      
2.0641093e+02 6.1584767e+01      
2.0257215e+02 6.3800241e+01      
1.9935546e+02 6.5689904e+01      
1.9698439e+02 6.7144099e+01      
1.9703923e+02 7.1449671e+01      
1.9800387e+02 6.8884558e+01      
1.9935555e+02 6.6024309e+01      
2.0107963e+02 6.2863355e+01      
2.0316537e+02 5.9388450e+01      
2.0561062e+02 5.5581176e+01      
2.0842091e+02 5.1427232e+01      
2.1158850e+02 4.6955406e+01      
2.1495784e+02 4.2480756e+01      
2.1815260e+02 3.8832510e+01      
2.2092314e+02 3.6399475e+01      
2.2130813e+02 3.5336927e+01      
2.1948734e+02 3.5371830e+01      
2.1786797e+02 3.5587977e+01      
2.1662294e+02 3.5678311e+01      
2.1545228e+02 3.5721210e+01      
2.1383656e+02 3.6053537e+01      
2.1062010e+02 3.7787510e+01      
2.0775188e+02 3.9312248e+01      
2.0548021e+02 4.0495525e+01      
2.0463265e+02 4.4116327e+01      
2.0549321e+02 4.1638000e+01      
2.0669081e+02 3.8880305e+01      
2.0821134e+02 3.5853414e+01      
2.1003953e+02 3.2568520e+01      
2.1215922e+02 2.9045209e+01      
2.1454850e+02 2.5328759e+01      
2.1716465e+02 2.1530441e+01      
2.1992855e+02 1.7891752e+01      
2.2280868e+02 1.4737254e+01      
2.2558537e+02 1.2310931e+01      
2.2594051e+02 1.0939883e+01      
2.2396729e+02 1.0470123e+01      
2.2211507e+02 1.0310282e+01      
2.2052801e+02 1.0265465e+01      
2.1895202e+02 1.0347644e+01      
2.1708702e+02 1.0730514e+01      
2.1468750e+02 1.1637066e+01      
2.1228014e+02 1.2636200e+01      
2.1017509e+02 1.3490916e+01      
2.0864665e+02 1.6376545e+01      
2.0940061e+02 1.4012122e+01      
2.1043969e+02 1.1390842e+01      
2.1174802e+02 8.5357392e+00      
2.1330524e+02 5.4757354e+00      
2.1508541e+02 2.2529302e+00      
2.1705372e+02 -1.0649442e+00      
2.1916305e+02 -4.3677750e+00      
2.2136358e+02 -7.4980508e+00      
2.2366207e+02 -1.0299035e+01      
2.2590932e+02 -1.2652923e+01      
2.2613151e+02 -1.4140430e+01      
2.2436065e+02 -1.4821394e+01      
2.2259963e+02 -1.5219655e+01      
2.2093762e+02 -1.5418268e+01      
2.1922032e+02 -1.5413513e+01      
2.1732768e+02 -1.5164198e+01      
2.1524388e+02 -1.4674027e+01      
2.1312970e+02 -1.4078626e+01      
2.1116160e+02 -1.3523058e+01      
2.0906937e+02 -1.1344712e+01      
2.0971591e+02 -1.3578584e+01      
2.1059595e+02 -1.6044414e+01      
2.1169159e+02 -1.8710330e+01      
2.1297858e+02 -2.1537066e+01      
2.1442496e+02 -2.4472929e+01      
2.1598879e+02 -2.7447436e+01      
2.1761578e+02 -3.0366641e+01      
2.1923771e+02 -3.3117510e+01      
2.2075551e+02 -3.5585772e+01      
2.2186316e+02 -3.7646890e+01      
2.2191164e+02 -3.9144193e+01      
2.2090535e+02 -4.0101246e+01      
2.1948610e+02 -4.0704791e+01      
2.1791508e+02 -4.1052580e+01      
2.1621357e+02 -4.1177479e+01      
2.1437388e+02 -4.1097637e+01      
2.1242530e+02 -4.0852285e+01      
2.1045284e+02 -4.0519967e+01      
2.0855852e+02 -4.0191960e+01      
2.0594460e+02 -3.8627392e+01      
2.0648544e+02 -4.0722865e+01      
2.0721032e+02 -4.3025555e+01      
2.0809995e+02 -4.5498498e+01      
2.0912785e+02 -4.8097765e+01      
2.1025898e+02 -5.0769618e+01      
2.1144764e+02 -5.3447925e+01      
2.1263391e+02 -5.6053674e+01      
2.1373617e+02 -5.8498761e+01      
2.1463016e+02 -6.0692979e+01      
2.1511517e+02 -6.2549333e+01      
2.1498195e+02 -6.4004934e+01      
2.1422463e+02 -6.5065358e+01      
2.1303411e+02 -6.5794985e+01      
2.1157807e+02 -6.6258035e+01      
2.0993712e+02 -6.6499085e+01      
2.0815495e+02 -6.6555745e+01      
2.0627822e+02 -6.6473878e+01      
2.0436970e+02 -6.6313725e+01      
2.0249876e+02 -6.6142519e+01      
1.9937013e+02 -6.5060681e+01      
1.9980944e+02 -6.7016606e+01      
2.0038684e+02 -6.9156273e+01      
2.0108262e+02 -7.1440513e+01      
2.0186977e+02 -7.3824375e+01      
2.0271286e+02 -7.6255820e+01      
2.0356630e+02 -7.8675064e+01      
2.0437156e+02 -8.1015489e+01      
2.0505276e+02 -8.3206845e+01      
2.0551142e+02 -8.5180625e+01      
2.0563218e+02 -8.6877823e+01      
2.0532400e+02 -8.8261552e+01      
2.0457824e+02 -8.9329218e+01      
2.0346625e+02 -9.0108134e+01      
2.0207873e+02 -9.0637340e+01      
2.0048734e+02 -9.0956046e+01      
1.9874649e+02 -9.1103833e+01      
1.9690642e+02 -9.1124997e+01      
1.9501988e+02 -9.1070388e+01      
1.9314007e+02 -9.0994685e+01      
1.8949527e+02 -9.0248079e+01      
1.8983915e+02 -9.2068003e+01      
1.9027950e+02 -9.4049692e+01      
1.9079719e+02 -9.6153755e+01      
1.9136622e+02 -9.8336330e+01      
1.9195300e+02 -1.0054872e+02      
1.9251539e+02 -1.0273768e+02      
1.9300152e+02 -1.0484680e+02      
1.9334906e+02 -1.0681932e+02      
1.9348710e+02 -1.0860247e+02      
1.9334559e+02 -1.1015326e+02      
1.9287548e+02 -1.1144505e+02      
1.9206829e+02 -1.1247195e+02      
1.9095547e+02 -1.1324696e+02      
1.8958838e+02 -1.1379518e+02      
1.8801999e+02 -1.1414793e+02      
1.8629902e+02 -1.1434071e+02      
1.8447150e+02 -1.1441330e+02      
1.8258251e+02 -1.1440967e+02      
1.8067524e+02 -1.1437640e+02      
1.7651780e+02 -1.1381294e+02      
1.7677357e+02 -1.1550344e+02      
1.7708894e+02 -1.1733504e+02      
1.7744616e+02 -1.1926937e+02      
1.7782140e+02 -1.2126479e+02      
1.7818445e+02 -1.2327652e+02      
1.7849846e+02 -1.2525736e+02      
1.7872009e+02 -1.2715918e+02      
1.7880063e+02 -1.2893531e+02      
1.7868939e+02 -1.3054375e+02      
1.7834082e+02 -1.3195108e+02      
1.7772449e+02 -1.3313606e+02      
1.7683311e+02 -1.3409167e+02      
1.7568247e+02 -1.3482443e+02      
1.7430383e+02 -1.3535148e+02      
1.7273511e+02 -1.3569745e+02      
1.7101565e+02 -1.3589249e+02      
1.6918439e+02 -1.3597120e+02      
1.6727918e+02 -1.3597174e+02      
1.6533564e+02 -1.3593448e+02      
1.6068037e+02 -1.3540413e+02      
1.6085591e+02 -1.3697354e+02      
1.6105897e+02 -1.3866435e+02      
1.6127378e+02 -1.4043998e+02      
1.6147941e+02 -1.4226150e+02      
1.6164973e+02 -1.4408810e+02      
1.6175379e+02 -1.4587794e+02      
1.6175653e+02 -1.4758955e+02      
1.6162051e+02 -1.4918376e+02      
1.6130902e+02 -1.5062609e+02      
1.6079076e+02 -1.5188931e+02      
1.6004523e+02 -1.5295560e+02      
1.5906649e+02 -1.5381779e+02      
1.5786339e+02 -1.5447909e+02      
1.5645630e+02 -1.5495174e+02      
1.5487257e+02 -1.5525525e+02      
1.5314287e+02 -1.5541482e+02      
1.5129886e+02 -1.5546014e+02      
1.4937168e+02 -1.5542427e+02      
1.4739066e+02 -1.5534246e+02      
1.4226652e+02 -1.5470151e+02      
1.4236965e+02 -1.5615899e+02      
1.4247289e+02 -1.5771883e+02      
1.4256281e+02 -1.5934662e+02      
1.4262165e+02 -1.6100632e+02      
1.4262756e+02 -1.6266089e+02      
1.4255525e+02 -1.6427314e+02      
1.4237691e+02 -1.6580698e+02      
1.4206391e+02 -1.6722893e+02      
1.4158925e+02 -1.6850993e+02      
1.4093065e+02 -1.6962705e+02      
1.4007362e+02 -1.7056494e+02      
1.3901353e+02 -1.7131663e+02      
1.3775586e+02 -1.7188349e+02      
1.3631463e+02 -1.7227458e+02      
1.3470996e+02 -1.7250550e+02      
1.3296553e+02 -1.7259730e+02      
1.3110659e+02 -1.7257533e+02      
1.2915842e+02 -1.7246825e+02      
1.2714494e+02 -1.7230690e+02      
1.2159611e+02 -1.7142098e+02      
1.2163417e+02 -1.7277589e+02      
1.2164939e+02 -1.7421451e+02      
1.2163076e+02 -1.7570477e+02      
1.2156373e+02 -1.7721354e+02      
1.2143056e+02 -1.7870725e+02      
1.2121102e+02 -1.8015272e+02      
1.2088336e+02 -1.8151823e+02      
1.2042578e+02 -1.8277477e+02      
1.1981823e+02 -1.8389732e+02      
1.1904452e+02 -1.8486615e+02      
1.1809417e+02 -1.8566777e+02      
1.1696372e+02 -1.8629558e+02      
1.1565689e+02 -1.8674985e+02      
1.1418383e+02 -1.8703743e+02      
1.1255960e+02 -1.8717095e+02      
1.1080252e+02 -1.8716805e+02      
1.0893260e+02 -1.8705041e+02      
1.0697014e+02 -1.8684286e+02      
1.0493450e+02 -1.8657242e+02      
9.9020363e+01 -1.8531907e+02      
9.8999962e+01 -1.8658051e+02      
9.8937901e+01 -1.8790723e+02      
9.8825603e+01 -1.8926958e+02      
9.8651555e+01 -1.9063722e+02      
9.8401755e+01 -1.9197973e+02      
9.8060369e+01 -1.9326743e+02      
9.7610640e+01 -1.9447224e+02      
9.7036054e+01 -1.9556867e+02      
9.6321708e+01 -1.9653491e+02      
9.5455740e+01 -1.9735367e+02      
9.4430581e+01 -1.9801299e+02      
9.3243754e+01 -1.9850663e+02      
9.1898057e+01 -1.9883422e+02      
9.0401107e+01 -1.9900098e+02      
8.8764424e+01 -1.9901726e+02      
8.7002272e+01 -1.9889792e+02      
8.5130457e+01 -1.9866155e+02      
8.3165187e+01 -1.9832970e+02      
8.1122032e+01 -1.9792607e+02      
