2.2134119e+01 2.5758002e+02      
1.8995730e+01 2.5590740e+02      
1.6324470e+01 2.5403946e+02      
1.4132892e+01 2.5202926e+02      
1.2428279e+01 2.4993393e+02      
1.1213484e+01 2.4781315e+02      
1.0487934e+01 2.4572729e+02      
1.0248455e+01 2.4373547e+02      
1.0489646e+01 2.4189365e+02      
1.1203724e+01 2.4025260e+02      
1.2379820e+01 2.3885555e+02      
1.4002464e+01 2.3773575e+02      
1.6048288e+01 2.3691419e+02      
1.8478657e+01 2.3639773e+02      
2.1223901e+01 2.3617625e+02      
2.4167130e+01 2.3621821e+02      
2.7207891e+01 2.3648184e+02      
3.0372751e+01 2.3693604e+02      
3.3750897e+01 2.3754297e+02      
3.7423740e+01 2.3824815e+02      
4.9550478e+01 2.4837524e+02      
4.6467047e+01 2.4653512e+02      
4.3860375e+01 2.4445616e+02      
4.1741418e+01 2.4219630e+02      
4.0114732e+01 2.3981902e+02      
3.8979961e+01 2.3739149e+02      
3.8333690e+01 2.3498221e+02      
3.8170926e+01 2.3265873e+02      
3.8485736e+01 2.3048567e+02      
3.9271132e+01 2.2852275e+02      
4.0518584e+01 2.2682216e+02      
4.2217277e+01 2.2542499e+02      
4.4352150e+01 2.2435799e+02      
4.6897771e+01 2.2363270e+02      
4.9796150e+01 2.2324511e+02      
5.2833953e+01 2.2314950e+02      
5.5645826e+01 2.2324951e+02      
5.8429789e+01 2.2355735e+02      
6.1383589e+01 2.2404307e+02      
6.4622423e+01 2.2463804e+02      
7.5725614e+01 2.3553855e+02      
7.2727836e+01 2.3350878e+02      
7.0216097e+01 2.3119368e+02      
6.8198944e+01 2.2865620e+02      
6.6676559e+01 2.2596713e+02      
6.5643403e+01 2.2320247e+02      
6.5091700e+01 2.2044013e+02      
6.5014101e+01 2.1775693e+02      
6.5404442e+01 2.1522695e+02      
6.6257157e+01 2.1292050e+02      
6.7566802e+01 2.1090161e+02      
6.9328899e+01 2.0922229e+02      
7.1541943e+01 2.0791555e+02      
7.4208992e+01 2.0699529e+02      
7.7349217e+01 2.0647205e+02      
8.0801339e+01 2.0633055e+02      
8.3178310e+01 2.0626157e+02      
8.5386332e+01 2.0646665e+02      
8.7758205e+01 2.0689469e+02      
9.0428216e+01 2.0744937e+02      
1.0023638e+02 2.1932214e+02      
9.7353738e+01 2.1708088e+02      
9.4968210e+01 2.1450322e+02      
9.3084996e+01 2.1165718e+02      
9.1697119e+01 2.0862234e+02      
9.0790123e+01 2.0548602e+02      
9.0349140e+01 2.0233738e+02      
9.0363930e+01 1.9926281e+02      
9.0829082e+01 1.9634538e+02      
9.1741202e+01 1.9366701e+02      
9.3097250e+01 1.9130837e+02      
9.4896609e+01 1.8934023e+02      
9.7150338e+01 1.8780302e+02      
9.9886961e+01 1.8669797e+02      
1.0315435e+02 1.8601574e+02      
1.0678112e+02 1.8573388e+02      
1.0926276e+02 1.8568777e+02      
1.1077629e+02 1.8588838e+02      
1.1245976e+02 1.8635240e+02      
1.1439204e+02 1.8695880e+02      
1.2268456e+02 2.0003509e+02      
1.1994417e+02 1.9756233e+02      
1.1771740e+02 1.9469495e+02      
1.1600565e+02 1.9150526e+02      
1.1478994e+02 1.8808436e+02      
1.1403919e+02 1.8453613e+02      
1.1372608e+02 1.8096470e+02      
1.1383780e+02 1.7746502e+02      
1.1437350e+02 1.7412463e+02      
1.1533383e+02 1.7103497e+02      
1.1671718e+02 1.6829933e+02      
1.1851629e+02 1.6602996e+02      
1.2074391e+02 1.6429201e+02      
1.2346918e+02 1.6303488e+02      
1.2671084e+02 1.6219404e+02      
1.3021413e+02 1.6175537e+02      
1.3251749e+02 1.6175126e+02      
1.3385257e+02 1.6211970e+02      
1.3495626e+02 1.6274196e+02      
1.3596983e+02 1.6350871e+02      
1.4270109e+02 1.7803960e+02      
1.4012491e+02 1.7532029e+02      
1.3809014e+02 1.7213680e+02      
1.3659728e+02 1.6856199e+02      
1.3560702e+02 1.6470304e+02      
1.3505367e+02 1.6069320e+02      
1.3488561e+02 1.5666101e+02      
1.3509095e+02 1.5270654e+02      
1.3568765e+02 1.4890627e+02      
1.3668267e+02 1.4535087e+02      
1.3807757e+02 1.4216455e+02      
1.3985841e+02 1.3953546e+02      
1.4191881e+02 1.3770978e+02      
1.4457394e+02 1.3639315e+02      
1.4779139e+02 1.3541408e+02      
1.5080701e+02 1.3488309e+02      
1.5247417e+02 1.3500594e+02      
1.5308248e+02 1.3565175e+02      
1.5373127e+02 1.3652051e+02      
1.5455727e+02 1.3750356e+02      
1.5995009e+02 1.5374611e+02      
1.5754818e+02 1.5077640e+02      
1.5573429e+02 1.4725672e+02      
1.5452479e+02 1.4324544e+02      
1.5384991e+02 1.3886994e+02      
1.5355865e+02 1.3432931e+02      
1.5354861e+02 1.2980073e+02      
1.5381834e+02 1.2538471e+02      
1.5445402e+02 1.2110218e+02      
1.5549425e+02 1.1699855e+02      
1.5679441e+02 1.1329969e+02      
1.5860271e+02 1.1013880e+02      
1.6017272e+02 1.0851407e+02      
1.6263047e+02 1.0732555e+02      
1.6621361e+02 1.0617891e+02      
1.6837293e+02 1.0564295e+02      
1.6914512e+02 1.0599717e+02      
1.6947049e+02 1.0684948e+02      
1.6971805e+02 1.0803321e+02      
1.7013708e+02 1.0936055e+02      
1.7413487e+02 1.2760521e+02      
1.7189256e+02 1.2440358e+02      
1.7030174e+02 1.2055289e+02      
1.6945643e+02 1.1604826e+02      
1.6929678e+02 1.1099983e+02      
1.6937640e+02 1.0581791e+02      
1.6952369e+02 1.0076311e+02      
1.6976188e+02 9.5940861e+01      
1.7027011e+02 9.1282286e+01      
1.7136521e+02 8.6583014e+01      
1.7213066e+02 8.2540396e+01      
1.7333148e+02 7.9414611e+01      
1.7479559e+02 7.7504346e+01      
1.7667998e+02 7.6659170e+01      
1.7958625e+02 7.5651646e+01      
1.8265306e+02 7.4588550e+01      
1.8324222e+02 7.4928454e+01      
1.8324559e+02 7.6009705e+01      
1.8285410e+02 7.7699654e+01      
1.8261728e+02 7.9548022e+01      
1.8501044e+02 1.0009319e+02      
1.8287496e+02 9.6711790e+01      
1.8142927e+02 9.2603035e+01      
1.8089138e+02 8.7660667e+01      
1.8152183e+02 8.1739875e+01      
1.8206362e+02 7.5794194e+01      
1.8235577e+02 7.0187865e+01      
1.8242620e+02 6.5087906e+01      
1.8235609e+02 6.0464767e+01      
1.8221389e+02 5.6114462e+01      
1.8257967e+02 5.2048030e+01      
1.8344325e+02 4.8783466e+01      
1.8474935e+02 4.6611216e+01      
1.8657028e+02 4.5377188e+01      
1.8918009e+02 4.4395714e+01      
1.9266984e+02 4.2687242e+01      
1.9423569e+02 4.2385058e+01      
1.9419666e+02 4.3578178e+01      
1.9280419e+02 4.6074135e+01      
1.9180478e+02 4.8582998e+01      
1.9240284e+02 7.1690471e+01      
1.9029268e+02 6.8208954e+01      
1.8883270e+02 6.3987679e+01      
1.8816923e+02 5.8959500e+01      
1.8839467e+02 5.3058467e+01      
1.8930827e+02 4.6407826e+01      
1.8975872e+02 4.0258171e+01      
1.8964480e+02 3.5028908e+01      
1.8902287e+02 3.0796318e+01      
1.8817955e+02 2.7137992e+01      
1.8829812e+02 2.2760934e+01      
1.8895671e+02 1.9185850e+01      
1.9008353e+02 1.6861120e+01      
1.9175176e+02 1.5517587e+01      
1.9441615e+02 1.3611029e+01      
1.9792479e+02 1.1111876e+01      
1.9973463e+02 1.0421245e+01      
1.9978883e+02 1.1669208e+01      
1.9865011e+02 1.4274880e+01      
1.9728046e+02 1.7254020e+01      
1.9622372e+02 4.2862094e+01      
1.9406302e+02 3.9360017e+01      
1.9246464e+02 3.5158046e+01      
1.9150096e+02 3.0244923e+01      
1.9119776e+02 2.4615607e+01      
1.9146400e+02 1.8330153e+01      
1.9199322e+02 1.1692074e+01      
1.9175161e+02 6.3407892e+00      
1.9065628e+02 2.7274051e+00      
1.8987121e+02 -9.4763260e-01      
1.8974788e+02 -5.0223121e+00      
1.9023451e+02 -9.0231179e+00      
1.9117478e+02 -1.1415028e+01      
1.9278451e+02 -1.3641945e+01      
1.9526584e+02 -1.6308829e+01      
1.9840875e+02 -1.9345696e+01      
1.9995414e+02 -2.0058079e+01      
1.9976349e+02 -1.8407269e+01      
1.9827819e+02 -1.5142284e+01      
1.9697808e+02 -1.2102355e+01      
1.9646742e+02 1.4050676e+01      
1.9420702e+02 1.0585646e+01      
1.9241678e+02 6.4830531e+00      
1.9113422e+02 1.7721266e+00      
1.9035301e+02 -3.5068473e+00      
1.9000094e+02 -9.2847310e+00      
1.8990667e+02 -1.5390258e+01      
1.8968849e+02 -2.1180710e+01      
1.8860145e+02 -2.4777253e+01      
1.8779944e+02 -2.8451490e+01      
1.8750808e+02 -3.2379294e+01      
1.8774090e+02 -3.6151748e+01      
1.8850547e+02 -3.9276153e+01      
1.8989365e+02 -4.2102260e+01      
1.9197928e+02 -4.5103477e+01      
1.9449235e+02 -4.8200653e+01      
1.9551072e+02 -4.8500559e+01      
1.9492251e+02 -4.6207851e+01      
1.9395506e+02 -4.3482766e+01      
1.9301677e+02 -4.0780433e+01      
1.9319717e+02 -1.4320660e+01      
1.9081182e+02 -1.7719625e+01      
1.8881665e+02 -2.1686093e+01      
1.8723744e+02 -2.6157449e+01      
1.8606211e+02 -3.1068118e+01      
1.8523043e+02 -3.6348804e+01      
1.8464620e+02 -4.1945718e+01      
1.8413607e+02 -4.7594281e+01      
1.8309318e+02 -5.1368322e+01      
1.8224783e+02 -5.5237955e+01      
1.8177645e+02 -5.9286423e+01      
1.8174149e+02 -6.3231835e+01      
1.8222452e+02 -6.6769375e+01      
1.8330701e+02 -6.9731713e+01      
1.8491292e+02 -7.2538689e+01      
1.8670414e+02 -7.5138734e+01      
1.8719840e+02 -7.4740513e+01      
1.8700081e+02 -7.3168382e+01      
1.8646185e+02 -7.1033286e+01      
1.8582130e+02 -6.8653221e+01      
1.8653315e+02 -4.1843255e+01      
1.8401050e+02 -4.5177637e+01      
1.8181334e+02 -4.9008966e+01      
1.7997244e+02 -5.3235230e+01      
1.7848242e+02 -5.7768519e+01      
1.7729183e+02 -6.2545695e+01      
1.7630937e+02 -6.7496352e+01      
1.7538830e+02 -7.2359629e+01      
1.7437763e+02 -7.6706789e+01      
1.7344670e+02 -8.0974866e+01      
1.7274041e+02 -8.5352610e+01      
1.7236849e+02 -8.9710949e+01      
1.7248092e+02 -9.3703085e+01      
1.7330724e+02 -9.6369328e+01      
1.7452325e+02 -9.8566476e+01      
1.7570709e+02 -1.0015161e+02      
1.7633432e+02 -1.0037012e+02      
1.7642515e+02 -9.9462658e+01      
1.7611816e+02 -9.7703426e+01      
1.7561056e+02 -9.5434465e+01      
1.7664680e+02 -6.8116667e+01      
1.7397580e+02 -7.1423474e+01      
1.7157717e+02 -7.5167011e+01      
1.6950707e+02 -7.9171293e+01      
1.6777861e+02 -8.3314160e+01      
1.6634119e+02 -8.7565915e+01      
1.6509476e+02 -9.1933012e+01      
1.6393261e+02 -9.6350070e+01      
1.6279076e+02 -1.0076198e+02      
1.6167983e+02 -1.0528957e+02      
1.6065767e+02 -1.1004470e+02      
1.5987320e+02 -1.1487457e+02      
1.5971718e+02 -1.1882277e+02      
1.6024854e+02 -1.2164021e+02      
1.6134071e+02 -1.2339077e+02      
1.6242658e+02 -1.2472531e+02      
1.6319282e+02 -1.2542141e+02      
1.6348358e+02 -1.2508352e+02      
1.6318714e+02 -1.2333526e+02      
1.6262671e+02 -1.2083452e+02      
1.6376206e+02 -9.2734919e+01      
1.6092261e+02 -9.6093431e+01      
1.5829522e+02 -9.9891905e+01      
1.5601263e+02 -1.0373602e+02      
1.5412483e+02 -1.0744679e+02      
1.5257311e+02 -1.1106885e+02      
1.5119404e+02 -1.1486025e+02      
1.4988668e+02 -1.1887614e+02      
1.4860265e+02 -1.2310771e+02      
1.4729695e+02 -1.2765128e+02      
1.4592064e+02 -1.3266291e+02      
1.4490018e+02 -1.3735571e+02      
1.4450413e+02 -1.4127623e+02      
1.4482121e+02 -1.4425993e+02      
1.4574534e+02 -1.4639021e+02      
1.4695800e+02 -1.4795696e+02      
1.4790028e+02 -1.4942900e+02      
1.4845930e+02 -1.4997014e+02      
1.4788004e+02 -1.4765774e+02      
1.4708831e+02 -1.4447841e+02      
1.4816279e+02 -1.1526376e+02      
1.4513763e+02 -1.1872690e+02      
1.4220528e+02 -1.2284586e+02      
1.3971345e+02 -1.2658940e+02      
1.3774059e+02 -1.2982328e+02      
1.3624826e+02 -1.3257079e+02      
1.3484056e+02 -1.3574747e+02      
1.3345284e+02 -1.3932866e+02      
1.3207676e+02 -1.4323081e+02      
1.3069664e+02 -1.4745014e+02      
1.2930577e+02 -1.5197946e+02      
1.2798989e+02 -1.5662424e+02      
1.2734537e+02 -1.6054152e+02      
1.2753886e+02 -1.6360571e+02      
1.2845148e+02 -1.6606435e+02      
1.2946611e+02 -1.6878053e+02      
1.3042674e+02 -1.7146952e+02      
1.3071967e+02 -1.7199662e+02      
1.3022819e+02 -1.6994013e+02      
1.2916205e+02 -1.6579498e+02      
1.3019060e+02 -1.3526573e+02      
1.2701919e+02 -1.3868449e+02      
1.2384467e+02 -1.4276361e+02      
1.2119456e+02 -1.4631829e+02      
1.1917705e+02 -1.4917225e+02      
1.1774659e+02 -1.5140857e+02      
1.1633673e+02 -1.5410688e+02      
1.1489881e+02 -1.5727392e+02      
1.1346696e+02 -1.6078319e+02      
1.1206362e+02 -1.6456020e+02      
1.1071585e+02 -1.6853445e+02      
1.0948902e+02 -1.7257762e+02      
1.0857929e+02 -1.7642204e+02      
1.0868835e+02 -1.7939213e+02      
1.0917111e+02 -1.8248171e+02      
1.0987751e+02 -1.8630682e+02      
1.1035288e+02 -1.8905140e+02      
1.1037214e+02 -1.8963580e+02      
1.0987874e+02 -1.8773530e+02      
1.0896071e+02 -1.8378007e+02      
1.1021767e+02 -1.5239551e+02      
1.0698695e+02 -1.5558732e+02      
1.0367695e+02 -1.5938216e+02      
1.0093682e+02 -1.6265185e+02      
9.8879465e+01 -1.6522577e+02      
9.7464689e+01 -1.6719274e+02      
9.6019497e+01 -1.6958067e+02      
9.4522147e+01 -1.7240298e+02      
9.3037473e+01 -1.7553017e+02      
9.1609263e+01 -1.7886729e+02      
9.0283580e+01 -1.8232277e+02      
8.9129952e+01 -1.8578365e+02      
8.8290852e+01 -1.8908181e+02      
8.7951280e+01 -1.9206660e+02      
8.7936924e+01 -1.9505476e+02      
8.8074278e+01 -1.9826892e+02      
8.8153772e+01 -2.0136842e+02      
8.7925003e+01 -2.0215668e+02      
8.7375924e+01 -2.0021141e+02      
8.6514309e+01 -1.9607576e+02      
8.8616221e+01 -1.6643167e+02      
8.5456916e+01 -1.6923647e+02      
8.2195400e+01 -1.7254097e+02      
7.9459273e+01 -1.7544457e+02      
7.7329341e+01 -1.7782356e+02      
7.5796779e+01 -1.7972526e+02      
7.4229232e+01 -1.8195457e+02      
7.2636930e+01 -1.8451093e+02      
7.1082795e+01 -1.8729619e+02      
6.9609712e+01 -1.9022758e+02      
6.8261547e+01 -1.9322083e+02      
6.7093897e+01 -1.9618232e+02      
6.6175442e+01 -1.9901481e+02      
6.5542481e+01 -2.0166999e+02      
6.5137023e+01 -2.0419070e+02      
6.4846625e+01 -2.0658683e+02      
6.4533660e+01 -2.0864826e+02      
6.4063713e+01 -2.0968240e+02      
6.3470795e+01 -2.0757412e+02      
6.2695543e+01 -2.0454570e+02      
