3.7928838e+01 2.3125513e+02      
3.8398064e+01 2.3057025e+02      
3.9211670e+01 2.2997577e+02      
4.0304846e+01 2.2947000e+02      
4.1601247e+01 2.2904121e+02      
4.3022711e+01 2.2867193e+02      
4.4502499e+01 2.2834608e+02      
4.5991284e+01 2.2805209e+02      
4.7449726e+01 2.2777767e+02      
4.8839319e+01 2.2750402e+02      
5.0126367e+01 2.2720903e+02      
5.1298660e+01 2.2687921e+02      
5.2377834e+01 2.2651807e+02      
5.3413908e+01 2.2614157e+02      
5.4470107e+01 2.2576766e+02      
5.5611064e+01 2.2540917e+02      
5.6897066e+01 2.2507166e+02      
5.8381619e+01 2.2475355e+02      
6.0110156e+01 2.2444692e+02      
6.2119292e+01 2.2413838e+02      
6.7425263e+01 2.2265679e+02      
6.8201642e+01 2.2212701e+02      
6.9348202e+01 2.2168673e+02      
7.0787135e+01 2.2133075e+02      
7.2417042e+01 2.2103645e+02      
7.4127868e+01 2.2076996e+02      
7.5834012e+01 2.2050562e+02      
7.7492980e+01 2.2023790e+02      
7.9075850e+01 2.1996159e+02      
8.0532269e+01 2.1964914e+02      
8.1795603e+01 2.1925520e+02      
8.2830516e+01 2.1875042e+02      
8.3671792e+01 2.1814828e+02      
8.4402535e+01 2.1748709e+02      
8.5114749e+01 2.1680159e+02      
8.5892012e+01 2.1611329e+02      
8.6806752e+01 2.1543150e+02      
8.7920674e+01 2.1475609e+02      
8.9284398e+01 2.1407947e+02      
9.0936794e+01 2.1338782e+02      
9.5431160e+01 2.1046122e+02      
9.6554747e+01 2.1008399e+02      
9.8093664e+01 2.0980955e+02      
9.9958899e+01 2.0963226e+02      
1.0201272e+02 2.0951466e+02      
1.0407636e+02 2.0938415e+02      
1.0601717e+02 2.0918617e+02      
1.0784191e+02 2.0894963e+02      
1.0957515e+02 2.0870388e+02      
1.1115114e+02 2.0840933e+02      
1.1241529e+02 2.0795855e+02      
1.1325561e+02 2.0726826e+02      
1.1375521e+02 2.0639100e+02      
1.1407495e+02 2.0541976e+02      
1.1434845e+02 2.0441242e+02      
1.1467766e+02 2.0339645e+02      
1.1514506e+02 2.0238159e+02      
1.1582012e+02 2.0136729e+02      
1.1675876e+02 2.0034532e+02      
1.1800131e+02 1.9930059e+02      
1.2146088e+02 1.9485307e+02      
1.2296240e+02 1.9461722e+02      
1.2495611e+02 1.9451676e+02      
1.2735543e+02 1.9455664e+02      
1.2999005e+02 1.9469588e+02      
1.3254234e+02 1.9478391e+02      
1.3463946e+02 1.9459756e+02      
1.3656164e+02 1.9435796e+02      
1.3848326e+02 1.9418586e+02      
1.4032576e+02 1.9403220e+02      
1.4173442e+02 1.9365478e+02      
1.4223810e+02 1.9270014e+02      
1.4221480e+02 1.9146055e+02      
1.4198654e+02 1.9013932e+02      
1.4171770e+02 1.8880095e+02      
1.4151254e+02 1.8746480e+02      
1.4145561e+02 1.8613377e+02      
1.4162490e+02 1.8480492e+02      
1.4208353e+02 1.8346895e+02      
1.4287200e+02 1.8210864e+02      
1.4504343e+02 1.7606044e+02      
1.4692880e+02 1.7593809e+02      
1.4942644e+02 1.7600472e+02      
1.5248817e+02 1.7629722e+02      
1.5592376e+02 1.7679251e+02      
1.5925706e+02 1.7729102e+02      
1.6122910e+02 1.7692341e+02      
1.6308916e+02 1.7660763e+02      
1.6524520e+02 1.7655924e+02      
1.6761545e+02 1.7672670e+02      
1.6957385e+02 1.7674377e+02      
1.6940839e+02 1.7528900e+02      
1.6861514e+02 1.7357330e+02      
1.6768646e+02 1.7186622e+02      
1.6678304e+02 1.7020347e+02      
1.6596438e+02 1.6856686e+02      
1.6530400e+02 1.6694321e+02      
1.6490039e+02 1.6532972e+02      
1.6483191e+02 1.6371832e+02      
1.6513542e+02 1.6208816e+02      
1.6573267e+02 1.5435415e+02      
1.6795522e+02 1.5428915e+02      
1.7095511e+02 1.5448116e+02      
1.7477177e+02 1.5501524e+02      
1.7911535e+02 1.5585031e+02      
1.8259982e+02 1.5627228e+02      
1.8498622e+02 1.5615586e+02      
1.8664798e+02 1.5575529e+02      
1.8906960e+02 1.5586916e+02      
1.9215546e+02 1.5642670e+02      
1.9398524e+02 1.5625529e+02      
1.9402483e+02 1.5502032e+02      
1.9240460e+02 1.5288748e+02      
1.9070319e+02 1.5083089e+02      
1.8913464e+02 1.4889367e+02      
1.8764370e+02 1.4699649e+02      
1.8628097e+02 1.4510470e+02      
1.8522954e+02 1.4323898e+02      
1.8460130e+02 1.4139950e+02      
1.8441076e+02 1.3955546e+02      
1.8313328e+02 1.3005339e+02      
1.8555740e+02 1.2995006e+02      
1.8888413e+02 1.3014823e+02      
1.9336440e+02 1.3080072e+02      
1.9774108e+02 1.3142086e+02      
2.0130103e+02 1.3175809e+02      
2.0388201e+02 1.3177968e+02      
2.0595843e+02 1.3170263e+02      
2.0860635e+02 1.3196976e+02      
2.1147984e+02 1.3227924e+02      
2.1335942e+02 1.3206643e+02      
2.1375030e+02 1.3110856e+02      
2.1271043e+02 1.2945025e+02      
2.1049037e+02 1.2726302e+02      
2.0846082e+02 1.2520784e+02      
2.0626494e+02 1.2311278e+02      
2.0398164e+02 1.2094067e+02      
2.0219470e+02 1.1885465e+02      
2.0101425e+02 1.1685121e+02      
2.0035783e+02 1.1486342e+02      
1.9694824e+02 1.0353766e+02      
1.9937536e+02 1.0327643e+02      
2.0255500e+02 1.0325331e+02      
2.0654345e+02 1.0352363e+02      
2.1108148e+02 1.0398238e+02      
2.1467634e+02 1.0422754e+02      
2.1706026e+02 1.0424239e+02      
2.1867628e+02 1.0413443e+02      
2.2117638e+02 1.0432551e+02      
2.2452442e+02 1.0472566e+02      
2.2669337e+02 1.0461902e+02      
2.2733129e+02 1.0392200e+02      
2.2705175e+02 1.0280887e+02      
2.2607907e+02 1.0126772e+02      
2.2422489e+02 9.9408613e+01      
2.2132966e+02 9.7214254e+01      
2.1779223e+02 9.4716750e+01      
2.1535361e+02 9.2509562e+01      
2.1373380e+02 9.0444269e+01      
2.1269296e+02 8.8400353e+01      
2.0701136e+02 7.5249789e+01      
2.0929911e+02 7.4733296e+01      
2.1214104e+02 7.4390972e+01      
2.1549742e+02 7.4267088e+01      
2.1919446e+02 7.4329444e+01      
2.2274747e+02 7.4446780e+01      
2.2467449e+02 7.4406142e+01      
2.2651643e+02 7.4408131e+01      
2.2876371e+02 7.4545072e+01      
2.3140256e+02 7.4745131e+01      
2.3386121e+02 7.4761537e+01      
2.3420284e+02 7.4173695e+01      
2.3448182e+02 7.3378996e+01      
2.3497917e+02 7.2442230e+01      
2.3370131e+02 7.0922481e+01      
2.3019023e+02 6.8803215e+01      
2.2688475e+02 6.6642687e+01      
2.2435322e+02 6.4586069e+01      
2.2251557e+02 6.2593977e+01      
2.2121361e+02 6.0591308e+01      
2.1326287e+02 4.5676955e+01      
2.1535678e+02 4.4831142e+01      
2.1784683e+02 4.4123797e+01      
2.2063747e+02 4.3624957e+01      
2.2355294e+02 4.3355828e+01      
2.2626243e+02 4.3264110e+01      
2.2837302e+02 4.3257632e+01      
2.3027711e+02 4.3336183e+01      
2.3223367e+02 4.3480747e+01      
2.3421605e+02 4.3612227e+01      
2.3588223e+02 4.3586531e+01      
2.3673578e+02 4.3255778e+01      
2.3728851e+02 4.2690147e+01      
2.3777539e+02 4.1907701e+01      
2.3757462e+02 4.0788851e+01      
2.3445990e+02 3.9126650e+01      
2.3149640e+02 3.7362631e+01      
2.2912470e+02 3.5580030e+01      
2.2725876e+02 3.3768947e+01      
2.2581778e+02 3.1895955e+01      
2.1570644e+02 1.5331407e+01      
2.1760910e+02 1.4080774e+01      
2.1979904e+02 1.2943478e+01      
2.2215213e+02 1.2051845e+01      
2.2449777e+02 1.1504769e+01      
2.2666290e+02 1.1296237e+01      
2.2857032e+02 1.1329970e+01      
2.3030962e+02 1.1503800e+01      
2.3196968e+02 1.1732670e+01      
2.3351568e+02 1.1928873e+01      
2.3479528e+02 1.1996752e+01      
2.3568867e+02 1.1863339e+01      
2.3627581e+02 1.1507410e+01      
2.3670224e+02 1.0915212e+01      
2.3678907e+02 1.0044693e+01      
2.3431885e+02 8.8659429e+00      
2.3186909e+02 7.5051109e+00      
2.2977255e+02 6.0363939e+00      
2.2799182e+02 4.4719257e+00      
2.2650260e+02 2.7978337e+00      
2.1438347e+02 -1.5252216e+01      
2.1612797e+02 -1.7000224e+01      
2.1810846e+02 -1.8690482e+01      
2.2016506e+02 -2.0075866e+01      
2.2208835e+02 -2.0884101e+01      
2.2378616e+02 -2.1088653e+01      
2.2531806e+02 -2.0912799e+01      
2.2676093e+02 -2.0566133e+01      
2.2813364e+02 -2.0170403e+01      
2.2939008e+02 -1.9812503e+01      
2.3044327e+02 -1.9568074e+01      
2.3122173e+02 -1.9495103e+01      
2.3170438e+02 -1.9626871e+01      
2.3186814e+02 -1.9981171e+01      
2.3145914e+02 -2.0568712e+01      
2.3003689e+02 -2.1379088e+01      
2.2824476e+02 -2.2371604e+01      
2.2647612e+02 -2.3511113e+01      
2.2483268e+02 -2.4787963e+01      
2.2334828e+02 -2.6210933e+01      
2.0936047e+02 -4.5506100e+01      
2.1098260e+02 -4.7850068e+01      
2.1288093e+02 -5.0316136e+01      
2.1486124e+02 -5.2517373e+01      
2.1643043e+02 -5.3601409e+01      
2.1753812e+02 -5.3504323e+01      
2.1858553e+02 -5.2979177e+01      
2.1968958e+02 -5.2355911e+01      
2.2080279e+02 -5.1716202e+01      
2.2184732e+02 -5.1124897e+01      
2.2273785e+02 -5.0648003e+01      
2.2339952e+02 -5.0338962e+01      
2.2377191e+02 -5.0228783e+01      
2.2378235e+02 -5.0326602e+01      
2.2331388e+02 -5.0625360e+01      
2.2231601e+02 -5.1107438e+01      
2.2096348e+02 -5.1753301e+01      
2.1946940e+02 -5.2553368e+01      
2.1796013e+02 -5.3512034e+01      
2.1649975e+02 -5.4642738e+01      
2.0072874e+02 -7.4822331e+01      
2.0221521e+02 -7.7793718e+01      
2.0409553e+02 -8.1229107e+01      
2.0636080e+02 -8.4930350e+01      
2.0760287e+02 -8.6339852e+01      
2.0780342e+02 -8.5325951e+01      
2.0833086e+02 -8.4286581e+01      
2.0913577e+02 -8.3335794e+01      
2.1005198e+02 -8.2397711e+01      
2.1095677e+02 -8.1513499e+01      
2.1174658e+02 -8.0756580e+01      
2.1233647e+02 -8.0185736e+01      
2.1265616e+02 -7.9827375e+01      
2.1264050e+02 -7.9675016e+01      
2.1223408e+02 -7.9699127e+01      
2.1143303e+02 -7.9867316e+01      
2.1031634e+02 -8.0166510e+01      
2.0900209e+02 -8.0608984e+01      
2.0759127e+02 -8.1219874e+01      
2.0615105e+02 -8.2023378e+01      
1.8863066e+02 -1.0258597e+02      
1.8988687e+02 -1.0607070e+02      
1.9150797e+02 -1.1022170e+02      
1.9344754e+02 -1.1480749e+02      
1.9435670e+02 -1.1663217e+02      
1.9426291e+02 -1.1546591e+02      
1.9453154e+02 -1.1421662e+02      
1.9517289e+02 -1.1300463e+02      
1.9599814e+02 -1.1172868e+02      
1.9685267e+02 -1.1048453e+02      
1.9761337e+02 -1.0939842e+02      
1.9819021e+02 -1.0854856e+02      
1.9851671e+02 -1.0795567e+02      
1.9853859e+02 -1.0758853e+02      
1.9821351e+02 -1.0737433e+02      
1.9753215e+02 -1.0724011e+02      
1.9654051e+02 -1.0717289e+02      
1.9532430e+02 -1.0722313e+02      
1.9396850e+02 -1.0745182e+02      
1.9253459e+02 -1.0789744e+02      
1.7330045e+02 -1.2824806e+02      
1.7421679e+02 -1.3204208e+02      
1.7533975e+02 -1.3649491e+02      
1.7660539e+02 -1.4142125e+02      
1.7713908e+02 -1.4385058e+02      
1.7704512e+02 -1.4335023e+02      
1.7730017e+02 -1.4237239e+02      
1.7794851e+02 -1.4098480e+02      
1.7882523e+02 -1.3926536e+02      
1.7973925e+02 -1.3754308e+02      
1.8054673e+02 -1.3606731e+02      
1.8116549e+02 -1.3493231e+02      
1.8154725e+02 -1.3414599e+02      
1.8165251e+02 -1.3364920e+02      
1.8142874e+02 -1.3328625e+02      
1.8082873e+02 -1.3286527e+02      
1.7988383e+02 -1.3237012e+02      
1.7869653e+02 -1.3196113e+02      
1.7735631e+02 -1.3176701e+02      
1.7591511e+02 -1.3183158e+02      
1.5507239e+02 -1.5137199e+02      
1.5559834e+02 -1.5529903e+02      
1.5611980e+02 -1.5971889e+02      
1.5649481e+02 -1.6428316e+02      
1.5653312e+02 -1.6775382e+02      
1.5652128e+02 -1.6909448e+02      
1.5686758e+02 -1.6877229e+02      
1.5767757e+02 -1.6712413e+02      
1.5880295e+02 -1.6457602e+02      
1.5990451e+02 -1.6215597e+02      
1.6082238e+02 -1.6023520e+02      
1.6151761e+02 -1.5882805e+02      
1.6198378e+02 -1.5791186e+02      
1.6222280e+02 -1.5744894e+02      
1.6217151e+02 -1.5719205e+02      
1.6162972e+02 -1.5650706e+02      
1.6062181e+02 -1.5537486e+02      
1.5939245e+02 -1.5438536e+02      
1.5804044e+02 -1.5373804e+02      
1.5658712e+02 -1.5341842e+02      
1.3434865e+02 -1.7161537e+02      
1.3451688e+02 -1.7558144e+02      
1.3452835e+02 -1.8003841e+02      
1.3421485e+02 -1.8502580e+02      
1.3351520e+02 -1.9029987e+02      
1.3326322e+02 -1.9295331e+02      
1.3364116e+02 -1.9313531e+02      
1.3470667e+02 -1.9105848e+02      
1.3636074e+02 -1.8691723e+02      
1.3774137e+02 -1.8367932e+02      
1.3878455e+02 -1.8135840e+02      
1.3954934e+02 -1.7972646e+02      
1.4008509e+02 -1.7871562e+02      
1.4046558e+02 -1.7840451e+02      
1.4073220e+02 -1.7876397e+02      
1.4023229e+02 -1.7784463e+02      
1.3898746e+02 -1.7563133e+02      
1.3768778e+02 -1.7401311e+02      
1.3632898e+02 -1.7295425e+02      
1.3487476e+02 -1.7228691e+02      
1.1155514e+02 -1.8868971e+02      
1.1145498e+02 -1.9259685e+02      
1.1112345e+02 -1.9701521e+02      
1.1036469e+02 -2.0217625e+02      
1.0911941e+02 -2.0798109e+02      
1.0861500e+02 -2.1114537e+02      
1.0895761e+02 -2.1160539e+02      
1.1017162e+02 -2.0946677e+02      
1.1218117e+02 -2.0495719e+02      
1.1373383e+02 -2.0143920e+02      
1.1483094e+02 -1.9895243e+02      
1.1560840e+02 -1.9718750e+02      
1.1614435e+02 -1.9604214e+02      
1.1651316e+02 -1.9558619e+02      
1.1672669e+02 -1.9579749e+02      
1.1625712e+02 -1.9468431e+02      
1.1512231e+02 -1.9223294e+02      
1.1388288e+02 -1.9037379e+02      
1.1256329e+02 -1.8906098e+02      
1.1113459e+02 -1.8812353e+02      
8.7110940e+01 -2.0236700e+02      
8.6850462e+01 -2.0608005e+02      
8.6366945e+01 -2.1020127e+02      
8.5494967e+01 -2.1490292e+02      
8.4148915e+01 -2.2011771e+02      
8.3600639e+01 -2.2307257e+02      
8.3878204e+01 -2.2367480e+02      
8.4990242e+01 -2.2197694e+02      
8.6917458e+01 -2.1815570e+02      
8.8361618e+01 -2.1505012e+02      
8.9374160e+01 -2.1271510e+02      
9.0081921e+01 -2.1094039e+02      
9.0543678e+01 -2.0963143e+02      
9.0785675e+01 -2.0872609e+02      
9.0760498e+01 -2.0796697e+02      
9.0312285e+01 -2.0670379e+02      
8.9454125e+01 -2.0492006e+02      
8.8368242e+01 -2.0322411e+02      
8.7131659e+01 -2.0182021e+02      
8.5756816e+01 -2.0069449e+02      
