2.4016227e+01 2.3353426e+02      
2.3462033e+01 2.3138119e+02      
2.3484588e+01 2.2922341e+02      
2.4093785e+01 2.2711201e+02      
2.5297817e+01 2.2510301e+02      
2.7103317e+01 2.2325907e+02      
2.9514035e+01 2.2165165e+02      
3.2523081e+01 2.2036232e+02      
3.6080059e+01 2.1947860e+02      
4.0003954e+01 2.1907558e+02      
4.3814818e+01 2.1915272e+02      
4.6441647e+01 2.1941626e+02      
4.5149118e+01 2.1831925e+02      
4.2762030e+01 2.1742079e+02      
4.0401166e+01 2.1702251e+02      
3.8556023e+01 2.1714205e+02      
3.7397239e+01 2.1772612e+02      
3.6961959e+01 2.1870461e+02      
3.7248422e+01 2.2000299e+02      
3.8249876e+01 2.2154492e+02      
5.2745840e+01 2.2431587e+02      
5.2336259e+01 2.2209410e+02      
5.2524796e+01 2.1982507e+02      
5.3329839e+01 2.1756049e+02      
5.4772345e+01 2.1535829e+02      
5.6879602e+01 2.1328593e+02      
5.9692169e+01 2.1142618e+02      
6.3277672e+01 2.0988687e+02      
6.7743620e+01 2.0881367e+02      
7.3041195e+01 2.0836104e+02      
7.8399288e+01 2.0853200e+02      
8.0684432e+01 2.0822711e+02      
7.9317339e+01 2.0718710e+02      
7.5045086e+01 2.0568556e+02      
7.1058633e+01 2.0481964e+02      
6.8102266e+01 2.0461481e+02      
6.6181221e+01 2.0495781e+02      
6.5155481e+01 2.0573534e+02      
6.4941156e+01 2.0685282e+02      
6.5494430e+01 2.0822208e+02      
8.0063765e+01 2.1164989e+02      
7.9787454e+01 2.0934746e+02      
8.0121019e+01 2.0695170e+02      
8.1088877e+01 2.0451245e+02      
8.2720909e+01 2.0208549e+02      
8.5058346e+01 1.9973645e+02      
8.8164976e+01 1.9754870e+02      
9.2156630e+01 1.9563938e+02      
9.7322011e+01 1.9420094e+02      
1.0399621e+02 1.9347231e+02      
1.0919364e+02 1.9284467e+02      
1.1116194e+02 1.9206783e+02      
1.0950406e+02 1.9104139e+02      
1.0498084e+02 1.8982030e+02      
9.9380274e+01 1.8869530e+02      
9.5544367e+01 1.8831508e+02      
9.3038303e+01 1.8852246e+02      
9.1517179e+01 1.8917879e+02      
9.0845818e+01 1.9018485e+02      
9.0964068e+01 1.9144670e+02      
1.0553141e+02 1.9578066e+02      
1.0537062e+02 1.9338844e+02      
1.0582017e+02 1.9085440e+02      
1.0690667e+02 1.8822396e+02      
1.0866296e+02 1.8554630e+02      
1.1113384e+02 1.8287695e+02      
1.1438274e+02 1.8028412e+02      
1.1849659e+02 1.7786163e+02      
1.2357404e+02 1.7574318e+02      
1.2948997e+02 1.7403876e+02      
1.3518310e+02 1.7270407e+02      
1.3688442e+02 1.7158149e+02      
1.3446961e+02 1.7058072e+02      
1.2907238e+02 1.6955394e+02      
1.2409612e+02 1.6878127e+02      
1.2024536e+02 1.6847796e+02      
1.1747019e+02 1.6866631e+02      
1.1559708e+02 1.6928618e+02      
1.1453286e+02 1.7025802e+02      
1.1424029e+02 1.7148726e+02      
1.2874808e+02 1.7700396e+02      
1.2868132e+02 1.7451726e+02      
1.2921386e+02 1.7183978e+02      
1.3037011e+02 1.6901101e+02      
1.3217938e+02 1.6607050e+02      
1.3468235e+02 1.6305709e+02      
1.3793550e+02 1.6000999e+02      
1.4199471e+02 1.5697752e+02      
1.4683492e+02 1.5403857e+02      
1.5214415e+02 1.5132934e+02      
1.5688344e+02 1.4906932e+02      
1.5795624e+02 1.4771693e+02      
1.5435764e+02 1.4689214e+02      
1.4980250e+02 1.4618954e+02      
1.4554559e+02 1.4567238e+02      
1.4198234e+02 1.4548433e+02      
1.3916287e+02 1.4571325e+02      
1.3705388e+02 1.4636640e+02      
1.3564487e+02 1.4738435e+02      
1.3495744e+02 1.4866521e+02      
1.4935717e+02 1.5566100e+02      
1.4936215e+02 1.5308048e+02      
1.4994563e+02 1.5026229e+02      
1.5112525e+02 1.4724027e+02      
1.5291955e+02 1.4404465e+02      
1.5535737e+02 1.4069673e+02      
1.5849546e+02 1.3719958e+02      
1.6243226e+02 1.3352896e+02      
1.6717513e+02 1.2970115e+02      
1.7222547e+02 1.2596263e+02      
1.7526636e+02 1.2315213e+02      
1.7522545e+02 1.2145209e+02      
1.7176388e+02 1.2079721e+02      
1.6769032e+02 1.2032909e+02      
1.6395957e+02 1.1992362e+02      
1.6072452e+02 1.1976290e+02      
1.5795592e+02 1.2002467e+02      
1.5565475e+02 1.2076403e+02      
1.5389404e+02 1.2191878e+02      
1.5279900e+02 1.2335075e+02      
1.6705044e+02 1.3213143e+02      
1.6710666e+02 1.2946312e+02      
1.6771480e+02 1.2651457e+02      
1.6888217e+02 1.2331601e+02      
1.7060737e+02 1.1989300e+02      
1.7288902e+02 1.1625808e+02      
1.7575838e+02 1.1239219e+02      
1.7938243e+02 1.0819210e+02      
1.8399795e+02 1.0350022e+02      
1.8782371e+02 9.9221316e+01      
1.8973604e+02 9.5939108e+01      
1.8917928e+02 9.3886223e+01      
1.8634758e+02 9.2934836e+01      
1.8243361e+02 9.2584099e+01      
1.7928179e+02 9.2022337e+01      
1.7647026e+02 9.1706734e+01      
1.7380139e+02 9.1943921e+01      
1.7127416e+02 9.2825505e+01      
1.6903415e+02 9.4252060e+01      
1.6747723e+02 9.5962754e+01      
1.8157026e+02 1.0682600e+02      
1.8166013e+02 1.0408061e+02      
1.8227597e+02 1.0101756e+02      
1.8341512e+02 9.7666251e+01      
1.8504982e+02 9.4054627e+01      
1.8712174e+02 9.0202718e+01      
1.8955490e+02 8.6107720e+01      
1.9233820e+02 8.1723459e+01      
1.9548313e+02 7.7002463e+01      
1.9857171e+02 7.2102655e+01      
1.9980476e+02 6.8317286e+01      
1.9881532e+02 6.6000458e+01      
1.9598660e+02 6.4892796e+01      
1.9325473e+02 6.3722525e+01      
1.9126864e+02 6.2444442e+01      
1.8899827e+02 6.1714610e+01      
1.8647316e+02 6.1828036e+01      
1.8370340e+02 6.2920227e+01      
1.8072099e+02 6.4842509e+01      
1.7870176e+02 6.6977560e+01      
1.9271056e+02 8.0179314e+01      
1.9281745e+02 7.7371352e+01      
1.9343240e+02 7.4212620e+01      
1.9455185e+02 7.0732666e+01      
1.9612917e+02 6.6967059e+01      
1.9804612e+02 6.2957602e+01      
2.0004381e+02 5.8743084e+01      
2.0177604e+02 5.4346290e+01      
2.0340775e+02 4.9785547e+01      
2.0485233e+02 4.5155936e+01      
2.0555603e+02 4.0850868e+01      
2.0409073e+02 3.8349785e+01      
2.0197648e+02 3.6222388e+01      
1.9998386e+02 3.4096416e+01      
1.9851801e+02 3.1978627e+01      
1.9661195e+02 3.0607511e+01      
1.9430193e+02 3.0394091e+01      
1.9150801e+02 3.1780362e+01      
1.8841351e+02 3.4269591e+01      
1.8621993e+02 3.6928151e+01      
2.0031754e+02 5.2642633e+01      
2.0041964e+02 4.9790566e+01      
2.0102398e+02 4.6557109e+01      
2.0214755e+02 4.2968231e+01      
2.0375588e+02 3.9065110e+01      
2.0568985e+02 3.4919064e+01      
2.0752138e+02 3.0632158e+01      
2.0803105e+02 2.6280504e+01      
2.0820684e+02 2.1913919e+01      
2.0818337e+02 1.7581537e+01      
2.0769701e+02 1.3527869e+01      
2.0636727e+02 1.0132031e+01      
2.0460861e+02 7.0386595e+00      
2.0282363e+02 4.0229703e+00      
2.0115349e+02 1.1674417e+00      
1.9938681e+02 -1.0812801e+00      
1.9741377e+02 -2.0239701e+00      
1.9469990e+02 -2.5740402e-02      
1.9204933e+02 3.0738514e+00      
1.8995533e+02 6.3787003e+00      
2.0429291e+02 2.4676423e+01      
2.0435382e+02 2.1804377e+01      
2.0491504e+02 1.8523211e+01      
2.0605070e+02 1.4843586e+01      
2.0778019e+02 1.0798219e+01      
2.0984852e+02 6.4970274e+00      
2.1102648e+02 2.1507753e+00      
2.1098356e+02 -2.1449134e+00      
2.0984161e+02 -6.3080539e+00      
2.0860108e+02 -1.0446789e+01      
2.0728162e+02 -1.4520462e+01      
2.0574093e+02 -1.8448741e+01      
2.0401193e+02 -2.2298323e+01      
2.0223380e+02 -2.6193318e+01      
2.0049475e+02 -3.0084233e+01      
1.9879044e+02 -3.3422387e+01      
1.9676964e+02 -3.4263195e+01      
1.9441722e+02 -3.2337510e+01      
1.9198348e+02 -2.8242324e+01      
1.9000175e+02 -2.4047729e+01      
2.0460186e+02 -3.2585078e+00      
2.0456519e+02 -6.1188409e+00      
2.0499814e+02 -9.4051079e+00      
2.0603991e+02 -1.3129407e+01      
2.0785620e+02 -1.7313552e+01      
2.0940069e+02 -2.1691128e+01      
2.1004149e+02 -2.6057585e+01      
2.0951919e+02 -3.0289346e+01      
2.0793128e+02 -3.4356878e+01      
2.0574909e+02 -3.8349572e+01      
2.0387040e+02 -4.2530594e+01      
2.0206643e+02 -4.6821036e+01      
2.0023174e+02 -5.1223658e+01      
1.9839113e+02 -5.5871769e+01      
1.9658424e+02 -6.0888544e+01      
1.9465367e+02 -6.4308555e+01      
1.9257774e+02 -6.5028364e+01      
1.9043676e+02 -6.2933852e+01      
1.8835749e+02 -5.8678179e+01      
1.8649203e+02 -5.3508229e+01      
2.0128383e+02 -3.0711264e+01      
2.0108595e+02 -3.3522995e+01      
2.0127017e+02 -3.6756625e+01      
2.0190017e+02 -4.0412549e+01      
2.0297906e+02 -4.4492692e+01      
2.0423284e+02 -4.8944675e+01      
2.0450069e+02 -5.3314055e+01      
2.0350742e+02 -5.7424067e+01      
2.0141375e+02 -6.1321136e+01      
1.9925616e+02 -6.5431984e+01      
1.9721703e+02 -6.9784568e+01      
1.9524983e+02 -7.4357225e+01      
1.9330011e+02 -7.9140887e+01      
1.9136096e+02 -8.4115126e+01      
1.8941208e+02 -8.9060261e+01      
1.8733586e+02 -9.3074353e+01      
1.8515753e+02 -9.3597956e+01      
1.8312164e+02 -9.0883745e+01      
1.8127116e+02 -8.5939935e+01      
1.7958126e+02 -8.1031741e+01      
1.9445658e+02 -5.7250206e+01      
1.9405306e+02 -5.9978506e+01      
1.9391940e+02 -6.3108625e+01      
1.9405402e+02 -6.6624622e+01      
1.9440027e+02 -7.0505082e+01      
1.9477893e+02 -7.4701334e+01      
1.9477637e+02 -7.9058312e+01      
1.9335497e+02 -8.2979268e+01      
1.9146511e+02 -8.6993572e+01      
1.8943691e+02 -9.1227832e+01      
1.8738717e+02 -9.5722843e+01      
1.8534158e+02 -1.0050844e+02      
1.8330552e+02 -1.0560142e+02      
1.8129398e+02 -1.1091948e+02      
1.7932134e+02 -1.1607926e+02      
1.7733258e+02 -1.2002182e+02      
1.7491092e+02 -1.1987169e+02      
1.7294254e+02 -1.1603101e+02      
1.7114071e+02 -1.1125547e+02      
1.6951743e+02 -1.0655982e+02      
1.8430642e+02 -8.2468779e+01      
1.8368390e+02 -8.5086131e+01      
1.8322995e+02 -8.8078379e+01      
1.8291522e+02 -9.1418609e+01      
1.8266366e+02 -9.5069213e+01      
1.8232888e+02 -9.8969947e+01      
1.8164734e+02 -1.0299606e+02      
1.8031854e+02 -1.0698093e+02      
1.7857935e+02 -1.1105455e+02      
1.7663586e+02 -1.1532377e+02      
1.7459125e+02 -1.1985965e+02      
1.7249943e+02 -1.2475183e+02      
1.7039341e+02 -1.3012821e+02      
1.6831366e+02 -1.3599011e+02      
1.6631394e+02 -1.4172161e+02      
1.6419756e+02 -1.4468027e+02      
1.6199942e+02 -1.4396269e+02      
1.5993651e+02 -1.3961573e+02      
1.5813485e+02 -1.3461080e+02      
1.5653232e+02 -1.2991467e+02      
1.7107220e+02 -1.0598867e+02      
1.7024170e+02 -1.0847542e+02      
1.6950040e+02 -1.1130849e+02      
1.6881277e+02 -1.1445580e+02      
1.6811100e+02 -1.1787574e+02      
1.6728862e+02 -1.2151210e+02      
1.6621037e+02 -1.2529333e+02      
1.6478799e+02 -1.2916981e+02      
1.6306526e+02 -1.3316439e+02      
1.6113776e+02 -1.3733569e+02      
1.5908185e+02 -1.4175644e+02      
1.5694829e+02 -1.4654364e+02      
1.5477083e+02 -1.5196414e+02      
1.5257203e+02 -1.5834070e+02      
1.5032976e+02 -1.6341116e+02      
1.4812581e+02 -1.6576355e+02      
1.4605503e+02 -1.6480287e+02      
1.4417009e+02 -1.6086331e+02      
1.4244894e+02 -1.5536926e+02      
1.4086758e+02 -1.5069036e+02      
1.5503229e+02 -1.2746263e+02      
1.5401825e+02 -1.2980527e+02      
1.5303508e+02 -1.3246583e+02      
1.5205170e+02 -1.3541110e+02      
1.5101755e+02 -1.3860155e+02      
1.4986526e+02 -1.4199165e+02      
1.4852570e+02 -1.4553579e+02      
1.4695901e+02 -1.4920420e+02      
1.4517560e+02 -1.5299626e+02      
1.4321845e+02 -1.5693616e+02      
1.4113470e+02 -1.6106736e+02      
1.3896161e+02 -1.6546099e+02      
1.3672049e+02 -1.7022725e+02      
1.3439965e+02 -1.7536214e+02      
1.3196006e+02 -1.8028544e+02      
1.2967599e+02 -1.8242139e+02      
1.2771849e+02 -1.8117900e+02      
1.2603758e+02 -1.7707304e+02      
1.2438028e+02 -1.7264252e+02      
1.2280771e+02 -1.6851563e+02      
1.3649698e+02 -1.4657802e+02      
1.3532888e+02 -1.4876725e+02      
1.3414982e+02 -1.5124616e+02      
1.3293687e+02 -1.5398226e+02      
1.3165609e+02 -1.5693904e+02      
1.3026690e+02 -1.6007772e+02      
1.2873204e+02 -1.6336166e+02      
1.2703085e+02 -1.6676301e+02      
1.2516670e+02 -1.7026721e+02      
1.2316174e+02 -1.7387170e+02      
1.2104531e+02 -1.7758075e+02      
1.1884419e+02 -1.8139638e+02      
1.1657593e+02 -1.8529048e+02      
1.1424307e+02 -1.8913242e+02      
1.1184425e+02 -1.9254507e+02      
1.0946217e+02 -1.9464246e+02      
1.0764955e+02 -1.9306274e+02      
1.0592721e+02 -1.9013967e+02      
1.0425477e+02 -1.8674875e+02      
1.0266895e+02 -1.8329292e+02      
1.1580390e+02 -1.6306079e+02      
1.1451129e+02 -1.6509018e+02      
1.1317786e+02 -1.6738076e+02      
1.1178903e+02 -1.6990111e+02      
1.1032401e+02 -1.7261691e+02      
1.0875953e+02 -1.7549243e+02      
1.0707571e+02 -1.7849301e+02      
1.0526242e+02 -1.8158772e+02      
1.0332263e+02 -1.8475037e+02      
1.0127067e+02 -1.8795713e+02      
9.9127254e+01 -1.9117987e+02      
9.6914304e+01 -1.9437279e+02      
9.4651883e+01 -1.9744651e+02      
9.2359414e+01 -2.0022508e+02      
9.0067128e+01 -2.0239436e+02      
8.7867704e+01 -2.0338784e+02      
8.5914204e+01 -2.0256450e+02      
8.4105962e+01 -2.0055890e+02      
8.2394003e+01 -1.9794127e+02      
8.0785277e+01 -1.9504571e+02      
9.3314494e+01 -1.7667952e+02      
9.1924699e+01 -1.7854484e+02      
9.0472724e+01 -1.8064235e+02      
8.8951254e+01 -1.8294161e+02      
8.7349394e+01 -1.8540959e+02      
8.5655331e+01 -1.8801162e+02      
8.3859867e+01 -1.9071253e+02      
8.1959804e+01 -1.9347746e+02      
7.9959753e+01 -1.9627131e+02      
7.7871660e+01 -1.9905574e+02      
7.5712681e+01 -2.0178285e+02      
7.3502877e+01 -2.0438438e+02      
7.1264284e+01 -2.0675533e+02      
6.9022999e+01 -2.0873406e+02      
6.6815980e+01 -2.1008797e+02      
6.4698237e+01 -2.1053469e+02      
6.2716123e+01 -2.0991603e+02      
6.0865469e+01 -2.0839497e+02      
5.9129984e+01 -2.0626391e+02      
5.7507175e+01 -2.0377354e+02      
