2.7658839e+01 2.2345969e+02      
2.8841282e+01 2.2160711e+02      
3.0373030e+01 2.2005554e+02      
3.2031564e+01 2.1889676e+02      
3.3537841e+01 2.1826608e+02      
3.4662432e+01 2.1832821e+02      
3.5381496e+01 2.1918637e+02      
3.5893294e+01 2.2084101e+02      
3.6507696e+01 2.2323677e+02      
3.7459709e+01 2.2636705e+02      
3.8880831e+01 2.3034095e+02      
4.0730244e+01 2.3508933e+02      
4.2220440e+01 2.3841521e+02      
4.3250534e+01 2.4015281e+02      
4.3825664e+01 2.4023898e+02      
4.4061901e+01 2.3872259e+02      
4.4820017e+01 2.3775931e+02      
4.6197543e+01 2.3732993e+02      
4.8165997e+01 2.3721480e+02      
5.0701858e+01 2.3727412e+02      
5.7003852e+01 2.1302096e+02      
5.8801910e+01 2.1099467e+02      
6.1066378e+01 2.0922129e+02      
6.3497759e+01 2.0776490e+02      
6.5616253e+01 2.0678949e+02      
6.6853870e+01 2.0666683e+02      
6.7207232e+01 2.0757396e+02      
6.7055876e+01 2.0946775e+02      
6.7148843e+01 2.1212176e+02      
6.7810113e+01 2.1553416e+02      
6.9164272e+01 2.1990328e+02      
7.1139220e+01 2.2512634e+02      
7.2558772e+01 2.2871774e+02      
7.3294693e+01 2.3042518e+02      
7.3347010e+01 2.3018098e+02      
7.2847446e+01 2.2811732e+02      
7.3019264e+01 2.2669284e+02      
7.3947958e+01 2.2593646e+02      
7.5543275e+01 2.2555920e+02      
7.7749169e+01 2.2537848e+02      
8.4820974e+01 1.9903190e+02      
8.7342011e+01 1.9679594e+02      
9.0601343e+01 1.9477300e+02      
9.4208036e+01 1.9294939e+02      
9.7258113e+01 1.9131527e+02      
9.8450113e+01 1.9088445e+02      
9.8172030e+01 1.9182396e+02      
9.6760499e+01 1.9410269e+02      
9.6148006e+01 1.9692451e+02      
9.6406315e+01 2.0037524e+02      
9.7526270e+01 2.0469441e+02      
9.9404481e+01 2.0977230e+02      
1.0060743e+02 2.1328858e+02      
1.0101918e+02 2.1497668e+02      
1.0064282e+02 2.1476953e+02      
9.9595547e+01 2.1281519e+02      
9.9320408e+01 2.1141226e+02      
9.9871093e+01 2.1061313e+02      
1.0112112e+02 2.1015388e+02      
1.0299997e+02 2.0985963e+02      
1.1048880e+02 1.8175304e+02      
1.1373507e+02 1.7927033e+02      
1.1815720e+02 1.7699399e+02      
1.2349320e+02 1.7497903e+02      
1.2617960e+02 1.7286851e+02      
1.2670794e+02 1.7218617e+02      
1.2579088e+02 1.7301350e+02      
1.2386989e+02 1.7527460e+02      
1.2280366e+02 1.7798663e+02      
1.2264981e+02 1.8120489e+02      
1.2334127e+02 1.8508013e+02      
1.2477209e+02 1.8950693e+02      
1.2554961e+02 1.9266451e+02      
1.2561431e+02 1.9434338e+02      
1.2498539e+02 1.9448237e+02      
1.2373967e+02 1.9317744e+02      
1.2324839e+02 1.9221596e+02      
1.2352786e+02 1.9163871e+02      
1.2447831e+02 1.9127284e+02      
1.2604521e+02 1.9099183e+02      
1.3339791e+02 1.6150034e+02      
1.3719134e+02 1.5871706e+02      
1.4240838e+02 1.5607959e+02      
1.4867562e+02 1.5371597e+02      
1.5178345e+02 1.5183664e+02      
1.5126248e+02 1.5108922e+02      
1.4969149e+02 1.5168230e+02      
1.4789410e+02 1.5337205e+02      
1.4664286e+02 1.5571600e+02      
1.4614484e+02 1.5852941e+02      
1.4628434e+02 1.6171827e+02      
1.4672553e+02 1.6497070e+02      
1.4688350e+02 1.6759380e+02      
1.4657132e+02 1.6927058e+02      
1.4585160e+02 1.6995324e+02      
1.4497852e+02 1.6986591e+02      
1.4448337e+02 1.6961913e+02      
1.4457001e+02 1.6943313e+02      
1.4525670e+02 1.6929034e+02      
1.4652678e+02 1.6912794e+02      
1.5303395e+02 1.3865074e+02      
1.5708884e+02 1.3551937e+02      
1.6263544e+02 1.3242571e+02      
1.6930468e+02 1.2951734e+02      
1.7298867e+02 1.2745062e+02      
1.7334428e+02 1.2657415e+02      
1.7107527e+02 1.2705441e+02      
1.6887678e+02 1.2848443e+02      
1.6737874e+02 1.3052490e+02      
1.6667420e+02 1.3295312e+02      
1.6651416e+02 1.3560010e+02      
1.6644733e+02 1.3820971e+02      
1.6606330e+02 1.4045742e+02      
1.6530493e+02 1.4214923e+02      
1.6434481e+02 1.4325430e+02      
1.6343412e+02 1.4388837e+02      
1.6283888e+02 1.4425900e+02      
1.6272651e+02 1.4450352e+02      
1.6315780e+02 1.4465310e+02      
1.6413906e+02 1.4468365e+02      
1.6902794e+02 1.1363645e+02      
1.7304160e+02 1.1014158e+02      
1.7845871e+02 1.0658861e+02      
1.8496401e+02 1.0311070e+02      
1.8886951e+02 1.0069998e+02      
1.9004696e+02 9.9522146e+01      
1.8897652e+02 9.9632531e+01      
1.8635894e+02 1.0100420e+02      
1.8463181e+02 1.0289421e+02      
1.8399269e+02 1.0504147e+02      
1.8401389e+02 1.0735346e+02      
1.8394804e+02 1.0966405e+02      
1.8302420e+02 1.1168288e+02      
1.8164011e+02 1.1339334e+02      
1.8020278e+02 1.1478772e+02      
1.7897035e+02 1.1588052e+02      
1.7812282e+02 1.1672757e+02      
1.7776282e+02 1.1737824e+02      
1.7793019e+02 1.1784705e+02      
1.7862651e+02 1.1811797e+02      
1.8115599e+02 8.6926972e+01      
1.8488649e+02 8.3070298e+01      
1.8975949e+02 7.9137633e+01      
1.9518637e+02 7.5438001e+01      
1.9865503e+02 7.2845010e+01      
2.0027169e+02 7.1347068e+01      
2.0035345e+02 7.0959445e+01      
1.9928780e+02 7.1694920e+01      
1.9773204e+02 7.3443382e+01      
1.9772468e+02 7.5287255e+01      
1.9858617e+02 7.7357243e+01      
1.9923589e+02 7.9619772e+01      
1.9745160e+02 8.1422600e+01      
1.9514680e+02 8.3171669e+01      
1.9299798e+02 8.4817722e+01      
1.9128273e+02 8.6285580e+01      
1.9009682e+02 8.7541727e+01      
1.8945974e+02 8.8575456e+01      
1.8936200e+02 8.9374478e+01      
1.8978233e+02 8.9916658e+01      
1.8930129e+02 5.9018577e+01      
1.9252942e+02 5.4838963e+01      
1.9681304e+02 5.0497196e+01      
1.9973966e+02 4.7394443e+01      
2.0228497e+02 4.4843187e+01      
2.0403184e+02 4.3063946e+01      
2.0496822e+02 4.2149877e+01      
2.0538802e+02 4.2105061e+01      
2.0591517e+02 4.2830838e+01      
2.0743323e+02 4.4066056e+01      
2.0964987e+02 4.5816109e+01      
2.1025736e+02 4.7816024e+01      
2.0868903e+02 4.9816867e+01      
2.0531988e+02 5.1738585e+01      
2.0228988e+02 5.3695355e+01      
2.0003435e+02 5.5542651e+01      
1.9851750e+02 5.7194417e+01      
1.9762501e+02 5.8606057e+01      
1.9728554e+02 5.9745177e+01      
1.9745154e+02 6.0581317e+01      
1.9348416e+02 3.0389117e+01      
1.9579201e+02 2.6059994e+01      
1.9848583e+02 2.1872130e+01      
2.0084255e+02 1.8386903e+01      
2.0295044e+02 1.5620259e+01      
2.0475010e+02 1.3539651e+01      
2.0623043e+02 1.2112732e+01      
2.0762887e+02 1.1315248e+01      
2.0950522e+02 1.1140902e+01      
2.1254237e+02 1.1620510e+01      
2.1499625e+02 1.2860400e+01      
2.1576295e+02 1.4737410e+01      
2.1442817e+02 1.7008753e+01      
2.1130778e+02 1.9442981e+01      
2.0749364e+02 2.1851808e+01      
2.0489635e+02 2.4123172e+01      
2.0318856e+02 2.6184983e+01      
2.0212132e+02 2.7983064e+01      
2.0159055e+02 2.9474315e+01      
2.0153739e+02 3.0622570e+01      
1.9392830e+02 1.4519917e+00      
1.9537194e+02 -3.1499152e+00      
1.9707757e+02 -7.6431853e+00      
1.9887990e+02 -1.1583719e+01      
2.0075453e+02 -1.4542690e+01      
2.0259598e+02 -1.6848118e+01      
2.0436770e+02 -1.8740682e+01      
2.0620155e+02 -2.0274196e+01      
2.0839706e+02 -2.1356483e+01      
2.1118926e+02 -2.1670221e+01      
2.1422717e+02 -2.0779303e+01      
2.1538531e+02 -1.8829439e+01      
2.1417621e+02 -1.6143308e+01      
2.1100076e+02 -1.3106242e+01      
2.0802160e+02 -1.0194190e+01      
2.0570324e+02 -7.4656771e+00      
2.0402978e+02 -4.9731034e+00      
2.0289690e+02 -2.7747187e+00      
2.0223784e+02 -9.1928295e-01      
2.0200765e+02 5.5470436e-01      
1.9088131e+02 -2.7320262e+01      
1.9158877e+02 -3.2391065e+01      
1.9252018e+02 -3.7532822e+01      
1.9372990e+02 -4.2223287e+01      
1.9544521e+02 -4.5040982e+01      
1.9734091e+02 -4.7359600e+01      
1.9924698e+02 -4.9632184e+01      
2.0116886e+02 -5.1967016e+01      
2.0325027e+02 -5.4171612e+01      
2.0561147e+02 -5.5596494e+01      
2.0794243e+02 -5.4316123e+01      
2.0962179e+02 -5.2047750e+01      
2.0852023e+02 -4.8737399e+01      
2.0656194e+02 -4.5283771e+01      
2.0448219e+02 -4.1904717e+01      
2.0262280e+02 -3.8701122e+01      
2.0111701e+02 -3.5757367e+01      
1.9999899e+02 -3.3144861e+01      
1.9926473e+02 -3.0916660e+01      
1.9889681e+02 -2.9109891e+01      
1.8456361e+02 -5.5332629e+01      
1.8458030e+02 -6.0985640e+01      
1.8476837e+02 -6.6890286e+01      
1.8555605e+02 -7.1637947e+01      
1.8699782e+02 -7.4928785e+01      
1.8900154e+02 -7.7095275e+01      
1.9098833e+02 -7.9639306e+01      
1.9280592e+02 -8.2868123e+01      
1.9458988e+02 -8.6354284e+01      
1.9652444e+02 -8.8015665e+01      
1.9842985e+02 -8.7269251e+01      
1.9981333e+02 -8.4237598e+01      
1.9984750e+02 -8.0546156e+01      
1.9888606e+02 -7.6656733e+01      
1.9746505e+02 -7.2778285e+01      
1.9597386e+02 -6.9063839e+01      
1.9463628e+02 -6.5643253e+01      
1.9355801e+02 -6.2605564e+01      
1.9277839e+02 -6.0003720e+01      
1.9230269e+02 -5.7867111e+01      
1.7527263e+02 -8.1847389e+01      
1.7465444e+02 -8.7994815e+01      
1.7440817e+02 -9.3802126e+01      
1.7484011e+02 -9.8597994e+01      
1.7604671e+02 -1.0218738e+02      
1.7789375e+02 -1.0486392e+02      
1.7996636e+02 -1.0752141e+02      
1.8152067e+02 -1.1165966e+02      
1.8300899e+02 -1.1537436e+02      
1.8468481e+02 -1.1746580e+02      
1.8650296e+02 -1.1738935e+02      
1.8812210e+02 -1.1513312e+02      
1.8896981e+02 -1.1118397e+02      
1.8850341e+02 -1.0681366e+02      
1.8736947e+02 -1.0233383e+02      
1.8605748e+02 -9.8035419e+01      
1.8481271e+02 -9.4104390e+01      
1.8375722e+02 -9.0639032e+01      
1.8294181e+02 -8.7677242e+01      
1.8237922e+02 -8.5228698e+01      
1.6338186e+02 -1.0610667e+02      
1.6266774e+02 -1.1174037e+02      
1.6196725e+02 -1.1761477e+02      
1.6205923e+02 -1.2247690e+02      
1.6314203e+02 -1.2610408e+02      
1.6500509e+02 -1.2879843e+02      
1.6671971e+02 -1.3194407e+02      
1.6810693e+02 -1.3590081e+02      
1.6921385e+02 -1.4028844e+02      
1.7070409e+02 -1.4311817e+02      
1.7271616e+02 -1.4383526e+02      
1.7493112e+02 -1.4245461e+02      
1.7633843e+02 -1.4014145e+02      
1.7570036e+02 -1.3533724e+02      
1.7446107e+02 -1.3007975e+02      
1.7311576e+02 -1.2507634e+02      
1.7187041e+02 -1.2060495e+02      
1.7080913e+02 -1.1673462e+02      
1.6996090e+02 -1.1345305e+02      
1.6932882e+02 -1.1073175e+02      
1.4896903e+02 -1.2806503e+02      
1.4829596e+02 -1.3312248e+02      
1.4772663e+02 -1.3831015e+02      
1.4748761e+02 -1.4319160e+02      
1.4853631e+02 -1.4667864e+02      
1.4987877e+02 -1.4988937e+02      
1.5121614e+02 -1.5328319e+02      
1.5245287e+02 -1.5702646e+02      
1.5360979e+02 -1.6100986e+02      
1.5490764e+02 -1.6472728e+02      
1.5724668e+02 -1.6640362e+02      
1.5960612e+02 -1.6729347e+02      
1.6073599e+02 -1.6573126e+02      
1.6037326e+02 -1.6156918e+02      
1.5884487e+02 -1.5541440e+02      
1.5732467e+02 -1.4958338e+02      
1.5602153e+02 -1.4458880e+02      
1.5494728e+02 -1.4039821e+02      
1.5407832e+02 -1.3687974e+02      
1.5339735e+02 -1.3395134e+02      
1.3214066e+02 -1.4765452e+02      
1.3151743e+02 -1.5221472e+02      
1.3109020e+02 -1.5679986e+02      
1.3102672e+02 -1.6112579e+02      
1.3156366e+02 -1.6488368e+02      
1.3243343e+02 -1.6836374e+02      
1.3343708e+02 -1.7181663e+02      
1.3450723e+02 -1.7534263e+02      
1.3567444e+02 -1.7892897e+02      
1.3715050e+02 -1.8248829e+02      
1.3926081e+02 -1.8592746e+02      
1.4103394e+02 -1.8759895e+02      
1.4188660e+02 -1.8669425e+02      
1.4163987e+02 -1.8307314e+02      
1.4044854e+02 -1.7731652e+02      
1.3878876e+02 -1.7075528e+02      
1.3748122e+02 -1.6549213e+02      
1.3643500e+02 -1.6118386e+02      
1.3557498e+02 -1.5756200e+02      
1.3487187e+02 -1.5451620e+02      
1.1309244e+02 -1.6470625e+02      
1.1247852e+02 -1.6886494e+02      
1.1208560e+02 -1.7301271e+02      
1.1199261e+02 -1.7699130e+02      
1.1224518e+02 -1.8070069e+02      
1.1277834e+02 -1.8418681e+02      
1.1349964e+02 -1.8754304e+02      
1.1436175e+02 -1.9082024e+02      
1.1537718e+02 -1.9401797e+02      
1.1661598e+02 -1.9712124e+02      
1.1808241e+02 -2.0009913e+02      
1.1949044e+02 -2.0260892e+02      
1.2014004e+02 -2.0235685e+02      
1.1989725e+02 -1.9901023e+02      
1.1884176e+02 -1.9327413e+02      
1.1763308e+02 -1.8773159e+02      
1.1653351e+02 -1.8290126e+02      
1.1558753e+02 -1.7875920e+02      
1.1477523e+02 -1.7518962e+02      
1.1407957e+02 -1.7212407e+02      
9.2093321e+01 -1.7902683e+02      
9.1448777e+01 -1.8285388e+02      
9.1010775e+01 -1.8666724e+02      
9.0814853e+01 -1.9036771e+02      
9.0874026e+01 -1.9389010e+02      
9.1163226e+01 -1.9722176e+02      
9.1639238e+01 -2.0037691e+02      
9.2268584e+01 -2.0335977e+02      
9.3036540e+01 -2.0614806e+02      
9.3930440e+01 -2.0869089e+02      
9.4889098e+01 -2.1089588e+02      
9.5744878e+01 -2.1252238e+02      
9.6220567e+01 -2.1286089e+02      
9.5966446e+01 -2.0960067e+02      
9.5293114e+01 -2.0530952e+02      
9.4449689e+01 -2.0090085e+02      
9.3590203e+01 -1.9674062e+02      
9.2782439e+01 -1.9294964e+02      
9.2046796e+01 -1.8955302e+02      
9.1384296e+01 -1.8654954e+02      
6.9470251e+01 -1.9043003e+02      
6.8769531e+01 -1.9396853e+02      
6.8253494e+01 -1.9749223e+02      
6.7940538e+01 -2.0092603e+02      
6.7835288e+01 -2.0421232e+02      
6.7924365e+01 -2.0731573e+02      
6.8182427e+01 -2.1021327e+02      
6.8581540e+01 -2.1287734e+02      
6.9093310e+01 -2.1526165e+02      
6.9678657e+01 -2.1728879e+02      
7.0267930e+01 -2.1882835e+02      
7.0747754e+01 -2.1965304e+02      
7.0970355e+01 -2.1929597e+02      
7.0817943e+01 -2.1719653e+02      
7.0378972e+01 -2.1409719e+02      
6.9777105e+01 -2.1061764e+02      
6.9109692e+01 -2.0708988e+02      
6.8437518e+01 -2.0369668e+02      
6.7790568e+01 -2.0053096e+02      
6.7179296e+01 -1.9764046e+02      
