1.4013140e+01 2.4041785e+02      
1.2946520e+01 2.3740662e+02      
1.2612067e+01 2.3433256e+02      
1.3046979e+01 2.3125127e+02      
1.4289387e+01 2.2822106e+02      
1.6359270e+01 2.2530679e+02      
1.9203213e+01 2.2258853e+02      
2.2580441e+01 2.2016510e+02      
2.5842111e+01 2.1810302e+02      
2.7110929e+01 2.1613285e+02      
2.8174359e+01 2.1465072e+02      
2.9517003e+01 2.1366843e+02      
3.1100460e+01 2.1313123e+02      
3.2486092e+01 2.1290636e+02      
3.3095492e+01 2.1279024e+02      
3.3403396e+01 2.1298708e+02      
3.3822493e+01 2.1360402e+02      
3.4562995e+01 2.1463418e+02      
3.5734705e+01 2.1602835e+02      
3.7393428e+01 2.1771350e+02      
4.1983520e+01 2.3064982e+02      
4.1071932e+01 2.2752476e+02      
4.0925554e+01 2.2430083e+02      
4.1606206e+01 2.2103287e+02      
4.3206167e+01 2.1777611e+02      
4.5860778e+01 2.1458897e+02      
4.9633164e+01 2.1155374e+02      
5.4160369e+01 2.0880163e+02      
5.7531878e+01 2.0632579e+02      
5.9374626e+01 2.0418428e+02      
6.0084045e+01 2.0252584e+02      
6.1456280e+01 2.0144029e+02      
6.3530535e+01 2.0086368e+02      
6.5490215e+01 2.0066514e+02      
6.5197909e+01 2.0004069e+02      
6.4508810e+01 1.9983778e+02      
6.4063875e+01 2.0017398e+02      
6.4097502e+01 2.0100944e+02      
6.4664921e+01 2.0226513e+02      
6.5768275e+01 2.0384506e+02      
6.8574048e+01 2.1739229e+02      
6.7788127e+01 2.1414840e+02      
6.7772770e+01 2.1077079e+02      
6.8599686e+01 2.0731293e+02      
7.0393522e+01 2.0382464e+02      
7.3415143e+01 2.0034650e+02      
7.7991817e+01 1.9691278e+02      
8.2479255e+01 1.9367099e+02      
8.5989504e+01 1.9079636e+02      
8.8301050e+01 1.8843368e+02      
8.9831111e+01 1.8667263e+02      
9.1517467e+01 1.8552484e+02      
9.4489900e+01 1.8484435e+02      
9.6256198e+01 1.8419480e+02      
9.6085824e+01 1.8350657e+02      
9.4254220e+01 1.8296946e+02      
9.2793341e+01 1.8308120e+02      
9.2079493e+01 1.8378832e+02      
9.2042131e+01 1.8498221e+02      
9.2564685e+01 1.8654081e+02      
9.3361390e+01 2.0088960e+02      
9.2669085e+01 1.9752330e+02      
9.2717554e+01 1.9399165e+02      
9.3562872e+01 1.9034813e+02      
9.5303912e+01 1.8664038e+02      
9.8093398e+01 1.8290455e+02      
1.0201042e+02 1.7915679e+02      
1.0670141e+02 1.7542315e+02      
1.1040932e+02 1.7213653e+02      
1.1289615e+02 1.6953865e+02      
1.1476362e+02 1.6764598e+02      
1.1808681e+02 1.6613943e+02      
1.2129168e+02 1.6484158e+02      
1.2317709e+02 1.6375209e+02      
1.2319474e+02 1.6293308e+02      
1.2154612e+02 1.6247538e+02      
1.1919519e+02 1.6249833e+02      
1.1794390e+02 1.6317750e+02      
1.1742361e+02 1.6441201e+02      
1.1737967e+02 1.6605935e+02      
1.1596875e+02 1.8143499e+02      
1.1535167e+02 1.7794340e+02      
1.1541048e+02 1.7425956e+02      
1.1616535e+02 1.7043954e+02      
1.1766869e+02 1.6653329e+02      
1.1998496e+02 1.6258147e+02      
1.2312273e+02 1.5861620e+02      
1.2689505e+02 1.5468361e+02      
1.3073978e+02 1.5094607e+02      
1.3311492e+02 1.4811012e+02      
1.3572946e+02 1.4564727e+02      
1.3917743e+02 1.4348071e+02      
1.4317553e+02 1.4155685e+02      
1.4553400e+02 1.4000853e+02      
1.4570424e+02 1.3900988e+02      
1.4400904e+02 1.3857034e+02      
1.4244326e+02 1.3866699e+02      
1.4129036e+02 1.3943355e+02      
1.4049614e+02 1.4083106e+02      
1.3995544e+02 1.4270037e+02      
1.3606344e+02 1.5936518e+02      
1.3554448e+02 1.5574477e+02      
1.3559252e+02 1.5191026e+02      
1.3619017e+02 1.4792368e+02      
1.3735789e+02 1.4384001e+02      
1.3913324e+02 1.3970408e+02      
1.4156803e+02 1.3555658e+02      
1.4452881e+02 1.3146251e+02      
1.4765413e+02 1.2757496e+02      
1.5051202e+02 1.2412653e+02      
1.5350583e+02 1.2104339e+02      
1.5688945e+02 1.1827317e+02      
1.6048103e+02 1.1580548e+02      
1.6348862e+02 1.1372803e+02      
1.6382779e+02 1.1253985e+02      
1.6345532e+02 1.1191186e+02      
1.6294248e+02 1.1193033e+02      
1.6208233e+02 1.1283533e+02      
1.6097965e+02 1.1457387e+02      
1.6001712e+02 1.1684951e+02      
1.5331660e+02 1.3505425e+02      
1.5297178e+02 1.3129742e+02      
1.5299865e+02 1.2731049e+02      
1.5340714e+02 1.2316674e+02      
1.5420398e+02 1.1892698e+02      
1.5537882e+02 1.1463612e+02      
1.5722713e+02 1.1031268e+02      
1.5962354e+02 1.0600893e+02      
1.6236097e+02 1.0181915e+02      
1.6529182e+02 9.7856518e+01      
1.6841442e+02 9.4213605e+01      
1.7177468e+02 9.0911267e+01      
1.7524938e+02 8.7908767e+01      
1.7804151e+02 8.5461031e+01      
1.7948770e+02 8.3807900e+01      
1.8021447e+02 8.2899442e+01      
1.8084439e+02 8.2678307e+01      
1.8010687e+02 8.3807842e+01      
1.7821595e+02 8.6156804e+01      
1.7525055e+02 8.9456482e+01      
1.6736936e+02 1.0891261e+02      
1.6702622e+02 1.0499348e+02      
1.6696300e+02 1.0085469e+02      
1.6717491e+02 9.6570090e+01      
1.6766451e+02 9.2203169e+01      
1.6843398e+02 8.7798687e+01      
1.6985247e+02 8.3313831e+01      
1.7186080e+02 7.8773514e+01      
1.7435288e+02 7.4220260e+01      
1.7726475e+02 6.9720542e+01      
1.8043616e+02 6.5512348e+01      
1.8364283e+02 6.1914945e+01      
1.8744859e+02 5.8340630e+01      
1.9050105e+02 5.5386341e+01      
1.9250464e+02 5.3315424e+01      
1.9357608e+02 5.2261418e+01      
1.9378151e+02 5.2371726e+01      
1.9271708e+02 5.3914528e+01      
1.9022514e+02 5.6900861e+01      
1.8648082e+02 6.1008865e+01      
1.7801051e+02 8.1395289e+01      
1.7752708e+02 7.7322616e+01      
1.7729963e+02 7.3043122e+01      
1.7731785e+02 6.8634600e+01      
1.7758203e+02 6.4162765e+01      
1.7810249e+02 5.9667822e+01      
1.7921336e+02 5.5055071e+01      
1.8090993e+02 5.0309490e+01      
1.8317375e+02 4.5409800e+01      
1.8606475e+02 4.0311573e+01      
1.8947928e+02 3.5252249e+01      
1.9172769e+02 3.2128587e+01      
1.9453876e+02 2.9026438e+01      
1.9780112e+02 2.5676830e+01      
2.0010035e+02 2.3201063e+01      
2.0127024e+02 2.1959625e+01      
2.0123490e+02 2.2214634e+01      
1.9983387e+02 2.4170719e+01      
1.9701925e+02 2.7761282e+01      
1.9328016e+02 3.2332577e+01      
1.8517563e+02 5.2964840e+01      
1.8442094e+02 4.8775693e+01      
1.8398978e+02 4.4365114e+01      
1.8382310e+02 3.9846457e+01      
1.8391469e+02 3.5294843e+01      
1.8431646e+02 3.0721546e+01      
1.8516773e+02 2.6055499e+01      
1.8654659e+02 2.1203320e+01      
1.8850614e+02 1.6065984e+01      
1.9112529e+02 1.0554923e+01      
1.9418959e+02 5.0393467e+00      
1.9587155e+02 2.1277269e+00      
1.9767080e+02 -1.9187441e-01      
1.9989561e+02 -2.7257315e+00      
2.0226926e+02 -5.5171984e+00      
2.0353600e+02 -7.1019606e+00      
2.0346504e+02 -6.9536875e+00      
2.0186932e+02 -4.7026786e+00      
1.9870627e+02 -3.4697849e-01      
1.9565345e+02 4.0414754e+00      
1.8893087e+02 2.4060567e+01      
1.8802440e+02 1.9695414e+01      
1.8743336e+02 1.5112758e+01      
1.8709301e+02 1.0477672e+01      
1.8698358e+02 5.8989997e+00      
1.8714569e+02 1.3834782e+00      
1.8767060e+02 -3.1723122e+00      
1.8866172e+02 -7.9496287e+00      
1.9021641e+02 -1.3162297e+01      
1.9237584e+02 -1.8891800e+01      
1.9484663e+02 -2.4549592e+01      
1.9633283e+02 -2.7796895e+01      
1.9714169e+02 -2.9034400e+01      
1.9828343e+02 -3.0409181e+01      
1.9969205e+02 -3.2276652e+01      
2.0097993e+02 -3.4282114e+01      
2.0101177e+02 -3.4553000e+01      
1.9953963e+02 -3.2431693e+01      
1.9666078e+02 -2.7950659e+01      
1.9409014e+02 -2.3683657e+01      
1.8930702e+02 -4.8415072e+00      
1.8834650e+02 -9.4766021e+00      
1.8767511e+02 -1.4336278e+01      
1.8718854e+02 -1.9130823e+01      
1.8683922e+02 -2.3672873e+01      
1.8665801e+02 -2.7949463e+01      
1.8674341e+02 -3.2134139e+01      
1.8723397e+02 -3.6540934e+01      
1.8826626e+02 -4.1526916e+01      
1.8992241e+02 -4.7363587e+01      
1.9139847e+02 -5.2103994e+01      
1.9239035e+02 -5.5192468e+01      
1.9291605e+02 -5.6647627e+01      
1.9319044e+02 -5.6934742e+01      
1.9374638e+02 -5.7936995e+01      
1.9429343e+02 -5.9222194e+01      
1.9443673e+02 -6.0126364e+01      
1.9328808e+02 -5.8602234e+01      
1.9094637e+02 -5.4480630e+01      
1.8884851e+02 -5.0501186e+01      
1.8631967e+02 -3.3205913e+01      
1.8539662e+02 -3.8253652e+01      
1.8478342e+02 -4.3650455e+01      
1.8420461e+02 -4.8719090e+01      
1.8358808e+02 -5.3167725e+01      
1.8296688e+02 -5.6965378e+01      
1.8245638e+02 -6.0358159e+01      
1.8232069e+02 -6.4016846e+01      
1.8263697e+02 -6.8182056e+01      
1.8329467e+02 -7.2605687e+01      
1.8395262e+02 -7.6428565e+01      
1.8441605e+02 -7.9179347e+01      
1.8464046e+02 -8.0803600e+01      
1.8469488e+02 -8.1641043e+01      
1.8473028e+02 -8.2394994e+01      
1.8467307e+02 -8.3117965e+01      
1.8434357e+02 -8.3490281e+01      
1.8349860e+02 -8.2857842e+01      
1.8174325e+02 -7.9534677e+01      
1.8013182e+02 -7.6083457e+01      
1.7998688e+02 -6.0404127e+01      
1.7913745e+02 -6.5930528e+01      
1.7879753e+02 -7.2327829e+01      
1.7814863e+02 -7.7753979e+01      
1.7724786e+02 -8.2064730e+01      
1.7614295e+02 -8.5203316e+01      
1.7484864e+02 -8.7209593e+01      
1.7406387e+02 -8.9938580e+01      
1.7370744e+02 -9.3302821e+01      
1.7361348e+02 -9.6868088e+01      
1.7361343e+02 -1.0008297e+02      
1.7358423e+02 -1.0249088e+02      
1.7346265e+02 -1.0401245e+02      
1.7323028e+02 -1.0492803e+02      
1.7288414e+02 -1.0555604e+02      
1.7238092e+02 -1.0597130e+02      
1.7165068e+02 -1.0599793e+02      
1.7063648e+02 -1.0519510e+02      
1.6936638e+02 -1.0307544e+02      
1.6819682e+02 -1.0027516e+02      
1.7036423e+02 -8.5765309e+01      
1.6942143e+02 -9.1414934e+01      
1.6891465e+02 -9.8078580e+01      
1.6807263e+02 -1.0354718e+02      
1.6691711e+02 -1.0765951e+02      
1.6549905e+02 -1.1034889e+02      
1.6386670e+02 -1.1165854e+02      
1.6263957e+02 -1.1380871e+02      
1.6176625e+02 -1.1671401e+02      
1.6110891e+02 -1.1996608e+02      
1.6057208e+02 -1.2303816e+02      
1.6011063e+02 -1.2514132e+02      
1.5966224e+02 -1.2619053e+02      
1.5913228e+02 -1.2679022e+02      
1.5845938e+02 -1.2722195e+02      
1.5759861e+02 -1.2750718e+02      
1.5651829e+02 -1.2754430e+02      
1.5528180e+02 -1.2703546e+02      
1.5414222e+02 -1.2551905e+02      
1.5329856e+02 -1.2306174e+02      
1.5763419e+02 -1.0877884e+02      
1.5644962e+02 -1.1404011e+02      
1.5554980e+02 -1.2019588e+02      
1.5441954e+02 -1.2526623e+02      
1.5304958e+02 -1.2913172e+02      
1.5147867e+02 -1.3173187e+02      
1.4977029e+02 -1.3307875e+02      
1.4830201e+02 -1.3515746e+02      
1.4705998e+02 -1.3792861e+02      
1.4595383e+02 -1.4122473e+02      
1.4493550e+02 -1.4478767e+02      
1.4411007e+02 -1.4663490e+02      
1.4343384e+02 -1.4669029e+02      
1.4266468e+02 -1.4678886e+02      
1.4172009e+02 -1.4700679e+02      
1.4055667e+02 -1.4725426e+02      
1.3912547e+02 -1.4753004e+02      
1.3748027e+02 -1.4774741e+02      
1.3629480e+02 -1.4664675e+02      
1.3570951e+02 -1.4423858e+02      
1.4210361e+02 -1.2920553e+02      
1.4063465e+02 -1.3367527e+02      
1.3927929e+02 -1.3843552e+02      
1.3786315e+02 -1.4276033e+02      
1.3632584e+02 -1.4634024e+02      
1.3468175e+02 -1.4912918e+02      
1.3299715e+02 -1.5135963e+02      
1.3139559e+02 -1.5372098e+02      
1.2989766e+02 -1.5647774e+02      
1.2844190e+02 -1.5972452e+02      
1.2699205e+02 -1.6327860e+02      
1.2587866e+02 -1.6490877e+02      
1.2507045e+02 -1.6456257e+02      
1.2411969e+02 -1.6437650e+02      
1.2295975e+02 -1.6445073e+02      
1.2156066e+02 -1.6467001e+02      
1.1985481e+02 -1.6506848e+02      
1.1790880e+02 -1.6554485e+02      
1.1664898e+02 -1.6465207e+02      
1.1622501e+02 -1.6229892e+02      
1.2413791e+02 -1.4700228e+02      
1.2244704e+02 -1.5074576e+02      
1.2081250e+02 -1.5461043e+02      
1.1917000e+02 -1.5828764e+02      
1.1748164e+02 -1.6156792e+02      
1.1574995e+02 -1.6441150e+02      
1.1400865e+02 -1.6695526e+02      
1.1230014e+02 -1.6945210e+02      
1.1063374e+02 -1.7209528e+02      
1.0896321e+02 -1.7501884e+02      
1.0724546e+02 -1.7812606e+02      
1.0591376e+02 -1.7956316e+02      
1.0494563e+02 -1.7930086e+02      
1.0381575e+02 -1.7914409e+02      
1.0249019e+02 -1.7917504e+02      
1.0094431e+02 -1.7933161e+02      
9.9094643e+01 -1.7966800e+02      
9.6990246e+01 -1.8008999e+02      
9.5689411e+01 -1.7923643e+02      
9.5328766e+01 -1.7700005e+02      
1.0410643e+02 -1.6211142e+02      
1.0226352e+02 -1.6529037e+02      
1.0045288e+02 -1.6855777e+02      
9.8647743e+01 -1.7174037e+02      
9.6830814e+01 -1.7471012e+02      
9.5002895e+01 -1.7742677e+02      
9.3179803e+01 -1.7993987e+02      
9.1380550e+01 -1.8234813e+02      
8.9613110e+01 -1.8473170e+02      
8.7872768e+01 -1.8709600e+02      
8.6194116e+01 -1.8920301e+02      
8.4707875e+01 -1.9045515e+02      
8.3390074e+01 -1.9083714e+02      
8.2054361e+01 -1.9092451e+02      
8.0613603e+01 -1.9096131e+02      
7.9023950e+01 -1.9100151e+02      
7.7213182e+01 -1.9110410e+02      
7.5193668e+01 -1.9121365e+02      
7.3936989e+01 -1.9027060e+02      
7.3523434e+01 -1.8821521e+02      
8.2375818e+01 -1.7440840e+02      
8.0431360e+01 -1.7713190e+02      
7.8503285e+01 -1.7993638e+02      
7.6582715e+01 -1.8270888e+02      
7.4664482e+01 -1.8536177e+02      
7.2751392e+01 -1.8785250e+02      
7.0853433e+01 -1.9018310e+02      
6.8983176e+01 -1.9237762e+02      
6.7151686e+01 -1.9444511e+02      
6.5371652e+01 -1.9633665e+02      
6.3669778e+01 -1.9790486e+02      
6.2076597e+01 -1.9896890e+02      
6.0575634e+01 -1.9951954e+02      
5.9104166e+01 -1.9972413e+02      
5.7608557e+01 -1.9973052e+02      
5.6060933e+01 -1.9960548e+02      
5.4462011e+01 -1.9935523e+02      
5.2936668e+01 -1.9884362e+02      
5.1825232e+01 -1.9772004e+02      
5.1247126e+01 -1.9589359e+02      
