2.0847504e+01 2.4416778e+02      
1.9259601e+01 2.4186082e+02      
1.7833034e+01 2.3935418e+02      
1.6306693e+01 2.3656326e+02      
1.4960444e+01 2.3370128e+02      
1.4028208e+01 2.3093916e+02      
1.3622160e+01 2.2838390e+02      
1.3783458e+01 2.2612036e+02      
1.4503892e+01 2.2422215e+02      
1.5741072e+01 2.2275675e+02      
1.7423012e+01 2.2178792e+02      
1.9447262e+01 2.2137654e+02      
2.1693860e+01 2.2157883e+02      
2.4077071e+01 2.2244167e+02      
2.6598464e+01 2.2400145e+02      
2.9334748e+01 2.2630171e+02      
3.2399852e+01 2.2945862e+02      
3.5796257e+01 2.3332361e+02      
3.8822099e+01 2.3501744e+02      
4.1490224e+01 2.3442776e+02      
4.9733260e+01 2.3468256e+02      
4.8686324e+01 2.3238294e+02      
4.7757853e+01 2.2986562e+02      
4.5954812e+01 2.2662236e+02      
4.4304273e+01 2.2330129e+02      
4.3175489e+01 2.2010589e+02      
4.2704261e+01 2.1713863e+02      
4.2910481e+01 2.1447693e+02      
4.3760376e+01 2.1219257e+02      
4.5193191e+01 2.1035598e+02      
4.7120012e+01 2.0903847e+02      
4.9398013e+01 2.0831556e+02      
5.1801434e+01 2.0826789e+02      
5.4135636e+01 2.0896931e+02      
5.6440460e+01 2.1047203e+02      
5.8892901e+01 2.1283241e+02      
6.1712698e+01 2.1620010e+02      
6.4962534e+01 2.2034733e+02      
6.7570381e+01 2.2204666e+02      
6.9557667e+01 2.2116673e+02      
7.7304523e+01 2.2161665e+02      
7.6922804e+01 2.1930297e+02      
7.6025279e+01 2.1645413e+02      
7.4423997e+01 2.1303160e+02      
7.2374483e+01 2.0923021e+02      
7.0969350e+01 2.0556701e+02      
7.0427920e+01 2.0215869e+02      
7.0714235e+01 1.9906986e+02      
7.1740329e+01 1.9636546e+02      
7.3430643e+01 1.9411617e+02      
7.5705964e+01 1.9239601e+02      
7.8437385e+01 1.9129072e+02      
8.1222156e+01 1.9091554e+02      
8.3383949e+01 1.9139677e+02      
8.5247940e+01 1.9277648e+02      
8.7166863e+01 1.9503871e+02      
8.9414238e+01 1.9819969e+02      
9.2130664e+01 2.0199912e+02      
9.4218461e+01 2.0378642e+02      
9.5714039e+01 2.0341367e+02      
1.0275869e+02 2.0509800e+02      
1.0241106e+02 2.0244175e+02      
1.0159724e+02 1.9927631e+02      
1.0017223e+02 1.9562455e+02      
9.8353295e+01 1.9162239e+02      
9.6717201e+01 1.8751726e+02      
9.6214818e+01 1.8366963e+02      
9.6666226e+01 1.8013643e+02      
9.7924652e+01 1.7698356e+02      
9.9919277e+01 1.7428472e+02      
1.0261436e+02 1.7210684e+02      
1.0601767e+02 1.7052474e+02      
1.0982007e+02 1.6968798e+02      
1.1152008e+02 1.6989523e+02      
1.1265008e+02 1.7116048e+02      
1.1375062e+02 1.7329654e+02      
1.1506238e+02 1.7605594e+02      
1.1659556e+02 1.7891089e+02      
1.1806392e+02 1.8088273e+02      
1.1952422e+02 1.8181887e+02      
1.2459245e+02 1.8519998e+02      
1.2447848e+02 1.8225396e+02      
1.2385206e+02 1.7879172e+02      
1.2252652e+02 1.7486978e+02      
1.2077354e+02 1.7059034e+02      
1.1971208e+02 1.6622538e+02      
1.1956374e+02 1.6197548e+02      
1.2029634e+02 1.5797905e+02      
1.2183341e+02 1.5435192e+02      
1.2413622e+02 1.5118196e+02      
1.2721497e+02 1.4851267e+02      
1.3114351e+02 1.4636831e+02      
1.3561470e+02 1.4488041e+02      
1.3794566e+02 1.4471537e+02      
1.3822976e+02 1.4597922e+02      
1.3830899e+02 1.4816890e+02      
1.3856804e+02 1.5085487e+02      
1.3909132e+02 1.5356285e+02      
1.3986179e+02 1.5584022e+02      
1.4093233e+02 1.5752105e+02      
1.4354384e+02 1.6267270e+02      
1.4300073e+02 1.5937887e+02      
1.4260647e+02 1.5561676e+02      
1.4134024e+02 1.5141784e+02      
1.4028928e+02 1.4688126e+02      
1.3984259e+02 1.4217393e+02      
1.4014765e+02 1.3747061e+02      
1.4123106e+02 1.3295390e+02      
1.4306290e+02 1.2881728e+02      
1.4562742e+02 1.2518966e+02      
1.4897949e+02 1.2205091e+02      
1.5319224e+02 1.1934859e+02      
1.5794090e+02 1.1721107e+02      
1.6068529e+02 1.1664954e+02      
1.6134460e+02 1.1772002e+02      
1.6043027e+02 1.2021375e+02      
1.5960546e+02 1.2323701e+02      
1.5916243e+02 1.2628184e+02      
1.5917230e+02 1.2899397e+02      
1.5966987e+02 1.3119927e+02      
1.5967860e+02 1.3800039e+02      
1.5880361e+02 1.3443109e+02      
1.5812577e+02 1.3038544e+02      
1.5739674e+02 1.2589234e+02      
1.5693228e+02 1.2101910e+02      
1.5699842e+02 1.1587475e+02      
1.5773230e+02 1.1061222e+02      
1.5918896e+02 1.0544438e+02      
1.6132260e+02 1.0070081e+02      
1.6403116e+02 9.6734217e+01      
1.6753739e+02 9.3232611e+01      
1.7187435e+02 9.0037763e+01      
1.7646070e+02 8.7481834e+01      
1.7922643e+02 8.6696264e+01      
1.8013903e+02 8.7628257e+01      
1.7947885e+02 9.0069647e+01      
1.7768351e+02 9.3695795e+01      
1.7627015e+02 9.7367487e+01      
1.7548397e+02 1.0064523e+02      
1.7535848e+02 1.0333931e+02      
1.7287522e+02 1.1162647e+02      
1.7184082e+02 1.0784066e+02      
1.7110599e+02 1.0354800e+02      
1.7064085e+02 9.8765258e+01      
1.7055230e+02 9.3522641e+01      
1.7099535e+02 8.7873462e+01      
1.7209325e+02 8.1925556e+01      
1.7391244e+02 7.5912114e+01      
1.7639538e+02 7.0320741e+01      
1.7899349e+02 6.6363086e+01      
1.8250965e+02 6.2743136e+01      
1.8705593e+02 5.9037376e+01      
1.9087897e+02 5.6635423e+01      
1.9331562e+02 5.5913253e+01      
1.9423075e+02 5.6868798e+01      
1.9375222e+02 5.9314933e+01      
1.9216645e+02 6.2951362e+01      
1.8991553e+02 6.7374200e+01      
1.8836083e+02 7.1312148e+01      
1.8764449e+02 7.4473318e+01      
1.8295785e+02 8.4003743e+01      
1.8186916e+02 8.0054167e+01      
1.8115057e+02 7.5566290e+01      
1.8081810e+02 7.0540219e+01      
1.8094194e+02 6.4963151e+01      
1.8163124e+02 5.8799037e+01      
1.8299318e+02 5.2072369e+01      
1.8506116e+02 4.5122122e+01      
1.8742036e+02 3.9327904e+01      
1.9007681e+02 3.4954890e+01      
1.9331098e+02 3.1653318e+01      
1.9744367e+02 2.8104777e+01      
2.0073620e+02 2.5926491e+01      
2.0283569e+02 2.5369881e+01      
2.0357991e+02 2.6534848e+01      
2.0298700e+02 2.9206519e+01      
2.0150362e+02 3.2884963e+01      
1.9949479e+02 3.7192469e+01      
1.9736606e+02 4.1713179e+01      
1.9623165e+02 4.5187192e+01      
1.8976601e+02 5.5596065e+01      
1.8866147e+02 5.1539619e+01      
1.8795995e+02 4.6926083e+01      
1.8769124e+02 4.1746149e+01      
1.8791166e+02 3.5960625e+01      
1.8871161e+02 2.9439023e+01      
1.9018827e+02 2.2007356e+01      
1.9205461e+02 1.4954451e+01      
1.9423209e+02 9.0368055e+00      
1.9677557e+02 4.4754728e+00      
1.9978904e+02 1.0454832e+00      
2.0318149e+02 -1.6595702e+00      
2.0598053e+02 -3.4955362e+00      
2.0789656e+02 -4.0501576e+00      
2.0848552e+02 -2.6347671e+00      
2.0741374e+02 5.2222561e-01      
2.0575730e+02 4.4125034e+00      
2.0389053e+02 8.5882780e+00      
2.0214618e+02 1.2629224e+01      
2.0096312e+02 1.6018047e+01      
1.9318864e+02 2.6868289e+01      
1.9207536e+02 2.2764920e+01      
1.9137400e+02 1.8105490e+01      
1.9111728e+02 1.2885593e+01      
1.9134596e+02 7.0815374e+00      
1.9210239e+02 6.4408549e-01      
1.9338556e+02 -6.4114900e+00      
1.9508181e+02 -1.3731882e+01      
1.9704746e+02 -1.9752845e+01      
1.9936367e+02 -2.4157230e+01      
2.0207308e+02 -2.7306658e+01      
2.0444751e+02 -2.9091346e+01      
2.0682544e+02 -3.0840960e+01      
2.0882326e+02 -3.1948117e+01      
2.0939382e+02 -3.1012037e+01      
2.0854672e+02 -2.8212633e+01      
2.0660571e+02 -2.3978601e+01      
2.0467250e+02 -1.9706969e+01      
2.0305346e+02 -1.5869252e+01      
2.0188789e+02 -1.2647718e+01      
1.9317586e+02 -1.7235768e+00      
1.9204629e+02 -5.8164258e+00      
1.9132385e+02 -1.0445145e+01      
1.9104175e+02 -1.5600923e+01      
1.9122898e+02 -2.1279345e+01      
1.9190062e+02 -2.7461920e+01      
1.9303602e+02 -3.4059244e+01      
1.9454728e+02 -4.0782155e+01      
1.9628036e+02 -4.6902003e+01      
1.9823071e+02 -5.0671063e+01      
2.0020662e+02 -5.3377486e+01      
2.0215857e+02 -5.5421912e+01      
2.0429951e+02 -5.7555328e+01      
2.0582618e+02 -5.8648985e+01      
2.0627990e+02 -5.8010354e+01      
2.0557833e+02 -5.5551076e+01      
2.0393625e+02 -5.1659983e+01      
2.0187317e+02 -4.7186942e+01      
2.0028400e+02 -4.3483331e+01      
1.9913057e+02 -4.0453127e+01      
1.8974008e+02 -2.9739534e+01      
1.8857826e+02 -3.3772537e+01      
1.8781250e+02 -3.8306271e+01      
1.8747916e+02 -4.3318611e+01      
1.8760332e+02 -4.8790865e+01      
1.8819457e+02 -5.4693760e+01      
1.8924418e+02 -6.0949930e+01      
1.9071302e+02 -6.7346407e+01      
1.9241760e+02 -7.3146042e+01      
1.9391510e+02 -7.6941476e+01      
1.9511366e+02 -7.8998756e+01      
1.9635506e+02 -8.0508975e+01      
1.9771181e+02 -8.1996728e+01      
1.9892838e+02 -8.3294395e+01      
1.9924071e+02 -8.2910619e+01      
1.9853176e+02 -8.0586690e+01      
1.9696180e+02 -7.6757757e+01      
1.9533562e+02 -7.3034790e+01      
1.9393794e+02 -6.9776466e+01      
1.9283585e+02 -6.7029858e+01      
1.8295438e+02 -5.6760343e+01      
1.8173626e+02 -6.0696648e+01      
1.8090190e+02 -6.5086048e+01      
1.8049690e+02 -6.9892373e+01      
1.8054614e+02 -7.5095334e+01      
1.8105553e+02 -8.0690606e+01      
1.8203310e+02 -8.6685191e+01      
1.8353627e+02 -9.3126568e+01      
1.8553136e+02 -9.9698679e+01      
1.8663808e+02 -1.0324236e+02      
1.8680513e+02 -1.0371373e+02      
1.8726891e+02 -1.0422445e+02      
1.8791716e+02 -1.0491509e+02      
1.8848514e+02 -1.0547194e+02      
1.8865227e+02 -1.0535598e+02      
1.8787524e+02 -1.0304455e+02      
1.8669927e+02 -1.0013438e+02      
1.8542646e+02 -9.7190275e+01      
1.8423153e+02 -9.4459197e+01      
1.8319993e+02 -9.2052237e+01      
1.7295127e+02 -8.2390343e+01      
1.7164019e+02 -8.6211154e+01      
1.7070226e+02 -9.0425167e+01      
1.7020735e+02 -9.4969704e+01      
1.7017872e+02 -9.9823836e+01      
1.7059640e+02 -1.0501829e+02      
1.7144817e+02 -1.1063193e+02      
1.7278397e+02 -1.1685594e+02      
1.7451002e+02 -1.2343495e+02      
1.7528354e+02 -1.2661142e+02      
1.7506492e+02 -1.2628533e+02      
1.7505690e+02 -1.2613431e+02      
1.7521023e+02 -1.2625053e+02      
1.7529987e+02 -1.2622095e+02      
1.7511317e+02 -1.2562221e+02      
1.7447886e+02 -1.2403337e+02      
1.7355007e+02 -1.2189243e+02      
1.7249803e+02 -1.1958134e+02      
1.7144467e+02 -1.1731818e+02      
1.7046893e+02 -1.1523969e+02      
1.5992584e+02 -1.0625625e+02      
1.5846092e+02 -1.0997197e+02      
1.5735561e+02 -1.1401474e+02      
1.5675581e+02 -1.1824792e+02      
1.5668036e+02 -1.2264233e+02      
1.5702039e+02 -1.2728420e+02      
1.5769240e+02 -1.3226983e+02      
1.5868424e+02 -1.3774326e+02      
1.5988152e+02 -1.4352843e+02      
1.6037105e+02 -1.4632472e+02      
1.6012199e+02 -1.4602652e+02      
1.5993233e+02 -1.4582559e+02      
1.5980296e+02 -1.4574202e+02      
1.5960356e+02 -1.4546258e+02      
1.5922120e+02 -1.4475825e+02      
1.5859910e+02 -1.4352335e+02      
1.5777672e+02 -1.4187699e+02      
1.5683915e+02 -1.4002256e+02      
1.5586693e+02 -1.3813199e+02      
1.5492098e+02 -1.3633319e+02      
1.4415119e+02 -1.2799458e+02      
1.4243169e+02 -1.3165923e+02      
1.4099058e+02 -1.3563876e+02      
1.4027596e+02 -1.3952388e+02      
1.4030516e+02 -1.4327127e+02      
1.4064628e+02 -1.4720031e+02      
1.4113467e+02 -1.5137485e+02      
1.4173337e+02 -1.5567464e+02      
1.4230563e+02 -1.5959945e+02      
1.4255534e+02 -1.6202945e+02      
1.4245230e+02 -1.6288409e+02      
1.4222438e+02 -1.6313768e+02      
1.4194383e+02 -1.6313520e+02      
1.4157657e+02 -1.6284375e+02      
1.4107612e+02 -1.6219323e+02      
1.4042008e+02 -1.6116416e+02      
1.3962500e+02 -1.5982103e+02      
1.3873436e+02 -1.5828091e+02      
1.3779778e+02 -1.5666687e+02      
1.3685797e+02 -1.5508600e+02      
1.2600771e+02 -1.4722712e+02      
1.2398226e+02 -1.5085742e+02      
1.2186862e+02 -1.5503448e+02      
1.2103317e+02 -1.5855339e+02      
1.2151094e+02 -1.6136047e+02      
1.2191333e+02 -1.6453189e+02      
1.2222573e+02 -1.6793130e+02      
1.2250906e+02 -1.7127741e+02      
1.2271321e+02 -1.7419950e+02      
1.2274965e+02 -1.7630440e+02      
1.2259790e+02 -1.7752025e+02      
1.2231095e+02 -1.7809447e+02      
1.2192829e+02 -1.7823713e+02      
1.2145098e+02 -1.7802048e+02      
1.2086583e+02 -1.7746103e+02      
1.2016676e+02 -1.7658185e+02      
1.1936430e+02 -1.7543766e+02      
1.1848309e+02 -1.7411022e+02      
1.1755355e+02 -1.7269095e+02      
1.1660412e+02 -1.7126713e+02      
1.0594206e+02 -1.6359932e+02      
1.0386979e+02 -1.6695998e+02      
1.0164350e+02 -1.7078105e+02      
1.0070487e+02 -1.7393730e+02      
1.0108394e+02 -1.7636754e+02      
1.0131319e+02 -1.7905124e+02      
1.0139837e+02 -1.8186934e+02      
1.0141888e+02 -1.8457639e+02      
1.0136658e+02 -1.8693596e+02      
1.0121011e+02 -1.8875449e+02      
1.0093573e+02 -1.8996875e+02      
1.0055411e+02 -1.9064341e+02      
1.0007949e+02 -1.9087467e+02      
9.9516454e+01 -1.9072976e+02      
9.8863516e+01 -1.9025139e+02      
9.8121377e+01 -1.8948001e+02      
9.7297983e+01 -1.8846792e+02      
9.6408448e+01 -1.8728059e+02      
9.5471540e+01 -1.8599046e+02      
9.4505442e+01 -1.8466956e+02      
8.4309406e+01 -1.7690610e+02      
8.2478335e+01 -1.7979939e+02      
8.0817712e+01 -1.8284924e+02      
7.9796482e+01 -1.8566089e+02      
7.9421916e+01 -1.8816716e+02      
7.9222631e+01 -1.9062175e+02      
7.9021684e+01 -1.9304389e+02      
7.8795929e+01 -1.9531172e+02      
7.8527110e+01 -1.9728516e+02      
7.8194896e+01 -1.9885134e+02      
7.7786588e+01 -1.9995851e+02      
7.7299897e+01 -2.0061695e+02      
7.6737268e+01 -2.0086863e+02      
7.6100478e+01 -2.0075952e+02      
7.5390247e+01 -2.0033181e+02      
7.4608748e+01 -1.9962832e+02      
7.3761687e+01 -1.9869774e+02      
7.2858405e+01 -1.9759573e+02      
7.1910232e+01 -1.9638244e+02      
7.0928129e+01 -1.9511852e+02      
