2.6845493e+01 2.5807006e+02      
2.3663600e+01 2.5717952e+02      
2.0849254e+01 2.5612076e+02      
1.8412273e+01 2.5493507e+02      
1.6361010e+01 2.5366604e+02      
1.4704590e+01 2.5235840e+02      
1.3454978e+01 2.5105674e+02      
1.2627973e+01 2.4980419e+02      
1.2242651e+01 2.4864114e+02      
1.2319494e+01 2.4760413e+02      
1.2877838e+01 2.4672490e+02      
1.3933058e+01 2.4602967e+02      
1.5493245e+01 2.4553875e+02      
1.7554332e+01 2.4526698e+02      
2.0091817e+01 2.4522536e+02      
2.3049420e+01 2.4542402e+02      
2.6339224e+01 2.4587058e+02      
2.9885517e+01 2.4655288e+02      
3.3692541e+01 2.4741446e+02      
3.7842844e+01 2.4835746e+02      
5.4378201e+01 2.4895784e+02      
5.1221531e+01 2.4793452e+02      
4.8429489e+01 2.4670437e+02      
4.6006853e+01 2.4531294e+02      
4.3955990e+01 2.4380883e+02      
4.2280786e+01 2.4224235e+02      
4.0990694e+01 2.4066383e+02      
4.0102842e+01 2.3912211e+02      
3.9641043e+01 2.3766299e+02      
3.9632592e+01 2.3632796e+02      
4.0104607e+01 2.3515313e+02      
4.1080896e+01 2.3416834e+02      
4.2579120e+01 2.3339652e+02      
4.4606560e+01 2.3285361e+02      
4.7148976e+01 2.3255132e+02      
5.0138852e+01 2.3250762e+02      
5.3402825e+01 2.3276330e+02      
5.6731712e+01 2.3335267e+02      
6.0134125e+01 2.3421019e+02      
6.3834168e+01 2.3517363e+02      
8.0697140e+01 2.3616238e+02      
7.7606019e+01 2.3498104e+02      
7.4876026e+01 2.3355331e+02      
7.2504321e+01 2.3192936e+02      
7.0483116e+01 2.3016352e+02      
6.8806543e+01 2.2831244e+02      
6.7479065e+01 2.2643306e+02      
6.6520047e+01 2.2458062e+02      
6.5961204e+01 2.2280690e+02      
6.5840029e+01 2.2115878e+02      
6.6194084e+01 2.1967700e+02      
6.7057829e+01 2.1839531e+02      
6.8461684e+01 2.1733916e+02      
7.0433037e+01 2.1652356e+02      
7.2995942e+01 2.1595139e+02      
7.6144215e+01 2.1562414e+02      
7.9608576e+01 2.1562574e+02      
8.2658663e+01 2.1617836e+02      
8.5308917e+01 2.1720718e+02      
8.8319208e+01 2.1833394e+02      
1.0538540e+02 2.1992884e+02      
1.0240329e+02 2.1856331e+02      
9.9781807e+01 2.1691026e+02      
9.7507448e+01 2.1502499e+02      
9.5555253e+01 2.1296844e+02      
9.3900228e+01 2.1080487e+02      
9.2536461e+01 2.0859891e+02      
9.1488529e+01 2.0641310e+02      
9.0803095e+01 2.0430587e+02      
9.0533142e+01 2.0232989e+02      
9.0729116e+01 2.0053077e+02      
9.1436538e+01 1.9894661e+02      
9.2696881e+01 1.9760737e+02      
9.4555100e+01 1.9652985e+02      
9.7084185e+01 1.9570361e+02      
1.0045100e+02 1.9506648e+02      
1.0463863e+02 1.9463323e+02      
1.0734640e+02 1.9521656e+02      
1.0859327e+02 1.9674082e+02      
1.1074137e+02 1.9817849e+02      
1.2804832e+02 2.0055819e+02      
1.2522122e+02 1.9898189e+02      
1.2276342e+02 1.9707427e+02      
1.2064906e+02 1.9489623e+02      
1.1882533e+02 1.9251688e+02      
1.1722634e+02 1.9001007e+02      
1.1582134e+02 1.8744971e+02      
1.1465139e+02 1.8490649e+02      
1.1379600e+02 1.8244624e+02      
1.1333095e+02 1.8012807e+02      
1.1332039e+02 1.7800202e+02      
1.1381991e+02 1.7610991e+02      
1.1487565e+02 1.7448960e+02      
1.1652754e+02 1.7317346e+02      
1.1884320e+02 1.7216265e+02      
1.2201622e+02 1.7136100e+02      
1.2599307e+02 1.7074674e+02      
1.2828144e+02 1.7146301e+02      
1.2892042e+02 1.7340097e+02      
1.3050684e+02 1.7514518e+02      
1.4831580e+02 1.7840336e+02      
1.4568930e+02 1.7659016e+02      
1.4345890e+02 1.7439716e+02      
1.4159200e+02 1.7189119e+02      
1.4000036e+02 1.6915212e+02      
1.3852299e+02 1.6626734e+02      
1.3704877e+02 1.6332236e+02      
1.3568795e+02 1.6039592e+02      
1.3460038e+02 1.5756204e+02      
1.3388451e+02 1.5488844e+02      
1.3361172e+02 1.5242832e+02      
1.3384925e+02 1.5022066e+02      
1.3464830e+02 1.4830897e+02      
1.3601660e+02 1.4676246e+02      
1.3791734e+02 1.4566231e+02      
1.4040430e+02 1.4497676e+02      
1.4347728e+02 1.4459760e+02      
1.4525425e+02 1.4557624e+02      
1.4580671e+02 1.4774673e+02      
1.4720173e+02 1.4969093e+02      
1.6584414e+02 1.5386491e+02      
1.6345608e+02 1.5179080e+02      
1.6151748e+02 1.4928034e+02      
1.6000943e+02 1.4640547e+02      
1.5884799e+02 1.4326088e+02      
1.5769230e+02 1.3995752e+02      
1.5599578e+02 1.3659657e+02      
1.5429588e+02 1.3325933e+02      
1.5290486e+02 1.3002696e+02      
1.5188219e+02 1.2698684e+02      
1.5128184e+02 1.2419618e+02      
1.5119704e+02 1.2166903e+02      
1.5171642e+02 1.1942649e+02      
1.5283230e+02 1.1757651e+02      
1.5429887e+02 1.1638408e+02      
1.5568371e+02 1.1616545e+02      
1.5713023e+02 1.1673148e+02      
1.5828222e+02 1.1814484e+02      
1.5923513e+02 1.2016947e+02      
1.6065592e+02 1.2221981e+02      
1.8031901e+02 1.2738627e+02      
1.7818729e+02 1.2503280e+02      
1.7658674e+02 1.2217349e+02      
1.7553139e+02 1.1888008e+02      
1.7501616e+02 1.1526379e+02      
1.7473685e+02 1.1148451e+02      
1.7231283e+02 1.0769070e+02      
1.7013543e+02 1.0391655e+02      
1.6842948e+02 1.0024067e+02      
1.6706903e+02 9.6821769e+01      
1.6604962e+02 9.3739768e+01      
1.6553758e+02 9.0928315e+01      
1.6576411e+02 8.8288361e+01      
1.6676813e+02 8.5941800e+01      
1.6814176e+02 8.4399827e+01      
1.6818631e+02 8.4891907e+01      
1.6832084e+02 8.6375421e+01      
1.6874281e+02 8.8435366e+01      
1.6952616e+02 9.0775495e+01      
1.7083404e+02 9.3098402e+01      
1.9146199e+02 9.9447813e+01      
1.8956885e+02 9.6809096e+01      
1.8831546e+02 9.3576932e+01      
1.8776330e+02 8.9807141e+01      
1.8781975e+02 8.5623612e+01      
1.8778352e+02 8.1259223e+01      
1.8527964e+02 7.7089217e+01      
1.8281996e+02 7.2856121e+01      
1.8097537e+02 6.8594500e+01      
1.7930925e+02 6.4763133e+01      
1.7770957e+02 6.1518986e+01      
1.7649165e+02 5.8621362e+01      
1.7633012e+02 5.5553811e+01      
1.7724052e+02 5.2529632e+01      
1.7776813e+02 5.1093415e+01      
1.7748247e+02 5.1664863e+01      
1.7654471e+02 5.4117040e+01      
1.7621087e+02 5.7037300e+01      
1.7659736e+02 5.9982351e+01      
1.7766678e+02 6.2768088e+01      
1.9904366e+02 7.0557579e+01      
1.9731306e+02 6.7653110e+01      
1.9635509e+02 6.4048312e+01      
1.9631947e+02 5.9760130e+01      
1.9698469e+02 5.4956581e+01      
1.9646721e+02 5.0186947e+01      
1.9449855e+02 4.5503603e+01      
1.9175060e+02 4.0826751e+01      
1.9018305e+02 3.5655124e+01      
1.8824957e+02 3.1392620e+01      
1.8590257e+02 2.8193667e+01      
1.8339725e+02 2.5784580e+01      
1.8266240e+02 2.2371431e+01      
1.8260813e+02 1.9391227e+01      
1.8248651e+02 1.7895967e+01      
1.8196331e+02 1.8418601e+01      
1.8104261e+02 2.0958651e+01      
1.8013784e+02 2.4792034e+01      
1.8020750e+02 2.8391111e+01      
1.8104821e+02 3.1757232e+01      
2.0291122e+02 4.1233926e+01      
2.0118009e+02 3.8124843e+01      
2.0027644e+02 3.4237875e+01      
2.0052670e+02 2.9493107e+01      
2.0036047e+02 2.4580022e+01      
1.9941796e+02 1.9594739e+01      
1.9772429e+02 1.4498750e+01      
1.9568391e+02 9.1355358e+00      
1.9376401e+02 3.5249025e+00      
1.9150349e+02 -1.0276691e+00      
1.8860159e+02 -4.1614056e+00      
1.8528002e+02 -6.0652574e+00      
1.8341902e+02 -8.8292824e+00      
1.8278831e+02 -1.2198742e+01      
1.8228633e+02 -1.4123483e+01      
1.8162818e+02 -1.3842373e+01      
1.8067351e+02 -1.1090445e+01      
1.8015790e+02 -7.4986601e+00      
1.8025142e+02 -3.4909643e+00      
1.8091908e+02 6.3028498e-01      
2.0303430e+02 1.1978435e+01      
2.0110254e+02 8.7452072e+00      
1.9971702e+02 4.8089727e+00      
1.9880050e+02 2.8472247e-01      
1.9778646e+02 -4.5306339e+00      
1.9643077e+02 -9.5273785e+00      
1.9477689e+02 -1.4765521e+01      
1.9310006e+02 -2.0468079e+01      
1.9165393e+02 -2.6706091e+01      
1.8931060e+02 -3.1501443e+01      
1.8610378e+02 -3.4724234e+01      
1.8235601e+02 -3.6509420e+01      
1.7976593e+02 -3.8827465e+01      
1.7829107e+02 -4.1672133e+01      
1.7755688e+02 -4.4318749e+01      
1.7698503e+02 -4.4724657e+01      
1.7655957e+02 -4.2927360e+01      
1.7649510e+02 -3.9594242e+01      
1.7677043e+02 -3.5154952e+01      
1.7724982e+02 -2.9876199e+01      
1.9952225e+02 -1.6736580e+01      
1.9729589e+02 -2.0065582e+01      
1.9536616e+02 -2.4041653e+01      
1.9364775e+02 -2.8477349e+01      
1.9195909e+02 -3.3174293e+01      
1.9018191e+02 -3.8036626e+01      
1.8833341e+02 -4.3119646e+01      
1.8656054e+02 -4.8612377e+01      
1.8494014e+02 -5.4524598e+01      
1.8244493e+02 -5.9182628e+01      
1.7910363e+02 -6.2682833e+01      
1.7515351e+02 -6.5230058e+01      
1.7215658e+02 -6.7555516e+01      
1.7005135e+02 -7.0218108e+01      
1.6880551e+02 -7.2522831e+01      
1.6827973e+02 -7.3747125e+01      
1.6822536e+02 -7.2423443e+01      
1.6862688e+02 -6.9032837e+01      
1.6925632e+02 -6.4314803e+01      
1.7000097e+02 -5.8684699e+01      
1.9257401e+02 -4.4441125e+01      
1.9006078e+02 -4.7892118e+01      
1.8769250e+02 -5.2052593e+01      
1.8542710e+02 -5.6551013e+01      
1.8321336e+02 -6.1155206e+01      
1.8102266e+02 -6.5756157e+01      
1.7886439e+02 -7.0369442e+01      
1.7674203e+02 -7.5149157e+01      
1.7448437e+02 -7.9388684e+01      
1.7174416e+02 -8.3451859e+01      
1.6843405e+02 -8.7159284e+01      
1.6472325e+02 -9.0710118e+01      
1.6109965e+02 -9.4529387e+01      
1.5841071e+02 -9.7660121e+01      
1.5673867e+02 -9.9903854e+01      
1.5605474e+02 -1.0077470e+02      
1.5626748e+02 -9.9382144e+01      
1.5722821e+02 -9.5356349e+01      
1.5828373e+02 -9.0453163e+01      
1.5947310e+02 -8.5311549e+01      
1.8242727e+02 -7.0636960e+01      
1.7967258e+02 -7.4162144e+01      
1.7695140e+02 -7.8698406e+01      
1.7423843e+02 -8.3372085e+01      
1.7157416e+02 -8.7924478e+01      
1.6899683e+02 -9.2201459e+01      
1.6653836e+02 -9.6045871e+01      
1.6416476e+02 -9.9304095e+01      
1.6159823e+02 -1.0272648e+02      
1.5868591e+02 -1.0631608e+02      
1.5537579e+02 -1.1000749e+02      
1.5168991e+02 -1.1395488e+02      
1.4774503e+02 -1.1837517e+02      
1.4456620e+02 -1.2206699e+02      
1.4254282e+02 -1.2466208e+02      
1.4175855e+02 -1.2579290e+02      
1.4216749e+02 -1.2476426e+02      
1.4323551e+02 -1.2037343e+02      
1.4460327e+02 -1.1510562e+02      
1.4612304e+02 -1.0989680e+02      
1.6934359e+02 -9.4857411e+01      
1.6640958e+02 -9.8164033e+01      
1.6342300e+02 -1.0230558e+02      
1.6033610e+02 -1.0712138e+02      
1.5728311e+02 -1.1167584e+02      
1.5437243e+02 -1.1570469e+02      
1.5168662e+02 -1.1897959e+02      
1.4920766e+02 -1.2143048e+02      
1.4652182e+02 -1.2425227e+02      
1.4353451e+02 -1.2744574e+02      
1.4023227e+02 -1.3092214e+02      
1.3662483e+02 -1.3472558e+02      
1.3278219e+02 -1.3890315e+02      
1.2905766e+02 -1.4318749e+02      
1.2673492e+02 -1.4638872e+02      
1.2581859e+02 -1.4821257e+02      
1.2588787e+02 -1.4737293e+02      
1.2683789e+02 -1.4368124e+02      
1.2851888e+02 -1.3779900e+02      
1.3034277e+02 -1.3214804e+02      
1.5360488e+02 -1.1677913e+02      
1.5056290e+02 -1.1973060e+02      
1.4743016e+02 -1.2334821e+02      
1.4417335e+02 -1.2754532e+02      
1.4078368e+02 -1.3207711e+02      
1.3756641e+02 -1.3599035e+02      
1.3468770e+02 -1.3898316e+02      
1.3216345e+02 -1.4105062e+02      
1.2943534e+02 -1.4347119e+02      
1.2643482e+02 -1.4630409e+02      
1.2318117e+02 -1.4945580e+02      
1.1968572e+02 -1.5291929e+02      
1.1593316e+02 -1.5676125e+02      
1.1210770e+02 -1.6098024e+02      
1.0972901e+02 -1.6456270e+02      
1.0833899e+02 -1.6644851e+02      
1.0800979e+02 -1.6589781e+02      
1.0879156e+02 -1.6272983e+02      
1.1047752e+02 -1.5746331e+02      
1.1258687e+02 -1.5136295e+02      
1.3550997e+02 -1.3617190e+02      
1.3242533e+02 -1.3873361e+02      
1.2923587e+02 -1.4182340e+02      
1.2593034e+02 -1.4535766e+02      
1.2250226e+02 -1.4918790e+02      
1.1900400e+02 -1.5302527e+02      
1.1591495e+02 -1.5593419e+02      
1.1333126e+02 -1.5785659e+02      
1.1057422e+02 -1.6003083e+02      
1.0759011e+02 -1.6254865e+02      
1.0442336e+02 -1.6532826e+02      
1.0109672e+02 -1.6834039e+02      
9.7592824e+01 -1.7160831e+02      
9.4049003e+01 -1.7506136e+02      
9.1902156e+01 -1.7772013e+02      
8.9960642e+01 -1.7996103e+02      
8.9200540e+01 -1.7978010e+02      
8.9872531e+01 -1.7685820e+02      
9.1641976e+01 -1.7176065e+02      
9.3391485e+01 -1.6676176e+02      
1.1537501e+02 -1.5283910e+02      
1.1229950e+02 -1.5501211e+02      
1.0911561e+02 -1.5760849e+02      
1.0583231e+02 -1.6054124e+02      
1.0246346e+02 -1.6368609e+02      
9.9048402e+01 -1.6686129e+02      
9.5724838e+01 -1.6975668e+02      
9.3006566e+01 -1.7169389e+02      
9.0187027e+01 -1.7373206e+02      
8.7225723e+01 -1.7597346e+02      
8.4171545e+01 -1.7836522e+02      
8.1067797e+01 -1.8086277e+02      
7.7980156e+01 -1.8340506e+02      
7.5130243e+01 -1.8581027e+02      
7.2895533e+01 -1.8774023e+02      
7.1088562e+01 -1.8908126e+02      
6.9876867e+01 -1.8925801e+02      
7.0512430e+01 -1.8642133e+02      
7.1639338e+01 -1.8263311e+02      
7.2890479e+01 -1.7872478e+02      
9.3535652e+01 -1.6661107e+02      
9.0507952e+01 -1.6841505e+02      
8.7372053e+01 -1.7056268e+02      
8.4150273e+01 -1.7297205e+02      
8.0872773e+01 -1.7553370e+02      
7.7587632e+01 -1.7810838e+02      
7.4396923e+01 -1.8050397e+02      
7.1426082e+01 -1.8254704e+02      
6.8510039e+01 -1.8449252e+02      
6.5576179e+01 -1.8647034e+02      
6.2642219e+01 -1.8847837e+02      
5.9756210e+01 -1.9047237e+02      
5.7002849e+01 -1.9236753e+02      
5.4522801e+01 -1.9401672e+02      
5.2457231e+01 -1.9522694e+02      
5.0868748e+01 -1.9578988e+02      
4.9925345e+01 -1.9532992e+02      
4.9907965e+01 -1.9340682e+02      
5.0434847e+01 -1.9063680e+02      
5.1224649e+01 -1.8756720e+02      
