6.9724495e+00 2.2376515e+02      
7.0550018e+00 2.1999968e+02      
7.7901942e+00 2.1635364e+02      
9.1335724e+00 2.1291720e+02      
1.1009666e+01 2.0980105e+02      
1.3299580e+01 2.0713801e+02      
1.5843205e+01 2.0506932e+02      
1.8535144e+01 2.0368978e+02      
2.1411583e+01 2.0300399e+02      
2.4407440e+01 2.0300860e+02      
2.7024386e+01 2.0373401e+02      
2.7493447e+01 2.0507453e+02      
2.7597367e+01 2.0697882e+02      
2.7898755e+01 2.0924020e+02      
2.8577274e+01 2.1169225e+02      
2.9661107e+01 2.1423088e+02      
3.1142989e+01 2.1679044e+02      
3.3029846e+01 2.1932256e+02      
3.5349469e+01 2.2178554e+02      
3.8137911e+01 2.2413900e+02      
3.6274906e+01 2.1265508e+02      
3.6721308e+01 2.0870250e+02      
3.7873611e+01 2.0480794e+02      
3.9703310e+01 2.0105791e+02      
4.2144876e+01 1.9757419e+02      
4.5066035e+01 1.9452925e+02      
4.8176733e+01 1.9216029e+02      
5.1135027e+01 1.9068598e+02      
5.4419895e+01 1.8995211e+02      
5.8030005e+01 1.8991400e+02      
6.0296297e+01 1.9071484e+02      
6.0847629e+01 1.9228961e+02      
6.0006375e+01 1.9454472e+02      
5.9510816e+01 1.9709982e+02      
5.9621963e+01 1.9971571e+02      
6.0241402e+01 2.0230344e+02      
6.1259506e+01 2.0482861e+02      
6.2658698e+01 2.0726320e+02      
6.4479412e+01 2.0958050e+02      
6.6777416e+01 2.1175053e+02      
6.4288169e+01 1.9819835e+02      
6.5101074e+01 1.9405427e+02      
6.6677476e+01 1.8988954e+02      
6.9024717e+01 1.8576684e+02      
7.2120146e+01 1.8179784e+02      
7.5834740e+01 1.7820324e+02      
7.9749407e+01 1.7537314e+02      
8.2400863e+01 1.7399902e+02      
8.5736088e+01 1.7333712e+02      
8.8738620e+01 1.7345731e+02      
9.0682527e+01 1.7444007e+02      
9.1257765e+01 1.7629236e+02      
9.0624959e+01 1.7887024e+02      
8.9485142e+01 1.8182900e+02      
8.9232308e+01 1.8461666e+02      
8.9489601e+01 1.8724424e+02      
9.0038257e+01 1.8972269e+02      
9.0879640e+01 1.9204703e+02      
9.2112386e+01 1.9421145e+02      
9.3839223e+01 1.9619983e+02      
9.0534881e+01 1.8068166e+02      
9.1691609e+01 1.7636341e+02      
9.3655184e+01 1.7193809e+02      
9.6497836e+01 1.6740473e+02      
1.0027183e+02 1.6282345e+02      
1.0474897e+02 1.5852988e+02      
1.0841652e+02 1.5555977e+02      
1.1106538e+02 1.5413538e+02      
1.1308650e+02 1.5410412e+02      
1.1566196e+02 1.5447471e+02      
1.1741870e+02 1.5567638e+02      
1.1794578e+02 1.5787835e+02      
1.1735467e+02 1.6089537e+02      
1.1701850e+02 1.6390565e+02      
1.1699684e+02 1.6674822e+02      
1.1706691e+02 1.6937592e+02      
1.1711961e+02 1.7177486e+02      
1.1727387e+02 1.7395539e+02      
1.1778970e+02 1.7594819e+02      
1.1885779e+02 1.7775533e+02      
1.1457928e+02 1.6043580e+02      
1.1603688e+02 1.5598982e+02      
1.1828661e+02 1.5137824e+02      
1.2144607e+02 1.4652075e+02      
1.2572428e+02 1.4130022e+02      
1.2985505e+02 1.3680392e+02      
1.3320425e+02 1.3372537e+02      
1.3559815e+02 1.3234752e+02      
1.3722582e+02 1.3253696e+02      
1.3856559e+02 1.3374196e+02      
1.4031760e+02 1.3505355e+02      
1.4087943e+02 1.3761219e+02      
1.4147542e+02 1.4054982e+02      
1.4231490e+02 1.4358677e+02      
1.4285864e+02 1.4646261e+02      
1.4285318e+02 1.4906509e+02      
1.4228451e+02 1.5133949e+02      
1.4143290e+02 1.5329564e+02      
1.4103460e+02 1.5508556e+02      
1.4136807e+02 1.5671894e+02      
1.3604107e+02 1.3781659e+02      
1.3777133e+02 1.3330773e+02      
1.4019666e+02 1.2863789e+02      
1.4324174e+02 1.2378530e+02      
1.4687113e+02 1.1877644e+02      
1.5082755e+02 1.1390219e+02      
1.5392003e+02 1.1063870e+02      
1.5594943e+02 1.0942081e+02      
1.5706665e+02 1.1003698e+02      
1.5832516e+02 1.1115726e+02      
1.5976311e+02 1.1273671e+02      
1.6111149e+02 1.1503923e+02      
1.6287750e+02 1.1786835e+02      
1.6532959e+02 1.2105877e+02      
1.6655592e+02 1.2398376e+02      
1.6649636e+02 1.2656865e+02      
1.6517576e+02 1.2871922e+02      
1.6273788e+02 1.3032638e+02      
1.6129612e+02 1.3192569e+02      
1.6090370e+02 1.3342218e+02      
1.5458513e+02 1.1318879e+02      
1.5662845e+02 1.0867333e+02      
1.5930321e+02 1.0404879e+02      
1.6212784e+02 9.9311981e+01      
1.6497217e+02 9.4587773e+01      
1.6799604e+02 9.0181429e+01      
1.7085225e+02 8.6647259e+01      
1.7253201e+02 8.5620563e+01      
1.7390128e+02 8.5674610e+01      
1.7525113e+02 8.6483579e+01      
1.7666975e+02 8.8010638e+01      
1.7833553e+02 9.0200396e+01      
1.8068695e+02 9.2906836e+01      
1.8385346e+02 9.5949523e+01      
1.8543081e+02 9.8823974e+01      
1.8528504e+02 1.0139862e+02      
1.8345102e+02 1.0356028e+02      
1.8015659e+02 1.0522611e+02      
1.7798933e+02 1.0680174e+02      
1.7703390e+02 1.0823524e+02      
1.6987824e+02 8.6922207e+01      
1.7226844e+02 8.2409943e+01      
1.7553237e+02 7.7887799e+01      
1.7821286e+02 7.3223902e+01      
1.8012026e+02 6.8631987e+01      
1.8236198e+02 6.4592734e+01      
1.8458773e+02 6.1500734e+01      
1.8638877e+02 5.9828112e+01      
1.8794846e+02 5.9274887e+01      
1.8936295e+02 5.9714121e+01      
1.9059540e+02 6.1208921e+01      
1.9208794e+02 6.3434842e+01      
1.9435196e+02 6.6085861e+01      
1.9747634e+02 6.8920725e+01      
1.9897658e+02 7.1709294e+01      
1.9870158e+02 7.4293697e+01      
1.9667921e+02 7.6564139e+01      
1.9313393e+02 7.8469309e+01      
1.9069240e+02 8.0142621e+01      
1.8943582e+02 8.1579069e+01      
1.8160818e+02 5.9412787e+01      
1.8410328e+02 5.4828401e+01      
1.8743555e+02 5.0195773e+01      
1.9010079e+02 4.5514849e+01      
1.9187554e+02 4.1032361e+01      
1.9385500e+02 3.7139840e+01      
1.9576550e+02 3.4117688e+01      
1.9748530e+02 3.2082126e+01      
1.9910505e+02 3.1011996e+01      
2.0058400e+02 3.1024262e+01      
2.0121714e+02 3.2752816e+01      
2.0206098e+02 3.5251228e+01      
2.0360601e+02 3.8038569e+01      
2.0594367e+02 4.0812515e+01      
2.0694784e+02 4.3577975e+01      
2.0651104e+02 4.6187347e+01      
2.0464285e+02 4.8558263e+01      
2.0148104e+02 5.0675359e+01      
1.9923308e+02 5.2451652e+01      
1.9794492e+02 5.3915447e+01      
1.8961959e+02 3.1114687e+01      
1.9198050e+02 2.6405752e+01      
1.9484821e+02 2.1581193e+01      
1.9766162e+02 1.6757672e+01      
2.0018824e+02 1.2176916e+01      
2.0244204e+02 8.2056458e+00      
2.0408162e+02 5.1707690e+00      
2.0552573e+02 2.9138703e+00      
2.0700458e+02 1.4451804e+00      
2.0791862e+02 1.5539498e+00      
2.0821211e+02 3.2659820e+00      
2.0813481e+02 6.2621750e+00      
2.0851469e+02 9.4352422e+00      
2.0920410e+02 1.2451227e+01      
2.0941595e+02 1.5281099e+01      
2.0880807e+02 1.7908124e+01      
2.0736641e+02 2.0298880e+01      
2.0540126e+02 2.2422722e+01      
2.0369888e+02 2.4234243e+01      
2.0255915e+02 2.5718853e+01      
1.9391161e+02 2.5272819e+00      
1.9619711e+02 -2.3193080e+00      
1.9901159e+02 -7.3704630e+00      
2.0215563e+02 -1.2501728e+01      
2.0539829e+02 -1.7448500e+01      
2.0828668e+02 -2.1740531e+01      
2.0924147e+02 -2.4543756e+01      
2.1006579e+02 -2.6786294e+01      
2.1067909e+02 -2.7904251e+01      
2.1093044e+02 -2.7574792e+01      
2.1075270e+02 -2.5750761e+01      
2.1022812e+02 -2.2706048e+01      
2.0960713e+02 -1.9074786e+01      
2.0931036e+02 -1.5875237e+01      
2.0892067e+02 -1.2995338e+01      
2.0816311e+02 -1.0362218e+01      
2.0700768e+02 -7.9767223e+00      
2.0563739e+02 -5.8606887e+00      
2.0435930e+02 -4.0420787e+00      
2.0339340e+02 -2.5451646e+00      
1.9449219e+02 -2.5831219e+01      
1.9676500e+02 -3.0794652e+01      
1.9971231e+02 -3.6103996e+01      
2.0330940e+02 -4.1693482e+01      
2.0722555e+02 -4.7190809e+01      
2.0979394e+02 -5.1410611e+01      
2.1067931e+02 -5.4065946e+01      
2.1023164e+02 -5.5292924e+01      
2.0996090e+02 -5.6040389e+01      
2.0956266e+02 -5.5470349e+01      
2.0887289e+02 -5.3391261e+01      
2.0785460e+02 -5.0081266e+01      
2.0697754e+02 -4.6756530e+01      
2.0625738e+02 -4.3667473e+01      
2.0553306e+02 -4.0829602e+01      
2.0466407e+02 -3.8224683e+01      
2.0362635e+02 -3.5859119e+01      
2.0250809e+02 -3.3753471e+01      
2.0145739e+02 -3.1933603e+01      
2.0060678e+02 -3.0425975e+01      
1.9136098e+02 -5.3445648e+01      
1.9355591e+02 -5.8438626e+01      
1.9653371e+02 -6.3907904e+01      
2.0049388e+02 -6.9980598e+01      
2.0401297e+02 -7.5480640e+01      
2.0626111e+02 -7.9610385e+01      
2.0694385e+02 -8.2000266e+01      
2.0626254e+02 -8.2729446e+01      
2.0489757e+02 -8.2313193e+01      
2.0402061e+02 -8.1600239e+01      
2.0293812e+02 -7.9236010e+01      
2.0186144e+02 -7.6369430e+01      
2.0087315e+02 -7.3407039e+01      
1.9996277e+02 -7.0523237e+01      
1.9906500e+02 -6.7791348e+01      
1.9812108e+02 -6.5246936e+01      
1.9712077e+02 -6.2916781e+01      
1.9610905e+02 -6.0828137e+01      
1.9516425e+02 -5.9009331e+01      
1.9436540e+02 -5.7488804e+01      
1.8458695e+02 -7.9842332e+01      
1.8655716e+02 -8.4721954e+01      
1.8913768e+02 -8.9991698e+01      
1.9230907e+02 -9.5636699e+01      
1.9568029e+02 -1.0134826e+02      
1.9773213e+02 -1.0551236e+02      
1.9811425e+02 -1.0756885e+02      
1.9702529e+02 -1.0765327e+02      
1.9583388e+02 -1.0712189e+02      
1.9475913e+02 -1.0599296e+02      
1.9366078e+02 -1.0399541e+02      
1.9256430e+02 -1.0149374e+02      
1.9151030e+02 -9.8807038e+01      
1.9049927e+02 -9.6107919e+01      
1.8950844e+02 -9.3494715e+01      
1.8851555e+02 -9.1025353e+01      
1.8751945e+02 -8.8740161e+01      
1.8654595e+02 -8.6673046e+01      
1.8563926e+02 -8.4855593e+01      
1.8484697e+02 -8.3318181e+01      
1.7435384e+02 -1.0462091e+02      
1.7600476e+02 -1.0928167e+02      
1.7806909e+02 -1.1421399e+02      
1.8045668e+02 -1.1933613e+02      
1.8291014e+02 -1.2441150e+02      
1.8485369e+02 -1.2878575e+02      
1.8495403e+02 -1.3055942e+02      
1.8434334e+02 -1.3109013e+02      
1.8344608e+02 -1.3070111e+02      
1.8241611e+02 -1.2947706e+02      
1.8130601e+02 -1.2754268e+02      
1.8017807e+02 -1.2518178e+02      
1.7907576e+02 -1.2264668e+02      
1.7800742e+02 -1.2008279e+02      
1.7696514e+02 -1.1757553e+02      
1.7594100e+02 -1.1518170e+02      
1.7493747e+02 -1.1294430e+02      
1.7397065e+02 -1.1089999e+02      
1.7306673e+02 -1.0908232e+02      
1.7225447e+02 -1.0752299e+02      
1.6093380e+02 -1.2744219e+02      
1.6224936e+02 -1.3183771e+02      
1.6384274e+02 -1.3642453e+02      
1.6561284e+02 -1.4111316e+02      
1.6737407e+02 -1.4573513e+02      
1.6875113e+02 -1.4978697e+02      
1.6920723e+02 -1.5228725e+02      
1.6896721e+02 -1.5331611e+02      
1.6827968e+02 -1.5305793e+02      
1.6728230e+02 -1.5167367e+02      
1.6609912e+02 -1.4948293e+02      
1.6491451e+02 -1.4704728e+02      
1.6377680e+02 -1.4456913e+02      
1.6267854e+02 -1.4210038e+02      
1.6161099e+02 -1.3968434e+02      
1.6056986e+02 -1.3736205e+02      
1.5955795e+02 -1.3517175e+02      
1.5858563e+02 -1.3314924e+02      
1.5766876e+02 -1.3132845e+02      
1.5682456e+02 -1.2974168e+02      
1.4464367e+02 -1.4800330e+02      
1.4564567e+02 -1.5211565e+02      
1.4683870e+02 -1.5636769e+02      
1.4814316e+02 -1.6069999e+02      
1.4946542e+02 -1.6509419e+02      
1.5069585e+02 -1.6952517e+02      
1.5127847e+02 -1.7261023e+02      
1.5121424e+02 -1.7401864e+02      
1.5061723e+02 -1.7374698e+02      
1.4958466e+02 -1.7199023e+02      
1.4822440e+02 -1.6918126e+02      
1.4699667e+02 -1.6662486e+02      
1.4585227e+02 -1.6419896e+02      
1.4475071e+02 -1.6182091e+02      
1.4367947e+02 -1.5949318e+02      
1.4263516e+02 -1.5724108e+02      
1.4162009e+02 -1.5509685e+02      
1.4064111e+02 -1.5309430e+02      
1.3970783e+02 -1.5126693e+02      
1.3883018e+02 -1.4964714e+02      
1.2582476e+02 -1.6603129e+02      
1.2654611e+02 -1.6985066e+02      
1.2740027e+02 -1.7376393e+02      
1.2832500e+02 -1.7772015e+02      
1.2924850e+02 -1.8168741e+02      
1.3007519e+02 -1.8559949e+02      
1.3064530e+02 -1.8914950e+02      
1.3062733e+02 -1.9085290e+02      
1.3005098e+02 -1.9042516e+02      
1.2899441e+02 -1.8823910e+02      
1.2783114e+02 -1.8583096e+02      
1.2668870e+02 -1.8348399e+02      
1.2558478e+02 -1.8119788e+02      
1.2450795e+02 -1.7893874e+02      
1.2345299e+02 -1.7670870e+02      
1.2241950e+02 -1.7452952e+02      
1.2141021e+02 -1.7243122e+02      
1.2043000e+02 -1.7044670e+02      
1.1948468e+02 -1.6860925e+02      
1.1857949e+02 -1.6695124e+02      
1.0483829e+02 -1.8128866e+02      
1.0531254e+02 -1.8480989e+02      
1.0587778e+02 -1.8837644e+02      
1.0648188e+02 -1.9192818e+02      
1.0706083e+02 -1.9539996e+02      
1.0753724e+02 -1.9870450e+02      
1.0781293e+02 -2.0166278e+02      
1.0775741e+02 -2.0367837e+02      
1.0719030e+02 -2.0294907e+02      
1.0634227e+02 -2.0131997e+02      
1.0536497e+02 -1.9941100e+02      
1.0434170e+02 -1.9739154e+02      
1.0330830e+02 -1.9531481e+02      
1.0227784e+02 -1.9320466e+02      
1.0125597e+02 -1.9108406e+02      
1.0024675e+02 -1.8898144e+02      
9.9254146e+01 -1.8692902e+02      
9.8282123e+01 -1.8496052e+02      
9.7334183e+01 -1.8310957e+02      
9.6412501e+01 -1.8140872e+02      
8.2064121e+01 -1.9357961e+02      
8.2322854e+01 -1.9680498e+02      
8.2642586e+01 -2.0002844e+02      
8.2980030e+01 -2.0318165e+02      
8.3282350e+01 -2.0618580e+02      
8.3487868e+01 -2.0894574e+02      
8.3527964e+01 -2.1136921e+02      
8.3329436e+01 -2.1317041e+02      
8.2832742e+01 -2.1259816e+02      
8.2119947e+01 -2.1142309e+02      
8.1273654e+01 -2.0994014e+02      
8.0353404e+01 -2.0823466e+02      
7.9396462e+01 -2.0638113e+02      
7.8423793e+01 -2.0443087e+02      
7.7447277e+01 -2.0242445e+02      
7.6474322e+01 -2.0039907e+02      
7.5510017e+01 -1.9839103e+02      
7.4557896e+01 -1.9643591e+02      
7.3619967e+01 -1.9456815e+02      
7.2696336e+01 -1.9282055e+02      
