1.4487001e+01 2.3877508e+02      
1.2969328e+01 2.3647917e+02      
1.1920263e+01 2.3424070e+02      
1.1306125e+01 2.3212354e+02      
1.1079579e+01 2.3018775e+02      
1.1175126e+01 2.2848674e+02      
1.1503939e+01 2.2706593e+02      
1.1957832e+01 2.2596276e+02      
1.2434152e+01 2.2520652e+02      
1.2874953e+01 2.2481689e+02      
1.3294691e+01 2.2480205e+02      
1.3778639e+01 2.2515739e+02      
1.4451603e+01 2.2586582e+02      
1.5433923e+01 2.2689822e+02      
1.6810177e+01 2.2821250e+02      
1.8619115e+01 2.2975027e+02      
2.0859474e+01 2.3143536e+02      
2.3511741e+01 2.3318448e+02      
2.6569153e+01 2.3492897e+02      
3.0054303e+01 2.3662639e+02      
4.3156907e+01 2.2796971e+02      
4.1904691e+01 2.2548971e+02      
4.1144740e+01 2.2304409e+02      
4.0842583e+01 2.2070696e+02      
4.0950809e+01 2.1854771e+02      
4.1400389e+01 2.1662588e+02      
4.2079191e+01 2.1499046e+02      
4.2816708e+01 2.1368235e+02      
4.3424349e+01 2.1273583e+02      
4.3787339e+01 2.1217637e+02      
4.3925347e+01 2.1201572e+02      
4.3991143e+01 2.1224960e+02      
4.4206874e+01 2.1285986e+02      
4.4766561e+01 2.1381732e+02      
4.5784750e+01 2.1508151e+02      
4.7295319e+01 2.1659142e+02      
4.9257685e+01 2.1824651e+02      
5.1591524e+01 2.1991846e+02      
5.4257589e+01 2.2151583e+02      
5.7295582e+01 2.2301388e+02      
7.0629922e+01 2.1360340e+02      
6.9685289e+01 2.1090522e+02      
6.9260910e+01 2.0821607e+02      
6.9321607e+01 2.0562569e+02      
6.9827799e+01 2.0321760e+02      
7.0731762e+01 2.0105702e+02      
7.1926039e+01 1.9919232e+02      
7.3142850e+01 1.9766539e+02      
7.3996849e+01 1.9651710e+02      
7.4256455e+01 1.9578448e+02      
7.3947567e+01 1.9548532e+02      
7.3352577e+01 1.9561274e+02      
7.2906150e+01 1.9614441e+02      
7.2921705e+01 1.9705085e+02      
7.3532529e+01 1.9830184e+02      
7.4764076e+01 1.9985907e+02      
7.6517761e+01 2.0160366e+02      
7.8539701e+01 2.0326589e+02      
8.0729969e+01 2.0471343e+02      
8.3164783e+01 2.0595617e+02      
9.6443353e+01 1.9594024e+02      
9.5844177e+01 1.9298227e+02      
9.5798937e+01 1.9000033e+02      
9.6261594e+01 1.8711175e+02      
9.7197605e+01 1.8442816e+02      
9.8627873e+01 1.8201718e+02      
1.0057918e+02 1.7991130e+02      
1.0271711e+02 1.7814949e+02      
1.0403829e+02 1.7677669e+02      
1.0416438e+02 1.7586371e+02      
1.0312829e+02 1.7544022e+02      
1.0137205e+02 1.7548203e+02      
9.9961624e+01 1.7595790e+02      
9.9316040e+01 1.7682841e+02      
9.9485922e+01 1.7807811e+02      
1.0047683e+02 1.7972881e+02      
1.0220699e+02 1.8175310e+02      
1.0394664e+02 1.8346940e+02      
1.0558784e+02 1.8477609e+02      
1.0718052e+02 1.8564143e+02      
1.2015291e+02 1.7530683e+02      
1.1993236e+02 1.7203977e+02      
1.2031840e+02 1.6869085e+02      
1.2122126e+02 1.6542928e+02      
1.2254631e+02 1.6244666e+02      
1.2441296e+02 1.5980272e+02      
1.2721391e+02 1.5744257e+02      
1.3103399e+02 1.5540290e+02      
1.3298169e+02 1.5374401e+02      
1.3294232e+02 1.5263624e+02      
1.3095442e+02 1.5213070e+02      
1.2720839e+02 1.5214207e+02      
1.2464137e+02 1.5260475e+02      
1.2332422e+02 1.5344030e+02      
1.2305564e+02 1.5465338e+02      
1.2376188e+02 1.5629377e+02      
1.2529541e+02 1.5832399e+02      
1.2670228e+02 1.6004851e+02      
1.2782422e+02 1.6133306e+02      
1.2874405e+02 1.6217041e+02      
1.4133420e+02 1.5209495e+02      
1.4150874e+02 1.4847393e+02      
1.4241100e+02 1.4464183e+02      
1.4389155e+02 1.4082536e+02      
1.4547215e+02 1.3753270e+02      
1.4732990e+02 1.3480566e+02      
1.5036422e+02 1.3220034e+02      
1.5468617e+02 1.2963406e+02      
1.5685375e+02 1.2760020e+02      
1.5663362e+02 1.2628084e+02      
1.5405911e+02 1.2575449e+02      
1.4942120e+02 1.2597478e+02      
1.4614899e+02 1.2648323e+02      
1.4435623e+02 1.2725846e+02      
1.4372591e+02 1.2836774e+02      
1.4411414e+02 1.2987949e+02      
1.4533576e+02 1.3176263e+02      
1.4636020e+02 1.3345995e+02      
1.4702450e+02 1.3483742e+02      
1.4741835e+02 1.3587648e+02      
1.5959066e+02 1.2675757e+02      
1.6011177e+02 1.2278752e+02      
1.6153958e+02 1.1840373e+02      
1.6393221e+02 1.1367240e+02      
1.6558063e+02 1.1007921e+02      
1.6665332e+02 1.0767077e+02      
1.6920783e+02 1.0492493e+02      
1.7315392e+02 1.0183783e+02      
1.7505667e+02 9.9422254e+01      
1.7465866e+02 9.7852854e+01      
1.7197366e+02 9.7243672e+01      
1.6728880e+02 9.7616182e+01      
1.6391684e+02 9.8098373e+01      
1.6197535e+02 9.8733945e+01      
1.6113426e+02 9.9653705e+01      
1.6119911e+02 1.0094452e+02      
1.6198378e+02 1.0260298e+02      
1.6257493e+02 1.0427106e+02      
1.6285943e+02 1.0583242e+02      
1.6290607e+02 1.0723121e+02      
1.7459017e+02 9.9777442e+01      
1.7532049e+02 9.5547289e+01      
1.7690415e+02 9.0863681e+01      
1.7932135e+02 8.5774047e+01      
1.8090250e+02 8.1921867e+01      
1.8167230e+02 7.9377488e+01      
1.8341493e+02 7.6469706e+01      
1.8622372e+02 7.3120100e+01      
1.8743208e+02 7.0446361e+01      
1.8689712e+02 6.8552715e+01      
1.8455870e+02 6.7625611e+01      
1.8060283e+02 6.7775540e+01      
1.7770658e+02 6.7990780e+01      
1.7595632e+02 6.8362724e+01      
1.7512126e+02 6.8990176e+01      
1.7491123e+02 6.9986104e+01      
1.7504778e+02 7.1373315e+01      
1.7516068e+02 7.3037427e+01      
1.7512555e+02 7.4864447e+01      
1.7508445e+02 7.6761891e+01      
1.8611183e+02 7.1618363e+01      
1.8693799e+02 6.7217156e+01      
1.8838819e+02 6.2517342e+01      
1.9020174e+02 5.7804533e+01      
1.9173049e+02 5.3711604e+01      
1.9269708e+02 5.0376774e+01      
1.9326670e+02 4.7362602e+01      
1.9392544e+02 4.4380497e+01      
1.9411039e+02 4.1649070e+01      
1.9352306e+02 3.9319913e+01      
1.9184712e+02 3.7798274e+01      
1.8950962e+02 3.7027398e+01      
1.8750190e+02 3.6682155e+01      
1.8620679e+02 3.6682207e+01      
1.8575148e+02 3.6846875e+01      
1.8545573e+02 3.7499059e+01      
1.8525835e+02 3.8689174e+01      
1.8496933e+02 4.0421227e+01      
1.8451274e+02 4.2600169e+01      
1.8407560e+02 4.5029172e+01      
1.9403469e+02 4.2719937e+01      
1.9495828e+02 3.8139842e+01      
1.9639643e+02 3.3328228e+01      
1.9812261e+02 2.8551376e+01      
1.9976087e+02 2.4157013e+01      
2.0074835e+02 2.0431849e+01      
1.9957520e+02 1.7629689e+01      
1.9862070e+02 1.4897319e+01      
1.9786620e+02 1.2140268e+01      
1.9703474e+02 9.4719588e+00      
1.9574618e+02 7.4075468e+00      
1.9425665e+02 5.9432346e+00      
1.9301373e+02 4.9763830e+00      
1.9244488e+02 4.3856800e+00      
1.9305056e+02 3.7256052e+00      
1.9284768e+02 3.9117510e+00      
1.9268051e+02 4.8281875e+00      
1.9208030e+02 6.6983131e+00      
1.9097356e+02 9.4200947e+00      
1.8986805e+02 1.2536146e+01      
1.9827728e+02 1.3542577e+01      
1.9936252e+02 8.7109577e+00      
2.0099039e+02 3.5979063e+00      
2.0295676e+02 -1.5380954e+00      
2.0477953e+02 -6.3030843e+00      
2.0453262e+02 -9.8725368e+00      
2.0208159e+02 -1.2293078e+01      
2.0003860e+02 -1.4806560e+01      
1.9854885e+02 -1.7571996e+01      
1.9737841e+02 -2.0481660e+01      
1.9617035e+02 -2.2960330e+01      
1.9505099e+02 -2.4966888e+01      
1.9428031e+02 -2.6529265e+01      
1.9415205e+02 -2.7717130e+01      
1.9506489e+02 -2.9036313e+01      
1.9662243e+02 -3.0195787e+01      
1.9708096e+02 -2.9808485e+01      
1.9634678e+02 -2.7786350e+01      
1.9429808e+02 -2.4230644e+01      
1.9239475e+02 -2.0235437e+01      
1.9875866e+02 -1.5398773e+01      
2.0006240e+02 -2.0560883e+01      
2.0200163e+02 -2.6123965e+01      
2.0423840e+02 -3.1735234e+01      
2.0501283e+02 -3.6354809e+01      
2.0375043e+02 -3.9668464e+01      
2.0050442e+02 -4.1714038e+01      
1.9778122e+02 -4.4035818e+01      
1.9574994e+02 -4.6774402e+01      
1.9422030e+02 -4.9807189e+01      
1.9292267e+02 -5.2593008e+01      
1.9192556e+02 -5.5075002e+01      
1.9140043e+02 -5.7238917e+01      
1.9156765e+02 -5.9106002e+01      
1.9283591e+02 -6.1192735e+01      
1.9507564e+02 -6.3287411e+01      
1.9600779e+02 -6.3316710e+01      
1.9550699e+02 -6.1244684e+01      
1.9382701e+02 -5.7486725e+01      
1.9144266e+02 -5.2626812e+01      
1.9539261e+02 -4.3527477e+01      
1.9690130e+02 -4.9053830e+01      
1.9905968e+02 -5.5077158e+01      
2.0031712e+02 -6.0458098e+01      
2.0019606e+02 -6.4881152e+01      
1.9834438e+02 -6.8061711e+01      
1.9479028e+02 -6.9928908e+01      
1.9173850e+02 -7.2173751e+01      
1.8934524e+02 -7.4882193e+01      
1.8746533e+02 -7.7874095e+01      
1.8599669e+02 -8.0897372e+01      
1.8496908e+02 -8.3824970e+01      
1.8451360e+02 -8.6612009e+01      
1.8483605e+02 -8.9291998e+01      
1.8621438e+02 -9.2042541e+01      
1.8852130e+02 -9.4650656e+01      
1.8958770e+02 -9.4736485e+01      
1.8922837e+02 -9.2368935e+01      
1.8764769e+02 -8.8073388e+01      
1.8508117e+02 -8.2414966e+01      
1.8804753e+02 -7.0160540e+01      
1.8954907e+02 -7.5912136e+01      
1.9068755e+02 -8.1457212e+01      
1.9103593e+02 -8.6477484e+01      
1.9033892e+02 -9.0779719e+01      
1.8838575e+02 -9.4149707e+01      
1.8512141e+02 -9.6375942e+01      
1.8203088e+02 -9.8722106e+01      
1.7943438e+02 -1.0148904e+02      
1.7732452e+02 -1.0461023e+02      
1.7566288e+02 -1.0791584e+02      
1.7448716e+02 -1.1128584e+02      
1.7391365e+02 -1.1465318e+02      
1.7412346e+02 -1.1798302e+02      
1.7533676e+02 -1.2118648e+02      
1.7741386e+02 -1.2370601e+02      
1.7837685e+02 -1.2330283e+02      
1.7795689e+02 -1.2021870e+02      
1.7627104e+02 -1.1504230e+02      
1.7357970e+02 -1.0853117e+02      
1.7666913e+02 -9.4628359e+01      
1.7704541e+02 -9.9542419e+01      
1.7722700e+02 -1.0445980e+02      
1.7688614e+02 -1.0909870e+02      
1.7585864e+02 -1.1332355e+02      
1.7413841e+02 -1.1714144e+02      
1.7196227e+02 -1.2074871e+02      
1.6888495e+02 -1.2318397e+02      
1.6620914e+02 -1.2613551e+02      
1.6395111e+02 -1.2952234e+02      
1.6208355e+02 -1.3317508e+02      
1.6066015e+02 -1.3699712e+02      
1.5979325e+02 -1.4092490e+02      
1.5966264e+02 -1.4484887e+02      
1.6050967e+02 -1.4841496e+02      
1.6227139e+02 -1.4977194e+02      
1.6302021e+02 -1.4826226e+02      
1.6243992e+02 -1.4408117e+02      
1.6066287e+02 -1.3792581e+02      
1.5868821e+02 -1.3189146e+02      
1.6202876e+02 -1.1700307e+02      
1.6162828e+02 -1.2131821e+02      
1.6110384e+02 -1.2572541e+02      
1.6025135e+02 -1.3003523e+02      
1.5895836e+02 -1.3414309e+02      
1.5722203e+02 -1.3803940e+02      
1.5507958e+02 -1.4169695e+02      
1.5252189e+02 -1.4497698e+02      
1.4996964e+02 -1.4838899e+02      
1.4761039e+02 -1.5213209e+02      
1.4551060e+02 -1.5616900e+02      
1.4375115e+02 -1.6043907e+02      
1.4243708e+02 -1.6490673e+02      
1.4179392e+02 -1.6926424e+02      
1.4231558e+02 -1.7171755e+02      
1.4377548e+02 -1.7178661e+02      
1.4429142e+02 -1.6892944e+02      
1.4359836e+02 -1.6359530e+02      
1.4240801e+02 -1.5797720e+02      
1.4105204e+02 -1.5255159e+02      
1.4470108e+02 -1.3719906e+02      
1.4379321e+02 -1.4109764e+02      
1.4278021e+02 -1.4511788e+02      
1.4154433e+02 -1.4913659e+02      
1.4001133e+02 -1.5307214e+02      
1.3816156e+02 -1.5688909e+02      
1.3601412e+02 -1.6057884e+02      
1.3363626e+02 -1.6419935e+02      
1.3116261e+02 -1.6794808e+02      
1.2868741e+02 -1.7203582e+02      
1.2629384e+02 -1.7649484e+02      
1.2416679e+02 -1.8106840e+02      
1.2232635e+02 -1.8587530e+02      
1.2139510e+02 -1.8922412e+02      
1.2159675e+02 -1.9044913e+02      
1.2274577e+02 -1.8917629e+02      
1.2308107e+02 -1.8504204e+02      
1.2275356e+02 -1.8022806e+02      
1.2203143e+02 -1.7526877e+02      
1.2112108e+02 -1.7040453e+02      
1.2506204e+02 -1.5496740e+02      
1.2379364e+02 -1.5852983e+02      
1.2243203e+02 -1.6222772e+02      
1.2090826e+02 -1.6597427e+02      
1.1917578e+02 -1.6970614e+02      
1.1721925e+02 -1.7339139e+02      
1.1505363e+02 -1.7703452e+02      
1.1272137e+02 -1.8069447e+02      
1.1027401e+02 -1.8450532e+02      
1.0770635e+02 -1.8871838e+02      
1.0495448e+02 -1.9363066e+02      
1.0262596e+02 -1.9794637e+02      
1.0069826e+02 -2.0172839e+02      
9.9417487e+01 -2.0428471e+02      
9.9218175e+01 -2.0456701e+02      
1.0003534e+02 -2.0199913e+02      
1.0043052e+02 -1.9828658e+02      
1.0033794e+02 -1.9408017e+02      
9.9911160e+01 -1.8969314e+02      
9.9294556e+01 -1.8530997e+02      
1.0346557e+02 -1.7005731e+02      
1.0193266e+02 -1.7332465e+02      
1.0031616e+02 -1.7673126e+02      
9.8576412e+01 -1.8021084e+02      
9.6686642e+01 -1.8371218e+02      
9.4639033e+01 -1.8720611e+02      
9.2445503e+01 -1.9069106e+02      
9.0133461e+01 -1.9419897e+02      
8.7733943e+01 -1.9779778e+02      
8.5266594e+01 -2.0157784e+02      
8.2799080e+01 -2.0547468e+02      
8.0546206e+01 -2.0902248e+02      
7.8528147e+01 -2.1207582e+02      
7.6697474e+01 -2.1451223e+02      
7.5990081e+01 -2.1459562e+02      
7.6340159e+01 -2.1214719e+02      
7.6662627e+01 -2.0879092e+02      
7.6672598e+01 -2.0503742e+02      
7.6399013e+01 -2.0111129e+02      
7.5957401e+01 -1.9713852e+02      
8.0274870e+01 -1.8225014e+02      
7.8545730e+01 -1.8524432e+02      
7.6741275e+01 -1.8837362e+02      
7.4840739e+01 -1.9158344e+02      
7.2831406e+01 -1.9482887e+02      
7.0712564e+01 -1.9807904e+02      
6.8496523e+01 -2.0131951e+02      
6.6206739e+01 -2.0455111e+02      
6.3874521e+01 -2.0778050e+02      
6.1541156e+01 -2.1098936e+02      
5.9274722e+01 -2.1407031e+02      
5.7162781e+01 -2.1682209e+02      
5.5256184e+01 -2.1905933e+02      
5.3643969e+01 -2.2049498e+02      
5.2541346e+01 -2.2060175e+02      
5.1803732e+01 -2.1944097e+02      
5.2082321e+01 -2.1631005e+02      
5.2081647e+01 -2.1292404e+02      
5.1844208e+01 -2.0939894e+02      
5.1485810e+01 -2.0578288e+02      
