2.4101693e+01 2.3150552e+02      
2.3812819e+01 2.2919507e+02      
2.3867258e+01 2.2702797e+02      
2.3842842e+01 2.2513387e+02      
2.3096214e+01 2.2362512e+02      
2.2245531e+01 2.2247556e+02      
2.1685722e+01 2.2163869e+02      
2.1524125e+01 2.2108640e+02      
2.1796479e+01 2.2080457e+02      
2.2497313e+01 2.2078740e+02      
2.3594761e+01 2.2102865e+02      
2.5040392e+01 2.2151407e+02      
2.6775978e+01 2.2221705e+02      
2.8740989e+01 2.2309873e+02      
3.0883152e+01 2.2411265e+02      
3.3169399e+01 2.2521145e+02      
3.5590969e+01 2.2635099e+02      
3.8159686e+01 2.2748982e+02      
4.0900722e+01 2.2858758e+02      
4.3851463e+01 2.2960851e+02      
5.3687348e+01 2.2141135e+02      
5.4008998e+01 2.1887140e+02      
5.4893854e+01 2.1643558e+02      
5.5950958e+01 2.1430007e+02      
5.4433118e+01 2.1278296e+02      
5.3064564e+01 2.1166350e+02      
5.2206333e+01 2.1083840e+02      
5.1880461e+01 2.1026405e+02      
5.2088847e+01 2.0992975e+02      
5.2793807e+01 2.0984276e+02      
5.3935215e+01 2.1000998e+02      
5.5439309e+01 2.1042480e+02      
5.7220565e+01 2.1105949e+02      
5.9186621e+01 2.1186476e+02      
6.1254919e+01 2.1277935e+02      
6.3375739e+01 2.1374543e+02      
6.5543084e+01 2.1471713e+02      
6.7782085e+01 2.1565464e+02      
7.0124080e+01 2.1651155e+02      
7.2606219e+01 2.1724152e+02      
8.1799225e+01 2.0785404e+02      
8.2814848e+01 2.0499294e+02      
8.4468098e+01 2.0216544e+02      
8.5900386e+01 1.9970846e+02      
8.4346085e+01 1.9822275e+02      
8.2560524e+01 1.9721978e+02      
8.1362707e+01 1.9646458e+02      
8.0877828e+01 1.9588470e+02      
8.1059964e+01 1.9549272e+02      
8.1819214e+01 1.9532827e+02      
8.3060136e+01 1.9542413e+02      
8.4684733e+01 1.9578920e+02      
8.6578537e+01 1.9639646e+02      
8.8601442e+01 1.9717670e+02      
9.0614960e+01 1.9803686e+02      
9.2540531e+01 1.9889959e+02      
9.4388928e+01 1.9972476e+02      
9.6230762e+01 2.0049304e+02      
9.8107426e+01 2.0114868e+02      
1.0000969e+02 2.0159485e+02      
1.0779886e+02 1.9116122e+02      
1.0956105e+02 1.8788738e+02      
1.1207034e+02 1.8454848e+02      
1.1313766e+02 1.8195780e+02      
1.1230291e+02 1.8026655e+02      
1.1005220e+02 1.7945751e+02      
1.0850572e+02 1.7882484e+02      
1.0792629e+02 1.7822856e+02      
1.0817556e+02 1.7773972e+02      
1.0907208e+02 1.7746543e+02      
1.1048793e+02 1.7747755e+02      
1.1231888e+02 1.7781232e+02      
1.1443927e+02 1.7845434e+02      
1.1663766e+02 1.7929848e+02      
1.1864811e+02 1.8017153e+02      
1.2033290e+02 1.8095498e+02      
1.2174575e+02 1.8162891e+02      
1.2310538e+02 1.8226212e+02      
1.2454168e+02 1.8283919e+02      
1.2574483e+02 1.8300983e+02      
1.3092196e+02 1.7182084e+02      
1.3322265e+02 1.6815812e+02      
1.3506678e+02 1.6488289e+02      
1.3594385e+02 1.6220419e+02      
1.3570599e+02 1.6021779e+02      
1.3451404e+02 1.5896965e+02      
1.3286884e+02 1.5838966e+02      
1.3245373e+02 1.5764630e+02      
1.3294698e+02 1.5695950e+02      
1.3408856e+02 1.5650893e+02      
1.3575439e+02 1.5639875e+02      
1.3787507e+02 1.5670535e+02      
1.4039520e+02 1.5747378e+02      
1.4305159e+02 1.5857651e+02      
1.4516567e+02 1.5956734e+02      
1.4652705e+02 1.6027888e+02      
1.4724563e+02 1.6071225e+02      
1.4779811e+02 1.6108513e+02      
1.4897452e+02 1.6183046e+02      
1.4937703e+02 1.6175164e+02      
1.5044012e+02 1.5039715e+02      
1.5173058e+02 1.4714368e+02      
1.5296880e+02 1.4402871e+02      
1.5378378e+02 1.4126317e+02      
1.5408065e+02 1.3894388e+02      
1.5395093e+02 1.3711507e+02      
1.5373121e+02 1.3570979e+02      
1.5404482e+02 1.3448337e+02      
1.5498905e+02 1.3345552e+02      
1.5647273e+02 1.3273751e+02      
1.5842832e+02 1.3243105e+02      
1.6084075e+02 1.3264824e+02      
1.6383725e+02 1.3355725e+02      
1.6744125e+02 1.3523448e+02      
1.6969229e+02 1.3639565e+02      
1.7060188e+02 1.3702716e+02      
1.7030295e+02 1.3711701e+02      
1.6910131e+02 1.3669525e+02      
1.6916848e+02 1.3700347e+02      
1.6876463e+02 1.3676974e+02      
1.6674561e+02 1.2693472e+02      
1.6746807e+02 1.2388480e+02      
1.6835331e+02 1.2083679e+02      
1.6919515e+02 1.1793840e+02      
1.6993209e+02 1.1527772e+02      
1.7063222e+02 1.1289653e+02      
1.7145479e+02 1.1080269e+02      
1.7256786e+02 1.0900011e+02      
1.7405122e+02 1.0753179e+02      
1.7592148e+02 1.0646101e+02      
1.7816570e+02 1.0585685e+02      
1.8073511e+02 1.0583232e+02      
1.8377172e+02 1.0657412e+02      
1.8741077e+02 1.0811959e+02      
1.8935051e+02 1.0921076e+02      
1.8964968e+02 1.0975789e+02      
1.8843053e+02 1.0970887e+02      
1.8587490e+02 1.0904616e+02      
1.8436131e+02 1.0884123e+02      
1.8332320e+02 1.0864593e+02      
1.7995770e+02 1.0165644e+02      
1.8041893e+02 9.8657458e+01      
1.8114924e+02 9.5576142e+01      
1.8206246e+02 9.2505762e+01      
1.8315383e+02 8.9505779e+01      
1.8450296e+02 8.6604886e+01      
1.8615938e+02 8.3865468e+01      
1.8798675e+02 8.1464766e+01      
1.8997914e+02 7.9510765e+01      
1.9220457e+02 7.8047437e+01      
1.9478469e+02 7.7043303e+01      
1.9742601e+02 7.6601572e+01      
1.9974080e+02 7.6867341e+01      
2.0230234e+02 7.7857201e+01      
2.0328067e+02 7.8674812e+01      
2.0283672e+02 7.9168722e+01      
2.0107225e+02 7.9251068e+01      
1.9805272e+02 7.8891099e+01      
1.9594139e+02 7.8817962e+01      
1.9454049e+02 7.8880089e+01      
1.8993500e+02 7.4964663e+01      
1.9025821e+02 7.1951495e+01      
1.9091679e+02 6.8788980e+01      
1.9189279e+02 6.5535948e+01      
1.9323147e+02 6.2221543e+01      
1.9508229e+02 5.8825886e+01      
1.9759532e+02 5.5352009e+01      
2.0004709e+02 5.2320538e+01      
2.0250456e+02 4.9835243e+01      
2.0499980e+02 4.7992765e+01      
2.0814565e+02 4.6445891e+01      
2.1117731e+02 4.5440476e+01      
2.1183657e+02 4.5057745e+01      
2.1192726e+02 4.5328919e+01      
2.1135942e+02 4.5848123e+01      
2.1008906e+02 4.6356584e+01      
2.0816271e+02 4.6745249e+01      
2.0583068e+02 4.7044265e+01      
2.0379718e+02 4.7445125e+01      
2.0225563e+02 4.7935984e+01      
1.9653144e+02 4.7310387e+01      
1.9676296e+02 4.4255994e+01      
1.9736333e+02 4.1000791e+01      
1.9834707e+02 3.7584768e+01      
1.9977578e+02 3.4022112e+01      
2.0179508e+02 3.0278035e+01      
2.0453830e+02 2.6330753e+01      
2.0733535e+02 2.2750163e+01      
2.1033527e+02 1.9603341e+01      
2.1366971e+02 1.6991587e+01      
2.1771876e+02 1.4582588e+01      
2.2016462e+02 1.2803376e+01      
2.2033058e+02 1.1834733e+01      
2.1838640e+02 1.1731845e+01      
2.1623752e+02 1.2149396e+01      
2.1412750e+02 1.2769201e+01      
2.1199562e+02 1.3473811e+01      
2.0986893e+02 1.4281325e+01      
2.0793225e+02 1.5224720e+01      
2.0632209e+02 1.6260162e+01      
1.9964823e+02 1.9161675e+01      
1.9979621e+02 1.6059760e+01      
2.0031831e+02 1.2721350e+01      
2.0123787e+02 9.1792002e+00      
2.0260168e+02 5.4497392e+00      
2.0447723e+02 1.5362919e+00      
2.0687054e+02 -2.5063664e+00      
2.0965881e+02 -6.4982464e+00      
2.1304984e+02 -1.0397601e+01      
2.1749467e+02 -1.4265029e+01      
2.2130658e+02 -1.7717541e+01      
2.2337943e+02 -2.0350873e+01      
2.2323158e+02 -2.1947652e+01      
2.2101889e+02 -2.2456127e+01      
2.1756644e+02 -2.1879807e+01      
2.1484111e+02 -2.1086813e+01      
2.1251540e+02 -2.0107835e+01      
2.1038261e+02 -1.8860390e+01      
2.0844342e+02 -1.7341982e+01      
2.0674891e+02 -1.5645972e+01      
1.9924847e+02 -9.0111367e+00      
1.9930347e+02 -1.2155997e+01      
1.9971745e+02 -1.5558656e+01      
2.0051218e+02 -1.9187554e+01      
2.0171556e+02 -2.3023058e+01      
2.0335274e+02 -2.7052454e+01      
2.0542788e+02 -3.1252997e+01      
2.0794975e+02 -3.5598220e+01      
2.1102101e+02 -4.0104124e+01      
2.1472387e+02 -4.4792241e+01      
2.1864885e+02 -4.9468049e+01      
2.2060312e+02 -5.3036704e+01      
2.2011332e+02 -5.5162027e+01      
2.1757742e+02 -5.6170056e+01      
2.1450941e+02 -5.5600537e+01      
2.1184817e+02 -5.4809569e+01      
2.0951658e+02 -5.3653391e+01      
2.0738620e+02 -5.1991789e+01      
2.0541846e+02 -4.9831632e+01      
2.0361266e+02 -4.7298584e+01      
1.9536019e+02 -3.6745041e+01      
1.9530629e+02 -3.9924114e+01      
1.9558406e+02 -4.3369509e+01      
1.9621238e+02 -4.7046869e+01      
1.9720713e+02 -5.0937040e+01      
1.9857604e+02 -5.5039490e+01      
2.0031677e+02 -5.9372626e+01      
2.0242680e+02 -6.3982862e+01      
2.0490716e+02 -6.8960950e+01      
2.0770549e+02 -7.4407789e+01      
2.1051270e+02 -8.0034169e+01      
2.1244397e+02 -8.4630842e+01      
2.1148724e+02 -8.6813171e+01      
2.0957827e+02 -8.7772943e+01      
2.0737723e+02 -8.8058441e+01      
2.0509684e+02 -8.7602688e+01      
2.0291329e+02 -8.6416593e+01      
2.0084693e+02 -8.4363078e+01      
1.9887805e+02 -8.1477993e+01      
1.9696940e+02 -7.7927085e+01      
1.8807461e+02 -6.3591233e+01      
1.8789408e+02 -6.6797326e+01      
1.8801189e+02 -7.0266773e+01      
1.8844706e+02 -7.3954216e+01      
1.8920906e+02 -7.7837760e+01      
1.9029224e+02 -8.1931389e+01      
1.9167646e+02 -8.6286537e+01      
1.9333122e+02 -9.0997100e+01      
1.9521130e+02 -9.6234581e+01      
1.9724259e+02 -1.0236058e+02      
1.9923117e+02 -1.0954011e+02      
2.0020914e+02 -1.1453591e+02      
1.9970767e+02 -1.1714452e+02      
1.9826061e+02 -1.1772850e+02      
1.9625718e+02 -1.1652094e+02      
1.9426689e+02 -1.1645839e+02      
1.9225970e+02 -1.1538083e+02      
1.9030406e+02 -1.1296943e+02      
1.8839071e+02 -1.0934155e+02      
1.8646197e+02 -1.0486815e+02      
1.7754299e+02 -8.9119133e+01      
1.7721679e+02 -9.2353448e+01      
1.7715236e+02 -9.5841109e+01      
1.7737702e+02 -9.9504413e+01      
1.7789999e+02 -1.0330594e+02      
1.7870156e+02 -1.0727473e+02      
1.7973737e+02 -1.1149466e+02      
1.8095217e+02 -1.1607472e+02      
1.8227755e+02 -1.2117749e+02      
1.8361726e+02 -1.2714562e+02      
1.8476850e+02 -1.3413555e+02      
1.8518297e+02 -1.3894735e+02      
1.8473369e+02 -1.4158292e+02      
1.8355659e+02 -1.4215483e+02      
1.8187196e+02 -1.4084268e+02      
1.8001022e+02 -1.4089073e+02      
1.7811836e+02 -1.3995406e+02      
1.7630744e+02 -1.3722429e+02      
1.7453183e+02 -1.3299005e+02      
1.7275565e+02 -1.2898601e+02      
1.6397455e+02 -1.1291502e+02      
1.6348053e+02 -1.1619434e+02      
1.6320320e+02 -1.1973565e+02      
1.6320311e+02 -1.2335708e+02      
1.6349867e+02 -1.2698712e+02      
1.6405425e+02 -1.3067470e+02      
1.6477940e+02 -1.3459000e+02      
1.6560044e+02 -1.3882194e+02      
1.6644379e+02 -1.4342094e+02      
1.6720643e+02 -1.4840805e+02      
1.6772098e+02 -1.5341957e+02      
1.6776428e+02 -1.5734237e+02      
1.6724219e+02 -1.5978338e+02      
1.6619446e+02 -1.6078063e+02      
1.6473651e+02 -1.6078247e+02      
1.6300596e+02 -1.6078978e+02      
1.6114214e+02 -1.6039031e+02      
1.5953383e+02 -1.5737681e+02      
1.5789200e+02 -1.5382534e+02      
1.5621948e+02 -1.5042631e+02      
1.4763638e+02 -1.3457489e+02      
1.4695699e+02 -1.3790291e+02      
1.4641806e+02 -1.4159186e+02      
1.4618273e+02 -1.4515840e+02      
1.4627398e+02 -1.4853865e+02      
1.4665686e+02 -1.5174977e+02      
1.4712240e+02 -1.5524246e+02      
1.4760645e+02 -1.5901088e+02      
1.4805273e+02 -1.6298279e+02      
1.4837958e+02 -1.6702302e+02      
1.4847946e+02 -1.7082128e+02      
1.4824409e+02 -1.7393727e+02      
1.4761486e+02 -1.7609742e+02      
1.4659992e+02 -1.7729294e+02      
1.4525359e+02 -1.7776026e+02      
1.4363293e+02 -1.7786600e+02      
1.4182406e+02 -1.7756235e+02      
1.4035074e+02 -1.7492178e+02      
1.3879124e+02 -1.7199397e+02      
1.3717458e+02 -1.6912958e+02      
1.2884818e+02 -1.5371844e+02      
1.2799730e+02 -1.5700615e+02      
1.2722466e+02 -1.6064858e+02      
1.2677260e+02 -1.6408402e+02      
1.2667429e+02 -1.6721777e+02      
1.2688670e+02 -1.7007842e+02      
1.2711990e+02 -1.7317205e+02      
1.2731488e+02 -1.7647681e+02      
1.2743773e+02 -1.7987175e+02      
1.2743407e+02 -1.8320196e+02      
1.2723773e+02 -1.8625205e+02      
1.2678777e+02 -1.8878475e+02      
1.2604913e+02 -1.9063542e+02      
1.2502246e+02 -1.9176820e+02      
1.2373866e+02 -1.9226019e+02      
1.2224862e+02 -1.9220729e+02      
1.2065458e+02 -1.9146869e+02      
1.1910908e+02 -1.8968809e+02      
1.1754647e+02 -1.8740178e+02      
1.1595191e+02 -1.8498268e+02      
1.0796460e+02 -1.7003485e+02      
1.0698050e+02 -1.7318039e+02      
1.0602308e+02 -1.7664150e+02      
1.0538663e+02 -1.7987660e+02      
1.0510509e+02 -1.8278584e+02      
1.0513669e+02 -1.8538982e+02      
1.0514380e+02 -1.8815806e+02      
1.0508113e+02 -1.9105992e+02      
1.0493412e+02 -1.9397261e+02      
1.0466890e+02 -1.9676088e+02      
1.0424426e+02 -1.9927155e+02      
1.0362349e+02 -2.0135446e+02      
1.0278531e+02 -2.0289961e+02      
1.0172988e+02 -2.0386019e+02      
1.0047884e+02 -2.0424116e+02      
9.9073740e+01 -2.0405088e+02      
9.7575724e+01 -2.0324851e+02      
9.6040069e+01 -2.0182800e+02      
9.4479963e+01 -1.9996426e+02      
9.2899337e+01 -1.9787534e+02      
8.5357487e+01 -1.8329848e+02      
8.4300185e+01 -1.8621376e+02      
8.3244222e+01 -1.8938184e+02      
8.2471163e+01 -1.9236303e+02      
8.2000546e+01 -1.9507561e+02      
8.1806066e+01 -1.9751546e+02      
8.1571245e+01 -2.0004082e+02      
8.1268924e+01 -2.0261243e+02      
8.0890006e+01 -2.0513042e+02      
8.0410516e+01 -2.0748926e+02      
7.9802850e+01 -2.0957787e+02      
7.9043360e+01 -2.1129221e+02      
7.8118579e+01 -2.1255227e+02      
7.7028950e+01 -2.1331208e+02      
7.5789532e+01 -2.1355515e+02      
7.4428278e+01 -2.1327863e+02      
7.2980924e+01 -2.1248721e+02      
7.1479632e+01 -2.1122098e+02      
6.9944031e+01 -2.0958145e+02      
6.8386200e+01 -2.0770112e+02      
