2.8180180e+01 2.2995555e+02      
2.8122654e+01 2.2854220e+02      
2.8437131e+01 2.2726579e+02      
2.8991069e+01 2.2612576e+02      
2.9563367e+01 2.2505304e+02      
2.9795181e+01 2.2381359e+02      
2.9306320e+01 2.2208098e+02      
2.8427183e+01 2.2028868e+02      
2.7466345e+01 2.1875961e+02      
2.6604406e+01 2.1762457e+02      
2.5956510e+01 2.1691938e+02      
2.5606091e+01 2.1662998e+02      
2.5628831e+01 2.1672714e+02      
2.6097141e+01 2.1718110e+02      
2.7066836e+01 2.1796237e+02      
2.8544104e+01 2.1903775e+02      
3.0430785e+01 2.2036409e+02      
3.2547019e+01 2.2188771e+02      
3.4780423e+01 2.2355413e+02      
3.7138390e+01 2.2530921e+02      
5.8114098e+01 2.2005947e+02      
5.8543274e+01 2.1868939e+02      
5.9464721e+01 2.1751349e+02      
6.0762194e+01 2.1657454e+02      
6.2153572e+01 2.1581496e+02      
6.3058667e+01 2.1489197e+02      
6.2164146e+01 2.1240978e+02      
6.0725040e+01 2.0991454e+02      
5.9243700e+01 2.0786067e+02      
5.7932300e+01 2.0637189e+02      
5.6877921e+01 2.0541998e+02      
5.6138780e+01 2.0492814e+02      
5.5794033e+01 2.0483461e+02      
5.5946532e+01 2.0510088e+02      
5.6703535e+01 2.0569844e+02      
5.8147350e+01 2.0660049e+02      
6.0150396e+01 2.0776555e+02      
6.2188881e+01 2.0911552e+02      
6.4078792e+01 2.1059590e+02      
6.5817979e+01 2.1215150e+02      
8.6596331e+01 2.0656667e+02      
8.7536196e+01 2.0518489e+02      
8.9154966e+01 2.0407837e+02      
9.1405821e+01 2.0336348e+02      
9.3849113e+01 2.0292704e+02      
9.4881373e+01 2.0153512e+02      
9.4182850e+01 1.9899268e+02      
9.2032935e+01 1.9571805e+02      
8.9901055e+01 1.9309360e+02      
8.8084143e+01 1.9131698e+02      
8.6592184e+01 1.9022232e+02      
8.5395882e+01 1.8959700e+02      
8.4582691e+01 1.8934973e+02      
8.4307386e+01 1.8945148e+02      
8.4742231e+01 1.8988168e+02      
8.6130402e+01 1.9062502e+02      
8.8604760e+01 1.9167014e+02      
9.0589445e+01 1.9286825e+02      
9.2105400e+01 1.9419550e+02      
9.3135329e+01 1.9559622e+02      
1.1308200e+02 1.8968044e+02      
1.1446961e+02 1.8817118e+02      
1.1670411e+02 1.8697477e+02      
1.1995696e+02 1.8633294e+02      
1.2265178e+02 1.8532145e+02      
1.2387027e+02 1.8348262e+02      
1.2334792e+02 1.8075731e+02      
1.2140617e+02 1.7746071e+02      
1.1875862e+02 1.7434489e+02      
1.1651336e+02 1.7256225e+02      
1.1467751e+02 1.7158240e+02      
1.1292906e+02 1.7090173e+02      
1.1149983e+02 1.7052682e+02      
1.1063708e+02 1.7048295e+02      
1.1052820e+02 1.7075758e+02      
1.1141767e+02 1.7132944e+02      
1.1342799e+02 1.7215520e+02      
1.1498523e+02 1.7320741e+02      
1.1609316e+02 1.7442512e+02      
1.1672526e+02 1.7574853e+02      
1.3708779e+02 1.6969583e+02      
1.3879764e+02 1.6790940e+02      
1.4124662e+02 1.6626795e+02      
1.4435305e+02 1.6483355e+02      
1.4761762e+02 1.6339991e+02      
1.4912725e+02 1.6116055e+02      
1.4859856e+02 1.5810419e+02      
1.4664080e+02 1.5451021e+02      
1.4503591e+02 1.5147557e+02      
1.4249921e+02 1.5032897e+02      
1.4075608e+02 1.4989361e+02      
1.3830150e+02 1.4916887e+02      
1.3608616e+02 1.4867854e+02      
1.3447506e+02 1.4850375e+02      
1.3360683e+02 1.4863674e+02      
1.3357379e+02 1.4906614e+02      
1.3423275e+02 1.4977321e+02      
1.3501811e+02 1.5073008e+02      
1.3570297e+02 1.5188451e+02      
1.3625603e+02 1.5316993e+02      
1.5822178e+02 1.4701219e+02      
1.6019200e+02 1.4485282e+02      
1.6280154e+02 1.4265405e+02      
1.6583318e+02 1.4043897e+02      
1.6871666e+02 1.3812329e+02      
1.7042404e+02 1.3545499e+02      
1.6961786e+02 1.3198191e+02      
1.6845570e+02 1.2844362e+02      
1.6727584e+02 1.2568393e+02      
1.6487661e+02 1.2509434e+02      
1.6327482e+02 1.2505021e+02      
1.6089302e+02 1.2469485e+02      
1.5785450e+02 1.2414945e+02      
1.5546154e+02 1.2387679e+02      
1.5371417e+02 1.2386971e+02      
1.5278293e+02 1.2417234e+02      
1.5251937e+02 1.2479012e+02      
1.5262331e+02 1.2569454e+02      
1.5290294e+02 1.2683480e+02      
1.5331945e+02 1.2813681e+02      
1.7614842e+02 1.2210506e+02      
1.7839341e+02 1.1954296e+02      
1.8132221e+02 1.1678840e+02      
1.8465355e+02 1.1387766e+02      
1.8764398e+02 1.1082388e+02      
1.8822313e+02 1.0747763e+02      
1.8770739e+02 1.0372568e+02      
1.8701191e+02 9.9973273e+01      
1.8545830e+02 9.7773236e+01      
1.8311848e+02 9.7510780e+01      
1.8149946e+02 9.7691443e+01      
1.7904980e+02 9.7593014e+01      
1.7598332e+02 9.7278664e+01      
1.7311247e+02 9.6993460e+01      
1.7046251e+02 9.6818379e+01      
1.6889438e+02 9.7000283e+01      
1.6805913e+02 9.7546423e+01      
1.6766900e+02 9.8434821e+01      
1.6757669e+02 9.9617061e+01      
1.6774244e+02 1.0101105e+02      
1.9053784e+02 9.5492782e+01      
1.9306505e+02 9.2538190e+01      
1.9647722e+02 8.9237819e+01      
2.0036990e+02 8.5684443e+01      
2.0283845e+02 8.2072009e+01      
2.0341424e+02 7.8304760e+01      
2.0248244e+02 7.4254708e+01      
2.0093521e+02 7.1079223e+01      
1.9901898e+02 6.9084616e+01      
1.9695070e+02 6.8385557e+01      
1.9497149e+02 6.8707244e+01      
1.9214695e+02 6.8658417e+01      
1.8861167e+02 6.8375873e+01      
1.8568692e+02 6.8068149e+01      
1.8332746e+02 6.7860588e+01      
1.8165024e+02 6.7933050e+01      
1.8052109e+02 6.8415817e+01      
1.7978746e+02 6.9321901e+01      
1.7936279e+02 7.0608813e+01      
1.7921635e+02 7.2190777e+01      
2.0106204e+02 6.7718887e+01      
2.0369985e+02 6.4445170e+01      
2.0754481e+02 6.0632593e+01      
2.1100487e+02 5.6631251e+01      
2.1312743e+02 5.2678909e+01      
2.1353943e+02 4.8893873e+01      
2.1231617e+02 4.5456988e+01      
2.0987491e+02 4.2809051e+01      
2.0760143e+02 4.0839763e+01      
2.0544754e+02 3.9674070e+01      
2.0344835e+02 3.9095703e+01      
2.0024848e+02 3.8743155e+01      
1.9714461e+02 3.8335804e+01      
1.9452712e+02 3.7923361e+01      
1.9250411e+02 3.7540787e+01      
1.9101446e+02 3.7353459e+01      
1.8974444e+02 3.7779739e+01      
1.8876777e+02 3.8727115e+01      
1.8805173e+02 4.0178782e+01      
1.8755220e+02 4.2078721e+01      
2.0751657e+02 3.9314237e+01      
2.0975712e+02 3.5905966e+01      
2.1275136e+02 3.1986130e+01      
2.1610510e+02 2.7583932e+01      
2.1808757e+02 2.3362724e+01      
2.1831740e+02 1.9591835e+01      
2.1690006e+02 1.6392904e+01      
2.1494410e+02 1.3608944e+01      
2.1261327e+02 1.1492842e+01      
2.1004151e+02 1.0074474e+01      
2.0746905e+02 9.0609913e+00      
2.0468479e+02 8.2944757e+00      
2.0200749e+02 7.6817778e+00      
1.9970668e+02 7.1574011e+00      
1.9799235e+02 6.5559455e+00      
1.9699272e+02 5.7465564e+00      
1.9560024e+02 6.1104954e+00      
1.9451850e+02 6.9949366e+00      
1.9357311e+02 8.6382778e+00      
1.9267266e+02 1.1044682e+01      
2.0996292e+02 1.0746800e+01      
2.1164437e+02 7.3235040e+00      
2.1375073e+02 3.4617375e+00      
2.1604468e+02 -8.0634209e-01      
2.1796415e+02 -5.2861183e+00      
2.1807782e+02 -9.1088325e+00      
2.1790020e+02 -1.3045841e+01      
2.1658420e+02 -1.6272073e+01      
2.1428032e+02 -1.8616893e+01      
2.1109699e+02 -2.0020082e+01      
2.0827973e+02 -2.1316961e+01      
2.0570354e+02 -2.2423913e+01      
2.0330122e+02 -2.3201741e+01      
2.0116830e+02 -2.3679616e+01      
1.9949459e+02 -2.4146813e+01      
1.9839982e+02 -2.4878035e+01      
1.9775182e+02 -2.5736594e+01      
1.9684033e+02 -2.5239939e+01      
1.9574970e+02 -2.3412399e+01      
1.9444983e+02 -2.0338105e+01      
2.0859146e+02 -1.7558147e+01      
2.0974204e+02 -2.0934477e+01      
2.1110762e+02 -2.4681344e+01      
2.1249895e+02 -2.8741767e+01      
2.1357853e+02 -3.2964457e+01      
2.1402574e+02 -3.7163333e+01      
2.1425089e+02 -4.1530141e+01      
2.1327895e+02 -4.5150901e+01      
2.1122320e+02 -4.7915244e+01      
2.0825027e+02 -4.9758779e+01      
2.0562934e+02 -5.1567858e+01      
2.0331501e+02 -5.3134272e+01      
2.0114002e+02 -5.4084751e+01      
1.9898854e+02 -5.4151761e+01      
1.9719018e+02 -5.4113046e+01      
1.9595315e+02 -5.4531924e+01      
1.9530413e+02 -5.5569580e+01      
1.9443202e+02 -5.5308027e+01      
1.9323548e+02 -5.3278723e+01      
1.9171792e+02 -4.9648981e+01      
2.0360404e+02 -4.5189206e+01      
2.0429705e+02 -4.8487361e+01      
2.0508754e+02 -5.2112055e+01      
2.0583207e+02 -5.6004495e+01      
2.0635086e+02 -6.0077844e+01      
2.0652593e+02 -6.4257431e+01      
2.0628595e+02 -6.8439330e+01      
2.0534582e+02 -7.2297554e+01      
2.0369169e+02 -7.5673984e+01      
2.0156426e+02 -7.8590313e+01      
1.9945568e+02 -8.1261538e+01      
1.9753656e+02 -8.3541110e+01      
1.9569827e+02 -8.4844912e+01      
1.9323640e+02 -8.3712004e+01      
1.9121338e+02 -8.2775322e+01      
1.8970990e+02 -8.2439238e+01      
1.8862757e+02 -8.2608949e+01      
1.8771071e+02 -8.2609890e+01      
1.8640647e+02 -8.0233721e+01      
1.8475520e+02 -7.6002578e+01      
1.9520496e+02 -7.1742739e+01      
1.9551949e+02 -7.4945148e+01      
1.9586643e+02 -7.8447056e+01      
1.9614547e+02 -8.2201422e+01      
1.9624651e+02 -8.6153236e+01      
1.9607548e+02 -9.0246083e+01      
1.9554785e+02 -9.4406770e+01      
1.9458640e+02 -9.8531019e+01      
1.9320772e+02 -1.0251555e+02      
1.9156758e+02 -1.0632347e+02      
1.8990602e+02 -1.0996724e+02      
1.8834706e+02 -1.1305569e+02      
1.8634356e+02 -1.1353319e+02      
1.8383795e+02 -1.1135403e+02      
1.8170691e+02 -1.0953856e+02      
1.8000086e+02 -1.0842038e+02      
1.7862227e+02 -1.0788166e+02      
1.7742380e+02 -1.0741079e+02      
1.7598429e+02 -1.0424971e+02      
1.7451552e+02 -1.0049651e+02      
1.8361142e+02 -9.6826838e+01      
1.8361724e+02 -9.9918776e+01      
1.8361766e+02 -1.0328977e+02      
1.8354239e+02 -1.0690365e+02      
1.8331774e+02 -1.1072584e+02      
1.8287834e+02 -1.1473228e+02      
1.8217577e+02 -1.1892413e+02      
1.8119367e+02 -1.2335004e+02      
1.7995799e+02 -1.2795961e+02      
1.7853836e+02 -1.3242248e+02      
1.7710602e+02 -1.3688524e+02      
1.7540380e+02 -1.3941058e+02      
1.7335401e+02 -1.3922363e+02      
1.7100209e+02 -1.3634876e+02      
1.6891107e+02 -1.3389322e+02      
1.6712158e+02 -1.3212871e+02      
1.6556381e+02 -1.3090045e+02      
1.6413364e+02 -1.2981898e+02      
1.6270585e+02 -1.2652883e+02      
1.6133274e+02 -1.2312804e+02      
1.6906362e+02 -1.2006977e+02      
1.6881828e+02 -1.2303550e+02      
1.6854392e+02 -1.2625918e+02      
1.6819133e+02 -1.2971150e+02      
1.6771078e+02 -1.3336978e+02      
1.6706027e+02 -1.3723032e+02      
1.6621558e+02 -1.4133792e+02      
1.6518870e+02 -1.4588736e+02      
1.6402953e+02 -1.5117845e+02      
1.6261284e+02 -1.5563192e+02      
1.6101842e+02 -1.5935855e+02      
1.5920816e+02 -1.6161823e+02      
1.5720902e+02 -1.6128356e+02      
1.5510608e+02 -1.5822571e+02      
1.5314564e+02 -1.5546877e+02      
1.5136813e+02 -1.5324644e+02      
1.4974490e+02 -1.5133882e+02      
1.4823294e+02 -1.4932365e+02      
1.4679982e+02 -1.4660566e+02      
1.4545807e+02 -1.4363554e+02      
1.5183089e+02 -1.4112893e+02      
1.5138095e+02 -1.4395197e+02      
1.5088635e+02 -1.4700757e+02      
1.5031303e+02 -1.5026825e+02      
1.4962758e+02 -1.5371260e+02      
1.4880291e+02 -1.5733317e+02      
1.4782428e+02 -1.6114943e+02      
1.4669386e+02 -1.6521357e+02      
1.4541111e+02 -1.6941738e+02      
1.4393831e+02 -1.7320474e+02      
1.4227391e+02 -1.7646008e+02      
1.4041239e+02 -1.7915718e+02      
1.3847663e+02 -1.7924657e+02      
1.3657455e+02 -1.7679461e+02      
1.3477424e+02 -1.7407368e+02      
1.3306792e+02 -1.7161127e+02      
1.3145032e+02 -1.6934414e+02      
1.2992384e+02 -1.6702318e+02      
1.2848834e+02 -1.6447919e+02      
1.2715461e+02 -1.6178792e+02      
1.3221360e+02 -1.5969832e+02      
1.3159679e+02 -1.6236334e+02      
1.3092452e+02 -1.6523071e+02      
1.3017377e+02 -1.6827092e+02      
1.2932233e+02 -1.7145651e+02      
1.2835220e+02 -1.7476345e+02      
1.2725228e+02 -1.7816733e+02      
1.2601781e+02 -1.8161833e+02      
1.2464373e+02 -1.8497611e+02      
1.2312234e+02 -1.8801378e+02      
1.2145350e+02 -1.9055793e+02      
1.1965401e+02 -1.9233914e+02      
1.1776577e+02 -1.9281338e+02      
1.1582718e+02 -1.9220319e+02      
1.1420060e+02 -1.8952873e+02      
1.1257531e+02 -1.8705735e+02      
1.1098834e+02 -1.8473317e+02      
1.0947462e+02 -1.8237259e+02      
1.0804812e+02 -1.7990659e+02      
1.0672069e+02 -1.7736324e+02      
1.1054218e+02 -1.7551402e+02      
1.0978931e+02 -1.7800878e+02      
1.0897349e+02 -1.8067243e+02      
1.0807991e+02 -1.8347184e+02      
1.0709436e+02 -1.8637208e+02      
1.0600523e+02 -1.8933442e+02      
1.0480486e+02 -1.9230951e+02      
1.0348938e+02 -1.9522227e+02      
1.0205732e+02 -1.9795490e+02      
1.0051018e+02 -2.0035382e+02      
9.8856289e+01 -2.0225208e+02      
9.7115313e+01 -2.0345474e+02      
9.5318840e+01 -2.0379916e+02      
9.3532336e+01 -2.0319578e+02      
9.1863116e+01 -2.0151398e+02      
9.0255286e+01 -1.9944216e+02      
8.8698090e+01 -1.9725521e+02      
8.7209518e+01 -1.9496576e+02      
8.5803138e+01 -1.9257914e+02      
8.4489349e+01 -1.9013082e+02      
8.7174016e+01 -1.8835778e+02      
8.6310523e+01 -1.9067433e+02      
8.5379141e+01 -1.9312524e+02      
8.4371391e+01 -1.9567422e+02      
8.3279111e+01 -1.9828094e+02      
8.2095789e+01 -2.0089858e+02      
8.0817498e+01 -2.0346896e+02      
7.9443236e+01 -2.0591579e+02      
7.7975090e+01 -2.0814013e+02      
7.6419099e+01 -2.1002410e+02      
7.4787165e+01 -2.1144026e+02      
7.3099239e+01 -2.1226322e+02      
7.1385356e+01 -2.1239602e+02      
6.9687638e+01 -2.1179206e+02      
6.8043551e+01 -2.1051095e+02      
6.6459873e+01 -2.0877235e+02      
6.4937570e+01 -2.0676579e+02      
6.3484734e+01 -2.0458287e+02      
6.2110527e+01 -2.0227657e+02      
6.0822415e+01 -1.9989744e+02      
