1.9588069e+01 2.3968145e+02      
1.8562174e+01 2.3759438e+02      
1.8096063e+01 2.3550215e+02      
1.8192966e+01 2.3344904e+02      
1.8852820e+01 2.3147891e+02      
2.0072617e+01 2.2963478e+02      
2.1846324e+01 2.2795862e+02      
2.4162249e+01 2.2649136e+02      
2.6989914e+01 2.2527314e+02      
3.0243738e+01 2.2434331e+02      
3.3709821e+01 2.2373099e+02      
3.6909177e+01 2.2339919e+02      
3.8590615e+01 2.2297289e+02      
3.9911330e+01 2.2282197e+02      
4.1268594e+01 2.2295480e+02      
4.2813324e+01 2.2330633e+02      
4.4589470e+01 2.2380053e+02      
4.6596212e+01 2.2436255e+02      
4.8826388e+01 2.2492889e+02      
5.1293196e+01 2.2545791e+02      
4.7930418e+01 2.3009150e+02      
4.7043606e+01 2.2796272e+02      
4.6727704e+01 2.2580211e+02      
4.6989394e+01 2.2365630e+02      
4.7833624e+01 2.2157182e+02      
4.9265546e+01 2.1959476e+02      
5.1294199e+01 2.1777082e+02      
5.3939500e+01 2.1614607e+02      
5.7239111e+01 2.1476926e+02      
6.1170367e+01 2.1369500e+02      
6.5414256e+01 2.1296801e+02      
6.8630427e+01 2.1239498e+02      
7.0491103e+01 2.1193546e+02      
7.1199490e+01 2.1165651e+02      
7.1988750e+01 2.1170488e+02      
7.3098961e+01 2.1198296e+02      
7.4529547e+01 2.1239006e+02      
7.6204018e+01 2.1282041e+02      
7.8058310e+01 2.1318363e+02      
8.0096649e+01 2.1344240e+02      
7.4955309e+01 2.1694595e+02      
7.4212224e+01 2.1476278e+02      
7.4045019e+01 2.1252131e+02      
7.4462730e+01 2.1027024e+02      
7.5473431e+01 2.0805836e+02      
7.7086960e+01 2.0593411e+02      
7.9320612e+01 2.0394559e+02      
8.2213568e+01 2.0214117e+02      
8.5879763e+01 2.0057249e+02      
9.0461161e+01 1.9928997e+02      
9.4763313e+01 1.9824996e+02      
9.8060626e+01 1.9746968e+02      
1.0006507e+02 1.9697939e+02      
1.0092331e+02 1.9679537e+02      
1.0119533e+02 1.9688880e+02      
1.0190289e+02 1.9717961e+02      
1.0305076e+02 1.9760405e+02      
1.0444358e+02 1.9799567e+02      
1.0588351e+02 1.9818228e+02      
1.0739419e+02 1.9816004e+02      
1.0023299e+02 2.0048068e+02      
9.9634069e+01 1.9822948e+02      
9.9609417e+01 1.9589386e+02      
1.0016892e+02 1.9352438e+02      
1.0132115e+02 1.9117167e+02      
1.0307550e+02 1.8888589e+02      
1.0544565e+02 1.8671629e+02      
1.0845490e+02 1.8471085e+02      
1.1213825e+02 1.8291423e+02      
1.1645714e+02 1.8135168e+02      
1.2106094e+02 1.8001587e+02      
1.2457350e+02 1.7904112e+02      
1.2663043e+02 1.7853542e+02      
1.2742340e+02 1.7848121e+02      
1.2814531e+02 1.7873194e+02      
1.2860206e+02 1.7909721e+02      
1.2969575e+02 1.7972219e+02      
1.3104547e+02 1.8029650e+02      
1.3197810e+02 1.8026418e+02      
1.3278625e+02 1.7988560e+02      
1.2336689e+02 1.8098346e+02      
1.2290925e+02 1.7864996e+02      
1.2301789e+02 1.7620655e+02      
1.2370214e+02 1.7370548e+02      
1.2496887e+02 1.7119902e+02      
1.2682358e+02 1.6873863e+02      
1.2927078e+02 1.6637421e+02      
1.3231008e+02 1.6415354e+02      
1.3591426e+02 1.6212118e+02      
1.3997015e+02 1.6031685e+02      
1.4420933e+02 1.5877715e+02      
1.4805993e+02 1.5757795e+02      
1.5009099e+02 1.5706891e+02      
1.5143882e+02 1.5701085e+02      
1.5182665e+02 1.5727187e+02      
1.5249554e+02 1.5788004e+02      
1.5390309e+02 1.5891574e+02      
1.5585661e+02 1.6020863e+02      
1.5603137e+02 1.5975102e+02      
1.5586657e+02 1.5889366e+02      
1.4399972e+02 1.5878920e+02      
1.4367804e+02 1.5635891e+02      
1.4390909e+02 1.5379403e+02      
1.4470062e+02 1.5114858e+02      
1.4605655e+02 1.4847653e+02      
1.4797745e+02 1.4583050e+02      
1.5046071e+02 1.4326081e+02      
1.5349853e+02 1.4081521e+02      
1.5706767e+02 1.3853932e+02      
1.6103669e+02 1.3648898e+02      
1.6505820e+02 1.3475384e+02      
1.6881915e+02 1.3344478e+02      
1.7118461e+02 1.3272832e+02      
1.7236332e+02 1.3258653e+02      
1.7253208e+02 1.3295395e+02      
1.7318798e+02 1.3375045e+02      
1.7475760e+02 1.3503761e+02      
1.7706675e+02 1.3665073e+02      
1.7743415e+02 1.3669270e+02      
1.7611323e+02 1.3538159e+02      
1.6181848e+02 1.3427458e+02      
1.6162581e+02 1.3173300e+02      
1.6196795e+02 1.2903307e+02      
1.6285051e+02 1.2623098e+02      
1.6427364e+02 1.2338289e+02      
1.6623280e+02 1.2054278e+02      
1.6871970e+02 1.1776078e+02      
1.7172484e+02 1.1508389e+02      
1.7526329e+02 1.1255557e+02      
1.7934482e+02 1.1022151e+02      
1.8316992e+02 1.0824574e+02      
1.8652839e+02 1.0672577e+02      
1.8882720e+02 1.0582870e+02      
1.8985446e+02 1.0563995e+02      
1.8981875e+02 1.0613539e+02      
1.9026097e+02 1.0704198e+02      
1.9162160e+02 1.0836113e+02      
1.9374436e+02 1.0992327e+02      
1.9388169e+02 1.1019758e+02      
1.9261061e+02 1.0937210e+02      
1.7655857e+02 1.0785219e+02      
1.7648676e+02 1.0518492e+02      
1.7692905e+02 1.0233629e+02      
1.7788864e+02 9.9365406e+01      
1.7936125e+02 9.6332063e+01      
1.8133610e+02 9.3292857e+01      
1.8379868e+02 9.0296077e+01      
1.8672734e+02 8.7384395e+01      
1.9007390e+02 8.4611493e+01      
1.9367830e+02 8.2063160e+01      
1.9721344e+02 7.9847362e+01      
2.0054528e+02 7.8024594e+01      
2.0278755e+02 7.6916277e+01      
2.0368732e+02 7.6675166e+01      
2.0341466e+02 7.7283052e+01      
2.0345127e+02 7.8244290e+01      
2.0417907e+02 7.9460631e+01      
2.0542541e+02 8.0723824e+01      
2.0449706e+02 8.0871521e+01      
2.0321580e+02 8.0456386e+01      
1.8800684e+02 7.9964289e+01      
1.8804665e+02 7.7157090e+01      
1.8857878e+02 7.4145478e+01      
1.8960463e+02 7.0992451e+01      
1.9111488e+02 6.7764206e+01      
1.9308860e+02 6.4525761e+01      
1.9550624e+02 6.1322425e+01      
1.9835387e+02 5.8171413e+01      
2.0155441e+02 5.5118251e+01      
2.0488032e+02 5.2290803e+01      
2.0803261e+02 4.9856553e+01      
2.1083005e+02 4.7914973e+01      
2.1302957e+02 4.6562175e+01      
2.1381709e+02 4.6231758e+01      
2.1327293e+02 4.6935358e+01      
2.1276982e+02 4.7956510e+01      
2.1255723e+02 4.9074920e+01      
2.1234366e+02 5.0039427e+01      
2.1146299e+02 5.0486410e+01      
2.1030149e+02 5.0479229e+01      
1.9600384e+02 5.1076521e+01      
1.9614439e+02 4.8115433e+01      
1.9675619e+02 4.4925342e+01      
1.9784098e+02 4.1573479e+01      
1.9938733e+02 3.8134005e+01      
2.0135419e+02 3.4695773e+01      
2.0368679e+02 3.1334040e+01      
2.0646871e+02 2.7957409e+01      
2.0969920e+02 2.4543345e+01      
2.1307249e+02 2.1275333e+01      
2.1588263e+02 1.8592955e+01      
2.1815707e+02 1.6548854e+01      
2.1974404e+02 1.5248323e+01      
2.2036196e+02 1.4824013e+01      
2.1950688e+02 1.5630755e+01      
2.1840655e+02 1.6797576e+01      
2.1737584e+02 1.7999275e+01      
2.1636598e+02 1.9023555e+01      
2.1523654e+02 1.9722628e+01      
2.1403434e+02 2.0061516e+01      
2.0044537e+02 2.1671607e+01      
2.0067303e+02 1.8543516e+01      
2.0135249e+02 1.5158257e+01      
2.0248956e+02 1.1586200e+01      
2.0407376e+02 7.9132799e+00      
2.0604626e+02 4.2663371e+00      
2.0817175e+02 8.9580336e-01      
2.1085015e+02 -2.6420147e+00      
2.1420632e+02 -6.4576570e+00      
2.1821285e+02 -1.0517215e+01      
2.2072725e+02 -1.3540183e+01      
2.2271384e+02 -1.5826426e+01      
2.2375993e+02 -1.7065579e+01      
2.2364996e+02 -1.7167425e+01      
2.2236484e+02 -1.6195654e+01      
2.2047969e+02 -1.4655384e+01      
2.1871191e+02 -1.3177301e+01      
2.1714958e+02 -1.1941287e+01      
2.1569141e+02 -1.0985832e+01      
2.1431123e+02 -1.0339997e+01      
2.0128368e+02 -7.7568347e+00      
2.0158055e+02 -1.1063091e+01      
2.0231102e+02 -1.4660757e+01      
2.0348354e+02 -1.8471065e+01      
2.0507234e+02 -2.2368757e+01      
2.0683476e+02 -2.5988321e+01      
2.0876681e+02 -2.9325671e+01      
2.1126924e+02 -3.2943468e+01      
2.1443403e+02 -3.6965545e+01      
2.1819361e+02 -4.1379156e+01      
2.2205343e+02 -4.5818691e+01      
2.2425050e+02 -4.8647777e+01      
2.2487001e+02 -4.9827769e+01      
2.2402307e+02 -4.9519764e+01      
2.2185212e+02 -4.7975128e+01      
2.1876825e+02 -4.5678284e+01      
2.1638101e+02 -4.3901635e+01      
2.1441797e+02 -4.2436726e+01      
2.1267384e+02 -4.1208117e+01      
2.1108675e+02 -4.0257042e+01      
1.9852847e+02 -3.6710303e+01      
1.9887141e+02 -4.0202751e+01      
1.9962579e+02 -4.4022437e+01      
2.0078573e+02 -4.8051432e+01      
2.0216323e+02 -5.1900718e+01      
2.0370422e+02 -5.5449402e+01      
2.0543608e+02 -5.8718305e+01      
2.0769489e+02 -6.2325062e+01      
2.1055964e+02 -6.6430391e+01      
2.1409500e+02 -7.1156474e+01      
2.1807839e+02 -7.6285895e+01      
2.2015763e+02 -7.9370549e+01      
2.2026972e+02 -8.0301584e+01      
2.1864842e+02 -7.9422892e+01      
2.1561391e+02 -7.7240414e+01      
2.1273641e+02 -7.5329102e+01      
2.1027133e+02 -7.3692230e+01      
2.0810012e+02 -7.2037680e+01      
2.0614971e+02 -7.0500085e+01      
2.0438112e+02 -6.9220593e+01      
1.9224766e+02 -6.4691347e+01      
1.9260542e+02 -6.8366052e+01      
1.9333347e+02 -7.2374289e+01      
1.9429260e+02 -7.6318864e+01      
1.9544366e+02 -8.0080302e+01      
1.9676724e+02 -8.3565969e+01      
1.9828691e+02 -8.6761711e+01      
2.0023986e+02 -9.0232517e+01      
2.0271280e+02 -9.4244182e+01      
2.0578670e+02 -9.8993803e+01      
2.0921466e+02 -1.0422960e+02      
2.1073516e+02 -1.0709154e+02      
2.1018486e+02 -1.0746907e+02      
2.0789330e+02 -1.0599243e+02      
2.0530585e+02 -1.0456414e+02      
2.0281571e+02 -1.0340248e+02      
2.0053375e+02 -1.0227365e+02      
1.9827041e+02 -1.0034316e+02      
1.9619316e+02 -9.8413302e+01      
1.9429091e+02 -9.6758341e+01      
1.8256556e+02 -9.1200585e+01      
1.8289157e+02 -9.5005411e+01      
1.8344315e+02 -9.8868225e+01      
1.8419037e+02 -1.0268123e+02      
1.8511798e+02 -1.0635867e+02      
1.8622230e+02 -1.0981235e+02      
1.8752677e+02 -1.1302014e+02      
1.8910318e+02 -1.1615442e+02      
1.9108121e+02 -1.1985350e+02      
1.9349028e+02 -1.2428244e+02      
1.9604930e+02 -1.2912338e+02      
1.9677556e+02 -1.3130222e+02      
1.9557883e+02 -1.3096356e+02      
1.9370971e+02 -1.3032291e+02      
1.9158287e+02 -1.2986156e+02      
1.8942443e+02 -1.2955838e+02      
1.8725067e+02 -1.2858982e+02      
1.8508055e+02 -1.2682101e+02      
1.8296258e+02 -1.2445734e+02      
1.8098664e+02 -1.2238396e+02      
1.6965887e+02 -1.1570257e+02      
1.6984597e+02 -1.1927759e+02      
1.7021947e+02 -1.2293250e+02      
1.7076385e+02 -1.2661079e+02      
1.7146864e+02 -1.3023384e+02      
1.7233140e+02 -1.3363658e+02      
1.7335873e+02 -1.3674603e+02      
1.7456885e+02 -1.3960921e+02      
1.7601176e+02 -1.4287723e+02      
1.7765656e+02 -1.4665524e+02      
1.7921495e+02 -1.5060460e+02      
1.7914786e+02 -1.5181146e+02      
1.7817690e+02 -1.5213185e+02      
1.7666873e+02 -1.5228882e+02      
1.7484582e+02 -1.5268902e+02      
1.7285029e+02 -1.5267548e+02      
1.7078770e+02 -1.5189544e+02      
1.6872357e+02 -1.5027218e+02      
1.6669264e+02 -1.4799960e+02      
1.6471101e+02 -1.4555566e+02      
1.5374662e+02 -1.3748235e+02      
1.5380178e+02 -1.4077379e+02      
1.5401284e+02 -1.4419291e+02      
1.5436694e+02 -1.4770998e+02      
1.5485124e+02 -1.5132318e+02      
1.5546076e+02 -1.5463831e+02      
1.5618797e+02 -1.5765156e+02      
1.5702992e+02 -1.6035498e+02      
1.5796134e+02 -1.6316671e+02      
1.5886945e+02 -1.6609269e+02      
1.5946001e+02 -1.6870007e+02      
1.5928191e+02 -1.7020396e+02      
1.5845005e+02 -1.7100291e+02      
1.5714444e+02 -1.7151772e+02      
1.5549531e+02 -1.7197369e+02      
1.5359713e+02 -1.7232747e+02      
1.5162066e+02 -1.7177664e+02      
1.4966418e+02 -1.7021807e+02      
1.4773571e+02 -1.6789637e+02      
1.4577426e+02 -1.6573670e+02      
1.3522195e+02 -1.5678167e+02      
1.3515657e+02 -1.5980983e+02      
1.3521597e+02 -1.6297625e+02      
1.3538945e+02 -1.6622592e+02      
1.3566462e+02 -1.6948217e+02      
1.3602781e+02 -1.7258990e+02      
1.3645687e+02 -1.7551817e+02      
1.3691933e+02 -1.7831864e+02      
1.3742289e+02 -1.8070441e+02      
1.3779710e+02 -1.8302679e+02      
1.3787814e+02 -1.8503982e+02      
1.3751509e+02 -1.8650121e+02      
1.3669020e+02 -1.8744542e+02      
1.3547169e+02 -1.8803355e+02      
1.3393948e+02 -1.8838279e+02      
1.3216575e+02 -1.8849368e+02      
1.3023670e+02 -1.8815629e+02      
1.2839165e+02 -1.8660224e+02      
1.2648543e+02 -1.8473134e+02      
1.2452738e+02 -1.8288357e+02      
1.1442870e+02 -1.7339384e+02      
1.1425210e+02 -1.7618866e+02      
1.1416961e+02 -1.7910456e+02      
1.1417265e+02 -1.8207637e+02      
1.1424889e+02 -1.8502999e+02      
1.1438131e+02 -1.8788740e+02      
1.1454552e+02 -1.9060215e+02      
1.1471147e+02 -1.9312875e+02      
1.1483937e+02 -1.9537315e+02      
1.1483481e+02 -1.9737969e+02      
1.1459686e+02 -1.9908028e+02      
1.1404849e+02 -2.0038205e+02      
1.1316509e+02 -2.0127333e+02      
1.1197005e+02 -2.0180136e+02      
1.1051042e+02 -2.0200700e+02      
1.0884252e+02 -2.0187822e+02      
1.0704085e+02 -2.0129843e+02      
1.0519404e+02 -2.0010639e+02      
1.0329153e+02 -1.9858188e+02      
1.0133567e+02 -1.9696062e+02      
9.1729333e+01 -1.8708102e+02      
9.1448772e+01 -1.8966491e+02      
9.1234305e+01 -1.9234708e+02      
9.1079108e+01 -1.9506646e+02      
9.0971627e+01 -1.9775978e+02      
9.0895031e+01 -2.0036584e+02      
9.0826160e+01 -2.0283178e+02      
9.0734332e+01 -2.0510714e+02      
9.0576725e+01 -2.0714630e+02      
9.0294545e+01 -2.0892106e+02      
8.9825829e+01 -2.1039236e+02      
8.9123383e+01 -2.1151838e+02      
8.8167182e+01 -2.1228303e+02      
8.6965132e+01 -2.1269439e+02      
8.5545097e+01 -2.1276164e+02      
8.3947259e+01 -2.1247370e+02      
8.2219510e+01 -2.1179669e+02      
8.0403954e+01 -2.1073119e+02      
7.8520356e+01 -2.0938054e+02      
7.6579758e+01 -2.0788101e+02      
