2.8132187e+01 2.3369397e+02      
2.7551990e+01 2.3206253e+02      
2.7339709e+01 2.3039092e+02      
2.7442140e+01 2.2867996e+02      
2.7794428e+01 2.2691768e+02      
2.8332490e+01 2.2508464e+02      
2.9022654e+01 2.2317594e+02      
2.9882068e+01 2.2121743e+02      
3.0959201e+01 2.1924720e+02      
3.2308743e+01 2.1729655e+02      
3.3976861e+01 2.1539757e+02      
3.5967930e+01 2.1361118e+02      
3.8162441e+01 2.1206423e+02      
4.0140055e+01 2.1096865e+02      
4.0506017e+01 2.1061091e+02      
4.0715117e+01 2.1075129e+02      
4.1227335e+01 2.1122032e+02      
4.2181754e+01 2.1193781e+02      
4.3574563e+01 2.1288968e+02      
4.5356999e+01 2.1407702e+02      
5.7923900e+01 2.2463242e+02      
5.7651736e+01 2.2310454e+02      
5.7764788e+01 2.2152619e+02      
5.8196404e+01 2.1989580e+02      
5.8852510e+01 2.1818627e+02      
5.9611613e+01 2.1633314e+02      
6.0399022e+01 2.1429250e+02      
6.1279461e+01 2.1212379e+02      
6.2360888e+01 2.0989492e+02      
6.3741283e+01 2.0762338e+02      
6.5544252e+01 2.0529767e+02      
6.7861509e+01 2.0294669e+02      
7.0497921e+01 2.0076519e+02      
7.2095731e+01 1.9927353e+02      
7.2414209e+01 1.9857715e+02      
7.1788544e+01 1.9862993e+02      
7.1622577e+01 1.9895542e+02      
7.2125842e+01 1.9942363e+02      
7.3178663e+01 2.0008526e+02      
7.4586604e+01 2.0103061e+02      
8.6369267e+01 2.1208502e+02      
8.6453145e+01 2.1067128e+02      
8.6955494e+01 2.0921103e+02      
8.7801642e+01 2.0771034e+02      
8.8880702e+01 2.0615014e+02      
8.9958787e+01 2.0438334e+02      
9.0729540e+01 2.0214795e+02      
9.1504831e+01 1.9973023e+02      
9.2484997e+01 1.9726561e+02      
9.3753088e+01 1.9472603e+02      
9.5490812e+01 1.9202638e+02      
9.7978271e+01 1.8907803e+02      
1.0011238e+02 1.8648006e+02      
1.0133003e+02 1.8459651e+02      
1.0150094e+02 1.8355812e+02      
1.0088544e+02 1.8327716e+02      
1.0014080e+02 1.8345495e+02      
1.0037978e+02 1.8356842e+02      
1.0128379e+02 1.8382641e+02      
1.0242915e+02 1.8448676e+02      
1.1298386e+02 1.9625233e+02      
1.1346695e+02 1.9495530e+02      
1.1442471e+02 1.9362904e+02      
1.1577787e+02 1.9229358e+02      
1.1742440e+02 1.9097647e+02      
1.1910823e+02 1.8957457e+02      
1.1953117e+02 1.8689735e+02      
1.2006979e+02 1.8421266e+02      
1.2087535e+02 1.8158939e+02      
1.2186951e+02 1.7889741e+02      
1.2306829e+02 1.7602904e+02      
1.2460425e+02 1.7297336e+02      
1.2636165e+02 1.6987241e+02      
1.2723458e+02 1.6756490e+02      
1.2710621e+02 1.6624546e+02      
1.2627983e+02 1.6571314e+02      
1.2597395e+02 1.6518499e+02      
1.2641073e+02 1.6465705e+02      
1.2746523e+02 1.6430359e+02      
1.2864984e+02 1.6453414e+02      
1.3729566e+02 1.7737799e+02      
1.3820857e+02 1.7618786e+02      
1.3968590e+02 1.7499712e+02      
1.4164492e+02 1.7383691e+02      
1.4388406e+02 1.7268761e+02      
1.4583233e+02 1.7125812e+02      
1.4609000e+02 1.6849099e+02      
1.4647505e+02 1.6573106e+02      
1.4717753e+02 1.6311187e+02      
1.4790637e+02 1.6044026e+02      
1.4828799e+02 1.5746762e+02      
1.4866300e+02 1.5437664e+02      
1.4919809e+02 1.5133936e+02      
1.4966651e+02 1.4860991e+02      
1.4913915e+02 1.4709542e+02      
1.4878428e+02 1.4574847e+02      
1.4900977e+02 1.4432469e+02      
1.4975684e+02 1.4303776e+02      
1.5106207e+02 1.4193814e+02      
1.5141647e+02 1.4235109e+02      
1.5884792e+02 1.5574649e+02      
1.6019435e+02 1.5463648e+02      
1.6224812e+02 1.5356744e+02      
1.6492470e+02 1.5258372e+02      
1.6787783e+02 1.5161438e+02      
1.6963119e+02 1.4986292e+02      
1.6987403e+02 1.4715784e+02      
1.7023314e+02 1.4448704e+02      
1.7104201e+02 1.4205515e+02      
1.7182197e+02 1.3967011e+02      
1.7107441e+02 1.3648653e+02      
1.7013673e+02 1.3331542e+02      
1.6940650e+02 1.3036423e+02      
1.6885966e+02 1.2778405e+02      
1.6831676e+02 1.2571917e+02      
1.6820090e+02 1.2371317e+02      
1.6893814e+02 1.2131870e+02      
1.6967442e+02 1.1951761e+02      
1.7037828e+02 1.1835827e+02      
1.7023749e+02 1.1875808e+02      
1.7720443e+02 1.3168210e+02      
1.7893225e+02 1.3060108e+02      
1.8156069e+02 1.2960383e+02      
1.8491080e+02 1.2871562e+02      
1.8763585e+02 1.2742032e+02      
1.8944736e+02 1.2556992e+02      
1.9033325e+02 1.2320964e+02      
1.9066735e+02 1.2065314e+02      
1.9179124e+02 1.1849055e+02      
1.9202935e+02 1.1604556e+02      
1.9090615e+02 1.1312978e+02      
1.8862798e+02 1.0991039e+02      
1.8668205e+02 1.0701519e+02      
1.8529430e+02 1.0450689e+02      
1.8439032e+02 1.0231632e+02      
1.8399162e+02 1.0024321e+02      
1.8411342e+02 9.8170427e+01      
1.8452745e+02 9.6262130e+01      
1.8518490e+02 9.4466362e+01      
1.8497947e+02 9.4408141e+01      
1.9197199e+02 1.0555228e+02      
1.9386727e+02 1.0440495e+02      
1.9686140e+02 1.0335387e+02      
1.9969653e+02 1.0209060e+02      
2.0208265e+02 1.0051506e+02      
2.0395206e+02 9.8614321e+01      
2.0539838e+02 9.6474584e+01      
2.0660154e+02 9.4287346e+01      
2.0745100e+02 9.2091944e+01      
2.0734064e+02 8.9721600e+01      
2.0592199e+02 8.7103222e+01      
2.0334553e+02 8.4312877e+01      
2.0036386e+02 8.1570464e+01      
1.9836495e+02 7.9230812e+01      
1.9705824e+02 7.7182324e+01      
1.9625322e+02 7.5309614e+01      
1.9585433e+02 7.3562613e+01      
1.9575704e+02 7.1950827e+01      
1.9582743e+02 7.0541066e+01      
1.9574377e+02 6.9739511e+01      
2.0290789e+02 7.7789249e+01      
2.0451286e+02 7.6427959e+01      
2.0665403e+02 7.4984945e+01      
2.0885065e+02 7.3375280e+01      
2.1086344e+02 7.1572723e+01      
2.1265430e+02 6.9605428e+01      
2.1438070e+02 6.7549174e+01      
2.1632908e+02 6.5510383e+01      
2.1730895e+02 6.3448701e+01      
2.1717603e+02 6.1268467e+01      
2.1548526e+02 5.8982078e+01      
2.1246452e+02 5.6613228e+01      
2.0976509e+02 5.4396238e+01      
2.0767384e+02 5.2420712e+01      
2.0612484e+02 5.0664015e+01      
2.0500123e+02 4.9078516e+01      
2.0421265e+02 4.7645583e+01      
2.0366838e+02 4.6388025e+01      
2.0325770e+02 4.5385926e+01      
2.0281241e+02 4.4875805e+01      
2.1001379e+02 4.8902164e+01      
2.1125737e+02 4.7288578e+01      
2.1281368e+02 4.5514092e+01      
2.1449234e+02 4.3594758e+01      
2.1614022e+02 4.1570619e+01      
2.1770010e+02 3.9499287e+01      
2.1919625e+02 3.7429652e+01      
2.2056471e+02 3.5396334e+01      
2.2144500e+02 3.3404819e+01      
2.2169834e+02 3.1456518e+01      
2.1980908e+02 2.9569343e+01      
2.1744012e+02 2.7763519e+01      
2.1515729e+02 2.6089750e+01      
2.1316882e+02 2.4564464e+01      
2.1151702e+02 2.3180293e+01      
2.1017690e+02 2.1927257e+01      
2.0909946e+02 2.0809280e+01      
2.0822329e+02 1.9854295e+01      
2.0747626e+02 1.9121631e+01      
2.0678637e+02 1.8694866e+01      
2.1337531e+02 1.9425376e+01      
2.1433017e+02 1.7559226e+01      
2.1550419e+02 1.5475671e+01      
2.1679511e+02 1.3234127e+01      
2.1810745e+02 1.0956277e+01      
2.1937648e+02 8.7671042e+00      
2.2055105e+02 6.6748381e+00      
2.2152018e+02 4.6512926e+00      
2.2208062e+02 2.7342548e+00      
2.2191711e+02 1.0217981e+00      
2.2065669e+02 -4.3249538e-01      
2.1881380e+02 -1.6689119e+00      
2.1683612e+02 -2.7802545e+00      
2.1495129e+02 -3.8208394e+00      
2.1325499e+02 -4.7977397e+00      
2.1176951e+02 -5.7009474e+00      
2.1048140e+02 -6.5129689e+00      
2.0935993e+02 -7.2084768e+00      
2.0836833e+02 -7.7568221e+00      
2.0747844e+02 -8.1390851e+00      
2.1306916e+02 -1.0110072e+01      
2.1379338e+02 -1.2226717e+01      
2.1467666e+02 -1.4637265e+01      
2.1565871e+02 -1.7291285e+01      
2.1667816e+02 -1.9953987e+01      
2.1767245e+02 -2.2202250e+01      
2.1860469e+02 -2.4241577e+01      
2.1938858e+02 -2.6257010e+01      
2.1982933e+02 -2.8196302e+01      
2.1957599e+02 -2.9702938e+01      
2.1850696e+02 -3.0658429e+01      
2.1683596e+02 -3.1187731e+01      
2.1497579e+02 -3.1668862e+01      
2.1313970e+02 -3.2207333e+01      
2.1140948e+02 -3.2772469e+01      
2.0981825e+02 -3.3328681e+01      
2.0837203e+02 -3.3847324e+01      
2.0706186e+02 -3.4305274e+01      
2.0587361e+02 -3.4686955e+01      
2.0479802e+02 -3.4993371e+01      
2.0918577e+02 -3.9176445e+01      
2.0971970e+02 -4.1522570e+01      
2.1036157e+02 -4.4257365e+01      
2.1107483e+02 -4.7425221e+01      
2.1184005e+02 -5.0857223e+01      
2.1257881e+02 -5.2965554e+01      
2.1334394e+02 -5.4777998e+01      
2.1407706e+02 -5.6721475e+01      
2.1469336e+02 -5.8915253e+01      
2.1447784e+02 -6.0232141e+01      
2.1339908e+02 -6.0629776e+01      
2.1155683e+02 -6.0161206e+01      
2.0968119e+02 -5.9989981e+01      
2.0784924e+02 -6.0059505e+01      
2.0608235e+02 -6.0239837e+01      
2.0440639e+02 -6.0468339e+01      
2.0283538e+02 -6.0708718e+01      
2.0137296e+02 -6.0938965e+01      
2.0001780e+02 -6.1149480e+01      
1.9876954e+02 -6.1346042e+01      
2.0185113e+02 -6.7258437e+01      
2.0222612e+02 -6.9777906e+01      
2.0265786e+02 -7.2757748e+01      
2.0310561e+02 -7.6296156e+01      
2.0355423e+02 -8.0239438e+01      
2.0410702e+02 -8.2845802e+01      
2.0476877e+02 -8.4281910e+01      
2.0541273e+02 -8.5868650e+01      
2.0594310e+02 -8.7635269e+01      
2.0569878e+02 -8.8552468e+01      
2.0464200e+02 -8.8572419e+01      
2.0287976e+02 -8.7703272e+01      
2.0104188e+02 -8.7151193e+01      
1.9921064e+02 -8.6861685e+01      
1.9740768e+02 -8.6711630e+01      
1.9566000e+02 -8.6643345e+01      
1.9398634e+02 -8.6623407e+01      
1.9239710e+02 -8.6632494e+01      
1.9089759e+02 -8.6663515e+01      
1.8949167e+02 -8.6722378e+01      
1.9123445e+02 -9.3873295e+01      
1.9148137e+02 -9.6479393e+01      
1.9173855e+02 -9.9566687e+01      
1.9195070e+02 -1.0324537e+02      
1.9210626e+02 -1.0737108e+02      
1.9250571e+02 -1.1020100e+02      
1.9307509e+02 -1.1187345e+02      
1.9358589e+02 -1.1308649e+02      
1.9388261e+02 -1.1368617e+02      
1.9353113e+02 -1.1409284e+02      
1.9251483e+02 -1.1396903e+02      
1.9098602e+02 -1.1336060e+02      
1.8922863e+02 -1.1270317e+02      
1.8739770e+02 -1.1216133e+02      
1.8555869e+02 -1.1173593e+02      
1.8374835e+02 -1.1140399e+02      
1.8198876e+02 -1.1114313e+02      
1.8029314e+02 -1.1093817e+02      
1.7866954e+02 -1.1078350e+02      
1.7712341e+02 -1.1068399e+02      
1.7754693e+02 -1.1859040e+02      
1.7769974e+02 -1.2118529e+02      
1.7783228e+02 -1.2422671e+02      
1.7788156e+02 -1.2780799e+02      
1.7784794e+02 -1.3177441e+02      
1.7822420e+02 -1.3442734e+02      
1.7888006e+02 -1.3584633e+02      
1.7930745e+02 -1.3706940e+02      
1.7935743e+02 -1.3783699e+02      
1.7885707e+02 -1.3811627e+02      
1.7778165e+02 -1.3785615e+02      
1.7625782e+02 -1.3717085e+02      
1.7449011e+02 -1.3634487e+02      
1.7262929e+02 -1.3557120e+02      
1.7074840e+02 -1.3490287e+02      
1.6888284e+02 -1.3433567e+02      
1.6705248e+02 -1.3385349e+02      
1.6526967e+02 -1.3344351e+02      
1.6354245e+02 -1.3310069e+02      
1.6187622e+02 -1.3282882e+02      
1.6103641e+02 -1.4104203e+02      
1.6112816e+02 -1.4353882e+02      
1.6119270e+02 -1.4639968e+02      
1.6118366e+02 -1.4966511e+02      
1.6111931e+02 -1.5317315e+02      
1.6161208e+02 -1.5544038e+02      
1.6218589e+02 -1.5738319e+02      
1.6262228e+02 -1.5913500e+02      
1.6259019e+02 -1.6024316e+02      
1.6195551e+02 -1.6054043e+02      
1.6070839e+02 -1.6003457e+02      
1.5897288e+02 -1.5892463e+02      
1.5707517e+02 -1.5775641e+02      
1.5514926e+02 -1.5672726e+02      
1.5322405e+02 -1.5583725e+02      
1.5131401e+02 -1.5506185e+02      
1.4942995e+02 -1.5437935e+02      
1.4758032e+02 -1.5377597e+02      
1.4577151e+02 -1.5324656e+02      
1.4400795e+02 -1.5279415e+02      
1.4198278e+02 -1.6092374e+02      
1.4203644e+02 -1.6326496e+02      
1.4207217e+02 -1.6586695e+02      
1.4209260e+02 -1.6868157e+02      
1.4217553e+02 -1.7150099e+02      
1.4249425e+02 -1.7397638e+02      
1.4301197e+02 -1.7643055e+02      
1.4368445e+02 -1.7909231e+02      
1.4364876e+02 -1.8056077e+02      
1.4290200e+02 -1.8087201e+02      
1.4144210e+02 -1.8004587e+02      
1.3926673e+02 -1.7809710e+02      
1.3719907e+02 -1.7652005e+02      
1.3521698e+02 -1.7526745e+02      
1.3326430e+02 -1.7419710e+02      
1.3132929e+02 -1.7324800e+02      
1.2941286e+02 -1.7238974e+02      
1.2751930e+02 -1.7160752e+02      
1.2565305e+02 -1.7089671e+02      
1.2381743e+02 -1.7026046e+02      
1.2069728e+02 -1.7798606e+02      
1.2072037e+02 -1.8014908e+02      
1.2073007e+02 -1.8248675e+02      
1.2074442e+02 -1.8493273e+02      
1.2080932e+02 -1.8737959e+02      
1.2098223e+02 -1.8976383e+02      
1.2130986e+02 -1.9224158e+02      
1.2176859e+02 -1.9495319e+02      
1.2159217e+02 -1.9643440e+02      
1.2075893e+02 -1.9673386e+02      
1.1926832e+02 -1.9587324e+02      
1.1713763e+02 -1.9385280e+02      
1.1509183e+02 -1.9220694e+02      
1.1312549e+02 -1.9086862e+02      
1.1118404e+02 -1.8968941e+02      
1.0925246e+02 -1.8860992e+02      
1.0732918e+02 -1.8760349e+02      
1.0541701e+02 -1.8665902e+02      
1.0351941e+02 -1.8577466e+02      
1.0163901e+02 -1.8495506e+02      
9.7524023e+01 -1.9202415e+02      
9.7513153e+01 -1.9400950e+02      
9.7481904e+01 -1.9610782e+02      
9.7443624e+01 -1.9826230e+02      
9.7418074e+01 -2.0040877e+02      
9.7421062e+01 -2.0250588e+02      
9.7444147e+01 -2.0454788e+02      
9.7378970e+01 -2.0638334e+02      
9.6952245e+01 -2.0751252e+02      
9.6058372e+01 -2.0777215e+02      
9.4694805e+01 -2.0718072e+02      
9.2958288e+01 -2.0594003e+02      
9.1104087e+01 -2.0458976e+02      
8.9227989e+01 -2.0330845e+02      
8.7339972e+01 -2.0209129e+02      
8.5442574e+01 -2.0092273e+02      
8.3539526e+01 -1.9979419e+02      
8.1635215e+01 -1.9870381e+02      
7.9733511e+01 -1.9765499e+02      
7.7836973e+01 -1.9665524e+02      
