2.6681863e+01 2.5039617e+02      
2.4996586e+01 2.4979376e+02      
2.3708715e+01 2.4922858e+02      
2.2800164e+01 2.4873845e+02      
2.2242328e+01 2.4835691e+02      
2.1996774e+01 2.4811087e+02      
2.2020380e+01 2.4801834e+02      
2.2277457e+01 2.4808696e+02      
2.2756098e+01 2.4831400e+02      
2.3476388e+01 2.4868715e+02      
2.4481507e+01 2.4918524e+02      
2.5820832e+01 2.4977940e+02      
2.7537516e+01 2.5043508e+02      
2.9663288e+01 2.5111422e+02      
3.2217919e+01 2.5177694e+02      
3.5210687e+01 2.5238275e+02      
3.8642234e+01 2.5289134e+02      
4.2506198e+01 2.5326312e+02      
4.6790444e+01 2.5345967e+02      
5.1477959e+01 2.5344417e+02      
5.4221202e+01 2.4069598e+02      
5.2643192e+01 2.4002582e+02      
5.1474304e+01 2.3937912e+02      
5.0694483e+01 2.3880103e+02      
5.0267639e+01 2.3833268e+02      
5.0138502e+01 2.3800791e+02      
5.0235130e+01 2.3784943e+02      
5.0487077e+01 2.3786597e+02      
5.0865394e+01 2.3805328e+02      
5.1408972e+01 2.3839679e+02      
5.2197166e+01 2.3887141e+02      
5.3308993e+01 2.3944221e+02      
5.4804599e+01 2.4006807e+02      
5.6722792e+01 2.4070510e+02      
5.9084563e+01 2.4130875e+02      
6.1897583e+01 2.4183487e+02      
6.5159820e+01 2.4224025e+02      
6.8861980e+01 2.4248301e+02      
7.2989042e+01 2.4252292e+02      
7.7521207e+01 2.4232168e+02      
8.0486770e+01 2.2721780e+02      
7.9048418e+01 2.2644368e+02      
7.8036271e+01 2.2568022e+02      
7.7432846e+01 2.2498174e+02      
7.7199003e+01 2.2439954e+02      
7.7262658e+01 2.2397790e+02      
7.7508626e+01 2.2374748e+02      
7.7787018e+01 2.2371669e+02      
7.8013383e+01 2.2387548e+02      
7.8284805e+01 2.2420908e+02      
7.8762168e+01 2.2468827e+02      
7.9568823e+01 2.2526833e+02      
8.0781733e+01 2.2589859e+02      
8.2441911e+01 2.2652804e+02      
8.4566481e+01 2.2710721e+02      
8.7157752e+01 2.2758847e+02      
9.0208671e+01 2.2792607e+02      
9.3705698e+01 2.2807617e+02      
9.7630248e+01 2.2799702e+02      
1.0195943e+02 2.2764919e+02      
1.0505081e+02 2.1019528e+02      
1.0377805e+02 2.0927481e+02      
1.0295472e+02 2.0835202e+02      
1.0257427e+02 2.0749235e+02      
1.0260705e+02 2.0676029e+02      
1.0297707e+02 2.0621613e+02      
1.0353044e+02 2.0590868e+02      
1.0395777e+02 2.0584670e+02      
1.0388884e+02 2.0598424e+02      
1.0371070e+02 2.0633264e+02      
1.0374689e+02 2.0685534e+02      
1.0416089e+02 2.0748691e+02      
1.0503317e+02 2.0816272e+02      
1.0639355e+02 2.0882402e+02      
1.0824593e+02 2.0941704e+02      
1.1058201e+02 2.0989150e+02      
1.1338716e+02 2.1019974e+02      
1.1664247e+02 2.1029648e+02      
1.2032543e+02 2.1013889e+02      
1.2440999e+02 2.0968677e+02      
1.2751117e+02 1.8991969e+02      
1.2641889e+02 1.8880364e+02      
1.2580204e+02 1.8767030e+02      
1.2567624e+02 1.8659827e+02      
1.2604529e+02 1.8566685e+02      
1.2686463e+02 1.8495705e+02      
1.2795916e+02 1.8455194e+02      
1.2885545e+02 1.8449932e+02      
1.2814827e+02 1.8460962e+02      
1.2726644e+02 1.8502129e+02      
1.2670246e+02 1.8564762e+02      
1.2664276e+02 1.8638577e+02      
1.2713511e+02 1.8715477e+02      
1.2817245e+02 1.8789081e+02      
1.2973253e+02 1.8853835e+02      
1.3179142e+02 1.8904601e+02      
1.3432540e+02 1.8936519e+02      
1.3731009e+02 1.8944981e+02      
1.4071925e+02 1.8925641e+02      
1.4452409e+02 1.8874442e+02      
1.4750033e+02 1.6673752e+02      
1.4658908e+02 1.6536882e+02      
1.4617181e+02 1.6396360e+02      
1.4629251e+02 1.6261729e+02      
1.4702714e+02 1.6142120e+02      
1.4840598e+02 1.6047198e+02      
1.5015407e+02 1.5989866e+02      
1.5083056e+02 1.5975255e+02      
1.5014648e+02 1.5999060e+02      
1.4842570e+02 1.6057608e+02      
1.4713600e+02 1.6140099e+02      
1.4656552e+02 1.6231319e+02      
1.4668405e+02 1.6322529e+02      
1.4740583e+02 1.6407923e+02      
1.4867292e+02 1.6482213e+02      
1.5044555e+02 1.6540341e+02      
1.5269251e+02 1.6577448e+02      
1.5538543e+02 1.6588902e+02      
1.5849564e+02 1.6570339e+02      
1.6199242e+02 1.6517705e+02      
1.6469548e+02 1.4104877e+02      
1.6395403e+02 1.3936033e+02      
1.6370272e+02 1.3760780e+02      
1.6399097e+02 1.3591664e+02      
1.6496724e+02 1.3439436e+02      
1.6683891e+02 1.3311411e+02      
1.6836770e+02 1.3231500e+02      
1.6886411e+02 1.3212047e+02      
1.6812658e+02 1.3252216e+02      
1.6641229e+02 1.3339778e+02      
1.6444907e+02 1.3453811e+02      
1.6348953e+02 1.3567985e+02      
1.6332020e+02 1.3677672e+02      
1.6377032e+02 1.3778753e+02      
1.6476249e+02 1.3866448e+02      
1.6625113e+02 1.3935874e+02      
1.6820334e+02 1.3982212e+02      
1.7059030e+02 1.4000831e+02      
1.7338297e+02 1.3987389e+02      
1.7654996e+02 1.3937870e+02      
1.7882620e+02 1.1330834e+02      
1.7824364e+02 1.1121899e+02      
1.7812305e+02 1.0901488e+02      
1.7845904e+02 1.0688988e+02      
1.7928915e+02 1.0501458e+02      
1.8061612e+02 1.0350239e+02      
1.8213901e+02 1.0244936e+02      
1.8254040e+02 1.0224303e+02      
1.8160948e+02 1.0290274e+02      
1.7965295e+02 1.0418180e+02      
1.7804076e+02 1.0556897e+02      
1.7708622e+02 1.0694442e+02      
1.7677096e+02 1.0825334e+02      
1.7701245e+02 1.0945320e+02      
1.7775677e+02 1.1049930e+02      
1.7896943e+02 1.1134387e+02      
1.8062415e+02 1.1193855e+02      
1.8269609e+02 1.1223689e+02      
1.8515826e+02 1.1219583e+02      
1.8797997e+02 1.1177614e+02      
1.8967284e+02 8.4035131e+01      
1.8925270e+02 8.1451763e+01      
1.8928612e+02 7.8612599e+01      
1.8962351e+02 7.5914324e+01      
1.9020338e+02 7.3610236e+01      
1.9096232e+02 7.1858942e+01      
1.9170221e+02 7.0828131e+01      
1.9199285e+02 7.0691874e+01      
1.9078741e+02 7.1761168e+01      
1.8932306e+02 7.3290222e+01      
1.8807965e+02 7.4954392e+01      
1.8725096e+02 7.6587329e+01      
1.8688049e+02 7.8128517e+01      
1.8696072e+02 7.9543131e+01      
1.8747796e+02 8.0789981e+01      
1.8842063e+02 8.1820180e+01      
1.8977595e+02 8.2583343e+01      
1.9152679e+02 8.3032150e+01      
1.9365015e+02 8.3124189e+01      
1.9611689e+02 8.2821920e+01      
1.9705739e+02 5.3821438e+01      
1.9677160e+02 5.0744559e+01      
1.9704352e+02 4.7036713e+01      
1.9739878e+02 4.3610094e+01      
1.9777179e+02 4.0767852e+01      
1.9810490e+02 3.8658451e+01      
1.9823084e+02 3.7513059e+01      
1.9779204e+02 3.7849619e+01      
1.9685636e+02 3.9141609e+01      
1.9571320e+02 4.1143421e+01      
1.9471357e+02 4.3204042e+01      
1.9399428e+02 4.5114879e+01      
1.9358934e+02 4.6894207e+01      
1.9352113e+02 4.8542813e+01      
1.9381387e+02 5.0020699e+01      
1.9448387e+02 5.1271280e+01      
1.9553525e+02 5.2238347e+01      
1.9696025e+02 5.2872788e+01      
1.9874039e+02 5.3133759e+01      
2.0084808e+02 5.2986932e+01      
2.0087040e+02 2.3265176e+01      
2.0057643e+02 1.9953461e+01      
2.0067073e+02 1.6123375e+01      
2.0102504e+02 1.1964225e+01      
2.0125115e+02 8.5405868e+00      
2.0131438e+02 5.9981474e+00      
2.0119316e+02 4.1798550e+00      
2.0070342e+02 4.0156036e+00      
1.9988769e+02 5.4998606e+00      
1.9881595e+02 8.4486543e+00      
1.9798002e+02 1.0941049e+01      
1.9736071e+02 1.3053539e+01      
1.9690584e+02 1.5042085e+01      
1.9666374e+02 1.6943855e+01      
1.9671062e+02 1.8688511e+01      
1.9709335e+02 2.0196775e+01      
1.9783217e+02 2.1401586e+01      
1.9892752e+02 2.2252024e+01      
2.0036412e+02 2.2711595e+01      
2.0211463e+02 2.2752409e+01      
2.0111875e+02 -7.1450675e+00      
2.0078893e+02 -1.0585978e+01      
2.0072689e+02 -1.4426704e+01      
2.0083196e+02 -1.8530787e+01      
2.0092566e+02 -2.2479638e+01      
2.0075873e+02 -2.5071425e+01      
2.0049070e+02 -2.7597344e+01      
1.9997711e+02 -2.8171365e+01      
1.9927422e+02 -2.6734248e+01      
1.9847820e+02 -2.3610928e+01      
1.9790473e+02 -2.1138819e+01      
1.9747454e+02 -1.9139900e+01      
1.9690064e+02 -1.6974077e+01      
1.9640623e+02 -1.4765691e+01      
1.9616156e+02 -1.2700796e+01      
1.9623188e+02 -1.0891200e+01      
1.9664662e+02 -9.4171769e+00      
1.9741089e+02 -8.3289056e+00      
1.9850909e+02 -7.6511890e+00      
1.9991124e+02 -7.3989606e+00      
1.9788053e+02 -3.6979005e+01      
1.9755358e+02 -4.0551329e+01      
1.9742425e+02 -4.4437695e+01      
1.9738897e+02 -4.8491690e+01      
1.9730213e+02 -5.2428784e+01      
1.9700664e+02 -5.4972689e+01      
1.9651748e+02 -5.7417967e+01      
1.9590596e+02 -5.8016339e+01      
1.9525819e+02 -5.6819979e+01      
1.9472387e+02 -5.4198582e+01      
1.9446791e+02 -5.2337565e+01      
1.9451383e+02 -5.1112118e+01      
1.9364222e+02 -4.8712466e+01      
1.9278679e+02 -4.6091528e+01      
1.9219548e+02 -4.3630531e+01      
1.9192395e+02 -4.1467128e+01      
1.9200335e+02 -3.9697855e+01      
1.9244127e+02 -3.8367402e+01      
1.9321452e+02 -3.7469308e+01      
1.9428573e+02 -3.6993519e+01      
1.9126152e+02 -6.5798380e+01      
1.9099187e+02 -6.9552736e+01      
1.9090323e+02 -7.3593327e+01      
1.9087222e+02 -7.7625473e+01      
1.9072027e+02 -8.1140932e+01      
1.9032328e+02 -8.3615377e+01      
1.8967857e+02 -8.5089101e+01      
1.8889676e+02 -8.5266713e+01      
1.8815246e+02 -8.4328801e+01      
1.8761647e+02 -8.2864036e+01      
1.8745139e+02 -8.1833533e+01      
1.8764183e+02 -8.1378664e+01      
1.8703275e+02 -7.9530178e+01      
1.8581475e+02 -7.6456983e+01      
1.8488246e+02 -7.3587661e+01      
1.8422792e+02 -7.0979393e+01      
1.8396506e+02 -6.8905303e+01      
1.8409615e+02 -6.7369257e+01      
1.8457037e+02 -6.6277555e+01      
1.8533836e+02 -6.5579980e+01      
1.8138606e+02 -9.3136720e+01      
1.8122041e+02 -9.7144846e+01      
1.8129511e+02 -1.0156040e+02      
1.8147463e+02 -1.0598727e+02      
1.8138881e+02 -1.0953018e+02      
1.8090105e+02 -1.1171768e+02      
1.8001865e+02 -1.1242292e+02      
1.7888818e+02 -1.1182774e+02      
1.7788636e+02 -1.1070607e+02      
1.7719041e+02 -1.0962608e+02      
1.7689526e+02 -1.0907533e+02      
1.7694620e+02 -1.0909808e+02      
1.7639193e+02 -1.0760121e+02      
1.7534796e+02 -1.0485661e+02      
1.7426008e+02 -1.0186028e+02      
1.7317903e+02 -9.8722519e+01      
1.7262748e+02 -9.6488344e+01      
1.7250217e+02 -9.4872645e+01      
1.7271802e+02 -9.3654073e+01      
1.7322106e+02 -9.2747004e+01      
1.6839926e+02 -1.1849294e+02      
1.6833601e+02 -1.2276523e+02      
1.6863218e+02 -1.2773946e+02      
1.6930715e+02 -1.3325167e+02      
1.6935415e+02 -1.3712566e+02      
1.6877868e+02 -1.3907738e+02      
1.6760030e+02 -1.3900651e+02      
1.6584711e+02 -1.3702576e+02      
1.6450201e+02 -1.3530847e+02      
1.6357410e+02 -1.3411754e+02      
1.6302674e+02 -1.3360918e+02      
1.6275458e+02 -1.3366345e+02      
1.6202931e+02 -1.3204057e+02      
1.6086229e+02 -1.2903264e+02      
1.5976831e+02 -1.2630718e+02      
1.5881088e+02 -1.2388386e+02      
1.5815869e+02 -1.2197710e+02      
1.5784672e+02 -1.2050044e+02      
1.5785092e+02 -1.1925586e+02      
1.5813528e+02 -1.1814560e+02      
1.5248860e+02 -1.4136581e+02      
1.5245437e+02 -1.4576714e+02      
1.5278370e+02 -1.5104542e+02      
1.5345926e+02 -1.5703302e+02      
1.5348894e+02 -1.6106777e+02      
1.5283873e+02 -1.6282595e+02      
1.5153326e+02 -1.6223370e+02      
1.4964441e+02 -1.5949696e+02      
1.4812620e+02 -1.5729466e+02      
1.4700341e+02 -1.5583617e+02      
1.4618680e+02 -1.5505234e+02      
1.4554254e+02 -1.5470400e+02      
1.4459171e+02 -1.5264078e+02      
1.4352399e+02 -1.5031139e+02      
1.4249080e+02 -1.4819897e+02      
1.4157551e+02 -1.4645069e+02      
1.4085137e+02 -1.4510645e+02      
1.4038143e+02 -1.4401335e+02      
1.4020772e+02 -1.4286640e+02      
1.4032560e+02 -1.4151810e+02      
1.3391514e+02 -1.6132950e+02      
1.3381718e+02 -1.6562026e+02      
1.3399513e+02 -1.7078804e+02      
1.3439754e+02 -1.7669176e+02      
1.3427024e+02 -1.8058294e+02      
1.3355711e+02 -1.8216803e+02      
1.3228209e+02 -1.8138984e+02      
1.3053670e+02 -1.7844842e+02      
1.2903083e+02 -1.7609549e+02      
1.2780958e+02 -1.7445545e+02      
1.2679403e+02 -1.7327749e+02      
1.2586797e+02 -1.7218843e+02      
1.2488170e+02 -1.7062272e+02      
1.2385726e+02 -1.6891444e+02      
1.2285174e+02 -1.6739296e+02      
1.2190899e+02 -1.6626128e+02      
1.2106498e+02 -1.6565313e+02      
1.2039423e+02 -1.6534711e+02      
1.2004902e+02 -1.6447425e+02      
1.2006419e+02 -1.6275695e+02      
1.1301892e+02 -1.7809345e+02      
1.1279599e+02 -1.8201629e+02      
1.1273201e+02 -1.8660945e+02      
1.1275951e+02 -1.9178232e+02      
1.1242101e+02 -1.9517470e+02      
1.1165805e+02 -1.9659608e+02      
1.1048945e+02 -1.9600100e+02      
1.0900266e+02 -1.9350023e+02      
1.0761589e+02 -1.9143711e+02      
1.0638814e+02 -1.8985362e+02      
1.0528558e+02 -1.8853621e+02      
1.0425131e+02 -1.8728580e+02      
1.0323161e+02 -1.8596428e+02      
1.0221343e+02 -1.8465180e+02      
1.0120818e+02 -1.8354821e+02      
1.0022094e+02 -1.8289302e+02      
9.9226393e+01 -1.8304705e+02      
9.8238274e+01 -1.8418783e+02      
9.7717266e+01 -1.8370355e+02      
9.7693404e+01 -1.8151027e+02      
9.0196942e+01 -1.9151715e+02      
8.9832593e+01 -1.9490222e+02      
8.9523280e+01 -1.9855975e+02      
8.9185894e+01 -2.0212644e+02      
8.8654092e+01 -2.0472828e+02      
8.7856961e+01 -2.0599089e+02      
8.6804396e+01 -2.0587992e+02      
8.5578877e+01 -2.0470856e+02      
8.4338178e+01 -2.0330624e+02      
8.3157480e+01 -2.0198515e+02      
8.2045172e+01 -2.0075020e+02      
8.0984141e+01 -1.9955312e+02      
7.9953268e+01 -1.9837282e+02      
7.8941213e+01 -1.9726794e+02      
7.7943622e+01 -1.9637261e+02      
7.6947347e+01 -1.9588779e+02      
7.5897483e+01 -1.9615348e+02      
7.4748656e+01 -1.9733372e+02      
7.4127682e+01 -1.9683697e+02      
7.4031547e+01 -1.9457973e+02      
