2.6233086e+01 2.3801891e+02      
2.5214403e+01 2.3615615e+02      
2.4488827e+01 2.3432220e+02      
2.3920279e+01 2.3257320e+02      
2.3374363e+01 2.3095763e+02      
2.2799524e+01 2.2951256e+02      
2.2280506e+01 2.2826287e+02      
2.1983762e+01 2.2721979e+02      
2.2075794e+01 2.2638290e+02      
2.2685640e+01 2.2574553e+02      
2.3897848e+01 2.2529917e+02      
2.5753013e+01 2.2503699e+02      
2.8239337e+01 2.2495902e+02      
3.1256750e+01 2.2508223e+02      
3.4551453e+01 2.2545320e+02      
3.7766027e+01 2.2613406e+02      
4.0670262e+01 2.2715073e+02      
4.3248746e+01 2.2846452e+02      
4.5704771e+01 2.2996797e+02      
4.8376406e+01 2.3151166e+02      
5.5486391e+01 2.2853634e+02      
5.4884331e+01 2.2657729e+02      
5.4605246e+01 2.2462624e+02      
5.4427068e+01 2.2275487e+02      
5.4056133e+01 2.2102185e+02      
5.3330432e+01 2.1946662e+02      
5.2453514e+01 2.1811744e+02      
5.1758727e+01 2.1697983e+02      
5.1507275e+01 2.1604039e+02      
5.1872460e+01 2.1528064e+02      
5.2962200e+01 2.1468235e+02      
5.4842789e+01 2.1422808e+02      
5.7549569e+01 2.1390423e+02      
6.1057079e+01 2.1371527e+02      
6.5022911e+01 2.1373733e+02      
6.8556898e+01 2.1414854e+02      
7.1295842e+01 2.1502408e+02      
7.3214572e+01 2.1633115e+02      
7.4635322e+01 2.1791620e+02      
7.6430193e+01 2.1949268e+02      
8.3398087e+01 2.1550741e+02      
8.3349777e+01 2.1341302e+02      
8.3742781e+01 2.1130117e+02      
8.4276141e+01 2.0927608e+02      
8.4333320e+01 2.0741870e+02      
8.3179078e+01 2.0574400e+02      
8.1600482e+01 2.0431316e+02      
8.0258922e+01 2.0311509e+02      
7.9499456e+01 2.0210704e+02      
7.9510870e+01 2.0125497e+02      
8.0397005e+01 2.0053190e+02      
8.2235599e+01 1.9990819e+02      
8.5122811e+01 1.9934551e+02      
8.9235194e+01 1.9879863e+02      
9.4520477e+01 1.9831391e+02      
9.8510555e+01 1.9840359e+02      
1.0106307e+02 1.9916178e+02      
1.0213873e+02 2.0056769e+02      
1.0180996e+02 2.0247387e+02      
1.0255509e+02 2.0419551e+02      
1.0939998e+02 1.9918118e+02      
1.1003120e+02 1.9689975e+02      
1.1138139e+02 1.9455217e+02      
1.1310209e+02 1.9229919e+02      
1.1423445e+02 1.9032273e+02      
1.1196835e+02 1.8850180e+02      
1.0918593e+02 1.8704835e+02      
1.0688484e+02 1.8585539e+02      
1.0545362e+02 1.8482772e+02      
1.0501737e+02 1.8392177e+02      
1.0561517e+02 1.8311379e+02      
1.0729424e+02 1.8236899e+02      
1.1016616e+02 1.8162327e+02      
1.1446864e+02 1.8076999e+02      
1.2008645e+02 1.7982301e+02      
1.2418305e+02 1.7964799e+02      
1.2651971e+02 1.8034117e+02      
1.2704981e+02 1.8188330e+02      
1.2593206e+02 1.8412078e+02      
1.2601090e+02 1.8599914e+02      
1.3287100e+02 1.7987903e+02      
1.3422136e+02 1.7735404e+02      
1.3675064e+02 1.7465176e+02      
1.3989892e+02 1.7200943e+02      
1.4072913e+02 1.6973939e+02      
1.3867867e+02 1.6791670e+02      
1.3442851e+02 1.6658441e+02      
1.3092127e+02 1.6550500e+02      
1.2873683e+02 1.6451121e+02      
1.2783680e+02 1.6358402e+02      
1.2809742e+02 1.6273588e+02      
1.2948839e+02 1.6194358e+02      
1.3207967e+02 1.6113086e+02      
1.3607003e+02 1.6014153e+02      
1.4131473e+02 1.5893952e+02      
1.4511452e+02 1.5865043e+02      
1.4721517e+02 1.5933244e+02      
1.4756906e+02 1.6095829e+02      
1.4634797e+02 1.6339743e+02      
1.4625077e+02 1.6533358e+02      
1.5316434e+02 1.5799746e+02      
1.5495187e+02 1.5522919e+02      
1.5852604e+02 1.5206151e+02      
1.6134100e+02 1.4901290e+02      
1.6197978e+02 1.4646730e+02      
1.6002750e+02 1.4460329e+02      
1.5601356e+02 1.4337227e+02      
1.5141613e+02 1.4250086e+02      
1.4871599e+02 1.4152908e+02      
1.4749646e+02 1.4057759e+02      
1.4744512e+02 1.3972376e+02      
1.4846068e+02 1.3896867e+02      
1.5054365e+02 1.3824840e+02      
1.5378797e+02 1.3741195e+02      
1.5806687e+02 1.3636809e+02      
1.6122601e+02 1.3621891e+02      
1.6307699e+02 1.3694648e+02      
1.6357695e+02 1.3850866e+02      
1.6283677e+02 1.4082744e+02      
1.6300047e+02 1.4261564e+02      
1.6981282e+02 1.3396700e+02      
1.7120010e+02 1.3109730e+02      
1.7367647e+02 1.2785271e+02      
1.7663462e+02 1.2432694e+02      
1.7731915e+02 1.2146055e+02      
1.7524377e+02 1.1957855e+02      
1.7101767e+02 1.1850236e+02      
1.6738626e+02 1.1739433e+02      
1.6495760e+02 1.1626988e+02      
1.6368895e+02 1.1524266e+02      
1.6341558e+02 1.1439620e+02      
1.6403697e+02 1.1375191e+02      
1.6549762e+02 1.1327156e+02      
1.6772317e+02 1.1288909e+02      
1.7037744e+02 1.1266283e+02      
1.7267082e+02 1.1292434e+02      
1.7426163e+02 1.1375927e+02      
1.7511709e+02 1.1510592e+02      
1.7552207e+02 1.1674387e+02      
1.7622924e+02 1.1818184e+02      
1.8275771e+02 1.0818495e+02      
1.8348546e+02 1.0528482e+02      
1.8480432e+02 1.0209203e+02      
1.8633831e+02 9.8708097e+01      
1.8716290e+02 9.5456219e+01      
1.8487307e+02 9.3587346e+01      
1.8195081e+02 9.1988033e+01      
1.7934705e+02 9.0467689e+01      
1.7744198e+02 8.9068959e+01      
1.7631629e+02 8.7896797e+01      
1.7592114e+02 8.7049766e+01      
1.7618514e+02 8.6568890e+01      
1.7704962e+02 8.6416860e+01      
1.7841566e+02 8.6528836e+01      
1.8005683e+02 8.6895549e+01      
1.8165287e+02 8.7569816e+01      
1.8298878e+02 8.8563352e+01      
1.8403718e+02 8.9802900e+01      
1.8496436e+02 9.1122165e+01      
1.8605544e+02 9.2297358e+01      
1.9211581e+02 8.1034631e+01      
1.9224468e+02 7.8105906e+01      
1.9266626e+02 7.4951497e+01      
1.9307214e+02 7.1710068e+01      
1.9288816e+02 6.8658420e+01      
1.9148162e+02 6.6163979e+01      
1.8955877e+02 6.3987130e+01      
1.8773682e+02 6.1997176e+01      
1.8632583e+02 6.0234809e+01      
1.8542880e+02 5.8828413e+01      
1.8499618e+02 5.7947612e+01      
1.8494651e+02 5.7685254e+01      
1.8528191e+02 5.7944799e+01      
1.8598954e+02 5.8565338e+01      
1.8696610e+02 5.9436043e+01      
1.8805821e+02 6.0499197e+01      
1.8914655e+02 6.1707190e+01      
1.9020292e+02 6.2985491e+01      
1.9129740e+02 6.4221087e+01      
1.9255534e+02 6.5280077e+01      
1.9798226e+02 5.2921123e+01      
1.9764870e+02 4.9926580e+01      
1.9746922e+02 4.6728732e+01      
1.9721259e+02 4.3471438e+01      
1.9658392e+02 4.0339478e+01      
1.9544240e+02 3.7463156e+01      
1.9403383e+02 3.4809866e+01      
1.9271675e+02 3.2335162e+01      
1.9172800e+02 3.0102732e+01      
1.9113963e+02 2.8299136e+01      
1.9079697e+02 2.7265424e+01      
1.9039498e+02 2.7364876e+01      
1.9019905e+02 2.8208632e+01      
1.9034808e+02 2.9437724e+01      
1.9081445e+02 3.0847127e+01      
1.9151397e+02 3.2323500e+01      
1.9236686e+02 3.3799186e+01      
1.9333739e+02 3.5211680e+01      
1.9444229e+02 3.6485202e+01      
1.9573151e+02 3.7533160e+01      
2.0041599e+02 2.4281903e+01      
1.9976179e+02 2.1168418e+01      
1.9921588e+02 1.7836085e+01      
1.9862289e+02 1.4419049e+01      
1.9778769e+02 1.1082079e+01      
1.9658826e+02 7.9538887e+00      
1.9532911e+02 4.9248256e+00      
1.9429819e+02 1.9416575e+00      
1.9367339e+02 -9.1359993e-01      
1.9349627e+02 -3.3743546e+00      
1.9351782e+02 -4.8683228e+00      
1.9254411e+02 -4.0576732e+00      
1.9174841e+02 -2.3378909e+00      
1.9137467e+02 -3.1854771e-01      
1.9141825e+02 1.7115971e+00      
1.9180055e+02 3.6381698e+00      
1.9244145e+02 5.4176146e+00      
1.9329050e+02 7.0182873e+00      
1.9433262e+02 8.3985395e+00      
1.9557695e+02 9.5052152e+00      
1.9946090e+02 -4.4152589e+00      
1.9860355e+02 -7.7002301e+00      
1.9785876e+02 -1.1249543e+01      
1.9712023e+02 -1.4929183e+01      
1.9620455e+02 -1.8538601e+01      
1.9464957e+02 -2.1747535e+01      
1.9329851e+02 -2.5064476e+01      
1.9238784e+02 -2.8584242e+01      
1.9205603e+02 -3.2233089e+01      
1.9226272e+02 -3.5545219e+01      
1.9203342e+02 -3.6865002e+01      
1.9114314e+02 -3.5906223e+01      
1.8979858e+02 -3.3067406e+01      
1.8895474e+02 -3.0055994e+01      
1.8866158e+02 -2.7336601e+01      
1.8880593e+02 -2.4957121e+01      
1.8927567e+02 -2.2873367e+01      
1.9000272e+02 -2.1068189e+01      
1.9095334e+02 -1.9548870e+01      
1.9211450e+02 -1.8340992e+01      
1.9516994e+02 -3.2681479e+01      
1.9419235e+02 -3.6178365e+01      
1.9335081e+02 -4.0008223e+01      
1.9253368e+02 -4.4001603e+01      
1.9119560e+02 -4.7655385e+01      
1.8933043e+02 -5.0920285e+01      
1.8778816e+02 -5.4457590e+01      
1.8681975e+02 -5.8426092e+01      
1.8661071e+02 -6.2911437e+01      
1.8647699e+02 -6.6217193e+01      
1.8606487e+02 -6.7368862e+01      
1.8524631e+02 -6.6138139e+01      
1.8410251e+02 -6.2972508e+01      
1.8296373e+02 -5.8920713e+01      
1.8249598e+02 -5.5614435e+01      
1.8251289e+02 -5.2868887e+01      
1.8286987e+02 -5.0529230e+01      
1.8349483e+02 -4.8539843e+01      
1.8434964e+02 -4.6879244e+01      
1.8541295e+02 -4.5549198e+01      
1.8763268e+02 -6.0027761e+01      
1.8655736e+02 -6.3725957e+01      
1.8562761e+02 -6.7835726e+01      
1.8439773e+02 -7.1858247e+01      
1.8269992e+02 -7.5564751e+01      
1.8057731e+02 -7.8910396e+01      
1.7877510e+02 -8.2612067e+01      
1.7747137e+02 -8.6679966e+01      
1.7671641e+02 -9.0874529e+01      
1.7636950e+02 -9.4522788e+01      
1.7586988e+02 -9.5565767e+01      
1.7511436e+02 -9.3774433e+01      
1.7409968e+02 -8.9874660e+01      
1.7334369e+02 -8.5956425e+01      
1.7299293e+02 -8.2503077e+01      
1.7300822e+02 -7.9552616e+01      
1.7331418e+02 -7.7042475e+01      
1.7386255e+02 -7.4920623e+01      
1.7462726e+02 -7.3143641e+01      
1.7559153e+02 -7.1686909e+01      
1.7694154e+02 -8.5911039e+01      
1.7567399e+02 -8.9657569e+01      
1.7434916e+02 -9.3682052e+01      
1.7280668e+02 -9.7784444e+01      
1.7086336e+02 -1.0163918e+02      
1.6854375e+02 -1.0516376e+02      
1.6645041e+02 -1.0909346e+02      
1.6471703e+02 -1.1333166e+02      
1.6340676e+02 -1.1746061e+02      
1.6254371e+02 -1.2059562e+02      
1.6201735e+02 -1.2134974e+02      
1.6141378e+02 -1.1860531e+02      
1.6088303e+02 -1.1486716e+02      
1.6052747e+02 -1.1106696e+02      
1.6039510e+02 -1.0758553e+02      
1.6048663e+02 -1.0454361e+02      
1.6078346e+02 -1.0195259e+02      
1.6127047e+02 -9.9776780e+01      
1.6194702e+02 -9.7941139e+01      
1.6281718e+02 -9.6364888e+01      
1.6285025e+02 -1.0930703e+02      
1.6132356e+02 -1.1291047e+02      
1.5973241e+02 -1.1686857e+02      
1.5804863e+02 -1.2118525e+02      
1.5596801e+02 -1.2529551e+02      
1.5353526e+02 -1.2920437e+02      
1.5114398e+02 -1.3351528e+02      
1.4893359e+02 -1.3824651e+02      
1.4704685e+02 -1.4292991e+02      
1.4570810e+02 -1.4635404e+02      
1.4516413e+02 -1.4526207e+02      
1.4497807e+02 -1.4198408e+02      
1.4492902e+02 -1.3799333e+02      
1.4494651e+02 -1.3406948e+02      
1.4503780e+02 -1.3051412e+02      
1.4522675e+02 -1.2742793e+02      
1.4552671e+02 -1.2483178e+02      
1.4594458e+02 -1.2271227e+02      
1.4651059e+02 -1.2095356e+02      
1.4729307e+02 -1.1927271e+02      
1.4612948e+02 -1.3049071e+02      
1.4437897e+02 -1.3388798e+02      
1.4255297e+02 -1.3764907e+02      
1.4059373e+02 -1.4172066e+02      
1.3840064e+02 -1.4599192e+02      
1.3598422e+02 -1.5059842e+02      
1.3326964e+02 -1.5532145e+02      
1.3050784e+02 -1.6087006e+02      
1.2796077e+02 -1.6655317e+02      
1.2635449e+02 -1.6923085e+02      
1.2579714e+02 -1.6807003e+02      
1.2614868e+02 -1.6357984e+02      
1.2663179e+02 -1.5881490e+02      
1.2700458e+02 -1.5455505e+02      
1.2728993e+02 -1.5090265e+02      
1.2756117e+02 -1.4780743e+02      
1.2785638e+02 -1.4525542e+02      
1.2818277e+02 -1.4328325e+02      
1.2856973e+02 -1.4185781e+02      
1.2927078e+02 -1.4009206e+02      
1.2713837e+02 -1.4922102e+02      
1.2523009e+02 -1.5239212e+02      
1.2323290e+02 -1.5590523e+02      
1.2110388e+02 -1.5973048e+02      
1.1879550e+02 -1.6387327e+02      
1.1625785e+02 -1.6841433e+02      
1.1337778e+02 -1.7359849e+02      
1.1006989e+02 -1.8001522e+02      
1.0722948e+02 -1.8513133e+02      
1.0544566e+02 -1.8738960e+02      
1.0492535e+02 -1.8622059e+02      
1.0547594e+02 -1.8207001e+02      
1.0651732e+02 -1.7645568e+02      
1.0714157e+02 -1.7199307e+02      
1.0753910e+02 -1.6835966e+02      
1.0785215e+02 -1.6531809e+02      
1.0813200e+02 -1.6282143e+02      
1.0837739e+02 -1.6091732e+02      
1.0861357e+02 -1.5955713e+02      
1.0923385e+02 -1.5772968e+02      
1.0619456e+02 -1.6521995e+02      
1.0419047e+02 -1.6814903e+02      
1.0209599e+02 -1.7139031e+02      
9.9884890e+01 -1.7492355e+02      
9.7526063e+01 -1.7875365e+02      
9.4979571e+01 -1.8293225e+02      
9.2186583e+01 -1.8759156e+02      
8.9106494e+01 -1.9278248e+02      
8.5893453e+01 -1.9788258e+02      
8.3911518e+01 -2.0005325e+02      
8.3537899e+01 -1.9869913e+02      
8.4435305e+01 -1.9438193e+02      
8.5228182e+01 -1.8991576e+02      
8.5777671e+01 -1.8597302e+02      
8.6162111e+01 -1.8259084e+02      
8.6465108e+01 -1.7968796e+02      
8.6725551e+01 -1.7724253e+02      
8.6938346e+01 -1.7529019e+02      
8.7109709e+01 -1.7379630e+02      
8.7650031e+01 -1.7193042e+02      
8.3642760e+01 -1.7826902e+02      
8.1594521e+01 -1.8094038e+02      
7.9462288e+01 -1.8388146e+02      
7.7234872e+01 -1.8706589e+02      
7.4899625e+01 -1.9047578e+02      
7.2444575e+01 -1.9410113e+02      
6.9865147e+01 -1.9791615e+02      
6.7184255e+01 -2.0179448e+02      
6.4520154e+01 -2.0533048e+02      
6.2303988e+01 -2.0755226e+02      
6.2164771e+01 -2.0593435e+02      
6.2497912e+01 -2.0299056e+02      
6.2882585e+01 -1.9969011e+02      
6.3216453e+01 -1.9646243e+02      
6.3497979e+01 -1.9347163e+02      
6.3748567e+01 -1.9077225e+02      
6.3986476e+01 -1.8838549e+02      
6.4224080e+01 -1.8631363e+02      
6.4510533e+01 -1.8446217e+02      
6.4972093e+01 -1.8257878e+02      
