1.4267637e+01 2.4831373e+02      
1.2519633e+01 2.4647388e+02      
1.1271184e+01 2.4468218e+02      
1.0505113e+01 2.4298961e+02      
1.0203298e+01 2.4144092e+02      
1.0349411e+01 2.4007272e+02      
1.0928325e+01 2.3891329e+02      
1.1921848e+01 2.3798410e+02      
1.3301891e+01 2.3730194e+02      
1.5016774e+01 2.3687871e+02      
1.6916850e+01 2.3670275e+02      
1.8773666e+01 2.3673206e+02      
2.0748386e+01 2.3699498e+02      
2.2954291e+01 2.3748369e+02      
2.5436638e+01 2.3815860e+02      
2.8232622e+01 2.3896903e+02      
3.1374047e+01 2.3985786e+02      
3.4886134e+01 2.4076472e+02      
3.8786518e+01 2.4162874e+02      
4.3084638e+01 2.4239060e+02      
4.1828901e+01 2.3766568e+02      
4.0261164e+01 2.3569835e+02      
3.9196761e+01 2.3377013e+02      
3.8609834e+01 2.3193987e+02      
3.8476075e+01 2.3025833e+02      
3.8779905e+01 2.2876456e+02      
3.9514359e+01 2.2748587e+02      
4.0673642e+01 2.2644190e+02      
4.2245400e+01 2.2565080e+02      
4.4216399e+01 2.2513787e+02      
4.6446858e+01 2.2491533e+02      
4.8029420e+01 2.2480871e+02      
4.9739591e+01 2.2499031e+02      
5.1680331e+01 2.2543244e+02      
5.3881947e+01 2.2607756e+02      
5.6387235e+01 2.2686303e+02      
5.9234475e+01 2.2772095e+02      
6.2454216e+01 2.2858133e+02      
6.6067772e+01 2.2937524e+02      
7.0086329e+01 2.3003729e+02      
6.8206434e+01 2.2328744e+02      
6.6863632e+01 2.2116106e+02      
6.6027378e+01 2.1906724e+02      
6.5654534e+01 2.1707682e+02      
6.5706464e+01 2.1525005e+02      
6.6168685e+01 2.1362781e+02      
6.7051313e+01 2.1223153e+02      
6.8370360e+01 2.1107235e+02      
7.0129603e+01 2.1016245e+02      
7.2315763e+01 2.0952457e+02      
7.4728058e+01 2.0917109e+02      
7.6280337e+01 2.0901758e+02      
7.7727523e+01 2.0917352e+02      
7.9330478e+01 2.0961735e+02      
8.1172551e+01 2.1028532e+02      
8.3308991e+01 2.1110172e+02      
8.5786380e+01 2.1198551e+02      
8.8641506e+01 2.1285499e+02      
9.1900000e+01 2.1363175e+02      
9.5574688e+01 2.1424381e+02      
9.2968494e+01 2.0542334e+02      
9.1902310e+01 2.0309852e+02      
9.1353663e+01 2.0079989e+02      
9.1243441e+01 1.9861887e+02      
9.1494752e+01 1.9663492e+02      
9.2094040e+01 1.9489029e+02      
9.3091769e+01 1.9338927e+02      
9.4544533e+01 1.9212268e+02      
9.6481476e+01 1.9108663e+02      
9.8858937e+01 1.9029617e+02      
1.0138942e+02 1.8978897e+02      
1.0316929e+02 1.8959612e+02      
1.0430209e+02 1.8976377e+02      
1.0548875e+02 1.9026639e+02      
1.0688608e+02 1.9102331e+02      
1.0857346e+02 1.9193928e+02      
1.1060493e+02 1.9291716e+02      
1.1302444e+02 1.9386075e+02      
1.1586362e+02 1.9468012e+02      
1.1913675e+02 1.9529646e+02      
1.1569692e+02 1.8437597e+02      
1.1496631e+02 1.8180387e+02      
1.1479893e+02 1.7924259e+02      
1.1504376e+02 1.7682060e+02      
1.1550405e+02 1.7466846e+02      
1.1616710e+02 1.7283023e+02      
1.1720283e+02 1.7126038e+02      
1.1873732e+02 1.6991103e+02      
1.2082172e+02 1.6875822e+02      
1.2344085e+02 1.6779931e+02      
1.2580983e+02 1.6717396e+02      
1.2768985e+02 1.6690259e+02      
1.2899123e+02 1.6704390e+02      
1.2974935e+02 1.6765881e+02      
1.3062029e+02 1.6858544e+02      
1.3177870e+02 1.6968399e+02      
1.3328779e+02 1.7083742e+02      
1.3520076e+02 1.7193089e+02      
1.3756173e+02 1.7285857e+02      
1.4038520e+02 1.7353571e+02      
1.3598192e+02 1.6050630e+02      
1.3563433e+02 1.5763302e+02      
1.3600036e+02 1.5472024e+02      
1.3685600e+02 1.5194183e+02      
1.3753006e+02 1.4961071e+02      
1.3801420e+02 1.4777689e+02      
1.3894931e+02 1.4621203e+02      
1.4051857e+02 1.4481901e+02      
1.4262431e+02 1.4359284e+02      
1.4506714e+02 1.4256836e+02      
1.4727683e+02 1.4187169e+02      
1.4929502e+02 1.4147354e+02      
1.5091963e+02 1.4148578e+02      
1.5167019e+02 1.4214484e+02      
1.5197371e+02 1.4332541e+02      
1.5255834e+02 1.4469160e+02      
1.5346062e+02 1.4612156e+02      
1.5478931e+02 1.4745514e+02      
1.5662204e+02 1.4856013e+02      
1.5896304e+02 1.4935255e+02      
1.5342621e+02 1.3423074e+02      
1.5342907e+02 1.3101960e+02      
1.5439330e+02 1.2767714e+02      
1.5636696e+02 1.2431405e+02      
1.5725177e+02 1.2179051e+02      
1.5705896e+02 1.2017838e+02      
1.5784667e+02 1.1868900e+02      
1.5951714e+02 1.1728977e+02      
1.6169757e+02 1.1602047e+02      
1.6345512e+02 1.1516723e+02      
1.6533875e+02 1.1447610e+02      
1.6753867e+02 1.1390055e+02      
1.6994950e+02 1.1354083e+02      
1.7045449e+02 1.1429680e+02      
1.7060045e+02 1.1562860e+02      
1.7065085e+02 1.1733296e+02      
1.7076865e+02 1.1920442e+02      
1.7141782e+02 1.2088705e+02      
1.7269763e+02 1.2223100e+02      
1.7454942e+02 1.2318326e+02      
1.6768827e+02 1.0600393e+02      
1.6788508e+02 1.0245423e+02      
1.6903215e+02 9.8763149e+01      
1.7115290e+02 9.5031408e+01      
1.7224406e+02 9.2313015e+01      
1.7233431e+02 9.0687772e+01      
1.7341359e+02 8.9179808e+01      
1.7536585e+02 8.7803536e+01      
1.7762585e+02 8.6679257e+01      
1.7890376e+02 8.5855947e+01      
1.8033610e+02 8.5213128e+01      
1.8240704e+02 8.4537594e+01      
1.8506956e+02 8.3856098e+01      
1.8615943e+02 8.4408828e+01      
1.8615094e+02 8.5991397e+01      
1.8565824e+02 8.8129960e+01      
1.8471204e+02 9.0668186e+01      
1.8470282e+02 9.2753864e+01      
1.8547639e+02 9.4363600e+01      
1.8687041e+02 9.5500585e+01      
1.7854584e+02 7.6291624e+01      
1.7878000e+02 7.2391319e+01      
1.7972256e+02 6.8456821e+01      
1.8115149e+02 6.4778413e+01      
1.8242466e+02 6.1858886e+01      
1.8358588e+02 5.9781801e+01      
1.8535191e+02 5.8122293e+01      
1.8778695e+02 5.6723660e+01      
1.8977663e+02 5.5706715e+01      
1.9103808e+02 5.5048966e+01      
1.9182836e+02 5.4638177e+01      
1.9338683e+02 5.4086765e+01      
1.9577261e+02 5.3329838e+01      
1.9680387e+02 5.3974914e+01      
1.9628405e+02 5.6073234e+01      
1.9553040e+02 5.8542711e+01      
1.9465387e+02 6.1234526e+01      
1.9432943e+02 6.3613745e+01      
1.9471463e+02 6.5475966e+01      
1.9571537e+02 6.6800373e+01      
1.8589620e+02 4.5568855e+01      
1.8612366e+02 4.1232000e+01      
1.8692700e+02 3.6896617e+01      
1.8816263e+02 3.2890571e+01      
1.8957804e+02 2.9688423e+01      
1.9111088e+02 2.7628254e+01      
1.9336464e+02 2.5991112e+01      
1.9565005e+02 2.4690752e+01      
1.9745373e+02 2.3839186e+01      
1.9858561e+02 2.3462315e+01      
1.9924114e+02 2.3409665e+01      
2.0004795e+02 2.3313854e+01      
2.0185778e+02 2.2819858e+01      
2.0277639e+02 2.3601087e+01      
2.0272276e+02 2.5440334e+01      
2.0198828e+02 2.8080460e+01      
2.0075579e+02 3.1284413e+01      
2.0016640e+02 3.3997563e+01      
2.0026677e+02 3.6091325e+01      
2.0095031e+02 3.7587461e+01      
1.8969806e+02 1.4350874e+01      
1.8993367e+02 9.4396597e+00      
1.9072494e+02 4.4465452e+00      
1.9201216e+02 -2.5629729e-01      
1.9359995e+02 -3.9722289e+00      
1.9470317e+02 -5.1837527e+00      
1.9647783e+02 -6.2955706e+00      
1.9876319e+02 -7.4953648e+00      
2.0046070e+02 -8.1652328e+00      
2.0132189e+02 -8.1241139e+00      
2.0154920e+02 -7.5711630e+00      
2.0219236e+02 -7.1474886e+00      
2.0334909e+02 -6.9150840e+00      
2.0452387e+02 -6.4654443e+00      
2.0477096e+02 -4.8115942e+00      
2.0414929e+02 -2.0594210e+00      
2.0287606e+02 1.4850210e+00      
2.0216035e+02 4.4595937e+00      
2.0207703e+02 6.7314261e+00      
2.0252094e+02 8.3631445e+00      
1.8994031e+02 -1.6785778e+01      
1.9018314e+02 -2.2400908e+01      
1.9098855e+02 -2.8276987e+01      
1.9231343e+02 -3.3864150e+01      
1.9346810e+02 -3.7050138e+01      
1.9431586e+02 -3.7609665e+01      
1.9569422e+02 -3.8296197e+01      
1.9746059e+02 -3.9182782e+01      
1.9910841e+02 -3.9750250e+01      
1.9962698e+02 -3.9167740e+01      
1.9994688e+02 -3.8180887e+01      
2.0046326e+02 -3.7179314e+01      
2.0130510e+02 -3.6396206e+01      
2.0234714e+02 -3.5800571e+01      
2.0264355e+02 -3.4084494e+01      
2.0214175e+02 -3.1236030e+01      
2.0102416e+02 -2.7537847e+01      
2.0033887e+02 -2.4456591e+01      
2.0017354e+02 -2.2101242e+01      
2.0045093e+02 -2.0389029e+01      
1.8665871e+02 -4.7244586e+01      
1.8685337e+02 -5.3522010e+01      
1.8757472e+02 -6.0271138e+01      
1.8844705e+02 -6.5536341e+01      
1.8931330e+02 -6.8427859e+01      
1.9014546e+02 -6.8792380e+01      
1.9138708e+02 -6.9478826e+01      
1.9288823e+02 -7.0422473e+01      
1.9418438e+02 -7.0822142e+01      
1.9470177e+02 -6.9840941e+01      
1.9492751e+02 -6.8167287e+01      
1.9522792e+02 -6.6403350e+01      
1.9574177e+02 -6.4889972e+01      
1.9643216e+02 -6.3720006e+01      
1.9661504e+02 -6.1706985e+01      
1.9622827e+02 -5.8828202e+01      
1.9538449e+02 -5.5256643e+01      
1.9483944e+02 -5.2277222e+01      
1.9466924e+02 -4.9950319e+01      
1.9483836e+02 -4.8218107e+01      
1.7993950e+02 -7.6186429e+01      
1.7995816e+02 -8.2566347e+01      
1.8027116e+02 -8.8778228e+01      
1.8078187e+02 -9.4051658e+01      
1.8149178e+02 -9.7208682e+01      
1.8245286e+02 -9.8008330e+01      
1.8377542e+02 -9.9297191e+01      
1.8534807e+02 -1.0094211e+02      
1.8678235e+02 -1.0191504e+02      
1.8686470e+02 -9.9943902e+01      
1.8672852e+02 -9.7136366e+01      
1.8668680e+02 -9.4324713e+01      
1.8680582e+02 -9.1826288e+01      
1.8698704e+02 -8.9562756e+01      
1.8698062e+02 -8.7102813e+01      
1.8670038e+02 -8.4302324e+01      
1.8624761e+02 -8.1328934e+01      
1.8589094e+02 -7.8639013e+01      
1.8575138e+02 -7.6422021e+01      
1.8584754e+02 -7.4714722e+01      
1.6972177e+02 -1.0089791e+02      
1.6956914e+02 -1.0675562e+02      
1.6963579e+02 -1.1266631e+02      
1.6987313e+02 -1.1860441e+02      
1.7044237e+02 -1.2257178e+02      
1.7147528e+02 -1.2465529e+02      
1.7296413e+02 -1.2709643e+02      
1.7473094e+02 -1.2989344e+02      
1.7583246e+02 -1.3061392e+02      
1.7600299e+02 -1.2865737e+02      
1.7543848e+02 -1.2445421e+02      
1.7501883e+02 -1.2039756e+02      
1.7480534e+02 -1.1696459e+02      
1.7469120e+02 -1.1399637e+02      
1.7454468e+02 -1.1119858e+02      
1.7430758e+02 -1.0842893e+02      
1.7401970e+02 -1.0573449e+02      
1.7377868e+02 -1.0327345e+02      
1.7366065e+02 -1.0117601e+02      
1.7369665e+02 -9.9509744e+01      
1.5651519e+02 -1.2344685e+02      
1.5622191e+02 -1.2867635e+02      
1.5613957e+02 -1.3400314e+02      
1.5626346e+02 -1.3919695e+02      
1.5664597e+02 -1.4379061e+02      
1.5737901e+02 -1.4819263e+02      
1.5897828e+02 -1.5169656e+02      
1.6037982e+02 -1.5441970e+02      
1.6123170e+02 -1.5508855e+02      
1.6142112e+02 -1.5314682e+02      
1.6102771e+02 -1.4896027e+02      
1.6034615e+02 -1.4378814e+02      
1.5994249e+02 -1.3978574e+02      
1.5968456e+02 -1.3649303e+02      
1.5946017e+02 -1.3354359e+02      
1.5922566e+02 -1.3079262e+02      
1.5898968e+02 -1.2822601e+02      
1.5879119e+02 -1.2590299e+02      
1.5866910e+02 -1.2389728e+02      
1.5864504e+02 -1.2226659e+02      
1.4060101e+02 -1.4381777e+02      
1.4019805e+02 -1.4847862e+02      
1.3999052e+02 -1.5320992e+02      
1.3997227e+02 -1.5786690e+02      
1.4016244e+02 -1.6235382e+02      
1.4071584e+02 -1.6648310e+02      
1.4170617e+02 -1.7012760e+02      
1.4280427e+02 -1.7348481e+02      
1.4345601e+02 -1.7441863e+02      
1.4360108e+02 -1.7237212e+02      
1.4325498e+02 -1.6787638e+02      
1.4280404e+02 -1.6352127e+02      
1.4242777e+02 -1.5976948e+02      
1.4213273e+02 -1.5652253e+02      
1.4187670e+02 -1.5360348e+02      
1.4163608e+02 -1.5091952e+02      
1.4141086e+02 -1.4845087e+02      
1.4121644e+02 -1.4622420e+02      
1.4107081e+02 -1.4428473e+02      
1.4098481e+02 -1.4267720e+02      
1.2225913e+02 -1.6170622e+02      
1.2176623e+02 -1.6586446e+02      
1.2144389e+02 -1.7007494e+02      
1.2127936e+02 -1.7424079e+02      
1.2127723e+02 -1.7826681e+02      
1.2156957e+02 -1.8184678e+02      
1.2212946e+02 -1.8490566e+02      
1.2279884e+02 -1.8733957e+02      
1.2323791e+02 -1.8869391e+02      
1.2333716e+02 -1.8649420e+02      
1.2316721e+02 -1.8328635e+02      
1.2288166e+02 -1.7993030e+02      
1.2258148e+02 -1.7673525e+02      
1.2230124e+02 -1.7376868e+02      
1.2204151e+02 -1.7101552e+02      
1.2179709e+02 -1.6845608e+02      
1.2156841e+02 -1.6609276e+02      
1.2136150e+02 -1.6394930e+02      
1.2118330e+02 -1.6206103e+02      
1.2103681e+02 -1.6046531e+02      
1.0180809e+02 -1.7687529e+02      
1.0124064e+02 -1.8058080e+02      
1.0082033e+02 -1.8430758e+02      
1.0053350e+02 -1.8796581e+02      
1.0037050e+02 -1.9145281e+02      
1.0043848e+02 -1.9447201e+02      
1.0069916e+02 -1.9688591e+02      
1.0106044e+02 -1.9850791e+02      
1.0129270e+02 -1.9906260e+02      
1.0134022e+02 -1.9793529e+02      
1.0122955e+02 -1.9582401e+02      
1.0102202e+02 -1.9330595e+02      
1.0077399e+02 -1.9066942e+02      
1.0051747e+02 -1.8805866e+02      
1.0026494e+02 -1.8553796e+02      
1.0002001e+02 -1.8314047e+02      
9.9784533e+01 -1.8089424e+02      
9.9560585e+01 -1.7883094e+02      
9.9349204e+01 -1.7698549e+02      
9.9148240e+01 -1.7539286e+02      
7.9597094e+01 -1.8913137e+02      
7.8968182e+01 -1.9242526e+02      
7.8468255e+01 -1.9570226e+02      
7.8093370e+01 -1.9886329e+02      
7.7847683e+01 -2.0178251e+02      
7.7753109e+01 -2.0428377e+02      
7.7786891e+01 -2.0621324e+02      
7.7881521e+01 -2.0741754e+02      
7.7937920e+01 -2.0773709e+02      
7.7907152e+01 -2.0707934e+02      
7.7787767e+01 -2.0564126e+02      
7.7602729e+01 -2.0372285e+02      
7.7380100e+01 -2.0155399e+02      
7.7141000e+01 -1.9928443e+02      
7.6897241e+01 -1.9700705e+02      
7.6654053e+01 -1.9478260e+02      
7.6413173e+01 -1.9265715e+02      
7.6174288e+01 -1.9067111e+02      
7.5934917e+01 -1.8886224e+02      
7.5689536e+01 -1.8726566e+02      
