1.8774935e+01 2.4477123e+02      
1.7434170e+01 2.4320669e+02      
1.6645378e+01 2.4170431e+02      
1.6412470e+01 2.4031334e+02      
1.6733822e+01 2.3907641e+02      
1.7599932e+01 2.3802544e+02      
1.8987926e+01 2.3717685e+02      
2.0851195e+01 2.3652617e+02      
2.3109215e+01 2.3604478e+02      
2.5656136e+01 2.3568713e+02      
2.8392332e+01 2.3540778e+02      
3.1250273e+01 2.3517247e+02      
3.4198526e+01 2.3495612e+02      
3.7223611e+01 2.3473131e+02      
4.0341824e+01 2.3448341e+02      
4.3626150e+01 2.3424045e+02      
4.7110848e+01 2.3402095e+02      
5.0764684e+01 2.3381289e+02      
5.4537617e+01 2.3358964e+02      
5.8398636e+01 2.3331927e+02      
4.6575301e+01 2.3478556e+02      
4.5339753e+01 2.3316322e+02      
4.4666952e+01 2.3159784e+02      
4.4565164e+01 2.3014921e+02      
4.5039441e+01 2.2887118e+02      
4.6090943e+01 2.2780654e+02      
4.7712109e+01 2.2698071e+02      
4.9867908e+01 2.2639182e+02      
5.2453238e+01 2.2599342e+02      
5.5290519e+01 2.2570072e+02      
5.8223157e+01 2.2544210e+02      
6.1164975e+01 2.2517857e+02      
6.4109337e+01 2.2489910e+02      
6.7053573e+01 2.2456652e+02      
6.9918069e+01 2.2408085e+02      
7.3011158e+01 2.2360323e+02      
7.6388887e+01 2.2317590e+02      
7.9941076e+01 2.2276428e+02      
8.3550036e+01 2.2232860e+02      
8.7150758e+01 2.2182971e+02      
7.3089878e+01 2.2109692e+02      
7.1967487e+01 2.1938045e+02      
7.1413097e+01 2.1771650e+02      
7.1438955e+01 2.1617848e+02      
7.2056949e+01 2.1483588e+02      
7.3282241e+01 2.1374763e+02      
7.5137906e+01 2.1295613e+02      
7.7650133e+01 2.1248261e+02      
8.0726487e+01 2.1227299e+02      
8.3969400e+01 2.1212197e+02      
8.7139477e+01 2.1192612e+02      
9.0125505e+01 2.1164798e+02      
9.2938382e+01 2.1129627e+02      
9.5760389e+01 2.1092475e+02      
9.8054233e+01 2.1007157e+02      
1.0094346e+02 2.0937959e+02      
1.0428610e+02 2.0879059e+02      
1.0780805e+02 2.0822182e+02      
1.1126560e+02 2.0761959e+02      
1.1453254e+02 2.0693858e+02      
9.7897599e+01 2.0393719e+02      
9.6891777e+01 2.0208098e+02      
9.6452622e+01 2.0027071e+02      
9.6594470e+01 1.9859710e+02      
9.7332200e+01 1.9715124e+02      
9.8689332e+01 1.9601395e+02      
1.0071636e+02 1.9524561e+02      
1.0354081e+02 1.9490244e+02      
1.0732385e+02 1.9502665e+02      
1.1109838e+02 1.9509028e+02      
1.1456483e+02 1.9499979e+02      
1.1756431e+02 1.9472097e+02      
1.1995888e+02 1.9420108e+02      
1.2168062e+02 1.9334224e+02      
1.2389590e+02 1.9250267e+02      
1.2683788e+02 1.9176215e+02      
1.3035758e+02 1.9109095e+02      
1.3405819e+02 1.9042561e+02      
1.3744625e+02 1.8971073e+02      
1.4027162e+02 1.8890042e+02      
1.2061007e+02 1.8359689e+02      
1.1972034e+02 1.8154545e+02      
1.1938940e+02 1.7952609e+02      
1.1963138e+02 1.7765061e+02      
1.2045658e+02 1.7604144e+02      
1.2187954e+02 1.7481375e+02      
1.2394330e+02 1.7403965e+02      
1.2674086e+02 1.7372661e+02      
1.3034327e+02 1.7380645e+02      
1.3459610e+02 1.7408894e+02      
1.3838843e+02 1.7414500e+02      
1.4144552e+02 1.7392942e+02      
1.4357932e+02 1.7340183e+02      
1.4484467e+02 1.7253568e+02      
1.4697208e+02 1.7175413e+02      
1.5011986e+02 1.7104796e+02      
1.5415657e+02 1.7036860e+02      
1.5856011e+02 1.6967409e+02      
1.6208902e+02 1.6890106e+02      
1.6426958e+02 1.6801771e+02      
1.4087795e+02 1.6042437e+02      
1.4010026e+02 1.5811340e+02      
1.3986852e+02 1.5580493e+02      
1.4019746e+02 1.5363252e+02      
1.4108697e+02 1.5176364e+02      
1.4251587e+02 1.5038773e+02      
1.4448666e+02 1.4961821e+02      
1.4707651e+02 1.4937860e+02      
1.5033294e+02 1.4949804e+02      
1.5413825e+02 1.4977279e+02      
1.5813506e+02 1.4996476e+02      
1.6130318e+02 1.4986322e+02      
1.6340487e+02 1.4947963e+02      
1.6457402e+02 1.4884716e+02      
1.6671728e+02 1.4822511e+02      
1.7010937e+02 1.4760820e+02      
1.7488636e+02 1.4695995e+02      
1.8092405e+02 1.4628631e+02      
1.8480488e+02 1.4548763e+02      
1.8616335e+02 1.4460374e+02      
1.5839682e+02 1.3482494e+02      
1.5772233e+02 1.3218643e+02      
1.5757720e+02 1.2949349e+02      
1.5798587e+02 1.2689097e+02      
1.5895131e+02 1.2459053e+02      
1.6038468e+02 1.2293468e+02      
1.6212189e+02 1.2229567e+02      
1.6440357e+02 1.2231226e+02      
1.6731443e+02 1.2264889e+02      
1.7067047e+02 1.2307345e+02      
1.7379687e+02 1.2326631e+02      
1.7697563e+02 1.2327107e+02      
1.7916983e+02 1.2307398e+02      
1.8041705e+02 1.2274830e+02      
1.8261500e+02 1.2235261e+02      
1.8609046e+02 1.2187762e+02      
1.9109358e+02 1.2126255e+02      
1.9749649e+02 1.2045466e+02      
2.0138442e+02 1.1965432e+02      
2.0228097e+02 1.1888879e+02      
1.7291384e+02 1.0725834e+02      
1.7232557e+02 1.0423257e+02      
1.7224194e+02 1.0105810e+02      
1.7271514e+02 9.7858994e+01      
1.7377845e+02 9.4879436e+01      
1.7532476e+02 9.2637801e+01      
1.7658152e+02 9.2460227e+01      
1.7846006e+02 9.3006110e+01      
1.8102668e+02 9.3749532e+01      
1.8366751e+02 9.4369441e+01      
1.8615311e+02 9.4741425e+01      
1.8841683e+02 9.4862327e+01      
1.9069833e+02 9.4816058e+01      
1.9215114e+02 9.4769589e+01      
1.9439655e+02 9.4618838e+01      
1.9768087e+02 9.4354450e+01      
2.0218760e+02 9.3888286e+01      
2.0782271e+02 9.3100810e+01      
2.1127166e+02 9.2404330e+01      
2.1217607e+02 9.1783782e+01      
1.8423758e+02 7.8229813e+01      
1.8370691e+02 7.4787003e+01      
1.8363135e+02 7.1066239e+01      
1.8410083e+02 6.7129765e+01      
1.8515544e+02 6.3334094e+01      
1.8625076e+02 6.1153255e+01      
1.8737003e+02 6.0850709e+01      
1.8880820e+02 6.2100864e+01      
1.9067929e+02 6.3358315e+01      
1.9268369e+02 6.4260665e+01      
1.9459979e+02 6.4821149e+01      
1.9635248e+02 6.5135891e+01      
1.9799323e+02 6.5297327e+01      
1.9982010e+02 6.5406118e+01      
2.0210567e+02 6.5486979e+01      
2.0498313e+02 6.5522141e+01      
2.0846412e+02 6.5413042e+01      
2.1213237e+02 6.5098236e+01      
2.1481946e+02 6.4673715e+01      
2.1607540e+02 6.4154737e+01      
1.9225435e+02 4.8266652e+01      
1.9174384e+02 4.4429135e+01      
1.9156546e+02 4.0247181e+01      
1.9184894e+02 3.5624405e+01      
1.9230501e+02 3.1920567e+01      
1.9286937e+02 2.9826818e+01      
1.9359229e+02 2.9512541e+01      
1.9459106e+02 3.0656473e+01      
1.9595852e+02 3.2423909e+01      
1.9747637e+02 3.3482947e+01      
1.9889902e+02 3.4125345e+01      
2.0019497e+02 3.4550951e+01      
2.0181668e+02 3.4816939e+01      
2.0378819e+02 3.5041410e+01      
2.0603670e+02 3.5342759e+01      
2.0840190e+02 3.5802476e+01      
2.1099131e+02 3.6162900e+01      
2.1358140e+02 3.6288112e+01      
2.1571915e+02 3.6169141e+01      
2.1716052e+02 3.5798513e+01      
1.9695300e+02 1.7881248e+01      
1.9644739e+02 1.3664017e+01      
1.9599222e+02 9.3244934e+00      
1.9558128e+02 5.2649843e+00      
1.9539541e+02 1.5421472e+00      
1.9537038e+02 -4.7087675e-01      
1.9557150e+02 -5.7717435e-01      
1.9601391e+02 7.9640141e-01      
1.9686293e+02 1.9893858e+00      
1.9806257e+02 2.7247194e+00      
1.9907612e+02 3.2551258e+00      
2.0038256e+02 3.5836588e+00      
2.0209481e+02 3.8217821e+00      
2.0420299e+02 4.0728639e+00      
2.0649923e+02 4.5335097e+00      
2.0819677e+02 5.6779194e+00      
2.1013875e+02 6.5945801e+00      
2.1216095e+02 7.1451230e+00      
2.1397587e+02 7.3366469e+00      
2.1543119e+02 7.1682282e+00      
1.9847463e+02 -1.2441080e+01      
1.9797891e+02 -1.7099491e+01      
1.9715269e+02 -2.1821867e+01      
1.9582497e+02 -2.5002328e+01      
1.9481256e+02 -2.7567515e+01      
1.9414562e+02 -2.9401033e+01      
1.9382955e+02 -2.9128314e+01      
1.9380442e+02 -2.8434611e+01      
1.9410951e+02 -2.7886798e+01      
1.9473911e+02 -2.7588192e+01      
1.9564755e+02 -2.7430154e+01      
1.9698155e+02 -2.7363139e+01      
1.9874672e+02 -2.7214585e+01      
2.0097588e+02 -2.6974204e+01      
2.0291501e+02 -2.5962189e+01      
2.0428791e+02 -2.4166171e+01      
2.0589542e+02 -2.2713010e+01      
2.0762043e+02 -2.1753770e+01      
2.0924506e+02 -2.1256133e+01      
2.1065458e+02 -2.1200539e+01      
1.9685095e+02 -4.2126204e+01      
1.9624862e+02 -4.7119867e+01      
1.9430590e+02 -5.1855692e+01      
1.9245274e+02 -5.5018853e+01      
1.9076179e+02 -5.6455636e+01      
1.8953858e+02 -5.7191229e+01      
1.8871233e+02 -5.7168168e+01      
1.8819321e+02 -5.6972903e+01      
1.8793610e+02 -5.7025364e+01      
1.8799821e+02 -5.7331179e+01      
1.8862819e+02 -5.7515060e+01      
1.8993828e+02 -5.7821480e+01      
1.9156159e+02 -5.7624369e+01      
1.9348588e+02 -5.6909675e+01      
1.9533169e+02 -5.5435367e+01      
1.9673785e+02 -5.3093986e+01      
1.9829968e+02 -5.1171928e+01      
1.9991844e+02 -4.9850649e+01      
2.0144191e+02 -4.9074822e+01      
2.0279282e+02 -4.8801341e+01      
1.8997935e+02 -6.9796685e+01      
1.8917490e+02 -7.4912140e+01      
1.8696192e+02 -7.9753886e+01      
1.8494814e+02 -8.3087530e+01      
1.8314914e+02 -8.4659520e+01      
1.8154912e+02 -8.4638128e+01      
1.8032038e+02 -8.4375252e+01      
1.7935616e+02 -8.4322601e+01      
1.7853968e+02 -8.4844113e+01      
1.7783485e+02 -8.6099869e+01      
1.7793747e+02 -8.6390809e+01      
1.7866062e+02 -8.6577634e+01      
1.7999238e+02 -8.6183485e+01      
1.8183632e+02 -8.5097528e+01      
1.8398182e+02 -8.3372178e+01      
1.8578937e+02 -8.0536217e+01      
1.8753367e+02 -7.8222105e+01      
1.8916606e+02 -7.6618881e+01      
1.9063919e+02 -7.5620528e+01      
1.9192760e+02 -7.5158586e+01      
1.7817773e+02 -9.4675636e+01      
1.7713956e+02 -9.9653809e+01      
1.7550347e+02 -1.0481851e+02      
1.7368659e+02 -1.0832475e+02      
1.7192557e+02 -1.1018938e+02      
1.7028528e+02 -1.1062781e+02      
1.6881996e+02 -1.0999121e+02      
1.6753470e+02 -1.0978633e+02      
1.6630104e+02 -1.1037079e+02      
1.6505944e+02 -1.1174024e+02      
1.6398726e+02 -1.1346370e+02      
1.6404156e+02 -1.1401068e+02      
1.6513598e+02 -1.1343748e+02      
1.6703849e+02 -1.1184058e+02      
1.6944799e+02 -1.0926145e+02      
1.7194167e+02 -1.0586339e+02      
1.7392634e+02 -1.0333293e+02      
1.7558773e+02 -1.0158075e+02      
1.7701326e+02 -1.0044152e+02      
1.7822552e+02 -9.9837209e+01      
1.6380760e+02 -1.1749133e+02      
1.6255137e+02 -1.2210500e+02      
1.6104327e+02 -1.2676749e+02      
1.5938399e+02 -1.3003086e+02      
1.5769208e+02 -1.3203270e+02      
1.5604720e+02 -1.3295821e+02      
1.5449173e+02 -1.3302176e+02      
1.5303022e+02 -1.3265194e+02      
1.5148413e+02 -1.3327094e+02      
1.4974997e+02 -1.3480347e+02      
1.4793628e+02 -1.3695355e+02      
1.4756631e+02 -1.3763843e+02      
1.4861567e+02 -1.3680444e+02      
1.5075063e+02 -1.3464209e+02      
1.5353195e+02 -1.3138904e+02      
1.5591765e+02 -1.2842875e+02      
1.5786121e+02 -1.2607442e+02      
1.5946410e+02 -1.2433810e+02      
1.6080307e+02 -1.2314781e+02      
1.6191266e+02 -1.2245235e+02      
1.4714390e+02 -1.3792139e+02      
1.4570803e+02 -1.4216144e+02      
1.4428361e+02 -1.4524262e+02      
1.4271824e+02 -1.4788762e+02      
1.4108610e+02 -1.4984758e+02      
1.3944939e+02 -1.5110199e+02      
1.3783075e+02 -1.5180394e+02      
1.3620005e+02 -1.5230551e+02      
1.3444659e+02 -1.5321892e+02      
1.3242080e+02 -1.5479362e+02      
1.3025010e+02 -1.5682555e+02      
1.2979805e+02 -1.5728774e+02      
1.3105260e+02 -1.5605847e+02      
1.3350696e+02 -1.5343785e+02      
1.3585869e+02 -1.5072596e+02      
1.3790406e+02 -1.4826796e+02      
1.3963153e+02 -1.4620804e+02      
1.4107842e+02 -1.4459173e+02      
1.4227933e+02 -1.4341874e+02      
1.4325545e+02 -1.4267489e+02      
1.2835888e+02 -1.5549846e+02      
1.2691480e+02 -1.5869081e+02      
1.2543183e+02 -1.6141930e+02      
1.2388274e+02 -1.6373209e+02      
1.2228250e+02 -1.6560014e+02      
1.2065994e+02 -1.6701170e+02      
1.1902256e+02 -1.6807479e+02      
1.1734194e+02 -1.6901062e+02      
1.1554156e+02 -1.7009382e+02      
1.1347983e+02 -1.7153507e+02      
1.1131292e+02 -1.7317125e+02      
1.1111564e+02 -1.7319200e+02      
1.1271598e+02 -1.7157123e+02      
1.1458120e+02 -1.6950811e+02      
1.1638946e+02 -1.6737153e+02      
1.1803321e+02 -1.6535677e+02      
1.1947558e+02 -1.6358243e+02      
1.2070747e+02 -1.6211817e+02      
1.2173102e+02 -1.6099694e+02      
1.2254898e+02 -1.6023113e+02      
1.0764586e+02 -1.7041169e+02      
1.0618817e+02 -1.7299091e+02      
1.0468532e+02 -1.7537051e+02      
1.0314138e+02 -1.7745547e+02      
1.0156622e+02 -1.7921374e+02      
9.9973762e+01 -1.8065165e+02      
9.8369355e+01 -1.8183458e+02      
9.6740974e+01 -1.8287974e+02      
9.5053390e+01 -1.8391857e+02      
9.3229301e+01 -1.8505325e+02      
9.1445822e+01 -1.8611585e+02      
9.1725512e+01 -1.8565335e+02      
9.2712944e+01 -1.8446533e+02      
9.3953601e+01 -1.8292310e+02      
9.5252566e+01 -1.8124522e+02      
9.6504031e+01 -1.7958570e+02      
9.7644357e+01 -1.7805800e+02      
9.8637949e+01 -1.7673901e+02      
9.9464778e+01 -1.7567671e+02      
1.0011182e+02 -1.7489903e+02      
8.5287966e+01 -1.8261728e+02      
8.3826839e+01 -1.8479202e+02      
8.2328773e+01 -1.8684992e+02      
8.0803102e+01 -1.8870848e+02      
7.9261643e+01 -1.9032741e+02      
7.7717682e+01 -1.9170250e+02      
7.6182788e+01 -1.9286311e+02      
7.4666172e+01 -1.9386022e+02      
7.3182131e+01 -1.9473818e+02      
7.1784064e+01 -1.9548595e+02      
7.0754189e+01 -1.9590000e+02      
7.0612419e+01 -1.9559872e+02      
7.1054191e+01 -1.9475406e+02      
7.1792308e+01 -1.9357883e+02      
7.2665976e+01 -1.9223132e+02      
7.3566248e+01 -1.9084088e+02      
7.4419912e+01 -1.8950859e+02      
7.5178068e+01 -1.8830944e+02      
7.5807377e+01 -1.8729624e+02      
7.6283627e+01 -1.8650449e+02      
