3.4155576e+01 2.4166352e+02      
3.3524784e+01 2.4112211e+02      
3.3013855e+01 2.4012435e+02      
3.2533877e+01 2.3856774e+02      
3.2122646e+01 2.3660839e+02      
3.1929409e+01 2.3464510e+02      
3.1998540e+01 2.3284011e+02      
3.2308897e+01 2.3121994e+02      
3.2831800e+01 2.2978962e+02      
3.3548493e+01 2.2855110e+02      
3.4456495e+01 2.2750694e+02      
3.5568786e+01 2.2665983e+02      
3.6908291e+01 2.2601038e+02      
3.8500170e+01 2.2555484e+02      
4.0362595e+01 2.2528282e+02      
4.2494999e+01 2.2517514e+02      
4.4867603e+01 2.2520233e+02      
4.7427046e+01 2.2532671e+02      
5.0115203e+01 2.2550546e+02      
5.2876359e+01 2.2568850e+02      
6.3467130e+01 2.3319339e+02      
6.3340799e+01 2.3327876e+02      
6.3132104e+01 2.3246367e+02      
6.2751604e+01 2.3069321e+02      
6.2231479e+01 2.2808779e+02      
6.2044207e+01 2.2574431e+02      
6.2181196e+01 2.2369922e+02      
6.2561806e+01 2.2188681e+02      
6.3123124e+01 2.2027667e+02      
6.3829415e+01 2.1885507e+02      
6.4677241e+01 2.1761934e+02      
6.5690612e+01 2.1657269e+02      
6.6909823e+01 2.1571861e+02      
6.8380188e+01 2.1505659e+02      
7.0141618e+01 2.1457934e+02      
7.2210099e+01 2.1426916e+02      
7.4539654e+01 2.1409121e+02      
7.7024908e+01 2.1399697e+02      
7.9582500e+01 2.1394364e+02      
8.2086698e+01 2.1386350e+02      
9.1239087e+01 2.2072178e+02      
9.1543630e+01 2.2100559e+02      
9.1646189e+01 2.2026038e+02      
9.1428221e+01 2.1838061e+02      
9.0943742e+01 2.1554487e+02      
9.0858298e+01 2.1299608e+02      
9.1141516e+01 2.1079794e+02      
9.1651178e+01 2.0885041e+02      
9.2278695e+01 2.0709887e+02      
9.2965905e+01 2.0551838e+02      
9.3714149e+01 2.0410642e+02      
9.4570493e+01 2.0287257e+02      
9.5603447e+01 2.0182742e+02      
9.6886818e+01 2.0097623e+02      
9.8496336e+01 2.0031760e+02      
1.0050828e+02 1.9984379e+02      
1.0288999e+02 1.9951841e+02      
1.0533889e+02 1.9924708e+02      
1.0777193e+02 1.9900019e+02      
1.1011715e+02 1.9875224e+02      
1.1690170e+02 2.0436602e+02      
1.1753525e+02 2.0455990e+02      
1.1792766e+02 2.0376542e+02      
1.1796191e+02 2.0188197e+02      
1.1768953e+02 1.9909099e+02      
1.1787415e+02 1.9654769e+02      
1.1844178e+02 1.9432453e+02      
1.1918421e+02 1.9232500e+02      
1.1992818e+02 1.9048381e+02      
1.2058127e+02 1.8877002e+02      
1.2116651e+02 1.8719253e+02      
1.2178122e+02 1.8577938e+02      
1.2253759e+02 1.8455427e+02      
1.2353914e+02 1.8352902e+02      
1.2489004e+02 1.8270628e+02      
1.2675084e+02 1.8209233e+02      
1.2931167e+02 1.8169186e+02      
1.3168983e+02 1.8126579e+02      
1.3390948e+02 1.8080543e+02      
1.3548003e+02 1.8022795e+02      
1.3996615e+02 1.8445311e+02      
1.4074350e+02 1.8432521e+02      
1.4136707e+02 1.8338203e+02      
1.4176751e+02 1.8157441e+02      
1.4196413e+02 1.7904198e+02      
1.4265165e+02 1.7668449e+02      
1.4370129e+02 1.7456354e+02      
1.4484688e+02 1.7260981e+02      
1.4579696e+02 1.7074140e+02      
1.4637251e+02 1.6890767e+02      
1.4667710e+02 1.6715718e+02      
1.4692517e+02 1.6556253e+02      
1.4729134e+02 1.6416553e+02      
1.4789789e+02 1.6298131e+02      
1.4883724e+02 1.6200750e+02      
1.5019531e+02 1.6122959e+02      
1.5196700e+02 1.6060096e+02      
1.5395283e+02 1.6001496e+02      
1.5618422e+02 1.5941204e+02      
1.5747068e+02 1.5867646e+02      
1.6009674e+02 1.6146221e+02      
1.6069339e+02 1.6075323e+02      
1.6146889e+02 1.5958554e+02      
1.6233976e+02 1.5790044e+02      
1.6338460e+02 1.5585620e+02      
1.6481517e+02 1.5379852e+02      
1.6658734e+02 1.5187502e+02      
1.6842673e+02 1.5008432e+02      
1.6980880e+02 1.4829564e+02      
1.7013202e+02 1.4629433e+02      
1.6991802e+02 1.4432028e+02      
1.6962168e+02 1.4252956e+02      
1.6947413e+02 1.4096919e+02      
1.6958904e+02 1.3964810e+02      
1.7001469e+02 1.3855253e+02      
1.7076477e+02 1.3764932e+02      
1.7180948e+02 1.3688233e+02      
1.7309079e+02 1.3617705e+02      
1.7452744e+02 1.3545324e+02      
1.7579528e+02 1.3463080e+02      
1.7720654e+02 1.3604993e+02      
1.7780483e+02 1.3498274e+02      
1.7875338e+02 1.3362053e+02      
1.8004656e+02 1.3197302e+02      
1.8176283e+02 1.3015351e+02      
1.8400387e+02 1.2833269e+02      
1.8674578e+02 1.2664184e+02      
1.8968438e+02 1.2512188e+02      
1.9201716e+02 1.2362636e+02      
1.9162383e+02 1.2127795e+02      
1.9053127e+02 1.1901015e+02      
1.8947106e+02 1.1701018e+02      
1.8870850e+02 1.1530445e+02      
1.8828772e+02 1.1388161e+02      
1.8817662e+02 1.1271376e+02      
1.8833346e+02 1.1175506e+02      
1.8871670e+02 1.1094214e+02      
1.8927518e+02 1.1020060e+02      
1.8992782e+02 1.0945507e+02      
1.9048803e+02 1.0864760e+02      
1.9110000e+02 1.0871781e+02      
1.9177221e+02 1.0739036e+02      
1.9288687e+02 1.0584876e+02      
1.9449734e+02 1.0414673e+02      
1.9672310e+02 1.0238580e+02      
1.9974730e+02 1.0069815e+02      
2.0364363e+02 9.9204316e+01      
2.0792648e+02 9.7926468e+01      
2.1027514e+02 9.6246530e+01      
2.1016302e+02 9.4038324e+01      
2.0799220e+02 9.1525385e+01      
2.0600181e+02 8.9346673e+01      
2.0461048e+02 8.7534002e+01      
2.0370438e+02 8.6059287e+01      
2.0309992e+02 8.4883270e+01      
2.0270048e+02 8.3948537e+01      
2.0246497e+02 8.3178627e+01      
2.0236487e+02 8.2489340e+01      
2.0235486e+02 8.1801664e+01      
2.0236763e+02 8.1051465e+01      
2.0154730e+02 7.9900245e+01      
2.0227695e+02 7.8322378e+01      
2.0349131e+02 7.6574242e+01      
2.0527525e+02 7.4739983e+01      
2.0778227e+02 7.2927792e+01      
2.1132603e+02 7.1262082e+01      
2.1628672e+02 6.9846888e+01      
2.2061658e+02 6.8328947e+01      
2.2307658e+02 6.6533702e+01      
2.2320963e+02 6.4435543e+01      
2.2132988e+02 6.2145457e+01      
2.1854455e+02 5.9899557e+01      
2.1680722e+02 5.8043777e+01      
2.1561997e+02 5.6576381e+01      
2.1462058e+02 5.5468080e+01      
2.1370445e+02 5.4650601e+01      
2.1287756e+02 5.4022064e+01      
2.1216347e+02 5.3476419e+01      
2.1156723e+02 5.2921926e+01      
2.1108038e+02 5.2286913e+01      
2.0837771e+02 5.0050376e+01      
2.0910998e+02 4.8192289e+01      
2.1032461e+02 4.6180732e+01      
2.1211047e+02 4.4132403e+01      
2.1459550e+02 4.2178017e+01      
2.1794992e+02 4.0409514e+01      
2.2223676e+02 3.8798993e+01      
2.2697508e+02 3.7155619e+01      
2.2974789e+02 3.5314979e+01      
2.2998499e+02 3.3317567e+01      
2.2810267e+02 3.1189966e+01      
2.2638405e+02 2.9090009e+01      
2.2511376e+02 2.7252810e+01      
2.2398301e+02 2.5832717e+01      
2.2268603e+02 2.4880873e+01      
2.2124561e+02 2.4300941e+01      
2.1981172e+02 2.3932419e+01      
2.1849085e+02 2.3631370e+01      
2.1733227e+02 2.3289748e+01      
2.1635015e+02 2.2832824e+01      
2.1149907e+02 1.9652257e+01      
2.1216441e+02 1.7460134e+01      
2.1327313e+02 1.5098113e+01      
2.1490684e+02 1.2728194e+01      
2.1715486e+02 1.0558778e+01      
2.2006720e+02 8.7165108e+00      
2.2356731e+02 7.0868861e+00      
2.2732666e+02 5.4365829e+00      
2.3051452e+02 3.5867209e+00      
2.3081208e+02 1.7234734e+00      
2.3043229e+02 -3.4624683e-01      
2.3005392e+02 -2.4672658e+00      
2.2973736e+02 -4.3942840e+00      
2.2905789e+02 -5.8212109e+00      
2.2738860e+02 -6.4773907e+00      
2.2527560e+02 -6.6391552e+00      
2.2315166e+02 -6.5959918e+00      
2.2119995e+02 -6.5406927e+00      
2.1948803e+02 -6.5913520e+00      
2.1802325e+02 -6.8135499e+00      
2.1090242e+02 -1.0775345e+01      
2.1142978e+02 -1.3368331e+01      
2.1233206e+02 -1.6204802e+01      
2.1369198e+02 -1.9082831e+01      
2.1560011e+02 -2.1613877e+01      
2.1808933e+02 -2.3339871e+01      
2.2099394e+02 -2.4714098e+01      
2.2399200e+02 -2.6129331e+01      
2.2652998e+02 -2.7764851e+01      
2.2799116e+02 -2.9647211e+01      
2.2898573e+02 -3.1817330e+01      
2.2996955e+02 -3.4173614e+01      
2.3094375e+02 -3.6432880e+01      
2.3129549e+02 -3.8086345e+01      
2.2880550e+02 -3.8184954e+01      
2.2573073e+02 -3.7666078e+01      
2.2277647e+02 -3.7019156e+01      
2.2016704e+02 -3.6495070e+01      
2.1792840e+02 -3.6192923e+01      
2.1601970e+02 -3.6141954e+01      
2.0666245e+02 -4.0674800e+01      
2.0698700e+02 -4.3726738e+01      
2.0758333e+02 -4.7188928e+01      
2.0855283e+02 -5.0839221e+01      
2.1005416e+02 -5.4100562e+01      
2.1223254e+02 -5.5281813e+01      
2.1481197e+02 -5.6061199e+01      
2.1745155e+02 -5.7021009e+01      
2.1984464e+02 -5.8384935e+01      
2.2189289e+02 -6.0223909e+01      
2.2387856e+02 -6.2576363e+01      
2.2613243e+02 -6.5377062e+01      
2.2846153e+02 -6.8196461e+01      
2.2873871e+02 -6.9689986e+01      
2.2654339e+02 -6.9597907e+01      
2.2239396e+02 -6.8162394e+01      
2.1851432e+02 -6.6712976e+01      
2.1527722e+02 -6.5640737e+01      
2.1259800e+02 -6.4969926e+01      
2.1032667e+02 -6.4640786e+01      
1.9893809e+02 -6.9448840e+01      
1.9901308e+02 -7.2964964e+01      
1.9920419e+02 -7.7159850e+01      
1.9966690e+02 -8.1696142e+01      
2.0081741e+02 -8.4857896e+01      
2.0269782e+02 -8.6264771e+01      
2.0519152e+02 -8.6260474e+01      
2.0774686e+02 -8.6587811e+01      
2.1012300e+02 -8.7608323e+01      
2.1236888e+02 -8.9333781e+01      
2.1484042e+02 -9.1803528e+01      
2.1803143e+02 -9.5130298e+01      
2.2023991e+02 -9.7897339e+01      
2.2050020e+02 -9.9253095e+01      
2.1852179e+02 -9.8922737e+01      
2.1468018e+02 -9.7190074e+01      
2.1004841e+02 -9.4879520e+01      
2.0643821e+02 -9.3349807e+01      
2.0351301e+02 -9.2385171e+01      
2.0100872e+02 -9.1816645e+01      
1.8796766e+02 -9.6482321e+01      
1.8782090e+02 -1.0028192e+02      
1.8755980e+02 -1.0510594e+02      
1.8768873e+02 -1.0948789e+02      
1.8852223e+02 -1.1258111e+02      
1.9015268e+02 -1.1409682e+02      
1.9243941e+02 -1.1429109e+02      
1.9500635e+02 -1.1400394e+02      
1.9725527e+02 -1.1476061e+02      
1.9934205e+02 -1.1634099e+02      
2.0150733e+02 -1.1859915e+02      
2.0391179e+02 -1.2142790e+02      
2.0623484e+02 -1.2441668e+02      
2.0661360e+02 -1.2574550e+02      
2.0470564e+02 -1.2501931e+02      
2.0088115e+02 -1.2271638e+02      
1.9706832e+02 -1.2063620e+02      
1.9372006e+02 -1.1906719e+02      
1.9081224e+02 -1.1795913e+02      
1.8822505e+02 -1.1721961e+02      
1.7402244e+02 -1.2126445e+02      
1.7382611e+02 -1.2485064e+02      
1.7356146e+02 -1.2906093e+02      
1.7329116e+02 -1.3352916e+02      
1.7379357e+02 -1.3665045e+02      
1.7526286e+02 -1.3808981e+02      
1.7747762e+02 -1.3814494e+02      
1.7957349e+02 -1.3843321e+02      
1.8143350e+02 -1.3933543e+02      
1.8309752e+02 -1.4084848e+02      
1.8462910e+02 -1.4287533e+02      
1.8606679e+02 -1.4521910e+02      
1.8733955e+02 -1.4740667e+02      
1.8788154e+02 -1.4876202e+02      
1.8604194e+02 -1.4746450e+02      
1.8333326e+02 -1.4562982e+02      
1.8038804e+02 -1.4389924e+02      
1.7750631e+02 -1.4245016e+02      
1.7478595e+02 -1.4130978e+02      
1.7223438e+02 -1.4046145e+02      
1.5734332e+02 -1.4352301e+02      
1.5717799e+02 -1.4672778e+02      
1.5701436e+02 -1.5026530e+02      
1.5689666e+02 -1.5389836e+02      
1.5705126e+02 -1.5707084e+02      
1.5843105e+02 -1.5833849e+02      
1.6003564e+02 -1.5912037e+02      
1.6157411e+02 -1.5996376e+02      
1.6294185e+02 -1.6110216e+02      
1.6408627e+02 -1.6261123e+02      
1.6493612e+02 -1.6450726e+02      
1.6541667e+02 -1.6668092e+02      
1.6580023e+02 -1.6821640e+02      
1.6576176e+02 -1.6865336e+02      
1.6483979e+02 -1.6753147e+02      
1.6303627e+02 -1.6605078e+02      
1.6076700e+02 -1.6459177e+02      
1.5831412e+02 -1.6326914e+02      
1.5582781e+02 -1.6213769e+02      
1.5337501e+02 -1.6121626e+02      
1.3817300e+02 -1.6309557e+02      
1.3805054e+02 -1.6593408e+02      
1.3797831e+02 -1.6892547e+02      
1.3801519e+02 -1.7186981e+02      
1.3832593e+02 -1.7440984e+02      
1.3913867e+02 -1.7614327e+02      
1.4017109e+02 -1.7744572e+02      
1.4119889e+02 -1.7865233e+02      
1.4209727e+02 -1.7994522e+02      
1.4276257e+02 -1.8142272e+02      
1.4306250e+02 -1.8314340e+02      
1.4290321e+02 -1.8501468e+02      
1.4273984e+02 -1.8610776e+02      
1.4245496e+02 -1.8614695e+02      
1.4189984e+02 -1.8508649e+02      
1.4060018e+02 -1.8381746e+02      
1.3876801e+02 -1.8253823e+02      
1.3664155e+02 -1.8131325e+02      
1.3436865e+02 -1.8019350e+02      
1.3203370e+02 -1.7921106e+02      
1.1679494e+02 -1.7982058e+02      
1.1669862e+02 -1.8235217e+02      
1.1666546e+02 -1.8494615e+02      
1.1674505e+02 -1.8745024e+02      
1.1700978e+02 -1.8967832e+02      
1.1749270e+02 -1.9151718e+02      
1.1810779e+02 -1.9304629e+02      
1.1872656e+02 -1.9441898e+02      
1.1923684e+02 -1.9575542e+02      
1.1953361e+02 -1.9712934e+02      
1.1948955e+02 -1.9858360e+02      
1.1901181e+02 -2.0004998e+02      
1.1856926e+02 -2.0081091e+02      
1.1811446e+02 -2.0071818e+02      
1.1758059e+02 -1.9978838e+02      
1.1645531e+02 -1.9869398e+02      
1.1485598e+02 -1.9754471e+02      
1.1294669e+02 -1.9638565e+02      
1.1084287e+02 -1.9526453e+02      
1.0862140e+02 -1.9421869e+02      
9.3539517e+01 -1.9353248e+02      
9.3444331e+01 -1.9581997e+02      
9.3402817e+01 -1.9812803e+02      
9.3444653e+01 -2.0035179e+02      
9.3596420e+01 -2.0238878e+02      
9.3856977e+01 -2.0418181e+02      
9.4179720e+01 -2.0574663e+02      
9.4488967e+01 -2.0714323e+02      
9.4703379e+01 -2.0843097e+02      
9.4744616e+01 -2.0964344e+02      
9.4543874e+01 -2.1077168e+02      
9.4101397e+01 -2.1170082e+02      
9.3548728e+01 -2.1216581e+02      
9.2904354e+01 -2.1204832e+02      
9.2088280e+01 -2.1141014e+02      
9.0933076e+01 -2.1049469e+02      
8.9431444e+01 -2.0944063e+02      
8.7655710e+01 -2.0831681e+02      
8.5679123e+01 -2.0717501e+02      
8.3560103e+01 -2.0605581e+02      
