1.5479076e+01 2.2917353e+02      
1.4440453e+01 2.2649340e+02      
1.3769189e+01 2.2392706e+02      
1.3462554e+01 2.2152801e+02      
1.3549590e+01 2.1934225e+02      
1.4082747e+01 2.1740789e+02      
1.5119762e+01 2.1575647e+02      
1.6703268e+01 2.1441562e+02      
1.8839919e+01 2.1341338e+02      
2.1477377e+01 2.1278375e+02      
2.4490105e+01 2.1256949e+02      
2.7707504e+01 2.1281159e+02      
3.0980157e+01 2.1352596e+02      
3.4221907e+01 2.1468450e+02      
3.7408789e+01 2.1620824e+02      
4.0533290e+01 2.1797397e+02      
4.3532642e+01 2.1982503e+02      
4.6221305e+01 2.2152330e+02      
4.8421728e+01 2.2280337e+02      
5.0649534e+01 2.2392748e+02      
4.5315770e+01 2.1876884e+02      
4.4510191e+01 2.1600188e+02      
4.3993068e+01 2.1333876e+02      
4.3753013e+01 2.1083766e+02      
4.3842020e+01 2.0854590e+02      
4.4357760e+01 2.0649961e+02      
4.5408913e+01 2.0472564e+02      
4.7086451e+01 2.0324543e+02      
4.9439772e+01 2.0208111e+02      
5.2435354e+01 2.0126805e+02      
5.5883915e+01 2.0087548e+02      
5.9470738e+01 2.0099599e+02      
6.2957691e+01 2.0168352e+02      
6.6247409e+01 2.0292232e+02      
6.9382213e+01 2.0461432e+02      
7.2473246e+01 2.0659508e+02      
7.5456406e+01 2.0867668e+02      
7.7941475e+01 2.1054098e+02      
7.8905294e+01 2.1122147e+02      
8.0165202e+01 2.1192868e+02      
7.4093164e+01 2.0487119e+02      
7.3597513e+01 2.0199417e+02      
7.3257643e+01 1.9921790e+02      
7.3032377e+01 1.9660692e+02      
7.3017973e+01 1.9420971e+02      
7.3395077e+01 1.9205766e+02      
7.4349706e+01 1.9016866e+02      
7.6039703e+01 1.8855225e+02      
7.8591337e+01 1.8721318e+02      
8.2080052e+01 1.8616182e+02      
8.6283191e+01 1.8548779e+02      
9.0418632e+01 1.8542876e+02      
9.4161859e+01 1.8609200e+02      
9.7406203e+01 1.8748805e+02      
1.0026743e+02 1.8950535e+02      
1.0329835e+02 1.9182444e+02      
1.0629917e+02 1.9418612e+02      
1.0775379e+02 1.9567009e+02      
1.0756580e+02 1.9608165e+02      
1.0786196e+02 1.9654129e+02      
1.0141952e+02 1.8771333e+02      
1.0138122e+02 1.8469386e+02      
1.0127863e+02 1.8178333e+02      
1.0096224e+02 1.7905507e+02      
1.0064947e+02 1.7655966e+02      
1.0069179e+02 1.7431901e+02      
1.0137772e+02 1.7233572e+02      
1.0292741e+02 1.7060471e+02      
1.0554220e+02 1.6910867e+02      
1.0951388e+02 1.6779304e+02      
1.1499207e+02 1.6665658e+02      
1.1975417e+02 1.6636518e+02      
1.2379435e+02 1.6699135e+02      
1.2700372e+02 1.6858477e+02      
1.2913809e+02 1.7114456e+02      
1.3209716e+02 1.7379555e+02      
1.3422369e+02 1.7588939e+02      
1.3477813e+02 1.7717092e+02      
1.3367835e+02 1.7758255e+02      
1.3312929e+02 1.7798663e+02      
1.2691095e+02 1.6757505e+02      
1.2763784e+02 1.6436369e+02      
1.2800873e+02 1.6129357e+02      
1.2730390e+02 1.5843732e+02      
1.2632270e+02 1.5586412e+02      
1.2574409e+02 1.5357002e+02      
1.2593901e+02 1.5152804e+02      
1.2713804e+02 1.4972326e+02      
1.2952542e+02 1.4813900e+02      
1.3337056e+02 1.4671012e+02      
1.3880161e+02 1.4538984e+02      
1.4368160e+02 1.4501998e+02      
1.4801845e+02 1.4563072e+02      
1.5170316e+02 1.4728000e+02      
1.5436882e+02 1.4999912e+02      
1.5674318e+02 1.5239535e+02      
1.5827293e+02 1.5427143e+02      
1.5835341e+02 1.5552477e+02      
1.5677422e+02 1.5612704e+02      
1.5547080e+02 1.5660793e+02      
1.5011360e+02 1.4478060e+02      
1.5206825e+02 1.4127752e+02      
1.5353986e+02 1.3801633e+02      
1.5174339e+02 1.3501210e+02      
1.4956414e+02 1.3242814e+02      
1.4801517e+02 1.3014736e+02      
1.4750173e+02 1.2809109e+02      
1.4816632e+02 1.2625128e+02      
1.5006020e+02 1.2465021e+02      
1.5319826e+02 1.2331677e+02      
1.5735122e+02 1.2237120e+02      
1.6182825e+02 1.2213472e+02      
1.6640172e+02 1.2274365e+02      
1.7086262e+02 1.2422014e+02      
1.7404631e+02 1.2624150e+02      
1.7635034e+02 1.2825049e+02      
1.7773159e+02 1.2996601e+02      
1.7785010e+02 1.3128495e+02      
1.7656192e+02 1.3219976e+02      
1.7437546e+02 1.3281561e+02      
1.7033680e+02 1.1972519e+02      
1.7374997e+02 1.1574998e+02      
1.7493540e+02 1.1214616e+02      
1.7334445e+02 1.0907091e+02      
1.6967643e+02 1.0662090e+02      
1.6688231e+02 1.0445757e+02      
1.6554651e+02 1.0241992e+02      
1.6562722e+02 1.0054672e+02      
1.6696662e+02 9.8930998e+01      
1.6941368e+02 9.7665046e+01      
1.7274071e+02 9.6876800e+01      
1.7672093e+02 9.6725659e+01      
1.8130456e+02 9.7299644e+01      
1.8516835e+02 9.8573563e+01      
1.8817019e+02 1.0026994e+02      
1.9047766e+02 1.0204301e+02      
1.9206545e+02 1.0365302e+02      
1.9245452e+02 1.0503404e+02      
1.9142227e+02 1.0616115e+02      
1.8913229e+02 1.0704879e+02      
1.8634358e+02 9.3011484e+01      
1.8943802e+02 8.8604373e+01      
1.9043129e+02 8.4675936e+01      
1.8891784e+02 8.1484020e+01      
1.8544456e+02 7.9033325e+01      
1.8150427e+02 7.7052509e+01      
1.7956982e+02 7.4967270e+01      
1.7922099e+02 7.2995805e+01      
1.8011639e+02 7.1306812e+01      
1.8205806e+02 7.0005958e+01      
1.8483026e+02 6.9200124e+01      
1.8813324e+02 6.9043457e+01      
1.9152932e+02 6.9673513e+01      
1.9446136e+02 7.1010304e+01      
1.9689287e+02 7.2731416e+01      
1.9903513e+02 7.4495333e+01      
2.0109105e+02 7.6057709e+01      
2.0180714e+02 7.7507759e+01      
2.0127209e+02 7.8767515e+01      
1.9957946e+02 7.9851912e+01      
1.9518703e+02 6.5920719e+01      
1.9842265e+02 6.1017713e+01      
1.9944824e+02 5.6724072e+01      
1.9778580e+02 5.3449609e+01      
1.9406128e+02 5.1054103e+01      
1.9101966e+02 4.8599323e+01      
1.8925955e+02 4.6188653e+01      
1.8875979e+02 4.4001707e+01      
1.8937371e+02 4.2169326e+01      
1.9098306e+02 4.0757616e+01      
1.9345634e+02 3.9789228e+01      
1.9640475e+02 3.9442040e+01      
1.9893623e+02 4.0204601e+01      
2.0077376e+02 4.1968939e+01      
2.0239745e+02 4.4032353e+01      
2.0396118e+02 4.6028838e+01      
2.0532075e+02 4.7833611e+01      
2.0604220e+02 4.9430233e+01      
2.0614154e+02 5.0760468e+01      
2.0596808e+02 5.1758933e+01      
1.9959146e+02 3.8498172e+01      
2.0137365e+02 3.3845101e+01      
2.0251301e+02 2.9138690e+01      
2.0060550e+02 2.5821031e+01      
1.9815371e+02 2.2592307e+01      
1.9608456e+02 1.9341094e+01      
1.9470568e+02 1.6448821e+01      
1.9421321e+02 1.3947538e+01      
1.9464783e+02 1.1935796e+01      
1.9600907e+02 1.0433954e+01      
1.9837271e+02 9.2604003e+00      
2.0165131e+02 8.3445993e+00      
2.0359189e+02 9.3356473e+00      
2.0397900e+02 1.2100642e+01      
2.0475558e+02 1.4725928e+01      
2.0575093e+02 1.7055585e+01      
2.0665752e+02 1.9117861e+01      
2.0727475e+02 2.0903076e+01      
2.0757268e+02 2.2385808e+01      
2.0758925e+02 2.3565567e+01      
2.0043568e+02 1.0920683e+01      
2.0104604e+02 6.5567943e+00      
2.0113073e+02 2.1532331e+00      
2.0006380e+02 -1.9210911e+00      
1.9856890e+02 -6.0451146e+00      
1.9727820e+02 -1.0428677e+01      
1.9614513e+02 -1.3870173e+01      
1.9567349e+02 -1.6841899e+01      
1.9593428e+02 -1.9033284e+01      
1.9697720e+02 -2.0412717e+01      
1.9893590e+02 -2.1403540e+01      
2.0171692e+02 -2.2136489e+01      
2.0322444e+02 -2.0788824e+01      
2.0327650e+02 -1.7544218e+01      
2.0370525e+02 -1.4543008e+01      
2.0438498e+02 -1.1922456e+01      
2.0505631e+02 -9.6272568e+00      
2.0558202e+02 -7.6531524e+00      
2.0591445e+02 -6.0073224e+00      
2.0606440e+02 -4.6936997e+00      
1.9804870e+02 -1.6506362e+01      
1.9793302e+02 -2.0701073e+01      
1.9751610e+02 -2.5059966e+01      
1.9666145e+02 -2.9512669e+01      
1.9556494e+02 -3.4163841e+01      
1.9452225e+02 -3.9105064e+01      
1.9372587e+02 -4.4087849e+01      
1.9326323e+02 -4.7861698e+01      
1.9331552e+02 -5.0302384e+01      
1.9393736e+02 -5.1278791e+01      
1.9523256e+02 -5.1726043e+01      
1.9686471e+02 -5.1315504e+01      
1.9806768e+02 -4.9445417e+01      
1.9868811e+02 -4.6377709e+01      
1.9922800e+02 -4.3229991e+01      
1.9981610e+02 -4.0393286e+01      
2.0037782e+02 -3.7901791e+01      
2.0084543e+02 -3.5760255e+01      
2.0119011e+02 -3.3973116e+01      
2.0142410e+02 -3.2546769e+01      
1.9255786e+02 -4.3373944e+01      
1.9200561e+02 -4.7471028e+01      
1.9130383e+02 -5.1830636e+01      
1.9040458e+02 -5.6442343e+01      
1.8937975e+02 -6.1372907e+01      
1.8836904e+02 -6.6763844e+01      
1.8751734e+02 -7.2549569e+01      
1.8693157e+02 -7.7007056e+01      
1.8677476e+02 -7.9940330e+01      
1.8712491e+02 -8.1408139e+01      
1.8795842e+02 -8.1636862e+01      
1.8905562e+02 -8.0525847e+01      
1.9009220e+02 -7.7962971e+01      
1.9089003e+02 -7.4288750e+01      
1.9154098e+02 -7.0899178e+01      
1.9212159e+02 -6.7880491e+01      
1.9263587e+02 -6.5228943e+01      
1.9306639e+02 -6.2949341e+01      
1.9340566e+02 -6.1043540e+01      
1.9366675e+02 -5.9515349e+01      
1.8405141e+02 -6.9239201e+01      
1.8320785e+02 -7.3236895e+01      
1.8229163e+02 -7.7546368e+01      
1.8127708e+02 -8.2172940e+01      
1.8018866e+02 -8.7172535e+01      
1.7907852e+02 -9.2678907e+01      
1.7800326e+02 -9.8698633e+01      
1.7717026e+02 -1.0365344e+02      
1.7678086e+02 -1.0707207e+02      
1.7690732e+02 -1.0890438e+02      
1.7749992e+02 -1.0911289e+02      
1.7840554e+02 -1.0753744e+02      
1.7938989e+02 -1.0426623e+02      
1.8020922e+02 -1.0061181e+02      
1.8088585e+02 -9.7093850e+01      
1.8145662e+02 -9.3928228e+01      
1.8193747e+02 -9.1154513e+01      
1.8233301e+02 -8.8771874e+01      
1.8264855e+02 -8.6774216e+01      
1.8289739e+02 -8.5159671e+01      
1.7264838e+02 -9.3675038e+01      
1.7159610e+02 -9.7540659e+01      
1.7050820e+02 -1.0172975e+02      
1.6936575e+02 -1.0624477e+02      
1.6817051e+02 -1.1111550e+02      
1.6693482e+02 -1.1638873e+02      
1.6567522e+02 -1.2200672e+02      
1.6449297e+02 -1.2748787e+02      
1.6387072e+02 -1.3127896e+02      
1.6384418e+02 -1.3342753e+02      
1.6433036e+02 -1.3388297e+02      
1.6519360e+02 -1.3210178e+02      
1.6604668e+02 -1.2900003e+02      
1.6682093e+02 -1.2511804e+02      
1.6747588e+02 -1.2138293e+02      
1.6801373e+02 -1.1809690e+02      
1.6845124e+02 -1.1525016e+02      
1.6880146e+02 -1.1280939e+02      
1.6907516e+02 -1.1075346e+02      
1.6928465e+02 -1.0907380e+02      
1.5851853e+02 -1.1629219e+02      
1.5731325e+02 -1.1998499e+02      
1.5609029e+02 -1.2398631e+02      
1.5483427e+02 -1.2828831e+02      
1.5353607e+02 -1.3289671e+02      
1.5218485e+02 -1.3782480e+02      
1.5075360e+02 -1.4308990e+02      
1.4931022e+02 -1.4846563e+02      
1.4855425e+02 -1.5223131e+02      
1.4848030e+02 -1.5456096e+02      
1.4889616e+02 -1.5588977e+02      
1.4948637e+02 -1.5498115e+02      
1.5018717e+02 -1.5202287e+02      
1.5092933e+02 -1.4728656e+02      
1.5153873e+02 -1.4328090e+02      
1.5201654e+02 -1.3996227e+02      
1.5239141e+02 -1.3712335e+02      
1.5268078e+02 -1.3468365e+02      
1.5289628e+02 -1.3260987e+02      
1.5304769e+02 -1.3089061e+02      
1.4188081e+02 -1.3674640e+02      
1.4056504e+02 -1.4022888e+02      
1.3924161e+02 -1.4398742e+02      
1.3789948e+02 -1.4800185e+02      
1.3652737e+02 -1.5225906e+02      
1.3510511e+02 -1.5675678e+02      
1.3358401e+02 -1.6152482e+02      
1.3202958e+02 -1.6636209e+02      
1.3131093e+02 -1.6959772e+02      
1.3132027e+02 -1.7147724e+02      
1.3135422e+02 -1.7328010e+02      
1.3164791e+02 -1.7290055e+02      
1.3215286e+02 -1.7039737e+02      
1.3282644e+02 -1.6602167e+02      
1.3333721e+02 -1.6228489e+02      
1.3371937e+02 -1.5915543e+02      
1.3400934e+02 -1.5643969e+02      
1.3422234e+02 -1.5406929e+02      
1.3436673e+02 -1.5202024e+02      
1.3444815e+02 -1.5028772e+02      
1.2299723e+02 -1.5474048e+02      
1.2160505e+02 -1.5798385e+02      
1.2021272e+02 -1.6146057e+02      
1.1881565e+02 -1.6513738e+02      
1.1740840e+02 -1.6898091e+02      
1.1597975e+02 -1.7295843e+02      
1.1449642e+02 -1.7705000e+02      
1.1302925e+02 -1.8103558e+02      
1.1250223e+02 -1.8341748e+02      
1.1226615e+02 -1.8505842e+02      
1.1216123e+02 -1.8603496e+02      
1.1223535e+02 -1.8570665e+02      
1.1248123e+02 -1.8393735e+02      
1.1282931e+02 -1.8112019e+02      
1.1314813e+02 -1.7817445e+02      
1.1339980e+02 -1.7543880e+02      
1.1358675e+02 -1.7294737e+02      
1.1371224e+02 -1.7070416e+02      
1.1377780e+02 -1.6871556e+02      
1.1378371e+02 -1.6699206e+02      
1.0216637e+02 -1.7002477e+02      
1.0072491e+02 -1.7301121e+02      
9.9290043e+01 -1.7618425e+02      
9.7864807e+01 -1.7949868e+02      
9.6453990e+01 -1.8290148e+02      
9.5066470e+01 -1.8632398e+02      
9.3727919e+01 -1.8965630e+02      
9.2567407e+01 -1.9261608e+02      
9.1826123e+01 -1.9474577e+02      
9.1369030e+01 -1.9612607e+02      
9.1096799e+01 -1.9674399e+02      
9.0984831e+01 -1.9644395e+02      
9.1006761e+01 -1.9520952e+02      
9.1112540e+01 -1.9327466e+02      
9.1241481e+01 -1.9101558e+02      
9.1353669e+01 -1.8870635e+02      
9.1431357e+01 -1.8647704e+02      
9.1465893e+01 -1.8438997e+02      
9.1451385e+01 -1.8248244e+02      
9.1382518e+01 -1.8078200e+02      
7.9717665e+01 -1.8239679e+02      
7.8247643e+01 -1.8511952e+02      
7.6790008e+01 -1.8798333e+02      
7.5354584e+01 -1.9093480e+02      
7.3954841e+01 -1.9390869e+02      
7.2612502e+01 -1.9681890e+02      
7.1368452e+01 -1.9953991e+02      
7.0296121e+01 -2.0188665e+02      
6.9462038e+01 -2.0367456e+02      
6.8854549e+01 -2.0482498e+02      
6.8431215e+01 -2.0529766e+02      
6.8159324e+01 -2.0505636e+02      
6.8007807e+01 -2.0413397e+02      
6.7939330e+01 -2.0266943e+02      
6.7914367e+01 -2.0086483e+02      
6.7900489e+01 -1.9890438e+02      
6.7875438e+01 -1.9691643e+02      
6.7824069e+01 -1.9498335e+02      
6.7734881e+01 -1.9316026e+02      
6.7597872e+01 -1.9148712e+02      
