4.5245690e+01 2.2580805e+02      
4.5877389e+01 2.2543484e+02      
4.5691576e+01 2.2499534e+02      
4.3900870e+01 2.2423345e+02      
4.1299877e+01 2.2343835e+02      
3.8580705e+01 2.2279143e+02      
3.6110826e+01 2.2234456e+02      
3.4078432e+01 2.2211208e+02      
3.2560301e+01 2.2209297e+02      
3.1576113e+01 2.2227952e+02      
3.1117826e+01 2.2266020e+02      
3.1160734e+01 2.2322021e+02      
3.1666186e+01 2.2394114e+02      
3.2583155e+01 2.2480031e+02      
3.3854228e+01 2.2577057e+02      
3.5429844e+01 2.2682167e+02      
3.7287677e+01 2.2792327e+02      
3.9442462e+01 2.2904662e+02      
4.1935630e+01 2.3016257e+02      
4.4815317e+01 2.3123846e+02      
7.7509198e+01 2.1691896e+02      
7.9515345e+01 2.1685644e+02      
8.0536827e+01 2.1680277e+02      
7.7655865e+01 2.1567681e+02      
7.3806094e+01 2.1459299e+02      
7.0077075e+01 2.1374614e+02      
6.6905922e+01 2.1314913e+02      
6.4415398e+01 2.1278472e+02      
6.2602515e+01 2.1263496e+02      
6.1430339e+01 2.1268361e+02      
6.0857252e+01 2.1291531e+02      
6.0836987e+01 2.1331393e+02      
6.1310909e+01 2.1386078e+02      
6.2200814e+01 2.1453259e+02      
6.3409678e+01 2.1529932e+02      
6.4842327e+01 2.1612523e+02      
6.6452506e+01 2.1697712e+02      
6.8273980e+01 2.1783098e+02      
7.0388501e+01 2.1866447e+02      
7.2877439e+01 2.1944808e+02      
1.0828822e+02 2.0440732e+02      
1.1200711e+02 2.0457434e+02      
1.1288681e+02 2.0429583e+02      
1.1028054e+02 2.0340120e+02      
1.0487288e+02 2.0209166e+02      
9.9868320e+01 2.0107499e+02      
9.5946110e+01 2.0035559e+02      
9.3055643e+01 1.9988330e+02      
9.1016928e+01 1.9962118e+02      
8.9716308e+01 1.9954620e+02      
8.9082159e+01 1.9964110e+02      
8.9056142e+01 1.9989029e+02      
8.9568844e+01 2.0027724e+02      
9.0517353e+01 2.0078096e+02      
9.1748783e+01 2.0136931e+02      
9.3069834e+01 2.0199194e+02      
9.4365253e+01 2.0260261e+02      
9.5733956e+01 2.0319410e+02      
9.7352018e+01 2.0376143e+02      
9.9352409e+01 2.0427850e+02      
1.3606454e+02 1.8831825e+02      
1.3967246e+02 1.8813675e+02      
1.4053505e+02 1.8768650e+02      
1.3811662e+02 1.8694695e+02      
1.3298372e+02 1.8597379e+02      
1.2681758e+02 1.8492479e+02      
1.2244922e+02 1.8415563e+02      
1.1938967e+02 1.8361783e+02      
1.1726455e+02 1.8326911e+02      
1.1592282e+02 1.8308826e+02      
1.1529186e+02 1.8306006e+02      
1.1532589e+02 1.8317186e+02      
1.1596884e+02 1.8341264e+02      
1.1711313e+02 1.8377055e+02      
1.1855545e+02 1.8422327e+02      
1.1990866e+02 1.8469286e+02      
1.2072042e+02 1.8504557e+02      
1.2142384e+02 1.8536829e+02      
1.2238711e+02 1.8568837e+02      
1.2379264e+02 1.8597220e+02      
1.5728849e+02 1.6877636e+02      
1.6131503e+02 1.6831837e+02      
1.6243697e+02 1.6772252e+02      
1.5997532e+02 1.6708645e+02      
1.5463555e+02 1.6635187e+02      
1.4969484e+02 1.6554073e+02      
1.4581322e+02 1.6482733e+02      
1.4293452e+02 1.6426643e+02      
1.4089047e+02 1.6385614e+02      
1.3959394e+02 1.6358707e+02      
1.3901606e+02 1.6344871e+02      
1.3915865e+02 1.6343211e+02      
1.4002114e+02 1.6353340e+02      
1.4154057e+02 1.6375817e+02      
1.4348306e+02 1.6411413e+02      
1.4524983e+02 1.6454078e+02      
1.4518170e+02 1.6455852e+02      
1.4491508e+02 1.6461155e+02      
1.4503118e+02 1.6471676e+02      
1.4574578e+02 1.6481380e+02      
1.7471774e+02 1.4666250e+02      
1.7726174e+02 1.4605625e+02      
1.7877965e+02 1.4528216e+02      
1.7617694e+02 1.4475807e+02      
1.7254314e+02 1.4411142e+02      
1.6897110e+02 1.4340510e+02      
1.6588390e+02 1.4273941e+02      
1.6340491e+02 1.4216994e+02      
1.6155524e+02 1.4171446e+02      
1.6034895e+02 1.4137231e+02      
1.5982680e+02 1.4113547e+02      
1.6006604e+02 1.4099543e+02      
1.6118418e+02 1.4095053e+02      
1.6322601e+02 1.4101944e+02      
1.6583274e+02 1.4123568e+02      
1.6723705e+02 1.4136684e+02      
1.6706024e+02 1.4132980e+02      
1.6565077e+02 1.4119235e+02      
1.6476470e+02 1.4115260e+02      
1.6474800e+02 1.4112818e+02      
1.8914666e+02 1.2238161e+02      
1.9052251e+02 1.2172970e+02      
1.9099329e+02 1.2101139e+02      
1.8971739e+02 1.2034027e+02      
1.8750870e+02 1.1965299e+02      
1.8505638e+02 1.1895466e+02      
1.8271276e+02 1.1829508e+02      
1.8066795e+02 1.1771178e+02      
1.7903193e+02 1.1722059e+02      
1.7789528e+02 1.1681984e+02      
1.7736169e+02 1.1649782e+02      
1.7757244e+02 1.1624007e+02      
1.7877852e+02 1.1603600e+02      
1.8127649e+02 1.1588112e+02      
1.8352654e+02 1.1574047e+02      
1.8462946e+02 1.1561223e+02      
1.8427997e+02 1.1550409e+02      
1.8275312e+02 1.1541950e+02      
1.8092733e+02 1.1534966e+02      
1.8034076e+02 1.1528086e+02      
2.0073605e+02 9.6282169e+01      
2.0149728e+02 9.5584802e+01      
2.0166214e+02 9.4836128e+01      
2.0101187e+02 9.4075920e+01      
1.9971692e+02 9.3319042e+01      
1.9808346e+02 9.2584138e+01      
1.9634557e+02 9.1902579e+01      
1.9466776e+02 9.1299817e+01      
1.9318572e+02 9.0783673e+01      
1.9203619e+02 9.0343567e+01      
1.9136647e+02 8.9956899e+01      
1.9133376e+02 8.9597309e+01      
1.9210635e+02 8.9238378e+01      
1.9375500e+02 8.8841720e+01      
1.9592945e+02 8.8356334e+01      
1.9687570e+02 8.7970276e+01      
1.9622009e+02 8.7787984e+01      
1.9429966e+02 8.7762220e+01      
1.9284330e+02 8.7718539e+01      
1.9219741e+02 8.7672715e+01      
2.0937716e+02 6.8752861e+01      
2.0989427e+02 6.7984468e+01      
2.1006118e+02 6.7165528e+01      
2.0978372e+02 6.6325718e+01      
2.0909204e+02 6.5492071e+01      
2.0807441e+02 6.4696958e+01      
2.0681330e+02 6.3976868e+01      
2.0539891e+02 6.3356362e+01      
2.0395909e+02 6.2835164e+01      
2.0266716e+02 6.2386754e+01      
2.0171628e+02 6.1968631e+01      
2.0126961e+02 6.1538153e+01      
2.0142141e+02 6.1059685e+01      
2.0215489e+02 6.0501723e+01      
2.0325263e+02 5.9845395e+01      
2.0411848e+02 5.9157014e+01      
2.0311392e+02 5.8899570e+01      
2.0182246e+02 5.8743773e+01      
2.0080351e+02 5.8687023e+01      
2.0026691e+02 5.8719249e+01      
2.1488665e+02 4.0219746e+01      
2.1533923e+02 3.9360701e+01      
2.1561197e+02 3.8454042e+01      
2.1566454e+02 3.7523217e+01      
2.1548605e+02 3.6593678e+01      
2.1502356e+02 3.5711020e+01      
2.1417475e+02 3.4937021e+01      
2.1292016e+02 3.4308615e+01      
2.1136836e+02 3.3818813e+01      
2.0975150e+02 3.3414844e+01      
2.0836630e+02 3.3015559e+01      
2.0741235e+02 3.2555631e+01      
2.0694784e+02 3.1996260e+01      
2.0691161e+02 3.1316060e+01      
2.0711571e+02 3.0519479e+01      
2.0717206e+02 2.9697411e+01      
2.0660818e+02 2.9065467e+01      
2.0580376e+02 2.8694506e+01      
2.0508991e+02 2.8625671e+01      
2.0463684e+02 2.8822081e+01      
2.1710301e+02 1.1127617e+01      
2.1757069e+02 1.0161533e+01      
2.1798461e+02 9.1592599e+00      
2.1836241e+02 8.1305604e+00      
2.1874243e+02 7.0757047e+00      
2.1898508e+02 6.0464630e+00      
2.1858063e+02 5.1925696e+00      
2.1739677e+02 4.5728045e+00      
2.1552462e+02 4.1757031e+00      
2.1326738e+02 3.9155086e+00      
2.1127154e+02 3.6062983e+00      
2.0977287e+02 3.1604877e+00      
2.0875806e+02 2.5513884e+00      
2.0813681e+02 1.7619475e+00      
2.0775855e+02 7.8285703e-01      
2.0742810e+02 -3.5910691e-01      
2.0699077e+02 -1.4759307e+00      
2.0642660e+02 -2.1266416e+00      
2.0586389e+02 -2.1729537e+00      
2.0541841e+02 -1.6615873e+00      
2.1592585e+02 -1.8076148e+01      
2.1642725e+02 -1.9165936e+01      
2.1695712e+02 -2.0256427e+01      
2.1759705e+02 -2.1359446e+01      
2.1854079e+02 -2.2544062e+01      
2.1986242e+02 -2.3829147e+01      
2.1991814e+02 -2.4780258e+01      
2.1873383e+02 -2.5369847e+01      
2.1638959e+02 -2.5610391e+01      
2.1300905e+02 -2.5560841e+01      
2.1031964e+02 -2.5717292e+01      
2.0832739e+02 -2.6121026e+01      
2.0686889e+02 -2.6753302e+01      
2.0582339e+02 -2.7626176e+01      
2.0507635e+02 -2.8786946e+01      
2.0454076e+02 -3.0338561e+01      
2.0417604e+02 -3.2259138e+01      
2.0369185e+02 -3.3226590e+01      
2.0317376e+02 -3.3205012e+01      
2.0268171e+02 -3.2242408e+01      
2.1133177e+02 -4.6956838e+01      
2.1184831e+02 -4.8199644e+01      
2.1241040e+02 -4.9350094e+01      
2.1312665e+02 -5.0436882e+01      
2.1425051e+02 -5.1624715e+01      
2.1584575e+02 -5.3020781e+01      
2.1603935e+02 -5.3985657e+01      
2.1481033e+02 -5.4517789e+01      
2.1222693e+02 -5.4626753e+01      
2.0843690e+02 -5.4345478e+01      
2.0537596e+02 -5.4393089e+01      
2.0306410e+02 -5.4767123e+01      
2.0130063e+02 -5.5401173e+01      
1.9996438e+02 -5.6298464e+01      
1.9896230e+02 -5.7532184e+01      
1.9822872e+02 -5.9268701e+01      
1.9770896e+02 -6.1478040e+01      
1.9717714e+02 -6.2556834e+01      
1.9665106e+02 -6.2425154e+01      
1.9615265e+02 -6.1131598e+01      
2.0338260e+02 -7.5105159e+01      
2.0389277e+02 -7.6586085e+01      
2.0437861e+02 -7.7752895e+01      
2.0492151e+02 -7.8631551e+01      
2.0574712e+02 -7.9542510e+01      
2.0692143e+02 -8.0729853e+01      
2.0687105e+02 -8.1536199e+01      
2.0556920e+02 -8.1988174e+01      
2.0306741e+02 -8.2084191e+01      
1.9949193e+02 -8.1809182e+01      
1.9647334e+02 -8.1899691e+01      
1.9405810e+02 -8.2299741e+01      
1.9213060e+02 -8.2922659e+01      
1.9061775e+02 -8.3760903e+01      
1.8944802e+02 -8.4890093e+01      
1.8854185e+02 -8.6493559e+01      
1.8781388e+02 -8.8562921e+01      
1.8718895e+02 -8.9492946e+01      
1.8664006e+02 -8.9211459e+01      
1.8616620e+02 -8.7767120e+01      
1.9221649e+02 -1.0211952e+02      
1.9276377e+02 -1.0413634e+02      
1.9308908e+02 -1.0527846e+02      
1.9321812e+02 -1.0554948e+02      
1.9338948e+02 -1.0579715e+02      
1.9348206e+02 -1.0627494e+02      
1.9293827e+02 -1.0675046e+02      
1.9155203e+02 -1.0711401e+02      
1.8935122e+02 -1.0734306e+02      
1.8659387e+02 -1.0750483e+02      
1.8388911e+02 -1.0782320e+02      
1.8150605e+02 -1.0832205e+02      
1.7951232e+02 -1.0893332e+02      
1.7791700e+02 -1.0962779e+02      
1.7667792e+02 -1.1045865e+02      
1.7570015e+02 -1.1158579e+02      
1.7485979e+02 -1.1306341e+02      
1.7418664e+02 -1.1357748e+02      
1.7362221e+02 -1.1311055e+02      
1.7315527e+02 -1.1170656e+02      
1.7795792e+02 -1.2735450e+02      
1.7869086e+02 -1.3056645e+02      
1.7882208e+02 -1.3166161e+02      
1.7834131e+02 -1.3061812e+02      
1.7791886e+02 -1.3005683e+02      
1.7737812e+02 -1.3000572e+02      
1.7644574e+02 -1.3019686e+02      
1.7497145e+02 -1.3048810e+02      
1.7296059e+02 -1.3083678e+02      
1.7056955e+02 -1.3127534e+02      
1.6806210e+02 -1.3185578e+02      
1.6569113e+02 -1.3252979e+02      
1.6365316e+02 -1.3315495e+02      
1.6204256e+02 -1.3364419e+02      
1.6084756e+02 -1.3401247e+02      
1.5996205e+02 -1.3435370e+02      
1.5923870e+02 -1.3465267e+02      
1.5860999e+02 -1.3453491e+02      
1.5804587e+02 -1.3385588e+02      
1.5754020e+02 -1.3264169e+02      
1.6065397e+02 -1.4965674e+02      
1.6118566e+02 -1.5323409e+02      
1.6113406e+02 -1.5427123e+02      
1.6047672e+02 -1.5274012e+02      
1.5975385e+02 -1.5177868e+02      
1.5889130e+02 -1.5146444e+02      
1.5773370e+02 -1.5150381e+02      
1.5618851e+02 -1.5175720e+02      
1.5424333e+02 -1.5218321e+02      
1.5195798e+02 -1.5280947e+02      
1.4943999e+02 -1.5368881e+02      
1.4690563e+02 -1.5471138e+02      
1.4476558e+02 -1.5542733e+02      
1.4317841e+02 -1.5568614e+02      
1.4215383e+02 -1.5547948e+02      
1.4156213e+02 -1.5491303e+02      
1.4105181e+02 -1.5431089e+02      
1.4051390e+02 -1.5362402e+02      
1.3996177e+02 -1.5272163e+02      
1.3941306e+02 -1.5159354e+02      
1.4066551e+02 -1.6841043e+02      
1.4087196e+02 -1.7161732e+02      
1.4066790e+02 -1.7259504e+02      
1.4003090e+02 -1.7131819e+02      
1.3921042e+02 -1.7050179e+02      
1.3820046e+02 -1.7020209e+02      
1.3693130e+02 -1.7022035e+02      
1.3535058e+02 -1.7046922e+02      
1.3343678e+02 -1.7093298e+02      
1.3118505e+02 -1.7166556e+02      
1.2855330e+02 -1.7282650e+02      
1.2556571e+02 -1.7451146e+02      
1.2327847e+02 -1.7534895e+02      
1.2173287e+02 -1.7538073e+02      
1.2094990e+02 -1.7459769e+02      
1.2093508e+02 -1.7292575e+02      
1.2067386e+02 -1.7162553e+02      
1.2021219e+02 -1.7052482e+02      
1.1966199e+02 -1.6942400e+02      
1.1907113e+02 -1.6827397e+02      
1.1848829e+02 -1.8358858e+02      
1.1843592e+02 -1.8551393e+02      
1.1811464e+02 -1.8643231e+02      
1.1750119e+02 -1.8632645e+02      
1.1665460e+02 -1.8605553e+02      
1.1558923e+02 -1.8595016e+02      
1.1428301e+02 -1.8603001e+02      
1.1271106e+02 -1.8628570e+02      
1.1085579e+02 -1.8672987e+02      
1.0869518e+02 -1.8741955e+02      
1.0615249e+02 -1.8850003e+02      
1.0320218e+02 -1.9003728e+02      
1.0097564e+02 -1.9071335e+02      
9.9484363e+01 -1.9054734e+02      
9.8751034e+01 -1.8953264e+02      
9.8810154e+01 -1.8762959e+02      
9.8565654e+01 -1.8607278e+02      
9.8091458e+01 -1.8475573e+02      
9.7508828e+01 -1.8351631e+02      
9.6867264e+01 -1.8230621e+02      
9.4580397e+01 -1.9577715e+02      
9.4381743e+01 -1.9711416e+02      
9.3971440e+01 -1.9797602e+02      
9.3331390e+01 -1.9834858e+02      
9.2469748e+01 -1.9847828e+02      
9.1392908e+01 -1.9857537e+02      
9.0096698e+01 -1.9873053e+02      
8.8574228e+01 -1.9897929e+02      
8.6822058e+01 -1.9934531e+02      
8.4841111e+01 -1.9985611e+02      
8.2645182e+01 -2.0052968e+02      
8.0380604e+01 -2.0122326e+02      
7.8454972e+01 -2.0148474e+02      
7.7025216e+01 -2.0115216e+02      
7.6110999e+01 -2.0021752e+02      
7.5593574e+01 -1.9882054e+02      
7.5100339e+01 -1.9737747e+02      
7.4520249e+01 -1.9600848e+02      
7.3870295e+01 -1.9469208e+02      
7.3169480e+01 -1.9341791e+02      
