2.4534306e+01 2.3414445e+02      
2.3837158e+01 2.3251023e+02      
2.3456481e+01 2.3100336e+02      
2.3248906e+01 2.2970699e+02      
2.3029605e+01 2.2870168e+02      
2.2696373e+01 2.2804350e+02      
2.2373603e+01 2.2774840e+02      
2.2269800e+01 2.2780740e+02      
2.2555649e+01 2.2820851e+02      
2.3353843e+01 2.2894838e+02      
2.4747601e+01 2.3003368e+02      
2.6777019e+01 2.3147190e+02      
2.9402215e+01 2.3324660e+02      
3.2418488e+01 2.3525750e+02      
3.5306285e+01 2.3716198e+02      
3.6706425e+01 2.3771973e+02      
3.7961904e+01 2.3810133e+02      
3.9599099e+01 2.3857698e+02      
4.1833959e+01 2.3917534e+02      
4.4720633e+01 2.3984252e+02      
5.3710989e+01 2.2403234e+02      
5.3398432e+01 2.2223817e+02      
5.3464363e+01 2.2053506e+02      
5.3716195e+01 2.1903562e+02      
5.3772200e+01 2.1786538e+02      
5.3178495e+01 2.1711884e+02      
5.2415505e+01 2.1678214e+02      
5.1893218e+01 2.1681028e+02      
5.1840743e+01 2.1717228e+02      
5.2407129e+01 2.1786755e+02      
5.3707230e+01 2.1892799e+02      
5.5857203e+01 2.2041759e+02      
5.8890034e+01 2.2238510e+02      
6.2469493e+01 2.2469745e+02      
6.5068443e+01 2.2629896e+02      
6.6352719e+01 2.2691999e+02      
6.6605254e+01 2.2676376e+02      
6.7373488e+01 2.2680980e+02      
6.9004423e+01 2.2711841e+02      
7.1467656e+01 2.2757125e+02      
8.1556103e+01 2.1038154e+02      
8.1722826e+01 2.0837046e+02      
8.2421140e+01 2.0638360e+02      
8.3427832e+01 2.0457572e+02      
8.4159096e+01 2.0316713e+02      
8.2886992e+01 2.0235537e+02      
8.1369639e+01 2.0203141e+02      
8.0215068e+01 2.0206170e+02      
7.9684377e+01 2.0237931e+02      
7.9902483e+01 2.0298743e+02      
8.0971562e+01 2.0394114e+02      
8.3081039e+01 2.0536393e+02      
8.6467048e+01 2.0740879e+02      
8.9740545e+01 2.0932770e+02      
9.2067124e+01 2.1069442e+02      
9.3150683e+01 2.1135062e+02      
9.3234224e+01 2.1138652e+02      
9.3126140e+01 2.1115798e+02      
9.4256855e+01 2.1133527e+02      
9.6368764e+01 2.1169974e+02      
1.0751139e+02 1.9348014e+02      
1.0820545e+02 1.9119815e+02      
1.0968677e+02 1.8881600e+02      
1.1159922e+02 1.8656039e+02      
1.1217062e+02 1.8491204e+02      
1.1103663e+02 1.8398336e+02      
1.0859808e+02 1.8375868e+02      
1.0663099e+02 1.8384664e+02      
1.0551883e+02 1.8410847e+02      
1.0529832e+02 1.8456553e+02      
1.0596700e+02 1.8529233e+02      
1.0758361e+02 1.8637134e+02      
1.1016190e+02 1.8782999e+02      
1.1336392e+02 1.8948426e+02      
1.1552044e+02 1.9069412e+02      
1.1624151e+02 1.9135165e+02      
1.1585613e+02 1.9149592e+02      
1.1602994e+02 1.9169296e+02      
1.1709075e+02 1.9205508e+02      
1.1899363e+02 1.9249160e+02      
1.3100909e+02 1.7369380e+02      
1.3209930e+02 1.7114991e+02      
1.3431463e+02 1.6829400e+02      
1.3611620e+02 1.6571671e+02      
1.3662230e+02 1.6380685e+02      
1.3554412e+02 1.6273134e+02      
1.3317880e+02 1.6242680e+02      
1.3042264e+02 1.6259908e+02      
1.2880492e+02 1.6273794e+02      
1.2815617e+02 1.6296130e+02      
1.2834943e+02 1.6336551e+02      
1.2934052e+02 1.6399854e+02      
1.3104833e+02 1.6486712e+02      
1.3323025e+02 1.6590949e+02      
1.3527837e+02 1.6696374e+02      
1.3554426e+02 1.6766533e+02      
1.3563173e+02 1.6830778e+02      
1.3612343e+02 1.6897944e+02      
1.3723814e+02 1.6966926e+02      
1.3902018e+02 1.7030586e+02      
1.5158941e+02 1.5142141e+02      
1.5263471e+02 1.4876304e+02      
1.5440523e+02 1.4584843e+02      
1.5644895e+02 1.4282838e+02      
1.5707988e+02 1.4058155e+02      
1.5592085e+02 1.3938422e+02      
1.5329985e+02 1.3907615e+02      
1.5087666e+02 1.3886979e+02      
1.4913895e+02 1.3869420e+02      
1.4816059e+02 1.3859728e+02      
1.4790305e+02 1.3862431e+02      
1.4831851e+02 1.3879101e+02      
1.4930957e+02 1.3909832e+02      
1.5066180e+02 1.3955680e+02      
1.5190000e+02 1.4023560e+02      
1.5241867e+02 1.4124419e+02      
1.5277884e+02 1.4240367e+02      
1.5342240e+02 1.4357052e+02      
1.5454141e+02 1.4465411e+02      
1.5621085e+02 1.4557591e+02      
1.6902713e+02 1.2703199e+02      
1.6992757e+02 1.2430961e+02      
1.7131820e+02 1.2139516e+02      
1.7286461e+02 1.1842908e+02      
1.7379503e+02 1.1576177e+02      
1.7250332e+02 1.1446989e+02      
1.7035464e+02 1.1361762e+02      
1.6815842e+02 1.1294251e+02      
1.6635686e+02 1.1237660e+02      
1.6510658e+02 1.1191546e+02      
1.6444221e+02 1.1155185e+02      
1.6436043e+02 1.1125300e+02      
1.6482256e+02 1.1098793e+02      
1.6568805e+02 1.1081825e+02      
1.6663474e+02 1.1101962e+02      
1.6690681e+02 1.1247881e+02      
1.6720249e+02 1.1424803e+02      
1.6780492e+02 1.1597897e+02      
1.6884443e+02 1.1751641e+02      
1.7037288e+02 1.1878300e+02      
1.8319142e+02 1.0089764e+02      
1.8401467e+02 9.8093253e+01      
1.8527108e+02 9.5118259e+01      
1.8673466e+02 9.2126523e+01      
1.8769626e+02 8.9450569e+01      
1.8687052e+02 8.7560931e+01      
1.8466450e+02 8.6231328e+01      
1.8234773e+02 8.5128923e+01      
1.8037972e+02 8.4178647e+01      
1.7885679e+02 8.3363253e+01      
1.7780077e+02 8.2650769e+01      
1.7724688e+02 8.1938042e+01      
1.7729515e+02 8.1080085e+01      
1.7785725e+02 8.0246460e+01      
1.7835103e+02 8.0462382e+01      
1.7857717e+02 8.1913779e+01      
1.7864907e+02 8.4373230e+01      
1.7909036e+02 8.6758142e+01      
1.7998639e+02 8.8795669e+01      
1.8134389e+02 9.0440747e+01      
1.9393744e+02 7.3432158e+01      
1.9474273e+02 7.0508110e+01      
1.9604294e+02 6.7376353e+01      
1.9786618e+02 6.4149794e+01      
1.9991915e+02 6.1076838e+01      
1.9920110e+02 5.8815603e+01      
1.9589474e+02 5.7327542e+01      
1.9317464e+02 5.5895856e+01      
1.9098207e+02 5.4597081e+01      
1.8920145e+02 5.3462917e+01      
1.8777237e+02 5.2492136e+01      
1.8667861e+02 5.1565069e+01      
1.8634605e+02 5.0173687e+01      
1.8639308e+02 4.9293386e+01      
1.8654339e+02 4.9504694e+01      
1.8667213e+02 5.0987705e+01      
1.8679739e+02 5.3542566e+01      
1.8707756e+02 5.6574644e+01      
1.8782600e+02 5.9057124e+01      
1.8899804e+02 6.1077902e+01      
2.0112179e+02 4.5093279e+01      
2.0190298e+02 4.2022660e+01      
2.0322607e+02 3.8674365e+01      
2.0522746e+02 3.5096216e+01      
2.0757929e+02 3.1499814e+01      
2.0679224e+02 2.8991602e+01      
2.0298082e+02 2.7589316e+01      
1.9973230e+02 2.6163380e+01      
1.9735785e+02 2.4572931e+01      
1.9539717e+02 2.3144142e+01      
1.9372484e+02 2.1959441e+01      
1.9230606e+02 2.0992841e+01      
1.9153675e+02 1.9806732e+01      
1.9124694e+02 1.8666647e+01      
1.9114967e+02 1.8773490e+01      
1.9116571e+02 2.0384047e+01      
1.9126090e+02 2.3241060e+01      
1.9161090e+02 2.6141139e+01      
1.9229530e+02 2.8793202e+01      
1.9325814e+02 3.1216338e+01      
2.0464744e+02 1.6368589e+01      
2.0534579e+02 1.3150843e+01      
2.0655499e+02 9.5878898e+00      
2.0840367e+02 5.6789135e+00      
2.1054825e+02 1.6146896e+00      
2.0961152e+02 -1.0825169e+00      
2.0567766e+02 -2.3651201e+00      
2.0217609e+02 -3.7332939e+00      
1.9947337e+02 -5.3120118e+00      
1.9740753e+02 -7.0004898e+00      
1.9564607e+02 -8.4309833e+00      
1.9413455e+02 -9.5472977e+00      
1.9315881e+02 -1.0621666e+01      
1.9260911e+02 -1.1425413e+01      
1.9232611e+02 -1.1499589e+01      
1.9226214e+02 -9.7136546e+00      
1.9237181e+02 -7.1703821e+00      
1.9272524e+02 -4.3370813e+00      
1.9339379e+02 -1.5802881e+00      
1.9405969e+02 1.4522214e+00      
2.0449567e+02 -1.2244641e+01      
2.0504608e+02 -1.5587514e+01      
2.0600895e+02 -1.9318778e+01      
2.0742056e+02 -2.3425968e+01      
2.0894710e+02 -2.7717618e+01      
2.0781614e+02 -3.0569358e+01      
2.0412115e+02 -3.1940366e+01      
2.0063923e+02 -3.3366737e+01      
1.9771372e+02 -3.4910673e+01      
1.9537565e+02 -3.6499446e+01      
1.9361299e+02 -3.8123129e+01      
1.9222397e+02 -3.9642647e+01      
1.9123170e+02 -4.0831023e+01      
1.9058130e+02 -4.1474027e+01      
1.9020330e+02 -4.1251602e+01      
1.9006240e+02 -3.9827622e+01      
1.9012904e+02 -3.7465419e+01      
1.9037174e+02 -3.4371548e+01      
1.9071524e+02 -3.0674538e+01      
1.9132498e+02 -2.7463604e+01      
2.0072921e+02 -4.0255165e+01      
2.0109679e+02 -4.3692068e+01      
2.0177276e+02 -4.7556533e+01      
2.0265314e+02 -5.1767429e+01      
2.0308385e+02 -5.5846320e+01      
2.0167264e+02 -5.8774771e+01      
1.9874587e+02 -6.0746068e+01      
1.9540378e+02 -6.2378696e+01      
1.9223091e+02 -6.3907696e+01      
1.8958946e+02 -6.5325709e+01      
1.8770430e+02 -6.6461666e+01      
1.8638149e+02 -6.7595649e+01      
1.8547556e+02 -6.8948126e+01      
1.8481592e+02 -6.9655002e+01      
1.8438415e+02 -6.9449358e+01      
1.8418075e+02 -6.8186363e+01      
1.8419499e+02 -6.5878165e+01      
1.8437932e+02 -6.2581427e+01      
1.8467112e+02 -5.8503885e+01      
1.8521995e+02 -5.5139387e+01      
1.9347454e+02 -6.7184846e+01      
1.9365364e+02 -7.0673717e+01      
1.9409405e+02 -7.4660540e+01      
1.9478745e+02 -7.9169812e+01      
1.9536046e+02 -8.3884749e+01      
1.9341874e+02 -8.6691097e+01      
1.9046933e+02 -8.8813021e+01      
1.8690417e+02 -9.0499601e+01      
1.8318345e+02 -9.1917428e+01      
1.8007468e+02 -9.3267952e+01      
1.7825602e+02 -9.3587074e+01      
1.7710384e+02 -9.3911110e+01      
1.7629981e+02 -9.4518309e+01      
1.7566307e+02 -9.5315026e+01      
1.7518189e+02 -9.5282111e+01      
1.7491349e+02 -9.4167250e+01      
1.7489144e+02 -9.1879587e+01      
1.7508882e+02 -8.8489495e+01      
1.7543033e+02 -8.4449810e+01      
1.7593541e+02 -8.1146609e+01      
1.8290574e+02 -9.2577016e+01      
1.8288836e+02 -9.6043200e+01      
1.8310100e+02 -1.0006665e+02      
1.8360868e+02 -1.0477891e+02      
1.8416131e+02 -1.0997992e+02      
1.8258508e+02 -1.1333811e+02      
1.7940645e+02 -1.1541469e+02      
1.7533289e+02 -1.1704299e+02      
1.7068739e+02 -1.1808079e+02      
1.6742190e+02 -1.1885521e+02      
1.6551971e+02 -1.1893336e+02      
1.6471182e+02 -1.1836891e+02      
1.6416952e+02 -1.1809905e+02      
1.6363535e+02 -1.1818192e+02      
1.6307727e+02 -1.1833574e+02      
1.6270550e+02 -1.1745483e+02      
1.6263859e+02 -1.1523411e+02      
1.6289392e+02 -1.1166012e+02      
1.6324569e+02 -1.0813276e+02      
1.6369015e+02 -1.0512003e+02      
1.6924533e+02 -1.1601727e+02      
1.6901038e+02 -1.1935057e+02      
1.6894084e+02 -1.2322907e+02      
1.6909629e+02 -1.2781681e+02      
1.6925111e+02 -1.3293280e+02      
1.6743175e+02 -1.3597059e+02      
1.6375050e+02 -1.3736285e+02      
1.5944540e+02 -1.3918554e+02      
1.5536267e+02 -1.4051265e+02      
1.5229299e+02 -1.4119316e+02      
1.5046305e+02 -1.4112760e+02      
1.4968978e+02 -1.4038967e+02      
1.4949407e+02 -1.3937335e+02      
1.4907319e+02 -1.3882256e+02      
1.4853552e+02 -1.3845057e+02      
1.4799867e+02 -1.3786560e+02      
1.4781808e+02 -1.3595175e+02      
1.4807657e+02 -1.3264786e+02      
1.4838718e+02 -1.2951539e+02      
1.4873930e+02 -1.2681751e+02      
1.5277145e+02 -1.3715808e+02      
1.5230348e+02 -1.4024317e+02      
1.5190295e+02 -1.4376983e+02      
1.5157087e+02 -1.4783062e+02      
1.5106900e+02 -1.5220642e+02      
1.4881042e+02 -1.5431330e+02      
1.4566604e+02 -1.5594650e+02      
1.4201892e+02 -1.5762796e+02      
1.3820310e+02 -1.5925816e+02      
1.3533588e+02 -1.6003097e+02      
1.3373085e+02 -1.5984781e+02      
1.3319668e+02 -1.5886350e+02      
1.3275839e+02 -1.5789765e+02      
1.3225259e+02 -1.5708317e+02      
1.3170512e+02 -1.5630727e+02      
1.3118222e+02 -1.5536115e+02      
1.3079820e+02 -1.5390412e+02      
1.3094357e+02 -1.5112542e+02      
1.3113690e+02 -1.4842524e+02      
1.3136095e+02 -1.4603452e+02      
1.3381425e+02 -1.5572878e+02      
1.3312402e+02 -1.5848800e+02      
1.3240269e+02 -1.6153415e+02      
1.3157098e+02 -1.6478732e+02      
1.3036770e+02 -1.6787391e+02      
1.2836601e+02 -1.7011050e+02      
1.2575571e+02 -1.7185624e+02      
1.2278576e+02 -1.7338240e+02      
1.1970839e+02 -1.7468669e+02      
1.1695192e+02 -1.7553903e+02      
1.1563173e+02 -1.7524583e+02      
1.1475829e+02 -1.7454764e+02      
1.1403912e+02 -1.7371495e+02      
1.1338278e+02 -1.7282209e+02      
1.1277976e+02 -1.7182805e+02      
1.1225824e+02 -1.7062723e+02      
1.1189083e+02 -1.6904451e+02      
1.1176991e+02 -1.6693110e+02      
1.1177652e+02 -1.6469093e+02      
1.1184954e+02 -1.6258691e+02      
1.1274002e+02 -1.7152385e+02      
1.1186705e+02 -1.7393826e+02      
1.1090168e+02 -1.7651286e+02      
1.0976370e+02 -1.7912385e+02      
1.0831892e+02 -1.8155142e+02      
1.0645584e+02 -1.8358910e+02      
1.0421921e+02 -1.8523897e+02      
1.0176175e+02 -1.8656956e+02      
9.9288513e+01 -1.8757174e+02      
9.7103999e+01 -1.8812112e+02      
9.5549057e+01 -1.8804887e+02      
9.4398119e+01 -1.8756345e+02      
9.3466173e+01 -1.8683223e+02      
9.2674940e+01 -1.8592232e+02      
9.1996055e+01 -1.8483599e+02      
9.1433815e+01 -1.8353316e+02      
9.1011640e+01 -1.8196225e+02      
9.0740529e+01 -1.8013828e+02      
9.0588438e+01 -1.7820425e+02      
9.0516920e+01 -1.7632090e+02      
8.9933106e+01 -1.8438080e+02      
8.8929397e+01 -1.8647307e+02      
8.7810545e+01 -1.8864890e+02      
8.6525898e+01 -1.9080465e+02      
8.5016484e+01 -1.9281100e+02      
8.3250953e+01 -1.9455809e+02      
8.1264204e+01 -1.9599898e+02      
7.9156472e+01 -1.9712227e+02      
7.7073754e+01 -1.9790256e+02      
7.5187380e+01 -1.9828785e+02      
7.3616292e+01 -1.9825075e+02      
7.2340147e+01 -1.9784925e+02      
7.1285049e+01 -1.9716613e+02      
7.0396714e+01 -1.9625527e+02      
6.9646647e+01 -1.9513800e+02      
6.9025391e+01 -1.9381567e+02      
6.8532134e+01 -1.9229272e+02      
6.8160814e+01 -1.9060736e+02      
6.7892106e+01 -1.8884321e+02      
6.7700121e+01 -1.8710162e+02      
