2.3586715e+01 2.5097693e+02      
2.1380139e+01 2.4986970e+02      
1.9611991e+01 2.4872199e+02      
1.8287152e+01 2.4757904e+02      
1.7407630e+01 2.4648444e+02      
1.6973461e+01 2.4547774e+02      
1.6983623e+01 2.4459196e+02      
1.7436548e+01 2.4385155e+02      
1.8329864e+01 2.4327108e+02      
1.9659143e+01 2.4285502e+02      
2.1415765e+01 2.4259853e+02      
2.3584290e+01 2.4248877e+02      
2.6140068e+01 2.4250648e+02      
2.9048096e+01 2.4262724e+02      
3.2264575e+01 2.4282245e+02      
3.5742619e+01 2.4306001e+02      
3.9442239e+01 2.4330503e+02      
4.3341156e+01 2.4352073e+02      
4.7439768e+01 2.4366919e+02      
5.1756427e+01 2.4371173e+02      
5.1293639e+01 2.4145014e+02      
4.9143796e+01 2.4025387e+02      
4.7431624e+01 2.3899408e+02      
4.6160132e+01 2.3772325e+02      
4.5328975e+01 2.3649298e+02      
4.4935995e+01 2.3535070e+02      
4.4978984e+01 2.3433609e+02      
4.5456967e+01 2.3347788e+02      
4.6370200e+01 2.3279203e+02      
4.7718426e+01 2.3228170e+02      
4.9497471e+01 2.3193877e+02      
5.1694740e+01 2.3174622e+02      
5.4284430e+01 2.3168058e+02      
5.7223736e+01 2.3171370e+02      
6.0452433e+01 2.3181375e+02      
6.3899619e+01 2.3194540e+02      
6.7501201e+01 2.3207032e+02      
7.1224009e+01 2.3214872e+02      
7.5078381e+01 2.3214052e+02      
7.9106063e+01 2.3200509e+02      
7.7760517e+01 2.2822494e+02      
7.5694100e+01 2.2690751e+02      
7.4062101e+01 2.2550277e+02      
7.2864646e+01 2.2407211e+02      
7.2097449e+01 2.2267765e+02      
7.1754304e+01 2.2137773e+02      
7.1830428e+01 2.2022133e+02      
7.2325368e+01 2.1924294e+02      
7.3243772e+01 2.1845967e+02      
7.4593044e+01 2.1787166e+02      
7.6378150e+01 2.1746510e+02      
7.8594508e+01 2.1721654e+02      
8.1219721e+01 2.1709677e+02      
8.4204944e+01 2.1707351e+02      
8.7468533e+01 2.1711210e+02      
9.0898965e+01 2.1717426e+02      
9.4381381e+01 2.1721710e+02      
9.7856398e+01 2.1719680e+02      
1.0135945e+02 2.1707247e+02      
1.0498240e+02 2.1680283e+02      
1.0257087e+02 2.1154104e+02      
1.0061477e+02 2.1006545e+02      
9.9088788e+01 2.0847625e+02      
9.7988977e+01 2.0684563e+02      
9.7304640e+01 2.0524985e+02      
9.7022057e+01 2.0376305e+02      
9.7130727e+01 2.0244821e+02      
9.7629768e+01 2.0134811e+02      
9.8530560e+01 2.0048023e+02      
9.9853418e+01 1.9983832e+02      
1.0161957e+02 1.9939863e+02      
1.0384086e+02 1.9912756e+02      
1.0650762e+02 1.9898789e+02      
1.0957314e+02 1.9894292e+02      
1.1293510e+02 1.9895730e+02      
1.1642029e+02 1.9899242e+02      
1.1979766e+02 1.9899736e+02      
1.2292495e+02 1.9891840e+02      
1.2591870e+02 1.9872055e+02      
1.2898623e+02 1.9836578e+02      
1.2533507e+02 1.9169599e+02      
1.2351613e+02 1.9002052e+02      
1.2212439e+02 1.8819946e+02      
1.2115086e+02 1.8631756e+02      
1.2057498e+02 1.8447014e+02      
1.2036909e+02 1.8275543e+02      
1.2050998e+02 1.8125939e+02      
1.2099329e+02 1.8003778e+02      
1.2184056e+02 1.7910644e+02      
1.2309322e+02 1.7844575e+02      
1.2479875e+02 1.7801446e+02      
1.2699698e+02 1.7776299e+02      
1.2970651e+02 1.7764246e+02      
1.3290299e+02 1.7761102e+02      
1.3648275e+02 1.7763746e+02      
1.4021648e+02 1.7769582e+02      
1.4363924e+02 1.7772556e+02      
1.4619167e+02 1.7761479e+02      
1.4840368e+02 1.7738461e+02      
1.5071614e+02 1.7700226e+02      
1.4569474e+02 1.6904280e+02      
1.4403886e+02 1.6712205e+02      
1.4281218e+02 1.6501314e+02      
1.4200146e+02 1.6281343e+02      
1.4157275e+02 1.6064291e+02      
1.4147273e+02 1.5863830e+02      
1.4164928e+02 1.5692723e+02      
1.4208661e+02 1.5558854e+02      
1.4282300e+02 1.5463063e+02      
1.4393608e+02 1.5400506e+02      
1.4551236e+02 1.5363984e+02      
1.4763089e+02 1.5346175e+02      
1.5035852e+02 1.5340474e+02      
1.5373061e+02 1.5341793e+02      
1.5769385e+02 1.5347803e+02      
1.6198664e+02 1.5359317e+02      
1.6589887e+02 1.5374736e+02      
1.6736875e+02 1.5359628e+02      
1.6841761e+02 1.5339667e+02      
1.6973678e+02 1.5306473e+02      
1.6332646e+02 1.4398739e+02      
1.6185613e+02 1.4177537e+02      
1.6082622e+02 1.3931534e+02      
1.6022471e+02 1.3671240e+02      
1.6000641e+02 1.3411241e+02      
1.6007304e+02 1.3171431e+02      
1.6030156e+02 1.2973259e+02      
1.6064489e+02 1.2829225e+02      
1.6117505e+02 1.2737800e+02      
1.6204219e+02 1.2687286e+02      
1.6338554e+02 1.2665338e+02      
1.6532186e+02 1.2661855e+02      
1.6797930e+02 1.2667901e+02      
1.7151338e+02 1.2676170e+02      
1.7598415e+02 1.2684132e+02      
1.8098187e+02 1.2697238e+02      
1.8438802e+02 1.2709949e+02      
1.8572280e+02 1.2714918e+02      
1.8539865e+02 1.2712085e+02      
1.8553768e+02 1.2695534e+02      
1.7794518e+02 1.1698530e+02      
1.7667494e+02 1.1444167e+02      
1.7586800e+02 1.1156653e+02      
1.7552595e+02 1.0845909e+02      
1.7561986e+02 1.0526963e+02      
1.7600162e+02 1.0227574e+02      
1.7632908e+02 9.9923971e+01      
1.7649750e+02 9.8423784e+01      
1.7663868e+02 9.7709179e+01      
1.7710999e+02 9.7456444e+01      
1.7808956e+02 9.7483763e+01      
1.7968848e+02 9.7683138e+01      
1.8207450e+02 9.7936038e+01      
1.8553673e+02 9.8130965e+01      
1.9039119e+02 9.8189808e+01      
1.9481959e+02 9.8265567e+01      
1.9775848e+02 9.8444817e+01      
1.9884563e+02 9.8726266e+01      
1.9839512e+02 9.9022664e+01      
1.9743474e+02 9.9158560e+01      
1.8930849e+02 8.8536367e+01      
1.8823877e+02 8.5636581e+01      
1.8766450e+02 8.2295379e+01      
1.8760943e+02 7.8589134e+01      
1.8809813e+02 7.4634072e+01      
1.8906238e+02 7.0693221e+01      
1.8953096e+02 6.7845429e+01      
1.8944854e+02 6.6328043e+01      
1.8891174e+02 6.6098270e+01      
1.8887113e+02 6.6226732e+01      
1.8937498e+02 6.6598253e+01      
1.9044622e+02 6.7154379e+01      
1.9227543e+02 6.7705877e+01      
1.9506072e+02 6.8107738e+01      
1.9879109e+02 6.8317729e+01      
2.0292282e+02 6.8361482e+01      
2.0550864e+02 6.8635992e+01      
2.0615194e+02 6.9221381e+01      
2.0522354e+02 6.9928341e+01      
2.0471998e+02 7.0239081e+01      
1.9722245e+02 5.9175687e+01      
1.9633357e+02 5.5924686e+01      
1.9597741e+02 5.2097142e+01      
1.9619939e+02 4.7726509e+01      
1.9700158e+02 4.2937830e+01      
1.9819637e+02 3.8132371e+01      
1.9871269e+02 3.4761246e+01      
1.9845428e+02 3.3147754e+01      
1.9757575e+02 3.3219276e+01      
1.9712091e+02 3.3701345e+01      
1.9714988e+02 3.4434662e+01      
1.9743213e+02 3.5589696e+01      
1.9847081e+02 3.6572757e+01      
2.0041241e+02 3.7215300e+01      
2.0304432e+02 3.7631526e+01      
2.0567187e+02 3.8054202e+01      
2.0792950e+02 3.8445225e+01      
2.0804847e+02 3.9420306e+01      
2.0780308e+02 4.0216283e+01      
2.0782290e+02 4.0654629e+01      
2.0154939e+02 2.9458255e+01      
2.0079515e+02 2.5908243e+01      
2.0061051e+02 2.1634031e+01      
2.0110457e+02 1.6547943e+01      
2.0224654e+02 1.0764141e+01      
2.0351298e+02 5.1266199e+00      
2.0399074e+02 1.2109087e+00      
2.0361594e+02 -6.3036591e-01      
2.0253918e+02 -4.1352752e-01      
2.0165850e+02 5.1909700e-01      
2.0133418e+02 1.5764873e+00      
2.0037963e+02 3.8278651e+00      
2.0058994e+02 5.2284329e+00      
2.0177790e+02 6.0194662e+00      
2.0333951e+02 6.6858711e+00      
2.0489356e+02 7.4128864e+00      
2.0601296e+02 8.3227395e+00      
2.0647567e+02 9.3558415e+00      
2.0673799e+02 1.0247508e+01      
2.0713610e+02 1.0839254e+01      
2.0221927e+02 -6.6828817e-02      
2.0152210e+02 -3.8020113e+00      
2.0139487e+02 -8.3551658e+00      
2.0204952e+02 -1.3998631e+01      
2.0372834e+02 -2.1073085e+01      
2.0496391e+02 -2.7419321e+01      
2.0536808e+02 -3.1956945e+01      
2.0488672e+02 -3.4172885e+01      
2.0364549e+02 -3.4023100e+01      
2.0194783e+02 -3.2069661e+01      
1.9999241e+02 -2.9081807e+01      
1.9876428e+02 -2.6874854e+01      
1.9850899e+02 -2.5564072e+01      
1.9892463e+02 -2.4711919e+01      
1.9969481e+02 -2.3942408e+01      
2.0054935e+02 -2.3034864e+01      
2.0125056e+02 -2.1908091e+01      
2.0172522e+02 -2.0650777e+01      
2.0225220e+02 -1.9578476e+01      
2.0288761e+02 -1.8769489e+01      
1.9924387e+02 -2.8891906e+01      
1.9850994e+02 -3.2657076e+01      
1.9826711e+02 -3.7198426e+01      
1.9862881e+02 -4.2680233e+01      
1.9962161e+02 -4.9227855e+01      
2.0091883e+02 -5.6489120e+01      
2.0130314e+02 -6.1853503e+01      
2.0069481e+02 -6.4505813e+01      
1.9911378e+02 -6.4107125e+01      
1.9660624e+02 -6.0869924e+01      
1.9443098e+02 -5.8037933e+01      
1.9290625e+02 -5.6133409e+01      
1.9209593e+02 -5.5018044e+01      
1.9194327e+02 -5.4406559e+01      
1.9214655e+02 -5.3741922e+01      
1.9255888e+02 -5.2772578e+01      
1.9305785e+02 -5.1470666e+01      
1.9372038e+02 -5.0128753e+01      
1.9447017e+02 -4.8841028e+01      
1.9526867e+02 -4.7729639e+01      
1.9272356e+02 -5.6578465e+01      
1.9187801e+02 -6.0236654e+01      
1.9140665e+02 -6.4530165e+01      
1.9133667e+02 -6.9504851e+01      
1.9162733e+02 -7.5186917e+01      
1.9210169e+02 -8.1435386e+01      
1.9239344e+02 -8.7633969e+01      
1.9166440e+02 -9.0852859e+01      
1.8991240e+02 -9.0443665e+01      
1.8735822e+02 -8.7331585e+01      
1.8509928e+02 -8.5057672e+01      
1.8326810e+02 -8.3700896e+01      
1.8190297e+02 -8.3014423e+01      
1.8107098e+02 -8.2704331e+01      
1.8080688e+02 -8.2357156e+01      
1.8093663e+02 -8.1422872e+01      
1.8157566e+02 -8.0186473e+01      
1.8257188e+02 -7.8764538e+01      
1.8358529e+02 -7.7167956e+01      
1.8448757e+02 -7.5592078e+01      
1.8283634e+02 -8.2757970e+01      
1.8183970e+02 -8.6238147e+01      
1.8111206e+02 -9.0161815e+01      
1.8064350e+02 -9.4507949e+01      
1.8036415e+02 -9.9279132e+01      
1.8013562e+02 -1.0437997e+02      
1.7974017e+02 -1.0948179e+02      
1.7884795e+02 -1.1342621e+02      
1.7697382e+02 -1.1273842e+02      
1.7471053e+02 -1.1111010e+02      
1.7242942e+02 -1.0986182e+02      
1.7027547e+02 -1.0926425e+02      
1.6830176e+02 -1.0929099e+02      
1.6668316e+02 -1.0966320e+02      
1.6583119e+02 -1.0967844e+02      
1.6586013e+02 -1.0901164e+02      
1.6680502e+02 -1.0777524e+02      
1.6846339e+02 -1.0620806e+02      
1.6985000e+02 -1.0413608e+02      
1.7075473e+02 -1.0182094e+02      
1.6981874e+02 -1.0710731e+02      
1.6865518e+02 -1.1044939e+02      
1.6768828e+02 -1.1395716e+02      
1.6689707e+02 -1.1757341e+02      
1.6619192e+02 -1.2145078e+02      
1.6545432e+02 -1.2553468e+02      
1.6454165e+02 -1.2967242e+02      
1.6327893e+02 -1.3332452e+02      
1.6143211e+02 -1.3311440e+02      
1.5925473e+02 -1.3254890e+02      
1.5690026e+02 -1.3226178e+02      
1.5442372e+02 -1.3245652e+02      
1.5178485e+02 -1.3334907e+02      
1.4906773e+02 -1.3495249e+02      
1.4760724e+02 -1.3552369e+02      
1.4751350e+02 -1.3503945e+02      
1.4879962e+02 -1.3359363e+02      
1.5129480e+02 -1.3119287e+02      
1.5314638e+02 -1.2854989e+02      
1.5425472e+02 -1.2570906e+02      
1.5395649e+02 -1.2925681e+02      
1.5261264e+02 -1.3264008e+02      
1.5144081e+02 -1.3573063e+02      
1.5042754e+02 -1.3845182e+02      
1.4942240e+02 -1.4148231e+02      
1.4833309e+02 -1.4468927e+02      
1.4706875e+02 -1.4779616e+02      
1.4552779e+02 -1.5023577e+02      
1.4363843e+02 -1.5123344e+02      
1.4144677e+02 -1.5164090e+02      
1.3899948e+02 -1.5208541e+02      
1.3627637e+02 -1.5288110e+02      
1.3315545e+02 -1.5433029e+02      
1.2973347e+02 -1.5644136e+02      
1.2782151e+02 -1.5732722e+02      
1.2758355e+02 -1.5693684e+02      
1.2901987e+02 -1.5537562e+02      
1.3190756e+02 -1.5271526e+02      
1.3405858e+02 -1.4979377e+02      
1.3536958e+02 -1.4670476e+02      
1.3559129e+02 -1.4870735e+02      
1.3407711e+02 -1.5187278e+02      
1.3274563e+02 -1.5456776e+02      
1.3158854e+02 -1.5671118e+02      
1.3037421e+02 -1.5910518e+02      
1.2904244e+02 -1.6163729e+02      
1.2754686e+02 -1.6403223e+02      
1.2583457e+02 -1.6598583e+02      
1.2387056e+02 -1.6733051e+02      
1.2164920e+02 -1.6827559e+02      
1.1916194e+02 -1.6915592e+02      
1.1634988e+02 -1.7025677e+02      
1.1304902e+02 -1.7185715e+02      
1.0932836e+02 -1.7395218e+02      
1.0720225e+02 -1.7483973e+02      
1.0681652e+02 -1.7445469e+02      
1.0815835e+02 -1.7288772e+02      
1.1102553e+02 -1.7026312e+02      
1.1318280e+02 -1.6740283e+02      
1.1455580e+02 -1.6442718e+02      
1.1511043e+02 -1.6515340e+02      
1.1349674e+02 -1.6790825e+02      
1.1204838e+02 -1.7024219e+02      
1.1076102e+02 -1.7207829e+02      
1.0937975e+02 -1.7408166e+02      
1.0787606e+02 -1.7616007e+02      
1.0622966e+02 -1.7812537e+02      
1.0441233e+02 -1.7982234e+02      
1.0240251e+02 -1.8118900e+02      
1.0018747e+02 -1.8230456e+02      
9.7749908e+01 -1.8333399e+02      
9.5043119e+01 -1.8445655e+02      
9.1941864e+01 -1.8585424e+02      
8.8465561e+01 -1.8751933e+02      
8.6432709e+01 -1.8815486e+02      
8.5911122e+01 -1.8770885e+02      
8.6877423e+01 -1.8620739e+02      
8.9201592e+01 -1.8366191e+02      
9.0995284e+01 -1.8113104e+02      
9.2238549e+01 -1.7872621e+02      
9.2891251e+01 -1.7847876e+02      
9.1319468e+01 -1.8060962e+02      
8.9793621e+01 -1.8262071e+02      
8.8308039e+01 -1.8444353e+02      
8.6774262e+01 -1.8624015e+02      
8.5147489e+01 -1.8801658e+02      
8.3406722e+01 -1.8968833e+02      
8.1535124e+01 -1.9117684e+02      
7.9521481e+01 -1.9245049e+02      
7.7360879e+01 -1.9354076e+02      
7.5052080e+01 -1.9452267e+02      
7.2597005e+01 -1.9547646e+02      
7.0024750e+01 -1.9643982e+02      
6.7584791e+01 -1.9726162e+02      
6.5926302e+01 -1.9749639e+02      
6.5291790e+01 -1.9697314e+02      
6.5660055e+01 -1.9569426e+02      
6.6746287e+01 -1.9381421e+02      
6.7870117e+01 -1.9175706e+02      
6.8779259e+01 -1.8975949e+02      
