5.6222228e+01 2.4264361e+02      
5.5185545e+01 2.4378832e+02      
5.4053070e+01 2.4478408e+02      
5.2719324e+01 2.4558397e+02      
5.1126442e+01 2.4616169e+02      
4.9294337e+01 2.4652605e+02      
4.7319980e+01 2.4672084e+02      
4.5346351e+01 2.4680995e+02      
4.3519388e+01 2.4685618e+02      
4.1959481e+01 2.4690734e+02      
4.0755447e+01 2.4699357e+02      
3.9970401e+01 2.4713038e+02      
3.9649360e+01 2.4732220e+02      
3.9824840e+01 2.4756499e+02      
4.0520183e+01 2.4784765e+02      
4.1751265e+01 2.4815292e+02      
4.3527246e+01 2.4845785e+02      
4.5850840e+01 2.4873432e+02      
4.8718426e+01 2.4894968e+02      
5.2120160e+01 2.4906750e+02      
8.6105467e+01 2.3551735e+02      
8.5369311e+01 2.3687660e+02      
8.4484095e+01 2.3803641e+02      
8.3249720e+01 2.3890623e+02      
8.1545172e+01 2.3943070e+02      
7.9392338e+01 2.3962034e+02      
7.6954278e+01 2.3955195e+02      
7.4469823e+01 2.3933764e+02      
7.2155822e+01 2.3907594e+02      
7.0160453e+01 2.3882893e+02      
6.8574150e+01 2.3862853e+02      
6.7452575e+01 2.3848804e+02      
6.6832259e+01 2.3840936e+02      
6.6738726e+01 2.3838641e+02      
6.7190123e+01 2.3840661e+02      
6.8198500e+01 2.3845130e+02      
6.9770012e+01 2.3849597e+02      
7.1904699e+01 2.3851050e+02      
7.4596244e+01 2.3845966e+02      
7.7831877e+01 2.3830397e+02      
1.1458478e+02 2.2478600e+02      
1.1434793e+02 2.2641977e+02      
1.1394408e+02 2.2782549e+02      
1.1295992e+02 2.2881181e+02      
1.1114844e+02 2.2926434e+02      
1.0853529e+02 2.2919460e+02      
1.0541362e+02 2.2874204e+02      
1.0223402e+02 2.2812590e+02      
9.9325252e+01 2.2750045e+02      
9.6839930e+01 2.2692938e+02      
9.4843427e+01 2.2643342e+02      
9.3367861e+01 2.2601651e+02      
9.2433150e+01 2.2567480e+02      
9.2054167e+01 2.2539911e+02      
9.2242483e+01 2.2517514e+02      
9.3006048e+01 2.2498303e+02      
9.4348185e+01 2.2479687e+02      
9.6266539e+01 2.2458450e+02      
9.8752296e+01 2.2430785e+02      
1.0178982e+02 2.2392384e+02      
1.4109702e+02 2.1058917e+02      
1.4165123e+02 2.1259571e+02      
1.4222761e+02 2.1445651e+02      
1.4175873e+02 2.1565793e+02      
1.3984236e+02 2.1602026e+02      
1.3651341e+02 2.1555348e+02      
1.3223002e+02 2.1446346e+02      
1.2808240e+02 2.1330489e+02      
1.2449098e+02 2.1227179e+02      
1.2149785e+02 2.1136882e+02      
1.1909364e+02 2.1058237e+02      
1.1726850e+02 2.0989978e+02      
1.1601954e+02 2.0930962e+02      
1.1534946e+02 2.0879970e+02      
1.1526361e+02 2.0835481e+02      
1.1576681e+02 2.0795475e+02      
1.1686059e+02 2.0757283e+02      
1.1854104e+02 2.0717503e+02      
1.2079736e+02 2.0672013e+02      
1.2361122e+02 2.0616073e+02      
1.6493542e+02 1.9303771e+02      
1.6644545e+02 1.9542828e+02      
1.6884433e+02 1.9809715e+02      
1.6909182e+02 1.9955621e+02      
1.6707028e+02 1.9981019e+02      
1.6283067e+02 1.9886472e+02      
1.5657799e+02 1.9673179e+02      
1.5131846e+02 1.9497511e+02      
1.4708948e+02 1.9356005e+02      
1.4365033e+02 1.9235443e+02      
1.4088682e+02 1.9130239e+02      
1.3874351e+02 1.9037589e+02      
1.3719676e+02 1.8955842e+02      
1.3624032e+02 1.8883716e+02      
1.3587638e+02 1.8819823e+02      
1.3610937e+02 1.8762303e+02      
1.3694119e+02 1.8708533e+02      
1.3836787e+02 1.8654968e+02      
1.4037743e+02 1.8597128e+02      
1.4294902e+02 1.8529733e+02      
1.8532806e+02 1.7226451e+02      
1.8724920e+02 1.7467806e+02      
1.9028385e+02 1.7732143e+02      
1.9082038e+02 1.7872782e+02      
1.8871656e+02 1.7884184e+02      
1.8403035e+02 1.7767077e+02      
1.7699953e+02 1.7529248e+02      
1.7118431e+02 1.7325846e+02      
1.6659494e+02 1.7159254e+02      
1.6286941e+02 1.7015318e+02      
1.5984147e+02 1.6887777e+02      
1.5743519e+02 1.6773734e+02      
1.5561992e+02 1.6671747e+02      
1.5438899e+02 1.6580948e+02      
1.5374755e+02 1.6500470e+02      
1.5370417e+02 1.6428930e+02      
1.5426450e+02 1.6363965e+02      
1.5542669e+02 1.6301955e+02      
1.5717858e+02 1.6237987e+02      
1.5949687e+02 1.6166064e+02      
2.0177173e+02 1.4858927e+02      
2.0331170e+02 1.5066587e+02      
2.0577061e+02 1.5275389e+02      
2.0596283e+02 1.5380815e+02      
2.0380289e+02 1.5375059e+02      
1.9934279e+02 1.5259632e+02      
1.9275751e+02 1.5045888e+02      
1.8718963e+02 1.4846571e+02      
1.8263699e+02 1.4670084e+02      
1.7883417e+02 1.4510624e+02      
1.7565879e+02 1.4365373e+02      
1.7305492e+02 1.4233043e+02      
1.7100453e+02 1.4113207e+02      
1.6951206e+02 1.4005947e+02      
1.6859365e+02 1.3911454e+02      
1.6826818e+02 1.3829329e+02      
1.6854957e+02 1.3757802e+02      
1.6944088e+02 1.3693261e+02      
1.7093084e+02 1.3630222e+02      
1.7299319e+02 1.3561670e+02      
2.1420370e+02 1.2253205e+02      
2.1475629e+02 1.2408992e+02      
2.1527268e+02 1.2532962e+02      
2.1464185e+02 1.2588910e+02      
2.1245489e+02 1.2562884e+02      
2.0874639e+02 1.2457553e+02      
2.0397910e+02 1.2292630e+02      
1.9928094e+02 1.2111028e+02      
1.9506655e+02 1.1932701e+02      
1.9135909e+02 1.1762839e+02      
1.8813804e+02 1.1603350e+02      
1.8539332e+02 1.1455206e+02      
1.8313401e+02 1.1319270e+02      
1.8138600e+02 1.1196930e+02      
1.8018502e+02 1.1090168e+02      
1.7956768e+02 1.1000439e+02      
1.7956204e+02 1.0927082e+02      
1.8017957e+02 1.0866559e+02      
1.8141057e+02 1.0812543e+02      
1.8322427e+02 1.0756486e+02      
2.2286628e+02 9.4700992e+01      
2.2257845e+02 9.5791380e+01      
2.2201476e+02 9.6468774e+01      
2.2075425e+02 9.6598727e+01      
2.1854521e+02 9.6111404e+01      
2.1541213e+02 9.5042865e+01      
2.1164917e+02 9.3535325e+01      
2.0770798e+02 9.1793726e+01      
2.0390687e+02 8.9980352e+01      
2.0037933e+02 8.8188119e+01      
1.9717453e+02 8.6467483e+01      
1.9432267e+02 8.4843898e+01      
1.9186309e+02 8.3331525e+01      
1.8985000e+02 8.1954822e+01      
1.8834727e+02 8.0763667e+01      
1.8741842e+02 7.9809937e+01      
1.8711362e+02 7.9105226e+01      
1.8745731e+02 7.8613760e+01      
1.8844135e+02 7.8259337e+01      
1.9002649e+02 7.7932083e+01      
2.2796059e+02 6.5676446e+01      
2.2712205e+02 6.6380980e+01      
2.2599156e+02 6.6646422e+01      
2.2437437e+02 6.6416895e+01      
2.2215248e+02 6.5674337e+01      
2.1934733e+02 6.4463011e+01      
2.1611562e+02 6.2888163e+01      
2.1268239e+02 6.1086736e+01      
2.0924190e+02 5.9185133e+01      
2.0591097e+02 5.7279683e+01      
2.0274730e+02 5.5436883e+01      
1.9979470e+02 5.3686648e+01      
1.9711856e+02 5.2024594e+01      
1.9480688e+02 5.0462454e+01      
1.9296042e+02 4.9104715e+01      
1.9168256e+02 4.8098873e+01      
1.9105775e+02 4.7471071e+01      
1.9113058e+02 4.7177669e+01      
1.9189287e+02 4.7127451e+01      
1.9328792e+02 4.7168333e+01      
2.2956151e+02 3.5992262e+01      
2.2836370e+02 3.6359585e+01      
2.2689951e+02 3.6272107e+01      
2.2507921e+02 3.5708940e+01      
2.2285733e+02 3.4678602e+01      
2.2025700e+02 3.3233623e+01      
2.1736262e+02 3.1471067e+01      
2.1429046e+02 2.9509247e+01      
2.1115271e+02 2.7454597e+01      
2.0802183e+02 2.5398129e+01      
2.0491275e+02 2.3430924e+01      
2.0183959e+02 2.1595180e+01      
1.9889945e+02 1.9813992e+01      
1.9622446e+02 1.7988183e+01      
1.9395557e+02 1.6279079e+01      
1.9226165e+02 1.5248303e+01      
1.9127940e+02 1.4745250e+01      
1.9108923e+02 1.4741570e+01      
1.9167809e+02 1.5157426e+01      
1.9295002e+02 1.5745515e+01      
2.2770475e+02 6.1608931e+00      
2.2626472e+02 6.2192163e+00      
2.2458730e+02 5.8044156e+00      
2.2264243e+02 4.9106765e+00      
2.2043104e+02 3.5569197e+00      
2.1798694e+02 1.8002522e+00      
2.1535363e+02 -2.4745716e-01      
2.1257291e+02 -2.4452378e+00      
2.0971061e+02 -4.7059127e+00      
2.0682143e+02 -6.9773721e+00      
2.0383027e+02 -9.1071465e+00      
2.0056613e+02 -1.0893934e+01      
1.9727425e+02 -1.2642593e+01      
1.9414825e+02 -1.4704805e+01      
1.9132717e+02 -1.7234360e+01      
1.8908711e+02 -1.8246973e+01      
1.8767280e+02 -1.8743654e+01      
1.8723678e+02 -1.8385089e+01      
1.8775159e+02 -1.7215941e+01      
1.8901121e+02 -1.5835130e+01      
2.2244440e+02 -2.3314776e+01      
2.2083144e+02 -2.3545241e+01      
2.1900065e+02 -2.4273170e+01      
2.1696179e+02 -2.5500245e+01      
2.1475751e+02 -2.7209418e+01      
2.1245970e+02 -2.9362036e+01      
2.1009824e+02 -3.1826767e+01      
2.0758091e+02 -3.4309227e+01      
2.0496381e+02 -3.6764369e+01      
2.0239499e+02 -3.9329111e+01      
1.9971823e+02 -4.1767357e+01      
1.9609880e+02 -4.3206696e+01      
1.9236189e+02 -4.4615327e+01      
1.8871874e+02 -4.6445549e+01      
1.8525948e+02 -4.8845563e+01      
1.8217985e+02 -5.1412386e+01      
1.8022399e+02 -5.2357661e+01      
1.7955017e+02 -5.1694450e+01      
1.8013965e+02 -4.9400577e+01      
1.8152327e+02 -4.7056104e+01      
2.1387825e+02 -5.1941132e+01      
2.1213144e+02 -5.2439208e+01      
2.1016883e+02 -5.3466245e+01      
2.0802575e+02 -5.5024778e+01      
2.0578491e+02 -5.7096660e+01      
2.0359366e+02 -5.9685058e+01      
2.0158541e+02 -6.2762726e+01      
1.9931009e+02 -6.5526654e+01      
1.9684801e+02 -6.8015340e+01      
1.9464524e+02 -7.0893017e+01      
1.9191935e+02 -7.3154198e+01      
1.8843022e+02 -7.4589110e+01      
1.8429236e+02 -7.5414151e+01      
1.8013276e+02 -7.6749312e+01      
1.7600690e+02 -7.8967983e+01      
1.7209621e+02 -8.1900230e+01      
1.6959996e+02 -8.3048700e+01      
1.6865895e+02 -8.2371807e+01      
1.6911554e+02 -8.0235058e+01      
1.7068995e+02 -7.7198574e+01      
2.0215849e+02 -7.9238860e+01      
2.0030119e+02 -7.9974454e+01      
1.9820599e+02 -8.1280277e+01      
1.9591243e+02 -8.3169147e+01      
1.9352817e+02 -8.5589437e+01      
1.9124922e+02 -8.8462288e+01      
1.8923710e+02 -9.1727302e+01      
1.8714687e+02 -9.4611165e+01      
1.8510075e+02 -9.7355331e+01      
1.8297590e+02 -9.9969042e+01      
1.8038880e+02 -1.0204429e+02      
1.7713384e+02 -1.0341599e+02      
1.7317976e+02 -1.0420579e+02      
1.6865140e+02 -1.0492023e+02      
1.6395844e+02 -1.0671962e+02      
1.5933578e+02 -1.0934754e+02      
1.5641855e+02 -1.1028577e+02      
1.5533764e+02 -1.0942945e+02      
1.5585545e+02 -1.0709992e+02      
1.5764771e+02 -1.0361919e+02      
1.8749405e+02 -1.0475161e+02      
1.8554941e+02 -1.0567521e+02      
1.8332201e+02 -1.0721790e+02      
1.8081388e+02 -1.0945506e+02      
1.7811712e+02 -1.1231716e+02      
1.7553480e+02 -1.1535123e+02      
1.7323319e+02 -1.1827717e+02      
1.7118539e+02 -1.2085061e+02      
1.6938508e+02 -1.2319105e+02      
1.6770046e+02 -1.2563308e+02      
1.6547611e+02 -1.2755087e+02      
1.6261208e+02 -1.2881873e+02      
1.5903385e+02 -1.2950311e+02      
1.5465004e+02 -1.3030639e+02      
1.4952594e+02 -1.3154223e+02      
1.4435702e+02 -1.3349001e+02      
1.4123554e+02 -1.3390695e+02      
1.4025327e+02 -1.3260119e+02      
1.4106234e+02 -1.2980572e+02      
1.4315352e+02 -1.2589195e+02      
1.7014484e+02 -1.2806026e+02      
1.6814985e+02 -1.2909283e+02      
1.6582906e+02 -1.3076393e+02      
1.6311671e+02 -1.3325614e+02      
1.5992991e+02 -1.3678937e+02      
1.5692136e+02 -1.4007603e+02      
1.5436754e+02 -1.4279878e+02      
1.5236551e+02 -1.4483807e+02      
1.5085246e+02 -1.4627539e+02      
1.4957446e+02 -1.4738620e+02      
1.4774279e+02 -1.4915062e+02      
1.4536021e+02 -1.5031999e+02      
1.4279685e+02 -1.5204592e+02      
1.3866191e+02 -1.5288679e+02      
1.3299237e+02 -1.5302581e+02      
1.2754307e+02 -1.5405934e+02      
1.2454725e+02 -1.5378766e+02      
1.2395106e+02 -1.5188912e+02      
1.2516992e+02 -1.4862368e+02      
1.2668890e+02 -1.4531926e+02      
1.5040867e+02 -1.4880294e+02      
1.4841478e+02 -1.4984615e+02      
1.4608649e+02 -1.5147080e+02      
1.4338083e+02 -1.5378019e+02      
1.4026051e+02 -1.5682230e+02      
1.3683097e+02 -1.6033258e+02      
1.3405026e+02 -1.6293882e+02      
1.3219774e+02 -1.6438220e+02      
1.3105028e+02 -1.6487551e+02      
1.2962294e+02 -1.6567819e+02      
1.2779373e+02 -1.6686853e+02      
1.2566844e+02 -1.6826201e+02      
1.2338062e+02 -1.7016738e+02      
1.1959107e+02 -1.7088466e+02      
1.1431478e+02 -1.7054251e+02      
1.0922085e+02 -1.7086485e+02      
1.0678253e+02 -1.6992062e+02      
1.0675365e+02 -1.6750576e+02      
1.0737153e+02 -1.6474772e+02      
1.0825322e+02 -1.6201441e+02      
1.2860762e+02 -1.6668999e+02      
1.2666567e+02 -1.6765917e+02      
1.2440851e+02 -1.6910704e+02      
1.2182582e+02 -1.7105868e+02      
1.1891558e+02 -1.7349170e+02      
1.1573658e+02 -1.7624944e+02      
1.1267737e+02 -1.7878635e+02      
1.1111787e+02 -1.7961578e+02      
1.0970761e+02 -1.8014673e+02      
1.0806182e+02 -1.8082124e+02      
1.0612622e+02 -1.8168132e+02      
1.0391436e+02 -1.8268273e+02      
1.0132291e+02 -1.8367224e+02      
9.7967941e+01 -1.8412383e+02      
9.3869872e+01 -1.8409179e+02      
8.9761321e+01 -1.8398323e+02      
8.8188180e+01 -1.8252535e+02      
8.7658015e+01 -1.8048193e+02      
8.7669942e+01 -1.7819898e+02      
8.8002327e+01 -1.7589422e+02      
1.0508179e+02 -1.8150267e+02      
1.0322976e+02 -1.8234618e+02      
1.0109156e+02 -1.8356295e+02      
9.8678148e+01 -1.8513920e+02      
9.6009865e+01 -1.8702299e+02      
9.3102376e+01 -1.8912475e+02      
9.0136257e+01 -1.9117325e+02      
8.8545140e+01 -1.9183303e+02      
8.6918044e+01 -1.9235331e+02      
8.5090058e+01 -1.9291199e+02      
8.3054681e+01 -1.9350117e+02      
8.0785809e+01 -1.9407283e+02      
7.8225390e+01 -1.9450419e+02      
7.5321912e+01 -1.9463256e+02      
7.2206627e+01 -1.9441663e+02      
6.9397355e+01 -1.9380259e+02      
6.7650606e+01 -1.9252943e+02      
6.6704428e+01 -1.9080604e+02      
6.6271116e+01 -1.8885478e+02      
6.6182453e+01 -1.8684262e+02      
