3.8197474e+01 2.2597478e+02      
3.9171132e+01 2.2594910e+02      
4.1010545e+01 2.2644840e+02      
4.3835951e+01 2.2761572e+02      
4.4944375e+01 2.2781372e+02      
4.4361096e+01 2.2713364e+02      
4.2120416e+01 2.2560184e+02      
3.8253978e+01 2.2317845e+02      
3.5443120e+01 2.2154403e+02      
3.3567255e+01 2.2059701e+02      
3.2342228e+01 2.2016164e+02      
3.1642143e+01 2.2015466e+02      
3.1403196e+01 2.2051712e+02      
3.1592585e+01 2.2119356e+02      
3.2196616e+01 2.2212610e+02      
3.3215622e+01 2.2325493e+02      
3.4661254e+01 2.2452141e+02      
3.6552610e+01 2.2587022e+02      
3.8909738e+01 2.2724861e+02      
4.1747704e+01 2.2860474e+02      
6.8162587e+01 2.1622920e+02      
6.9298032e+01 2.1619699e+02      
7.1267663e+01 2.1662940e+02      
7.4218940e+01 2.1760645e+02      
7.5357684e+01 2.1768525e+02      
7.4749723e+01 2.1690099e+02      
7.2441899e+01 2.1528427e+02      
6.8446599e+01 2.1286034e+02      
6.5543085e+01 2.1112248e+02      
6.3579503e+01 2.1004129e+02      
6.2256811e+01 2.0947198e+02      
6.1440952e+01 2.0934109e+02      
6.1060897e+01 2.0959115e+02      
6.1078034e+01 2.1016146e+02      
6.1475000e+01 2.1098403e+02      
6.2251074e+01 2.1198715e+02      
6.3422714e+01 2.1310374e+02      
6.5021097e+01 2.1427682e+02      
6.7078184e+01 2.1545469e+02      
6.9615103e+01 2.1658542e+02      
9.6515640e+01 2.0280389e+02      
9.7573422e+01 2.0260044e+02      
9.8993159e+01 2.0260234e+02      
1.0045353e+02 2.0266871e+02      
1.0100636e+02 2.0232527e+02      
1.0036087e+02 2.0142156e+02      
9.8577461e+01 1.9999146e+02      
9.6043595e+01 1.9825258e+02      
9.3740182e+01 1.9674363e+02      
9.1970140e+01 1.9566744e+02      
9.0691809e+01 1.9503882e+02      
8.9839767e+01 1.9484067e+02      
8.9361577e+01 1.9503446e+02      
8.9222668e+01 1.9555800e+02      
8.9407284e+01 1.9633072e+02      
8.9911944e+01 1.9726059e+02      
9.0756893e+01 1.9826512e+02      
9.2003102e+01 1.9929448e+02      
9.3706566e+01 2.0030512e+02      
9.5894305e+01 2.0124519e+02      
1.2297092e+02 1.8601021e+02      
1.2392718e+02 1.8558430e+02      
1.2487327e+02 1.8518713e+02      
1.2551964e+02 1.8471095e+02      
1.2554245e+02 1.8399389e+02      
1.2480948e+02 1.8295166e+02      
1.2341377e+02 1.8162066e+02      
1.2164532e+02 1.8016020e+02      
1.1989812e+02 1.7880973e+02      
1.1841786e+02 1.7775407e+02      
1.1727190e+02 1.7709267e+02      
1.1644984e+02 1.7686805e+02      
1.1591619e+02 1.7706582e+02      
1.1563735e+02 1.7761563e+02      
1.1561037e+02 1.7842028e+02      
1.1582539e+02 1.7935366e+02      
1.1625417e+02 1.8026992e+02      
1.1707063e+02 1.8118169e+02      
1.1836890e+02 1.8206239e+02      
1.2016743e+02 1.8285173e+02      
1.4730287e+02 1.6621931e+02      
1.4831478e+02 1.6559394e+02      
1.4906159e+02 1.6490965e+02      
1.4927404e+02 1.6409754e+02      
1.4888744e+02 1.6310161e+02      
1.4798154e+02 1.6190161e+02      
1.4670613e+02 1.6053244e+02      
1.4526428e+02 1.5909614e+02      
1.4386526e+02 1.5774318e+02      
1.4265122e+02 1.5663213e+02      
1.4167381e+02 1.5590483e+02      
1.4093196e+02 1.5566984e+02      
1.4039425e+02 1.5594665e+02      
1.3997756e+02 1.5661286e+02      
1.3971875e+02 1.5754221e+02      
1.3965598e+02 1.5860146e+02      
1.3948788e+02 1.5940562e+02      
1.3980043e+02 1.6023635e+02      
1.4066010e+02 1.6103622e+02      
1.4204517e+02 1.6172135e+02      
1.6926566e+02 1.4381878e+02      
1.7061888e+02 1.4303921e+02      
1.7148191e+02 1.4216031e+02      
1.7128668e+02 1.4108087e+02      
1.7040976e+02 1.3984667e+02      
1.6919507e+02 1.3847555e+02      
1.6785025e+02 1.3698501e+02      
1.6653309e+02 1.3543690e+02      
1.6535901e+02 1.3394106e+02      
1.6438660e+02 1.3264937e+02      
1.6360428e+02 1.3175187e+02      
1.6295726e+02 1.3146547e+02      
1.6244637e+02 1.3191919e+02      
1.6182322e+02 1.3281136e+02      
1.6125465e+02 1.3394839e+02      
1.6065575e+02 1.3506820e+02      
1.5994577e+02 1.3594183e+02      
1.5977903e+02 1.3679858e+02      
1.6020577e+02 1.3758414e+02      
1.6117568e+02 1.3821659e+02      
1.8854109e+02 1.1919803e+02      
1.9061125e+02 1.1829446e+02      
1.9209590e+02 1.1732647e+02      
1.9117885e+02 1.1596577e+02      
1.8956556e+02 1.1452327e+02      
1.8785873e+02 1.1298989e+02      
1.8630974e+02 1.1133991e+02      
1.8501975e+02 1.0959347e+02      
1.8402777e+02 1.0782646e+02      
1.8332554e+02 1.0618428e+02      
1.8282999e+02 1.0490580e+02      
1.8228253e+02 1.0437492e+02      
1.8129139e+02 1.0496940e+02      
1.8019591e+02 1.0623294e+02      
1.7932985e+02 1.0777424e+02      
1.7834392e+02 1.0918066e+02      
1.7721540e+02 1.1028990e+02      
1.7664740e+02 1.1127847e+02      
1.7668170e+02 1.1211529e+02      
1.7725617e+02 1.1274330e+02      
2.0464845e+02 9.2749848e+01      
2.0765733e+02 9.1680177e+01      
2.0899414e+02 9.0456802e+01      
2.0823211e+02 8.9039877e+01      
2.0573725e+02 8.7483709e+01      
2.0337996e+02 8.5844971e+01      
2.0155959e+02 8.4041548e+01      
2.0028077e+02 8.2050962e+01      
1.9948911e+02 7.9900479e+01      
1.9914413e+02 7.7697262e+01      
1.9911971e+02 7.5728440e+01      
1.9898807e+02 7.4606328e+01      
1.9719925e+02 7.5724186e+01      
1.9529575e+02 7.7632645e+01      
1.9369414e+02 7.9683061e+01      
1.9240032e+02 8.1529160e+01      
1.9099801e+02 8.2974738e+01      
1.9013153e+02 8.4156073e+01      
1.8983138e+02 8.5085855e+01      
1.9004345e+02 8.5743989e+01      
2.1675201e+02 6.4921030e+01      
2.1964065e+02 6.3567980e+01      
2.2092904e+02 6.2143570e+01      
2.2028239e+02 6.0682307e+01      
2.1800314e+02 5.9168933e+01      
2.1505187e+02 5.7527775e+01      
2.1309388e+02 5.5607430e+01      
2.1189687e+02 5.3384310e+01      
2.1134546e+02 5.0790385e+01      
2.1143341e+02 4.7831894e+01      
2.1193929e+02 4.4949378e+01      
2.1145878e+02 4.3881603e+01      
2.0968358e+02 4.4936156e+01      
2.0691847e+02 4.7736919e+01      
2.0452992e+02 5.0519898e+01      
2.0264563e+02 5.2813268e+01      
2.0112384e+02 5.4585641e+01      
2.0005421e+02 5.5954491e+01      
1.9947399e+02 5.6982839e+01      
1.9935984e+02 5.7685844e+01      
2.2290024e+02 3.6384798e+01      
2.2598232e+02 3.4763684e+01      
2.2738804e+02 3.3163608e+01      
2.2672081e+02 3.1704736e+01      
2.2436285e+02 3.0295183e+01      
2.2218153e+02 2.8590446e+01      
2.2057160e+02 2.6584430e+01      
2.1954603e+02 2.4239536e+01      
2.1916977e+02 2.1356867e+01      
2.1960751e+02 1.7651514e+01      
2.1975549e+02 1.4796884e+01      
2.1902249e+02 1.3752359e+01      
2.1722201e+02 1.4808712e+01      
2.1453708e+02 1.7611794e+01      
2.1154215e+02 2.1156488e+01      
2.0928718e+02 2.3773250e+01      
2.0758078e+02 2.5719501e+01      
2.0632434e+02 2.7201995e+01      
2.0550100e+02 2.8301216e+01      
2.0509364e+02 2.9045687e+01      
2.2479737e+02 7.6208519e+00      
2.2700473e+02 6.0198737e+00      
2.2859947e+02 4.2461636e+00      
2.2784812e+02 2.8508282e+00      
2.2648132e+02 1.2967228e+00      
2.2512942e+02 -5.0442293e-01      
2.2400898e+02 -2.5440683e+00      
2.2312829e+02 -4.8135806e+00      
2.2261592e+02 -7.4297792e+00      
2.2251321e+02 -1.0465758e+01      
2.2254068e+02 -1.3579416e+01      
2.2168694e+02 -1.4738618e+01      
2.1979577e+02 -1.3523015e+01      
2.1702584e+02 -1.0413021e+01      
2.1437200e+02 -7.4548007e+00      
2.1212899e+02 -5.0273032e+00      
2.1031781e+02 -3.1067365e+00      
2.0890273e+02 -1.6056987e+00      
2.0786674e+02 -4.7743332e-01      
2.0719621e+02 2.9563759e-01      
2.2303131e+02 -2.0991168e+01      
2.2454241e+02 -2.2512725e+01      
2.2551354e+02 -2.4147697e+01      
2.2548062e+02 -2.5753856e+01      
2.2491668e+02 -2.7460487e+01      
2.2424166e+02 -2.9346745e+01      
2.2363528e+02 -3.1402972e+01      
2.2280149e+02 -3.3447775e+01      
2.2205482e+02 -3.5578955e+01      
2.2144869e+02 -3.7793663e+01      
2.2085208e+02 -3.9893134e+01      
2.1992577e+02 -4.1237859e+01      
2.1795858e+02 -3.9774871e+01      
2.1565680e+02 -3.7589262e+01      
2.1332947e+02 -3.5320145e+01      
2.1119297e+02 -3.3247716e+01      
2.0934214e+02 -3.1473139e+01      
2.0780405e+02 -3.0020939e+01      
2.0658441e+02 -2.8896960e+01      
2.0567911e+02 -2.8106960e+01      
2.1785702e+02 -4.9065579e+01      
2.1897386e+02 -5.0535731e+01      
2.1971905e+02 -5.2129725e+01      
2.1998406e+02 -5.3811738e+01      
2.1989257e+02 -5.5599775e+01      
2.1966227e+02 -5.7524169e+01      
2.1940426e+02 -5.9555105e+01      
2.1876800e+02 -6.1416509e+01      
2.1781460e+02 -6.3054495e+01      
2.1682564e+02 -6.4542111e+01      
2.1576403e+02 -6.5733250e+01      
2.1446605e+02 -6.6227008e+01      
2.1275853e+02 -6.5512361e+01      
2.1084165e+02 -6.4146594e+01      
2.0869998e+02 -6.2401888e+01      
2.0662724e+02 -6.0634672e+01      
2.0474598e+02 -5.9019098e+01      
2.0310454e+02 -5.7635014e+01      
2.0172469e+02 -5.6527562e+01      
2.0061149e+02 -5.5724426e+01      
2.0940882e+02 -7.6190924e+01      
2.1032490e+02 -7.7636246e+01      
2.1099304e+02 -7.9216373e+01      
2.1137699e+02 -8.0913201e+01      
2.1152842e+02 -8.2722220e+01      
2.1155260e+02 -8.4639856e+01      
2.1149174e+02 -8.6607387e+01      
2.1099182e+02 -8.8288579e+01      
2.1007719e+02 -8.9612951e+01      
2.0882894e+02 -9.0533094e+01      
2.0747001e+02 -9.1103839e+01      
2.0597647e+02 -9.1185795e+01      
2.0433653e+02 -9.0704330e+01      
2.0260087e+02 -8.9795312e+01      
2.0064527e+02 -8.8457016e+01      
1.9859231e+02 -8.6893652e+01      
1.9667529e+02 -8.5399297e+01      
1.9493334e+02 -8.4059521e+01      
1.9341108e+02 -8.2960410e+01      
1.9211694e+02 -8.2140488e+01      
1.9780917e+02 -1.0195194e+02      
1.9861105e+02 -1.0337755e+02      
1.9923602e+02 -1.0493882e+02      
1.9967243e+02 -1.0662471e+02      
1.9995117e+02 -1.0842869e+02      
2.0011288e+02 -1.1031875e+02      
2.0011717e+02 -1.1217092e+02      
1.9966993e+02 -1.1365617e+02      
1.9880099e+02 -1.1473293e+02      
1.9756784e+02 -1.1536824e+02      
1.9602993e+02 -1.1552045e+02      
1.9440796e+02 -1.1533551e+02      
1.9274447e+02 -1.1485110e+02      
1.9105832e+02 -1.1412318e+02      
1.8919233e+02 -1.1300273e+02      
1.8722509e+02 -1.1163633e+02      
1.8529704e+02 -1.1024004e+02      
1.8345165e+02 -1.0890005e+02      
1.8181402e+02 -1.0780344e+02      
1.8037069e+02 -1.0696281e+02      
1.8321885e+02 -1.2595129e+02      
1.8394297e+02 -1.2735199e+02      
1.8452877e+02 -1.2888098e+02      
1.8497596e+02 -1.3053295e+02      
1.8531694e+02 -1.3231577e+02      
1.8557915e+02 -1.3420548e+02      
1.8550895e+02 -1.3583665e+02      
1.8503890e+02 -1.3709139e+02      
1.8418703e+02 -1.3794212e+02      
1.8299889e+02 -1.3838072e+02      
1.8151893e+02 -1.3838801e+02      
1.7981224e+02 -1.3797301e+02      
1.7809738e+02 -1.3738670e+02      
1.7639536e+02 -1.3667839e+02      
1.7454607e+02 -1.3561624e+02      
1.7258806e+02 -1.3429589e+02      
1.7067913e+02 -1.3299012e+02      
1.6885241e+02 -1.3176142e+02      
1.6715485e+02 -1.3069306e+02      
1.6559868e+02 -1.2982955e+02      
1.6585209e+02 -1.4782247e+02      
1.6651178e+02 -1.4918826e+02      
1.6705094e+02 -1.5066698e+02      
1.6747175e+02 -1.5225424e+02      
1.6779615e+02 -1.5395522e+02      
1.6802131e+02 -1.5572828e+02      
1.6788450e+02 -1.5715091e+02      
1.6736665e+02 -1.5816439e+02      
1.6649783e+02 -1.5877378e+02      
1.6534358e+02 -1.5903990e+02      
1.6394291e+02 -1.5896147e+02      
1.6233431e+02 -1.5853320e+02      
1.6058717e+02 -1.5781282e+02      
1.5886048e+02 -1.5704439e+02      
1.5700991e+02 -1.5595342e+02      
1.5512327e+02 -1.5474787e+02      
1.5325690e+02 -1.5353056e+02      
1.5144515e+02 -1.5236677e+02      
1.4971351e+02 -1.5131327e+02      
1.4807565e+02 -1.5041608e+02      
1.4597546e+02 -1.6723753e+02      
1.4657365e+02 -1.6855679e+02      
1.4705617e+02 -1.6996637e+02      
1.4742366e+02 -1.7146232e+02      
1.4767741e+02 -1.7302403e+02      
1.4778237e+02 -1.7455506e+02      
1.4755740e+02 -1.7573012e+02      
1.4698743e+02 -1.7650869e+02      
1.4607015e+02 -1.7684217e+02      
1.4494514e+02 -1.7695967e+02      
1.4362018e+02 -1.7681595e+02      
1.4211697e+02 -1.7639307e+02      
1.4048281e+02 -1.7572956e+02      
1.3877802e+02 -1.7489957e+02      
1.3699969e+02 -1.7388443e+02      
1.3518154e+02 -1.7275761e+02      
1.3336023e+02 -1.7159421e+02      
1.3156364e+02 -1.7045319e+02      
1.2981223e+02 -1.6938597e+02      
1.2811799e+02 -1.6843622e+02      
1.2390192e+02 -1.8391266e+02      
1.2443773e+02 -1.8517442e+02      
1.2485506e+02 -1.8649571e+02      
1.2515405e+02 -1.8787654e+02      
1.2532956e+02 -1.8929949e+02      
1.2524196e+02 -1.9039675e+02      
1.2492199e+02 -1.9130266e+02      
1.2433340e+02 -1.9192324e+02      
1.2347950e+02 -1.9222738e+02      
1.2241178e+02 -1.9227664e+02      
1.2115904e+02 -1.9208227e+02      
1.1974572e+02 -1.9164670e+02      
1.1820479e+02 -1.9099411e+02      
1.1656898e+02 -1.9015848e+02      
1.1486149e+02 -1.8917004e+02      
1.1310698e+02 -1.8807400e+02      
1.1133166e+02 -1.8692453e+02      
1.0955790e+02 -1.8577283e+02      
1.0780240e+02 -1.8466515e+02      
1.0607541e+02 -1.8364227e+02      
9.9983392e+01 -1.9761238e+02      
1.0045578e+02 -1.9880961e+02      
1.0080290e+02 -2.0002712e+02      
1.0101556e+02 -2.0124046e+02      
1.0106945e+02 -2.0238398e+02      
1.0091495e+02 -2.0332829e+02      
1.0054548e+02 -2.0406496e+02      
9.9952911e+01 -2.0456498e+02      
9.9141105e+01 -2.0480800e+02      
9.8130975e+01 -2.0480241e+02      
9.6946455e+01 -2.0456007e+02      
9.5611374e+01 -2.0409310e+02      
9.4151406e+01 -2.0342141e+02      
9.2592019e+01 -2.0257191e+02      
9.0956337e+01 -2.0157634e+02      
8.9266223e+01 -2.0047284e+02      
8.7542383e+01 -1.9930426e+02      
8.5802652e+01 -1.9811384e+02      
8.4060572e+01 -1.9694250e+02      
8.2324602e+01 -1.9582763e+02      
