4.2994622e+01 2.2240956e+02      
4.5278964e+01 2.2166381e+02      
4.7736655e+01 2.2112878e+02      
4.9358723e+01 2.2060312e+02      
4.7494079e+01 2.1890454e+02      
4.4778370e+01 2.1729895e+02      
4.2188013e+01 2.1605521e+02      
4.0099720e+01 2.1522797e+02      
3.8596002e+01 2.1482333e+02      
3.7642924e+01 2.1483709e+02      
3.7186318e+01 2.1526409e+02      
3.7205883e+01 2.1610694e+02      
3.7784316e+01 2.1740208e+02      
3.8934747e+01 2.1913902e+02      
3.9101517e+01 2.2046283e+02      
3.8342811e+01 2.2131961e+02      
3.8328380e+01 2.2247522e+02      
3.9089501e+01 2.2385161e+02      
4.0524526e+01 2.2533008e+02      
4.2593527e+01 2.2683324e+02      
7.3800355e+01 2.1340201e+02      
7.7426649e+01 2.1284246e+02      
8.1493380e+01 2.1254614e+02      
8.3047206e+01 2.1169617e+02      
8.1491655e+01 2.1012893e+02      
7.7429454e+01 2.0811989e+02      
7.3765203e+01 2.0655125e+02      
7.1095324e+01 2.0548582e+02      
6.9331814e+01 2.0489312e+02      
6.8258297e+01 2.0474335e+02      
6.7719306e+01 2.0501976e+02      
6.7623563e+01 2.0571709e+02      
6.8001949e+01 2.0685432e+02      
6.8863635e+01 2.0838069e+02      
6.8649174e+01 2.0955588e+02      
6.7470082e+01 2.1031895e+02      
6.7066105e+01 2.1131085e+02      
6.7465537e+01 2.1248452e+02      
6.8560997e+01 2.1373251e+02      
7.0306678e+01 2.1497968e+02      
1.0218380e+02 2.0074276e+02      
1.0707530e+02 2.0021513e+02      
1.1108826e+02 1.9948566e+02      
1.1268358e+02 1.9836340e+02      
1.1136322e+02 1.9683718e+02      
1.0763317e+02 1.9504140e+02      
1.0301200e+02 1.9326729e+02      
1.0006934e+02 1.9203021e+02      
9.8295967e+01 1.9128746e+02      
9.7271744e+01 1.9099274e+02      
9.6756823e+01 1.9112092e+02      
9.6549259e+01 1.9165026e+02      
9.6441418e+01 1.9253995e+02      
9.6183980e+01 1.9365354e+02      
9.5461300e+01 1.9471373e+02      
9.4508130e+01 1.9565687e+02      
9.3973219e+01 1.9664061e+02      
9.4089394e+01 1.9769217e+02      
9.4868411e+01 1.9876227e+02      
9.6290534e+01 1.9979481e+02      
1.2692244e+02 1.8459188e+02      
1.3085706e+02 1.8367077e+02      
1.3529661e+02 1.8261528e+02      
1.3718182e+02 1.8126018e+02      
1.3588271e+02 1.7970219e+02      
1.3204981e+02 1.7798236e+02      
1.2870027e+02 1.7634815e+02      
1.2638680e+02 1.7506087e+02      
1.2498226e+02 1.7421623e+02      
1.2424577e+02 1.7380499e+02      
1.2395738e+02 1.7380147e+02      
1.2385091e+02 1.7418644e+02      
1.2344924e+02 1.7490922e+02      
1.2219141e+02 1.7583170e+02      
1.2072517e+02 1.7682483e+02      
1.1949172e+02 1.7781234e+02      
1.1872703e+02 1.7879072e+02      
1.1856336e+02 1.7975905e+02      
1.1903573e+02 1.8069099e+02      
1.2013675e+02 1.8154666e+02      
1.4837611e+02 1.6544908e+02      
1.5122128e+02 1.6423952e+02      
1.5429508e+02 1.6286399e+02      
1.5658392e+02 1.6124969e+02      
1.5520377e+02 1.5964676e+02      
1.5305816e+02 1.5791892e+02      
1.5115178e+02 1.5625055e+02      
1.4981325e+02 1.5486923e+02      
1.4903153e+02 1.5396136e+02      
1.4880463e+02 1.5346777e+02      
1.4899641e+02 1.5334778e+02      
1.4935449e+02 1.5361013e+02      
1.4914276e+02 1.5428991e+02      
1.4629978e+02 1.5516945e+02      
1.4384952e+02 1.5616717e+02      
1.4209744e+02 1.5716549e+02      
1.4098979e+02 1.5812244e+02      
1.4052463e+02 1.5902144e+02      
1.4069429e+02 1.5984150e+02      
1.4147963e+02 1.6055218e+02      
1.6683790e+02 1.4377109e+02      
1.6882306e+02 1.4237002e+02      
1.7079019e+02 1.4079877e+02      
1.7209676e+02 1.3905887e+02      
1.7198766e+02 1.3722005e+02      
1.7126097e+02 1.3529781e+02      
1.7058327e+02 1.3341136e+02      
1.7024737e+02 1.3179174e+02      
1.7012053e+02 1.3088902e+02      
1.7061349e+02 1.3033495e+02      
1.7138778e+02 1.3011112e+02      
1.7238219e+02 1.3021133e+02      
1.7112019e+02 1.3086348e+02      
1.6722838e+02 1.3195429e+02      
1.6403911e+02 1.3305759e+02      
1.6182155e+02 1.3408078e+02      
1.6038295e+02 1.3501345e+02      
1.5963149e+02 1.3584950e+02      
1.5951589e+02 1.3657561e+02      
1.5999919e+02 1.3716817e+02      
1.8233157e+02 1.1996167e+02      
1.8373972e+02 1.1842332e+02      
1.8507904e+02 1.1670560e+02      
1.8604980e+02 1.1480986e+02      
1.8650118e+02 1.1274135e+02      
1.8666051e+02 1.1052736e+02      
1.8684788e+02 1.0832161e+02      
1.8705251e+02 1.0664601e+02      
1.8760671e+02 1.0557425e+02      
1.8902609e+02 1.0494816e+02      
1.8996467e+02 1.0469144e+02      
1.9030183e+02 1.0471764e+02      
1.8851042e+02 1.0536913e+02      
1.8421225e+02 1.0670733e+02      
1.8070281e+02 1.0793051e+02      
1.7822846e+02 1.0896936e+02      
1.7656376e+02 1.0986719e+02      
1.7558517e+02 1.1064001e+02      
1.7522168e+02 1.1128453e+02      
1.7542699e+02 1.1178254e+02      
1.9476498e+02 9.4430587e+01      
1.9580831e+02 9.2786616e+01      
1.9682501e+02 9.0948907e+01      
1.9768295e+02 8.8916257e+01      
1.9835857e+02 8.6661502e+01      
1.9898445e+02 8.4146713e+01      
1.9947043e+02 8.1881485e+01      
1.9988574e+02 8.0165955e+01      
2.0040826e+02 7.9092358e+01      
2.0111265e+02 7.8588045e+01      
2.0173132e+02 7.8451230e+01      
2.0245838e+02 7.8149262e+01      
2.0095046e+02 7.8605184e+01      
1.9690804e+02 8.0032084e+01      
1.9350921e+02 8.1275841e+01      
1.9102936e+02 8.2273399e+01      
1.8928003e+02 8.3107397e+01      
1.8815618e+02 8.3808746e+01      
1.8759462e+02 8.4380234e+01      
1.8755314e+02 8.4805919e+01      
2.0400066e+02 6.7604074e+01      
2.0481100e+02 6.5877509e+01      
2.0563830e+02 6.3947690e+01      
2.0641463e+02 6.1824764e+01      
2.0712249e+02 5.9518805e+01      
2.0778778e+02 5.7071610e+01      
2.0840752e+02 5.4650381e+01      
2.0882757e+02 5.2872353e+01      
2.0908458e+02 5.1893205e+01      
2.0920051e+02 5.1603602e+01      
2.0930552e+02 5.1427969e+01      
2.0928417e+02 5.1251440e+01      
2.0851721e+02 5.1275113e+01      
2.0528123e+02 5.2491637e+01      
2.0236894e+02 5.3566763e+01      
2.0009758e+02 5.4433563e+01      
1.9838973e+02 5.5163103e+01      
1.9719817e+02 5.5780434e+01      
1.9648781e+02 5.6286526e+01      
1.9623137e+02 5.6663386e+01      
2.0991104e+02 3.9922708e+01      
2.1056476e+02 3.8130829e+01      
2.1126398e+02 3.6128962e+01      
2.1196623e+02 3.3940335e+01      
2.1264512e+02 3.1607769e+01      
2.1327762e+02 2.9218862e+01      
2.1381356e+02 2.6942142e+01      
2.1415731e+02 2.5068801e+01      
2.1414985e+02 2.4222608e+01      
2.1393742e+02 2.3832900e+01      
2.1355867e+02 2.3666376e+01      
2.1292765e+02 2.3635500e+01      
2.1173557e+02 2.3837713e+01      
2.0964626e+02 2.4471727e+01      
2.0740915e+02 2.5200761e+01      
2.0544701e+02 2.5865052e+01      
2.0385334e+02 2.6455821e+01      
2.0264729e+02 2.6979016e+01      
2.0182601e+02 2.7430199e+01      
2.0138075e+02 2.7786416e+01      
2.1240845e+02 1.1836561e+01      
2.1294957e+02 9.9924342e+00      
2.1355355e+02 7.9287569e+00      
2.1419487e+02 5.6707264e+00      
2.1485148e+02 3.2662043e+00      
2.1548246e+02 8.2116424e-01      
2.1598199e+02 -1.4415255e+00      
2.1618347e+02 -3.1806984e+00      
2.1597839e+02 -4.1322428e+00      
2.1543718e+02 -4.5053983e+00      
2.1466320e+02 -4.5817776e+00      
2.1365831e+02 -4.5085978e+00      
2.1232776e+02 -4.2942079e+00      
2.1065854e+02 -3.9279686e+00      
2.0886503e+02 -3.4853236e+00      
2.0717514e+02 -3.0376783e+00      
2.0570800e+02 -2.6038584e+00      
2.0451166e+02 -2.1799299e+00      
2.0360187e+02 -1.7679332e+00      
2.0298423e+02 -1.3951660e+00      
2.1145753e+02 -1.6200165e+01      
2.1190985e+02 -1.8083657e+01      
2.1243445e+02 -2.0199593e+01      
2.1302346e+02 -2.2533739e+01      
2.1367905e+02 -2.5066156e+01      
2.1439924e+02 -2.7746255e+01      
2.1504579e+02 -3.0316069e+01      
2.1520694e+02 -3.2146288e+01      
2.1473570e+02 -3.2989752e+01      
2.1374373e+02 -3.3040766e+01      
2.1258852e+02 -3.2881330e+01      
2.1134631e+02 -3.2715387e+01      
2.0996873e+02 -3.2538379e+01      
2.0845784e+02 -3.2334691e+01      
2.0689769e+02 -3.2111135e+01      
2.0539821e+02 -3.1875238e+01      
2.0403901e+02 -3.1613725e+01      
2.0285913e+02 -3.1297174e+01      
2.0187122e+02 -3.0904544e+01      
2.0108571e+02 -3.0461752e+01      
2.0707977e+02 -4.3736262e+01      
2.0745286e+02 -4.5642187e+01      
2.0789818e+02 -4.7790645e+01      
2.0842240e+02 -5.0181641e+01      
2.0905757e+02 -5.2836791e+01      
2.0990200e+02 -5.5849614e+01      
2.1099758e+02 -5.9198470e+01      
2.1118657e+02 -6.1250787e+01      
2.1042078e+02 -6.1863881e+01      
2.0873522e+02 -6.1126139e+01      
2.0723396e+02 -6.0648930e+01      
2.0584206e+02 -6.0416973e+01      
2.0444399e+02 -6.0301007e+01      
2.0301785e+02 -6.0250329e+01      
2.0159577e+02 -6.0237792e+01      
2.0023038e+02 -6.0231837e+01      
1.9896418e+02 -6.0180026e+01      
1.9781127e+02 -6.0004293e+01      
1.9675385e+02 -5.9615807e+01      
1.9578724e+02 -5.9013359e+01      
1.9935534e+02 -7.0332633e+01      
1.9964948e+02 -7.2239092e+01      
2.0000373e+02 -7.4387952e+01      
2.0042785e+02 -7.6782624e+01      
2.0095407e+02 -7.9449379e+01      
2.0167093e+02 -8.2489550e+01      
2.0259038e+02 -8.5896529e+01      
2.0265336e+02 -8.7956765e+01      
2.0179619e+02 -8.8541645e+01      
2.0008147e+02 -8.7737235e+01      
1.9852766e+02 -8.7247930e+01      
1.9710681e+02 -8.7059085e+01      
1.9572786e+02 -8.7049810e+01      
1.9437101e+02 -8.7175382e+01      
1.9305148e+02 -8.7402754e+01      
1.9179656e+02 -8.7678468e+01      
1.9062790e+02 -8.7915862e+01      
1.8954315e+02 -8.7985261e+01      
1.8845874e+02 -8.7646017e+01      
1.8724160e+02 -8.6668824e+01      
1.8842278e+02 -9.5571600e+01      
1.8863479e+02 -9.7454712e+01      
1.8888436e+02 -9.9568444e+01      
1.8917388e+02 -1.0190879e+02      
1.8950934e+02 -1.0447061e+02      
1.8988511e+02 -1.0721358e+02      
1.9016547e+02 -1.0985158e+02      
1.8997830e+02 -1.1168438e+02      
1.8919693e+02 -1.1245500e+02      
1.8794387e+02 -1.1239884e+02      
1.8657755e+02 -1.1220608e+02      
1.8522739e+02 -1.1215680e+02      
1.8390438e+02 -1.1229095e+02      
1.8261921e+02 -1.1261820e+02      
1.8139295e+02 -1.1313329e+02      
1.8024430e+02 -1.1377271e+02      
1.7918884e+02 -1.1441904e+02      
1.7823178e+02 -1.1491260e+02      
1.7724489e+02 -1.1480619e+02      
1.7556963e+02 -1.1291564e+02      
1.7447609e+02 -1.1906438e+02      
1.7460428e+02 -1.2090191e+02      
1.7474302e+02 -1.2295079e+02      
1.7488620e+02 -1.2520165e+02      
1.7502036e+02 -1.2763754e+02      
1.7510742e+02 -1.3019586e+02      
1.7504441e+02 -1.3261051e+02      
1.7467131e+02 -1.3433348e+02      
1.7392248e+02 -1.3515218e+02      
1.7286526e+02 -1.3526816e+02      
1.7165536e+02 -1.3522650e+02      
1.7039735e+02 -1.3529850e+02      
1.6914114e+02 -1.3556531e+02      
1.6792421e+02 -1.3608540e+02      
1.6678988e+02 -1.3693632e+02      
1.6575806e+02 -1.3807935e+02      
1.6479289e+02 -1.3918416e+02      
1.6394075e+02 -1.4018810e+02      
1.6263442e+02 -1.3947099e+02      
1.6075978e+02 -1.3686862e+02      
1.5775929e+02 -1.4045644e+02      
1.5780560e+02 -1.4222924e+02      
1.5783671e+02 -1.4418931e+02      
1.5784226e+02 -1.4632755e+02      
1.5780417e+02 -1.4864222e+02      
1.5769375e+02 -1.5116249e+02      
1.5746556e+02 -1.5382981e+02      
1.5697456e+02 -1.5556820e+02      
1.5620687e+02 -1.5628133e+02      
1.5519040e+02 -1.5605656e+02      
1.5406173e+02 -1.5597573e+02      
1.5287318e+02 -1.5610778e+02      
1.5166915e+02 -1.5645123e+02      
1.5049564e+02 -1.5707315e+02      
1.4942053e+02 -1.5815709e+02      
1.4852458e+02 -1.5995369e+02      
1.4751479e+02 -1.6123284e+02      
1.4638840e+02 -1.6187670e+02      
1.4491313e+02 -1.6082916e+02      
1.4304276e+02 -1.5786906e+02      
1.3855973e+02 -1.5943186e+02      
1.3852928e+02 -1.6112407e+02      
1.3846205e+02 -1.6297398e+02      
1.3834704e+02 -1.6496988e+02      
1.3816715e+02 -1.6711157e+02      
1.3789733e+02 -1.6944270e+02      
1.3749738e+02 -1.7194143e+02      
1.3691041e+02 -1.7357382e+02      
1.3612500e+02 -1.7426628e+02      
1.3516952e+02 -1.7408499e+02      
1.3409500e+02 -1.7406936e+02      
1.3295000e+02 -1.7424962e+02      
1.3177397e+02 -1.7460278e+02      
1.3060458e+02 -1.7517153e+02      
1.2947925e+02 -1.7603587e+02      
1.2839764e+02 -1.7716377e+02      
1.2726837e+02 -1.7823993e+02      
1.2605534e+02 -1.7922373e+02      
1.2455561e+02 -1.7838023e+02      
1.2281042e+02 -1.7549674e+02      
1.1720161e+02 -1.7571741e+02      
1.1710123e+02 -1.7731751e+02      
1.1694735e+02 -1.7904072e+02      
1.1673040e+02 -1.8086682e+02      
1.1643619e+02 -1.8277441e+02      
1.1604511e+02 -1.8473001e+02      
1.1553220e+02 -1.8658295e+02      
1.1487494e+02 -1.8796398e+02      
1.1406816e+02 -1.8874583e+02      
1.1312735e+02 -1.8904951e+02      
1.1207982e+02 -1.8924229e+02      
1.1095790e+02 -1.8947595e+02      
1.0979147e+02 -1.8978893e+02      
1.0860557e+02 -1.9020865e+02      
1.0741515e+02 -1.9074432e+02      
1.0621199e+02 -1.9134228e+02      
1.0496356e+02 -1.9189477e+02      
1.0362370e+02 -1.9225036e+02      
1.0212804e+02 -1.9193548e+02      
1.0052536e+02 -1.8954506e+02      
9.4039688e+01 -1.8908552e+02      
9.3876588e+01 -1.9058777e+02      
9.3647894e+01 -1.9217728e+02      
9.3346453e+01 -1.9382539e+02      
9.2962008e+01 -1.9549368e+02      
9.2481597e+01 -1.9711915e+02      
9.1891369e+01 -1.9858769e+02      
9.1181065e+01 -1.9975689e+02      
9.0349443e+01 -2.0056073e+02      
8.9406003e+01 -2.0105614e+02      
8.8368221e+01 -2.0137735e+02      
8.7257164e+01 -2.0163066e+02      
8.6093141e+01 -2.0186956e+02      
8.4892064e+01 -2.0211563e+02      
8.3661396e+01 -2.0236147e+02      
8.2396115e+01 -2.0256111e+02      
8.1079216e+01 -2.0262728e+02      
7.9687312e+01 -2.0242295e+02      
7.8206501e+01 -2.0167464e+02      
7.6657031e+01 -2.0009743e+02      
