2.4381397e+01 2.4830023e+02      
2.2829038e+01 2.4677762e+02      
2.1824132e+01 2.4517518e+02      
2.1378189e+01 2.4352723e+02      
2.1492946e+01 2.4186725e+02      
2.2152189e+01 2.4022730e+02      
2.3303765e+01 2.3863659e+02      
2.4821527e+01 2.3711604e+02      
2.6464764e+01 2.3566853e+02      
2.8013990e+01 2.3429565e+02      
2.9512303e+01 2.3303103e+02      
3.1122025e+01 2.3190891e+02      
3.2964682e+01 2.3094977e+02      
3.5085888e+01 2.3017761e+02      
3.7434172e+01 2.2963385e+02      
3.9804897e+01 2.2938185e+02      
4.1918942e+01 2.2947246e+02      
4.4063237e+01 2.2981028e+02      
4.6467465e+01 2.3028340e+02      
4.9239526e+01 2.3079946e+02      
5.2131217e+01 2.3918660e+02      
5.0682154e+01 2.3763246e+02      
4.9806799e+01 2.3597321e+02      
4.9529181e+01 2.3424515e+02      
4.9869739e+01 2.3248392e+02      
5.0840639e+01 2.3072506e+02      
5.2431603e+01 2.2900521e+02      
5.4557423e+01 2.2735973e+02      
5.6778238e+01 2.2577369e+02      
5.8298575e+01 2.2416177e+02      
5.9542778e+01 2.2264020e+02      
6.0917367e+01 2.2125815e+02      
6.2627488e+01 2.2001208e+02      
6.4769466e+01 2.1891159e+02      
6.7284872e+01 2.1801632e+02      
6.9839457e+01 2.1745715e+02      
7.1337263e+01 2.1745536e+02      
7.2848325e+01 2.1775103e+02      
7.4707904e+01 2.1815930e+02      
7.7029756e+01 2.1855941e+02      
7.8511314e+01 2.2643715e+02      
7.7162365e+01 2.2483925e+02      
7.6406209e+01 2.2311318e+02      
7.6280268e+01 2.2129681e+02      
7.6827228e+01 2.1942693e+02      
7.8098692e+01 2.1754054e+02      
8.0161900e+01 2.1568014e+02      
8.3126744e+01 2.1391267e+02      
8.6691420e+01 2.1228595e+02      
8.7815091e+01 2.1035841e+02      
8.8481781e+01 2.0858953e+02      
8.9400371e+01 2.0697994e+02      
9.0848265e+01 2.0546254e+02      
9.2998374e+01 2.0400352e+02      
9.5719625e+01 2.0270614e+02      
9.7914217e+01 2.0194980e+02      
9.9306335e+01 2.0179375e+02      
1.0008580e+02 2.0215993e+02      
1.0129597e+02 2.0260533e+02      
1.0311553e+02 2.0295210e+02      
1.0309498e+02 2.1027821e+02      
1.0183321e+02 2.0862295e+02      
1.0117127e+02 2.0681948e+02      
1.0115700e+02 2.0490699e+02      
1.0185120e+02 2.0292179e+02      
1.0333849e+02 2.0089754e+02      
1.0574861e+02 1.9886857e+02      
1.0930164e+02 1.9688089e+02      
1.1373465e+02 1.9496819e+02      
1.1573006e+02 1.9298845e+02      
1.1565336e+02 1.9108231e+02      
1.1596792e+02 1.8934107e+02      
1.1685414e+02 1.8764679e+02      
1.1888558e+02 1.8584347e+02      
1.2118117e+02 1.8434618e+02      
1.2308992e+02 1.8341798e+02      
1.2434068e+02 1.8314553e+02      
1.2502874e+02 1.8343213e+02      
1.2562303e+02 1.8398455e+02      
1.2700259e+02 1.8429238e+02      
1.2549362e+02 1.9098715e+02      
1.2429871e+02 1.8925949e+02      
1.2369466e+02 1.8736785e+02      
1.2373332e+02 1.8535318e+02      
1.2448261e+02 1.8325088e+02      
1.2603958e+02 1.8108813e+02      
1.2855409e+02 1.7888080e+02      
1.3227056e+02 1.7662885e+02      
1.3695094e+02 1.7435436e+02      
1.3931651e+02 1.7228780e+02      
1.3974656e+02 1.7044040e+02      
1.3977008e+02 1.6870088e+02      
1.3960681e+02 1.6703913e+02      
1.4092716e+02 1.6527061e+02      
1.4311088e+02 1.6351130e+02      
1.4490593e+02 1.6239546e+02      
1.4597447e+02 1.6208214e+02      
1.4640516e+02 1.6241864e+02      
1.4709758e+02 1.6274708e+02      
1.4828394e+02 1.6292513e+02      
1.4536486e+02 1.6888733e+02      
1.4421330e+02 1.6707022e+02      
1.4362612e+02 1.6507899e+02      
1.4365139e+02 1.6295825e+02      
1.4435088e+02 1.6074445e+02      
1.4581015e+02 1.5846081e+02      
1.4815675e+02 1.5610872e+02      
1.5159789e+02 1.5364927e+02      
1.5587085e+02 1.5110082e+02      
1.5781083e+02 1.4904801e+02      
1.5772014e+02 1.4739062e+02      
1.5789981e+02 1.4567051e+02      
1.5842677e+02 1.4394249e+02      
1.5967529e+02 1.4222057e+02      
1.6148875e+02 1.4058496e+02      
1.6333868e+02 1.3926216e+02      
1.6426080e+02 1.3896909e+02      
1.6494157e+02 1.3900119e+02      
1.6569710e+02 1.3911375e+02      
1.6671912e+02 1.3917342e+02      
1.6241853e+02 1.4434259e+02      
1.6128872e+02 1.4241550e+02      
1.6068074e+02 1.4031095e+02      
1.6063215e+02 1.3808049e+02      
1.6118825e+02 1.3576577e+02      
1.6240514e+02 1.3339315e+02      
1.6435258e+02 1.3096600e+02      
1.6713001e+02 1.2844343e+02      
1.7044028e+02 1.2584364e+02      
1.7150650e+02 1.2396898e+02      
1.7207238e+02 1.2218135e+02      
1.7278094e+02 1.2037814e+02      
1.7382942e+02 1.1858705e+02      
1.7528727e+02 1.1686624e+02      
1.7704421e+02 1.1531497e+02      
1.7875338e+02 1.1412366e+02      
1.7997210e+02 1.1352237e+02      
1.8076364e+02 1.1333291e+02      
1.8139995e+02 1.1334095e+02      
1.8214749e+02 1.1337114e+02      
1.7642017e+02 1.1775139e+02      
1.7529724e+02 1.1568790e+02      
1.7464120e+02 1.1345100e+02      
1.7447486e+02 1.1110366e+02      
1.7482321e+02 1.0869716e+02      
1.7570988e+02 1.0626718e+02      
1.7714041e+02 1.0383387e+02      
1.7904728e+02 1.0140952e+02      
1.8103286e+02 9.9078289e+01      
1.8237377e+02 9.7021543e+01      
1.8344255e+02 9.5082542e+01      
1.8460538e+02 9.3172267e+01      
1.8603760e+02 9.1296531e+01      
1.8779667e+02 8.9508234e+01      
1.8979523e+02 8.7909712e+01      
1.9177468e+02 8.6654771e+01      
1.9328454e+02 8.5898893e+01      
1.9388090e+02 8.5681116e+01      
1.9410806e+02 8.5762871e+01      
1.9440516e+02 8.5900659e+01      
1.8719197e+02 8.9541382e+01      
1.8607181e+02 8.7305544e+01      
1.8535577e+02 8.4907499e+01      
1.8504896e+02 8.2428496e+01      
1.8515809e+02 7.9932737e+01      
1.8568822e+02 7.7464128e+01      
1.8662088e+02 7.5056922e+01      
1.8786886e+02 7.2742743e+01      
1.8923272e+02 7.0549200e+01      
1.9052566e+02 6.8475521e+01      
1.9180030e+02 6.6464106e+01      
1.9322838e+02 6.4467516e+01      
1.9495744e+02 6.2485116e+01      
1.9707116e+02 6.0557407e+01      
1.9954358e+02 5.8776040e+01      
2.0215265e+02 5.7308627e+01      
2.0429701e+02 5.6402703e+01      
2.0419221e+02 5.6394477e+01      
2.0365324e+02 5.6784405e+01      
2.0329229e+02 5.7208195e+01      
1.9461146e+02 6.0165310e+01      
1.9350420e+02 5.7705692e+01      
1.9273543e+02 5.5100708e+01      
1.9228612e+02 5.2464346e+01      
1.9214574e+02 4.9877496e+01      
1.9232186e+02 4.7376459e+01      
1.9281748e+02 4.5001045e+01      
1.9359734e+02 4.2805264e+01      
1.9458082e+02 4.0768982e+01      
1.9569923e+02 3.8791656e+01      
1.9696969e+02 3.6789875e+01      
1.9848977e+02 3.4736577e+01      
2.0039687e+02 3.2640517e+01      
2.0284872e+02 3.0516034e+01      
2.0591949e+02 2.8428174e+01      
2.0929316e+02 2.6634128e+01      
2.1118305e+02 2.5801468e+01      
2.1119603e+02 2.5969041e+01      
2.0971709e+02 2.6913180e+01      
2.0854702e+02 2.7822602e+01      
1.9860744e+02 3.0100021e+01      
1.9754113e+02 2.7340423e+01      
1.9675414e+02 2.4449174e+01      
1.9618296e+02 2.1612146e+01      
1.9578266e+02 1.8950158e+01      
1.9559276e+02 1.6423829e+01      
1.9567570e+02 1.4037920e+01      
1.9606600e+02 1.2013730e+01      
1.9673954e+02 1.0293313e+01      
1.9764462e+02 8.5300928e+00      
1.9878498e+02 6.5924067e+00      
2.0023412e+02 4.4995639e+00      
2.0212837e+02 2.3086568e+00      
2.0471046e+02 1.1525154e-02      
2.0826135e+02 -2.4434394e+00      
2.1131129e+02 -4.2238483e+00      
2.1299981e+02 -4.8866121e+00      
2.1303295e+02 -4.4107920e+00      
2.1167580e+02 -3.1123084e+00      
2.0977883e+02 -1.5846202e+00      
1.9915187e+02 -1.4733086e-01      
1.9817349e+02 -3.3182482e+00      
1.9744950e+02 -6.6481687e+00      
1.9683528e+02 -9.7993318e+00      
1.9611724e+02 -1.2407768e+01      
1.9549975e+02 -1.4847071e+01      
1.9513672e+02 -1.7367574e+01      
1.9516190e+02 -1.9132506e+01      
1.9557401e+02 -2.0223913e+01      
1.9624560e+02 -2.1675529e+01      
1.9716288e+02 -2.3545566e+01      
1.9838453e+02 -2.5722566e+01      
2.0002962e+02 -2.7984651e+01      
2.0222671e+02 -3.0257707e+01      
2.0499416e+02 -3.2509851e+01      
2.0797166e+02 -3.4372796e+01      
2.0958157e+02 -3.4768489e+01      
2.0949005e+02 -3.3737940e+01      
2.0797187e+02 -3.1822003e+01      
2.0659895e+02 -3.0247161e+01      
1.9624789e+02 -3.0021973e+01      
1.9541136e+02 -3.3749108e+01      
1.9485986e+02 -3.7749152e+01      
1.9439813e+02 -4.1493721e+01      
1.9319644e+02 -4.3682334e+01      
1.9207479e+02 -4.5641768e+01      
1.9122171e+02 -4.7797687e+01      
1.9089831e+02 -4.9199343e+01      
1.9108736e+02 -4.9915286e+01      
1.9151044e+02 -5.1128732e+01      
1.9213755e+02 -5.2959185e+01      
1.9299948e+02 -5.5359135e+01      
1.9423651e+02 -5.7715435e+01      
1.9588579e+02 -5.9959465e+01      
1.9781791e+02 -6.2249868e+01      
1.9984462e+02 -6.3483322e+01      
2.0142887e+02 -6.3270767e+01      
2.0117482e+02 -6.1358241e+01      
2.0037479e+02 -5.9410100e+01      
1.9954694e+02 -5.7836395e+01      
1.8992056e+02 -5.8894288e+01      
1.8924657e+02 -6.3304167e+01      
1.8887969e+02 -6.8119515e+01      
1.8814990e+02 -7.1835770e+01      
1.8692135e+02 -7.4119032e+01      
1.8536100e+02 -7.5248384e+01      
1.8409387e+02 -7.6622565e+01      
1.8345649e+02 -7.7585015e+01      
1.8339611e+02 -7.8126024e+01      
1.8354559e+02 -7.9188504e+01      
1.8386434e+02 -8.0886211e+01      
1.8434244e+02 -8.3224394e+01      
1.8511594e+02 -8.5668422e+01      
1.8616793e+02 -8.8342168e+01      
1.8733105e+02 -9.1619152e+01      
1.8857751e+02 -9.2292723e+01      
1.8958182e+02 -9.0053765e+01      
1.8982004e+02 -8.7671580e+01      
1.8956641e+02 -8.5629976e+01      
1.8913000e+02 -8.4019008e+01      
1.8020453e+02 -8.5981843e+01      
1.7962352e+02 -9.1030107e+01      
1.7897954e+02 -9.5827203e+01      
1.7805079e+02 -9.9535362e+01      
1.7679539e+02 -1.0182408e+02      
1.7532288e+02 -1.0284841e+02      
1.7391310e+02 -1.0317986e+02      
1.7305162e+02 -1.0380314e+02      
1.7264300e+02 -1.0445538e+02      
1.7250435e+02 -1.0539169e+02      
1.7254672e+02 -1.0681626e+02      
1.7273464e+02 -1.0876005e+02      
1.7305913e+02 -1.1114781e+02      
1.7343803e+02 -1.1418214e+02      
1.7379538e+02 -1.1772658e+02      
1.7451550e+02 -1.1804080e+02      
1.7542773e+02 -1.1498867e+02      
1.7589412e+02 -1.1221685e+02      
1.7593047e+02 -1.1006323e+02      
1.7571635e+02 -1.0840855e+02      
1.6719031e+02 -1.1045373e+02      
1.6631807e+02 -1.1498956e+02      
1.6551421e+02 -1.1999953e+02      
1.6445590e+02 -1.2382372e+02      
1.6315999e+02 -1.2602066e+02      
1.6171242e+02 -1.2679218e+02      
1.6045020e+02 -1.2756174e+02      
1.5952846e+02 -1.2831863e+02      
1.5892305e+02 -1.2879035e+02      
1.5856212e+02 -1.2942554e+02      
1.5837057e+02 -1.3049779e+02      
1.5828599e+02 -1.3206350e+02      
1.5823669e+02 -1.3417084e+02      
1.5808869e+02 -1.3701028e+02      
1.5778425e+02 -1.4031128e+02      
1.5814852e+02 -1.4039786e+02      
1.5908686e+02 -1.3721837e+02      
1.5962557e+02 -1.3440959e+02      
1.5975742e+02 -1.3227116e+02      
1.5962718e+02 -1.3063001e+02      
1.5128809e+02 -1.3229830e+02      
1.5018760e+02 -1.3621960e+02      
1.4910804e+02 -1.4047802e+02      
1.4793160e+02 -1.4450770e+02      
1.4659947e+02 -1.4662338e+02      
1.4525300e+02 -1.4827154e+02      
1.4406254e+02 -1.4980731e+02      
1.4314980e+02 -1.5100507e+02      
1.4244699e+02 -1.5081050e+02      
1.4195055e+02 -1.5095453e+02      
1.4158624e+02 -1.5162319e+02      
1.4129175e+02 -1.5276781e+02      
1.4099380e+02 -1.5438689e+02      
1.4056243e+02 -1.5657115e+02      
1.3991681e+02 -1.5911181e+02      
1.4001925e+02 -1.5902411e+02      
1.4081149e+02 -1.5628452e+02      
1.4123604e+02 -1.5384779e+02      
1.4131665e+02 -1.5191021e+02      
1.4116472e+02 -1.5036451e+02      
1.3289217e+02 -1.5149221e+02      
1.3164758e+02 -1.5488293e+02      
1.3039442e+02 -1.5849615e+02      
1.2907875e+02 -1.6200839e+02      
1.2769047e+02 -1.6492597e+02      
1.2633484e+02 -1.6737579e+02      
1.2511427e+02 -1.6963342e+02      
1.2417566e+02 -1.7048952e+02      
1.2351443e+02 -1.6983836e+02      
1.2296949e+02 -1.6958714e+02      
1.2249449e+02 -1.6988523e+02      
1.2206176e+02 -1.7059937e+02      
1.2163376e+02 -1.7163597e+02      
1.2117209e+02 -1.7287234e+02      
1.2074656e+02 -1.7386167e+02      
1.2064463e+02 -1.7362649e+02      
1.2082818e+02 -1.7215264e+02      
1.2094261e+02 -1.7039234e+02      
1.2087136e+02 -1.6876862e+02      
1.2062871e+02 -1.6737044e+02      
1.1235866e+02 -1.6789968e+02      
1.1103429e+02 -1.7086124e+02      
1.0968735e+02 -1.7401529e+02      
1.0827929e+02 -1.7729990e+02      
1.0677724e+02 -1.8077053e+02      
1.0535755e+02 -1.8351448e+02      
1.0408223e+02 -1.8557737e+02      
1.0312869e+02 -1.8625244e+02      
1.0253873e+02 -1.8544031e+02      
1.0197583e+02 -1.8500895e+02      
1.0142423e+02 -1.8505590e+02      
1.0089792e+02 -1.8541349e+02      
1.0039368e+02 -1.8594574e+02      
9.9916989e+01 -1.8647585e+02      
9.9514096e+01 -1.8671362e+02      
9.9248917e+01 -1.8634951e+02      
9.9094103e+01 -1.8537429e+02      
9.8935705e+01 -1.8407870e+02      
9.8689519e+01 -1.8273088e+02      
9.8327991e+01 -1.8147368e+02      
9.0046842e+01 -1.8135780e+02      
8.8688031e+01 -1.8394958e+02      
8.7304757e+01 -1.8670076e+02      
8.5885233e+01 -1.8955333e+02      
8.4436616e+01 -1.9239554e+02      
8.3002346e+01 -1.9495404e+02      
8.1592821e+01 -1.9721081e+02      
8.0583180e+01 -1.9798456e+02      
7.9977281e+01 -1.9739719e+02      
7.9353289e+01 -1.9704985e+02      
7.8724277e+01 -1.9699920e+02      
7.8119632e+01 -1.9711929e+02      
7.7548117e+01 -1.9729956e+02      
7.7019348e+01 -1.9740717e+02      
7.6551107e+01 -1.9728441e+02      
7.6155004e+01 -1.9680641e+02      
7.5809782e+01 -1.9596870e+02      
7.5464090e+01 -1.9488678e+02      
7.5068051e+01 -1.9370665e+02      
7.4591269e+01 -1.9254291e+02      
