9.7584525e+00 2.5251861e+02      
7.6532261e+00 2.5026800e+02      
6.0887279e+00 2.4801716e+02      
5.0461993e+00 2.4582731e+02      
4.4959441e+00 2.4376024e+02      
4.3969971e+00 2.4187675e+02      
4.6976220e+00 2.4023450e+02      
5.3378409e+00 2.3888500e+02      
6.2564527e+00 2.3786976e+02      
7.4052802e+00 2.3721584e+02      
8.7676430e+00 2.3693216e+02      
1.0366520e+01 2.3700801e+02      
1.2251971e+01 2.3741460e+02      
1.4479133e+01 2.3810901e+02      
1.7092120e+01 2.3903872e+02      
2.0117454e+01 2.4014548e+02      
2.3564703e+01 2.4136798e+02      
2.7431754e+01 2.4264312e+02      
3.1712170e+01 2.4390647e+02      
3.6401133e+01 2.4509261e+02      
3.6894873e+01 2.4154815e+02      
3.4986660e+01 2.3911100e+02      
3.3638034e+01 2.3664978e+02      
3.2828112e+01 2.3423127e+02      
3.2522584e+01 2.3192439e+02      
3.2672173e+01 2.2979887e+02      
3.3211066e+01 2.2792309e+02      
3.4056245e+01 2.2636074e+02      
3.5111940e+01 2.2516563e+02      
3.6290588e+01 2.2437454e+02      
3.7558824e+01 2.2400015e+02      
3.8966605e+01 2.2402799e+02      
4.0611196e+01 2.2441954e+02      
4.2585501e+01 2.2511965e+02      
4.4953802e+01 2.2606416e+02      
4.7747255e+01 2.2718541e+02      
5.0968597e+01 2.2841531e+02      
5.4602945e+01 2.2968607e+02      
5.8632708e+01 2.3092921e+02      
6.3050088e+01 2.3207446e+02      
6.2879898e+01 2.2685134e+02      
6.1207464e+01 2.2420234e+02      
6.0116596e+01 2.2150290e+02      
5.9586042e+01 2.1882498e+02      
5.9578931e+01 2.1624483e+02      
6.0040132e+01 2.1384209e+02      
6.0892021e+01 2.1169803e+02      
6.2027244e+01 2.0989260e+02      
6.3299412e+01 2.0849852e+02      
6.4530193e+01 2.0756949e+02      
6.5625617e+01 2.0712532e+02      
6.6713357e+01 2.0714451e+02      
6.7994970e+01 2.0757119e+02      
6.9620658e+01 2.0833083e+02      
7.1676634e+01 2.0934320e+02      
7.4193170e+01 2.1052930e+02      
7.7155257e+01 2.1181456e+02      
8.0519421e+01 2.1312889e+02      
8.4243007e+01 2.1440243e+02      
8.8313346e+01 2.1556033e+02      
8.7282223e+01 2.0869028e+02      
8.5879375e+01 2.0580404e+02      
8.5084346e+01 2.0283724e+02      
8.4877903e+01 1.9986599e+02      
8.5223655e+01 1.9697360e+02      
8.6065408e+01 1.9425008e+02      
8.7322140e+01 1.9179099e+02      
8.8874483e+01 1.8969649e+02      
9.0534853e+01 1.8806901e+02      
9.1943664e+01 1.8699550e+02      
9.2668247e+01 1.8651134e+02      
9.3202240e+01 1.8658033e+02      
9.3950871e+01 1.8711199e+02      
9.5117876e+01 1.8800016e+02      
9.6800507e+01 1.8914375e+02      
9.9017823e+01 1.9045043e+02      
1.0172243e+02 1.9183985e+02      
1.0481176e+02 1.9324552e+02      
1.0818337e+02 1.9460411e+02      
1.1181769e+02 1.9583684e+02      
1.0969338e+02 1.8738421e+02      
1.0858638e+02 1.8423706e+02      
1.0811852e+02 1.8097392e+02      
1.0827535e+02 1.7767315e+02      
1.0902388e+02 1.7442416e+02      
1.1031174e+02 1.7132740e+02      
1.1206754e+02 1.6849215e+02      
1.1419228e+02 1.6603753e+02      
1.1648781e+02 1.6410716e+02      
1.1842982e+02 1.6287023e+02      
1.1833131e+02 1.6238966e+02      
1.1798197e+02 1.6260690e+02      
1.1798826e+02 1.6334345e+02      
1.1858626e+02 1.6444714e+02      
1.1985161e+02 1.6579659e+02      
1.2178212e+02 1.6728407e+02      
1.2429769e+02 1.6882029e+02      
1.2718427e+02 1.7035400e+02      
1.3017058e+02 1.7185471e+02      
1.3322809e+02 1.7324111e+02      
1.2973397e+02 1.6330499e+02      
1.2893849e+02 1.5987768e+02      
1.2881903e+02 1.5629201e+02      
1.2936942e+02 1.5262473e+02      
1.3056148e+02 1.4896970e+02      
1.3234538e+02 1.4543952e+02      
1.3466681e+02 1.4215576e+02      
1.3746081e+02 1.3924844e+02      
1.4045427e+02 1.3691270e+02      
1.4201798e+02 1.3550100e+02      
1.4187450e+02 1.3505942e+02      
1.4046108e+02 1.3556332e+02      
1.3955210e+02 1.3663352e+02      
1.3950477e+02 1.3805360e+02      
1.4033595e+02 1.3969589e+02      
1.4201574e+02 1.4143426e+02      
1.4451479e+02 1.4314425e+02      
1.4750556e+02 1.4479283e+02      
1.5008905e+02 1.4649276e+02      
1.5222190e+02 1.4816321e+02      
1.4706013e+02 1.3687113e+02      
1.4657734e+02 1.3315320e+02      
1.4681331e+02 1.2922621e+02      
1.4777640e+02 1.2515722e+02      
1.4944521e+02 1.2104009e+02      
1.5175971e+02 1.1700660e+02      
1.5461818e+02 1.1322068e+02      
1.5789565e+02 1.0983132e+02      
1.6040899e+02 1.0725322e+02      
1.6156865e+02 1.0571514e+02      
1.6123600e+02 1.0530430e+02      
1.5975366e+02 1.0595984e+02      
1.5796784e+02 1.0744834e+02      
1.5735062e+02 1.0925168e+02      
1.5776161e+02 1.1129286e+02      
1.5916655e+02 1.1338928e+02      
1.6173862e+02 1.1532188e+02      
1.6548981e+02 1.1697654e+02      
1.6767264e+02 1.1892902e+02      
1.6820695e+02 1.2110539e+02      
1.6137059e+02 1.0853970e+02      
1.6118194e+02 1.0453617e+02      
1.6175891e+02 1.0026572e+02      
1.6313853e+02 9.5768232e+01      
1.6532073e+02 9.1120386e+01      
1.6820692e+02 8.6490084e+01      
1.7145223e+02 8.2196034e+01      
1.7375364e+02 7.8878637e+01      
1.7588908e+02 7.6095706e+01      
1.7665586e+02 7.4448016e+01      
1.7592591e+02 7.4087939e+01      
1.7408038e+02 7.4882642e+01      
1.7260405e+02 7.6255803e+01      
1.7174012e+02 7.8460262e+01      
1.7172872e+02 8.1075553e+01      
1.7269780e+02 8.3712696e+01      
1.7483391e+02 8.6077115e+01      
1.7812380e+02 8.7990628e+01      
1.7990125e+02 9.0241526e+01      
1.8008087e+02 9.2766672e+01      
1.7241576e+02 7.8794317e+01      
1.7247647e+02 7.4534523e+01      
1.7334361e+02 6.9953938e+01      
1.7511161e+02 6.5030104e+01      
1.7782994e+02 5.9783654e+01      
1.8129009e+02 5.4468627e+01      
1.8424591e+02 4.9961271e+01      
1.8624684e+02 4.6539367e+01      
1.8714244e+02 4.4247326e+01      
1.8744655e+02 4.2523489e+01      
1.8618326e+02 4.2194690e+01      
1.8478718e+02 4.2323426e+01      
1.8372535e+02 4.3176440e+01      
1.8251995e+02 4.6094506e+01      
1.8201813e+02 4.9566115e+01      
1.8238843e+02 5.2978703e+01      
1.8361966e+02 5.6049518e+01      
1.8536941e+02 5.8753035e+01      
1.8674947e+02 6.1323708e+01      
1.8769890e+02 6.3729193e+01      
1.8001023e+02 4.8126842e+01      
1.8024678e+02 4.3670114e+01      
1.8129406e+02 3.8877776e+01      
1.8331080e+02 3.3647702e+01      
1.8647473e+02 2.7829647e+01      
1.8981436e+02 2.2259620e+01      
1.9269784e+02 1.7522017e+01      
1.9469225e+02 1.3958855e+01      
1.9540164e+02 1.1681905e+01      
1.9454758e+02 1.0509338e+01      
1.9321093e+02 9.5459160e+00      
1.9197708e+02 8.8536314e+00      
1.9072687e+02 9.9000470e+00      
1.8951374e+02 1.2887749e+01      
1.8853589e+02 1.7410159e+01      
1.8831323e+02 2.1776951e+01      
1.8877871e+02 2.5588651e+01      
1.8967520e+02 2.8874189e+01      
1.9069654e+02 3.1754265e+01      
1.9178515e+02 3.4238017e+01      
1.8404731e+02 1.7013302e+01      
1.8437055e+02 1.2438401e+01      
1.8544509e+02 7.5920747e+00      
1.8737161e+02 2.4022042e+00      
1.9019237e+02 -3.2164765e+00      
1.9366904e+02 -9.1471032e+00      
1.9680270e+02 -1.4229684e+01      
1.9915891e+02 -1.7982189e+01      
2.0018104e+02 -2.0249771e+01      
1.9874212e+02 -2.1538453e+01      
1.9692418e+02 -2.2988976e+01      
1.9515055e+02 -2.3429326e+01      
1.9357285e+02 -2.2182594e+01      
1.9224232e+02 -1.9057479e+01      
1.9119997e+02 -1.4392855e+01      
1.9054312e+02 -9.1077277e+00      
1.9050592e+02 -4.7463212e+00      
1.9091811e+02 -1.0813717e+00      
1.9162213e+02 2.0566280e+00      
1.9256476e+02 4.6990741e+00      
1.8450797e+02 -1.4109476e+01      
1.8483832e+02 -1.8731546e+01      
1.8581858e+02 -2.3481330e+01      
1.8750995e+02 -2.8408167e+01      
1.8995453e+02 -3.3606856e+01      
1.9311713e+02 -3.9119109e+01      
1.9670640e+02 -4.4644522e+01      
1.9963979e+02 -4.8624705e+01      
2.0065569e+02 -5.1225206e+01      
1.9958667e+02 -5.2640164e+01      
1.9691727e+02 -5.3143531e+01      
1.9446195e+02 -5.3502687e+01      
1.9250547e+02 -5.2184010e+01      
1.9102196e+02 -4.8803712e+01      
1.8987465e+02 -4.3727793e+01      
1.8910599e+02 -3.8778112e+01      
1.8878550e+02 -3.4363580e+01      
1.8887430e+02 -3.0513443e+01      
1.8930168e+02 -2.7189695e+01      
1.9002730e+02 -2.4390526e+01      
1.8145953e+02 -4.4862291e+01      
1.8174155e+02 -4.9493407e+01      
1.8254554e+02 -5.4015961e+01      
1.8392591e+02 -5.8495034e+01      
1.8595710e+02 -6.3097674e+01      
1.8876485e+02 -6.8020715e+01      
1.9242869e+02 -7.3308185e+01      
1.9515760e+02 -7.7534886e+01      
1.9619046e+02 -8.0326916e+01      
1.9536413e+02 -8.1656568e+01      
1.9302321e+02 -8.1732538e+01      
1.9003636e+02 -8.0974678e+01      
1.8785628e+02 -7.9835354e+01      
1.8632971e+02 -7.6210544e+01      
1.8510132e+02 -7.1766633e+01      
1.8420160e+02 -6.7207025e+01      
1.8367398e+02 -6.2878599e+01      
1.8351632e+02 -5.8945671e+01      
1.8370085e+02 -5.5487646e+01      
1.8419907e+02 -5.2549679e+01      
1.7505206e+02 -7.4947457e+01      
1.7526006e+02 -7.9610374e+01      
1.7581778e+02 -8.3759546e+01      
1.7679055e+02 -8.7534354e+01      
1.7828786e+02 -9.1285972e+01      
1.8038571e+02 -9.5283007e+01      
1.8300860e+02 -9.9574498e+01      
1.8568429e+02 -1.0389592e+02      
1.8677082e+02 -1.0676085e+02      
1.8600626e+02 -1.0784335e+02      
1.8375690e+02 -1.0744438e+02      
1.8167262e+02 -1.0690934e+02      
1.8000028e+02 -1.0573458e+02      
1.7843565e+02 -1.0274797e+02      
1.7706981e+02 -9.8702769e+01      
1.7600815e+02 -9.4319318e+01      
1.7528860e+02 -8.9992592e+01      
1.7491933e+02 -8.5968578e+01      
1.7488785e+02 -8.2389048e+01      
1.7516990e+02 -7.9326281e+01      
1.6552853e+02 -1.0421069e+02      
1.6567655e+02 -1.0904390e+02      
1.6591092e+02 -1.1260321e+02      
1.6633049e+02 -1.1518623e+02      
1.6719369e+02 -1.1775797e+02      
1.6852697e+02 -1.2067275e+02      
1.7018530e+02 -1.2388501e+02      
1.7186723e+02 -1.2719002e+02      
1.7299202e+02 -1.3007556e+02      
1.7219892e+02 -1.3082953e+02      
1.7092888e+02 -1.3113362e+02      
1.6983928e+02 -1.3144537e+02      
1.6911582e+02 -1.3145913e+02      
1.6748127e+02 -1.2852466e+02      
1.6593172e+02 -1.2438211e+02      
1.6468923e+02 -1.1986212e+02      
1.6378210e+02 -1.1536609e+02      
1.6322109e+02 -1.1117885e+02      
1.6299994e+02 -1.0746870e+02      
1.6308898e+02 -1.0429526e+02      
1.5308152e+02 -1.3230045e+02      
1.5317617e+02 -1.3747267e+02      
1.5304619e+02 -1.4024274e+02      
1.5272360e+02 -1.4080575e+02      
1.5297127e+02 -1.4198631e+02      
1.5366234e+02 -1.4384347e+02      
1.5457967e+02 -1.4608271e+02      
1.5547197e+02 -1.4842314e+02      
1.5597513e+02 -1.5045470e+02      
1.5572699e+02 -1.5171357e+02      
1.5515942e+02 -1.5267335e+02      
1.5472274e+02 -1.5377801e+02      
1.5454937e+02 -1.5484178e+02      
1.5350255e+02 -1.5290529e+02      
1.5182328e+02 -1.4835375e+02      
1.5044340e+02 -1.4349813e+02      
1.4933775e+02 -1.3858030e+02      
1.4860219e+02 -1.3413942e+02      
1.4822795e+02 -1.3031106e+02      
1.4815901e+02 -1.2705969e+02      
1.3699367e+02 -1.5630094e+02      
1.3691447e+02 -1.6155942e+02      
1.3656686e+02 -1.6373146e+02      
1.3601948e+02 -1.6314866e+02      
1.3590144e+02 -1.6332344e+02      
1.3613743e+02 -1.6436135e+02      
1.3654560e+02 -1.6586186e+02      
1.3694088e+02 -1.6751952e+02      
1.3713669e+02 -1.6907407e+02      
1.3704749e+02 -1.7040212e+02      
1.3680581e+02 -1.7165958e+02      
1.3665295e+02 -1.7317676e+02      
1.3666143e+02 -1.7479444e+02      
1.3597048e+02 -1.7341144e+02      
1.3474338e+02 -1.6947409e+02      
1.3343997e+02 -1.6455197e+02      
1.3211477e+02 -1.5896152e+02      
1.3127576e+02 -1.5436630e+02      
1.3081242e+02 -1.5052447e+02      
1.3063336e+02 -1.4726348e+02      
1.1790287e+02 -1.7563263e+02      
1.1757688e+02 -1.8067655e+02      
1.1712460e+02 -1.8252609e+02      
1.1661168e+02 -1.8151621e+02      
1.1633828e+02 -1.8125352e+02      
1.1628918e+02 -1.8183648e+02      
1.1636552e+02 -1.8286934e+02      
1.1645712e+02 -1.8408751e+02      
1.1646953e+02 -1.8531568e+02      
1.1636794e+02 -1.8649013e+02      
1.1620379e+02 -1.8769445e+02      
1.1608454e+02 -1.8916786e+02      
1.1601524e+02 -1.9070072e+02      
1.1542044e+02 -1.8910288e+02      
1.1434114e+02 -1.8481146e+02      
1.1326106e+02 -1.8027920e+02      
1.1226474e+02 -1.7566782e+02      
1.1152133e+02 -1.7146746e+02      
1.1105189e+02 -1.6779600e+02      
1.1081546e+02 -1.6461396e+02      
9.6589738e+01 -1.8990910e+02      
9.6037842e+01 -1.9442080e+02      
9.5510134e+01 -1.9625841e+02      
9.5063236e+01 -1.9561127e+02      
9.4709131e+01 -1.9551678e+02      
9.4477306e+01 -1.9601098e+02      
9.4334394e+01 -1.9681694e+02      
9.4223333e+01 -1.9775625e+02      
9.4093533e+01 -1.9871073e+02      
9.3922555e+01 -1.9962751e+02      
9.3722502e+01 -2.0052795e+02      
9.3520505e+01 -2.0152347e+02      
9.3272424e+01 -2.0235092e+02      
9.2688689e+01 -2.0004763e+02      
9.1901812e+01 -1.9664290e+02      
9.1081784e+01 -1.9287142e+02      
9.0332975e+01 -1.8902575e+02      
8.9730001e+01 -1.8533088e+02      
8.9305998e+01 -1.8193476e+02      
8.9055027e+01 -1.7889670e+02      
7.3766960e+01 -1.9899613e+02      
7.3069095e+01 -2.0269673e+02      
7.2445518e+01 -2.0479714e+02      
7.1906197e+01 -2.0560426e+02      
7.1450682e+01 -2.0614495e+02      
7.1081408e+01 -2.0679159e+02      
7.0782895e+01 -2.0753250e+02      
7.0525307e+01 -2.0829763e+02      
7.0279219e+01 -2.0901793e+02      
7.0026065e+01 -2.0964134e+02      
6.9758814e+01 -2.1012649e+02      
6.9468312e+01 -2.1038950e+02      
6.9110376e+01 -2.1001996e+02      
6.8613960e+01 -2.0827126e+02      
6.8017052e+01 -2.0561631e+02      
6.7395861e+01 -2.0251172e+02      
6.6819029e+01 -1.9922529e+02      
6.6336625e+01 -1.9595451e+02      
6.5974907e+01 -1.9283940e+02      
6.5737068e+01 -1.8996819e+02      
