2.8991513e+01 2.5159167e+02      
2.6936588e+01 2.5057305e+02      
2.5285298e+01 2.4939595e+02      
2.3994477e+01 2.4804366e+02      
2.2928104e+01 2.4634035e+02      
2.1771538e+01 2.4359880e+02      
2.0973200e+01 2.4086579e+02      
2.0524638e+01 2.3821985e+02      
2.0340429e+01 2.3562206e+02      
2.0357756e+01 2.3308032e+02      
2.0539488e+01 2.3063353e+02      
2.0865408e+01 2.2833235e+02      
2.1338071e+01 2.2624950e+02      
2.1997461e+01 2.2450467e+02      
2.2875106e+01 2.2319564e+02      
2.3985580e+01 2.2236682e+02      
2.5349688e+01 2.2202285e+02      
2.7003310e+01 2.2213806e+02      
2.8993379e+01 2.2266271e+02      
3.1370072e+01 2.2352924e+02      
5.7297092e+01 2.4266866e+02      
5.5512543e+01 2.4175069e+02      
5.4134841e+01 2.4062593e+02      
5.3173801e+01 2.3935593e+02      
5.2191267e+01 2.3722197e+02      
5.1117725e+01 2.3411840e+02      
5.0505407e+01 2.3108525e+02      
5.0278796e+01 2.2814271e+02      
5.0281937e+01 2.2519493e+02      
5.0418549e+01 2.2223493e+02      
5.0649949e+01 2.1932120e+02      
5.0953034e+01 2.1650808e+02      
5.1272832e+01 2.1379341e+02      
5.1762057e+01 2.1147386e+02      
5.2452813e+01 2.0969457e+02      
5.3322396e+01 2.0848815e+02      
5.4379782e+01 2.0784898e+02      
5.5670132e+01 2.0773822e+02      
5.7257667e+01 2.0808945e+02      
5.9209175e+01 2.0881714e+02      
8.4158560e+01 2.2998273e+02      
8.2711989e+01 2.2920167e+02      
8.1519946e+01 2.2793246e+02      
8.0625434e+01 2.2623063e+02      
7.9862303e+01 2.2385527e+02      
7.9070745e+01 2.2066664e+02      
7.8865956e+01 2.1758542e+02      
7.9020105e+01 2.1448275e+02      
7.9306211e+01 2.1123475e+02      
7.9598486e+01 2.0784228e+02      
7.9854159e+01 2.0439390e+02      
8.0142877e+01 2.0106953e+02      
8.0173596e+01 1.9749550e+02      
8.0505895e+01 1.9455476e+02      
8.1030641e+01 1.9230480e+02      
8.1636366e+01 1.9074549e+02      
8.2321790e+01 1.8986099e+02      
8.3161597e+01 1.8959375e+02      
8.4253355e+01 1.8985275e+02      
8.5688772e+01 1.9052730e+02      
1.0900301e+02 2.1360109e+02      
1.0748458e+02 2.1238801e+02      
1.0635939e+02 2.1079401e+02      
1.0562852e+02 2.0881086e+02      
1.0531188e+02 2.0646229e+02      
1.0499438e+02 2.0338356e+02      
1.0548398e+02 2.0052819e+02      
1.0620238e+02 1.9739152e+02      
1.0689248e+02 1.9389535e+02      
1.0739577e+02 1.9005858e+02      
1.0757634e+02 1.8590208e+02      
1.0736414e+02 1.8144312e+02      
1.0742594e+02 1.7735117e+02      
1.0780267e+02 1.7388760e+02      
1.0826860e+02 1.7118393e+02      
1.0859459e+02 1.6930980e+02      
1.0881257e+02 1.6825341e+02      
1.0908701e+02 1.6792708e+02      
1.0957286e+02 1.6820212e+02      
1.1039381e+02 1.6893264e+02      
1.3157582e+02 1.9402033e+02      
1.3006197e+02 1.9246171e+02      
1.2898874e+02 1.9053052e+02      
1.2835113e+02 1.8822189e+02      
1.2812718e+02 1.8553273e+02      
1.2827732e+02 1.8246985e+02      
1.2902768e+02 1.7932235e+02      
1.3037902e+02 1.7614361e+02      
1.3159437e+02 1.7244371e+02      
1.3243095e+02 1.6822287e+02      
1.3270392e+02 1.6350400e+02      
1.3241128e+02 1.5839300e+02      
1.3261132e+02 1.5373615e+02      
1.3330004e+02 1.4971600e+02      
1.3400674e+02 1.4651391e+02      
1.3395944e+02 1.4437242e+02      
1.3352450e+02 1.4325403e+02      
1.3307337e+02 1.4300602e+02      
1.3282250e+02 1.4344080e+02      
1.3292434e+02 1.4436432e+02      
1.5160402e+02 1.7170849e+02      
1.5015179e+02 1.6987593e+02      
1.4914968e+02 1.6764062e+02      
1.4859742e+02 1.6500791e+02      
1.4849191e+02 1.6199633e+02      
1.4884839e+02 1.5866100e+02      
1.4972072e+02 1.5510672e+02      
1.5111566e+02 1.5139190e+02      
1.5288637e+02 1.4745314e+02      
1.5419653e+02 1.4291169e+02      
1.5477809e+02 1.3779592e+02      
1.5468347e+02 1.3227161e+02      
1.5519187e+02 1.2707787e+02      
1.5648450e+02 1.2240009e+02      
1.5819571e+02 1.1848756e+02      
1.5748537e+02 1.1613056e+02      
1.5613057e+02 1.1511794e+02      
1.5474795e+02 1.1514491e+02      
1.5361496e+02 1.1592880e+02      
1.5289345e+02 1.1721472e+02      
1.6879011e+02 1.4708337e+02      
1.6742134e+02 1.4501076e+02      
1.6650578e+02 1.4250164e+02      
1.6605203e+02 1.3956983e+02      
1.6606442e+02 1.3624035e+02      
1.6654584e+02 1.3255539e+02      
1.6749148e+02 1.2856789e+02      
1.6886674e+02 1.2431534e+02      
1.7057773e+02 1.1979161e+02      
1.7240361e+02 1.1492464e+02      
1.7344309e+02 1.0948291e+02      
1.7369648e+02 1.0362665e+02      
1.7456985e+02 9.7910652e+01      
1.7634863e+02 9.2506543e+01      
1.7868963e+02 8.7713695e+01      
1.7857885e+02 8.4869511e+01      
1.7621588e+02 8.4151034e+01      
1.7371967e+02 8.4712148e+01      
1.7156150e+02 8.6090769e+01      
1.6992528e+02 8.7943553e+01      
1.8287183e+02 1.2057932e+02      
1.8159392e+02 1.1829178e+02      
1.8077094e+02 1.1553560e+02      
1.8041928e+02 1.1232730e+02      
1.8054617e+02 1.0869012e+02      
1.8114454e+02 1.0465511e+02      
1.8218167e+02 1.0025705e+02      
1.8358342e+02 9.5524497e+01      
1.8522647e+02 9.0470073e+01      
1.8693705e+02 8.5079996e+01      
1.8845405e+02 7.9309087e+01      
1.8912383e+02 7.3133025e+01      
1.9032086e+02 6.6885411e+01      
1.9234195e+02 6.0743481e+01      
1.9487575e+02 5.5092812e+01      
1.9512224e+02 5.1737650e+01      
1.9311468e+02 5.0851942e+01      
1.8953921e+02 5.2170662e+01      
1.8627064e+02 5.4428254e+01      
1.8365537e+02 5.7088200e+01      
1.9363417e+02 9.2651306e+01      
1.9244381e+02 9.0172725e+01      
1.9170978e+02 8.7197032e+01      
1.9145778e+02 8.3740078e+01      
1.9170237e+02 7.9821027e+01      
1.9243785e+02 7.5463128e+01      
1.9362209e+02 7.0693661e+01      
1.9515458e+02 6.5542840e+01      
1.9685622e+02 6.0040824e+01      
1.9847571e+02 5.4209920e+01      
1.9979210e+02 4.8045651e+01      
2.0084686e+02 4.1522800e+01      
2.0225896e+02 3.4696076e+01      
2.0431995e+02 2.7786964e+01      
2.0652414e+02 2.1550767e+01      
2.0667063e+02 1.7902274e+01      
2.0487621e+02 1.6878705e+01      
2.0157630e+02 1.8240501e+01      
1.9732403e+02 2.1566742e+01      
1.9373513e+02 2.5278022e+01      
2.0091496e+02 6.3769712e+01      
1.9979835e+02 6.1125784e+01      
1.9913859e+02 5.7961970e+01      
1.9897426e+02 5.4291981e+01      
1.9933568e+02 5.0129755e+01      
2.0023477e+02 4.5490408e+01      
2.0164395e+02 4.0394317e+01      
2.0346032e+02 3.4875314e+01      
2.0546104e+02 2.8987726e+01      
2.0720202e+02 2.2804469e+01      
2.0816476e+02 1.6371795e+01      
2.0894009e+02 9.5623670e+00      
2.1021464e+02 2.1735737e+00      
2.1231649e+02 -5.7409354e+00      
2.1344867e+02 -1.1855669e+01      
2.1306629e+02 -1.5448702e+01      
2.1120175e+02 -1.6424301e+01      
2.0812354e+02 -1.4992483e+01      
2.0417467e+02 -1.1563031e+01      
1.9981099e+02 -6.7082860e+00      
2.0460921e+02 3.4412952e+01      
2.0354135e+02 3.1632104e+01      
2.0292717e+02 2.8316404e+01      
2.0282135e+02 2.4477533e+01      
2.0327863e+02 2.0123406e+01      
2.0434854e+02 1.5257045e+01      
2.0605505e+02 9.8826480e+00      
2.0834297e+02 4.0275287e+00      
2.1096684e+02 -2.2223194e+00      
2.1327184e+02 -8.7015455e+00      
2.1336192e+02 -1.5183867e+01      
2.1323781e+02 -2.1996989e+01      
2.1372565e+02 -2.9511555e+01      
2.1500753e+02 -3.7672758e+01      
2.1525760e+02 -4.3702314e+01      
2.1428260e+02 -4.7155301e+01      
2.1213770e+02 -4.7869296e+01      
2.0905234e+02 -4.6061947e+01      
2.0538946e+02 -4.2492672e+01      
2.0143196e+02 -3.7729823e+01      
2.0467319e+02 5.0593345e+00      
2.0361770e+02 2.1721063e+00      
2.0300409e+02 -1.2551985e+00      
2.0290323e+02 -5.2105438e+00      
2.0339718e+02 -9.6901895e+00      
2.0458779e+02 -1.4707076e+01      
2.0660714e+02 -2.0296652e+01      
2.0950628e+02 -2.6466178e+01      
2.1290400e+02 -3.3065016e+01      
2.1482236e+02 -3.9619525e+01      
2.1485782e+02 -4.6057374e+01      
2.1348421e+02 -5.2507897e+01      
2.1271419e+02 -5.9609746e+01      
2.1266218e+02 -6.7091941e+01      
2.1201491e+02 -7.2805497e+01      
2.1054968e+02 -7.6318549e+01      
2.0806230e+02 -7.6767795e+01      
2.0476754e+02 -7.4162296e+01      
2.0125370e+02 -7.0199499e+01      
1.9770084e+02 -6.5544807e+01      
2.0112829e+02 -2.3820872e+01      
2.0003893e+02 -2.6783879e+01      
1.9936544e+02 -3.0281625e+01      
1.9919056e+02 -3.4296164e+01      
1.9961465e+02 -3.8819266e+01      
2.0077265e+02 -4.3869924e+01      
2.0291113e+02 -4.9532660e+01      
2.0632332e+02 -5.5938830e+01      
2.0931144e+02 -6.2537507e+01      
2.1088021e+02 -6.8959887e+01      
2.1070821e+02 -7.5088680e+01      
2.0915686e+02 -8.1168720e+01      
2.0719731e+02 -8.7673843e+01      
2.0552416e+02 -9.3074518e+01      
2.0411117e+02 -9.8398593e+01      
2.0245167e+02 -1.0259876e+02      
2.0003911e+02 -1.0354599e+02      
1.9702739e+02 -1.0142692e+02      
1.9364725e+02 -9.6887534e+01      
1.9037597e+02 -9.2021419e+01      
1.9406401e+02 -5.1772318e+01      
1.9288828e+02 -5.4783542e+01      
1.9208378e+02 -5.8315783e+01      
1.9173949e+02 -6.2337102e+01      
1.9196075e+02 -6.6818290e+01      
1.9286463e+02 -7.1754444e+01      
1.9457355e+02 -7.7190670e+01      
1.9709405e+02 -8.3198853e+01      
1.9997772e+02 -8.9729146e+01      
2.0133486e+02 -9.5868258e+01      
2.0076184e+02 -1.0133766e+02      
1.9859236e+02 -1.0632508e+02      
1.9652736e+02 -1.1164127e+02      
1.9465243e+02 -1.1690179e+02      
1.9292901e+02 -1.2246716e+02      
1.9094739e+02 -1.2639233e+02      
1.8855500e+02 -1.2758556e+02      
1.8580218e+02 -1.2588691e+02      
1.8281639e+02 -1.2183750e+02      
1.7978179e+02 -1.1663925e+02      
1.8363945e+02 -7.8359515e+01      
1.8232398e+02 -8.1397171e+01      
1.8131260e+02 -8.4941239e+01      
1.8069819e+02 -8.8938718e+01      
1.8059591e+02 -9.3317338e+01      
1.8110526e+02 -9.8017013e+01      
1.8223828e+02 -1.0303414e+02      
1.8386158e+02 -1.0840623e+02      
1.8563552e+02 -1.1411199e+02      
1.8686325e+02 -1.1987431e+02      
1.8585402e+02 -1.2448294e+02      
1.8417546e+02 -1.2901534e+02      
1.8234605e+02 -1.3362914e+02      
1.8048878e+02 -1.3825647e+02      
1.7856451e+02 -1.4282079e+02      
1.7643238e+02 -1.4684244e+02      
1.7404543e+02 -1.4823279e+02      
1.7149251e+02 -1.4665118e+02      
1.6881244e+02 -1.4267345e+02      
1.6608959e+02 -1.3848099e+02      
1.7008295e+02 -1.0316956e+02      
1.6858113e+02 -1.0621676e+02      
1.6728698e+02 -1.0976886e+02      
1.6629125e+02 -1.1375670e+02      
1.6575370e+02 -1.1803410e+02      
1.6583841e+02 -1.2242417e+02      
1.6650846e+02 -1.2689003e+02      
1.6748957e+02 -1.3151894e+02      
1.6841647e+02 -1.3631520e+02      
1.6881210e+02 -1.4106141e+02      
1.6817845e+02 -1.4539742e+02      
1.6690222e+02 -1.4952621e+02      
1.6530323e+02 -1.5353816e+02      
1.6350956e+02 -1.5737315e+02      
1.6154658e+02 -1.6089184e+02      
1.5937975e+02 -1.6378853e+02      
1.5699403e+02 -1.6537180e+02      
1.5463401e+02 -1.6372553e+02      
1.5215049e+02 -1.6090856e+02      
1.4963018e+02 -1.5770600e+02      
1.5368894e+02 -1.2581435e+02      
1.5197429e+02 -1.2884971e+02      
1.5033492e+02 -1.3241438e+02      
1.4881115e+02 -1.3647535e+02      
1.4763056e+02 -1.4080781e+02      
1.4731918e+02 -1.4485318e+02      
1.4783241e+02 -1.4855706e+02      
1.4851789e+02 -1.5235772e+02      
1.4898095e+02 -1.5632814e+02      
1.4898344e+02 -1.6030856e+02      
1.4839352e+02 -1.6413956e+02      
1.4729122e+02 -1.6777505e+02      
1.4582737e+02 -1.7118929e+02      
1.4410627e+02 -1.7429939e+02      
1.4217924e+02 -1.7695003e+02      
1.4006769e+02 -1.7888879e+02      
1.3781185e+02 -1.7967270e+02      
1.3549623e+02 -1.7881010e+02      
1.3312181e+02 -1.7689036e+02      
1.3073096e+02 -1.7443591e+02      
1.3480798e+02 -1.4593729e+02      
1.3289435e+02 -1.4891753e+02      
1.3091070e+02 -1.5245702e+02      
1.2876007e+02 -1.5663954e+02      
1.2651853e+02 -1.6140828e+02      
1.2585775e+02 -1.6509750e+02      
1.2676644e+02 -1.6764784e+02      
1.2743202e+02 -1.7059598e+02      
1.2766074e+02 -1.7385875e+02      
1.2744726e+02 -1.7720647e+02      
1.2678082e+02 -1.8048247e+02      
1.2570451e+02 -1.8358426e+02      
1.2429584e+02 -1.8642893e+02      
1.2262718e+02 -1.8891518e+02      
1.2075154e+02 -1.9090320e+02      
1.1870926e+02 -1.9220629e+02      
1.1654301e+02 -1.9260939e+02      
1.1429799e+02 -1.9201198e+02      
1.1200906e+02 -1.9058769e+02      
1.0971461e+02 -1.8861581e+02      
1.1382548e+02 -1.6322926e+02      
1.1177712e+02 -1.6608271e+02      
1.0956460e+02 -1.6947552e+02      
1.0702080e+02 -1.7351121e+02      
1.0421564e+02 -1.7808401e+02      
1.0327511e+02 -1.8141856e+02      
1.0420069e+02 -1.8345843e+02      
1.0474858e+02 -1.8584935e+02      
1.0476614e+02 -1.8856886e+02      
1.0436218e+02 -1.9138784e+02      
1.0358066e+02 -1.9415197e+02      
1.0246226e+02 -1.9674700e+02      
1.0105690e+02 -1.9907523e+02      
9.9415581e+01 -2.0103629e+02      
9.7583733e+01 -2.0251730e+02      
9.5601628e+01 -2.0339668e+02      
9.3507961e+01 -2.0357168e+02      
9.1340412e+01 -2.0301525e+02      
8.9134357e+01 -2.0181165e+02      
8.6924944e+01 -2.0011548e+02      
9.1133602e+01 -1.7744817e+02      
8.9043715e+01 -1.8009654e+02      
8.6786173e+01 -1.8319929e+02      
8.4229373e+01 -1.8680001e+02      
8.1401196e+01 -1.9078239e+02      
8.0240937e+01 -1.9377158e+02      
8.0752823e+01 -1.9571516e+02      
8.0909667e+01 -1.9786296e+02      
8.0628605e+01 -2.0021307e+02      
8.0006438e+01 -2.0260798e+02      
7.9082744e+01 -2.0492666e+02      
7.7888140e+01 -2.0706803e+02      
7.6456198e+01 -2.0894141e+02      
7.4823036e+01 -2.1045929e+02      
7.3024567e+01 -2.1153519e+02      
7.1095432e+01 -2.1209025e+02      
6.9069277e+01 -2.1207048e+02      
6.6978812e+01 -2.1146974e+02      
6.4855563e+01 -2.1034024e+02      
6.2729948e+01 -2.0877825e+02      
