1.8301449e+01 2.4313042e+02      
1.6593858e+01 2.4134045e+02      
1.5375143e+01 2.3957166e+02      
1.4650627e+01 2.3787047e+02      
1.4425529e+01 2.3628002e+02      
1.4704042e+01 2.3484090e+02      
1.5486947e+01 2.3359313e+02      
1.6767485e+01 2.3257892e+02      
1.8526133e+01 2.3184538e+02      
2.0731873e+01 2.3144512e+02      
2.3364001e+01 2.3143041e+02      
2.6434852e+01 2.3184294e+02      
2.9965868e+01 2.3270302e+02      
3.3916952e+01 2.3398917e+02      
3.8072047e+01 2.3558190e+02      
4.1853291e+01 2.3710076e+02      
4.3693653e+01 2.3720100e+02      
4.5185912e+01 2.3712887e+02      
4.6957758e+01 2.3715986e+02      
4.9270563e+01 2.3731841e+02      
4.6432225e+01 2.3316518e+02      
4.4815248e+01 2.3127788e+02      
4.3679823e+01 2.2939271e+02      
4.3031852e+01 2.2755868e+02      
4.2880022e+01 2.2581915e+02      
4.3234924e+01 2.2421333e+02      
4.4106255e+01 2.2277968e+02      
4.5496967e+01 2.2156102e+02      
4.7388556e+01 2.2061159e+02      
4.9718468e+01 2.2000544e+02      
5.2432225e+01 2.1982882e+02      
5.5600903e+01 2.2015712e+02      
5.9379954e+01 2.2106233e+02      
6.3846501e+01 2.2257770e+02      
6.8659679e+01 2.2453330e+02      
7.2089479e+01 2.2577434e+02      
7.3781683e+01 2.2599323e+02      
7.4095096e+01 2.2539654e+02      
7.4850222e+01 2.2500600e+02      
7.6459106e+01 2.2487716e+02      
7.3353530e+01 2.1956879e+02      
7.1848934e+01 2.1755992e+02      
7.0809044e+01 2.1553909e+02      
7.0239034e+01 2.1355816e+02      
7.0151848e+01 2.1165857e+02      
7.0567041e+01 2.0987383e+02      
7.1507999e+01 2.0823535e+02      
7.2999910e+01 2.0677917e+02      
7.5059527e+01 2.0555497e+02      
7.7570945e+01 2.0465861e+02      
8.0229116e+01 2.0425225e+02      
8.3282657e+01 2.0441976e+02      
8.7064349e+01 2.0527626e+02      
9.1917691e+01 2.0693935e+02      
9.6317355e+01 2.0855947e+02      
9.9368534e+01 2.0963702e+02      
1.0078172e+02 2.0996988e+02      
1.0087233e+02 2.0963501e+02      
1.0059619e+02 2.0899766e+02      
1.0161876e+02 2.0874954e+02      
9.8652963e+01 2.0257627e+02      
9.7285394e+01 2.0041663e+02      
9.6352803e+01 1.9823991e+02      
9.5856563e+01 1.9610251e+02      
9.5815339e+01 1.9404045e+02      
9.6260678e+01 1.9207482e+02      
9.7230829e+01 1.9022266e+02      
9.8775217e+01 1.8850543e+02      
1.0099046e+02 1.8695034e+02      
1.0391663e+02 1.8562254e+02      
1.0631630e+02 1.8488864e+02      
1.0897866e+02 1.8478918e+02      
1.1215041e+02 1.8536060e+02      
1.1595145e+02 1.8655137e+02      
1.2011804e+02 1.8804973e+02      
1.2284479e+02 1.8910185e+02      
1.2375626e+02 1.8954236e+02      
1.2326245e+02 1.8939188e+02      
1.2329267e+02 1.8922549e+02      
1.2422731e+02 1.8918053e+02      
1.2195071e+02 1.8247218e+02      
1.2075364e+02 1.8012267e+02      
1.1994301e+02 1.7776704e+02      
1.1950866e+02 1.7547215e+02      
1.1948118e+02 1.7326124e+02      
1.1991202e+02 1.7113019e+02      
1.2085054e+02 1.6907272e+02      
1.2234747e+02 1.6709212e+02      
1.2446716e+02 1.6520383e+02      
1.2720219e+02 1.6345503e+02      
1.3022518e+02 1.6203627e+02      
1.3240937e+02 1.6158248e+02      
1.3475525e+02 1.6182388e+02      
1.3726799e+02 1.6268273e+02      
1.3997891e+02 1.6383780e+02      
1.4236951e+02 1.6493971e+02      
1.4264470e+02 1.6554986e+02      
1.4265167e+02 1.6594943e+02      
1.4303203e+02 1.6628438e+02      
1.4402583e+02 1.6657909e+02      
1.4290327e+02 1.5958649e+02      
1.4193318e+02 1.5698566e+02      
1.4127230e+02 1.5441753e+02      
1.4087094e+02 1.5198224e+02      
1.4080169e+02 1.4966635e+02      
1.4116316e+02 1.4741149e+02      
1.4200815e+02 1.4517789e+02      
1.4336645e+02 1.4295084e+02      
1.4528351e+02 1.4072870e+02      
1.4783343e+02 1.3850794e+02      
1.5090864e+02 1.3641600e+02      
1.5317899e+02 1.3531943e+02      
1.5487344e+02 1.3520275e+02      
1.5605201e+02 1.3596033e+02      
1.5742015e+02 1.3694937e+02      
1.5853276e+02 1.3804310e+02      
1.5901014e+02 1.3901358e+02      
1.5932361e+02 1.3991613e+02      
1.5987486e+02 1.4074632e+02      
1.6087765e+02 1.4143516e+02      
1.6119700e+02 1.3429694e+02      
1.6056405e+02 1.3133266e+02      
1.6014563e+02 1.2846827e+02      
1.5967640e+02 1.2596886e+02      
1.5945913e+02 1.2365144e+02      
1.5969829e+02 1.2134821e+02      
1.6041547e+02 1.1898592e+02      
1.6156744e+02 1.1654706e+02      
1.6318578e+02 1.1402586e+02      
1.6537281e+02 1.1139012e+02      
1.6805708e+02 1.0875358e+02      
1.6996884e+02 1.0719379e+02      
1.7113196e+02 1.0674046e+02      
1.7180822e+02 1.0712648e+02      
1.7236334e+02 1.0791985e+02      
1.7259382e+02 1.0912110e+02      
1.7294094e+02 1.1030289e+02      
1.7321766e+02 1.1174102e+02      
1.7371975e+02 1.1312848e+02      
1.7464223e+02 1.1426313e+02      
1.7652129e+02 1.0704778e+02      
1.7637453e+02 1.0354829e+02      
1.7643426e+02 1.0019118e+02      
1.7563336e+02 9.7826728e+01      
1.7511876e+02 9.5681904e+01      
1.7521670e+02 9.3438132e+01      
1.7588114e+02 9.0992228e+01      
1.7675806e+02 8.8380596e+01      
1.7795773e+02 8.5626572e+01      
1.7957387e+02 8.2700552e+01      
1.8154963e+02 7.9713562e+01      
1.8277900e+02 7.7917368e+01      
1.8325925e+02 7.7325599e+01      
1.8324098e+02 7.7617001e+01      
1.8343497e+02 7.7999104e+01      
1.8375305e+02 7.8618871e+01      
1.8417357e+02 7.9662214e+01      
1.8408181e+02 8.1940509e+01      
1.8438553e+02 8.3988857e+01      
1.8516680e+02 8.5605378e+01      
1.8851746e+02 7.8403813e+01      
1.8888535e+02 7.4242635e+01      
1.8884007e+02 7.0757564e+01      
1.8822461e+02 6.8177977e+01      
1.8734453e+02 6.6351412e+01      
1.8728269e+02 6.4281932e+01      
1.8820349e+02 6.1748328e+01      
1.8876923e+02 5.8955478e+01      
1.8953650e+02 5.6025842e+01      
1.9037164e+02 5.2988315e+01      
1.9140502e+02 4.9895112e+01      
1.9175549e+02 4.8100290e+01      
1.9145529e+02 4.7498561e+01      
1.9123079e+02 4.7091318e+01      
1.9130607e+02 4.6783217e+01      
1.9166808e+02 4.6824886e+01      
1.9176999e+02 4.8340102e+01      
1.9150973e+02 5.1302738e+01      
1.9167213e+02 5.3944402e+01      
1.9231430e+02 5.6028794e+01      
1.9670739e+02 4.9187072e+01      
1.9691301e+02 4.4914802e+01      
1.9678896e+02 4.1296575e+01      
1.9626798e+02 3.8550497e+01      
1.9557266e+02 3.6521885e+01      
1.9521389e+02 3.4663241e+01      
1.9592262e+02 3.1992742e+01      
1.9725544e+02 2.8792392e+01      
1.9787646e+02 2.5684514e+01      
1.9771143e+02 2.2766908e+01      
1.9771282e+02 1.9840095e+01      
1.9712196e+02 1.8219861e+01      
1.9633864e+02 1.6995996e+01      
1.9584088e+02 1.5814893e+01      
1.9576068e+02 1.4801349e+01      
1.9574911e+02 1.5105576e+01      
1.9562384e+02 1.7027856e+01      
1.9534830e+02 2.0473728e+01      
1.9546159e+02 2.3592531e+01      
1.9600100e+02 2.6101585e+01      
2.0019664e+02 2.0997811e+01      
2.0038077e+02 1.6462404e+01      
2.0022813e+02 1.2652302e+01      
1.9968912e+02 9.8643127e+00      
1.9896877e+02 7.8568709e+00      
1.9884602e+02 5.4135406e+00      
1.9959798e+02 2.3149560e+00      
2.0107991e+02 -1.2996571e+00      
2.0162391e+02 -4.5752334e+00      
2.0123998e+02 -7.4208082e+00      
2.0037805e+02 -9.9048459e+00      
1.9919769e+02 -1.1939176e+01      
1.9771672e+02 -1.3680283e+01      
1.9687102e+02 -1.5525738e+01      
1.9638651e+02 -1.6315970e+01      
1.9606944e+02 -1.5769867e+01      
1.9581755e+02 -1.3687507e+01      
1.9561658e+02 -1.0062851e+01      
1.9574259e+02 -6.5281939e+00      
1.9621571e+02 -3.6176670e+00      
1.9991257e+02 -6.6953928e+00      
1.9967073e+02 -1.0725882e+01      
1.9947962e+02 -1.4745799e+01      
1.9886339e+02 -1.7482832e+01      
1.9840526e+02 -2.0172561e+01      
1.9842273e+02 -2.3211679e+01      
1.9912530e+02 -2.6758822e+01      
2.0039847e+02 -3.0716687e+01      
2.0063377e+02 -3.4038139e+01      
1.9977636e+02 -3.6657394e+01      
1.9813578e+02 -3.8818984e+01      
1.9662739e+02 -4.1184488e+01      
1.9523517e+02 -4.3626771e+01      
1.9416992e+02 -4.5184050e+01      
1.9340560e+02 -4.5715939e+01      
1.9286626e+02 -4.5093442e+01      
1.9252865e+02 -4.3157708e+01      
1.9241684e+02 -3.9906388e+01      
1.9258605e+02 -3.5827245e+01      
1.9301876e+02 -3.2560804e+01      
1.9615585e+02 -3.3821934e+01      
1.9558375e+02 -3.7399205e+01      
1.9509319e+02 -4.0990071e+01      
1.9457092e+02 -4.4245020e+01      
1.9420309e+02 -4.7480296e+01      
1.9418043e+02 -5.0957046e+01      
1.9465278e+02 -5.4818582e+01      
1.9549326e+02 -5.8961345e+01      
1.9522071e+02 -6.2149940e+01      
1.9382577e+02 -6.4410715e+01      
1.9225377e+02 -6.6668327e+01      
1.9069096e+02 -6.9255309e+01      
1.8931997e+02 -7.1172997e+01      
1.8816657e+02 -7.2299039e+01      
1.8722088e+02 -7.2658037e+01      
1.8647789e+02 -7.2176594e+01      
1.8602306e+02 -7.0510883e+01      
1.8590206e+02 -6.7557662e+01      
1.8613569e+02 -6.3515632e+01      
1.8653525e+02 -6.0176940e+01      
1.8909439e+02 -6.0100005e+01      
1.8830325e+02 -6.3391550e+01      
1.8761976e+02 -6.6807823e+01      
1.8702736e+02 -7.0252750e+01      
1.8658454e+02 -7.3784605e+01      
1.8637704e+02 -7.7511614e+01      
1.8647505e+02 -8.1510852e+01      
1.8673409e+02 -8.5640791e+01      
1.8592592e+02 -8.8587789e+01      
1.8469477e+02 -9.0992807e+01      
1.8329089e+02 -9.3008432e+01      
1.8185945e+02 -9.4711902e+01      
1.8052452e+02 -9.5887647e+01      
1.7933378e+02 -9.6501369e+01      
1.7827079e+02 -9.6670337e+01      
1.7729238e+02 -9.6551777e+01      
1.7669326e+02 -9.5176754e+01      
1.7645464e+02 -9.2681356e+01      
1.7660884e+02 -8.9200023e+01      
1.7694156e+02 -8.6048654e+01      
1.7888812e+02 -8.5148996e+01      
1.7794503e+02 -8.8261572e+01      
1.7711124e+02 -9.1582858e+01      
1.7638354e+02 -9.5067028e+01      
1.7578069e+02 -9.8721042e+01      
1.7532390e+02 -1.0256987e+02      
1.7499489e+02 -1.0658641e+02      
1.7461739e+02 -1.1053422e+02      
1.7385599e+02 -1.1391938e+02      
1.7278797e+02 -1.1653909e+02      
1.7146735e+02 -1.1807873e+02      
1.7009034e+02 -1.1892357e+02      
1.6878076e+02 -1.1930551e+02      
1.6758423e+02 -1.1930724e+02      
1.6651091e+02 -1.1898771e+02      
1.6558664e+02 -1.1829541e+02      
1.6490721e+02 -1.1694182e+02      
1.6446813e+02 -1.1499489e+02      
1.6421352e+02 -1.1278315e+02      
1.6447257e+02 -1.0983099e+02      
1.6572941e+02 -1.0856552e+02      
1.6467020e+02 -1.1153520e+02      
1.6370459e+02 -1.1476017e+02      
1.6283048e+02 -1.1821412e+02      
1.6204960e+02 -1.2189650e+02      
1.6135636e+02 -1.2581580e+02      
1.6071665e+02 -1.2994276e+02      
1.6004996e+02 -1.3413201e+02      
1.5927561e+02 -1.3806684e+02      
1.5835483e+02 -1.4116607e+02      
1.5695687e+02 -1.4186372e+02      
1.5555753e+02 -1.4170940e+02      
1.5425280e+02 -1.4121679e+02      
1.5306358e+02 -1.4054620e+02      
1.5200212e+02 -1.3970027e+02      
1.5109195e+02 -1.3860102e+02      
1.5036359e+02 -1.3715873e+02      
1.4982460e+02 -1.3539674e+02      
1.4949216e+02 -1.3338801e+02      
1.4942573e+02 -1.3114085e+02      
1.4985372e+02 -1.2996705e+02      
1.4870228e+02 -1.3279643e+02      
1.4762236e+02 -1.3590177e+02      
1.4661204e+02 -1.3926872e+02      
1.4566736e+02 -1.4290564e+02      
1.4477796e+02 -1.4684764e+02      
1.4392332e+02 -1.5115614e+02      
1.4308087e+02 -1.5580950e+02      
1.4223744e+02 -1.6039884e+02      
1.4117452e+02 -1.6318324e+02      
1.3987434e+02 -1.6378148e+02      
1.3846305e+02 -1.6251258e+02      
1.3717336e+02 -1.6105611e+02      
1.3600024e+02 -1.5972769e+02      
1.3494519e+02 -1.5845147e+02      
1.3402357e+02 -1.5708685e+02      
1.3325237e+02 -1.5555144e+02      
1.3264295e+02 -1.5383362e+02      
1.3220414e+02 -1.5197289e+02      
1.3193058e+02 -1.5006370e+02      
1.3153877e+02 -1.4901173e+02      
1.3031458e+02 -1.5168801e+02      
1.2913920e+02 -1.5464011e+02      
1.2801172e+02 -1.5785907e+02      
1.2692758e+02 -1.6135884e+02      
1.2587740e+02 -1.6519563e+02      
1.2484895e+02 -1.6953948e+02      
1.2382779e+02 -1.7461518e+02      
1.2272543e+02 -1.7887016e+02      
1.2153631e+02 -1.8138084e+02      
1.2029259e+02 -1.8182221e+02      
1.1903863e+02 -1.8045151e+02      
1.1781728e+02 -1.7812454e+02      
1.1667324e+02 -1.7633893e+02      
1.1562441e+02 -1.7479851e+02      
1.1468717e+02 -1.7327523e+02      
1.1387508e+02 -1.7167840e+02      
1.1319636e+02 -1.6998737e+02      
1.1265213e+02 -1.6823124e+02      
1.1223190e+02 -1.6648096e+02      
1.1109931e+02 -1.6540663e+02      
1.0981976e+02 -1.6791122e+02      
1.0856829e+02 -1.7067375e+02      
1.0734568e+02 -1.7368254e+02      
1.0614861e+02 -1.7694170e+02      
1.0496860e+02 -1.8048127e+02      
1.0378982e+02 -1.8436739e+02      
1.0257486e+02 -1.8859928e+02      
1.0125986e+02 -1.9279003e+02      
9.9962048e+01 -1.9516134e+02      
9.8771590e+01 -1.9531320e+02      
9.7663525e+01 -1.9358095e+02      
9.6521837e+01 -1.9169042e+02      
9.5408924e+01 -1.8997585e+02      
9.4365865e+01 -1.8838591e+02      
9.3413806e+01 -1.8681154e+02      
9.2565330e+01 -1.8519609e+02      
9.1826131e+01 -1.8352838e+02      
9.1194546e+01 -1.8183301e+02      
9.0660484e+01 -1.8016210e+02      
8.8881118e+01 -1.7891181e+02      
8.7562020e+01 -1.8122700e+02      
8.6253358e+01 -1.8376894e+02      
8.4958101e+01 -1.8651755e+02      
8.3675191e+01 -1.8945743e+02      
8.2398662e+01 -1.9257502e+02      
8.1115562e+01 -1.9584139e+02      
7.9802096e+01 -1.9916337e+02      
7.8429044e+01 -2.0228245e+02      
7.7018921e+01 -2.0458325e+02      
7.5905312e+01 -2.0438985e+02      
7.4789824e+01 -2.0332492e+02      
7.3664229e+01 -2.0195539e+02      
7.2565783e+01 -2.0049401e+02      
7.1525031e+01 -1.9899241e+02      
7.0560797e+01 -1.9744609e+02      
6.9683564e+01 -1.9584707e+02      
6.8896976e+01 -1.9420331e+02      
6.8198073e+01 -1.9254173e+02      
6.7577296e+01 -1.9090531e+02      
