2.2483381e+01 2.2284561e+02      
2.3580441e+01 2.2048468e+02      
2.5248497e+01 2.1837023e+02      
2.7306182e+01 2.1655416e+02      
2.9374640e+01 2.1504427e+02      
3.0964559e+01 2.1381402e+02      
3.1841724e+01 2.1287893e+02      
3.2190017e+01 2.1232135e+02      
3.2446928e+01 2.1225198e+02      
3.2940624e+01 2.1273317e+02      
3.3812526e+01 2.1376644e+02      
3.5120840e+01 2.1531327e+02      
3.6896960e+01 2.1730465e+02      
3.9141402e+01 2.1964262e+02      
4.1792274e+01 2.2219091e+02      
4.4696539e+01 2.2475162e+02      
4.7570773e+01 2.2698563e+02      
5.0102321e+01 2.2848369e+02      
5.2556126e+01 2.2952017e+02      
5.5187601e+01 2.3030426e+02      
5.2009094e+01 2.1258657e+02      
5.3650510e+01 2.1015729e+02      
5.6064025e+01 2.0798700e+02      
5.9170390e+01 2.0617028e+02      
6.2443095e+01 2.0471279e+02      
6.4601650e+01 2.0342331e+02      
6.5182549e+01 2.0230119e+02      
6.4598411e+01 2.0148405e+02      
6.4071052e+01 2.0125653e+02      
6.4059468e+01 2.0169979e+02      
6.4584417e+01 2.0279238e+02      
6.5639430e+01 2.0448376e+02      
6.7267975e+01 2.0669706e+02      
6.9514676e+01 2.0933765e+02      
7.2340423e+01 2.1228373e+02      
7.5539334e+01 2.1532617e+02      
7.8635408e+01 2.1800521e+02      
8.0532994e+01 2.1895050e+02      
8.2231894e+01 2.1938238e+02      
8.4163336e+01 2.1962606e+02      
7.9940215e+01 1.9880519e+02      
8.2094729e+01 1.9625409e+02      
8.5260443e+01 1.9396171e+02      
8.9654248e+01 1.9209700e+02      
9.5123661e+01 1.9082178e+02      
9.8074217e+01 1.8943313e+02      
9.8141399e+01 1.8806840e+02      
9.5648036e+01 1.8680437e+02      
9.4126744e+01 1.8640629e+02      
9.3631842e+01 1.8682927e+02      
9.3820152e+01 1.8801347e+02      
9.4550074e+01 1.8990221e+02      
9.5945421e+01 1.9239540e+02      
9.8188042e+01 1.9541228e+02      
1.0130977e+02 1.9887420e+02      
1.0496837e+02 2.0250740e+02      
1.0783919e+02 2.0504471e+02      
1.0956833e+02 2.0611658e+02      
1.1031792e+02 2.0591415e+02      
1.1135979e+02 2.0557776e+02      
1.0571811e+02 1.8174293e+02      
1.0824767e+02 1.7900040e+02      
1.1193002e+02 1.7647143e+02      
1.1711403e+02 1.7429841e+02      
1.2358999e+02 1.7257831e+02      
1.2701909e+02 1.7090476e+02      
1.2687550e+02 1.6940672e+02      
1.2367606e+02 1.6821809e+02      
1.2170946e+02 1.6781509e+02      
1.2106624e+02 1.6824844e+02      
1.2110108e+02 1.6954902e+02      
1.2130283e+02 1.7172520e+02      
1.2224699e+02 1.7454259e+02      
1.2434344e+02 1.7790965e+02      
1.2777288e+02 1.8185834e+02      
1.3127189e+02 1.8540189e+02      
1.3399825e+02 1.8791190e+02      
1.3553973e+02 1.8909571e+02      
1.3599424e+02 1.8902803e+02      
1.3608095e+02 1.8821241e+02      
1.2886867e+02 1.6171115e+02      
1.3156767e+02 1.5871124e+02      
1.3538497e+02 1.5585012e+02      
1.4065921e+02 1.5320259e+02      
1.4719698e+02 1.5079775e+02      
1.5070140e+02 1.4872126e+02      
1.5070284e+02 1.4710814e+02      
1.4773465e+02 1.4611648e+02      
1.4608111e+02 1.4575092e+02      
1.4583382e+02 1.4616105e+02      
1.4615060e+02 1.4756659e+02      
1.4524511e+02 1.5024803e+02      
1.4548291e+02 1.5342721e+02      
1.4708231e+02 1.5693428e+02      
1.4990969e+02 1.6068597e+02      
1.5355584e+02 1.6436215e+02      
1.5636780e+02 1.6700398e+02      
1.5770358e+02 1.6828952e+02      
1.5754326e+02 1.6816452e+02      
1.5758525e+02 1.6761117e+02      
1.4904071e+02 1.3908408e+02      
1.5172197e+02 1.3577454e+02      
1.5530465e+02 1.3254301e+02      
1.5995107e+02 1.2944884e+02      
1.6555578e+02 1.2647478e+02      
1.6867266e+02 1.2402233e+02      
1.6915174e+02 1.2216476e+02      
1.6738646e+02 1.2109419e+02      
1.6669765e+02 1.2063935e+02      
1.6722853e+02 1.2094073e+02      
1.6692457e+02 1.2275869e+02      
1.6538033e+02 1.2602699e+02      
1.6508869e+02 1.2956627e+02      
1.6620341e+02 1.3317271e+02      
1.6847085e+02 1.3678176e+02      
1.7154849e+02 1.4021302e+02      
1.7471579e+02 1.4309056e+02      
1.7603415e+02 1.4460592e+02      
1.7594791e+02 1.4476010e+02      
1.7585904e+02 1.4440457e+02      
1.6599961e+02 1.1428845e+02      
1.6859555e+02 1.1061126e+02      
1.7177542e+02 1.0697753e+02      
1.7524663e+02 1.0356578e+02      
1.7854455e+02 1.0047114e+02      
1.8074564e+02 9.7785966e+01      
1.8180827e+02 9.5544241e+01      
1.8250211e+02 9.3769529e+01      
1.8286871e+02 9.3194108e+01      
1.8332291e+02 9.3769664e+01      
1.8285940e+02 9.5958036e+01      
1.8119371e+02 9.9737514e+01      
1.8070257e+02 1.0358256e+02      
1.8153983e+02 1.0728840e+02      
1.8348639e+02 1.1084914e+02      
1.8626924e+02 1.1417677e+02      
1.8923969e+02 1.1703630e+02      
1.9085408e+02 1.1876625e+02      
1.9121578e+02 1.1938273e+02      
1.9080293e+02 1.1913913e+02      
1.7955803e+02 8.7810582e+01      
1.8219230e+02 8.3669362e+01      
1.8526321e+02 7.9472656e+01      
1.8773218e+02 7.5744221e+01      
1.8928271e+02 7.2592820e+01      
1.9040927e+02 6.9705522e+01      
1.9130530e+02 6.7139374e+01      
1.9211941e+02 6.5351424e+01      
1.9288603e+02 6.5009561e+01      
1.9393268e+02 6.5609621e+01      
1.9386731e+02 6.7967223e+01      
1.9254242e+02 7.2063479e+01      
1.9215435e+02 7.6089371e+01      
1.9290314e+02 7.9842838e+01      
1.9469436e+02 8.3374422e+01      
1.9747161e+02 8.6672498e+01      
2.0004349e+02 8.9357728e+01      
2.0168737e+02 9.1181255e+01      
2.0224769e+02 9.2093739e+01      
2.0200513e+02 9.2200303e+01      
1.8946279e+02 6.0227760e+01      
1.9223243e+02 5.5577476e+01      
1.9596498e+02 5.0455538e+01      
1.9770894e+02 4.6368863e+01      
1.9729391e+02 4.3432695e+01      
1.9734514e+02 4.0234504e+01      
1.9776588e+02 3.7072876e+01      
1.9838253e+02 3.4790976e+01      
1.9890376e+02 3.5366298e+01      
1.9962319e+02 3.7041979e+01      
2.0018763e+02 3.9490779e+01      
1.9952321e+02 4.3636463e+01      
1.9945580e+02 4.7650093e+01      
2.0021309e+02 5.1355565e+01      
2.0174586e+02 5.4782150e+01      
2.0395055e+02 5.7879483e+01      
2.0648027e+02 6.0495348e+01      
2.0813901e+02 6.2375091e+01      
2.0866967e+02 6.3473153e+01      
2.0832686e+02 6.3817685e+01      
1.9544772e+02 3.2167904e+01      
1.9785216e+02 2.7312515e+01      
2.0106417e+02 2.1849965e+01      
2.0226360e+02 1.7446778e+01      
2.0134154e+02 1.4117802e+01      
2.0088078e+02 1.0158049e+01      
2.0087790e+02 6.0846452e+00      
2.0109353e+02 4.0773697e+00      
2.0143954e+02 4.6719649e+00      
2.0190300e+02 7.5863532e+00      
2.0233136e+02 1.1062020e+01      
2.0246544e+02 1.4931362e+01      
2.0279142e+02 1.8746244e+01      
2.0358685e+02 2.2326668e+01      
2.0487922e+02 2.5626221e+01      
2.0658617e+02 2.8577216e+01      
2.0850261e+02 3.1073127e+01      
2.1020619e+02 3.2985886e+01      
2.1060768e+02 3.4233492e+01      
2.1076753e+02 3.4858629e+01      
1.9753057e+02 4.1294243e+00      
1.9912268e+02 -5.4546236e-01      
2.0079509e+02 -5.4331688e+00      
2.0158507e+02 -1.0014143e+01      
2.0137128e+02 -1.4429969e+01      
2.0088633e+02 -1.9453980e+01      
2.0053014e+02 -2.3456013e+01      
2.0042031e+02 -2.5367798e+01      
2.0059463e+02 -2.4778606e+01      
2.0100067e+02 -2.1920900e+01      
2.0148193e+02 -1.7695627e+01      
2.0189530e+02 -1.3838605e+01      
2.0242747e+02 -1.0212700e+01      
2.0323386e+02 -6.7799562e+00      
2.0434710e+02 -3.5934155e+00      
2.0570011e+02 -7.3144479e-01      
2.0713948e+02 1.7145777e+00      
2.0839202e+02 3.6580744e+00      
2.0915017e+02 5.0437017e+00      
2.0968719e+02 5.8714351e+00      
1.9599951e+02 -2.3558192e+01      
1.9694873e+02 -2.8047880e+01      
1.9784615e+02 -3.2677766e+01      
1.9833560e+02 -3.7267504e+01      
1.9829936e+02 -4.1828672e+01      
1.9787273e+02 -4.6459158e+01      
1.9719913e+02 -5.0790251e+01      
1.9677660e+02 -5.2844722e+01      
1.9679648e+02 -5.2175797e+01      
1.9719104e+02 -4.9146202e+01      
1.9757243e+02 -4.5680642e+01      
1.9800003e+02 -4.2217709e+01      
1.9857134e+02 -3.8825476e+01      
1.9934942e+02 -3.5537774e+01      
2.0033461e+02 -3.2434971e+01      
2.0146580e+02 -2.9613288e+01      
2.0263101e+02 -2.7165088e+01      
2.0368827e+02 -2.5166084e+01      
2.0454900e+02 -2.3665076e+01      
2.0526726e+02 -2.2680561e+01      
1.9111470e+02 -5.0561115e+01      
1.9168809e+02 -5.4953190e+01      
1.9223607e+02 -5.9489677e+01      
1.9253616e+02 -6.4004202e+01      
1.9246718e+02 -6.8370165e+01      
1.9203933e+02 -7.2468102e+01      
1.9134355e+02 -7.6026758e+01      
1.9056242e+02 -7.8353003e+01      
1.9037892e+02 -7.7546796e+01      
1.9036050e+02 -7.5490185e+01      
1.9050155e+02 -7.2842587e+01      
1.9082760e+02 -6.9871433e+01      
1.9136176e+02 -6.6728822e+01      
1.9209984e+02 -6.3552117e+01      
1.9300423e+02 -6.0483121e+01      
1.9400964e+02 -5.7652163e+01      
1.9503459e+02 -5.5163154e+01      
1.9600052e+02 -5.3090507e+01      
1.9686379e+02 -5.1481477e+01      
1.9763532e+02 -5.0360556e+01      
1.8303185e+02 -7.6478143e+01      
1.8341480e+02 -8.0837221e+01      
1.8386042e+02 -8.5396266e+01      
1.8408951e+02 -8.9882865e+01      
1.8396282e+02 -9.4079390e+01      
1.8346234e+02 -9.7778682e+01      
1.8267693e+02 -1.0072397e+02      
1.8186408e+02 -1.0252402e+02      
1.8090161e+02 -1.0236663e+02      
1.8037840e+02 -1.0114628e+02      
1.8023554e+02 -9.9165429e+01      
1.8042917e+02 -9.6591742e+01      
1.8092077e+02 -9.3614243e+01      
1.8164595e+02 -9.0453235e+01      
1.8252227e+02 -8.7333880e+01      
1.8347007e+02 -8.4434509e+01      
1.8442288e+02 -8.1870249e+01      
1.8533073e+02 -7.9710227e+01      
1.8616664e+02 -7.7995359e+01      
1.8692968e+02 -7.6748574e+01      
1.7186255e+02 -1.0086892e+02      
1.7212790e+02 -1.0519438e+02      
1.7267672e+02 -1.0991038e+02      
1.7293670e+02 -1.1447899e+02      
1.7277173e+02 -1.1863220e+02      
1.7213860e+02 -1.2213257e+02      
1.7102215e+02 -1.2469981e+02      
1.6945457e+02 -1.2603352e+02      
1.6809493e+02 -1.2646731e+02      
1.6718446e+02 -1.2596733e+02      
1.6678621e+02 -1.2451641e+02      
1.6687892e+02 -1.2219594e+02      
1.6738616e+02 -1.1920637e+02      
1.6817370e+02 -1.1587485e+02      
1.6908893e+02 -1.1257451e+02      
1.7003060e+02 -1.0954174e+02      
1.7094742e+02 -1.0687679e+02      
1.7181065e+02 -1.0462425e+02      
1.7260525e+02 -1.0280874e+02      
1.7332834e+02 -1.0144537e+02      
1.5775144e+02 -1.2331075e+02      
1.5778684e+02 -1.2745198e+02      
1.5801180e+02 -1.3191777e+02      
1.5830440e+02 -1.3659399e+02      
1.5813329e+02 -1.4081761e+02      
1.5739237e+02 -1.4430443e+02      
1.5600410e+02 -1.4681923e+02      
1.5398231e+02 -1.4830797e+02      
1.5213798e+02 -1.4950080e+02      
1.5083106e+02 -1.4976876e+02      
1.5020340e+02 -1.4878898e+02      
1.5026875e+02 -1.4656126e+02      
1.5092191e+02 -1.4327585e+02      
1.5193151e+02 -1.3939996e+02      
1.5296708e+02 -1.3574774e+02      
1.5393376e+02 -1.3254465e+02      
1.5482790e+02 -1.2978143e+02      
1.5564783e+02 -1.2744868e+02      
1.5639083e+02 -1.2554659e+02      
1.5705588e+02 -1.2407947e+02      
1.4095273e+02 -1.4347091e+02      
1.4073125e+02 -1.4734818e+02      
1.4061737e+02 -1.5146926e+02      
1.4054371e+02 -1.5577022e+02      
1.4035977e+02 -1.6008911e+02      
1.3958723e+02 -1.6368784e+02      
1.3809790e+02 -1.6632575e+02      
1.3585666e+02 -1.6818947e+02      
1.3342897e+02 -1.7065003e+02      
1.3163768e+02 -1.7187051e+02      
1.3077370e+02 -1.7137622e+02      
1.3091306e+02 -1.6908892e+02      
1.3189389e+02 -1.6521339e+02      
1.3334025e+02 -1.6029933e+02      
1.3450321e+02 -1.5631738e+02      
1.3547761e+02 -1.5301802e+02      
1.3633713e+02 -1.5020879e+02      
1.3710403e+02 -1.4783147e+02      
1.3778475e+02 -1.4586798e+02      
1.3838004e+02 -1.4431514e+02      
1.2179270e+02 -1.6108749e+02      
1.2134068e+02 -1.6467165e+02      
1.2093837e+02 -1.6842523e+02      
1.2053064e+02 -1.7228539e+02      
1.2002675e+02 -1.7615990e+02      
1.1926892e+02 -1.7986268e+02      
1.1784519e+02 -1.8261263e+02      
1.1572980e+02 -1.8443611e+02      
1.1343822e+02 -1.8654799e+02      
1.1115346e+02 -1.8869321e+02      
1.1001704e+02 -1.8872841e+02      
1.1032150e+02 -1.8629170e+02      
1.1170656e+02 -1.8184335e+02      
1.1299936e+02 -1.7754159e+02      
1.1407861e+02 -1.7380394e+02      
1.1499030e+02 -1.7060185e+02      
1.1578345e+02 -1.6783875e+02      
1.1648018e+02 -1.6546907e+02      
1.1708761e+02 -1.6347695e+02      
1.1760541e+02 -1.6186010e+02      
1.0062510e+02 -1.7594060e+02      
9.9980215e+01 -1.7922307e+02      
9.9350843e+01 -1.8261312e+02      
9.8690186e+01 -1.8604055e+02      
9.7932404e+01 -1.8941968e+02      
9.6985426e+01 -1.9263083e+02      
9.5711730e+01 -1.9543751e+02      
9.3890321e+01 -1.9715679e+02      
9.1929797e+01 -1.9884177e+02      
8.9960866e+01 -2.0040809e+02      
8.8446775e+01 -2.0103391e+02      
8.9068564e+01 -1.9836040e+02      
9.0118002e+01 -1.9482622e+02      
9.1121519e+01 -1.9129577e+02      
9.2013770e+01 -1.8802000e+02      
9.2800613e+01 -1.8506296e+02      
9.3495115e+01 -1.8243033e+02      
9.4104778e+01 -1.8011900e+02      
9.4630147e+01 -1.7813074e+02      
9.5066745e+01 -1.7647163e+02      
7.7820901e+01 -1.8784917e+02      
7.7022489e+01 -1.9083468e+02      
7.6222253e+01 -1.9387710e+02      
7.5385190e+01 -1.9690370e+02      
7.4465023e+01 -1.9982638e+02      
7.3406421e+01 -2.0253504e+02      
7.2145304e+01 -2.0485813e+02      
7.0645388e+01 -2.0661102e+02      
6.9036848e+01 -2.0801134e+02      
6.7395024e+01 -2.0912774e+02      
6.5946057e+01 -2.0963483e+02      
6.6483061e+01 -2.0738535e+02      
6.7211628e+01 -2.0461590e+02      
6.7920600e+01 -2.0175357e+02      
6.8601711e+01 -1.9894008e+02      
6.9236204e+01 -1.9627765e+02      
6.9813675e+01 -1.9382152e+02      
7.0326491e+01 -1.9160295e+02      
7.0766245e+01 -1.8964340e+02      
7.1122724e+01 -1.8796008e+02      
