3.1735146e+01 2.3331513e+02      
3.2104874e+01 2.3246975e+02      
3.3091498e+01 2.3177370e+02      
3.4626976e+01 2.3125474e+02      
3.6436207e+01 2.3088592e+02      
3.7818475e+01 2.3044897e+02      
3.6881605e+01 2.2891403e+02      
3.5518542e+01 2.2737039e+02      
3.4373833e+01 2.2610981e+02      
3.3567485e+01 2.2527720e+02      
3.2805658e+01 2.2501988e+02      
3.1616203e+01 2.2545918e+02      
3.0471187e+01 2.2641731e+02      
2.9747114e+01 2.2770719e+02      
2.9617036e+01 2.2919730e+02      
3.0157137e+01 2.3080076e+02      
3.1387068e+01 2.3245990e+02      
3.3299167e+01 2.3412949e+02      
3.5874346e+01 2.3576614e+02      
3.9088792e+01 2.3732370e+02      
6.0642521e+01 2.2375784e+02      
6.1354220e+01 2.2294920e+02      
6.2915015e+01 2.2232427e+02      
6.5378057e+01 2.2194991e+02      
6.8312900e+01 2.2177480e+02      
6.9645425e+01 2.2099962e+02      
6.8999287e+01 2.1943687e+02      
6.6848426e+01 2.1730908e+02      
6.5272503e+01 2.1545684e+02      
6.4541732e+01 2.1407937e+02      
6.4060417e+01 2.1341599e+02      
6.1894791e+01 2.1391611e+02      
5.9806354e+01 2.1502285e+02      
5.8333908e+01 2.1641598e+02      
5.7651410e+01 2.1792329e+02      
5.7781118e+01 2.1946872e+02      
5.8689976e+01 2.2101776e+02      
6.0333076e+01 2.2254347e+02      
6.2668267e+01 2.2401291e+02      
6.5657810e+01 2.2538414e+02      
8.7891936e+01 2.1056137e+02      
8.8793056e+01 2.0972730e+02      
9.0720437e+01 2.0908906e+02      
9.4028476e+01 2.0875693e+02      
9.6852576e+01 2.0821295e+02      
9.8157250e+01 2.0717949e+02      
9.7684214e+01 2.0555290e+02      
9.5935491e+01 2.0338174e+02      
9.4089188e+01 2.0094732e+02      
9.3731786e+01 1.9897275e+02      
9.2775115e+01 1.9816728e+02      
9.0603525e+01 1.9856953e+02      
8.7500909e+01 1.9998659e+02      
8.5192605e+01 2.0160744e+02      
8.3956714e+01 2.0317620e+02      
8.3714484e+01 2.0466773e+02      
8.4334452e+01 2.0610723e+02      
8.5724704e+01 2.0749750e+02      
8.7820363e+01 2.0881859e+02      
9.0572215e+01 2.1003199e+02      
1.1302153e+02 1.9395013e+02      
1.1387405e+02 1.9301423e+02      
1.1553142e+02 1.9219276e+02      
1.1805963e+02 1.9148408e+02      
1.2106077e+02 1.9071431e+02      
1.2241931e+02 1.8953096e+02      
1.2180939e+02 1.8787490e+02      
1.1993782e+02 1.8565371e+02      
1.1927244e+02 1.8302064e+02      
1.1879415e+02 1.8100914e+02      
1.1766374e+02 1.8011926e+02      
1.1551489e+02 1.8046404e+02      
1.1254876e+02 1.8183964e+02      
1.0954710e+02 1.8372879e+02      
1.0795053e+02 1.8529683e+02      
1.0747320e+02 1.8668202e+02      
1.0788312e+02 1.8798707e+02      
1.0906148e+02 1.8924050e+02      
1.1093247e+02 1.9043167e+02      
1.1344294e+02 1.9152095e+02      
1.3570899e+02 1.7422175e+02      
1.3636134e+02 1.7313496e+02      
1.3753031e+02 1.7210002e+02      
1.3915316e+02 1.7110589e+02      
1.4098541e+02 1.7005848e+02      
1.4236501e+02 1.6879759e+02      
1.4133104e+02 1.6724944e+02      
1.4009596e+02 1.6536292e+02      
1.3944471e+02 1.6321204e+02      
1.3931723e+02 1.6104386e+02      
1.3829347e+02 1.6002668e+02      
1.3611453e+02 1.6040386e+02      
1.3305710e+02 1.6188665e+02      
1.3062550e+02 1.6335044e+02      
1.2917425e+02 1.6464397e+02      
1.2866388e+02 1.6581836e+02      
1.2896793e+02 1.6694350e+02      
1.2998871e+02 1.6805218e+02      
1.3165685e+02 1.6913564e+02      
1.3392586e+02 1.7014471e+02      
1.5573854e+02 1.5172643e+02      
1.5617012e+02 1.5046163e+02      
1.5688179e+02 1.4923439e+02      
1.5774127e+02 1.4805730e+02      
1.5853381e+02 1.4688751e+02      
1.5885083e+02 1.4564859e+02      
1.5821733e+02 1.4428012e+02      
1.5725145e+02 1.4275879e+02      
1.5641085e+02 1.4112762e+02      
1.5575179e+02 1.3952784e+02      
1.5490590e+02 1.3833786e+02      
1.5268280e+02 1.3880514e+02      
1.5038850e+02 1.3967864e+02      
1.4855973e+02 1.4060871e+02      
1.4742044e+02 1.4150550e+02      
1.4701604e+02 1.4237877e+02      
1.4730585e+02 1.4327296e+02      
1.4822143e+02 1.4422787e+02      
1.4970503e+02 1.4523799e+02      
1.5172774e+02 1.4623091e+02      
1.7294358e+02 1.2684689e+02      
1.7322498e+02 1.2536809e+02      
1.7359509e+02 1.2395163e+02      
1.7388468e+02 1.2265587e+02      
1.7393533e+02 1.2147126e+02      
1.7359265e+02 1.2033906e+02      
1.7280349e+02 1.1919810e+02      
1.7174737e+02 1.1802017e+02      
1.7063102e+02 1.1683440e+02      
1.6950926e+02 1.1574722e+02      
1.6822084e+02 1.1501181e+02      
1.6651710e+02 1.1495724e+02      
1.6480508e+02 1.1526280e+02      
1.6343459e+02 1.1569171e+02      
1.6259173e+02 1.1616140e+02      
1.6235006e+02 1.1666921e+02      
1.6269541e+02 1.1727143e+02      
1.6355298e+02 1.1805763e+02      
1.6485395e+02 1.1905696e+02      
1.6660782e+02 1.2013805e+02      
1.8717287e+02 9.9995194e+01      
1.8745125e+02 9.8227211e+01      
1.8765176e+02 9.6577426e+01      
1.8751861e+02 9.5197667e+01      
1.8698953e+02 9.4084650e+01      
1.8610204e+02 9.3143473e+01      
1.8492248e+02 9.2280328e+01      
1.8356230e+02 9.1438174e+01      
1.8213158e+02 9.0614114e+01      
1.8067854e+02 8.9867218e+01      
1.7918343e+02 8.9309334e+01      
1.7765764e+02 8.9015906e+01      
1.7625743e+02 8.8921235e+01      
1.7518307e+02 8.8920024e+01      
1.7458125e+02 8.8954528e+01      
1.7452401e+02 8.9029965e+01      
1.7500220e+02 8.9229309e+01      
1.7588219e+02 8.9769236e+01      
1.7694728e+02 9.0909317e+01      
1.7837055e+02 9.2263732e+01      
1.9825701e+02 7.1630624e+01      
1.9878107e+02 6.9420568e+01      
1.9913388e+02 6.7368628e+01      
1.9859377e+02 6.5958128e+01      
1.9745092e+02 6.5042312e+01      
1.9597463e+02 6.4405584e+01      
1.9430103e+02 6.3893540e+01      
1.9253673e+02 6.3404637e+01      
1.9076440e+02 6.2896278e+01      
1.8903627e+02 6.2379034e+01      
1.8738632e+02 6.1893920e+01      
1.8586957e+02 6.1469592e+01      
1.8459068e+02 6.1091526e+01      
1.8368103e+02 6.0718630e+01      
1.8325726e+02 6.0314783e+01      
1.8339283e+02 5.9877039e+01      
1.8408697e+02 5.9506424e+01      
1.8516838e+02 5.9567768e+01      
1.8583410e+02 6.1180090e+01      
1.8684368e+02 6.3077175e+01      
2.0594633e+02 4.2306473e+01      
2.0696166e+02 3.9462834e+01      
2.0818292e+02 3.6541333e+01      
2.0702687e+02 3.5225639e+01      
2.0511678e+02 3.4699675e+01      
2.0294531e+02 3.4535442e+01      
2.0069792e+02 3.4484726e+01      
1.9847287e+02 3.4398472e+01      
1.9633646e+02 3.4199838e+01      
1.9433424e+02 3.3871555e+01      
1.9250755e+02 3.3431139e+01      
1.9091365e+02 3.2901879e+01      
1.8963756e+02 3.2293036e+01      
1.8878611e+02 3.1594166e+01      
1.8847149e+02 3.0767813e+01      
1.8877655e+02 2.9775609e+01      
1.8967049e+02 2.8779092e+01      
1.9054891e+02 2.8984012e+01      
1.9123573e+02 3.0565996e+01      
1.9184645e+02 3.3195613e+01      
2.0992829e+02 1.2684296e+01      
2.1127072e+02 9.2223856e+00      
2.1297992e+02 5.4376786e+00      
2.1240921e+02 3.5021954e+00      
2.0973163e+02 3.5048874e+00      
2.0678071e+02 4.0174785e+00      
2.0389758e+02 4.5793568e+00      
2.0118266e+02 4.9713899e+00      
1.9867315e+02 5.0985675e+00      
1.9639106e+02 4.9416714e+00      
1.9436167e+02 4.5261247e+00      
1.9262968e+02 3.8907130e+00      
1.9126697e+02 3.0705154e+00      
1.9037214e+02 2.0892313e+00      
1.9006830e+02 9.4980320e-01      
1.9045477e+02 -3.9645748e-01      
1.9112837e+02 -1.1137746e+00      
1.9184885e+02 -7.2941402e-01      
1.9251910e+02 9.1541089e-01      
1.9317290e+02 3.5481627e+00      
2.1000710e+02 -1.6556802e+01      
2.1140523e+02 -2.0470233e+01      
2.1321096e+02 -2.4909385e+01      
2.1303110e+02 -2.7413600e+01      
2.1084643e+02 -2.7821525e+01      
2.0722468e+02 -2.6543471e+01      
2.0370577e+02 -2.5214864e+01      
2.0050752e+02 -2.4256660e+01      
1.9764614e+02 -2.3792541e+01      
1.9509783e+02 -2.3806533e+01      
1.9285450e+02 -2.4232133e+01      
1.9093994e+02 -2.4998896e+01      
1.8941256e+02 -2.6045400e+01      
1.8836985e+02 -2.7278885e+01      
1.8793506e+02 -2.8458993e+01      
1.8812696e+02 -2.8718598e+01      
1.8867790e+02 -2.9241715e+01      
1.8928398e+02 -2.8743028e+01      
1.8989887e+02 -2.6894037e+01      
1.9051311e+02 -2.4003128e+01      
2.0617339e+02 -4.4806388e+01      
2.0737310e+02 -4.8887540e+01      
2.0890794e+02 -5.3565908e+01      
2.0878700e+02 -5.6313894e+01      
2.0700315e+02 -5.7098159e+01      
2.0390154e+02 -5.6240424e+01      
1.9992921e+02 -5.4160568e+01      
1.9632844e+02 -5.2591930e+01      
1.9318858e+02 -5.1822923e+01      
1.9042519e+02 -5.1768543e+01      
1.8797934e+02 -5.2270110e+01      
1.8585482e+02 -5.3213669e+01      
1.8409482e+02 -5.4523902e+01      
1.8282132e+02 -5.5965067e+01      
1.8227238e+02 -5.6401334e+01      
1.8239466e+02 -5.5697820e+01      
1.8277754e+02 -5.5253507e+01      
1.8326823e+02 -5.4729190e+01      
1.8382779e+02 -5.2629455e+01      
1.8448914e+02 -5.0340065e+01      
1.9858360e+02 -7.1586892e+01      
1.9939338e+02 -7.5516841e+01      
2.0024436e+02 -7.9630569e+01      
1.9984896e+02 -8.2066887e+01      
1.9825504e+02 -8.2982213e+01      
1.9566009e+02 -8.2608895e+01      
1.9230121e+02 -8.1192753e+01      
1.8854524e+02 -7.9193430e+01      
1.8531736e+02 -7.8327221e+01      
1.8244156e+02 -7.8361708e+01      
1.7981493e+02 -7.9063418e+01      
1.7749554e+02 -8.0174709e+01      
1.7547314e+02 -8.1705867e+01      
1.7408760e+02 -8.2630775e+01      
1.7345865e+02 -8.2493444e+01      
1.7356644e+02 -8.1187730e+01      
1.7384965e+02 -8.0074774e+01      
1.7422821e+02 -7.8946381e+01      
1.7471579e+02 -7.7316785e+01      
1.7534106e+02 -7.5517227e+01      
1.8746971e+02 -9.6451071e+01      
1.8789804e+02 -1.0019607e+02      
1.8753560e+02 -1.0238245e+02      
1.8668709e+02 -1.0406586e+02      
1.8516188e+02 -1.0490534e+02      
1.8295971e+02 -1.0488232e+02      
1.8020871e+02 -1.0419230e+02      
1.7716274e+02 -1.0324506e+02      
1.7420252e+02 -1.0275846e+02      
1.7137563e+02 -1.0299079e+02      
1.6859520e+02 -1.0403647e+02      
1.6621186e+02 -1.0506999e+02      
1.6418574e+02 -1.0610498e+02      
1.6264996e+02 -1.0673609e+02      
1.6187699e+02 -1.0638825e+02      
1.6191435e+02 -1.0491244e+02      
1.6208060e+02 -1.0357595e+02      
1.6233043e+02 -1.0230060e+02      
1.6270906e+02 -1.0087741e+02      
1.6324867e+02 -9.9340269e+01      
1.7304853e+02 -1.1886806e+02      
1.7275383e+02 -1.2146349e+02      
1.7205942e+02 -1.2342426e+02      
1.7098882e+02 -1.2480173e+02      
1.6953912e+02 -1.2550056e+02      
1.6763753e+02 -1.2563392e+02      
1.6533687e+02 -1.2539167e+02      
1.6279370e+02 -1.2503554e+02      
1.6018248e+02 -1.2487272e+02      
1.5759838e+02 -1.2510134e+02      
1.5510427e+02 -1.2571756e+02      
1.5283512e+02 -1.2644822e+02      
1.5080127e+02 -1.2721236e+02      
1.4897787e+02 -1.2795793e+02      
1.4793786e+02 -1.2775574e+02      
1.4768947e+02 -1.2659135e+02      
1.4766388e+02 -1.2539399e+02      
1.4773947e+02 -1.2424384e+02      
1.4796767e+02 -1.2297722e+02      
1.4840487e+02 -1.2153584e+02      
1.5588864e+02 -1.3914343e+02      
1.5516826e+02 -1.4118096e+02      
1.5420335e+02 -1.4294301e+02      
1.5300475e+02 -1.4423018e+02      
1.5172543e+02 -1.4466511e+02      
1.5008213e+02 -1.4479396e+02      
1.4810336e+02 -1.4474229e+02      
1.4590169e+02 -1.4463009e+02      
1.4359463e+02 -1.4460313e+02      
1.4127823e+02 -1.4475843e+02      
1.3903324e+02 -1.4509390e+02      
1.3693271e+02 -1.4552599e+02      
1.3501820e+02 -1.4597542e+02      
1.3335138e+02 -1.4631478e+02      
1.3207027e+02 -1.4629800e+02      
1.3110366e+02 -1.4602048e+02      
1.3086841e+02 -1.4512156e+02      
1.3065406e+02 -1.4437613e+02      
1.3066747e+02 -1.4334470e+02      
1.3101515e+02 -1.4186981e+02      
1.3640342e+02 -1.5722103e+02      
1.3540937e+02 -1.5896884e+02      
1.3421832e+02 -1.6056390e+02      
1.3305658e+02 -1.6153049e+02      
1.3193690e+02 -1.6177876e+02      
1.3049690e+02 -1.6186356e+02      
1.2875431e+02 -1.6187224e+02      
1.2680575e+02 -1.6184643e+02      
1.2474532e+02 -1.6185065e+02      
1.2265716e+02 -1.6193087e+02      
1.2061423e+02 -1.6208977e+02      
1.1867852e+02 -1.6229056e+02      
1.1690099e+02 -1.6247633e+02      
1.1533117e+02 -1.6257450e+02      
1.1400281e+02 -1.6253522e+02      
1.1293044e+02 -1.6237566e+02      
1.1212664e+02 -1.6218497e+02      
1.1135053e+02 -1.6231350e+02      
1.1109106e+02 -1.6158615e+02      
1.1137050e+02 -1.5999574e+02      
1.1496430e+02 -1.7277945e+02      
1.1382335e+02 -1.7427107e+02      
1.1260503e+02 -1.7552363e+02      
1.1147256e+02 -1.7625993e+02      
1.1045854e+02 -1.7640770e+02      
1.0915358e+02 -1.7646409e+02      
1.0757695e+02 -1.7648401e+02      
1.0581687e+02 -1.7647333e+02      
1.0395175e+02 -1.7645828e+02      
1.0205230e+02 -1.7646029e+02      
1.0018113e+02 -1.7648166e+02      
9.8392280e+01 -1.7650432e+02      
9.6731092e+01 -1.7649751e+02      
9.5233548e+01 -1.7642992e+02      
9.3919996e+01 -1.7629206e+02      
9.2784903e+01 -1.7612557e+02      
9.1750188e+01 -1.7609278e+02      
9.0708098e+01 -1.7634557e+02      
9.0261843e+01 -1.7570342e+02      
9.0394713e+01 -1.7417270e+02      
9.2252308e+01 -1.8517044e+02      
9.1088118e+01 -1.8639134e+02      
8.9771326e+01 -1.8748837e+02      
8.8616077e+01 -1.8811034e+02      
8.7607172e+01 -1.8825681e+02      
8.6354395e+01 -1.8832276e+02      
8.4882316e+01 -1.8834240e+02      
8.3260386e+01 -1.8831656e+02      
8.1549434e+01 -1.8825859e+02      
7.9806154e+01 -1.8818000e+02      
7.8082323e+01 -1.8808306e+02      
7.6423525e+01 -1.8795963e+02      
7.4867896e+01 -1.8779532e+02      
7.3444244e+01 -1.8757775e+02      
7.2168551e+01 -1.8730788e+02      
7.1038931e+01 -1.8701066e+02      
7.0034942e+01 -1.8672889e+02      
6.9192295e+01 -1.8637912e+02      
6.8700051e+01 -1.8559116e+02      
6.8597520e+01 -1.8427936e+02      
