1.7386085e+01 2.4823378e+02      
1.5392608e+01 2.4623483e+02      
1.3952203e+01 2.4420537e+02      
1.3073747e+01 2.4220470e+02      
1.2762974e+01 2.4029139e+02      
1.3023689e+01 2.3852080e+02      
1.3859449e+01 2.3694226e+02      
1.5275686e+01 2.3559630e+02      
1.7282085e+01 2.3451268e+02      
1.9895192e+01 2.3371010e+02      
2.3141792e+01 2.3319794e+02      
2.7064621e+01 2.3298039e+02      
3.1734129e+01 2.3306457e+02      
3.7284532e+01 2.3348272e+02      
4.3645379e+01 2.3424449e+02      
4.8775394e+01 2.3479156e+02      
5.2521139e+01 2.3514425e+02      
5.4853366e+01 2.3528758e+02      
5.5875963e+01 2.3515792e+02      
5.7668451e+01 2.3513959e+02      
4.4993944e+01 2.3861927e+02      
4.3057299e+01 2.3650464e+02      
4.1674287e+01 2.3433441e+02      
4.0852303e+01 2.3217534e+02      
4.0595057e+01 2.3009465e+02      
4.0904092e+01 2.2815697e+02      
4.1781139e+01 2.2642042e+02      
4.3231354e+01 2.2493223e+02      
4.5267114e+01 2.2372527e+02      
4.7912009e+01 2.2281733e+02      
5.1206068e+01 2.2221382e+02      
5.5216025e+01 2.2191342e+02      
6.0058212e+01 2.2191649e+02      
6.5946538e+01 2.2223964e+02      
7.2780220e+01 2.2285026e+02      
7.8117848e+01 2.2329592e+02      
8.1734826e+01 2.2356535e+02      
8.3599493e+01 2.2364445e+02      
8.3886743e+01 2.2349581e+02      
8.5085854e+01 2.2337321e+02      
7.1350155e+01 2.2535649e+02      
6.9489062e+01 2.2309537e+02      
6.8178055e+01 2.2075172e+02      
6.7422067e+01 2.1840081e+02      
6.7221259e+01 2.1612045e+02      
6.7572561e+01 2.1398755e+02      
6.8472546e+01 2.1207270e+02      
6.9922138e+01 2.1043281e+02      
7.1932349e+01 2.0910431e+02      
7.4528843e+01 2.0810094e+02      
7.7755243e+01 2.0741824e+02      
8.1680469e+01 2.0704154e+02      
8.6419867e+01 2.0695148e+02      
9.2183125e+01 2.0712171e+02      
9.8865032e+01 2.0747985e+02      
1.0403114e+02 2.0780560e+02      
1.0745995e+02 2.0805413e+02      
1.0912561e+02 2.0820010e+02      
1.0920915e+02 2.0822028e+02      
1.1019237e+02 2.0812936e+02      
9.6040433e+01 2.0868849e+02      
9.4273844e+01 2.0624599e+02      
9.3050760e+01 2.0369055e+02      
9.2372784e+01 2.0110675e+02      
9.2235100e+01 1.9858510e+02      
9.2627341e+01 1.9621902e+02      
9.3536166e+01 1.9409805e+02      
9.4952047e+01 1.9229560e+02      
9.6879754e+01 1.9085370e+02      
9.9344280e+01 1.8977667e+02      
1.0238649e+02 1.8904128e+02      
1.0605747e+02 1.8861330e+02      
1.1042459e+02 1.8845523e+02      
1.1560858e+02 1.8851436e+02      
1.2152417e+02 1.8869836e+02      
1.2614378e+02 1.8898000e+02      
1.2932371e+02 1.8927920e+02      
1.3105364e+02 1.8954588e+02      
1.3145722e+02 1.8975682e+02      
1.3260024e+02 1.8974231e+02      
1.1867924e+02 1.8891568e+02      
1.1702658e+02 1.8625338e+02      
1.1590922e+02 1.8344194e+02      
1.1532488e+02 1.8057529e+02      
1.1526318e+02 1.7775802e+02      
1.1570456e+02 1.7510470e+02      
1.1661940e+02 1.7273499e+02      
1.1797573e+02 1.7075509e+02      
1.1976446e+02 1.6922037e+02      
1.2201602e+02 1.6811308e+02      
1.2477580e+02 1.6737224e+02      
1.2807170e+02 1.6693566e+02      
1.3189654e+02 1.6675725e+02      
1.3617751e+02 1.6680124e+02      
1.4058202e+02 1.6703021e+02      
1.4436038e+02 1.6740409e+02      
1.4722287e+02 1.6784174e+02      
1.4919024e+02 1.6824928e+02      
1.5057951e+02 1.6853404e+02      
1.5214105e+02 1.6858826e+02      
1.3891451e+02 1.6639282e+02      
1.3739590e+02 1.6346994e+02      
1.3640429e+02 1.6035319e+02      
1.3593297e+02 1.5714461e+02      
1.3596733e+02 1.5396136e+02      
1.3648126e+02 1.5094072e+02      
1.3742440e+02 1.4824663e+02      
1.3871347e+02 1.4605950e+02      
1.4029863e+02 1.4448106e+02      
1.4225040e+02 1.4342981e+02      
1.4465418e+02 1.4275982e+02      
1.4752712e+02 1.4236641e+02      
1.5080522e+02 1.4220229e+02      
1.5431606e+02 1.4227312e+02      
1.5775312e+02 1.4260337e+02      
1.6078239e+02 1.4316262e+02      
1.6325407e+02 1.4383520e+02      
1.6524307e+02 1.4445876e+02      
1.6698528e+02 1.4489693e+02      
1.6879073e+02 1.4505742e+02      
1.5643135e+02 1.4152554e+02      
1.5506813e+02 1.3830061e+02      
1.5422515e+02 1.3482608e+02      
1.5388841e+02 1.3121017e+02      
1.5404203e+02 1.2757583e+02      
1.5466749e+02 1.2407193e+02      
1.5571404e+02 1.2090392e+02      
1.5699997e+02 1.1840360e+02      
1.5824822e+02 1.1692915e+02      
1.5977468e+02 1.1611013e+02      
1.6176745e+02 1.1562682e+02      
1.6423152e+02 1.1532930e+02      
1.6707372e+02 1.1517329e+02      
1.7007956e+02 1.1522726e+02      
1.7288189e+02 1.1568004e+02      
1.7526311e+02 1.1653630e+02      
1.7721325e+02 1.1761406e+02      
1.7895529e+02 1.1857864e+02      
1.8066375e+02 1.1925499e+02      
1.8248041e+02 1.1957277e+02      
1.7095397e+02 1.1476645e+02      
1.6977033e+02 1.1119908e+02      
1.6910547e+02 1.0731277e+02      
1.6892504e+02 1.0322555e+02      
1.6920877e+02 9.9054997e+01      
1.6997751e+02 9.4923115e+01      
1.7122403e+02 9.1057365e+01      
1.7272177e+02 8.7966957e+01      
1.7333341e+02 8.6952472e+01      
1.7428820e+02 8.6644160e+01      
1.7584056e+02 8.6500114e+01      
1.7795133e+02 8.6342158e+01      
1.8048802e+02 8.6163345e+01      
1.8326818e+02 8.6050482e+01      
1.8558158e+02 8.6654733e+01      
1.8732760e+02 8.7943891e+01      
1.8854670e+02 8.9704520e+01      
1.8987640e+02 9.1124912e+01      
1.9137506e+02 9.2091671e+01      
1.9306126e+02 9.2599003e+01      
1.8224393e+02 8.6612268e+01      
1.8126876e+02 8.2664317e+01      
1.8083418e+02 7.8304542e+01      
1.8084120e+02 7.3691444e+01      
1.8121927e+02 6.8943945e+01      
1.8208088e+02 6.4081193e+01      
1.8345249e+02 5.9411770e+01      
1.8446152e+02 5.6422556e+01      
1.8500717e+02 5.5321870e+01      
1.8539588e+02 5.5733418e+01      
1.8656617e+02 5.6047448e+01      
1.8844677e+02 5.6005684e+01      
1.9073579e+02 5.5814587e+01      
1.9312896e+02 5.5743778e+01      
1.9490641e+02 5.6657465e+01      
1.9603302e+02 5.8477065e+01      
1.9670866e+02 6.0831159e+01      
1.9764232e+02 6.2681898e+01      
1.9887824e+02 6.3932171e+01      
2.0037109e+02 6.4629575e+01      
1.9009316e+02 5.7603499e+01      
1.8934881e+02 5.3247878e+01      
1.8925951e+02 4.8314367e+01      
1.8959337e+02 4.3076129e+01      
1.8985049e+02 3.7950996e+01      
1.9055046e+02 3.2494426e+01      
1.9122923e+02 2.8028769e+01      
1.9169229e+02 2.5260987e+01      
1.9204396e+02 2.4245163e+01      
1.9254079e+02 2.4536132e+01      
1.9357924e+02 2.5193197e+01      
1.9559553e+02 2.4886542e+01      
1.9778881e+02 2.4576424e+01      
1.9973208e+02 2.4738889e+01      
2.0085195e+02 2.6207502e+01      
2.0120111e+02 2.8791988e+01      
2.0138428e+02 3.1672495e+01      
2.0199308e+02 3.3841263e+01      
2.0298831e+02 3.5310419e+01      
2.0428232e+02 3.6166189e+01      
1.9432114e+02 2.8321577e+01      
1.9376155e+02 2.3588553e+01      
1.9409439e+02 1.7997101e+01      
1.9525312e+02 1.1753739e+01      
1.9482849e+02 6.9271394e+00      
1.9464429e+02 2.2389381e+00      
1.9463381e+02 -2.0990710e+00      
1.9438985e+02 -4.4626126e+00      
1.9436755e+02 -5.0562426e+00      
1.9479988e+02 -4.4818225e+00      
1.9632964e+02 -4.7563188e+00      
1.9917595e+02 -6.3141315e+00      
2.0142609e+02 -6.8743534e+00      
2.0292025e+02 -6.2408347e+00      
2.0337254e+02 -4.0841453e+00      
2.0256486e+02 -2.7466210e-01      
2.0237107e+02 2.8563341e+00      
2.0277656e+02 5.1496043e+00      
2.0359995e+02 6.7361858e+00      
2.0472778e+02 7.6981209e+00      
1.9480684e+02 -6.3950917e-01      
1.9425695e+02 -5.6027341e+00      
1.9464407e+02 -1.1609021e+01      
1.9590987e+02 -1.8464601e+01      
1.9573334e+02 -2.3588816e+01      
1.9483502e+02 -2.7391299e+01      
1.9385968e+02 -3.0431836e+01      
1.9262751e+02 -3.2081562e+01      
1.9222644e+02 -3.2105049e+01      
1.9274569e+02 -3.2151871e+01      
1.9434137e+02 -3.2898233e+01      
1.9704730e+02 -3.4666061e+01      
1.9910034e+02 -3.5136655e+01      
2.0034117e+02 -3.4293602e+01      
2.0060392e+02 -3.2018804e+01      
1.9977950e+02 -2.8182518e+01      
1.9958126e+02 -2.5165068e+01      
1.9995184e+02 -2.2929599e+01      
2.0069887e+02 -2.1327955e+01      
2.0171363e+02 -2.0313114e+01      
1.9155182e+02 -2.8733140e+01      
1.9078332e+02 -3.3691723e+01      
1.9078796e+02 -3.9709748e+01      
1.9146364e+02 -4.6544013e+01      
1.9070584e+02 -5.1153268e+01      
1.8884294e+02 -5.3677577e+01      
1.8741394e+02 -5.5957996e+01      
1.8640033e+02 -5.7498237e+01      
1.8608802e+02 -5.8186175e+01      
1.8659388e+02 -5.8609684e+01      
1.8789391e+02 -5.9127381e+01      
1.8972583e+02 -5.9664825e+01      
1.9137221e+02 -5.9579425e+01      
1.9247685e+02 -5.8669057e+01      
1.9293731e+02 -5.6914429e+01      
1.9293681e+02 -5.4494202e+01      
1.9310771e+02 -5.2065675e+01      
1.9360475e+02 -5.0025115e+01      
1.9436652e+02 -4.8473710e+01      
1.9532365e+02 -4.7440023e+01      
1.8471014e+02 -5.5510550e+01      
1.8354774e+02 -6.0221484e+01      
1.8285553e+02 -6.5821742e+01      
1.8245960e+02 -7.2012430e+01      
1.8070704e+02 -7.5710707e+01      
1.7879460e+02 -7.8589103e+01      
1.7728428e+02 -8.0913235e+01      
1.7637940e+02 -8.2553841e+01      
1.7618307e+02 -8.3504932e+01      
1.7668636e+02 -8.4007034e+01      
1.7778471e+02 -8.4207045e+01      
1.7933176e+02 -8.3894810e+01      
1.8077702e+02 -8.3269906e+01      
1.8182706e+02 -8.2334768e+01      
1.8243284e+02 -8.1105705e+01      
1.8274635e+02 -7.9695325e+01      
1.8324952e+02 -7.7705128e+01      
1.8393654e+02 -7.5836542e+01      
1.8477153e+02 -7.4336042e+01      
1.8571573e+02 -7.3285675e+01      
1.7456328e+02 -8.0631306e+01      
1.7295251e+02 -8.4936286e+01      
1.7146250e+02 -8.9827028e+01      
1.6980376e+02 -9.4901427e+01      
1.6759486e+02 -9.9240573e+01      
1.6542285e+02 -1.0270577e+02      
1.6375723e+02 -1.0531652e+02      
1.6284140e+02 -1.0704936e+02      
1.6277045e+02 -1.0794908e+02      
1.6343593e+02 -1.0823408e+02      
1.6451832e+02 -1.0823321e+02      
1.6631285e+02 -1.0700219e+02      
1.6775160e+02 -1.0597537e+02      
1.6877436e+02 -1.0503378e+02      
1.6941061e+02 -1.0412217e+02      
1.6977761e+02 -1.0324948e+02      
1.7036047e+02 -1.0181707e+02      
1.7122356e+02 -1.0004743e+02      
1.7214488e+02 -9.8577615e+01      
1.7311460e+02 -9.7471915e+01      
1.6146030e+02 -1.0382620e+02      
1.5947961e+02 -1.0769400e+02      
1.5741912e+02 -1.1201338e+02      
1.5501291e+02 -1.1668113e+02      
1.5196562e+02 -1.2164496e+02      
1.4920520e+02 -1.2565722e+02      
1.4717956e+02 -1.2856062e+02      
1.4616779e+02 -1.3033142e+02      
1.4630858e+02 -1.3097127e+02      
1.4751952e+02 -1.3056132e+02      
1.4944228e+02 -1.2927864e+02      
1.5113920e+02 -1.2804135e+02      
1.5248070e+02 -1.2697832e+02      
1.5344775e+02 -1.2607707e+02      
1.5405487e+02 -1.2533429e+02      
1.5439555e+02 -1.2472271e+02      
1.5499545e+02 -1.2361793e+02      
1.5585704e+02 -1.2218324e+02      
1.5680520e+02 -1.2081115e+02      
1.5782822e+02 -1.1959089e+02      
1.4575525e+02 -1.2484481e+02      
1.4354448e+02 -1.2828918e+02      
1.4119457e+02 -1.3211510e+02      
1.3854691e+02 -1.3626395e+02      
1.3545927e+02 -1.4065721e+02      
1.3202714e+02 -1.4502544e+02      
1.2948493e+02 -1.4819718e+02      
1.2827753e+02 -1.5000124e+02      
1.2865201e+02 -1.5034134e+02      
1.3057450e+02 -1.4919828e+02      
1.3244315e+02 -1.4793244e+02      
1.3397524e+02 -1.4680736e+02      
1.3517450e+02 -1.4582944e+02      
1.3605524e+02 -1.4499128e+02      
1.3661670e+02 -1.4431896e+02      
1.3693698e+02 -1.4377455e+02      
1.3758871e+02 -1.4276237e+02      
1.3853452e+02 -1.4139166e+02      
1.3941077e+02 -1.4018619e+02      
1.4022843e+02 -1.3921970e+02      
1.2778012e+02 -1.4344459e+02      
1.2547000e+02 -1.4647754e+02      
1.2303095e+02 -1.4981725e+02      
1.2038875e+02 -1.5338789e+02      
1.1748555e+02 -1.5709384e+02      
1.1434886e+02 -1.6077460e+02      
1.1125315e+02 -1.6409899e+02      
1.0971990e+02 -1.6596914e+02      
1.1014645e+02 -1.6621754e+02      
1.1208729e+02 -1.6512330e+02      
1.1372738e+02 -1.6406201e+02      
1.1502331e+02 -1.6311154e+02      
1.1604960e+02 -1.6224325e+02      
1.1682775e+02 -1.6146107e+02      
1.1735969e+02 -1.6078669e+02      
1.1771225e+02 -1.6017764e+02      
1.1844900e+02 -1.5913135e+02      
1.1921647e+02 -1.5801842e+02      
1.1992319e+02 -1.5701947e+02      
1.2054805e+02 -1.5623002e+02      
1.0785245e+02 -1.5940665e+02      
1.0553931e+02 -1.6204510e+02      
1.0312940e+02 -1.6492027e+02      
1.0059905e+02 -1.6794859e+02      
9.7945143e+01 -1.7102410e+02      
9.5208339e+01 -1.7400806e+02      
9.2537430e+01 -1.7669235e+02      
9.0540556e+01 -1.7863086e+02      
9.1146508e+01 -1.7876226e+02      
9.2365503e+01 -1.7822408e+02      
9.3528879e+01 -1.7750925e+02      
9.4518324e+01 -1.7676081e+02      
9.5337304e+01 -1.7601141e+02      
9.5995428e+01 -1.7527854e+02      
9.6512973e+01 -1.7456631e+02      
9.6973026e+01 -1.7382083e+02      
9.7524313e+01 -1.7293342e+02      
9.8093994e+01 -1.7201109e+02      
9.8618514e+01 -1.7116729e+02      
9.9067562e+01 -1.7048294e+02      
8.6291705e+01 -1.7254536e+02      
8.4038295e+01 -1.7481500e+02      
8.1722554e+01 -1.7726248e+02      
7.9351469e+01 -1.7980431e+02      
7.6950389e+01 -1.8233864e+02      
7.4572398e+01 -1.8474271e+02      
7.2274321e+01 -1.8688544e+02      
7.0332724e+01 -1.8853945e+02      
7.0677944e+01 -1.8880258e+02      
7.1344458e+01 -1.8860502e+02      
7.2032923e+01 -1.8817870e+02      
7.2690486e+01 -1.8761807e+02      
7.3281043e+01 -1.8698189e+02      
7.3793451e+01 -1.8630155e+02      
7.4238242e+01 -1.8558757e+02      
7.4650889e+01 -1.8482910e+02      
7.5065562e+01 -1.8402062e+02      
7.5470394e+01 -1.8320520e+02      
7.5832364e+01 -1.8245025e+02      
7.6122097e+01 -1.8181875e+02      
