3.3303579e+01 2.3947650e+02      
3.2380671e+01 2.3865566e+02      
3.1624914e+01 2.3774952e+02      
3.1029445e+01 2.3677839e+02      
3.0620134e+01 2.3577575e+02      
3.0412556e+01 2.3476470e+02      
3.0413445e+01 2.3376207e+02      
3.0639894e+01 2.3279301e+02      
3.1115972e+01 2.3189294e+02      
3.1853132e+01 2.3110402e+02      
3.2831498e+01 2.3047381e+02      
3.3995303e+01 2.3005308e+02      
3.5245267e+01 2.2989167e+02      
3.6359132e+01 2.3003105e+02      
3.7092671e+01 2.3047079e+02      
3.7961577e+01 2.3111492e+02      
3.9253078e+01 2.3188199e+02      
4.1030996e+01 2.3271777e+02      
4.3312366e+01 2.3357681e+02      
4.6099737e+01 2.3441537e+02      
6.2742447e+01 2.3061941e+02      
6.2087790e+01 2.2989159e+02      
6.1483734e+01 2.2899859e+02      
6.0942906e+01 2.2797191e+02      
6.0583640e+01 2.2689497e+02      
6.0414441e+01 2.2577843e+02      
6.0416611e+01 2.2461562e+02      
6.0621445e+01 2.2343136e+02      
6.1091671e+01 2.2227129e+02      
6.1873958e+01 2.2118527e+02      
6.2951212e+01 2.2023347e+02      
6.4255996e+01 2.1948670e+02      
6.5686001e+01 2.1902008e+02      
6.6863348e+01 2.1894241e+02      
6.6565757e+01 2.1931630e+02      
6.6716422e+01 2.1986726e+02      
6.7510232e+01 2.2049687e+02      
6.8888571e+01 2.2116311e+02      
7.0821014e+01 2.2182791e+02      
7.3287037e+01 2.2245094e+02      
9.0962614e+01 2.1821248e+02      
9.0652827e+01 2.1759075e+02      
9.0228805e+01 2.1671281e+02      
8.9670751e+01 2.1558889e+02      
8.9401225e+01 2.1447060e+02      
8.9302411e+01 2.1327982e+02      
8.9269157e+01 2.1194672e+02      
8.9378316e+01 2.1051691e+02      
8.9780113e+01 2.0906708e+02      
9.0608574e+01 2.0764364e+02      
9.1864277e+01 2.0630571e+02      
9.3303845e+01 2.0519226e+02      
9.4923954e+01 2.0436389e+02      
9.5296521e+01 2.0415996e+02      
9.4239124e+01 2.0456510e+02      
9.3790533e+01 2.0507198e+02      
9.4121409e+01 2.0559341e+02      
9.5107091e+01 2.0611668e+02      
9.6679770e+01 2.0661687e+02      
9.8800886e+01 2.0705828e+02      
1.1698670e+02 2.0213982e+02      
1.1701464e+02 2.0158105e+02      
1.1689202e+02 2.0077335e+02      
1.1660805e+02 1.9974734e+02      
1.1665003e+02 1.9873764e+02      
1.1675867e+02 1.9758498e+02      
1.1657675e+02 1.9602790e+02      
1.1642799e+02 1.9429117e+02      
1.1661773e+02 1.9253137e+02      
1.1737924e+02 1.9077359e+02      
1.1891183e+02 1.8898564e+02      
1.2018087e+02 1.8754298e+02      
1.2112468e+02 1.8649052e+02      
1.2093295e+02 1.8614461e+02      
1.1944899e+02 1.8656478e+02      
1.1862345e+02 1.8702162e+02      
1.1860179e+02 1.8743919e+02      
1.1924277e+02 1.8783636e+02      
1.2046694e+02 1.8820020e+02      
1.2223247e+02 1.8849684e+02      
1.4029504e+02 1.8270602e+02      
1.4061490e+02 1.8215773e+02      
1.4093543e+02 1.8145976e+02      
1.4124891e+02 1.8067065e+02      
1.4193622e+02 1.7995098e+02      
1.4256558e+02 1.7908406e+02      
1.4194626e+02 1.7713049e+02      
1.4129027e+02 1.7500607e+02      
1.4106985e+02 1.7293201e+02      
1.4141643e+02 1.7095620e+02      
1.4216052e+02 1.6911015e+02      
1.4292546e+02 1.6747282e+02      
1.4370373e+02 1.6601611e+02      
1.4333661e+02 1.6538989e+02      
1.4176538e+02 1.6570910e+02      
1.4079624e+02 1.6604946e+02      
1.4055839e+02 1.6633997e+02      
1.4091978e+02 1.6661947e+02      
1.4181462e+02 1.6687650e+02      
1.4321786e+02 1.6707051e+02      
1.6048748e+02 1.6029828e+02      
1.6102879e+02 1.5970098e+02      
1.6188599e+02 1.5909746e+02      
1.6313919e+02 1.5860018e+02      
1.6468923e+02 1.5821773e+02      
1.6529070e+02 1.5719879e+02      
1.6474823e+02 1.5535699e+02      
1.6341005e+02 1.5287171e+02      
1.6268917e+02 1.5049973e+02      
1.6273257e+02 1.4834113e+02      
1.6293135e+02 1.4643076e+02      
1.6291918e+02 1.4477808e+02      
1.6266706e+02 1.4338154e+02      
1.6227665e+02 1.4235468e+02      
1.6091433e+02 1.4238430e+02      
1.6003138e+02 1.4249135e+02      
1.5970859e+02 1.4261680e+02      
1.5984609e+02 1.4278893e+02      
1.6041803e+02 1.4297814e+02      
1.6144305e+02 1.4312232e+02      
1.7775364e+02 1.3542312e+02      
1.7846759e+02 1.3469713e+02      
1.7971819e+02 1.3406013e+02      
1.8172417e+02 1.3370027e+02      
1.8330647e+02 1.3312504e+02      
1.8385556e+02 1.3203821e+02      
1.8326784e+02 1.3031618e+02      
1.8192441e+02 1.2803093e+02      
1.8074548e+02 1.2546698e+02      
1.8104527e+02 1.2316147e+02      
1.8098546e+02 1.2120561e+02      
1.8024995e+02 1.1959551e+02      
1.7871992e+02 1.1834326e+02      
1.7768197e+02 1.1738645e+02      
1.7679766e+02 1.1688771e+02      
1.7619611e+02 1.1664832e+02      
1.7589012e+02 1.1658576e+02      
1.7582283e+02 1.1668085e+02      
1.7603595e+02 1.1686540e+02      
1.7664076e+02 1.1703153e+02      
1.9180319e+02 1.0847653e+02      
1.9260704e+02 1.0750180e+02      
1.9385139e+02 1.0657115e+02      
1.9547944e+02 1.0582285e+02      
1.9721000e+02 1.0517483e+02      
1.9769125e+02 1.0413839e+02      
1.9680865e+02 1.0255983e+02      
1.9505710e+02 1.0043814e+02      
1.9410043e+02 9.8180850e+01      
1.9427368e+02 9.5935213e+01      
1.9395355e+02 9.4010338e+01      
1.9293135e+02 9.2428473e+01      
1.9116439e+02 9.1229607e+01      
1.9006211e+02 9.0185577e+01      
1.8950470e+02 8.9360084e+01      
1.8928757e+02 8.8786981e+01      
1.8907557e+02 8.8546085e+01      
1.8876052e+02 8.8632141e+01      
1.8847140e+02 8.8928488e+01      
1.8857289e+02 8.9216524e+01      
2.0238638e+02 7.9924924e+01      
2.0326242e+02 7.8576392e+01      
2.0448284e+02 7.7157600e+01      
2.0566381e+02 7.5993123e+01      
2.0654360e+02 7.5125729e+01      
2.0679786e+02 7.4292975e+01      
2.0539908e+02 7.2954158e+01      
2.0394511e+02 7.1237128e+01      
2.0293780e+02 6.9327622e+01      
2.0236648e+02 6.7380370e+01      
2.0171916e+02 6.5562115e+01      
2.0078494e+02 6.3950877e+01      
1.9969657e+02 6.2557629e+01      
1.9895885e+02 6.1315151e+01      
1.9879993e+02 6.0199605e+01      
1.9921518e+02 5.9245751e+01      
1.9914630e+02 5.8852206e+01      
1.9852669e+02 5.9023272e+01      
1.9745305e+02 5.9625720e+01      
1.9699991e+02 6.0144778e+01      
2.0932114e+02 5.0328134e+01      
2.1026655e+02 4.8555894e+01      
2.1172604e+02 4.6414097e+01      
2.1257530e+02 4.4858594e+01      
2.1264007e+02 4.3919519e+01      
2.1167564e+02 4.3475435e+01      
2.1037344e+02 4.2495331e+01      
2.0908043e+02 4.1083101e+01      
2.0798314e+02 3.9434153e+01      
2.0707477e+02 3.7687466e+01      
2.0622649e+02 3.5953752e+01      
2.0537168e+02 3.4304922e+01      
2.0460562e+02 3.2770016e+01      
2.0414794e+02 3.1342448e+01      
2.0422625e+02 2.9991404e+01      
2.0484561e+02 2.8767089e+01      
2.0480327e+02 2.8296166e+01      
2.0398157e+02 2.8608609e+01      
2.0253726e+02 2.9533333e+01      
2.0170255e+02 3.0329631e+01      
2.1248319e+02 2.0278865e+01      
2.1327391e+02 1.8285550e+01      
2.1444192e+02 1.5893907e+01      
2.1492275e+02 1.4146765e+01      
2.1455403e+02 1.3088964e+01      
2.1326240e+02 1.2650489e+01      
2.1195045e+02 1.1769915e+01      
2.1069154e+02 1.0508903e+01      
2.0952569e+02 9.0125151e+00      
2.0847157e+02 7.3786478e+00      
2.0751290e+02 5.6858263e+00      
2.0665511e+02 3.9963289e+00      
2.0596825e+02 2.3557936e+00      
2.0558219e+02 7.9109086e-01      
2.0566253e+02 -7.0648405e-01      
2.0619379e+02 -2.0678728e+00      
2.0605615e+02 -2.5129888e+00      
2.0513526e+02 -2.0181558e+00      
2.0359225e+02 -7.8191074e-01      
2.0258080e+02 2.9560852e-01      
2.1190915e+02 -9.7318502e+00      
2.1237495e+02 -1.1726138e+01      
2.1286280e+02 -1.3799985e+01      
2.1294962e+02 -1.5545891e+01      
2.1243831e+02 -1.6822373e+01      
2.1139248e+02 -1.7768948e+01      
2.1014805e+02 -1.8783030e+01      
2.0887429e+02 -2.0002388e+01      
2.0764002e+02 -2.1417012e+01      
2.0648531e+02 -2.2990610e+01      
2.0543385e+02 -2.4677979e+01      
2.0451532e+02 -2.6427012e+01      
2.0378259e+02 -2.8176098e+01      
2.0331110e+02 -2.9852961e+01      
2.0319291e+02 -3.1395199e+01      
2.0340198e+02 -3.2692509e+01      
2.0306786e+02 -3.2966814e+01      
2.0212514e+02 -3.2257379e+01      
2.0069555e+02 -3.0783704e+01      
1.9967939e+02 -2.9453997e+01      
2.0777548e+02 -3.9327862e+01      
2.0801253e+02 -4.1383804e+01      
2.0816727e+02 -4.3429625e+01      
2.0799994e+02 -4.5219847e+01      
2.0735660e+02 -4.6620233e+01      
2.0631121e+02 -4.7745781e+01      
2.0504903e+02 -4.8821029e+01      
2.0371434e+02 -5.0000113e+01      
2.0239262e+02 -5.1348510e+01      
2.0113637e+02 -5.2882303e+01      
1.9998239e+02 -5.4588991e+01      
1.9896452e+02 -5.6430766e+01      
1.9811995e+02 -5.8334768e+01      
1.9748233e+02 -6.0173258e+01      
1.9705203e+02 -6.1737215e+01      
1.9669191e+02 -6.2675954e+01      
1.9608470e+02 -6.2594613e+01      
1.9516277e+02 -6.1587309e+01      
1.9408060e+02 -6.0042729e+01      
1.9316708e+02 -5.8463551e+01      
2.0026751e+02 -6.8119253e+01      
2.0042700e+02 -7.0379652e+01      
2.0051915e+02 -7.2647116e+01      
2.0029304e+02 -7.4625252e+01      
1.9941939e+02 -7.5974590e+01      
1.9817502e+02 -7.6999463e+01      
1.9677414e+02 -7.7969257e+01      
1.9531923e+02 -7.9031907e+01      
1.9388107e+02 -8.0279868e+01      
1.9250868e+02 -8.1762565e+01      
1.9123790e+02 -8.3497656e+01      
1.9009869e+02 -8.5472267e+01      
1.8911786e+02 -8.7624336e+01      
1.8831181e+02 -8.9797564e+01      
1.8765881e+02 -9.1676126e+01      
1.8701802e+02 -9.2647970e+01      
1.8614950e+02 -9.1999763e+01      
1.8515435e+02 -9.0348168e+01      
1.8416244e+02 -8.8313276e+01      
1.8329386e+02 -8.6305810e+01      
1.8954108e+02 -9.5654161e+01      
1.8973014e+02 -9.8243262e+01      
1.8994237e+02 -1.0093394e+02      
1.8998763e+02 -1.0341460e+02      
1.8862603e+02 -1.0438226e+02      
1.8705648e+02 -1.0508049e+02      
1.8544073e+02 -1.0578433e+02      
1.8381920e+02 -1.0662360e+02      
1.8223989e+02 -1.0770430e+02      
1.8073862e+02 -1.0909535e+02      
1.7934183e+02 -1.1084143e+02      
1.7807155e+02 -1.1297193e+02      
1.7694949e+02 -1.1548245e+02      
1.7599940e+02 -1.1826048e+02      
1.7523372e+02 -1.2093034e+02      
1.7456526e+02 -1.2258303e+02      
1.7337197e+02 -1.2083402e+02      
1.7222652e+02 -1.1804612e+02      
1.7120199e+02 -1.1512935e+02      
1.7031599e+02 -1.1249397e+02      
1.7574983e+02 -1.2143876e+02      
1.7602457e+02 -1.2445715e+02      
1.7635359e+02 -1.2765247e+02      
1.7636590e+02 -1.3041080e+02      
1.7488411e+02 -1.3123014e+02      
1.7304567e+02 -1.3150736e+02      
1.7118328e+02 -1.3178698e+02      
1.6937179e+02 -1.3228406e+02      
1.6764129e+02 -1.3311437e+02      
1.6600938e+02 -1.3434925e+02      
1.6448731e+02 -1.3604753e+02      
1.6308487e+02 -1.3829180e+02      
1.6181537e+02 -1.4121438e+02      
1.6070948e+02 -1.4483787e+02      
1.5981109e+02 -1.4858739e+02      
1.5883578e+02 -1.4985344e+02      
1.5768584e+02 -1.4810310e+02      
1.5645327e+02 -1.4388983e+02      
1.5540150e+02 -1.3981220e+02      
1.5448882e+02 -1.3644963e+02      
1.5906621e+02 -1.4494988e+02      
1.5943092e+02 -1.4843226e+02      
1.5996334e+02 -1.5234111e+02      
1.5970549e+02 -1.5502204e+02      
1.5840365e+02 -1.5608976e+02      
1.5628825e+02 -1.5579113e+02      
1.5416888e+02 -1.5548157e+02      
1.5216669e+02 -1.5551517e+02      
1.5029590e+02 -1.5601658e+02      
1.4854866e+02 -1.5702325e+02      
1.4691625e+02 -1.5857050e+02      
1.4539214e+02 -1.6075643e+02      
1.4397135e+02 -1.6386465e+02      
1.4264637e+02 -1.6827226e+02      
1.4137474e+02 -1.7164578e+02      
1.4017356e+02 -1.7263205e+02      
1.3905488e+02 -1.7079882e+02      
1.3801022e+02 -1.6660820e+02      
1.3702018e+02 -1.6142575e+02      
1.3609923e+02 -1.5754522e+02      
1.3971220e+02 -1.6568744e+02      
1.4003017e+02 -1.6941872e+02      
1.4037486e+02 -1.7338332e+02      
1.3995945e+02 -1.7599175e+02      
1.3875218e+02 -1.7722479e+02      
1.3688052e+02 -1.7723476e+02      
1.3458050e+02 -1.7631710e+02      
1.3242645e+02 -1.7581406e+02      
1.3045373e+02 -1.7595066e+02      
1.2862796e+02 -1.7668819e+02      
1.2691723e+02 -1.7797596e+02      
1.2530050e+02 -1.7984420e+02      
1.2375474e+02 -1.8240478e+02      
1.2222909e+02 -1.8568137e+02      
1.2064453e+02 -1.8911577e+02      
1.1925963e+02 -1.9004783e+02      
1.1819211e+02 -1.8793807e+02      
1.1733294e+02 -1.8336514e+02      
1.1640624e+02 -1.7897011e+02      
1.1547846e+02 -1.7530080e+02      
1.1799183e+02 -1.8323304e+02      
1.1818155e+02 -1.8697240e+02      
1.1805963e+02 -1.9010518e+02      
1.1743878e+02 -1.9235900e+02      
1.1626975e+02 -1.9363659e+02      
1.1461221e+02 -1.9398527e+02      
1.1259098e+02 -1.9353935e+02      
1.1039943e+02 -1.9262180e+02      
1.0840815e+02 -1.9251765e+02      
1.0656310e+02 -1.9302766e+02      
1.0481994e+02 -1.9400653e+02      
1.0315606e+02 -1.9540961e+02      
1.0154875e+02 -1.9720208e+02      
9.9963498e+01 -1.9926644e+02      
9.8362111e+01 -2.0124142e+02      
9.6795927e+01 -2.0223209e+02      
9.5830614e+01 -1.9976122e+02      
9.4899514e+01 -1.9632505e+02      
9.3942232e+01 -1.9281874e+02      
9.2987362e+01 -1.8960018e+02      
9.4250765e+01 -1.9717415e+02      
9.3979928e+01 -1.9958804e+02      
9.3515855e+01 -2.0190099e+02      
9.2730841e+01 -2.0376834e+02      
9.1573431e+01 -2.0500348e+02      
9.0070129e+01 -2.0559796e+02      
8.8300665e+01 -2.0565424e+02      
8.6393349e+01 -2.0544625e+02      
8.4516680e+01 -2.0547932e+02      
8.2716250e+01 -2.0586393e+02      
8.0988082e+01 -2.0655267e+02      
7.9324005e+01 -2.0748780e+02      
7.7713941e+01 -2.0858195e+02      
7.6147443e+01 -2.0966860e+02      
7.4625460e+01 -2.1044224e+02      
7.3216723e+01 -2.1032907e+02      
7.2056932e+01 -2.0866617e+02      
7.1006096e+01 -2.0613001e+02      
6.9989210e+01 -2.0330274e+02      
6.8997803e+01 -2.0049377e+02      
