1.4613967e+01 2.4050523e+02      
1.3287199e+01 2.3796084e+02      
1.2556954e+01 2.3542403e+02      
1.2417262e+01 2.3296676e+02      
1.2780694e+01 2.3065468e+02      
1.3126967e+01 2.2843708e+02      
1.3646850e+01 2.2648230e+02      
1.4310422e+01 2.2486546e+02      
1.5020822e+01 2.2363334e+02      
1.5733330e+01 2.2281491e+02      
1.6494359e+01 2.2242045e+02      
1.7397650e+01 2.2243849e+02      
1.8531067e+01 2.2283733e+02      
1.9953484e+01 2.2357039e+02      
2.1695231e+01 2.2458185e+02      
2.3768751e+01 2.2581129e+02      
2.6181067e+01 2.2719762e+02      
2.8942956e+01 2.2868178e+02      
3.2072454e+01 2.3020780e+02      
3.5592970e+01 2.3172213e+02      
4.2940183e+01 2.3009351e+02      
4.1867065e+01 2.2738139e+02      
4.1449203e+01 2.2464223e+02      
4.1704453e+01 2.2195065e+02      
4.2555718e+01 2.1937705e+02      
4.3437289e+01 2.1692147e+02      
4.4274877e+01 2.1469140e+02      
4.5226045e+01 2.1282598e+02      
4.6046132e+01 2.1138245e+02      
4.6642541e+01 2.1039565e+02      
4.7142342e+01 2.0988147e+02      
4.7743607e+01 2.0982345e+02      
4.8586943e+01 2.1017602e+02      
4.9742146e+01 2.1087752e+02      
5.1226772e+01 2.1185802e+02      
5.3032291e+01 2.1304469e+02      
5.5148326e+01 2.1436713e+02      
5.7578393e+01 2.1576139e+02      
6.0344206e+01 2.1717088e+02      
6.3479869e+01 2.1854392e+02      
6.9953332e+01 2.1614250e+02      
6.9131897e+01 2.1323920e+02      
6.9016031e+01 2.1026753e+02      
6.9643377e+01 2.0729761e+02      
7.0960088e+01 2.0440176e+02      
7.2421784e+01 2.0164616e+02      
7.3950393e+01 1.9913745e+02      
7.5507362e+01 1.9700119e+02      
7.6614321e+01 1.9533614e+02      
7.6917488e+01 1.9417572e+02      
7.6932224e+01 1.9356805e+02      
7.7081800e+01 1.9348282e+02      
7.7555593e+01 1.9384621e+02      
7.8412431e+01 1.9457560e+02      
7.9629215e+01 1.9558323e+02      
8.1151277e+01 1.9677938e+02      
8.2934783e+01 1.9808098e+02      
8.4971873e+01 1.9941928e+02      
8.7294323e+01 2.0074078e+02      
8.9958281e+01 2.0200088e+02      
9.5192243e+01 1.9891307e+02      
9.4601874e+01 1.9579822e+02      
9.4752536e+01 1.9257128e+02      
9.5700978e+01 1.8929534e+02      
9.7429748e+01 1.8603892e+02      
9.9465481e+01 1.8292504e+02      
1.0176857e+02 1.8005700e+02      
1.0438062e+02 1.7757122e+02      
1.0655139e+02 1.7567181e+02      
1.0614410e+02 1.7431285e+02      
1.0534535e+02 1.7367227e+02      
1.0485717e+02 1.7363831e+02      
1.0490377e+02 1.7408912e+02      
1.0548035e+02 1.7492282e+02      
1.0647197e+02 1.7603286e+02      
1.0773454e+02 1.7730385e+02      
1.0916574e+02 1.7863280e+02      
1.1074317e+02 1.7994619e+02      
1.1252512e+02 1.8120154e+02      
1.1461553e+02 1.8237271e+02      
1.1823515e+02 1.7871940e+02      
1.1784050e+02 1.7537657e+02      
1.1820031e+02 1.7188167e+02      
1.1938107e+02 1.6829418e+02      
1.2141539e+02 1.6467138e+02      
1.2400502e+02 1.6115323e+02      
1.2743880e+02 1.5776836e+02      
1.3135103e+02 1.5475625e+02      
1.3350301e+02 1.5245438e+02      
1.3344843e+02 1.5098753e+02      
1.3167760e+02 1.5043913e+02      
1.3041284e+02 1.5057180e+02      
1.3004836e+02 1.5119927e+02      
1.3046367e+02 1.5222951e+02      
1.3137119e+02 1.5354440e+02      
1.3246250e+02 1.5497579e+02      
1.3354127e+02 1.5638472e+02      
1.3457014e+02 1.5769239e+02      
1.3566850e+02 1.5888287e+02      
1.3705334e+02 1.5997808e+02      
1.3870975e+02 1.5592198e+02      
1.3846787e+02 1.5233592e+02      
1.3896886e+02 1.4856660e+02      
1.4026593e+02 1.4468191e+02      
1.4240760e+02 1.4073735e+02      
1.4552922e+02 1.3676220e+02      
1.4998521e+02 1.3273603e+02      
1.5384945e+02 1.2916144e+02      
1.5603716e+02 1.2644389e+02      
1.5623036e+02 1.2480772e+02      
1.5481497e+02 1.2428137e+02      
1.5288677e+02 1.2467009e+02      
1.5235146e+02 1.2550835e+02      
1.5288463e+02 1.2683570e+02      
1.5403927e+02 1.2852405e+02      
1.5513835e+02 1.3023323e+02      
1.5588469e+02 1.3177888e+02      
1.5622769e+02 1.3307575e+02      
1.5636541e+02 1.3414028e+02      
1.5686619e+02 1.3515558e+02      
1.5629964e+02 1.3092148e+02      
1.5616881e+02 1.2707092e+02      
1.5675003e+02 1.2301718e+02      
1.5808131e+02 1.1884650e+02      
1.6021134e+02 1.1460620e+02      
1.6321577e+02 1.1031159e+02      
1.6707225e+02 1.0598162e+02      
1.7123722e+02 1.0175381e+02      
1.7359679e+02 9.8555641e+01      
1.7383155e+02 9.6729578e+01      
1.7241056e+02 9.6218409e+01      
1.7137389e+02 9.6385033e+01      
1.7123240e+02 9.7310968e+01      
1.7215371e+02 9.9013360e+01      
1.7408957e+02 1.0133247e+02      
1.7536349e+02 1.0342106e+02      
1.7581527e+02 1.0516035e+02      
1.7537984e+02 1.0646180e+02      
1.7409975e+02 1.0726252e+02      
1.7360317e+02 1.0823640e+02      
1.7074607e+02 1.0415690e+02      
1.7069355e+02 1.0000025e+02      
1.7130941e+02 9.5633412e+01      
1.7260745e+02 9.1198579e+01      
1.7462003e+02 8.6716672e+01      
1.7733840e+02 8.2174340e+01      
1.8061188e+02 7.7625179e+01      
1.8396052e+02 7.3269884e+01      
1.8643858e+02 6.9558055e+01      
1.8657466e+02 6.7504123e+01      
1.8632459e+02 6.6127819e+01      
1.8615895e+02 6.5807519e+01      
1.8638932e+02 6.6780775e+01      
1.8742977e+02 6.8931371e+01      
1.8959077e+02 7.1638725e+01      
1.9088714e+02 7.4047620e+01      
1.9109442e+02 7.6014089e+01      
1.9013216e+02 7.7458625e+01      
1.8805256e+02 7.8409708e+01      
1.8681327e+02 7.9553362e+01      
1.8184387e+02 7.6116851e+01      
1.8185311e+02 7.1565896e+01      
1.8249154e+02 6.6772027e+01      
1.8368773e+02 6.2155910e+01      
1.8554451e+02 5.7530509e+01      
1.8806509e+02 5.2763001e+01      
1.9105704e+02 4.7928800e+01      
1.9399695e+02 4.3344758e+01      
1.9542685e+02 3.9866331e+01      
1.9609996e+02 3.6995399e+01      
1.9691382e+02 3.4257227e+01      
1.9731288e+02 3.3283141e+01      
1.9760688e+02 3.4292513e+01      
1.9814756e+02 3.7236605e+01      
2.0005490e+02 4.0266903e+01      
2.0115794e+02 4.2940301e+01      
2.0118641e+02 4.5157254e+01      
2.0007902e+02 4.6801033e+01      
1.9784019e+02 4.7980583e+01      
1.9623875e+02 4.9470046e+01      
1.8943216e+02 4.7372654e+01      
1.8947655e+02 4.2350698e+01      
1.9019049e+02 3.6782732e+01      
1.9116899e+02 3.2210100e+01      
1.9285166e+02 2.7603814e+01      
1.9528447e+02 2.2637754e+01      
1.9820864e+02 1.7466724e+01      
2.0045012e+02 1.2946469e+01      
2.0165096e+02 9.2655954e+00      
2.0207407e+02 6.1878259e+00      
2.0288488e+02 2.8429430e+00      
2.0335117e+02 1.3310372e+00      
2.0357504e+02 2.0543769e+00      
2.0381247e+02 5.0783559e+00      
2.0516930e+02 8.2042867e+00      
2.0587210e+02 1.1138597e+01      
2.0576656e+02 1.3672491e+01      
2.0488284e+02 1.5526791e+01      
2.0330507e+02 1.6631061e+01      
2.0175519e+02 1.8531785e+01      
1.9340693e+02 1.8563957e+01      
1.9337268e+02 1.3258792e+01      
1.9393569e+02 7.2263204e+00      
1.9483909e+02 2.1454093e+00      
1.9630040e+02 -2.2706735e+00      
1.9864994e+02 -7.3846399e+00      
2.0097195e+02 -1.2294714e+01      
2.0270580e+02 -1.6696827e+01      
2.0365245e+02 -2.0441179e+01      
2.0400713e+02 -2.3732518e+01      
2.0426063e+02 -2.7004696e+01      
2.0451296e+02 -2.9012278e+01      
2.0466091e+02 -2.9163765e+01      
2.0467359e+02 -2.6945903e+01      
2.0495980e+02 -2.3794782e+01      
2.0508141e+02 -2.0443257e+01      
2.0482715e+02 -1.7401591e+01      
2.0423463e+02 -1.5047065e+01      
2.0352126e+02 -1.3508932e+01      
2.0234708e+02 -1.1233919e+01      
1.9376237e+02 -9.7239722e+00      
1.9356102e+02 -1.5007333e+01      
1.9383955e+02 -2.1037345e+01      
1.9451922e+02 -2.6167363e+01      
1.9565936e+02 -3.0851235e+01      
1.9732395e+02 -3.5613479e+01      
1.9928893e+02 -4.0233610e+01      
2.0065076e+02 -4.4573099e+01      
2.0123746e+02 -4.8180099e+01      
2.0118802e+02 -5.1148977e+01      
2.0121923e+02 -5.4344221e+01      
2.0133160e+02 -5.7141679e+01      
2.0149338e+02 -5.8912806e+01      
2.0167930e+02 -5.8951959e+01      
2.0135901e+02 -5.5503711e+01      
2.0102873e+02 -5.1367581e+01      
2.0060803e+02 -4.7517339e+01      
2.0005543e+02 -4.4321715e+01      
1.9937918e+02 -4.1694075e+01      
1.9850341e+02 -3.9111484e+01      
1.9058513e+02 -3.7038113e+01      
1.9019618e+02 -4.1979915e+01      
1.9017228e+02 -4.7495117e+01      
1.9058618e+02 -5.1984844e+01      
1.9133050e+02 -5.6489462e+01      
1.9237719e+02 -6.1043056e+01      
1.9358660e+02 -6.5611615e+01      
1.9462998e+02 -7.0177810e+01      
1.9484418e+02 -7.3600240e+01      
1.9481621e+02 -7.7038656e+01      
1.9476474e+02 -8.0805787e+01      
1.9476316e+02 -8.4811176e+01      
1.9486181e+02 -8.8397132e+01      
1.9479126e+02 -8.8970298e+01      
1.9445893e+02 -8.6261950e+01      
1.9390431e+02 -8.1061664e+01      
1.9337312e+02 -7.6178370e+01      
1.9279358e+02 -7.2185540e+01      
1.9213639e+02 -6.8937150e+01      
1.9141774e+02 -6.6135966e+01      
1.8401661e+02 -6.3073031e+01      
1.8346909e+02 -6.7461457e+01      
1.8323453e+02 -7.2086528e+01      
1.8331661e+02 -7.6495242e+01      
1.8365929e+02 -8.0838384e+01      
1.8419137e+02 -8.5185597e+01      
1.8479550e+02 -8.9509884e+01      
1.8527364e+02 -9.3689437e+01      
1.8541484e+02 -9.7495096e+01      
1.8534950e+02 -1.0131594e+02      
1.8519326e+02 -1.0561851e+02      
1.8499311e+02 -1.1083063e+02      
1.8472109e+02 -1.1453614e+02      
1.8441159e+02 -1.1541605e+02      
1.8407289e+02 -1.1316321e+02      
1.8366637e+02 -1.0838409e+02      
1.8314629e+02 -1.0257333e+02      
1.8256733e+02 -9.8157202e+01      
1.8193779e+02 -9.4689625e+01      
1.8128821e+02 -9.1809609e+01      
1.7423025e+02 -8.7611106e+01      
1.7353902e+02 -9.1526239e+01      
1.7309979e+02 -9.5635838e+01      
1.7289658e+02 -9.9777494e+01      
1.7288915e+02 -1.0390339e+02      
1.7301353e+02 -1.0800520e+02      
1.7317984e+02 -1.1204957e+02      
1.7327842e+02 -1.1597818e+02      
1.7323010e+02 -1.1977632e+02      
1.7303827e+02 -1.2358187e+02      
1.7273238e+02 -1.2762092e+02      
1.7230030e+02 -1.3198827e+02      
1.7168478e+02 -1.3616051e+02      
1.7115027e+02 -1.3741929e+02      
1.7081250e+02 -1.3528290e+02      
1.7054317e+02 -1.3043372e+02      
1.7008310e+02 -1.2571318e+02      
1.6951330e+02 -1.2171467e+02      
1.6889161e+02 -1.1839355e+02      
1.6825771e+02 -1.1559591e+02      
1.6143782e+02 -1.1040034e+02      
1.6061530e+02 -1.1394365e+02      
1.5999082e+02 -1.1767727e+02      
1.5954752e+02 -1.2150061e+02      
1.5925261e+02 -1.2534652e+02      
1.5905723e+02 -1.2917155e+02      
1.5889945e+02 -1.3293598e+02      
1.5871450e+02 -1.3660447e+02      
1.5845478e+02 -1.4016904e+02      
1.5810182e+02 -1.4366400e+02      
1.5765118e+02 -1.4712415e+02      
1.5708803e+02 -1.5048774e+02      
1.5638873e+02 -1.5343448e+02      
1.5561156e+02 -1.5508587e+02      
1.5531257e+02 -1.5288325e+02      
1.5493501e+02 -1.4952234e+02      
1.5442804e+02 -1.4598840e+02      
1.5383287e+02 -1.4268018e+02      
1.5319167e+02 -1.3972003e+02      
1.5253874e+02 -1.3712424e+02      
1.4589283e+02 -1.3114654e+02      
1.4495543e+02 -1.3437221e+02      
1.4417174e+02 -1.3777825e+02      
1.4352808e+02 -1.4128642e+02      
1.4299948e+02 -1.4483092e+02      
1.4255068e+02 -1.4835839e+02      
1.4213969e+02 -1.5182311e+02      
1.4172467e+02 -1.5518632e+02      
1.4127260e+02 -1.5841917e+02      
1.4076379e+02 -1.6149644e+02      
1.4018840e+02 -1.6436630e+02      
1.3954166e+02 -1.6689610e+02      
1.3883069e+02 -1.6880896e+02      
1.3812769e+02 -1.6954634e+02      
1.3756908e+02 -1.6845342e+02      
1.3702167e+02 -1.6628731e+02      
1.3641985e+02 -1.6369600e+02      
1.3576765e+02 -1.6102879e+02      
1.3508395e+02 -1.5847520e+02      
1.3439032e+02 -1.5612947e+02      
1.2788585e+02 -1.4955969e+02      
1.2685129e+02 -1.5249921e+02      
1.2593428e+02 -1.5560397e+02      
1.2512544e+02 -1.5880695e+02      
1.2440721e+02 -1.6204615e+02      
1.2375515e+02 -1.6526589e+02      
1.2314083e+02 -1.6841571e+02      
1.2253612e+02 -1.7144877e+02      
1.2191767e+02 -1.7431899e+02      
1.2126968e+02 -1.7697217e+02      
1.2058418e+02 -1.7932747e+02      
1.1986166e+02 -1.8125180e+02      
1.1911621e+02 -1.8253876e+02      
1.1838223e+02 -1.8292549e+02      
1.1768651e+02 -1.8228000e+02      
1.1700553e+02 -1.8081501e+02      
1.1630940e+02 -1.7886718e+02      
1.1558999e+02 -1.7670567e+02      
1.1485272e+02 -1.7451379e+02      
1.1410827e+02 -1.7240935e+02      
1.0773968e+02 -1.6537810e+02      
1.0662520e+02 -1.6805316e+02      
1.0559872e+02 -1.7087531e+02      
1.0465522e+02 -1.7378454e+02      
1.0378355e+02 -1.7672253e+02      
1.0296761e+02 -1.7963381e+02      
1.0218855e+02 -1.8246536e+02      
1.0142746e+02 -1.8516502e+02      
1.0066814e+02 -1.8767816e+02      
9.9899100e+01 -1.8994142e+02      
9.9114619e+01 -1.9187361e+02      
9.8315669e+01 -1.9336772e+02      
9.7510814e+01 -1.9429420e+02      
9.6713775e+01 -1.9453438e+02      
9.5932567e+01 -1.9405452e+02      
9.5161011e+01 -1.9295377e+02      
9.4387477e+01 -1.9141178e+02      
9.3605465e+01 -1.8961128e+02      
9.2814940e+01 -1.8770259e+02      
9.2019593e+01 -1.8579911e+02      
8.5804837e+01 -1.7837845e+02      
8.4626361e+01 -1.8080630e+02      
8.3511673e+01 -1.8336160e+02      
8.2459775e+01 -1.8598948e+02      
8.1464824e+01 -1.8863513e+02      
8.0517192e+01 -1.9124459e+02      
7.9605018e+01 -1.9376464e+02      
7.8716054e+01 -1.9614173e+02      
7.7839486e+01 -1.9831970e+02      
7.6967370e+01 -2.0023668e+02      
7.6095555e+01 -2.0182199e+02      
7.5224099e+01 -2.0299627e+02      
7.4356818e+01 -2.0368008e+02      
7.3498986e+01 -2.0381578e+02      
7.2653177e+01 -2.0339725e+02      
7.1816841e+01 -2.0248432e+02      
7.0984560e+01 -2.0118518e+02      
7.0151780e+01 -1.9962396e+02      
6.9316320e+01 -1.9791695e+02      
6.8477730e+01 -1.9616262e+02      
