1.4592691e+01 2.2752603e+02      
1.4123150e+01 2.2471299e+02      
1.4162190e+01 2.2208545e+02      
1.4673985e+01 2.1973136e+02      
1.5629333e+01 2.1772599e+02      
1.7012722e+01 2.1612565e+02      
1.8826027e+01 2.1497004e+02      
2.1091416e+01 2.1429548e+02      
2.3859056e+01 2.1415998e+02      
2.7234908e+01 2.1469674e+02      
3.1089193e+01 2.1593810e+02      
3.3298758e+01 2.1630894e+02      
3.3597096e+01 2.1577834e+02      
3.2155528e+01 2.1451038e+02      
3.1027774e+01 2.1415085e+02      
3.0309170e+01 2.1469466e+02      
3.0005207e+01 2.1593209e+02      
3.0218167e+01 2.1767726e+02      
3.1032259e+01 2.1977419e+02      
3.2501339e+01 2.2209501e+02      
4.3867636e+01 2.1675092e+02      
4.3697915e+01 2.1373568e+02      
4.4037821e+01 2.1089559e+02      
4.4834843e+01 2.0834404e+02      
4.6049753e+01 2.0617469e+02      
4.7669381e+01 2.0444714e+02      
4.9710398e+01 2.0318890e+02      
5.2222246e+01 2.0241786e+02      
5.5306120e+01 2.0218275e+02      
5.9163609e+01 2.0261765e+02      
6.3645626e+01 2.0368082e+02      
6.6077613e+01 2.0378007e+02      
6.6093048e+01 2.0282890e+02      
6.3963756e+01 2.0111207e+02      
6.2187815e+01 2.0037160e+02      
6.0646339e+01 2.0078784e+02      
5.9517874e+01 2.0201738e+02      
5.8992678e+01 2.0377655e+02      
5.9156425e+01 2.0586829e+02      
6.0047948e+01 2.0815050e+02      
7.1890584e+01 2.0249316e+02      
7.2073328e+01 1.9920866e+02      
7.2764479e+01 1.9608392e+02      
7.3875510e+01 1.9327912e+02      
7.5344322e+01 1.9092083e+02      
7.7157942e+01 1.8906970e+02      
7.9347817e+01 1.8771789e+02      
8.1973673e+01 1.8682258e+02      
8.5137326e+01 1.8637042e+02      
8.9059090e+01 1.8642204e+02      
9.3621782e+01 1.8687864e+02      
9.6050586e+01 1.8649427e+02      
9.6028767e+01 1.8519031e+02      
9.3849144e+01 1.8330059e+02      
9.2039673e+01 1.8233686e+02      
8.9546963e+01 1.8293460e+02      
8.7478783e+01 1.8439582e+02      
8.6140437e+01 1.8633533e+02      
8.5616214e+01 1.8852686e+02      
8.5906825e+01 1.9083891e+02      
9.8190891e+01 1.8503102e+02      
9.8800025e+01 1.8137974e+02      
9.9928547e+01 1.7785012e+02      
1.0140162e+02 1.7470478e+02      
1.0311295e+02 1.7213373e+02      
1.0505682e+02 1.7020119e+02      
1.0730174e+02 1.6883281e+02      
1.0991351e+02 1.6784881e+02      
1.1290504e+02 1.6712517e+02      
1.1641002e+02 1.6665743e+02      
1.2038360e+02 1.6633907e+02      
1.2250231e+02 1.6536402e+02      
1.2266846e+02 1.6366788e+02      
1.2102187e+02 1.6164358e+02      
1.1891292e+02 1.6085784e+02      
1.1626797e+02 1.6152264e+02      
1.1327974e+02 1.6342527e+02      
1.1110599e+02 1.6571383e+02      
1.0990801e+02 1.6809449e+02      
1.0961899e+02 1.7048393e+02      
1.2229127e+02 1.6473839e+02      
1.2343123e+02 1.6058388e+02      
1.2519060e+02 1.5640409e+02      
1.2710643e+02 1.5277718e+02      
1.2903491e+02 1.4996789e+02      
1.3100178e+02 1.4805522e+02      
1.3316886e+02 1.4691255e+02      
1.3577213e+02 1.4599247e+02      
1.3841314e+02 1.4498550e+02      
1.4111112e+02 1.4398170e+02      
1.4351132e+02 1.4289213e+02      
1.4488856e+02 1.4138096e+02      
1.4527048e+02 1.3926376e+02      
1.4417329e+02 1.3753224e+02      
1.4207242e+02 1.3693316e+02      
1.3929091e+02 1.3772180e+02      
1.3616939e+02 1.3972962e+02      
1.3328770e+02 1.4243990e+02      
1.3156467e+02 1.4499773e+02      
1.3078280e+02 1.4746281e+02      
1.4368229e+02 1.4211715e+02      
1.4537634e+02 1.3740403e+02      
1.4808655e+02 1.3217830e+02      
1.5045956e+02 1.2797617e+02      
1.5255448e+02 1.2489834e+02      
1.5443991e+02 1.2304633e+02      
1.5623336e+02 1.2252620e+02      
1.5922345e+02 1.2185249e+02      
1.6155345e+02 1.2049131e+02      
1.6373063e+02 1.1905728e+02      
1.6510574e+02 1.1750572e+02      
1.6537721e+02 1.1574356e+02      
1.6489545e+02 1.1381444e+02      
1.6374891e+02 1.1197349e+02      
1.6145886e+02 1.1139456e+02      
1.5832692e+02 1.1236374e+02      
1.5486026e+02 1.1463505e+02      
1.5211035e+02 1.1714326e+02      
1.5024670e+02 1.1967492e+02      
1.4910398e+02 1.2217522e+02      
1.6188093e+02 1.1773890e+02      
1.6381225e+02 1.1280158e+02      
1.6670429e+02 1.0726143e+02      
1.6927630e+02 1.0276760e+02      
1.7150040e+02 9.9412971e+01      
1.7343199e+02 9.7303013e+01      
1.7523882e+02 9.6530590e+01      
1.7814772e+02 9.5436288e+01      
1.8177073e+02 9.4010405e+01      
1.8412470e+02 9.2280365e+01      
1.8490947e+02 9.0420525e+01      
1.8385630e+02 8.8482761e+01      
1.8234601e+02 8.6768949e+01      
1.8021769e+02 8.5393670e+01      
1.7734423e+02 8.4710391e+01      
1.7349748e+02 8.5875820e+01      
1.7007092e+02 8.7753701e+01      
1.6755688e+02 9.0011250e+01      
1.6587271e+02 9.2490808e+01      
1.6446974e+02 9.5022443e+01      
1.7659091e+02 9.2048615e+01      
1.7849810e+02 8.7257465e+01      
1.8104535e+02 8.2285041e+01      
1.8366423e+02 7.7800778e+01      
1.8599824e+02 7.4160078e+01      
1.8801255e+02 7.1473218e+01      
1.9008656e+02 6.9539801e+01      
1.9304040e+02 6.7702036e+01      
1.9704381e+02 6.5719674e+01      
1.9955729e+02 6.3588168e+01      
2.0025264e+02 6.1487559e+01      
1.9925196e+02 5.9586949e+01      
1.9707102e+02 5.8075688e+01      
1.9389665e+02 5.7097286e+01      
1.8980896e+02 5.6867564e+01      
1.8511850e+02 5.7638104e+01      
1.8161298e+02 5.9150281e+01      
1.7937656e+02 6.1218059e+01      
1.7833827e+02 6.3742921e+01      
1.7673477e+02 6.6370680e+01      
1.8767447e+02 6.5348507e+01      
1.8960316e+02 6.0664091e+01      
1.9224511e+02 5.5811039e+01      
1.9520536e+02 5.1158568e+01      
1.9766473e+02 4.7177566e+01      
1.9943014e+02 4.4031415e+01      
2.0096293e+02 4.1510053e+01      
2.0336771e+02 3.9070141e+01      
2.0699421e+02 3.6421360e+01      
2.0950132e+02 3.3755049e+01      
2.1014931e+02 3.1352860e+01      
2.0893046e+02 2.9402693e+01      
2.0610893e+02 2.8019493e+01      
2.0195320e+02 2.7286010e+01      
1.9685072e+02 2.7247719e+01      
1.9245368e+02 2.7820931e+01      
1.8909835e+02 2.9072195e+01      
1.8691278e+02 3.0978106e+01      
1.8583604e+02 3.3462004e+01      
1.8407607e+02 3.6308316e+01      
1.9499333e+02 3.7992482e+01      
1.9696433e+02 3.3312808e+01      
1.9992602e+02 2.8297594e+01      
2.0383494e+02 2.3127529e+01      
2.0643490e+02 1.8753381e+01      
2.0760675e+02 1.5361906e+01      
2.0763147e+02 1.2829155e+01      
2.0888840e+02 1.0079697e+01      
2.1131727e+02 6.9551665e+00      
2.1399236e+02 3.6131325e+00      
2.1447884e+02 8.4253809e-01      
2.1277500e+02 -1.2076821e+00      
2.0921358e+02 -2.5268460e+00      
2.0425868e+02 -3.1628402e+00      
1.9960996e+02 -3.4265925e+00      
1.9563491e+02 -3.1299536e+00      
1.9246805e+02 -2.1208016e+00      
1.9013337e+02 -3.5441966e-01      
1.8835868e+02 2.1921372e+00      
1.8643264e+02 5.5297725e+00      
1.9840941e+02 1.0431870e+01      
2.0026217e+02 5.7658969e+00      
2.0317212e+02 6.2404206e-01      
2.0709706e+02 -4.9039844e+00      
2.0950771e+02 -9.5498083e+00      
2.1018667e+02 -1.3105631e+01      
2.0943810e+02 -1.5679850e+01      
2.0983425e+02 -1.8683149e+01      
2.1142405e+02 -2.2240801e+01      
2.1357403e+02 -2.6147276e+01      
2.1352650e+02 -2.9220921e+01      
2.1114130e+02 -3.1346603e+01      
2.0691003e+02 -3.2687602e+01      
2.0254581e+02 -3.3831550e+01      
1.9848111e+02 -3.4614996e+01      
1.9491123e+02 -3.4763107e+01      
1.9194246e+02 -3.4049401e+01      
1.8959667e+02 -3.2386009e+01      
1.8770091e+02 -2.9697020e+01      
1.8547513e+02 -2.5285495e+01      
1.9789045e+02 -1.6862798e+01      
1.9938527e+02 -2.1418709e+01      
2.0173786e+02 -2.6457876e+01      
2.0489937e+02 -3.1956076e+01      
2.0677006e+02 -3.6654269e+01      
2.0717660e+02 -4.0409835e+01      
2.0632736e+02 -4.3272159e+01      
2.0632222e+02 -4.6624028e+01      
2.0723652e+02 -5.0549331e+01      
2.0856249e+02 -5.4842256e+01      
2.0769922e+02 -5.8058204e+01      
2.0462435e+02 -6.0248528e+01      
2.0099065e+02 -6.2343183e+01      
1.9726948e+02 -6.4304763e+01      
1.9371647e+02 -6.5891769e+01      
1.9050150e+02 -6.6757465e+01      
1.8772191e+02 -6.6330235e+01      
1.8544473e+02 -6.4566811e+01      
1.8310596e+02 -6.0075280e+01      
1.8104539e+02 -5.5169551e+01      
1.9356134e+02 -4.3463970e+01      
1.9453330e+02 -4.7809435e+01      
1.9598890e+02 -5.2490277e+01      
1.9764074e+02 -5.7317723e+01      
1.9874995e+02 -6.1828642e+01      
1.9905485e+02 -6.5844426e+01      
1.9879646e+02 -6.9505536e+01      
1.9867760e+02 -7.3296591e+01      
1.9895226e+02 -7.7445907e+01      
1.9930746e+02 -8.1853798e+01      
1.9759629e+02 -8.5048073e+01      
1.9497302e+02 -8.8032918e+01      
1.9192137e+02 -9.1095828e+01      
1.8870666e+02 -9.4157352e+01      
1.8553026e+02 -9.6709095e+01      
1.8260241e+02 -9.8659046e+01      
1.7988873e+02 -9.8167400e+01      
1.7746336e+02 -9.5096298e+01      
1.7517438e+02 -8.9322116e+01      
1.7327080e+02 -8.3726306e+01      
1.8566689e+02 -6.8996453e+01      
1.8610154e+02 -7.3099907e+01      
1.8678199e+02 -7.7444595e+01      
1.8749854e+02 -8.1881599e+01      
1.8796842e+02 -8.6224657e+01      
1.8804758e+02 -9.0378997e+01      
1.8781957e+02 -9.4404496e+01      
1.8748618e+02 -9.8457674e+01      
1.8711797e+02 -1.0263260e+02      
1.8642848e+02 -1.0679241e+02      
1.8484832e+02 -1.1059436e+02      
1.8260763e+02 -1.1430155e+02      
1.7997694e+02 -1.1823871e+02      
1.7712879e+02 -1.2266171e+02      
1.7415063e+02 -1.2582363e+02      
1.7119011e+02 -1.2755951e+02      
1.6844548e+02 -1.2679068e+02      
1.6606428e+02 -1.2302240e+02      
1.6405439e+02 -1.1650442e+02      
1.6235797e+02 -1.1038531e+02      
1.7449733e+02 -9.3108999e+01      
1.7446398e+02 -9.6984185e+01      
1.7456614e+02 -1.0107067e+02      
1.7467495e+02 -1.0526752e+02      
1.7464983e+02 -1.0947514e+02      
1.7440733e+02 -1.1363853e+02      
1.7395090e+02 -1.1776879e+02      
1.7332208e+02 -1.2191532e+02      
1.7250527e+02 -1.2610375e+02      
1.7136960e+02 -1.3029111e+02      
1.6977184e+02 -1.3442980e+02      
1.6773978e+02 -1.3858474e+02      
1.6539416e+02 -1.4284180e+02      
1.6283189e+02 -1.4701983e+02      
1.6004348e+02 -1.5037122e+02      
1.5694832e+02 -1.5246952e+02      
1.5406991e+02 -1.5168543e+02      
1.5174395e+02 -1.4771229e+02      
1.5004520e+02 -1.4091354e+02      
1.4856108e+02 -1.3456252e+02      
1.6034890e+02 -1.1545736e+02      
1.5992678e+02 -1.1912189e+02      
1.5958336e+02 -1.2298976e+02      
1.5923743e+02 -1.2698854e+02      
1.5880681e+02 -1.3105338e+02      
1.5823418e+02 -1.3514408e+02      
1.5749643e+02 -1.3925255e+02      
1.5658533e+02 -1.4339205e+02      
1.5547508e+02 -1.4757677e+02      
1.5411281e+02 -1.5181437e+02      
1.5245811e+02 -1.5612669e+02      
1.5053089e+02 -1.6055579e+02      
1.4840092e+02 -1.6507746e+02      
1.4613297e+02 -1.6941205e+02      
1.4368614e+02 -1.7283665e+02      
1.4056775e+02 -1.7351172e+02      
1.3742713e+02 -1.7266648e+02      
1.3502654e+02 -1.6877873e+02      
1.3353339e+02 -1.6209306e+02      
1.3219468e+02 -1.5582041e+02      
1.4352476e+02 -1.3571101e+02      
1.4278154e+02 -1.3917439e+02      
1.4208241e+02 -1.4283703e+02      
1.4137430e+02 -1.4664263e+02      
1.4060412e+02 -1.5054211e+02      
1.3972978e+02 -1.5450157e+02      
1.3872404e+02 -1.5850602e+02      
1.3756812e+02 -1.6255699e+02      
1.3624227e+02 -1.6666874e+02      
1.3472657e+02 -1.7087238e+02      
1.3301750e+02 -1.7523284e+02      
1.3114770e+02 -1.7986146e+02      
1.2918186e+02 -1.8478215e+02      
1.2716225e+02 -1.8955180e+02      
1.2476642e+02 -1.9220642e+02      
1.2197877e+02 -1.9221640e+02      
1.1900550e+02 -1.8970257e+02      
1.1639459e+02 -1.8594480e+02      
1.1490553e+02 -1.7974470e+02      
1.1358540e+02 -1.7387349e+02      
1.2434468e+02 -1.5356595e+02      
1.2333556e+02 -1.5683013e+02      
1.2234657e+02 -1.6028715e+02      
1.2134249e+02 -1.6388989e+02      
1.2028763e+02 -1.6759695e+02      
1.1915130e+02 -1.7137706e+02      
1.1791019e+02 -1.7521178e+02      
1.1654725e+02 -1.7909650e+02      
1.1504983e+02 -1.8304244e+02      
1.1341213e+02 -1.8708490e+02      
1.1164367e+02 -1.9130698e+02      
1.0978493e+02 -1.9591889e+02      
1.0789884e+02 -2.0118319e+02      
1.0581250e+02 -2.0537644e+02      
1.0349575e+02 -2.0742767e+02      
1.0100863e+02 -2.0688242e+02      
9.8487216e+01 -2.0387367e+02      
9.6185601e+01 -1.9905886e+02      
9.4444641e+01 -1.9380429e+02      
9.3028926e+01 -1.8860609e+02      
1.0315010e+02 -1.6875478e+02      
1.0192065e+02 -1.7181699e+02      
1.0069356e+02 -1.7506156e+02      
9.9445967e+01 -1.7844661e+02      
9.8154139e+01 -1.8193438e+02      
9.6796672e+01 -1.8549391e+02      
9.5356383e+01 -1.8910311e+02      
9.3820862e+01 -1.9275024e+02      
9.2182818e+01 -1.9643623e+02      
9.0441717e+01 -2.0017980e+02      
8.8606652e+01 -2.0402772e+02      
8.6696652e+01 -2.0806378e+02      
8.4713746e+01 -2.1228980e+02      
8.2602836e+01 -2.1626467e+02      
8.0374834e+01 -2.1797399e+02      
7.8143200e+01 -2.1690899e+02      
7.5974973e+01 -2.1335990e+02      
7.3966476e+01 -2.0913269e+02      
7.2244863e+01 -2.0462086e+02      
7.0800073e+01 -2.0004011e+02      
8.0304422e+01 -1.8105347e+02      
7.8893070e+01 -1.8390876e+02      
7.7470671e+01 -1.8693189e+02      
7.6023491e+01 -1.9008395e+02      
7.4536770e+01 -1.9332855e+02      
7.2996800e+01 -1.9663355e+02      
7.1392460e+01 -1.9997223e+02      
6.9716145e+01 -2.0332404e+02      
6.7964435e+01 -2.0667488e+02      
6.6138743e+01 -2.1001652e+02      
6.4245215e+01 -2.1334181e+02      
6.2291143e+01 -2.1662343e+02      
6.0274849e+01 -2.1975656e+02      
5.8179300e+01 -2.2244306e+02      
5.6012786e+01 -2.2397504e+02      
5.4018777e+01 -2.2244830e+02      
5.2072738e+01 -2.1963575e+02      
5.0252060e+01 -2.1614737e+02      
4.8629261e+01 -2.1227113e+02      
4.7226980e+01 -2.0820358e+02      
