3.7425123e+01 2.3860518e+02      
3.7146363e+01 2.3774769e+02      
3.7262602e+01 2.3689143e+02      
3.7728505e+01 2.3604498e+02      
3.8493371e+01 2.3521300e+02      
3.9511180e+01 2.3440095e+02      
4.0750886e+01 2.3361967e+02      
4.2203840e+01 2.3288804e+02      
4.3887385e+01 2.3223376e+02      
4.5844963e+01 2.3169294e+02      
4.8143108e+01 2.3130865e+02      
5.0865335e+01 2.3112832e+02      
5.4102913e+01 2.3119981e+02      
5.7940151e+01 2.3156611e+02      
6.2418354e+01 2.3225338e+02      
6.7448755e+01 2.3324085e+02      
7.2645626e+01 2.3438244e+02      
7.7047149e+01 2.3518942e+02      
7.8166486e+01 2.3389521e+02      
7.8459665e+01 2.3222901e+02      
6.6144104e+01 2.3068240e+02      
6.6045842e+01 2.2993629e+02      
6.6355293e+01 2.2917572e+02      
6.7009246e+01 2.2840187e+02      
6.7931750e+01 2.2760801e+02      
6.9052114e+01 2.2678919e+02      
7.0322599e+01 2.2595046e+02      
7.1729161e+01 2.2511034e+02      
7.3295759e+01 2.2430111e+02      
7.5084731e+01 2.2356825e+02      
7.7194363e+01 2.2296971e+02      
7.9753468e+01 2.2257390e+02      
8.2914801e+01 2.2245624e+02      
8.6856609e+01 2.2269956e+02      
9.1791624e+01 2.2340267e+02      
9.7787018e+01 2.2462141e+02      
1.0422989e+02 2.2613820e+02      
1.0831071e+02 2.2641232e+02      
1.0941745e+02 2.2509210e+02      
1.0808486e+02 2.2252374e+02      
9.3366882e+01 2.1914260e+02      
9.3491747e+01 2.1850580e+02      
9.4054038e+01 2.1785254e+02      
9.4964819e+01 2.1717204e+02      
9.6104039e+01 2.1643529e+02      
9.7358609e+01 2.1561806e+02      
9.8654452e+01 2.1471662e+02      
9.9968543e+01 2.1374901e+02      
1.0133090e+02 2.1275216e+02      
1.0282407e+02 2.1178071e+02      
1.0458203e+02 2.1090842e+02      
1.0678508e+02 2.1022795e+02      
1.0964593e+02 2.0984242e+02      
1.1341249e+02 2.0986054e+02      
1.1848542e+02 2.1044596e+02      
1.2533270e+02 2.1177963e+02      
1.3142501e+02 2.1270027e+02      
1.3522707e+02 2.1257555e+02      
1.3619872e+02 2.1120087e+02      
1.3479841e+02 2.0875949e+02      
1.1862735e+02 2.0416979e+02      
1.1901722e+02 2.0363645e+02      
1.1991355e+02 2.0311229e+02      
1.2119443e+02 2.0256990e+02      
1.2265072e+02 2.0192868e+02      
1.2409514e+02 2.0112948e+02      
1.2541898e+02 2.0016094e+02      
1.2658978e+02 1.9904411e+02      
1.2764392e+02 1.9782116e+02      
1.2868355e+02 1.9655321e+02      
1.2987951e+02 1.9532697e+02      
1.3147747e+02 1.9426740e+02      
1.3375891e+02 1.9351731e+02      
1.3695818e+02 1.9317670e+02      
1.4128745e+02 1.9330584e+02      
1.4681919e+02 1.9385755e+02      
1.5296757e+02 1.9446109e+02      
1.5668279e+02 1.9410932e+02      
1.5726150e+02 1.9264928e+02      
1.5531039e+02 1.9020405e+02      
1.4146869e+02 1.8598687e+02      
1.4214344e+02 1.8553308e+02      
1.4347400e+02 1.8516847e+02      
1.4534472e+02 1.8487571e+02      
1.4728716e+02 1.8439981e+02      
1.4900572e+02 1.8363923e+02      
1.5036756e+02 1.8259598e+02      
1.5133988e+02 1.8130516e+02      
1.5196763e+02 1.7981555e+02      
1.5236866e+02 1.7818736e+02      
1.5273676e+02 1.7650191e+02      
1.5339636e+02 1.7491826e+02      
1.5484181e+02 1.7372202e+02      
1.5721677e+02 1.7296905e+02      
1.6049752e+02 1.7260220e+02      
1.6455014e+02 1.7249708e+02      
1.6896280e+02 1.7240339e+02      
1.7269055e+02 1.7191113e+02      
1.7275173e+02 1.7042313e+02      
1.7204215e+02 1.6844949e+02      
1.6145400e+02 1.6485627e+02      
1.6236127e+02 1.6440627e+02      
1.6411397e+02 1.6414604e+02      
1.6687126e+02 1.6425759e+02      
1.6950452e+02 1.6400415e+02      
1.7159486e+02 1.6328819e+02      
1.7299951e+02 1.6215072e+02      
1.7371186e+02 1.6066034e+02      
1.7378675e+02 1.5887226e+02      
1.7335123e+02 1.5683518e+02      
1.7262805e+02 1.5461170e+02      
1.7199310e+02 1.5234290e+02      
1.7254175e+02 1.5073361e+02      
1.7407351e+02 1.4963484e+02      
1.7636746e+02 1.4889218e+02      
1.7917885e+02 1.4835398e+02      
1.8211867e+02 1.4782182e+02      
1.8447858e+02 1.4704352e+02      
1.8542621e+02 1.4579535e+02      
1.8570326e+02 1.4418178e+02      
1.7820398e+02 1.4109908e+02      
1.7920554e+02 1.4052128e+02      
1.8104191e+02 1.4007780e+02      
1.8381041e+02 1.3987088e+02      
1.8723324e+02 1.3977605e+02      
1.8970755e+02 1.3904877e+02      
1.9112063e+02 1.3778194e+02      
1.9150433e+02 1.3608259e+02      
1.9090157e+02 1.3399961e+02      
1.8945994e+02 1.3156972e+02      
1.8758635e+02 1.2889861e+02      
1.8657694e+02 1.2662783e+02      
1.8656603e+02 1.2487652e+02      
1.8741404e+02 1.2358023e+02      
1.8891123e+02 1.2261780e+02      
1.9081310e+02 1.2185400e+02      
1.9280356e+02 1.2113292e+02      
1.9450217e+02 1.2029091e+02      
1.9566874e+02 1.1920976e+02      
1.9644454e+02 1.1786634e+02      
1.9143922e+02 1.1511463e+02      
1.9239405e+02 1.1428760e+02      
1.9411212e+02 1.1350594e+02      
1.9671923e+02 1.1287597e+02      
2.0020452e+02 1.1242152e+02      
2.0288278e+02 1.1149359e+02      
2.0425407e+02 1.1004510e+02      
2.0425923e+02 1.0814263e+02      
2.0292781e+02 1.0581420e+02      
2.0039335e+02 1.0308156e+02      
1.9834829e+02 1.0052289e+02      
1.9715043e+02 9.8342460e+01      
1.9678665e+02 9.6591921e+01      
1.9714199e+02 9.5238885e+01      
1.9805525e+02 9.4204815e+01      
1.9933062e+02 9.3384765e+01      
2.0074511e+02 9.2657417e+01      
2.0208374e+02 9.1899385e+01      
2.0322129e+02 9.1009296e+01      
2.0417775e+02 8.9924947e+01      
2.0098323e+02 8.7369423e+01      
2.0178569e+02 8.6203854e+01      
2.0325281e+02 8.4994461e+01      
2.0542123e+02 8.3823552e+01      
2.0821616e+02 8.2705770e+01      
2.1113430e+02 8.1493810e+01      
2.1239352e+02 7.9821973e+01      
2.1195897e+02 7.7737606e+01      
2.1004743e+02 7.5290747e+01      
2.0717579e+02 7.2594815e+01      
2.0506867e+02 7.0146091e+01      
2.0376803e+02 6.8063454e+01      
2.0317496e+02 6.6378036e+01      
2.0319467e+02 6.5071345e+01      
2.0370505e+02 6.4087747e+01      
2.0456098e+02 6.3347560e+01      
2.0560715e+02 6.2752995e+01      
2.0670353e+02 6.2195796e+01      
2.0776023e+02 6.1570778e+01      
2.0875689e+02 6.0789755e+01      
2.0674280e+02 5.8374022e+01      
2.0732532e+02 5.6802950e+01      
2.0847756e+02 5.5096434e+01      
2.1016554e+02 5.3347686e+01      
2.1232401e+02 5.1637039e+01      
2.1476241e+02 4.9939647e+01      
2.1566098e+02 4.7993039e+01      
2.1465530e+02 4.5755344e+01      
2.1214304e+02 4.3232511e+01      
2.0969916e+02 4.0655537e+01      
2.0776935e+02 3.8291373e+01      
2.0645872e+02 3.6303851e+01      
2.0573848e+02 3.4732227e+01      
2.0554506e+02 3.3550194e+01      
2.0579115e+02 3.2712710e+01      
2.0637321e+02 3.2162742e+01      
2.0718086e+02 3.1820763e+01      
2.0811138e+02 3.1580720e+01      
2.0908744e+02 3.1319639e+01      
2.1006893e+02 3.0918472e+01      
2.0868830e+02 2.8668196e+01      
2.0901273e+02 2.6643861e+01      
2.0986267e+02 2.4371380e+01      
2.1115052e+02 2.1974036e+01      
2.1258177e+02 1.9695294e+01      
2.1387503e+02 1.7560207e+01      
2.1441398e+02 1.5405018e+01      
2.1267713e+02 1.3091277e+01      
2.1042769e+02 1.0493638e+01      
2.0830656e+02 7.8306971e+00      
2.0656059e+02 5.4350560e+00      
2.0529497e+02 3.5455919e+00      
2.0452351e+02 2.1477400e+00      
2.0420832e+02 1.1539583e+00      
2.0429092e+02 5.3028702e-01      
2.0470245e+02 2.5773487e-01      
2.0536454e+02 2.8115678e-01      
2.0619386e+02 4.8852735e-01      
2.0711343e+02 7.1813525e-01      
2.0806682e+02 7.9868959e-01      
2.0683964e+02 -1.1904677e+00      
2.0686310e+02 -3.6831085e+00      
2.0742918e+02 -6.5624319e+00      
2.0852755e+02 -9.7682307e+00      
2.0935257e+02 -1.2567433e+01      
2.0973127e+02 -1.4950968e+01      
2.0936297e+02 -1.7069450e+01      
2.0732826e+02 -1.9456682e+01      
2.0519278e+02 -2.2333559e+01      
2.0323258e+02 -2.5392227e+01      
2.0159438e+02 -2.8078720e+01      
2.0038814e+02 -2.9761402e+01      
1.9962084e+02 -3.0860412e+01      
1.9924840e+02 -3.1627577e+01      
1.9923464e+02 -3.2017714e+01      
1.9954798e+02 -3.1956642e+01      
2.0013919e+02 -3.1455638e+01      
2.0093361e+02 -3.0635887e+01      
2.0184003e+02 -2.9737448e+01      
2.0277716e+02 -2.9045746e+01      
2.0126977e+02 -3.0646793e+01      
2.0091185e+02 -3.3578878e+01      
2.0107233e+02 -3.6959133e+01      
2.0172126e+02 -4.0695834e+01      
2.0200041e+02 -4.3831467e+01      
2.0165732e+02 -4.6332632e+01      
2.0042111e+02 -4.8421521e+01      
1.9859667e+02 -5.1149394e+01      
1.9656645e+02 -5.4605937e+01      
1.9461812e+02 -5.8468368e+01      
1.9300166e+02 -6.1970236e+01      
1.9186974e+02 -6.3048251e+01      
1.9117687e+02 -6.3663591e+01      
1.9078419e+02 -6.4290209e+01      
1.9070227e+02 -6.4526940e+01      
1.9096002e+02 -6.4124676e+01      
1.9154713e+02 -6.3035667e+01      
1.9238915e+02 -6.1371842e+01      
1.9335669e+02 -5.9487613e+01      
1.9430332e+02 -5.8034268e+01      
1.9212286e+02 -5.9175693e+01      
1.9127238e+02 -6.2515350e+01      
1.9089902e+02 -6.6252360e+01      
1.9099523e+02 -7.0252698e+01      
1.9083245e+02 -7.3488470e+01      
1.9013144e+02 -7.5991549e+01      
1.8867538e+02 -7.8137299e+01      
1.8685982e+02 -8.1261674e+01      
1.8477135e+02 -8.5513191e+01      
1.8265967e+02 -9.0401535e+01      
1.8100796e+02 -9.3789238e+01      
1.7994942e+02 -9.5214735e+01      
1.7946878e+02 -9.5191903e+01      
1.7908153e+02 -9.5927791e+01      
1.7890698e+02 -9.6170396e+01      
1.7910710e+02 -9.5487237e+01      
1.7975388e+02 -9.3715103e+01      
1.8074963e+02 -9.0976250e+01      
1.8187133e+02 -8.7700048e+01      
1.8282704e+02 -8.5507800e+01      
1.7963363e+02 -8.6284759e+01      
1.7812524e+02 -9.0102742e+01      
1.7710754e+02 -9.4066935e+01      
1.7663548e+02 -9.8007519e+01      
1.7620639e+02 -1.0103070e+02      
1.7554551e+02 -1.0329031e+02      
1.7425543e+02 -1.0544272e+02      
1.7250234e+02 -1.0885674e+02      
1.7023671e+02 -1.1386700e+02      
1.6804628e+02 -1.1859436e+02      
1.6636188e+02 -1.2196376e+02      
1.6538343e+02 -1.2358871e+02      
1.6504359e+02 -1.2374106e+02      
1.6498672e+02 -1.2331919e+02      
1.6461805e+02 -1.2370440e+02      
1.6468267e+02 -1.2286184e+02      
1.6543284e+02 -1.2035148e+02      
1.6664848e+02 -1.1655437e+02      
1.6770778e+02 -1.1328107e+02      
1.6858449e+02 -1.1084689e+02      
1.6421118e+02 -1.1137423e+02      
1.6180570e+02 -1.1591400e+02      
1.6009667e+02 -1.1996206e+02      
1.5906550e+02 -1.2339842e+02      
1.5853613e+02 -1.2593401e+02      
1.5834903e+02 -1.2752970e+02      
1.5748514e+02 -1.2973210e+02      
1.5599425e+02 -1.3297623e+02      
1.5398292e+02 -1.3730368e+02      
1.5160784e+02 -1.4223865e+02      
1.4983906e+02 -1.4578703e+02      
1.4900709e+02 -1.4747702e+02      
1.4895879e+02 -1.4745623e+02      
1.4878726e+02 -1.4728267e+02      
1.4843779e+02 -1.4704425e+02      
1.4820144e+02 -1.4616838e+02      
1.4914381e+02 -1.4282687e+02      
1.5019040e+02 -1.3923770e+02      
1.5108538e+02 -1.3613346e+02      
1.5182223e+02 -1.3367284e+02      
1.4651890e+02 -1.3361446e+02      
1.4356585e+02 -1.3818663e+02      
1.4140038e+02 -1.4209008e+02      
1.4003437e+02 -1.4520173e+02      
1.3941253e+02 -1.4743118e+02      
1.3943902e+02 -1.4881157e+02      
1.3881116e+02 -1.5088706e+02      
1.3755719e+02 -1.5379330e+02      
1.3586002e+02 -1.5740860e+02      
1.3388101e+02 -1.6145536e+02      
1.3196152e+02 -1.6528866e+02      
1.3130912e+02 -1.6716269e+02      
1.3086513e+02 -1.6847188e+02      
1.3047076e+02 -1.6882948e+02      
1.3009373e+02 -1.6809058e+02      
1.2980408e+02 -1.6633102e+02      
1.3069728e+02 -1.6261374e+02      
1.3154277e+02 -1.5913690e+02      
1.3223481e+02 -1.5617575e+02      
1.3279935e+02 -1.5374511e+02      
1.2709170e+02 -1.5260878e+02      
1.2406652e+02 -1.5670738e+02      
1.2177398e+02 -1.6024164e+02      
1.2021609e+02 -1.6311367e+02      
1.1937736e+02 -1.6528338e+02      
1.1922856e+02 -1.6679389e+02      
1.1854654e+02 -1.6883604e+02      
1.1738276e+02 -1.7145229e+02      
1.1590918e+02 -1.7450849e+02      
1.1428391e+02 -1.7781478e+02      
1.1276379e+02 -1.8105164e+02      
1.1166237e+02 -1.8399891e+02      
1.1073463e+02 -1.8719703e+02      
1.1011878e+02 -1.8812034e+02      
1.0982898e+02 -1.8672507e+02      
1.0994994e+02 -1.8296170e+02      
1.1042148e+02 -1.7928136e+02      
1.1095542e+02 -1.7602375e+02      
1.1142194e+02 -1.7321699e+02      
1.1179977e+02 -1.7085371e+02      
1.0620180e+02 -1.6832447e+02      
1.0372602e+02 -1.7151999e+02      
1.0158748e+02 -1.7454519e+02      
9.9925933e+01 -1.7719748e+02      
9.8734723e+01 -1.7944477e+02      
9.7855694e+01 -1.8142924e+02      
9.6870889e+01 -1.8355257e+02      
9.5662533e+01 -1.8595301e+02      
9.4288114e+01 -1.8858906e+02      
9.2850413e+01 -1.9135792e+02      
9.1475061e+01 -1.9416105e+02      
9.0216338e+01 -1.9713539e+02      
8.9003466e+01 -2.0046207e+02      
8.8251915e+01 -2.0141863e+02      
8.7963883e+01 -1.9991427e+02      
8.8171410e+01 -1.9605378e+02      
8.8422151e+01 -1.9263839e+02      
8.8690543e+01 -1.8968485e+02      
8.8938805e+01 -1.8708137e+02      
8.9133460e+01 -1.8482123e+02      
8.3783051e+01 -1.8099554e+02      
8.1603911e+01 -1.8361856e+02      
7.9603874e+01 -1.8621260e+02      
7.7877821e+01 -1.8863936e+02      
7.6425303e+01 -1.9086602e+02      
7.5150669e+01 -1.9296585e+02      
7.3904965e+01 -1.9507428e+02      
7.2603096e+01 -1.9727238e+02      
7.1246427e+01 -1.9955605e+02      
6.9883282e+01 -2.0187141e+02      
6.8574914e+01 -2.0415751e+02      
6.7361807e+01 -2.0636968e+02      
6.6295952e+01 -2.0819572e+02      
6.5529474e+01 -2.0870266e+02      
6.5110374e+01 -2.0759706e+02      
6.4990564e+01 -2.0521646e+02      
6.4996647e+01 -2.0255816e+02      
6.5048483e+01 -2.0001115e+02      
6.5106325e+01 -1.9765050e+02      
6.5135967e+01 -1.9551796e+02      
