2.6670384e+01 2.4276949e+02      
2.4833712e+01 2.4152985e+02      
2.3332868e+01 2.4024508e+02      
2.2170523e+01 2.3895000e+02      
2.1362767e+01 2.3767813e+02      
2.0933205e+01 2.3646067e+02      
2.0901290e+01 2.3532407e+02      
2.1269687e+01 2.3428397e+02      
2.2011727e+01 2.3333302e+02      
2.3061632e+01 2.3242260e+02      
2.4303920e+01 2.3141336e+02      
2.5613870e+01 2.3012114e+02      
2.7068591e+01 2.2878581e+02      
2.8742976e+01 2.2759475e+02      
3.0673348e+01 2.2663398e+02      
3.2870505e+01 2.2593658e+02      
3.5330531e+01 2.2550066e+02      
3.8045730e+01 2.2530233e+02      
4.1011820e+01 2.2530370e+02      
4.4231501e+01 2.2545763e+02      
5.5681525e+01 2.3335330e+02      
5.3993360e+01 2.3208225e+02      
5.2610274e+01 2.3074372e+02      
5.1529566e+01 2.2937704e+02      
5.0781548e+01 2.2802127e+02      
5.0415379e+01 2.2671560e+02      
5.0476461e+01 2.2549977e+02      
5.0989284e+01 2.2440972e+02      
5.1936882e+01 2.2346023e+02      
5.3230751e+01 2.2260227e+02      
5.4676105e+01 2.2162342e+02      
5.5874889e+01 2.1975122e+02      
5.7156364e+01 2.1783511e+02      
5.8660436e+01 2.1614658e+02      
6.0436231e+01 2.1477905e+02      
6.2480197e+01 2.1374700e+02      
6.4769061e+01 2.1302787e+02      
6.7280010e+01 2.1258073e+02      
6.9999801e+01 2.1235418e+02      
7.2928413e+01 2.1228964e+02      
8.3486109e+01 2.2035879e+02      
8.1999391e+01 2.1903671e+02      
8.0761947e+01 2.1762638e+02      
7.9746231e+01 2.1617080e+02      
7.9016601e+01 2.1471360e+02      
7.8671941e+01 2.1330033e+02      
7.8797200e+01 2.1198567e+02      
7.9459264e+01 2.1084356e+02      
8.0670354e+01 2.0993111e+02      
8.2287194e+01 2.0915806e+02      
8.3792373e+01 2.0779401e+02      
8.5050852e+01 2.0572542e+02      
8.6095647e+01 2.0317931e+02      
8.7372942e+01 2.0095451e+02      
8.8974167e+01 1.9919174e+02      
9.0859369e+01 1.9786703e+02      
9.2964934e+01 1.9691791e+02      
9.5245752e+01 1.9628082e+02      
9.7676453e+01 1.9588869e+02      
1.0025348e+02 1.9567019e+02      
1.0965918e+02 2.0401668e+02      
1.0846428e+02 2.0261951e+02      
1.0744088e+02 2.0111780e+02      
1.0642081e+02 1.9955224e+02      
1.0561650e+02 1.9797271e+02      
1.0521464e+02 1.9642179e+02      
1.0533436e+02 1.9495494e+02      
1.0608759e+02 1.9368205e+02      
1.0757133e+02 1.9274462e+02      
1.0927535e+02 1.9155750e+02      
1.1087180e+02 1.8982618e+02      
1.1220368e+02 1.8750917e+02      
1.1328963e+02 1.8479485e+02      
1.1434671e+02 1.8208987e+02      
1.1582529e+02 1.8002100e+02      
1.1758727e+02 1.7848770e+02      
1.1952104e+02 1.7738627e+02      
1.2156145e+02 1.7663607e+02      
1.2366878e+02 1.7615589e+02      
1.2583268e+02 1.7586178e+02      
1.3378062e+02 1.8460929e+02      
1.3300396e+02 1.8310199e+02      
1.3235757e+02 1.8149066e+02      
1.3115847e+02 1.7979196e+02      
1.3013964e+02 1.7807928e+02      
1.2957276e+02 1.7636466e+02      
1.2958805e+02 1.7467518e+02      
1.3025896e+02 1.7306709e+02      
1.3160775e+02 1.7157328e+02      
1.3351068e+02 1.7007248e+02      
1.3527933e+02 1.6800577e+02      
1.3668152e+02 1.6535695e+02      
1.3775446e+02 1.6234368e+02      
1.3904554e+02 1.5965247e+02      
1.4058357e+02 1.5748952e+02      
1.4229285e+02 1.5586078e+02      
1.4408700e+02 1.5470244e+02      
1.4589517e+02 1.5393213e+02      
1.4765911e+02 1.5345498e+02      
1.4934431e+02 1.5317694e+02      
1.5539982e+02 1.6247198e+02      
1.5510901e+02 1.6080089e+02      
1.5449908e+02 1.5903159e+02      
1.5344231e+02 1.5721098e+02      
1.5212419e+02 1.5538098e+02      
1.5129731e+02 1.5350264e+02      
1.5113786e+02 1.5155836e+02      
1.5166449e+02 1.4956224e+02      
1.5284398e+02 1.4751285e+02      
1.5458194e+02 1.4534919e+02      
1.5661150e+02 1.4292103e+02      
1.5812971e+02 1.3986933e+02      
1.5966217e+02 1.3681978e+02      
1.6127589e+02 1.3411744e+02      
1.6295358e+02 1.3193290e+02      
1.6466904e+02 1.3030075e+02      
1.6636608e+02 1.2918547e+02      
1.6796998e+02 1.2850619e+02      
1.6941153e+02 1.2813116e+02      
1.7054832e+02 1.2797043e+02      
1.7396567e+02 1.3801995e+02      
1.7374009e+02 1.3617660e+02      
1.7319784e+02 1.3423967e+02      
1.7224244e+02 1.3228018e+02      
1.7102183e+02 1.3031391e+02      
1.6992824e+02 1.2829362e+02      
1.6961435e+02 1.2609556e+02      
1.7001657e+02 1.2373980e+02      
1.7107395e+02 1.2121101e+02      
1.7271889e+02 1.1845112e+02      
1.7476770e+02 1.1538142e+02      
1.7687739e+02 1.1201810e+02      
1.7894749e+02 1.0874903e+02      
1.8089803e+02 1.0592561e+02      
1.8270790e+02 1.0372996e+02      
1.8445132e+02 1.0216624e+02      
1.8613288e+02 1.0117174e+02      
1.8751259e+02 1.0076702e+02      
1.8884049e+02 1.0056491e+02      
1.8937526e+02 1.0061431e+02      
1.8854551e+02 1.1185914e+02      
1.8853008e+02 1.0980394e+02      
1.8811968e+02 1.0767516e+02      
1.8719704e+02 1.0558301e+02      
1.8593367e+02 1.0350881e+02      
1.8503853e+02 1.0124653e+02      
1.8471619e+02 9.8788563e+01      
1.8502767e+02 9.6128362e+01      
1.8600222e+02 9.3222749e+01      
1.8766209e+02 8.9984421e+01      
1.9000772e+02 8.6303346e+01      
1.9284901e+02 8.2267518e+01      
1.9554207e+02 7.8488593e+01      
1.9782138e+02 7.5403163e+01      
1.9965892e+02 7.3229134e+01      
2.0122668e+02 7.1935224e+01      
2.0294837e+02 7.1169341e+01      
2.0371637e+02 7.1424046e+01      
2.0565647e+02 7.1252760e+01      
2.0562317e+02 7.1543152e+01      
1.9962454e+02 8.4335124e+01      
1.9950668e+02 8.2210438e+01      
1.9924398e+02 7.9863365e+01      
1.9831490e+02 7.7648861e+01      
1.9735439e+02 7.5305561e+01      
1.9661747e+02 7.2796639e+01      
1.9626987e+02 7.0115840e+01      
1.9645401e+02 6.7236020e+01      
1.9730674e+02 6.4087820e+01      
1.9894840e+02 6.0549102e+01      
2.0158789e+02 5.6383116e+01      
2.0549863e+02 5.1311027e+01      
2.0891751e+02 4.6728414e+01      
2.1152453e+02 4.3216526e+01      
2.1324764e+02 4.1100499e+01      
2.1405205e+02 4.0517085e+01      
2.1392061e+02 4.1363512e+01      
2.1481839e+02 4.1702718e+01      
2.1686207e+02 4.1363616e+01      
2.1641141e+02 4.1830115e+01      
2.0719329e+02 5.5863500e+01      
2.0721094e+02 5.3636398e+01      
2.0678936e+02 5.1210249e+01      
2.0615986e+02 4.8694649e+01      
2.0541159e+02 4.6084779e+01      
2.0470175e+02 4.3363973e+01      
2.0419578e+02 4.0526261e+01      
2.0410372e+02 3.7542292e+01      
2.0471661e+02 3.4315430e+01      
2.0616237e+02 3.0734325e+01      
2.0854049e+02 2.6623900e+01      
2.1189238e+02 2.1814526e+01      
2.1588573e+02 1.6444039e+01      
2.1881999e+02 1.2390238e+01      
2.2040980e+02 1.0321093e+01      
2.2062297e+02 1.0397231e+01      
2.1993778e+02 1.1901578e+01      
2.2063122e+02 1.2320422e+01      
2.2241507e+02 1.1806592e+01      
2.2170094e+02 1.2352734e+01      
2.1102631e+02 2.6928061e+01      
2.1094754e+02 2.4607025e+01      
2.1103039e+02 2.1916970e+01      
2.1068212e+02 1.9136495e+01      
2.1001218e+02 1.6305786e+01      
2.0917765e+02 1.3422360e+01      
2.0834983e+02 1.0485862e+01      
2.0776972e+02 7.5047029e+00      
2.0806660e+02 4.3402358e+00      
2.0920070e+02 9.5038942e-01      
2.1111614e+02 -2.7844983e+00      
2.1374002e+02 -6.9682651e+00      
2.1687037e+02 -1.1576748e+01      
2.2001506e+02 -1.6189976e+01      
2.2153720e+02 -1.8355843e+01      
2.2118768e+02 -1.7456780e+01      
2.2085508e+02 -1.6375219e+01      
2.2131284e+02 -1.6053649e+01      
2.2248754e+02 -1.6542232e+01      
2.2162238e+02 -1.6007772e+01      
2.1116480e+02 -1.9891546e+00      
2.1100756e+02 -4.3878002e+00      
2.1116131e+02 -7.2552850e+00      
2.1092671e+02 -1.0246597e+01      
2.1020854e+02 -1.3233692e+01      
2.0912299e+02 -1.6222959e+01      
2.0789652e+02 -1.9276697e+01      
2.0721601e+02 -2.2485457e+01      
2.0731077e+02 -2.5494214e+01      
2.0815226e+02 -2.8500308e+01      
2.0963563e+02 -3.1688141e+01      
2.1162626e+02 -3.5129926e+01      
2.1393293e+02 -3.8802644e+01      
2.1624895e+02 -4.2497127e+01      
2.1793763e+02 -4.5289466e+01      
2.1768717e+02 -4.4431028e+01      
2.1739099e+02 -4.3518029e+01      
2.1737777e+02 -4.3112451e+01      
2.1732831e+02 -4.2977573e+01      
2.1638479e+02 -4.2523623e+01      
2.0767168e+02 -3.0405520e+01      
2.0733306e+02 -3.2804383e+01      
2.0717998e+02 -3.5660842e+01      
2.0699325e+02 -3.8849232e+01      
2.0611623e+02 -4.1903598e+01      
2.0471886e+02 -4.4938394e+01      
2.0345573e+02 -4.8405262e+01      
2.0259158e+02 -5.2211639e+01      
2.0253751e+02 -5.4870339e+01      
2.0317167e+02 -5.7307702e+01      
2.0432874e+02 -5.9822021e+01      
2.0584318e+02 -6.2488663e+01      
2.0753519e+02 -6.5276030e+01      
2.0921259e+02 -6.8135943e+01      
2.1057009e+02 -7.0697051e+01      
2.1047494e+02 -7.0110118e+01      
2.1017744e+02 -6.9462880e+01      
2.0984080e+02 -6.9079085e+01      
2.0929114e+02 -6.8794323e+01      
2.0830057e+02 -6.8450313e+01      
2.0067856e+02 -5.7871763e+01      
2.0015631e+02 -6.0227680e+01      
1.9975834e+02 -6.3048498e+01      
1.9934615e+02 -6.6244610e+01      
1.9816599e+02 -6.9191188e+01      
1.9678197e+02 -7.2426385e+01      
1.9543101e+02 -7.6184708e+01      
1.9428871e+02 -8.0341027e+01      
1.9394993e+02 -8.3281603e+01      
1.9447066e+02 -8.5080773e+01      
1.9543492e+02 -8.6845260e+01      
1.9662701e+02 -8.8732135e+01      
1.9788726e+02 -9.0678792e+01      
1.9903246e+02 -9.2562569e+01      
1.9980207e+02 -9.3966854e+01      
1.9992122e+02 -9.4234865e+01      
1.9966261e+02 -9.4061980e+01      
1.9917795e+02 -9.3843117e+01      
1.9844406e+02 -9.3621314e+01      
1.9741223e+02 -9.3387297e+01      
1.9037916e+02 -8.3970207e+01      
1.8969535e+02 -8.6240394e+01      
1.8906661e+02 -8.8949730e+01      
1.8839325e+02 -9.2042676e+01      
1.8709640e+02 -9.4944466e+01      
1.8567419e+02 -9.8242392e+01      
1.8419781e+02 -1.0207476e+02      
1.8277708e+02 -1.0629698e+02      
1.8216272e+02 -1.0935183e+02      
1.8238300e+02 -1.1123425e+02      
1.8325167e+02 -1.1231819e+02      
1.8422523e+02 -1.1352170e+02      
1.8522774e+02 -1.1468342e+02      
1.8602269e+02 -1.1580445e+02      
1.8646563e+02 -1.1667217e+02      
1.8650471e+02 -1.1709598e+02      
1.8619733e+02 -1.1718646e+02      
1.8561328e+02 -1.1712119e+02      
1.8477606e+02 -1.1699109e+02      
1.8369427e+02 -1.1684172e+02      
1.7700584e+02 -1.0831676e+02      
1.7618618e+02 -1.1046074e+02      
1.7534014e+02 -1.1297012e+02      
1.7436810e+02 -1.1576698e+02      
1.7311940e+02 -1.1872545e+02      
1.7168649e+02 -1.2199295e+02      
1.7012231e+02 -1.2568996e+02      
1.6853091e+02 -1.2968544e+02      
1.6777706e+02 -1.3255899e+02      
1.6781719e+02 -1.3434599e+02      
1.6829819e+02 -1.3552036e+02      
1.6899577e+02 -1.3639032e+02      
1.6989640e+02 -1.3682954e+02      
1.7042979e+02 -1.3747187e+02      
1.7061758e+02 -1.3806157e+02      
1.7048508e+02 -1.3843718e+02      
1.7005759e+02 -1.3859707e+02      
1.6936736e+02 -1.3860738e+02      
1.6843887e+02 -1.3853354e+02      
1.6729348e+02 -1.3842761e+02      
1.6082807e+02 -1.3056738e+02      
1.5991381e+02 -1.3256751e+02      
1.5893294e+02 -1.3487952e+02      
1.5783166e+02 -1.3746058e+02      
1.5655897e+02 -1.4028606e+02      
1.5510555e+02 -1.4339384e+02      
1.5352326e+02 -1.4678462e+02      
1.5202587e+02 -1.5020580e+02      
1.5132624e+02 -1.5262488e+02      
1.5143390e+02 -1.5397607e+02      
1.5164603e+02 -1.5508560e+02      
1.5195473e+02 -1.5593558e+02      
1.5230224e+02 -1.5653015e+02      
1.5247434e+02 -1.5706093e+02      
1.5239821e+02 -1.5751196e+02      
1.5206851e+02 -1.5781754e+02      
1.5149222e+02 -1.5796603e+02      
1.5068364e+02 -1.5798585e+02      
1.4965968e+02 -1.5791977e+02      
1.4843954e+02 -1.5781200e+02      
1.4214355e+02 -1.5041440e+02      
1.4117795e+02 -1.5226668e+02      
1.4013402e+02 -1.5439076e+02      
1.3898596e+02 -1.5675695e+02      
1.3770661e+02 -1.5934861e+02      
1.3625291e+02 -1.6219097e+02      
1.3463017e+02 -1.6526419e+02      
1.3372111e+02 -1.6763889e+02      
1.3308512e+02 -1.6961789e+02      
1.3279542e+02 -1.7107216e+02      
1.3266670e+02 -1.7219814e+02      
1.3260237e+02 -1.7307575e+02      
1.3253216e+02 -1.7374161e+02      
1.3236220e+02 -1.7425289e+02      
1.3202687e+02 -1.7463074e+02      
1.3149768e+02 -1.7486906e+02      
1.3076633e+02 -1.7497052e+02      
1.2983535e+02 -1.7495495e+02      
1.2871355e+02 -1.7485351e+02      
1.2741415e+02 -1.7470223e+02      
1.2127295e+02 -1.6758598e+02      
1.2028908e+02 -1.6928944e+02      
1.1922591e+02 -1.7122423e+02      
1.1807636e+02 -1.7335888e+02      
1.1683714e+02 -1.7566113e+02      
1.1551996e+02 -1.7808927e+02      
1.1423912e+02 -1.8049683e+02      
1.1325894e+02 -1.8257241e+02      
1.1251105e+02 -1.8431804e+02      
1.1195241e+02 -1.8572950e+02      
1.1152384e+02 -1.8684146e+02      
1.1115359e+02 -1.8770313e+02      
1.1077674e+02 -1.8835219e+02      
1.1033101e+02 -1.8882169e+02      
1.0976690e+02 -1.8913329e+02      
1.0905351e+02 -1.8929871e+02      
1.0817540e+02 -1.8933036e+02      
1.0712765e+02 -1.8924743e+02      
1.0591252e+02 -1.8907581e+02      
1.0453721e+02 -1.8884569e+02      
9.8559953e+01 -1.8185099e+02      
9.7579280e+01 -1.8340746e+02      
9.6521704e+01 -1.8515432e+02      
9.5393212e+01 -1.8705552e+02      
9.4207930e+01 -1.8906594e+02      
9.3000716e+01 -1.9111950e+02      
9.1845510e+01 -1.9310816e+02      
9.0824537e+01 -1.9490935e+02      
8.9954584e+01 -1.9646212e+02      
8.9213290e+01 -1.9775020e+02      
8.8562812e+01 -1.9878161e+02      
8.7955702e+01 -1.9957832e+02      
8.7343052e+01 -2.0016485e+02      
8.6678904e+01 -2.0056411e+02      
8.5924863e+01 -2.0079510e+02      
8.5053151e+01 -2.0087361e+02      
8.4046433e+01 -2.0081565e+02      
8.2895911e+01 -2.0064038e+02      
8.1599232e+01 -2.0037084e+02      
8.0158750e+01 -2.0003310e+02      
