1.6613032e+01 2.4150580e+02      
1.5693632e+01 2.3961267e+02      
1.5310845e+01 2.3779526e+02      
1.5447218e+01 2.3609552e+02      
1.6077082e+01 2.3454855e+02      
1.7162762e+01 2.3318062e+02      
1.8647634e+01 2.3200735e+02      
2.0446830e+01 2.3103182e+02      
2.2439485e+01 2.3024256e+02      
2.4472296e+01 2.2961301e+02      
2.6392917e+01 2.2910890e+02      
2.8123368e+01 2.2871102e+02      
2.9708809e+01 2.2843173e+02      
3.1269772e+01 2.2829782e+02      
3.2929693e+01 2.2832778e+02      
3.4782775e+01 2.2852474e+02      
3.6892167e+01 2.2887718e+02      
3.9299363e+01 2.2936093e+02      
4.2034053e+01 2.2994105e+02      
4.5120100e+01 2.3057408e+02      
4.4708087e+01 2.3109301e+02      
4.4009357e+01 2.2914572e+02      
4.3866400e+01 2.2726820e+02      
4.4265172e+01 2.2550853e+02      
4.5186733e+01 2.2390710e+02      
4.6603088e+01 2.2249413e+02      
4.8466437e+01 2.2128758e+02      
5.0690470e+01 2.2029071e+02      
5.3125655e+01 2.1948734e+02      
5.5538719e+01 2.1883296e+02      
5.7630130e+01 2.1824922e+02      
5.9217455e+01 2.1768175e+02      
6.0444866e+01 2.1717938e+02      
6.1574885e+01 2.1681308e+02      
6.2805430e+01 2.1661865e+02      
6.4253469e+01 2.1660360e+02      
6.5978561e+01 2.1675622e+02      
6.8011141e+01 2.1704961e+02      
7.0372592e+01 2.1744393e+02      
7.3083833e+01 2.1788915e+02      
7.1532648e+01 2.1701353e+02      
7.1074959e+01 2.1498964e+02      
7.1188208e+01 2.1303317e+02      
7.1861340e+01 2.1120067e+02      
7.3086223e+01 2.0953964e+02      
7.4855427e+01 2.0808563e+02      
7.7149535e+01 2.0686092e+02      
7.9908404e+01 2.0587314e+02      
8.2980249e+01 2.0511041e+02      
8.6057537e+01 2.0452555e+02      
8.8544734e+01 2.0395628e+02      
8.9744253e+01 2.0314840e+02      
9.0309082e+01 2.0235444e+02      
9.0793131e+01 2.0172840e+02      
9.1462769e+01 2.0130664e+02      
9.2428560e+01 2.0109206e+02      
9.3715160e+01 2.0106957e+02      
9.5321015e+01 2.0120818e+02      
9.7250965e+01 2.0146101e+02      
9.9523267e+01 2.0176839e+02      
9.6647602e+01 1.9950051e+02      
9.6448361e+01 1.9737037e+02      
9.6828099e+01 1.9530863e+02      
9.7772726e+01 1.9338440e+02      
9.9287045e+01 1.9165437e+02      
1.0139603e+02 1.9015989e+02      
1.0413597e+02 1.8892816e+02      
1.0752589e+02 1.8797464e+02      
1.1148451e+02 1.8730574e+02      
1.1565977e+02 1.8689931e+02      
1.1912601e+02 1.8657324e+02      
1.1934156e+02 1.8531795e+02      
1.1879315e+02 1.8415494e+02      
1.1836588e+02 1.8324942e+02      
1.1836640e+02 1.8260622e+02      
1.1882051e+02 1.8221059e+02      
1.1965518e+02 1.8204412e+02      
1.2080490e+02 1.8207304e+02      
1.2225319e+02 1.8224095e+02      
1.2402419e+02 1.8247319e+02      
1.1964117e+02 1.7884169e+02      
1.1972100e+02 1.7656554e+02      
1.2037943e+02 1.7436018e+02      
1.2157528e+02 1.7231782e+02      
1.2332900e+02 1.7050510e+02      
1.2570501e+02 1.6896701e+02      
1.2881425e+02 1.6773285e+02      
1.3284196e+02 1.6682265e+02      
1.3787828e+02 1.6625387e+02      
1.4338996e+02 1.6599363e+02      
1.4664997e+02 1.6537108e+02      
1.4706127e+02 1.6422439e+02      
1.4514462e+02 1.6276469e+02      
1.4360451e+02 1.6161548e+02      
1.4293279e+02 1.6077472e+02      
1.4295979e+02 1.6022032e+02      
1.4340096e+02 1.5994471e+02      
1.4409040e+02 1.5992066e+02      
1.4500499e+02 1.6007758e+02      
1.4620494e+02 1.6031441e+02      
1.4012690e+02 1.5537976e+02      
1.4052041e+02 1.5290386e+02      
1.4151184e+02 1.5048846e+02      
1.4290514e+02 1.4829832e+02      
1.4480993e+02 1.4638637e+02      
1.4731176e+02 1.4480073e+02      
1.5055121e+02 1.4356661e+02      
1.5489655e+02 1.4268911e+02      
1.6084837e+02 1.4214880e+02      
1.6608035e+02 1.4155051e+02      
1.6920005e+02 1.4072498e+02      
1.6971561e+02 1.3964780e+02      
1.6804463e+02 1.3839283e+02      
1.6554254e+02 1.3712402e+02      
1.6454952e+02 1.3612230e+02      
1.6444964e+02 1.3541809e+02      
1.6466165e+02 1.3505981e+02      
1.6488952e+02 1.3505696e+02      
1.6518265e+02 1.3530613e+02      
1.6571650e+02 1.3565177e+02      
1.5773368e+02 1.2951494e+02      
1.5843738e+02 1.2679321e+02      
1.5991714e+02 1.2405080e+02      
1.6142370e+02 1.2167214e+02      
1.6342525e+02 1.1962267e+02      
1.6588711e+02 1.1799253e+02      
1.6889931e+02 1.1678186e+02      
1.7267180e+02 1.1593102e+02      
1.7738064e+02 1.1527651e+02      
1.8268985e+02 1.1448515e+02      
1.8585961e+02 1.1352832e+02      
1.8626167e+02 1.1251426e+02      
1.8442975e+02 1.1140915e+02      
1.8310801e+02 1.1018350e+02      
1.8274990e+02 1.0903408e+02      
1.8306117e+02 1.0812759e+02      
1.8338907e+02 1.0765998e+02      
1.8303023e+02 1.0780286e+02      
1.8250101e+02 1.0830495e+02      
1.8222898e+02 1.0889848e+02      
1.7213743e+02 1.0169011e+02      
1.7298572e+02 9.8737242e+01      
1.7454886e+02 9.5755778e+01      
1.7669417e+02 9.2895125e+01      
1.7884573e+02 9.0647476e+01      
1.8112369e+02 8.9012297e+01      
1.8364590e+02 8.7905353e+01      
1.8648682e+02 8.7204932e+01      
1.8967846e+02 8.6703450e+01      
1.9344864e+02 8.5898597e+01      
1.9676634e+02 8.4804827e+01      
1.9695470e+02 8.3894288e+01      
1.9660172e+02 8.2751830e+01      
1.9664135e+02 8.1406965e+01      
1.9737483e+02 7.9988158e+01      
1.9864137e+02 7.8720681e+01      
1.9970987e+02 7.7999330e+01      
1.9831845e+02 7.8517865e+01      
1.9665402e+02 7.9512960e+01      
1.9539967e+02 8.0535589e+01      
1.8312938e+02 7.2357194e+01      
1.8404356e+02 6.9164274e+01      
1.8564622e+02 6.5936474e+01      
1.8789015e+02 6.2795578e+01      
1.8997170e+02 6.0474678e+01      
1.9192321e+02 5.8963676e+01      
1.9384700e+02 5.8100123e+01      
1.9580425e+02 5.7668475e+01      
1.9821013e+02 5.7105395e+01      
2.0085892e+02 5.6313058e+01      
2.0313190e+02 5.5330908e+01      
2.0430994e+02 5.4267513e+01      
2.0513397e+02 5.2999210e+01      
2.0631730e+02 5.1430261e+01      
2.0823061e+02 4.9577989e+01      
2.1064307e+02 4.7775098e+01      
2.1142169e+02 4.7117232e+01      
2.1011183e+02 4.7768439e+01      
2.0718854e+02 4.9492862e+01      
2.0483232e+02 5.1140325e+01      
1.9059040e+02 4.1971855e+01      
1.9151776e+02 3.8521643e+01      
1.9303719e+02 3.5103543e+01      
1.9506780e+02 3.1877489e+01      
1.9684824e+02 2.9698120e+01      
1.9836329e+02 2.8498555e+01      
1.9972236e+02 2.7987012e+01      
2.0136790e+02 2.7488739e+01      
2.0329796e+02 2.6859549e+01      
2.0532745e+02 2.6063763e+01      
2.0716531e+02 2.5114571e+01      
2.0865459e+02 2.4019493e+01      
2.1004318e+02 2.2710844e+01      
2.1186971e+02 2.1009189e+01      
2.1469602e+02 1.8688340e+01      
2.1686712e+02 1.6901920e+01      
2.1744015e+02 1.6326273e+01      
2.1612947e+02 1.7157655e+01      
2.1329745e+02 1.9120813e+01      
2.0998718e+02 2.1471451e+01      
1.9446918e+02 1.0988303e+01      
1.9538482e+02 7.2209165e+00      
1.9674095e+02 3.6568659e+00      
1.9839012e+02 5.7162013e-01      
1.9972277e+02 -1.1879666e+00      
2.0077929e+02 -1.9016292e+00      
2.0198583e+02 -2.4200188e+00      
2.0342551e+02 -2.9703188e+00      
2.0505637e+02 -3.6376271e+00      
2.0675531e+02 -4.4422731e+00      
2.0837300e+02 -5.3704683e+00      
2.0983653e+02 -6.4075707e+00      
2.1125090e+02 -7.5854966e+00      
2.1288665e+02 -9.0110537e+00      
2.1494795e+02 -1.0784005e+01      
2.1712651e+02 -1.2724886e+01      
2.1761965e+02 -1.3289000e+01      
2.1613130e+02 -1.2145484e+01      
2.1306279e+02 -9.7148968e+00      
2.1032999e+02 -7.6096863e+00      
1.9476956e+02 -2.0128295e+01      
1.9572477e+02 -2.4407769e+01      
1.9696917e+02 -2.8237257e+01      
1.9807112e+02 -3.0770697e+01      
1.9886163e+02 -3.1749841e+01      
1.9973296e+02 -3.2277494e+01      
2.0079647e+02 -3.2725982e+01      
2.0206762e+02 -3.3257653e+01      
2.0350209e+02 -3.3934143e+01      
2.0501107e+02 -3.4754171e+01      
2.0647760e+02 -3.5670329e+01      
2.0778480e+02 -3.6607231e+01      
2.0890801e+02 -3.7524564e+01      
2.0998440e+02 -3.8477060e+01      
2.1111891e+02 -3.9518173e+01      
2.1217216e+02 -4.0560950e+01      
2.1258840e+02 -4.1153504e+01      
2.1084151e+02 -3.9597265e+01      
2.0856653e+02 -3.7676010e+01      
2.0643723e+02 -3.5926646e+01      
1.9150763e+02 -5.0834189e+01      
1.9257101e+02 -5.5908288e+01      
1.9402201e+02 -6.0632878e+01      
1.9426900e+02 -6.1732323e+01      
1.9466041e+02 -6.2031304e+01      
1.9531781e+02 -6.2180936e+01      
1.9622070e+02 -6.2418593e+01      
1.9734790e+02 -6.2864969e+01      
1.9865492e+02 -6.3544081e+01      
2.0007039e+02 -6.4415725e+01      
2.0149083e+02 -6.5388822e+01      
2.0267971e+02 -6.6274461e+01      
2.0330148e+02 -6.6832800e+01      
2.0367067e+02 -6.7229095e+01      
2.0393770e+02 -6.7549294e+01      
2.0400673e+02 -6.7717754e+01      
2.0357021e+02 -6.7439830e+01      
2.0225542e+02 -6.6302212e+01      
2.0053635e+02 -6.4796151e+01      
1.9882660e+02 -6.3305497e+01      
1.8472116e+02 -8.0503745e+01      
1.8575424e+02 -8.6395097e+01      
1.8694664e+02 -9.1395681e+01      
1.8700096e+02 -9.1984807e+01      
1.8712731e+02 -9.1463278e+01      
1.8757169e+02 -9.0993201e+01      
1.8831817e+02 -9.0901124e+01      
1.8932769e+02 -9.1237349e+01      
1.9055789e+02 -9.1950722e+01      
1.9195506e+02 -9.2948891e+01      
1.9345960e+02 -9.4108598e+01      
1.9483774e+02 -9.5171536e+01      
1.9463155e+02 -9.5189396e+01      
1.9421254e+02 -9.4975082e+01      
1.9370661e+02 -9.4639926e+01      
1.9303387e+02 -9.4136924e+01      
1.9207907e+02 -9.3352316e+01      
1.9078929e+02 -9.2216036e+01      
1.8930507e+02 -9.0856128e+01      
1.8782790e+02 -8.9468764e+01      
1.7452294e+02 -1.0840847e+02      
1.7549534e+02 -1.1530528e+02      
1.7618662e+02 -1.1967321e+02      
1.7637723e+02 -1.2081581e+02      
1.7629376e+02 -1.1924107e+02      
1.7656241e+02 -1.1795885e+02      
1.7717884e+02 -1.1750545e+02      
1.7809564e+02 -1.1778790e+02      
1.7928130e+02 -1.1861477e+02      
1.8071305e+02 -1.1985369e+02      
1.8228685e+02 -1.2130757e+02      
1.8350244e+02 -1.2245485e+02      
1.8288361e+02 -1.2214091e+02      
1.8178091e+02 -1.2133948e+02      
1.8057187e+02 -1.2038800e+02      
1.7929746e+02 -1.1934933e+02      
1.7793991e+02 -1.1819554e+02      
1.7650758e+02 -1.1690015e+02      
1.7506511e+02 -1.1549952e+02      
1.7370073e+02 -1.1408497e+02      
1.6102993e+02 -1.3323202e+02      
1.6153906e+02 -1.3901741e+02      
1.6192552e+02 -1.4284515e+02      
1.6212530e+02 -1.4443868e+02      
1.6222373e+02 -1.4394766e+02      
1.6241665e+02 -1.4206296e+02      
1.6294539e+02 -1.4153184e+02      
1.6378501e+02 -1.4194718e+02      
1.6492437e+02 -1.4299329e+02      
1.6640197e+02 -1.4457568e+02      
1.6817355e+02 -1.4655565e+02      
1.6892956e+02 -1.4757146e+02      
1.6830567e+02 -1.4730019e+02      
1.6653029e+02 -1.4588191e+02      
1.6464614e+02 -1.4431057e+02      
1.6281705e+02 -1.4279149e+02      
1.6107733e+02 -1.4132697e+02      
1.5945246e+02 -1.3985274e+02      
1.5797772e+02 -1.3833493e+02      
1.5667979e+02 -1.3680399e+02      
1.4436331e+02 -1.5200438e+02      
1.4457057e+02 -1.5657979e+02      
1.4476682e+02 -1.5991991e+02      
1.4492494e+02 -1.6183805e+02      
1.4508690e+02 -1.6244588e+02      
1.4535020e+02 -1.6229551e+02      
1.4583652e+02 -1.6247525e+02      
1.4659425e+02 -1.6326085e+02      
1.4764657e+02 -1.6460536e+02      
1.4900311e+02 -1.6644472e+02      
1.5046377e+02 -1.6849094e+02      
1.5088343e+02 -1.6941816e+02      
1.5018816e+02 -1.6920704e+02      
1.4848821e+02 -1.6795424e+02      
1.4603393e+02 -1.6584762e+02      
1.4367956e+02 -1.6391669e+02      
1.4155842e+02 -1.6224292e+02      
1.3972811e+02 -1.6065227e+02      
1.3821395e+02 -1.5900779e+02      
1.3700373e+02 -1.5729715e+02      
1.2527010e+02 -1.6838498e+02      
1.2526855e+02 -1.7210133e+02      
1.2531126e+02 -1.7507847e+02      
1.2538367e+02 -1.7717562e+02      
1.2550943e+02 -1.7848771e+02      
1.2574332e+02 -1.7935335e+02      
1.2615242e+02 -1.8023312e+02      
1.2679687e+02 -1.8144468e+02      
1.2770524e+02 -1.8308464e+02      
1.2882379e+02 -1.8503738e+02      
1.2951764e+02 -1.8643645e+02      
1.2951394e+02 -1.8707815e+02      
1.2870207e+02 -1.8688954e+02      
1.2709970e+02 -1.8590704e+02      
1.2480104e+02 -1.8423339e+02      
1.2202236e+02 -1.8212030e+02      
1.1950921e+02 -1.8053709e+02      
1.1747540e+02 -1.7899009e+02      
1.1595428e+02 -1.7725219e+02      
1.1491675e+02 -1.7529880e+02      
1.0410998e+02 -1.8251029e+02      
1.0395007e+02 -1.8568296e+02      
1.0385399e+02 -1.8839053e+02      
1.0381466e+02 -1.9054241e+02      
1.0384471e+02 -1.9219206e+02      
1.0397342e+02 -1.9352312e+02      
1.0424058e+02 -1.9478773e+02      
1.0470534e+02 -1.9625759e+02      
1.0539338e+02 -1.9809008e+02      
1.0565988e+02 -1.9900357e+02      
1.0572805e+02 -1.9977507e+02      
1.0536420e+02 -2.0013165e+02      
1.0443447e+02 -1.9993022e+02      
1.0290820e+02 -1.9918220e+02      
1.0080897e+02 -1.9800789e+02      
9.8193242e+01 -1.9672847e+02      
9.5279986e+01 -1.9582306e+02      
9.3096679e+01 -1.9446956e+02      
9.1615587e+01 -1.9268595e+02      
9.0816084e+01 -1.9047925e+02      
8.1220344e+01 -1.9401756e+02      
8.0929099e+01 -1.9681719e+02      
8.0703521e+01 -1.9930653e+02      
8.0539875e+01 -2.0142417e+02      
8.0443157e+01 -2.0319121e+02      
8.0424924e+01 -2.0470018e+02      
8.0497530e+01 -2.0607970e+02      
8.0661869e+01 -2.0744184e+02      
8.0834415e+01 -2.0871564e+02      
8.0794661e+01 -2.0955254e+02      
8.0518559e+01 -2.1007248e+02      
7.9919899e+01 -2.1025055e+02      
7.8911840e+01 -2.1002298e+02      
7.7458577e+01 -2.0940887e+02      
7.5558717e+01 -2.0852204e+02      
7.3198002e+01 -2.0760461e+02      
7.0427362e+01 -2.0687534e+02      
6.8338946e+01 -2.0558553e+02      
6.6926979e+01 -2.0380015e+02      
6.6187693e+01 -2.0155650e+02      
