2.5313405e+01 2.3371454e+02      
2.4578695e+01 2.3235975e+02      
2.4171193e+01 2.3120875e+02      
2.3981842e+01 2.3036715e+02      
2.3891331e+01 2.2994024e+02      
2.3820790e+01 2.3000651e+02      
2.3765280e+01 2.3059795e+02      
2.3793521e+01 2.3169579e+02      
2.4014955e+01 2.3324151e+02      
2.4529497e+01 2.3515531e+02      
2.5398827e+01 2.3734423e+02      
2.6643839e+01 2.3969921e+02      
2.8250656e+01 2.4209044e+02      
3.0177659e+01 2.4436242e+02      
3.2370593e+01 2.4634048e+02      
3.4824970e+01 2.4792708e+02      
3.7636122e+01 2.4919810e+02      
4.0902601e+01 2.5024694e+02      
4.4671079e+01 2.5109793e+02      
4.8951052e+01 2.5173409e+02      
5.4262068e+01 2.2340600e+02      
5.3835840e+01 2.2182872e+02      
5.3780640e+01 2.2041512e+02      
5.3925762e+01 2.1931060e+02      
5.4041517e+01 2.1868342e+02      
5.3981669e+01 2.1865767e+02      
5.3741863e+01 2.1927913e+02      
5.3457083e+01 2.2051040e+02      
5.3345916e+01 2.2225337e+02      
5.3574632e+01 2.2440467e+02      
5.4220679e+01 2.2686401e+02      
5.5297380e+01 2.2951281e+02      
5.6770201e+01 2.3220451e+02      
5.8561565e+01 2.3475133e+02      
6.0520400e+01 2.3683325e+02      
6.2508274e+01 2.3809602e+02      
6.4848524e+01 2.3899048e+02      
6.7723897e+01 2.3973475e+02      
7.1167524e+01 2.4032384e+02      
7.5170504e+01 2.4071400e+02      
8.1895426e+01 2.0951456e+02      
8.1856898e+01 2.0763847e+02      
8.2323444e+01 2.0583940e+02      
8.3068898e+01 2.0430414e+02      
8.3538343e+01 2.0335952e+02      
8.3493632e+01 2.0319575e+02      
8.2935962e+01 2.0387604e+02      
8.2087358e+01 2.0533454e+02      
8.1480074e+01 2.0734909e+02      
8.1347289e+01 2.0979927e+02      
8.1748834e+01 2.1260733e+02      
8.2676232e+01 2.1565352e+02      
8.4066713e+01 2.1878288e+02      
8.5813078e+01 2.2180863e+02      
8.7615257e+01 2.2426234e+02      
8.8773217e+01 2.2473259e+02      
9.0486284e+01 2.2513704e+02      
9.2903234e+01 2.2558713e+02      
9.5979549e+01 2.2595206e+02      
9.9670001e+01 2.2614192e+02      
1.0769154e+02 1.9233697e+02      
1.0806351e+02 1.9010212e+02      
1.0916892e+02 1.8779954e+02      
1.1095758e+02 1.8556553e+02      
1.1192565e+02 1.8416154e+02      
1.1188995e+02 1.8380006e+02      
1.1089248e+02 1.8455715e+02      
1.0906851e+02 1.8640425e+02      
1.0784004e+02 1.8873814e+02      
1.0729258e+02 1.9151583e+02      
1.0744718e+02 1.9474407e+02      
1.0829544e+02 1.9831898e+02      
1.0962352e+02 2.0193863e+02      
1.1138113e+02 2.0550593e+02      
1.1250840e+02 2.0749243e+02      
1.1288694e+02 2.0757617e+02      
1.1399542e+02 2.0770164e+02      
1.1595715e+02 2.0796677e+02      
1.1866287e+02 2.0818906e+02      
1.2203043e+02 2.0824802e+02      
1.3114694e+02 1.7223886e+02      
1.3185317e+02 1.6962603e+02      
1.3339285e+02 1.6682980e+02      
1.3573591e+02 1.6396417e+02      
1.3723406e+02 1.6199702e+02      
1.3711158e+02 1.6138621e+02      
1.3576428e+02 1.6212488e+02      
1.3354064e+02 1.6413638e+02      
1.3185086e+02 1.6669364e+02      
1.3084858e+02 1.6975459e+02      
1.3066739e+02 1.7336873e+02      
1.3152057e+02 1.7760779e+02      
1.3259557e+02 1.8148135e+02      
1.3381486e+02 1.8478702e+02      
1.3442198e+02 1.8662641e+02      
1.3422265e+02 1.8673550e+02      
1.3486201e+02 1.8686689e+02      
1.3644186e+02 1.8711414e+02      
1.3881412e+02 1.8730582e+02      
1.4187355e+02 1.8732053e+02      
1.5182555e+02 1.4963310e+02      
1.5274940e+02 1.4664509e+02      
1.5448024e+02 1.4340893e+02      
1.5698471e+02 1.4008628e+02      
1.5955460e+02 1.3724264e+02      
1.5904125e+02 1.3636512e+02      
1.5735252e+02 1.3699459e+02      
1.5518162e+02 1.3882331e+02      
1.5312860e+02 1.4150428e+02      
1.5155769e+02 1.4479602e+02      
1.5069835e+02 1.4853891e+02      
1.5062059e+02 1.5253851e+02      
1.5115997e+02 1.5641661e+02      
1.5231279e+02 1.6000142e+02      
1.5276987e+02 1.6211611e+02      
1.5230167e+02 1.6260079e+02      
1.5267311e+02 1.6297946e+02      
1.5398826e+02 1.6336982e+02      
1.5609124e+02 1.6364550e+02      
1.5887520e+02 1.6370679e+02      
1.6937749e+02 1.2496927e+02      
1.7042073e+02 1.2160611e+02      
1.7227387e+02 1.1787491e+02      
1.7502094e+02 1.1384860e+02      
1.7823507e+02 1.0994330e+02      
1.7870073e+02 1.0814589e+02      
1.7664084e+02 1.0867650e+02      
1.7418799e+02 1.1049771e+02      
1.7149019e+02 1.1348413e+02      
1.6915023e+02 1.1710906e+02      
1.6747618e+02 1.2101942e+02      
1.6652822e+02 1.2497120e+02      
1.6627636e+02 1.2873290e+02      
1.6662515e+02 1.3208210e+02      
1.6719811e+02 1.3465136e+02      
1.6681033e+02 1.3572724e+02      
1.6714826e+02 1.3651486e+02      
1.6832436e+02 1.3716386e+02      
1.7022747e+02 1.3761698e+02      
1.7277461e+02 1.3780762e+02      
1.8352763e+02 9.8736141e+01      
1.8459161e+02 9.5020606e+01      
1.8646460e+02 9.0781234e+01      
1.8928408e+02 8.5995985e+01      
1.9273483e+02 8.1019471e+01      
1.9388823e+02 7.8225743e+01      
1.9283222e+02 7.7840789e+01      
1.9037751e+02 7.9503414e+01      
1.8665197e+02 8.3125883e+01      
1.8337960e+02 8.7297813e+01      
1.8086684e+02 9.1542051e+01      
1.7911816e+02 9.5637440e+01      
1.7809748e+02 9.9376910e+01      
1.7770154e+02 1.0258547e+02      
1.7766572e+02 1.0509891e+02      
1.7768778e+02 1.0680000e+02      
1.7816228e+02 1.0803243e+02      
1.7928028e+02 1.0898504e+02      
1.8103432e+02 1.0967618e+02      
1.8337771e+02 1.1006552e+02      
1.9407418e+02 7.1452085e+01      
1.9504575e+02 6.7456153e+01      
1.9678102e+02 6.2793640e+01      
1.9942145e+02 5.7365534e+01      
2.0270335e+02 5.1495959e+01      
2.0404454e+02 4.7906055e+01      
2.0342586e+02 4.6859674e+01      
2.0128004e+02 4.8097568e+01      
1.9792758e+02 5.1351979e+01      
1.9387420e+02 5.6120289e+01      
1.9065449e+02 6.0744483e+01      
1.8813628e+02 6.5163010e+01      
1.8646314e+02 6.8986225e+01      
1.8553655e+02 7.2127026e+01      
1.8514933e+02 7.4629436e+01      
1.8518679e+02 7.6571501e+01      
1.8570133e+02 7.8102326e+01      
1.8676598e+02 7.9337229e+01      
1.8839282e+02 8.0300664e+01      
1.9055446e+02 8.0949814e+01      
2.0089883e+02 4.3639738e+01      
2.0166412e+02 3.9485285e+01      
2.0309879e+02 3.4567680e+01      
2.0531922e+02 2.8731490e+01      
2.0808875e+02 2.2281373e+01      
2.0919035e+02 1.8226781e+01      
2.0856605e+02 1.6824373e+01      
2.0657003e+02 1.7739491e+01      
2.0353435e+02 2.0608333e+01      
1.9991995e+02 2.4879436e+01      
1.9649186e+02 2.9508503e+01      
1.9322799e+02 3.4390587e+01      
1.9113600e+02 3.8187153e+01      
1.8991462e+02 4.1168064e+01      
1.8932983e+02 4.3562989e+01      
1.8928068e+02 4.5532856e+01      
1.8974685e+02 4.7217033e+01      
1.9073544e+02 4.8696016e+01      
1.9223988e+02 4.9965209e+01      
1.9423332e+02 5.0944057e+01      
2.0397177e+02 1.5798127e+01      
2.0443491e+02 1.1642287e+01      
2.0543381e+02 6.6969833e+00      
2.0704222e+02 7.7664381e-01      
2.0903981e+02 -5.8318341e+00      
2.0960432e+02 -9.9410403e+00      
2.0866834e+02 -1.1344408e+01      
2.0652395e+02 -1.0433638e+01      
2.0354942e+02 -7.8208133e+00      
1.9992259e+02 -3.5921918e+00      
1.9672046e+02 4.5894996e-01      
1.9398127e+02 4.3009995e+00      
1.9196859e+02 7.5477898e+00      
1.9067655e+02 1.0139132e+01      
1.9000102e+02 1.2230852e+01      
1.8987526e+02 1.4049528e+01      
1.9027131e+02 1.5775518e+01      
1.9117460e+02 1.7481474e+01      
1.9256100e+02 1.9123867e+01      
1.9439669e+02 2.0542488e+01      
2.0334765e+02 -1.1619924e+01      
2.0344533e+02 -1.5609647e+01      
2.0392174e+02 -2.0327930e+01      
2.0479573e+02 -2.5945479e+01      
2.0584876e+02 -3.2166840e+01      
2.0567197e+02 -3.5781540e+01      
2.0425636e+02 -3.6959361e+01      
2.0169893e+02 -3.5745206e+01      
1.9882215e+02 -3.3862104e+01      
1.9582929e+02 -3.1138417e+01      
1.9311721e+02 -2.8085727e+01      
1.9083213e+02 -2.5120474e+01      
1.8905117e+02 -2.2541392e+01      
1.8781938e+02 -2.0532724e+01      
1.8713103e+02 -1.9036272e+01      
1.8695287e+02 -1.7582676e+01      
1.8728271e+02 -1.5915380e+01      
1.8811099e+02 -1.3966974e+01      
1.8939346e+02 -1.1812268e+01      
1.9107728e+02 -9.7265645e+00      
1.9915437e+02 -3.8220682e+01      
1.9886457e+02 -4.1900863e+01      
1.9879388e+02 -4.6162604e+01      
1.9889899e+02 -5.1075336e+01      
1.9895036e+02 -5.6303457e+01      
1.9791627e+02 -5.8756051e+01      
1.9613150e+02 -6.0104545e+01      
1.9365046e+02 -6.0378371e+01      
1.9086581e+02 -5.9909466e+01      
1.8826165e+02 -5.8411526e+01      
1.8605157e+02 -5.6103215e+01      
1.8415525e+02 -5.3734494e+01      
1.8259307e+02 -5.1683313e+01      
1.8144481e+02 -5.0236408e+01      
1.8077526e+02 -4.9668721e+01      
1.8053292e+02 -4.8790136e+01      
1.8079397e+02 -4.7278093e+01      
1.8157616e+02 -4.5043098e+01      
1.8280106e+02 -4.2206342e+01      
1.8434110e+02 -3.9138419e+01      
1.9157756e+02 -6.3667319e+01      
1.9092028e+02 -6.6954816e+01      
1.9034584e+02 -7.0641377e+01      
1.8975868e+02 -7.4604793e+01      
1.8893019e+02 -7.8363628e+01      
1.8751161e+02 -8.1054998e+01      
1.8548042e+02 -8.2982281e+01      
1.8285777e+02 -8.4504527e+01      
1.7982998e+02 -8.5809775e+01      
1.7741716e+02 -8.5301978e+01      
1.7578671e+02 -8.3150203e+01      
1.7423961e+02 -8.1189109e+01      
1.7283737e+02 -7.9439076e+01      
1.7171614e+02 -7.8135219e+01      
1.7094542e+02 -7.7453599e+01      
1.7055100e+02 -7.7186516e+01      
1.7069731e+02 -7.5914071e+01      
1.7146805e+02 -7.3343522e+01      
1.7272066e+02 -6.9805748e+01      
1.7429235e+02 -6.6774506e+01      
1.8084369e+02 -8.7660844e+01      
1.7987082e+02 -9.0544231e+01      
1.7888780e+02 -9.3692078e+01      
1.7780147e+02 -9.6946345e+01      
1.7646708e+02 -1.0003502e+02      
1.7473076e+02 -1.0271040e+02      
1.7250308e+02 -1.0501639e+02      
1.6971900e+02 -1.0723594e+02      
1.6649861e+02 -1.0945621e+02      
1.6414022e+02 -1.0980390e+02      
1.6279029e+02 -1.0838437e+02      
1.6141277e+02 -1.0711021e+02      
1.6006140e+02 -1.0545743e+02      
1.5891102e+02 -1.0409040e+02      
1.5802830e+02 -1.0318795e+02      
1.5747230e+02 -1.0262125e+02      
1.5740199e+02 -1.0171220e+02      
1.5825402e+02 -9.8715123e+01      
1.5957020e+02 -9.5392469e+01      
1.6118460e+02 -9.2465063e+01      
1.6720706e+02 -1.0991630e+02      
1.6598431e+02 -1.1242868e+02      
1.6469797e+02 -1.1513453e+02      
1.6327843e+02 -1.1791165e+02      
1.6163664e+02 -1.2061446e+02      
1.5968344e+02 -1.2314089e+02      
1.5734752e+02 -1.2551410e+02      
1.5455141e+02 -1.2791159e+02      
1.5133652e+02 -1.3040795e+02      
1.4893041e+02 -1.3149980e+02      
1.4747421e+02 -1.3118756e+02      
1.4599231e+02 -1.3045136e+02      
1.4456179e+02 -1.2931024e+02      
1.4333070e+02 -1.2788384e+02      
1.4229926e+02 -1.2686125e+02      
1.4151283e+02 -1.2625027e+02      
1.4120466e+02 -1.2544846e+02      
1.4216516e+02 -1.2233084e+02      
1.4360967e+02 -1.1899147e+02      
1.4530343e+02 -1.1604000e+02      
1.5094391e+02 -1.3015271e+02      
1.4953588e+02 -1.3233821e+02      
1.4803623e+02 -1.3468190e+02      
1.4639829e+02 -1.3709507e+02      
1.4456844e+02 -1.3948893e+02      
1.4249711e+02 -1.4180412e+02      
1.4015095e+02 -1.4403674e+02      
1.3752962e+02 -1.4622654e+02      
1.3477217e+02 -1.4831503e+02      
1.3226112e+02 -1.4998690e+02      
1.3021164e+02 -1.5067169e+02      
1.2839923e+02 -1.5061494e+02      
1.2676804e+02 -1.5000068e+02      
1.2533632e+02 -1.4903196e+02      
1.2409238e+02 -1.4806919e+02      
1.2298336e+02 -1.4768088e+02      
1.2237203e+02 -1.4721181e+02      
1.2349165e+02 -1.4384058e+02      
1.2513290e+02 -1.4031573e+02      
1.2696784e+02 -1.3721195e+02      
1.3235195e+02 -1.4809920e+02      
1.3081509e+02 -1.4999724e+02      
1.2917321e+02 -1.5203243e+02      
1.2739819e+02 -1.5413762e+02      
1.2546084e+02 -1.5624926e+02      
1.2333891e+02 -1.5831968e+02      
1.2102820e+02 -1.6032276e+02      
1.1856003e+02 -1.6223902e+02      
1.1602441e+02 -1.6402116e+02      
1.1353722e+02 -1.6559180e+02      
1.1114289e+02 -1.6687175e+02      
1.0902575e+02 -1.6736706e+02      
1.0718336e+02 -1.6716482e+02      
1.0552361e+02 -1.6655634e+02      
1.0380875e+02 -1.6630915e+02      
1.0221156e+02 -1.6641809e+02      
1.0132575e+02 -1.6606497e+02      
1.0255158e+02 -1.6276951e+02      
1.0448741e+02 -1.5901360e+02      
1.0655786e+02 -1.5565120e+02      
1.1175109e+02 -1.6350704e+02      
1.1013206e+02 -1.6514956e+02      
1.0840275e+02 -1.6691264e+02      
1.0654917e+02 -1.6874232e+02      
1.0455887e+02 -1.7058732e+02      
1.0242667e+02 -1.7240416e+02      
1.0016180e+02 -1.7415799e+02      
9.7794951e+01 -1.7581631e+02      
9.5378248e+01 -1.7734128e+02      
9.2963431e+01 -1.7869648e+02      
9.0575329e+01 -1.7984874e+02      
8.8251816e+01 -1.8069295e+02      
8.6274706e+01 -1.8074123e+02      
8.4182992e+01 -1.8086064e+02      
8.1856818e+01 -1.8141680e+02      
7.9587109e+01 -1.8225154e+02      
7.8812745e+01 -1.8152825e+02      
7.9752727e+01 -1.7885290e+02      
8.2136309e+01 -1.7470336e+02      
8.4542277e+01 -1.7099698e+02      
8.9483041e+01 -1.7616009e+02      
8.7819331e+01 -1.7757304e+02      
8.6044516e+01 -1.7909092e+02      
8.4155002e+01 -1.8066830e+02      
8.2149540e+01 -1.8226117e+02      
8.0032898e+01 -1.8382933e+02      
7.7819578e+01 -1.8533673e+02      
7.5535838e+01 -1.8674960e+02      
7.3216875e+01 -1.8803470e+02      
7.0897455e+01 -1.8916057e+02      
6.8603186e+01 -1.9009736e+02      
6.6367732e+01 -1.9078735e+02      
6.4209608e+01 -1.9119520e+02      
6.1857676e+01 -1.9174509e+02      
5.9022012e+01 -1.9286356e+02      
5.7122357e+01 -1.9315506e+02      
5.6461297e+01 -1.9223388e+02      
5.7096831e+01 -1.9001311e+02      
5.8915573e+01 -1.8669286e+02      
6.1568844e+01 -1.8278796e+02      
