8.3536747e+00 2.3647858e+02      
6.8415222e+00 2.3284423e+02      
5.8359471e+00 2.2899525e+02      
5.2735885e+00 2.2491184e+02      
5.1193489e+00 2.2061927e+02      
5.3849626e+00 2.1621265e+02      
6.1064736e+00 2.1183436e+02      
7.2957344e+00 2.0763283e+02      
8.9079231e+00 2.0374783e+02      
1.0850798e+01 2.0031384e+02      
1.3020251e+01 1.9745465e+02      
1.5311439e+01 1.9527728e+02      
1.7586237e+01 1.9387587e+02      
1.9685962e+01 1.9332117e+02      
2.1541245e+01 1.9361806e+02      
2.3088825e+01 1.9470440e+02      
2.4171186e+01 1.9648462e+02      
2.5231865e+01 1.9878147e+02      
2.6518963e+01 2.0145810e+02      
2.8151791e+01 2.0440146e+02      
3.7901511e+01 2.2631877e+02      
3.6797436e+01 2.2272918e+02      
3.6206844e+01 2.1887982e+02      
3.5992990e+01 2.1464996e+02      
3.6087634e+01 2.1001703e+02      
3.6545357e+01 2.0511770e+02      
3.7495509e+01 2.0018091e+02      
3.9011121e+01 1.9539445e+02      
4.1032270e+01 1.9090808e+02      
4.3393973e+01 1.8688483e+02      
4.5954694e+01 1.8347650e+02      
4.8639198e+01 1.8080055e+02      
5.1295697e+01 1.7897308e+02      
5.3512496e+01 1.7815927e+02      
5.5227830e+01 1.7837637e+02      
5.6591643e+01 1.7949828e+02      
5.6677619e+01 1.8142797e+02      
5.6924189e+01 1.8382219e+02      
5.7429460e+01 1.8656453e+02      
5.8301155e+01 1.8954002e+02      
6.6233065e+01 2.1276283e+02      
6.5647221e+01 2.0933812e+02      
6.5646827e+01 2.0571208e+02      
6.5858644e+01 2.0142889e+02      
6.6142355e+01 1.9638638e+02      
6.6623531e+01 1.9080517e+02      
6.7705427e+01 1.8520911e+02      
6.9581523e+01 1.7977768e+02      
7.2180242e+01 1.7458760e+02      
7.5067155e+01 1.6988451e+02      
7.8043480e+01 1.6586462e+02      
8.1120202e+01 1.6265037e+02      
8.4378406e+01 1.6031026e+02      
8.6668325e+01 1.5926168e+02      
8.7971148e+01 1.5951555e+02      
8.8118984e+01 1.6099499e+02      
8.8002990e+01 1.6306616e+02      
8.7496565e+01 1.6560676e+02      
8.7064641e+01 1.6849229e+02      
8.7033315e+01 1.7157255e+02      
9.2792685e+01 1.9593092e+02      
9.2787974e+01 1.9270954e+02      
9.3677095e+01 1.8969176e+02      
9.4390334e+01 1.8542493e+02      
9.4803506e+01 1.7993802e+02      
9.4969205e+01 1.7336738e+02      
9.6036011e+01 1.6713931e+02      
9.8209895e+01 1.6113780e+02      
1.0162921e+02 1.5515525e+02      
1.0512967e+02 1.4968039e+02      
1.0849697e+02 1.4498717e+02      
1.1168438e+02 1.4127391e+02      
1.1457110e+02 1.3871765e+02      
1.1673585e+02 1.3753368e+02      
1.1793160e+02 1.3781300e+02      
1.1802168e+02 1.3949514e+02      
1.1808722e+02 1.4167701e+02      
1.1651550e+02 1.4443113e+02      
1.1490944e+02 1.4756741e+02      
1.1381146e+02 1.5084451e+02      
1.1702398e+02 1.7597115e+02      
1.1740127e+02 1.7260777e+02      
1.1874853e+02 1.6938228e+02      
1.1987729e+02 1.6494869e+02      
1.2059173e+02 1.5931883e+02      
1.2076070e+02 1.5263283e+02      
1.2180274e+02 1.4622057e+02      
1.2392920e+02 1.3999804e+02      
1.2714216e+02 1.3378059e+02      
1.3119480e+02 1.2756934e+02      
1.3496455e+02 1.2216887e+02      
1.3827157e+02 1.1792893e+02      
1.4102884e+02 1.1508522e+02      
1.4315150e+02 1.1378488e+02      
1.4459341e+02 1.1402403e+02      
1.4532149e+02 1.1557835e+02      
1.4499218e+02 1.1778920e+02      
1.4324508e+02 1.2068136e+02      
1.4035488e+02 1.2419583e+02      
1.3805820e+02 1.2777993e+02      
1.3850085e+02 1.5323772e+02      
1.3901896e+02 1.4941677e+02      
1.4024442e+02 1.4531878e+02      
1.4170593e+02 1.4056152e+02      
1.4302818e+02 1.3507509e+02      
1.4356075e+02 1.2899160e+02      
1.4458374e+02 1.2282837e+02      
1.4653035e+02 1.1667600e+02      
1.4944891e+02 1.1048390e+02      
1.5316152e+02 1.0426297e+02      
1.5727101e+02 9.8188335e+01      
1.6075855e+02 9.3355656e+01      
1.6349920e+02 9.0161097e+01      
1.6556555e+02 8.8792619e+01      
1.6718802e+02 8.9126824e+01      
1.6802482e+02 9.0319896e+01      
1.6759420e+02 9.2355193e+01      
1.6566382e+02 9.5297846e+01      
1.6252104e+02 9.8979076e+01      
1.5907758e+02 1.0293427e+02      
1.5694128e+02 1.2827549e+02      
1.5762631e+02 1.2402525e+02      
1.5905278e+02 1.1939650e+02      
1.6091400e+02 1.1436984e+02      
1.6232682e+02 1.0896831e+02      
1.6325869e+02 1.0328139e+02      
1.6409824e+02 9.7480435e+01      
1.6581716e+02 9.1560508e+01      
1.6854423e+02 8.5506987e+01      
1.7202291e+02 7.9421605e+01      
1.7579354e+02 7.3516873e+01      
1.7939282e+02 6.8115122e+01      
1.8204406e+02 6.4523138e+01      
1.8378349e+02 6.3122137e+01      
1.8484263e+02 6.3754511e+01      
1.8597709e+02 6.4507731e+01      
1.8562419e+02 6.6228177e+01      
1.8335143e+02 6.9221975e+01      
1.7959407e+02 7.3165035e+01      
1.7616460e+02 7.6955686e+01      
1.7207570e+02 1.0164760e+02      
1.7294008e+02 9.7051900e+01      
1.7470537e+02 9.2028528e+01      
1.7643875e+02 8.6861960e+01      
1.7782249e+02 8.1582445e+01      
1.7887523e+02 7.6209833e+01      
1.7988581e+02 7.0758874e+01      
1.8139937e+02 6.5162365e+01      
1.8419340e+02 5.9229462e+01      
1.8787083e+02 5.3168995e+01      
1.9149826e+02 4.7489615e+01      
1.9462856e+02 4.2502812e+01      
1.9699038e+02 3.8569686e+01      
1.9819377e+02 3.7100468e+01      
1.9885245e+02 3.7851718e+01      
1.9962431e+02 3.8697850e+01      
1.9959227e+02 3.9920170e+01      
1.9673747e+02 4.3015793e+01      
1.9303015e+02 4.6582714e+01      
1.8949984e+02 5.0129145e+01      
1.8365046e+02 7.3892553e+01      
1.8450501e+02 6.9027914e+01      
1.8613877e+02 6.3659911e+01      
1.8779529e+02 5.8482090e+01      
1.8908553e+02 5.3421161e+01      
1.9003029e+02 4.8450456e+01      
1.9092987e+02 4.3465302e+01      
1.9273956e+02 3.8105268e+01      
1.9587728e+02 3.2243941e+01      
2.0042380e+02 2.5898815e+01      
2.0409563e+02 2.0372883e+01      
2.0681621e+02 1.5868376e+01      
2.0844315e+02 1.2659766e+01      
2.0870826e+02 1.1261482e+01      
2.0934077e+02 1.1709463e+01      
2.1037402e+02 1.2243209e+01      
2.1060279e+02 1.3357369e+01      
2.0731382e+02 1.6015372e+01      
2.0313568e+02 1.9338805e+01      
1.9916287e+02 2.2751134e+01      
1.9152978e+02 4.5539108e+01      
1.9223772e+02 4.0527709e+01      
1.9358564e+02 3.4982483e+01      
1.9492044e+02 2.9761807e+01      
1.9606962e+02 2.4992659e+01      
1.9675082e+02 2.0559256e+01      
1.9783268e+02 1.5926408e+01      
1.9971232e+02 1.0930032e+01      
2.0272406e+02 5.4344329e+00      
2.0697758e+02 -5.9834978e-01      
2.1031557e+02 -5.7118401e+00      
2.1271044e+02 -9.7563868e+00      
2.1412688e+02 -1.2512231e+01      
2.1453291e+02 -1.3643041e+01      
2.1595273e+02 -1.4354438e+01      
2.1787984e+02 -1.4728943e+01      
2.1769256e+02 -1.3878306e+01      
2.1476756e+02 -1.1622928e+01      
2.0969856e+02 -8.2415222e+00      
2.0497990e+02 -4.7689214e+00      
1.9568832e+02 1.7090366e+01      
1.9618334e+02 1.2066411e+01      
1.9719643e+02 6.5006586e+00      
1.9819375e+02 1.3346881e+00      
1.9905006e+02 -3.2738211e+00      
1.9974067e+02 -7.3273335e+00      
2.0079075e+02 -1.1493773e+01      
2.0243963e+02 -1.5951354e+01      
2.0478864e+02 -2.0719359e+01      
2.0762654e+02 -2.5588985e+01      
2.1021801e+02 -2.9983720e+01      
2.1229748e+02 -3.3607950e+01      
2.1389898e+02 -3.6333883e+01      
2.1546636e+02 -3.8294438e+01      
2.1801139e+02 -4.0115830e+01      
2.1972364e+02 -4.1045659e+01      
2.1940799e+02 -4.0592741e+01      
2.1667241e+02 -3.8639199e+01      
2.1195666e+02 -3.5487652e+01      
2.0651499e+02 -3.1842397e+01      
1.9617100e+02 -1.0988871e+01      
1.9642427e+02 -1.5885698e+01      
1.9709221e+02 -2.1297468e+01      
1.9778332e+02 -2.6289569e+01      
1.9844064e+02 -3.0772207e+01      
1.9911446e+02 -3.4778068e+01      
1.9996381e+02 -3.8409493e+01      
2.0124285e+02 -4.2251655e+01      
2.0294190e+02 -4.6315236e+01      
2.0488672e+02 -5.0387554e+01      
2.0679937e+02 -5.4167218e+01      
2.0851064e+02 -5.7434856e+01      
2.1004684e+02 -6.0110315e+01      
2.1165210e+02 -6.2289583e+01      
2.1359006e+02 -6.4182442e+01      
2.1553115e+02 -6.5765488e+01      
2.1533033e+02 -6.5777461e+01      
2.1259389e+02 -6.3991729e+01      
2.0782556e+02 -6.0844076e+01      
2.0326942e+02 -5.7771914e+01      
1.9307792e+02 -3.8283221e+01      
1.9308657e+02 -4.2923461e+01      
1.9340831e+02 -4.7904611e+01      
1.9381140e+02 -5.2540842e+01      
1.9426869e+02 -5.6815448e+01      
1.9481059e+02 -6.0733646e+01      
1.9550269e+02 -6.4305944e+01      
1.9642103e+02 -6.7610674e+01      
1.9761639e+02 -7.1154371e+01      
1.9897352e+02 -7.4703904e+01      
2.0034884e+02 -7.8029007e+01      
2.0164387e+02 -8.0975076e+01      
2.0284499e+02 -8.3470425e+01      
2.0400540e+02 -8.5525736e+01      
2.0514226e+02 -8.7189665e+01      
2.0604449e+02 -8.8430578e+01      
2.0602971e+02 -8.8907113e+01      
2.0320938e+02 -8.7164623e+01      
1.9957914e+02 -8.4832271e+01      
1.9593266e+02 -8.2413851e+01      
1.8655310e+02 -6.4391076e+01      
1.8634416e+02 -6.8750639e+01      
1.8632439e+02 -7.2855383e+01      
1.8645930e+02 -7.6989706e+01      
1.8670614e+02 -8.0980752e+01      
1.8706423e+02 -8.4745264e+01      
1.8755488e+02 -8.8265279e+01      
1.8820093e+02 -9.1594333e+01      
1.8900464e+02 -9.4881378e+01      
1.8990842e+02 -9.8075526e+01      
1.9083000e+02 -1.0105070e+02      
1.9169999e+02 -1.0370099e+02      
1.9247660e+02 -1.0595931e+02      
1.9312765e+02 -1.0779323e+02      
1.9357620e+02 -1.0917568e+02      
1.9363049e+02 -1.1003251e+02      
1.9287819e+02 -1.1012551e+02      
1.9084119e+02 -1.0912383e+02      
1.8809150e+02 -1.0750219e+02      
1.8513710e+02 -1.0563544e+02      
1.7677361e+02 -8.8889514e+01      
1.7635649e+02 -9.2650724e+01      
1.7611607e+02 -9.6429592e+01      
1.7602425e+02 -1.0020645e+02      
1.7605717e+02 -1.0391353e+02      
1.7620398e+02 -1.0747897e+02      
1.7646434e+02 -1.1087358e+02      
1.7683674e+02 -1.1410693e+02      
1.7730492e+02 -1.1719846e+02      
1.7782915e+02 -1.2012098e+02      
1.7835446e+02 -1.2280756e+02      
1.7882459e+02 -1.2518668e+02      
1.7918694e+02 -1.2719973e+02      
1.7938191e+02 -1.2880107e+02      
1.7931913e+02 -1.2994413e+02      
1.7885405e+02 -1.3055974e+02      
1.7779822e+02 -1.3054888e+02      
1.7606116e+02 -1.2987777e+02      
1.7381111e+02 -1.2869926e+02      
1.7131234e+02 -1.2722474e+02      
1.6397322e+02 -1.1163542e+02      
1.6339789e+02 -1.1498450e+02      
1.6297636e+02 -1.1843978e+02      
1.6268819e+02 -1.2191783e+02      
1.6251618e+02 -1.2535414e+02      
1.6244767e+02 -1.2869277e+02      
1.6247294e+02 -1.3189687e+02      
1.6257965e+02 -1.3494697e+02      
1.6274661e+02 -1.3782654e+02      
1.6294053e+02 -1.4050462e+02      
1.6311836e+02 -1.4293425e+02      
1.6323192e+02 -1.4506304e+02      
1.6322932e+02 -1.4684209e+02      
1.6305071e+02 -1.4822802e+02      
1.6262113e+02 -1.4917934e+02      
1.6185036e+02 -1.4965365e+02      
1.6065628e+02 -1.4961890e+02      
1.5902016e+02 -1.4908928e+02      
1.5702272e+02 -1.4814967e+02      
1.5480473e+02 -1.4692541e+02      
1.4840793e+02 -1.3238280e+02      
1.4770596e+02 -1.3541015e+02      
1.4713022e+02 -1.3855691e+02      
1.4666793e+02 -1.4174684e+02      
1.4630603e+02 -1.4491614e+02      
1.4603201e+02 -1.4801164e+02      
1.4583291e+02 -1.5099147e+02      
1.4569273e+02 -1.5382292e+02      
1.4558954e+02 -1.5647591e+02      
1.4549398e+02 -1.5891635e+02      
1.4536990e+02 -1.6110452e+02      
1.4517605e+02 -1.6299841e+02      
1.4486680e+02 -1.6455788e+02      
1.4439167e+02 -1.6574705e+02      
1.4369540e+02 -1.6653520e+02      
1.4272354e+02 -1.6689956e+02      
1.4143791e+02 -1.6683391e+02      
1.3983841e+02 -1.6636193e+02      
1.3797342e+02 -1.6554317e+02      
1.3592609e+02 -1.6446249e+02      
1.3036207e+02 -1.5083305e+02      
1.2955507e+02 -1.5358065e+02      
1.2884738e+02 -1.5644490e+02      
1.2823146e+02 -1.5935953e+02      
1.2769769e+02 -1.6226516e+02      
1.2723491e+02 -1.6511006e+02      
1.2683003e+02 -1.6785002e+02      
1.2646679e+02 -1.7044678e+02      
1.2612449e+02 -1.7286506e+02      
1.2577733e+02 -1.7506962e+02      
1.2539464e+02 -1.7702445e+02      
1.2494177e+02 -1.7869393e+02      
1.2438100e+02 -1.8004506e+02      
1.2367271e+02 -1.8104963e+02      
1.2277766e+02 -1.8168627e+02      
1.2166237e+02 -1.8194377e+02      
1.2030790e+02 -1.8182606e+02      
1.1871917e+02 -1.8135758e+02      
1.1692833e+02 -1.8058462e+02      
1.1498850e+02 -1.7957039e+02      
1.1015357e+02 -1.6671489e+02      
1.0925856e+02 -1.6921011e+02      
1.0843788e+02 -1.7181319e+02      
1.0768777e+02 -1.7446583e+02      
1.0700159e+02 -1.7711350e+02      
1.0637021e+02 -1.7970670e+02      
1.0578190e+02 -1.8220111e+02      
1.0522185e+02 -1.8455685e+02      
1.0467166e+02 -1.8673718e+02      
1.0410913e+02 -1.8870725e+02      
1.0350860e+02 -1.9043379e+02      
1.0284161e+02 -1.9188574e+02      
1.0207805e+02 -1.9303567e+02      
1.0118776e+02 -1.9386156e+02      
1.0014302e+02 -1.9434873e+02      
9.8922542e+01 -1.9449239e+02      
9.7516405e+01 -1.9430044e+02      
9.5930320e+01 -1.9379576e+02      
9.4186682e+01 -1.9301618e+02      
9.2321193e+01 -1.9201175e+02      
8.8130540e+01 -1.7979657e+02      
8.7161857e+01 -1.8206000e+02      
8.6245025e+01 -1.8441938e+02      
8.5379255e+01 -1.8682270e+02      
8.4560590e+01 -1.8922001e+02      
8.3782199e+01 -1.9156464e+02      
8.3034436e+01 -1.9381362e+02      
8.2304735e+01 -1.9592756e+02      
8.1577510e+01 -1.9787019e+02      
8.0834246e+01 -1.9960799e+02      
8.0053892e+01 -2.0111019e+02      
7.9213598e+01 -2.0234930e+02      
7.8289821e+01 -2.0330220e+02      
7.7259876e+01 -2.0395141e+02      
7.6104060e+01 -2.0428669e+02      
7.4808357e+01 -2.0430677e+02      
7.3367282e+01 -2.0402086e+02      
7.1785943e+01 -2.0344968e+02      
7.0080273e+01 -2.0262506e+02      
6.8274958e+01 -2.0158814e+02      
