2.5691306e+01 2.2124976e+02      
2.4948984e+01 2.1967276e+02      
2.4355999e+01 2.1817489e+02      
2.3911342e+01 2.1678498e+02      
2.3645743e+01 2.1553412e+02      
2.3615206e+01 2.1445359e+02      
2.3891769e+01 2.1357325e+02      
2.4555688e+01 2.1292106e+02      
2.5690397e+01 2.1252377e+02      
2.7379294e+01 2.1240830e+02      
2.9699046e+01 2.1260367e+02      
3.2691163e+01 2.1314179e+02      
3.6282997e+01 2.1405405e+02      
4.0128067e+01 2.1534044e+02      
4.3314725e+01 2.1682023e+02      
4.3321051e+01 2.1742138e+02      
4.2671825e+01 2.1818626e+02      
4.2306213e+01 2.1925247e+02      
4.2602718e+01 2.2057115e+02      
4.3667253e+01 2.2205913e+02      
5.6963648e+01 2.1137481e+02      
5.6423055e+01 2.0984053e+02      
5.5930181e+01 2.0834601e+02      
5.5481177e+01 2.0692140e+02      
5.5124410e+01 2.0560233e+02      
5.4943763e+01 2.0442464e+02      
5.5041651e+01 2.0342137e+02      
5.5528637e+01 2.0262274e+02      
5.6520603e+01 2.0205780e+02      
5.8144388e+01 2.0175775e+02      
6.0553944e+01 2.0176143e+02      
6.3947631e+01 2.0212448e+02      
6.8402012e+01 2.0291767e+02      
7.3363630e+01 2.0415675e+02      
7.6110914e+01 2.0516856e+02      
7.6061541e+01 2.0577477e+02      
7.3766005e+01 2.0614659e+02      
7.1991789e+01 2.0691008e+02      
7.1329973e+01 2.0799730e+02      
7.1737957e+01 2.0928201e+02      
8.7238125e+01 1.9814511e+02      
8.6967930e+01 1.9665631e+02      
8.6586539e+01 1.9515810e+02      
8.6088669e+01 1.9368469e+02      
8.5559746e+01 1.9228203e+02      
8.5127976e+01 1.9099283e+02      
8.4934875e+01 1.8985267e+02      
8.5122536e+01 1.8889172e+02      
8.5832217e+01 1.8813784e+02      
8.7216393e+01 1.8762077e+02      
8.9475052e+01 1.8737907e+02      
9.2977258e+01 1.8747853e+02      
9.8169304e+01 1.8799903e+02      
1.0265576e+02 1.8862124e+02      
1.0502175e+02 1.8922410e+02      
1.0478726e+02 1.8978323e+02      
1.0239861e+02 1.9033152e+02      
9.9269483e+01 1.9096990e+02      
9.7868920e+01 1.9194577e+02      
9.7779328e+01 1.9311841e+02      
1.1614315e+02 1.8180949e+02      
1.1627101e+02 1.8038048e+02      
1.1600741e+02 1.7886537e+02      
1.1537385e+02 1.7731773e+02      
1.1454880e+02 1.7581064e+02      
1.1372959e+02 1.7439522e+02      
1.1310652e+02 1.7310659e+02      
1.1285282e+02 1.7197135e+02      
1.1312206e+02 1.7101182e+02      
1.1405935e+02 1.7024964e+02      
1.1582460e+02 1.6970940e+02      
1.1861495e+02 1.6941853e+02      
1.2250204e+02 1.6936410e+02      
1.2692296e+02 1.6943120e+02      
1.2910199e+02 1.6964976e+02      
1.2843625e+02 1.7013282e+02      
1.2547806e+02 1.7081309e+02      
1.2301338e+02 1.7164394e+02      
1.2163933e+02 1.7267748e+02      
1.2132221e+02 1.7384354e+02      
1.4334682e+02 1.6266535e+02      
1.4420042e+02 1.6136379e+02      
1.4398357e+02 1.5977986e+02      
1.4302869e+02 1.5810548e+02      
1.4172190e+02 1.5646886e+02      
1.4033646e+02 1.5491569e+02      
1.3911984e+02 1.5347307e+02      
1.3827758e+02 1.5215979e+02      
1.3796134e+02 1.5098880e+02      
1.3828298e+02 1.4996947e+02      
1.3932596e+02 1.4910915e+02      
1.4112673e+02 1.4841098e+02      
1.4359799e+02 1.4786526e+02      
1.4636396e+02 1.4745333e+02      
1.4845862e+02 1.4722590e+02      
1.4725540e+02 1.4764870e+02      
1.4530768e+02 1.4837538e+02      
1.4356613e+02 1.4936669e+02      
1.4243895e+02 1.5054839e+02      
1.4205913e+02 1.5180422e+02      
1.6832733e+02 1.4097021e+02      
1.7074028e+02 1.3999811e+02      
1.7032159e+02 1.3820525e+02      
1.6876803e+02 1.3635117e+02      
1.6673322e+02 1.3457041e+02      
1.6455103e+02 1.3287819e+02      
1.6255286e+02 1.3128582e+02      
1.6098753e+02 1.2980275e+02      
1.5998168e+02 1.2842978e+02      
1.5959737e+02 1.2716189e+02      
1.5985203e+02 1.2599022e+02      
1.6070211e+02 1.2490430e+02      
1.6199572e+02 1.2390261e+02      
1.6340092e+02 1.2303169e+02      
1.6424853e+02 1.2248578e+02      
1.6373732e+02 1.2257909e+02      
1.6250875e+02 1.2331581e+02      
1.6120136e+02 1.2453321e+02      
1.6022329e+02 1.2596963e+02      
1.5979542e+02 1.2741012e+02      
1.9000303e+02 1.1684631e+02      
1.9375036e+02 1.1588049e+02      
1.9447015e+02 1.1432142e+02      
1.9222130e+02 1.1235074e+02      
1.8929141e+02 1.1046245e+02      
1.8595723e+02 1.0864139e+02      
1.8296596e+02 1.0691463e+02      
1.8058786e+02 1.0528514e+02      
1.7884909e+02 1.0373710e+02      
1.7774482e+02 1.0224972e+02      
1.7724252e+02 1.0079685e+02      
1.7726750e+02 9.9347413e+01      
1.7768137e+02 9.7874608e+01      
1.7825421e+02 9.6397789e+01      
1.7858994e+02 9.5190924e+01      
1.7821744e+02 9.4925478e+01      
1.7720248e+02 9.5799503e+01      
1.7592585e+02 9.7531441e+01      
1.7490457e+02 9.9413439e+01      
1.7437228e+02 1.0113220e+02      
2.0760058e+02 9.0703579e+01      
2.1230863e+02 8.9548003e+01      
2.1398364e+02 8.8107104e+01      
2.1249312e+02 8.6415141e+01      
2.0885594e+02 8.4526026e+01      
2.0388867e+02 8.2581635e+01      
1.9986380e+02 8.0756564e+01      
1.9669540e+02 7.9022925e+01      
1.9425480e+02 7.7344734e+01      
1.9247807e+02 7.5687368e+01      
1.9129752e+02 7.4008291e+01      
1.9063076e+02 7.2249937e+01      
1.9038041e+02 7.0331183e+01      
1.9046388e+02 6.8122752e+01      
1.9075576e+02 6.5711085e+01      
1.9032493e+02 6.5010635e+01      
1.8919531e+02 6.6182405e+01      
1.8752803e+02 6.8986220e+01      
1.8631703e+02 7.1472294e+01      
1.8563578e+02 7.3503943e+01      
2.2062063e+02 6.3111403e+01      
2.2586372e+02 6.1708189e+01      
2.2808178e+02 6.0342981e+01      
2.2683155e+02 5.8947545e+01      
2.2253386e+02 5.7018420e+01      
2.1744188e+02 5.5081158e+01      
2.1280186e+02 5.3234863e+01      
2.0897485e+02 5.1457417e+01      
2.0592940e+02 4.9708792e+01      
2.0357440e+02 4.7948897e+01      
2.0181599e+02 4.6126302e+01      
2.0056818e+02 4.4165304e+01      
1.9975809e+02 4.1945757e+01      
1.9935031e+02 3.9264027e+01      
1.9923670e+02 3.6241999e+01      
1.9857447e+02 3.5275874e+01      
1.9731348e+02 3.6626968e+01      
1.9558609e+02 3.9954734e+01      
1.9427083e+02 4.2834140e+01      
1.9345306e+02 4.5091581e+01      
2.2873975e+02 3.4673452e+01      
2.3408955e+02 3.3082761e+01      
2.3658780e+02 3.1793176e+01      
2.3595585e+02 3.0271599e+01      
2.3244765e+02 2.8486065e+01      
2.2681817e+02 2.6597558e+01      
2.2153729e+02 2.4804590e+01      
2.1716749e+02 2.3050741e+01      
2.1366397e+02 2.1297151e+01      
2.1086217e+02 1.9511875e+01      
2.0863968e+02 1.7647019e+01      
2.0690671e+02 1.5628100e+01      
2.0559502e+02 1.3334378e+01      
2.0465807e+02 1.0554814e+01      
2.0398091e+02 7.4074163e+00      
2.0299333e+02 6.3841194e+00      
2.0163249e+02 7.7500330e+00      
1.9999666e+02 1.1164368e+01      
1.9866925e+02 1.4114642e+01      
1.9774775e+02 1.6431166e+01      
2.3179505e+02 5.9417986e+00      
2.3670212e+02 4.3211211e+00      
2.3951912e+02 2.6768480e+00      
2.3948622e+02 9.8690599e-01      
2.3663977e+02 -7.2229696e-01      
2.3160411e+02 -2.4011432e+00      
2.2572027e+02 -4.0437744e+00      
2.2106818e+02 -5.7208084e+00      
2.1733306e+02 -7.4219973e+00      
2.1424726e+02 -9.1580957e+00      
2.1168346e+02 -1.0964344e+01      
2.0956095e+02 -1.2895636e+01      
2.0781600e+02 -1.5030767e+01      
2.0638600e+02 -1.7506626e+01      
2.0515700e+02 -2.0244450e+01      
2.0384065e+02 -2.1102199e+01      
2.0238153e+02 -1.9910403e+01      
2.0084706e+02 -1.6898744e+01      
1.9952520e+02 -1.4224216e+01      
1.9851372e+02 -1.2019323e+01      
2.2998707e+02 -2.2676662e+01      
2.3356837e+02 -2.4370698e+01      
2.3672904e+02 -2.6291176e+01      
2.3720031e+02 -2.8143805e+01      
2.3467156e+02 -2.9780345e+01      
2.2977052e+02 -3.1236719e+01      
2.2490602e+02 -3.2787434e+01      
2.2062823e+02 -3.4384145e+01      
2.1693967e+02 -3.5992911e+01      
2.1373494e+02 -3.7616566e+01      
2.1094662e+02 -3.9281303e+01      
2.0852946e+02 -4.1019365e+01      
2.0643826e+02 -4.2845939e+01      
2.0461328e+02 -4.4714721e+01      
2.0296286e+02 -4.6296319e+01      
2.0137032e+02 -4.6802002e+01      
1.9979176e+02 -4.5956939e+01      
1.9826984e+02 -4.4050046e+01      
1.9691488e+02 -4.1898393e+01      
1.9580435e+02 -3.9889849e+01      
2.2411761e+02 -5.0728851e+01      
2.2659420e+02 -5.2424933e+01      
2.2866359e+02 -5.4332351e+01      
2.2955706e+02 -5.6367428e+01      
2.2717345e+02 -5.7921880e+01      
2.2362850e+02 -5.9437747e+01      
2.1981961e+02 -6.0974708e+01      
2.1611868e+02 -6.2498731e+01      
2.1264556e+02 -6.3984515e+01      
2.0943560e+02 -6.5441202e+01      
2.0650788e+02 -6.6902146e+01      
2.0387732e+02 -6.8399223e+01      
2.0153026e+02 -6.9914350e+01      
1.9942374e+02 -7.1332517e+01      
1.9749762e+02 -7.2381210e+01      
1.9569281e+02 -7.2684083e+01      
1.9398151e+02 -7.2035740e+01      
1.9238218e+02 -7.0586160e+01      
1.9094497e+02 -6.8741994e+01      
1.8971831e+02 -6.6861071e+01      
2.1469970e+02 -7.7772237e+01      
2.1635712e+02 -7.9429588e+01      
2.1753790e+02 -8.1253107e+01      
2.1777900e+02 -8.3167389e+01      
2.1656022e+02 -8.5019833e+01      
2.1407647e+02 -8.6651999e+01      
2.1112462e+02 -8.8218805e+01      
2.0795612e+02 -8.9670513e+01      
2.0472984e+02 -9.0999074e+01      
2.0154884e+02 -9.2229625e+01      
1.9850481e+02 -9.3420939e+01      
1.9571786e+02 -9.4666059e+01      
1.9319683e+02 -9.5947764e+01      
1.9090419e+02 -9.7161996e+01      
1.8879852e+02 -9.8104073e+01      
1.8684006e+02 -9.8433381e+01      
1.8500251e+02 -9.7832700e+01      
1.8329331e+02 -9.6379810e+01      
1.8174621e+02 -9.4507646e+01      
1.8039289e+02 -9.2595007e+01      
2.0206166e+02 -1.0339992e+02      
2.0316112e+02 -1.0500931e+02      
2.0380804e+02 -1.0676177e+02      
2.0378274e+02 -1.0862030e+02      
2.0297095e+02 -1.1054541e+02      
2.0146278e+02 -1.1247686e+02      
1.9919754e+02 -1.1411193e+02      
1.9645229e+02 -1.1546934e+02      
1.9342935e+02 -1.1659310e+02      
1.9026207e+02 -1.1753376e+02      
1.8707507e+02 -1.1837828e+02      
1.8419920e+02 -1.1939144e+02      
1.8158430e+02 -1.2051720e+02      
1.7918351e+02 -1.2170211e+02      
1.7697236e+02 -1.2287660e+02      
1.7492315e+02 -1.2364262e+02      
1.7297936e+02 -1.2301357e+02      
1.7114659e+02 -1.2104151e+02      
1.6948175e+02 -1.1878795e+02      
1.6800430e+02 -1.1669246e+02      
1.8647723e+02 -1.2722736e+02      
1.8720212e+02 -1.2878529e+02      
1.8754268e+02 -1.3047760e+02      
1.8740091e+02 -1.3229155e+02      
1.8676613e+02 -1.3423181e+02      
1.8568521e+02 -1.3625250e+02      
1.8383467e+02 -1.3786474e+02      
1.8137649e+02 -1.3906300e+02      
1.7850014e+02 -1.3992329e+02      
1.7536727e+02 -1.4054790e+02      
1.7234617e+02 -1.4126943e+02      
1.6952125e+02 -1.4212781e+02      
1.6689328e+02 -1.4312426e+02      
1.6444560e+02 -1.4430556e+02      
1.6217613e+02 -1.4587683e+02      
1.6010173e+02 -1.4784871e+02      
1.5807629e+02 -1.4714642e+02      
1.5611519e+02 -1.4382864e+02      
1.5435361e+02 -1.4100464e+02      
1.5277042e+02 -1.3870297e+02      
1.6820887e+02 -1.4889553e+02      
1.6867266e+02 -1.5039363e+02      
1.6881081e+02 -1.5201396e+02      
1.6857888e+02 -1.5375513e+02      
1.6798952e+02 -1.5563556e+02      
1.6704805e+02 -1.5759817e+02      
1.6538778e+02 -1.5906613e+02      
1.6309278e+02 -1.6002227e+02      
1.6033619e+02 -1.6059078e+02      
1.5748696e+02 -1.6115449e+02      
1.5467751e+02 -1.6178101e+02      
1.5197005e+02 -1.6249070e+02      
1.4938869e+02 -1.6330774e+02      
1.4693966e+02 -1.6430673e+02      
1.4461774e+02 -1.6571651e+02      
1.4239771e+02 -1.6756877e+02      
1.4032460e+02 -1.6677771e+02      
1.3841464e+02 -1.6339653e+02      
1.3661527e+02 -1.6053550e+02      
1.3495375e+02 -1.5820107e+02      
1.4753848e+02 -1.6808054e+02      
1.4780831e+02 -1.6950630e+02      
1.4779179e+02 -1.7103231e+02      
1.4746519e+02 -1.7265746e+02      
1.4683906e+02 -1.7439923e+02      
1.4589536e+02 -1.7619015e+02      
1.4429460e+02 -1.7740823e+02      
1.4209982e+02 -1.7807731e+02      
1.3964020e+02 -1.7862516e+02      
1.3706238e+02 -1.7914096e+02      
1.3445920e+02 -1.7965627e+02      
1.3189028e+02 -1.8018755e+02      
1.2939172e+02 -1.8075119e+02      
1.2698236e+02 -1.8136905e+02      
1.2466864e+02 -1.8203868e+02      
1.2245533e+02 -1.8241607e+02      
1.2036822e+02 -1.8152982e+02      
1.1841489e+02 -1.7940955e+02      
1.1657745e+02 -1.7706936e+02      
1.1485940e+02 -1.7489145e+02      
1.2478103e+02 -1.8450196e+02      
1.2489861e+02 -1.8584341e+02      
1.2475389e+02 -1.8725360e+02      
1.2432892e+02 -1.8872257e+02      
1.2362297e+02 -1.9025056e+02      
1.2260645e+02 -1.9176427e+02      
1.2101411e+02 -1.9267074e+02      
1.1904863e+02 -1.9332903e+02      
1.1684256e+02 -1.9385589e+02      
1.1449415e+02 -1.9429797e+02      
1.1207922e+02 -1.9467826e+02      
1.0965470e+02 -1.9500792e+02      
1.0726041e+02 -1.9528606e+02      
1.0492263e+02 -1.9548907e+02      
1.0265845e+02 -1.9553025e+02      
1.0048172e+02 -1.9518688e+02      
9.8406020e+01 -1.9418976e+02      
9.6438278e+01 -1.9256233e+02      
9.4578200e+01 -1.9061784e+02      
9.2825909e+01 -1.8861960e+02      
1.0028563e+02 -1.9792767e+02      
1.0028011e+02 -1.9917759e+02      
1.0002825e+02 -2.0046031e+02      
9.9513012e+01 -2.0175325e+02      
9.8719785e+01 -2.0302139e+02      
9.7611739e+01 -2.0416445e+02      
9.6132088e+01 -2.0501563e+02      
9.4346887e+01 -2.0564155e+02      
9.2338859e+01 -2.0610771e+02      
9.0180883e+01 -2.0644623e+02      
8.7935912e+01 -2.0667451e+02      
8.5654965e+01 -2.0679702e+02      
8.3377281e+01 -2.0680302e+02      
8.1131944e+01 -2.0665848e+02      
7.8940377e+01 -2.0629208e+02      
7.6818972e+01 -2.0559501e+02      
7.4780232e+01 -2.0447849e+02      
7.2832008e+01 -2.0296441e+02      
7.0977760e+01 -2.0118449e+02      
6.9218291e+01 -1.9928884e+02      
