1.5502472e+01 2.3569711e+02      
1.4543979e+01 2.3361750e+02      
1.3758549e+01 2.3183267e+02      
1.3046219e+01 2.3040655e+02      
1.2517522e+01 2.2935741e+02      
1.2351562e+01 2.2866906e+02      
1.2672754e+01 2.2830950e+02      
1.3532418e+01 2.2824136e+02      
1.4904866e+01 2.2842262e+02      
1.6679841e+01 2.2879977e+02      
1.8656021e+01 2.2929528e+02      
2.0564727e+01 2.2980099e+02      
2.2237588e+01 2.3024343e+02      
2.3795316e+01 2.3067200e+02      
2.5464888e+01 2.3116789e+02      
2.7417502e+01 2.3177632e+02      
2.9752749e+01 2.3251015e+02      
3.2517471e+01 2.3335824e+02      
3.5728951e+01 2.3428978e+02      
3.9391734e+01 2.3525740e+02      
4.4570030e+01 2.2428943e+02      
4.4144378e+01 2.2201032e+02      
4.3743046e+01 2.2008912e+02      
4.2930264e+01 2.1862595e+02      
4.2169150e+01 2.1761592e+02      
4.1839859e+01 2.1700753e+02      
4.2129479e+01 2.1674368e+02      
4.3117339e+01 2.1677732e+02      
4.4786213e+01 2.1706813e+02      
4.7004807e+01 2.1756817e+02      
4.9488556e+01 2.1819625e+02      
5.1692772e+01 2.1874872e+02      
5.2982790e+01 2.1893134e+02      
5.3923597e+01 2.1902326e+02      
5.4998115e+01 2.1920830e+02      
5.6439400e+01 2.1954214e+02      
5.8344459e+01 2.2003790e+02      
6.0732330e+01 2.2068265e+02      
6.3593278e+01 2.2144055e+02      
6.6915795e+01 2.2225410e+02      
7.2531254e+01 2.0912501e+02      
7.2922018e+01 2.0653585e+02      
7.3294451e+01 2.0440982e+02      
7.1982245e+01 2.0293557e+02      
7.0702272e+01 2.0203694e+02      
7.0032612e+01 2.0157751e+02      
7.0209337e+01 2.0145958e+02      
7.1323872e+01 2.0163237e+02      
7.3386308e+01 2.0207193e+02      
7.6291795e+01 2.0276096e+02      
7.9689108e+01 2.0364812e+02      
8.2722712e+01 2.0449540e+02      
8.3112019e+01 2.0417254e+02      
8.3037200e+01 2.0380998e+02      
8.3273825e+01 2.0363213e+02      
8.4094792e+01 2.0367538e+02      
8.5529144e+01 2.0393835e+02      
8.7516543e+01 2.0440533e+02      
8.9994116e+01 2.0503593e+02      
9.2929294e+01 2.0575765e+02      
9.8744884e+01 1.9045366e+02      
1.0008328e+02 1.8739926e+02      
1.0040396e+02 1.8504509e+02      
9.9385433e+01 1.8352688e+02      
9.7433810e+01 1.8284572e+02      
9.6257592e+01 1.8263095e+02      
9.6233717e+01 1.8270845e+02      
9.7441394e+01 1.8303813e+02      
9.9953651e+01 1.8363406e+02      
1.0376598e+02 1.8451973e+02      
1.0832978e+02 1.8563877e+02      
1.1117443e+02 1.8618149e+02      
1.1172487e+02 1.8594594e+02      
1.1041016e+02 1.8516031e+02      
1.0961869e+02 1.8461762e+02      
1.0979633e+02 1.8437100e+02      
1.1081285e+02 1.8441046e+02      
1.1243589e+02 1.8473081e+02      
1.1452183e+02 1.8529823e+02      
1.1702716e+02 1.8601601e+02      
1.2228289e+02 1.6870337e+02      
1.2356062e+02 1.6525159e+02      
1.2390352e+02 1.6262786e+02      
1.2308714e+02 1.6103731e+02      
1.2141560e+02 1.6043995e+02      
1.1973619e+02 1.6054744e+02      
1.1952354e+02 1.6082373e+02      
1.2072799e+02 1.6129242e+02      
1.2350730e+02 1.6199256e+02      
1.2817377e+02 1.6296577e+02      
1.3254483e+02 1.6372889e+02      
1.3529930e+02 1.6403807e+02      
1.3594757e+02 1.6382767e+02      
1.3482490e+02 1.6318957e+02      
1.3311972e+02 1.6238251e+02      
1.3293146e+02 1.6187402e+02      
1.3375771e+02 1.6168521e+02      
1.3513685e+02 1.6187962e+02      
1.3683173e+02 1.6247734e+02      
1.3884644e+02 1.6332418e+02      
1.4132728e+02 1.4482772e+02      
1.4284966e+02 1.4079994e+02      
1.4335526e+02 1.3779999e+02      
1.4259319e+02 1.3615630e+02      
1.4089276e+02 1.3574121e+02      
1.3974103e+02 1.3580349e+02      
1.3957856e+02 1.3619489e+02      
1.4061864e+02 1.3678453e+02      
1.4302017e+02 1.3747776e+02      
1.4679280e+02 1.3818701e+02      
1.5137792e+02 1.3871078e+02      
1.5425534e+02 1.3884619e+02      
1.5482766e+02 1.3862215e+02      
1.5353097e+02 1.3802947e+02      
1.5278451e+02 1.3725262e+02      
1.5302267e+02 1.3652252e+02      
1.5406188e+02 1.3602120e+02      
1.5544660e+02 1.3602456e+02      
1.5666779e+02 1.3683607e+02      
1.5806028e+02 1.3803374e+02      
1.5721174e+02 1.1874650e+02      
1.5822618e+02 1.1449261e+02      
1.5895268e+02 1.1098409e+02      
1.5816790e+02 1.0930881e+02      
1.5717594e+02 1.0859411e+02      
1.5649747e+02 1.0858054e+02      
1.5622694e+02 1.0922837e+02      
1.5692693e+02 1.1002133e+02      
1.5876631e+02 1.1073558e+02      
1.6160245e+02 1.1130188e+02      
1.6503336e+02 1.1161875e+02      
1.6815250e+02 1.1158197e+02      
1.6858403e+02 1.1137190e+02      
1.6856798e+02 1.1078093e+02      
1.6890312e+02 1.0988194e+02      
1.6988525e+02 1.0880174e+02      
1.7149586e+02 1.0777637e+02      
1.7331932e+02 1.0732350e+02      
1.7376009e+02 1.0871883e+02      
1.7433899e+02 1.1058849e+02      
1.7024594e+02 9.0594921e+01      
1.7102957e+02 8.5856473e+01      
1.7141941e+02 8.2161744e+01      
1.7108759e+02 7.9994104e+01      
1.7048405e+02 7.9146607e+01      
1.7015107e+02 7.9167293e+01      
1.6927967e+02 8.0524733e+01      
1.6958953e+02 8.1608487e+01      
1.7097798e+02 8.2383903e+01      
1.7314970e+02 8.2897127e+01      
1.7571816e+02 8.3132424e+01      
1.7805268e+02 8.3079482e+01      
1.7944884e+02 8.2761436e+01      
1.8047505e+02 8.2089300e+01      
1.8167176e+02 8.0968831e+01      
1.8335954e+02 7.9380928e+01      
1.8557443e+02 7.7671517e+01      
1.8706719e+02 7.7396752e+01      
1.8753979e+02 7.8827096e+01      
1.8727430e+02 8.1615866e+01      
1.8020325e+02 6.0953228e+01      
1.8107541e+02 5.5309315e+01      
1.8142336e+02 5.1032986e+01      
1.8118202e+02 4.8545726e+01      
1.8037566e+02 4.8041118e+01      
1.7899654e+02 4.9478677e+01      
1.7826373e+02 5.1008484e+01      
1.7851428e+02 5.2185698e+01      
1.7968901e+02 5.2984699e+01      
1.8153834e+02 5.3458657e+01      
1.8373028e+02 5.3641986e+01      
1.8588309e+02 5.3556481e+01      
1.8772733e+02 5.3209646e+01      
1.8934232e+02 5.2542787e+01      
1.9102994e+02 5.1338902e+01      
1.9304424e+02 4.9305648e+01      
1.9484192e+02 4.7832046e+01      
1.9604615e+02 4.7737128e+01      
1.9647636e+02 4.9282299e+01      
1.9628435e+02 5.2146094e+01      
1.8505607e+02 3.2446441e+01      
1.8605447e+02 2.5716424e+01      
1.8649596e+02 2.0586965e+01      
1.8631314e+02 1.7704155e+01      
1.8544849e+02 1.7359646e+01      
1.8396292e+02 1.9395575e+01      
1.8333570e+02 2.1128275e+01      
1.8368112e+02 2.2315827e+01      
1.8487568e+02 2.3068967e+01      
1.8670769e+02 2.3463634e+01      
1.8888827e+02 2.3572212e+01      
1.9116500e+02 2.3438443e+01      
1.9331503e+02 2.3109624e+01      
1.9510067e+02 2.2660786e+01      
1.9677916e+02 2.1918134e+01      
1.9780781e+02 2.0859646e+01      
1.9928391e+02 1.9392591e+01      
2.0028045e+02 1.9367808e+01      
2.0056721e+02 2.1192281e+01      
2.0024544e+02 2.4435728e+01      
1.8609697e+02 4.3222414e+00      
1.8631018e+02 -2.3391799e+00      
1.8676932e+02 -8.3773146e+00      
1.8673188e+02 -1.1736013e+01      
1.8607087e+02 -1.2278366e+01      
1.8492957e+02 -1.0241506e+01      
1.8454560e+02 -8.5652287e+00      
1.8508273e+02 -7.4772048e+00      
1.8648817e+02 -6.8507142e+00      
1.8859215e+02 -6.6247192e+00      
1.9098537e+02 -6.6323154e+00      
1.9349659e+02 -6.8258328e+00      
1.9605105e+02 -7.1677609e+00      
1.9753840e+02 -7.1724106e+00      
1.9797616e+02 -6.8974105e+00      
1.9853491e+02 -6.9591044e+00      
1.9938826e+02 -7.3015171e+00      
2.0023244e+02 -7.3316924e+00      
2.0036974e+02 -5.1405559e+00      
2.0040672e+02 -2.6553552e+00      
1.8374894e+02 -2.3257237e+01      
1.8313641e+02 -3.0194001e+01      
1.8298346e+02 -3.5697902e+01      
1.8311930e+02 -3.9210741e+01      
1.8272922e+02 -4.0328000e+01      
1.8201600e+02 -3.8837266e+01      
1.8192205e+02 -3.7576042e+01      
1.8268711e+02 -3.6709657e+01      
1.8437005e+02 -3.6213660e+01      
1.8700566e+02 -3.6242982e+01      
1.8968381e+02 -3.6365684e+01      
1.9234676e+02 -3.6612385e+01      
1.9455498e+02 -3.6682906e+01      
1.9567027e+02 -3.6202318e+01      
1.9556022e+02 -3.5101546e+01      
1.9570503e+02 -3.4276781e+01      
1.9613393e+02 -3.3643146e+01      
1.9660378e+02 -3.2766429e+01      
1.9689021e+02 -3.1137083e+01      
1.9714298e+02 -2.9271781e+01      
1.7831754e+02 -4.9515263e+01      
1.7702923e+02 -5.6173904e+01      
1.7635532e+02 -6.1120641e+01      
1.7624509e+02 -6.4024696e+01      
1.7593278e+02 -6.6292870e+01      
1.7547740e+02 -6.6052457e+01      
1.7554997e+02 -6.5684161e+01      
1.7651487e+02 -6.5030884e+01      
1.7830551e+02 -6.4424587e+01      
1.8073361e+02 -6.4134380e+01      
1.8347819e+02 -6.4179304e+01      
1.8647087e+02 -6.4637257e+01      
1.8870744e+02 -6.4699308e+01      
1.8974999e+02 -6.3950012e+01      
1.8953871e+02 -6.2292497e+01      
1.8950379e+02 -6.0845716e+01      
1.8971276e+02 -5.9582045e+01      
1.9000916e+02 -5.8261877e+01      
1.9030737e+02 -5.6761765e+01      
1.9062885e+02 -5.5210414e+01      
1.7010428e+02 -7.3981191e+01      
1.6841123e+02 -7.9985885e+01      
1.6732928e+02 -8.4554805e+01      
1.6683916e+02 -8.7466223e+01      
1.6619988e+02 -9.0054246e+01      
1.6559692e+02 -9.1824308e+01      
1.6554523e+02 -9.2926576e+01      
1.6674890e+02 -9.2191319e+01      
1.6871402e+02 -9.1237140e+01      
1.7112019e+02 -9.0560158e+01      
1.7374382e+02 -9.0296889e+01      
1.7642901e+02 -9.0419437e+01      
1.7888054e+02 -9.0681289e+01      
1.8012321e+02 -8.9971358e+01      
1.8008552e+02 -8.8068548e+01      
1.8007526e+02 -8.6272095e+01      
1.8021681e+02 -8.4646524e+01      
1.8043722e+02 -8.3081532e+01      
1.8070106e+02 -8.1546972e+01      
1.8101096e+02 -8.0102472e+01      
1.5931835e+02 -9.6510882e+01      
1.5765805e+02 -1.0139974e+02      
1.5626793e+02 -1.0574228e+02      
1.5507421e+02 -1.0945756e+02      
1.5383060e+02 -1.1297069e+02      
1.5271795e+02 -1.1618003e+02      
1.5262169e+02 -1.1777786e+02      
1.5376684e+02 -1.1765833e+02      
1.5604511e+02 -1.1625072e+02      
1.5861218e+02 -1.1513183e+02      
1.6115769e+02 -1.1455482e+02      
1.6356332e+02 -1.1437965e+02      
1.6568668e+02 -1.1431724e+02      
1.6722450e+02 -1.1391390e+02      
1.6752950e+02 -1.1210488e+02      
1.6765953e+02 -1.1018044e+02      
1.6780166e+02 -1.0832555e+02      
1.6797968e+02 -1.0657641e+02      
1.6819896e+02 -1.0496298e+02      
1.6846314e+02 -1.0352834e+02      
1.4596182e+02 -1.1727422e+02      
1.4425932e+02 -1.2152654e+02      
1.4266230e+02 -1.2565434e+02      
1.4104002e+02 -1.2972285e+02      
1.3917261e+02 -1.3404061e+02      
1.3785964e+02 -1.3744537e+02      
1.3762975e+02 -1.3935460e+02      
1.3868663e+02 -1.3966784e+02      
1.4087914e+02 -1.3870981e+02      
1.4367826e+02 -1.3725191e+02      
1.4615534e+02 -1.3659442e+02      
1.4835329e+02 -1.3638378e+02      
1.5022610e+02 -1.3619905e+02      
1.5162044e+02 -1.3564936e+02      
1.5234932e+02 -1.3431174e+02      
1.5258300e+02 -1.3228733e+02      
1.5269645e+02 -1.3018434e+02      
1.5282858e+02 -1.2825622e+02      
1.5299691e+02 -1.2654689e+02      
1.5320156e+02 -1.2507923e+02      
1.3019401e+02 -1.3609798e+02      
1.2845447e+02 -1.3990873e+02      
1.2678510e+02 -1.4372815e+02      
1.2511516e+02 -1.4756320e+02      
1.2337638e+02 -1.5144220e+02      
1.2170813e+02 -1.5510985e+02      
1.2124510e+02 -1.5728316e+02      
1.2227582e+02 -1.5778943e+02      
1.2454124e+02 -1.5696492e+02      
1.2687388e+02 -1.5625870e+02      
1.2908041e+02 -1.5605029e+02      
1.3111642e+02 -1.5622397e+02      
1.3283520e+02 -1.5624468e+02      
1.3417472e+02 -1.5584960e+02      
1.3511674e+02 -1.5486598e+02      
1.3514015e+02 -1.5224918e+02      
1.3514960e+02 -1.4979285e+02      
1.3522630e+02 -1.4769145e+02      
1.3534256e+02 -1.4589349e+02      
1.3548525e+02 -1.4438301e+02      
1.1227405e+02 -1.5267442e+02      
1.1054195e+02 -1.5609217e+02      
1.0889810e+02 -1.5953546e+02      
1.0733130e+02 -1.6294922e+02      
1.0585065e+02 -1.6626621e+02      
1.0455567e+02 -1.6931541e+02      
1.0380387e+02 -1.7167804e+02      
1.0486031e+02 -1.7222688e+02      
1.0646172e+02 -1.7221677e+02      
1.0823670e+02 -1.7220254e+02      
1.1008790e+02 -1.7253867e+02      
1.1201933e+02 -1.7346578e+02      
1.1359747e+02 -1.7386516e+02      
1.1481248e+02 -1.7369734e+02      
1.1548650e+02 -1.7233730e+02      
1.1544170e+02 -1.6935879e+02      
1.1540920e+02 -1.6669369e+02      
1.1545058e+02 -1.6449668e+02      
1.1552506e+02 -1.6265304e+02      
1.1561208e+02 -1.6111602e+02      
9.2485944e+01 -1.6673938e+02      
9.0793981e+01 -1.6979029e+02      
8.9217173e+01 -1.7285196e+02      
8.7777039e+01 -1.7584516e+02      
8.6522569e+01 -1.7866964e+02      
8.5561527e+01 -1.8117349e+02      
8.5144387e+01 -1.8309277e+02      
8.5597635e+01 -1.8414262e+02      
8.6584061e+01 -1.8469436e+02      
8.7838925e+01 -1.8509768e+02      
8.9238913e+01 -1.8558345e+02      
9.0679370e+01 -1.8619869e+02      
9.1995076e+01 -1.8670852e+02      
9.3138571e+01 -1.8713985e+02      
9.3739599e+01 -1.8602241e+02      
9.3772952e+01 -1.8312380e+02      
9.3780457e+01 -1.8051607e+02      
9.3821445e+01 -1.7836205e+02      
9.3871560e+01 -1.7654358e+02      
9.3914493e+01 -1.7501308e+02      
7.1135540e+01 -1.7808340e+02      
6.9498334e+01 -1.8079655e+02      
6.7995182e+01 -1.8350394e+02      
6.6660976e+01 -1.8612346e+02      
6.5551196e+01 -1.8855859e+02      
6.4754371e+01 -1.9069024e+02      
6.4391290e+01 -1.9238562e+02      
6.4531100e+01 -1.9358378e+02      
6.5087198e+01 -1.9439037e+02      
6.5917913e+01 -1.9497228e+02      
6.6905092e+01 -1.9545105e+02      
6.7943608e+01 -1.9585472e+02      
6.8935447e+01 -1.9614129e+02      
6.9791536e+01 -1.9622255e+02      
7.0380850e+01 -1.9570857e+02      
7.0555020e+01 -1.9333069e+02      
7.0640020e+01 -1.9105772e+02      
7.0702759e+01 -1.8908663e+02      
7.0743182e+01 -1.8736411e+02      
7.0754334e+01 -1.8587494e+02      
