2.5075598e+01 2.2697849e+02      
2.6091781e+01 2.2519095e+02      
2.7700106e+01 2.2359600e+02      
2.9161843e+01 2.2198356e+02      
3.0092413e+01 2.2030773e+02      
3.0454557e+01 2.1861563e+02      
3.0577757e+01 2.1703372e+02      
3.1124095e+01 2.1581519e+02      
3.1930763e+01 2.1498091e+02      
3.2183128e+01 2.1443052e+02      
3.1786924e+01 2.1412572e+02      
3.1407424e+01 2.1409707e+02      
3.1331285e+01 2.1434070e+02      
3.1530121e+01 2.1477482e+02      
3.1693683e+01 2.1505314e+02      
3.2179318e+01 2.1552002e+02      
3.3101601e+01 2.1626270e+02      
3.4478910e+01 2.1729806e+02      
3.6295630e+01 2.1860519e+02      
3.8548664e+01 2.2012824e+02      
5.4483353e+01 2.1678158e+02      
5.6152320e+01 2.1503806e+02      
5.9131406e+01 2.1373183e+02      
6.1547064e+01 2.1218983e+02      
6.2830942e+01 2.1041941e+02      
6.2909981e+01 2.0848662e+02      
6.2380025e+01 2.0650498e+02      
6.3253158e+01 2.0516530e+02      
6.5113354e+01 2.0432933e+02      
6.5434041e+01 2.0370969e+02      
6.4023527e+01 2.0324463e+02      
6.3015509e+01 2.0306829e+02      
6.2570444e+01 2.0317594e+02      
6.2319209e+01 2.0329508e+02      
6.2188948e+01 2.0335393e+02      
6.2221659e+01 2.0341783e+02      
6.2760291e+01 2.0378808e+02      
6.3803363e+01 2.0451775e+02      
6.5261882e+01 2.0559528e+02      
6.7101550e+01 2.0694795e+02      
8.2054173e+01 2.0293433e+02      
8.3829023e+01 2.0097639e+02      
8.6620031e+01 1.9926207e+02      
9.0044640e+01 1.9769600e+02      
9.1813630e+01 1.9583660e+02      
9.1449148e+01 1.9374795e+02      
9.1618199e+01 1.9200146e+02      
9.3127822e+01 1.9078252e+02      
9.5664417e+01 1.8998917e+02      
9.6245696e+01 1.8937637e+02      
9.4560449e+01 1.8886175e+02      
9.2960778e+01 1.8847551e+02      
9.1858561e+01 1.8823187e+02      
9.1176076e+01 1.8805792e+02      
9.0777692e+01 1.8788431e+02      
9.0650043e+01 1.8772889e+02      
9.0899289e+01 1.8772381e+02      
9.1721387e+01 1.8815074e+02      
9.2833676e+01 1.8905434e+02      
9.4168375e+01 1.9034608e+02      
1.0738950e+02 1.8572110e+02      
1.0905329e+02 1.8344090e+02      
1.1148439e+02 1.8128026e+02      
1.1447495e+02 1.7925282e+02      
1.1717616e+02 1.7730175e+02      
1.1723928e+02 1.7538595e+02      
1.1795278e+02 1.7387597e+02      
1.2001282e+02 1.7289709e+02      
1.2311845e+02 1.7247952e+02      
1.2412588e+02 1.7192706e+02      
1.2281408e+02 1.7121595e+02      
1.2003613e+02 1.7030270e+02      
1.1837430e+02 1.6976832e+02      
1.1739185e+02 1.6936121e+02      
1.1677641e+02 1.6895991e+02      
1.1651419e+02 1.6853673e+02      
1.1697806e+02 1.6825237e+02      
1.1796073e+02 1.6831268e+02      
1.1876668e+02 1.6911128e+02      
1.1935175e+02 1.7057308e+02      
1.3023458e+02 1.6552188e+02      
1.3176913e+02 1.6288135e+02      
1.3391540e+02 1.6027492e+02      
1.3658296e+02 1.5779689e+02      
1.3938997e+02 1.5556498e+02      
1.3997271e+02 1.5380454e+02      
1.4110872e+02 1.5248537e+02      
1.4341829e+02 1.5163407e+02      
1.4671686e+02 1.5120407e+02      
1.4791290e+02 1.5063791e+02      
1.4671280e+02 1.4987161e+02      
1.4358326e+02 1.4891164e+02      
1.4151942e+02 1.4820237e+02      
1.4047060e+02 1.4765270e+02      
1.3973070e+02 1.4707926e+02      
1.3967334e+02 1.4649966e+02      
1.4051075e+02 1.4586285e+02      
1.4222361e+02 1.4524561e+02      
1.4275433e+02 1.4600284e+02      
1.4208029e+02 1.4806929e+02      
1.5034840e+02 1.4276051e+02      
1.5178259e+02 1.3971733e+02      
1.5373309e+02 1.3661149e+02      
1.5603743e+02 1.3361514e+02      
1.5820544e+02 1.3105644e+02      
1.5953009e+02 1.2935050e+02      
1.6091243e+02 1.2822535e+02      
1.6302113e+02 1.2746307e+02      
1.6588101e+02 1.2691401e+02      
1.6692725e+02 1.2631593e+02      
1.6595566e+02 1.2560680e+02      
1.6323333e+02 1.2481705e+02      
1.6132851e+02 1.2410848e+02      
1.6023945e+02 1.2347022e+02      
1.5968626e+02 1.2283962e+02      
1.5975047e+02 1.2218234e+02      
1.6065365e+02 1.2136185e+02      
1.6233751e+02 1.2042961e+02      
1.6259657e+02 1.2120536e+02      
1.6142773e+02 1.2361826e+02      
1.6749177e+02 1.1791279e+02      
1.6887089e+02 1.1442129e+02      
1.7074158e+02 1.1069920e+02      
1.7294681e+02 1.0697141e+02      
1.7511136e+02 1.0375750e+02      
1.7628354e+02 1.0235282e+02      
1.7744624e+02 1.0158756e+02      
1.7890436e+02 1.0103143e+02      
1.8039855e+02 1.0050316e+02      
1.8103136e+02 9.9921873e+01      
1.8048866e+02 9.9284609e+01      
1.7909800e+02 9.8624992e+01      
1.7778290e+02 9.7977982e+01      
1.7691419e+02 9.7324362e+01      
1.7650736e+02 9.6662276e+01      
1.7649520e+02 9.6069292e+01      
1.7708637e+02 9.5381561e+01      
1.7822958e+02 9.4600311e+01      
1.7820515e+02 9.5455476e+01      
1.7702531e+02 9.7862869e+01      
1.8143298e+02 9.1520850e+01      
1.8278931e+02 8.7568020e+01      
1.8467536e+02 8.3113902e+01      
1.8693753e+02 7.8503447e+01      
1.8878921e+02 7.5177147e+01      
1.9002609e+02 7.3477727e+01      
1.9080505e+02 7.3200307e+01      
1.9171040e+02 7.2983253e+01      
1.9254609e+02 7.2559170e+01      
1.9292132e+02 7.1995528e+01      
1.9263898e+02 7.1407366e+01      
1.9185396e+02 7.0847961e+01      
1.9095336e+02 7.0304212e+01      
1.9029434e+02 6.9694557e+01      
1.9008070e+02 6.8944862e+01      
1.8982654e+02 6.8532855e+01      
1.8991094e+02 6.8233306e+01      
1.9006437e+02 6.8319268e+01      
1.8973415e+02 6.9322514e+01      
1.8894686e+02 7.1142664e+01      
1.9196217e+02 6.4185073e+01      
1.9326258e+02 5.9919316e+01      
1.9514570e+02 5.4777745e+01      
1.9705533e+02 5.0072617e+01      
1.9869211e+02 4.6589678e+01      
1.9994357e+02 4.4627495e+01      
2.0084000e+02 4.4011808e+01      
2.0150740e+02 4.4077028e+01      
2.0216131e+02 4.3603062e+01      
2.0248421e+02 4.2945414e+01      
2.0230000e+02 4.2362934e+01      
2.0167526e+02 4.1925240e+01      
2.0085677e+02 4.1572627e+01      
2.0014305e+02 4.1169569e+01      
1.9973933e+02 4.0609478e+01      
1.9963960e+02 3.9975710e+01      
1.9941818e+02 3.9896976e+01      
1.9902963e+02 4.0451069e+01      
1.9837221e+02 4.1687251e+01      
1.9748119e+02 4.3472803e+01      
1.9893853e+02 3.6458594e+01      
2.0005023e+02 3.2324828e+01      
2.0155764e+02 2.7600192e+01      
2.0326934e+02 2.2587365e+01      
2.0478590e+02 1.8843913e+01      
2.0605832e+02 1.6737714e+01      
2.0708847e+02 1.5995686e+01      
2.0808620e+02 1.5147015e+01      
2.0895268e+02 1.4086270e+01      
2.0939801e+02 1.3113989e+01      
2.0923795e+02 1.2483345e+01      
2.0851283e+02 1.2241614e+01      
2.0747076e+02 1.2236306e+01      
2.0646913e+02 1.2190730e+01      
2.0577732e+02 1.1882261e+01      
2.0545424e+02 1.1331005e+01      
2.0493262e+02 1.1474738e+01      
2.0416929e+02 1.2373452e+01      
2.0317148e+02 1.3924559e+01      
2.0200391e+02 1.5915493e+01      
2.0233316e+02 8.7197175e+00      
2.0324132e+02 4.8897283e+00      
2.0444530e+02 6.9123770e-01      
2.0583754e+02 -3.6819951e+00      
2.0726245e+02 -7.7177792e+00      
2.0859321e+02 -9.8880127e+00      
2.0995692e+02 -1.1720629e+01      
2.1145225e+02 -1.3704968e+01      
2.1289797e+02 -1.5771935e+01      
2.1364858e+02 -1.7301488e+01      
2.1347118e+02 -1.8015624e+01      
2.1240187e+02 -1.7901700e+01      
2.1074189e+02 -1.7233661e+01      
2.0920677e+02 -1.6705010e+01      
2.0808889e+02 -1.6622501e+01      
2.0735986e+02 -1.6894681e+01      
2.0647964e+02 -1.6422321e+01      
2.0537352e+02 -1.5140712e+01      
2.0407411e+02 -1.3259386e+01      
2.0291209e+02 -1.1479985e+01      
2.0218136e+02 -1.8724375e+01      
2.0291829e+02 -2.2237750e+01      
2.0389899e+02 -2.5982319e+01      
2.0506392e+02 -2.9790698e+01      
2.0635135e+02 -3.3337757e+01      
2.0774290e+02 -3.6249339e+01      
2.0934273e+02 -3.9004301e+01      
2.1136382e+02 -4.2090325e+01      
2.1386982e+02 -4.5636371e+01      
2.1501485e+02 -4.7858493e+01      
2.1478785e+02 -4.8658359e+01      
2.1322443e+02 -4.8042948e+01      
2.1040327e+02 -4.6145231e+01      
2.0820556e+02 -4.4876171e+01      
2.0663220e+02 -4.4320172e+01      
2.0547025e+02 -4.4201742e+01      
2.0423494e+02 -4.3309269e+01      
2.0284128e+02 -4.1643983e+01      
2.0151129e+02 -3.9953552e+01      
2.0033622e+02 -3.8407311e+01      
1.9855071e+02 -4.5544578e+01      
1.9914366e+02 -4.8770595e+01      
1.9994793e+02 -5.2164434e+01      
2.0093353e+02 -5.5601372e+01      
2.0208188e+02 -5.8934236e+01      
2.0341558e+02 -6.2114617e+01      
2.0503618e+02 -6.5349057e+01      
2.0717177e+02 -6.9043630e+01      
2.0984065e+02 -7.3322985e+01      
2.1105755e+02 -7.5936817e+01      
2.1076192e+02 -7.6793130e+01      
2.0898516e+02 -7.5905095e+01      
2.0584353e+02 -7.3406412e+01      
2.0332782e+02 -7.1662150e+01      
2.0144420e+02 -7.0693268e+01      
1.9993236e+02 -7.0131971e+01      
1.9842228e+02 -6.8810889e+01      
1.9696175e+02 -6.7318278e+01      
1.9559982e+02 -6.5849725e+01      
1.9437870e+02 -6.4499646e+01      
1.9154658e+02 -7.1386041e+01      
1.9201225e+02 -7.4359288e+01      
1.9265986e+02 -7.7473724e+01      
1.9347399e+02 -8.0647086e+01      
1.9444986e+02 -8.3812019e+01      
1.9560854e+02 -8.6969265e+01      
1.9701472e+02 -9.0237701e+01      
1.9880474e+02 -9.3884374e+01      
2.0095300e+02 -9.8014867e+01      
2.0187550e+02 -1.0053670e+02      
2.0150099e+02 -1.0141019e+02      
1.9985270e+02 -1.0064776e+02      
1.9704201e+02 -9.8320573e+01      
1.9464182e+02 -9.6593396e+01      
1.9267669e+02 -9.5400479e+01      
1.9097002e+02 -9.4387872e+01      
1.8937476e+02 -9.3184210e+01      
1.8786656e+02 -9.1878712e+01      
1.8645888e+02 -9.0586962e+01      
1.8517335e+02 -8.9384736e+01      
1.8131951e+02 -9.5884222e+01      
1.8166693e+02 -9.8630760e+01      
1.8216476e+02 -1.0150219e+02      
1.8280196e+02 -1.0443873e+02      
1.8357187e+02 -1.0739541e+02      
1.8447609e+02 -1.1036108e+02      
1.8552141e+02 -1.1336442e+02      
1.8668964e+02 -1.1643289e+02      
1.8776309e+02 -1.1933721e+02      
1.8818072e+02 -1.2135055e+02      
1.8772578e+02 -1.2220351e+02      
1.8641069e+02 -1.2190651e+02      
1.8447013e+02 -1.2075256e+02      
1.8246436e+02 -1.1949506e+02      
1.8060142e+02 -1.1836387e+02      
1.7887534e+02 -1.1728148e+02      
1.7724891e+02 -1.1615084e+02      
1.7570606e+02 -1.1497236e+02      
1.7425152e+02 -1.1380256e+02      
1.7289835e+02 -1.1270278e+02      
1.6806762e+02 -1.1868256e+02      
1.6830255e+02 -1.2121983e+02      
1.6865457e+02 -1.2386502e+02      
1.6911221e+02 -1.2656690e+02      
1.6966228e+02 -1.2928153e+02      
1.7028765e+02 -1.3197538e+02      
1.7095666e+02 -1.3461465e+02      
1.7159412e+02 -1.3712341e+02      
1.7203480e+02 -1.3930938e+02      
1.7205397e+02 -1.4089224e+02      
1.7151481e+02 -1.4169946e+02      
1.7042299e+02 -1.4173788e+02      
1.6892334e+02 -1.4119300e+02      
1.6724087e+02 -1.4035315e+02      
1.6553343e+02 -1.3940426e+02      
1.6386236e+02 -1.3839752e+02      
1.6224374e+02 -1.3733730e+02      
1.6068390e+02 -1.3624158e+02      
1.5919138e+02 -1.3515038e+02      
1.5777687e+02 -1.3411295e+02      
1.5203513e+02 -1.3944614e+02      
1.5216307e+02 -1.4178706e+02      
1.5237536e+02 -1.4421642e+02      
1.5265913e+02 -1.4668564e+02      
1.5299628e+02 -1.4914750e+02      
1.5336010e+02 -1.5155435e+02      
1.5370747e+02 -1.5384853e+02      
1.5396691e+02 -1.5594394e+02      
1.5403309e+02 -1.5771286e+02      
1.5379170e+02 -1.5901356e+02      
1.5317056e+02 -1.5975545e+02      
1.5217213e+02 -1.5994189e+02      
1.5087196e+02 -1.5966887e+02      
1.4938384e+02 -1.5907922e+02      
1.4780824e+02 -1.5829410e+02      
1.4620842e+02 -1.5738543e+02      
1.4461836e+02 -1.5639435e+02      
1.4305742e+02 -1.5535600e+02      
1.4153933e+02 -1.5431022e+02      
1.4007516e+02 -1.5330103e+02      
1.3350818e+02 -1.5787069e+02      
1.3353574e+02 -1.6002688e+02      
1.3361770e+02 -1.6225085e+02      
1.3374065e+02 -1.6449533e+02      
1.3388494e+02 -1.6671161e+02      
1.3402225e+02 -1.6884757e+02      
1.3411197e+02 -1.7084285e+02      
1.3409830e+02 -1.7262332e+02      
1.3391348e+02 -1.7410239e+02      
1.3349282e+02 -1.7519781e+02      
1.3279676e+02 -1.7585915e+02      
1.3182625e+02 -1.7608730e+02      
1.3062197e+02 -1.7593360e+02      
1.2924773e+02 -1.7547836e+02      
1.2776801e+02 -1.7480219e+02      
1.2623355e+02 -1.7396957e+02      
1.2467930e+02 -1.7302979e+02      
1.2312864e+02 -1.7202513e+02      
1.2159782e+02 -1.7099676e+02      
1.2009844e+02 -1.6998644e+02      
1.1280949e+02 -1.7368838e+02      
1.1274448e+02 -1.7567164e+02      
1.1270800e+02 -1.7770233e+02      
1.1268740e+02 -1.7973490e+02      
1.1266415e+02 -1.8172173e+02      
1.1261266e+02 -1.8361213e+02      
1.1249929e+02 -1.8535082e+02      
1.1228285e+02 -1.8687748e+02      
1.1191872e+02 -1.8813062e+02      
1.1136766e+02 -1.8905740e+02      
1.1060658e+02 -1.8962666e+02      
1.0963576e+02 -1.8983780e+02      
1.0847846e+02 -1.8972024e+02      
1.0717300e+02 -1.8932336e+02      
1.0576184e+02 -1.8870307e+02      
1.0428298e+02 -1.8791211e+02      
1.0276653e+02 -1.8699734e+02      
1.0123484e+02 -1.8600137e+02      
9.9704040e+01 -1.8496485e+02      
9.8185354e+01 -1.8392760e+02      
9.0292520e+01 -1.8667196e+02      
9.0143418e+01 -1.8849453e+02      
9.0001563e+01 -1.9034526e+02      
8.9856029e+01 -1.9218115e+02      
8.9690895e+01 -1.9395740e+02      
8.9484979e+01 -1.9562738e+02      
8.9212058e+01 -1.9714271e+02      
8.8842313e+01 -1.9845454e+02      
8.8345724e+01 -1.9951703e+02      
8.7697335e+01 -2.0029328e+02      
8.6882893e+01 -2.0076196e+02      
8.5902453e+01 -2.0092160e+02      
8.4770159e+01 -2.0079024e+02      
8.3510292e+01 -2.0040058e+02      
8.2151512e+01 -1.9979299e+02      
8.0721721e+01 -1.9900985e+02      
7.9245013e+01 -1.9809247e+02      
7.7740604e+01 -1.9708054e+02      
7.6222916e+01 -1.9601249e+02      
7.4701981e+01 -1.9492574e+02      
