2.5593628e+01 2.3662685e+02      
2.5680005e+01 2.3548984e+02      
2.6332088e+01 2.3457342e+02      
2.7548528e+01 2.3394413e+02      
2.9330012e+01 2.3367674e+02      
3.1684338e+01 2.3386311e+02      
3.4636198e+01 2.3463225e+02      
3.8249246e+01 2.3620848e+02      
4.2438359e+01 2.3861828e+02      
4.5886929e+01 2.3952993e+02      
4.8399440e+01 2.3879450e+02      
5.0089400e+01 2.3660383e+02      
5.2347087e+01 2.3530913e+02      
5.5325054e+01 2.3495667e+02      
5.8895377e+01 2.3532408e+02      
6.1755462e+01 2.3530934e+02      
6.3794760e+01 2.3481012e+02      
6.5005683e+01 2.3376675e+02      
6.5483520e+01 2.3214764e+02      
6.6538775e+01 2.3083527e+02      
5.3480136e+01 2.2688143e+02      
5.3690617e+01 2.2571004e+02      
5.4476694e+01 2.2474771e+02      
5.5839977e+01 2.2406752e+02      
5.7786108e+01 2.2375324e+02      
6.0333003e+01 2.2391187e+02      
6.3530424e+01 2.2470317e+02      
6.7508028e+01 2.2641043e+02      
7.2209522e+01 2.2902900e+02      
7.5908459e+01 2.3000203e+02      
7.8365309e+01 2.2910309e+02      
7.9722647e+01 2.2661546e+02      
8.1808416e+01 2.2512310e+02      
8.4809801e+01 2.2471602e+02      
8.8545669e+01 2.2507534e+02      
9.1384654e+01 2.2501563e+02      
9.3178258e+01 2.2437757e+02      
9.3914633e+01 2.2309614e+02      
9.3723587e+01 2.2117916e+02      
9.4238888e+01 2.1955124e+02      
7.9949067e+01 2.1341262e+02      
8.0279230e+01 2.1215803e+02      
8.1185865e+01 2.1109288e+02      
8.2670040e+01 2.1029085e+02      
8.4735037e+01 2.0983224e+02      
8.7391710e+01 2.0981173e+02      
9.0671692e+01 2.1035459e+02      
9.4670734e+01 2.1165652e+02      
9.9358354e+01 2.1369258e+02      
1.0306925e+02 2.1440745e+02      
1.0561605e+02 2.1363499e+02      
1.0706286e+02 2.1159437e+02      
1.0912121e+02 2.1035628e+02      
1.1194406e+02 2.0999476e+02      
1.1546517e+02 2.1024417e+02      
1.1804655e+02 2.1011019e+02      
1.1956409e+02 2.0942615e+02      
1.2000373e+02 2.0813088e+02      
1.1948189e+02 2.0625134e+02      
1.1969983e+02 2.0455515e+02      
1.0458164e+02 1.9645505e+02      
1.0502498e+02 1.9506707e+02      
1.0603721e+02 1.9384296e+02      
1.0761634e+02 1.9285284e+02      
1.0975859e+02 1.9216518e+02      
1.1245667e+02 1.9184604e+02      
1.1569318e+02 1.9195380e+02      
1.1941355e+02 1.9250413e+02      
1.2334932e+02 1.9325065e+02      
1.2685252e+02 1.9350293e+02      
1.2964555e+02 1.9303601e+02      
1.3186966e+02 1.9211269e+02      
1.3403780e+02 1.9142784e+02      
1.3630533e+02 1.9120517e+02      
1.3911156e+02 1.9133823e+02      
1.4116919e+02 1.9115106e+02      
1.4239226e+02 1.9050968e+02      
1.4275303e+02 1.8936360e+02      
1.4230379e+02 1.8773749e+02      
1.4250601e+02 1.8615489e+02      
1.2699480e+02 1.7630237e+02      
1.2754441e+02 1.7473195e+02      
1.2864830e+02 1.7329812e+02      
1.3030100e+02 1.7206723e+02      
1.3249307e+02 1.7109502e+02      
1.3520447e+02 1.7042057e+02      
1.3838557e+02 1.7005506e+02      
1.4191750e+02 1.6995201e+02      
1.4555891e+02 1.6995483e+02      
1.4897227e+02 1.6984605e+02      
1.5193041e+02 1.6954687e+02      
1.5444062e+02 1.6918695e+02      
1.5656833e+02 1.6898937e+02      
1.5762330e+02 1.6894399e+02      
1.5907503e+02 1.6895964e+02      
1.6041617e+02 1.6877440e+02      
1.6134736e+02 1.6824974e+02      
1.6181989e+02 1.6734820e+02      
1.6200823e+02 1.6612749e+02      
1.6241921e+02 1.6476176e+02      
1.4684642e+02 1.5330083e+02      
1.4749634e+02 1.5150025e+02      
1.4867986e+02 1.4981232e+02      
1.5038851e+02 1.4830359e+02      
1.5261286e+02 1.4702169e+02      
1.5533780e+02 1.4598720e+02      
1.5852120e+02 1.4518930e+02      
1.6204619e+02 1.4458926e+02      
1.6571718e+02 1.4412144e+02      
1.6925446e+02 1.4373168e+02      
1.7224047e+02 1.4347594e+02      
1.7462846e+02 1.4340775e+02      
1.7526490e+02 1.4365279e+02      
1.7573988e+02 1.4390471e+02      
1.7643826e+02 1.4404431e+02      
1.7721805e+02 1.4397067e+02      
1.7788844e+02 1.4360960e+02      
1.7839121e+02 1.4294096e+02      
1.7881350e+02 1.4199770e+02      
1.7933954e+02 1.4084205e+02      
1.6383975e+02 1.2784189e+02      
1.6458639e+02 1.2576205e+02      
1.6583962e+02 1.2377872e+02      
1.6758616e+02 1.2196708e+02      
1.6981976e+02 1.2037429e+02      
1.7254817e+02 1.1900759e+02      
1.7579296e+02 1.1782984e+02      
1.7947734e+02 1.1680519e+02      
1.8330170e+02 1.1597054e+02      
1.8720262e+02 1.1529073e+02      
1.8990943e+02 1.1506525e+02      
1.9122000e+02 1.1533884e+02      
1.9086991e+02 1.1607781e+02      
1.9073173e+02 1.1669452e+02      
1.9094820e+02 1.1707456e+02      
1.9135440e+02 1.1718955e+02      
1.9181259e+02 1.1701753e+02      
1.9224984e+02 1.1655775e+02      
1.9267668e+02 1.1583069e+02      
1.9316940e+02 1.1486464e+02      
1.7772657e+02 1.0035562e+02      
1.7857183e+02 9.7939466e+01      
1.7988958e+02 9.5614347e+01      
1.8165380e+02 9.3479334e+01      
1.8385458e+02 9.1592507e+01      
1.8651651e+02 8.9954276e+01      
1.8974995e+02 8.8492029e+01      
1.9371615e+02 8.7081470e+01      
1.9743310e+02 8.6021013e+01      
2.0081184e+02 8.5276883e+01      
2.0308755e+02 8.5111229e+01      
2.0379170e+02 8.5673428e+01      
2.0291701e+02 8.6886273e+01      
2.0236252e+02 8.7874463e+01      
2.0225647e+02 8.8521675e+01      
2.0242867e+02 8.8847943e+01      
2.0274318e+02 8.8868362e+01      
2.0309510e+02 8.8601961e+01      
2.0343340e+02 8.8070620e+01      
2.0378583e+02 8.7290367e+01      
1.8830809e+02 7.1307188e+01      
1.8926557e+02 6.8477557e+01      
1.9065613e+02 6.5743084e+01      
1.9242264e+02 6.3257846e+01      
1.9453623e+02 6.1105750e+01      
1.9700916e+02 5.9283982e+01      
1.9987735e+02 5.7741104e+01      
2.0308225e+02 5.6439003e+01      
2.0634364e+02 5.5388916e+01      
2.0961098e+02 5.4482306e+01      
2.1168098e+02 5.4315288e+01      
2.1215152e+02 5.5084732e+01      
2.1109868e+02 5.6693887e+01      
2.1036130e+02 5.8003518e+01      
2.1009779e+02 5.8890253e+01      
2.1016864e+02 5.9409222e+01      
2.1044315e+02 5.9602561e+01      
2.1076155e+02 5.9510107e+01      
2.1097401e+02 5.9165607e+01      
2.1108476e+02 5.8580249e+01      
1.9543000e+02 4.1202070e+01      
1.9653611e+02 3.7840219e+01      
1.9804257e+02 3.4571279e+01      
1.9981432e+02 3.1688587e+01      
2.0179146e+02 2.9317314e+01      
2.0399473e+02 2.7396852e+01      
2.0641353e+02 2.5871084e+01      
2.0896199e+02 2.4730343e+01      
2.1151550e+02 2.3948613e+01      
2.1392270e+02 2.3473865e+01      
2.1586678e+02 2.3327211e+01      
2.1630468e+02 2.4219954e+01      
2.1530800e+02 2.6100872e+01      
2.1457278e+02 2.7633622e+01      
2.1428952e+02 2.8693550e+01      
2.1438041e+02 2.9357062e+01      
2.1477012e+02 2.9680228e+01      
2.1523929e+02 2.9725339e+01      
2.1531620e+02 2.9561631e+01      
2.1499434e+02 2.9197269e+01      
1.9896464e+02 1.0612739e+01      
2.0028926e+02 6.5327659e+00      
2.0205625e+02 2.4287592e+00      
2.0386538e+02 -9.3371805e-01      
2.0562374e+02 -3.3723062e+00      
2.0753095e+02 -5.3077700e+00      
2.0954940e+02 -6.7938388e+00      
2.1154990e+02 -7.7404760e+00      
2.1343067e+02 -8.1475440e+00      
2.1502423e+02 -8.0397934e+00      
2.1598017e+02 -7.3227636e+00      
2.1636072e+02 -6.2946509e+00      
2.1556290e+02 -4.3205892e+00      
2.1495185e+02 -2.7100358e+00      
2.1472572e+02 -1.5639654e+00      
2.1489668e+02 -8.1841536e-01      
2.1552292e+02 -4.2751498e-01      
2.1652327e+02 -3.1644544e-01      
2.1646881e+02 -3.0480061e-01      
2.1534917e+02 -3.8830360e-01      
1.9878181e+02 -1.9770190e+01      
2.0033739e+02 -2.4691115e+01      
2.0264243e+02 -3.0199801e+01      
2.0454540e+02 -3.4160274e+01      
2.0597305e+02 -3.6363646e+01      
2.0767591e+02 -3.8372516e+01      
2.0940053e+02 -3.9908369e+01      
2.1092375e+02 -4.0651546e+01      
2.1215722e+02 -4.0535295e+01      
2.1314138e+02 -3.9800243e+01      
2.1284148e+02 -3.7750811e+01      
2.1253532e+02 -3.5916406e+01      
2.1201544e+02 -3.4107844e+01      
2.1155941e+02 -3.2559032e+01      
2.1138029e+02 -3.1399304e+01      
2.1158272e+02 -3.0626204e+01      
2.1229397e+02 -3.0222776e+01      
2.1340348e+02 -3.0117167e+01      
2.1322884e+02 -2.9934395e+01      
2.1175854e+02 -2.9676698e+01      
1.9478574e+02 -4.9181337e+01      
1.9630754e+02 -5.4620492e+01      
1.9855697e+02 -6.0847048e+01      
2.0051545e+02 -6.5348574e+01      
2.0237633e+02 -6.8284272e+01      
2.0421333e+02 -7.0874128e+01      
2.0582363e+02 -7.2735868e+01      
2.0696525e+02 -7.3368899e+01      
2.0738908e+02 -7.2418495e+01      
2.0680888e+02 -6.9738547e+01      
2.0612965e+02 -6.7110529e+01      
2.0552560e+02 -6.4880112e+01      
2.0497875e+02 -6.3010793e+01      
2.0453996e+02 -6.1493740e+01      
2.0432064e+02 -6.0352069e+01      
2.0443389e+02 -5.9583272e+01      
2.0502075e+02 -5.9184426e+01      
2.0598305e+02 -5.9088654e+01      
2.0570393e+02 -5.8736203e+01      
2.0416944e+02 -5.8139522e+01      
1.8704013e+02 -7.6993566e+01      
1.8825316e+02 -8.2448863e+01      
1.9004147e+02 -8.8621670e+01      
1.9171611e+02 -9.3171637e+01      
1.9334209e+02 -9.6093997e+01      
1.9545146e+02 -9.9644578e+01      
1.9711365e+02 -1.0216699e+02      
1.9806363e+02 -1.0297976e+02      
1.9805100e+02 -1.0159947e+02      
1.9695167e+02 -9.8018902e+01      
1.9600829e+02 -9.4921449e+01      
1.9525011e+02 -9.2490469e+01      
1.9460206e+02 -9.0567461e+01      
1.9406973e+02 -8.9076828e+01      
1.9370712e+02 -8.7979432e+01      
1.9359561e+02 -8.7237705e+01      
1.9384997e+02 -8.6817414e+01      
1.9443263e+02 -8.6646025e+01      
1.9407030e+02 -8.6118357e+01      
1.9274059e+02 -8.5265384e+01      
1.7578588e+02 -1.0284148e+02      
1.7653041e+02 -1.0792018e+02      
1.7760944e+02 -1.1313062e+02      
1.7885850e+02 -1.1754110e+02      
1.8032204e+02 -1.2090615e+02      
1.8205208e+02 -1.2416341e+02      
1.8379575e+02 -1.2743380e+02      
1.8474025e+02 -1.2878169e+02      
1.8467680e+02 -1.2754910e+02      
1.8361447e+02 -1.2380758e+02      
1.8262982e+02 -1.2059520e+02      
1.8179417e+02 -1.1814658e+02      
1.8104455e+02 -1.1626856e+02      
1.8036912e+02 -1.1486024e+02      
1.7978862e+02 -1.1386125e+02      
1.7934672e+02 -1.1320375e+02      
1.7909578e+02 -1.1275929e+02      
1.7895149e+02 -1.1230229e+02      
1.7853895e+02 -1.1157689e+02      
1.7781132e+02 -1.1065376e+02      
1.6137036e+02 -1.2653749e+02      
1.6163448e+02 -1.3136427e+02      
1.6212490e+02 -1.3626018e+02      
1.6288350e+02 -1.4067161e+02      
1.6409747e+02 -1.4359882e+02      
1.6550735e+02 -1.4612238e+02      
1.6686369e+02 -1.4854543e+02      
1.6784928e+02 -1.5054218e+02      
1.6791230e+02 -1.4993034e+02      
1.6710786e+02 -1.4657434e+02      
1.6623179e+02 -1.4362906e+02      
1.6538960e+02 -1.4138256e+02      
1.6455913e+02 -1.3967166e+02      
1.6372896e+02 -1.3842056e+02      
1.6289589e+02 -1.3759390e+02      
1.6206612e+02 -1.3715256e+02      
1.6130099e+02 -1.3690741e+02      
1.6073570e+02 -1.3638895e+02      
1.6032986e+02 -1.3540158e+02      
1.5998892e+02 -1.3409425e+02      
1.4417978e+02 -1.4782853e+02      
1.4397036e+02 -1.5259972e+02      
1.4390631e+02 -1.5749444e+02      
1.4429400e+02 -1.6143144e+02      
1.4515601e+02 -1.6412240e+02      
1.4638188e+02 -1.6572667e+02      
1.4749478e+02 -1.6713178e+02      
1.4823323e+02 -1.6828298e+02      
1.4841121e+02 -1.6853787e+02      
1.4789979e+02 -1.6605425e+02      
1.4717641e+02 -1.6372433e+02      
1.4636338e+02 -1.6186508e+02      
1.4547593e+02 -1.6041693e+02      
1.4450698e+02 -1.5937231e+02      
1.4343173e+02 -1.5875580e+02      
1.4220039e+02 -1.5863864e+02      
1.4083501e+02 -1.5897941e+02      
1.3996914e+02 -1.5854772e+02      
1.3963667e+02 -1.5723810e+02      
1.3974074e+02 -1.5515854e+02      
1.2465700e+02 -1.6630138e+02      
1.2400257e+02 -1.7104302e+02      
1.2360699e+02 -1.7545201e+02      
1.2367087e+02 -1.7896515e+02      
1.2423643e+02 -1.8133820e+02      
1.2517781e+02 -1.8263009e+02      
1.2618273e+02 -1.8318622e+02      
1.2673653e+02 -1.8364599e+02      
1.2682931e+02 -1.8350903e+02      
1.2649108e+02 -1.8230630e+02      
1.2587962e+02 -1.8078650e+02      
1.2509667e+02 -1.7938776e+02      
1.2417394e+02 -1.7823125e+02      
1.2310523e+02 -1.7738636e+02      
1.2185038e+02 -1.7692994e+02      
1.2032511e+02 -1.7698364e+02      
1.1856733e+02 -1.7748617e+02      
1.1750095e+02 -1.7705880e+02      
1.1722221e+02 -1.7555346e+02      
1.1759610e+02 -1.7314368e+02      
1.0329230e+02 -1.8150582e+02      
1.0255775e+02 -1.8559390e+02      
1.0181249e+02 -1.8971136e+02      
1.0157053e+02 -1.9290424e+02      
1.0193718e+02 -1.9490909e+02      
1.0274427e+02 -1.9579913e+02      
1.0337112e+02 -1.9634646e+02      
1.0368312e+02 -1.9662025e+02      
1.0366045e+02 -1.9646213e+02      
1.0333151e+02 -1.9580088e+02      
1.0275613e+02 -1.9484157e+02      
1.0198809e+02 -1.9383026e+02      
1.0105126e+02 -1.9292160e+02      
9.9937942e+01 -1.9221855e+02      
9.8603967e+01 -1.9181645e+02      
9.6949943e+01 -1.9183821e+02      
9.5005400e+01 -1.9222223e+02      
9.3841112e+01 -1.9169634e+02      
9.3564352e+01 -1.9012274e+02      
9.4038925e+01 -1.8767815e+02      
8.0366297e+01 -1.9348229e+02      
7.9637350e+01 -1.9693431e+02      
7.8934929e+01 -2.0031645e+02      
7.8405232e+01 -2.0325622e+02      
7.8652176e+01 -2.0490869e+02      
7.9011519e+01 -2.0595702e+02      
7.9266876e+01 -2.0661771e+02      
7.9329875e+01 -2.0693497e+02      
7.9168300e+01 -2.0688822e+02      
7.8783347e+01 -2.0649400e+02      
7.8196536e+01 -2.0585280e+02      
7.7432142e+01 -2.0510141e+02      
7.6503082e+01 -2.0435914e+02      
7.5403905e+01 -2.0371940e+02      
7.4104403e+01 -2.0326188e+02      
7.2528999e+01 -2.0307275e+02      
7.0680479e+01 -2.0311197e+02      
6.9544318e+01 -2.0240181e+02      
6.9183197e+01 -2.0086048e+02      
6.9511327e+01 -1.9861511e+02      
