2.4818285e+01 2.5023378e+02      
2.2912796e+01 2.4899361e+02      
2.1480813e+01 2.4767906e+02      
2.0529571e+01 2.4632589e+02      
2.0062582e+01 2.4496931e+02      
2.0079872e+01 2.4364329e+02      
2.0578314e+01 2.4237970e+02      
2.1551914e+01 2.4120741e+02      
2.2991742e+01 2.4015133e+02      
2.4884841e+01 2.3923141e+02      
2.7210815e+01 2.3846175e+02      
2.9933674e+01 2.3784993e+02      
3.2985614e+01 2.3739649e+02      
3.6243181e+01 2.3709411e+02      
3.9518465e+01 2.3692673e+02      
4.2618049e+01 2.3687088e+02      
4.5459323e+01 2.3689924e+02      
4.8129483e+01 2.3698197e+02      
5.0825707e+01 2.3708547e+02      
5.3736733e+01 2.3717144e+02      
5.2524276e+01 2.4109919e+02      
5.0679785e+01 2.3981881e+02      
4.9312830e+01 2.3843751e+02      
4.8431145e+01 2.3699389e+02      
4.8038537e+01 2.3552628e+02      
4.8135378e+01 2.3407200e+02      
4.8719395e+01 2.3266645e+02      
4.9786706e+01 2.3134216e+02      
5.1332931e+01 2.3012762e+02      
5.3353857e+01 2.2904601e+02      
5.5844254e+01 2.2811399e+02      
5.8791059e+01 2.2734097e+02      
6.2151278e+01 2.2672905e+02      
6.5793257e+01 2.2627232e+02      
6.9400016e+01 2.2595176e+02      
7.2542390e+01 2.2573578e+02      
7.5027485e+01 2.2559382e+02      
7.7056084e+01 2.2549641e+02      
7.9066686e+01 2.2541046e+02      
8.1382031e+01 2.2529305e+02      
7.8935648e+01 2.2829593e+02      
7.7169445e+01 2.2695742e+02      
7.5881427e+01 2.2549258e+02      
7.5079506e+01 2.2394295e+02      
7.4767239e+01 2.2235013e+02      
7.4944545e+01 2.2075506e+02      
7.5608982e+01 2.1919712e+02      
7.6757663e+01 2.1771311e+02      
7.8389961e+01 2.1633596e+02      
8.0511112e+01 2.1509299e+02      
8.3136535e+01 2.1400398e+02      
8.6294843e+01 2.1307987e+02      
9.0021319e+01 2.1232415e+02      
9.4302286e+01 2.1173805e+02      
9.8705279e+01 2.1130582e+02      
1.0204808e+02 2.1096185e+02      
1.0392326e+02 2.1068144e+02      
1.0474583e+02 2.1043578e+02      
1.0572067e+02 2.1020646e+02      
1.0729433e+02 2.0993594e+02      
1.0363525e+02 2.1205420e+02      
1.0196271e+02 2.1063797e+02      
1.0076612e+02 2.0907117e+02      
1.0005320e+02 2.0739835e+02      
9.9826492e+01 2.0566452e+02      
1.0008422e+02 2.0391442e+02      
1.0082190e+02 2.0219176e+02      
1.0203504e+02 2.0053835e+02      
1.0372316e+02 1.9899273e+02      
1.0589634e+02 1.9758803e+02      
1.0858634e+02 1.9634849e+02      
1.1186558e+02 1.9528545e+02      
1.1587930e+02 1.9439735e+02      
1.2092243e+02 1.9368675e+02      
1.2698828e+02 1.9318420e+02      
1.3067541e+02 1.9272545e+02      
1.3170409e+02 1.9236111e+02      
1.3034838e+02 1.9202102e+02      
1.3006864e+02 1.9172631e+02      
1.3089400e+02 1.9136543e+02      
1.2623571e+02 1.9265739e+02      
1.2467014e+02 1.9114240e+02      
1.2357620e+02 1.8945382e+02      
1.2296112e+02 1.8763925e+02      
1.2282562e+02 1.8574705e+02      
1.2316459e+02 1.8382578e+02      
1.2396900e+02 1.8192372e+02      
1.2522893e+02 1.8008824e+02      
1.2693795e+02 1.7836494e+02      
1.2910017e+02 1.7679575e+02      
1.3174502e+02 1.7541362e+02      
1.3495794e+02 1.7423188e+02      
1.3893606e+02 1.7323294e+02      
1.4409432e+02 1.7236373e+02      
1.5042484e+02 1.7157482e+02      
1.5403010e+02 1.7100140e+02      
1.5452285e+02 1.7067162e+02      
1.5229453e+02 1.7053410e+02      
1.5131421e+02 1.7029491e+02      
1.5162967e+02 1.6990543e+02      
1.4638493e+02 1.7043754e+02      
1.4493726e+02 1.6880159e+02      
1.4395599e+02 1.6697034e+02      
1.4344789e+02 1.6499434e+02      
1.4341111e+02 1.6292511e+02      
1.4383549e+02 1.6081479e+02      
1.4470452e+02 1.5871600e+02      
1.4599882e+02 1.5668170e+02      
1.4769984e+02 1.5476531e+02      
1.4979251e+02 1.5302167e+02      
1.5227400e+02 1.5150327e+02      
1.5518887e+02 1.5023843e+02      
1.5868931e+02 1.4919745e+02      
1.6310296e+02 1.4827136e+02      
1.6844858e+02 1.4732692e+02      
1.7144405e+02 1.4673108e+02      
1.7181927e+02 1.4646423e+02      
1.6986568e+02 1.4650147e+02      
1.6894329e+02 1.4631969e+02      
1.6910087e+02 1.4593125e+02      
1.6377078e+02 1.4577006e+02      
1.6244896e+02 1.4399005e+02      
1.6158896e+02 1.4199449e+02      
1.6119778e+02 1.3983687e+02      
1.6127076e+02 1.3757128e+02      
1.6179093e+02 1.3525267e+02      
1.6273085e+02 1.3293750e+02      
1.6405791e+02 1.3068347e+02      
1.6573981e+02 1.2854944e+02      
1.6773827e+02 1.2660299e+02      
1.6998449e+02 1.2493691e+02      
1.7241181e+02 1.2363629e+02      
1.7507586e+02 1.2267325e+02      
1.7809357e+02 1.2191067e+02      
1.8114793e+02 1.2126426e+02      
1.8313905e+02 1.2081260e+02      
1.8368909e+02 1.2056396e+02      
1.8321139e+02 1.2043514e+02      
1.8287590e+02 1.2022307e+02      
1.8311906e+02 1.1984597e+02      
1.7812514e+02 1.1906783e+02      
1.7693297e+02 1.1711978e+02      
1.7620052e+02 1.1493791e+02      
1.7593690e+02 1.1257882e+02      
1.7613567e+02 1.1009805e+02      
1.7677173e+02 1.0755140e+02      
1.7780150e+02 1.0499860e+02      
1.7917207e+02 1.0250266e+02      
1.8084091e+02 1.0012135e+02      
1.8278155e+02 9.7909085e+01      
1.8485844e+02 9.6008603e+01      
1.8669790e+02 9.4720443e+01      
1.8829641e+02 9.4019613e+01      
1.8995654e+02 9.3560923e+01      
1.9154792e+02 9.3199171e+01      
1.9268412e+02 9.2929595e+01      
1.9318609e+02 9.2746071e+01      
1.9325137e+02 9.2596647e+01      
1.9330358e+02 9.2394176e+01      
1.9364975e+02 9.2063292e+01      
1.8922731e+02 9.0774742e+01      
1.8816234e+02 8.8633212e+01      
1.8755926e+02 8.6242635e+01      
1.8743319e+02 8.3664207e+01      
1.8777955e+02 8.0952565e+01      
1.8856621e+02 7.8158634e+01      
1.8972617e+02 7.5343884e+01      
1.9116414e+02 7.2586547e+01      
1.9280916e+02 6.9950078e+01      
1.9470724e+02 6.7425096e+01      
1.9686841e+02 6.5069121e+01      
1.9808515e+02 6.3840315e+01      
1.9835200e+02 6.3714561e+01      
1.9883928e+02 6.3655546e+01      
1.9942949e+02 6.3566479e+01      
1.9988751e+02 6.3484640e+01      
2.0012229e+02 6.3420457e+01      
2.0021514e+02 6.3353716e+01      
2.0035105e+02 6.3237474e+01      
2.0069988e+02 6.3011512e+01      
1.9690711e+02 6.1359194e+01      
1.9595743e+02 5.8995233e+01      
1.9547697e+02 5.6371395e+01      
1.9549369e+02 5.3560116e+01      
1.9601282e+02 5.0612605e+01      
1.9700429e+02 4.7556352e+01      
1.9837969e+02 4.4440771e+01      
1.9995124e+02 4.1390283e+01      
2.0151336e+02 3.8544120e+01      
2.0311614e+02 3.5856877e+01      
2.0483702e+02 3.3322361e+01      
2.0541703e+02 3.2210890e+01      
2.0486385e+02 3.2491813e+01      
2.0449373e+02 3.2769104e+01      
2.0431802e+02 3.2918746e+01      
2.0418886e+02 3.3014063e+01      
2.0405900e+02 3.3090984e+01      
2.0396888e+02 3.3157664e+01      
2.0400762e+02 3.3191195e+01      
2.0426189e+02 3.3137422e+01      
2.0104842e+02 3.1308534e+01      
2.0018803e+02 2.8685121e+01      
1.9980801e+02 2.5793032e+01      
1.9996002e+02 2.2740113e+01      
2.0067093e+02 1.9585145e+01      
2.0193010e+02 1.6276979e+01      
2.0368864e+02 1.2782247e+01      
2.0564587e+02 9.2968747e+00      
2.0705719e+02 6.3249548e+00      
2.0793829e+02 3.8197911e+00      
2.0885357e+02 1.4093221e+00      
2.0879658e+02 4.6497310e-01      
2.0771512e+02 1.0001763e+00      
2.0674225e+02 1.4821669e+00      
2.0595028e+02 1.7996397e+00      
2.0528183e+02 2.0362865e+00      
2.0474204e+02 2.2438555e+00      
2.0437178e+02 2.4653457e+00      
2.0422098e+02 2.7045849e+00      
2.0432362e+02 2.8997476e+00      
2.0159385e+02 1.1265553e+00      
2.0077728e+02 -1.8060629e+00      
2.0044935e+02 -5.0363378e+00      
2.0070252e+02 -8.3687299e+00      
2.0161091e+02 -1.1591669e+01      
2.0314875e+02 -1.5046703e+01      
2.0540519e+02 -1.8968275e+01      
2.0831253e+02 -2.3260968e+01      
2.0953710e+02 -2.6273401e+01      
2.0905235e+02 -2.7981419e+01      
2.0898156e+02 -2.9922096e+01      
2.0837052e+02 -3.0711269e+01      
2.0697743e+02 -3.0188500e+01      
2.0556135e+02 -2.9681836e+01      
2.0421696e+02 -2.9270816e+01      
2.0301059e+02 -2.8944334e+01      
2.0202426e+02 -2.8659016e+01      
2.0132494e+02 -2.8296973e+01      
2.0095203e+02 -2.7787228e+01      
2.0089294e+02 -2.7238551e+01      
1.9855109e+02 -2.8666416e+01      
1.9771000e+02 -3.1962433e+01      
1.9735111e+02 -3.5627224e+01      
1.9763712e+02 -3.9364173e+01      
1.9876913e+02 -4.2267840e+01      
2.0048404e+02 -4.5671508e+01      
2.0289401e+02 -4.9794879e+01      
2.0589500e+02 -5.4465403e+01      
2.0694024e+02 -5.7452275e+01      
2.0598209e+02 -5.8648632e+01      
2.0525473e+02 -5.9915585e+01      
2.0432564e+02 -6.0688644e+01      
2.0288426e+02 -6.0701908e+01      
2.0108646e+02 -6.0312193e+01      
1.9911855e+02 -5.9782030e+01      
1.9731158e+02 -5.9411344e+01      
1.9582684e+02 -5.9187665e+01      
1.9476097e+02 -5.8807551e+01      
1.9419277e+02 -5.7883263e+01      
1.9401792e+02 -5.6805265e+01      
1.9199516e+02 -5.7551609e+01      
1.9105957e+02 -6.1194013e+01      
1.9057121e+02 -6.5285634e+01      
1.9095498e+02 -6.8807768e+01      
1.9228140e+02 -7.1583575e+01      
1.9400059e+02 -7.4906102e+01      
1.9614076e+02 -7.8910985e+01      
1.9862762e+02 -8.3427679e+01      
1.9948599e+02 -8.6333051e+01      
1.9879604e+02 -8.7664368e+01      
1.9824629e+02 -8.9097383e+01      
1.9726948e+02 -9.0069315e+01      
1.9568146e+02 -9.0344362e+01      
1.9345803e+02 -8.9966391e+01      
1.9064704e+02 -8.9095268e+01      
1.8817306e+02 -8.8762616e+01      
1.8613057e+02 -8.8848874e+01      
1.8464470e+02 -8.8801405e+01      
1.8398575e+02 -8.7131300e+01      
1.8380718e+02 -8.5285715e+01      
1.8213959e+02 -8.4901941e+01      
1.8110970e+02 -8.8645341e+01      
1.8058495e+02 -9.2509363e+01      
1.8095951e+02 -9.5933703e+01      
1.8240276e+02 -9.8854797e+01      
1.8397195e+02 -1.0217389e+02      
1.8555560e+02 -1.0582574e+02      
1.8693827e+02 -1.0937757e+02      
1.8750635e+02 -1.1204204e+02      
1.8728704e+02 -1.1380637e+02      
1.8707580e+02 -1.1582645e+02      
1.8614825e+02 -1.1709768e+02      
1.8444692e+02 -1.1753198e+02      
1.8195287e+02 -1.1718372e+02      
1.7870846e+02 -1.1628321e+02      
1.7567725e+02 -1.1623439e+02      
1.7306440e+02 -1.1682236e+02      
1.7133394e+02 -1.1644896e+02      
1.7051360e+02 -1.1475980e+02      
1.7047066e+02 -1.1204877e+02      
1.6970504e+02 -1.0919000e+02      
1.6866058e+02 -1.1276135e+02      
1.6786026e+02 -1.1671230e+02      
1.6796112e+02 -1.2014002e+02      
1.6911947e+02 -1.2295786e+02      
1.7041437e+02 -1.2637090e+02      
1.7150457e+02 -1.2985206e+02      
1.7227186e+02 -1.3299586e+02      
1.7255074e+02 -1.3545876e+02      
1.7239480e+02 -1.3731338e+02      
1.7220581e+02 -1.3956703e+02      
1.7125720e+02 -1.4098997e+02      
1.6950796e+02 -1.4152216e+02      
1.6695436e+02 -1.4124591e+02      
1.6360911e+02 -1.4045819e+02      
1.6019236e+02 -1.4084166e+02      
1.5738426e+02 -1.4116828e+02      
1.5548032e+02 -1.4060913e+02      
1.5454986e+02 -1.3888712e+02      
1.5443169e+02 -1.3621399e+02      
1.5445185e+02 -1.3117408e+02      
1.5349070e+02 -1.3436301e+02      
1.5275040e+02 -1.3783547e+02      
1.5241119e+02 -1.4132037e+02      
1.5309916e+02 -1.4412275e+02      
1.5386823e+02 -1.4729116e+02      
1.5453338e+02 -1.5077526e+02      
1.5489914e+02 -1.5382071e+02      
1.5490393e+02 -1.5614391e+02      
1.5459359e+02 -1.5782392e+02      
1.5418619e+02 -1.5988215e+02      
1.5312693e+02 -1.6120544e+02      
1.5138329e+02 -1.6175534e+02      
1.4896416e+02 -1.6158818e+02      
1.4591132e+02 -1.6085578e+02      
1.4279517e+02 -1.6086154e+02      
1.3978041e+02 -1.6131705e+02      
1.3771383e+02 -1.6077684e+02      
1.3677439e+02 -1.5895925e+02      
1.3672315e+02 -1.5612350e+02      
1.3659350e+02 -1.5070684e+02      
1.3570506e+02 -1.5351238e+02      
1.3501740e+02 -1.5652159e+02      
1.3464353e+02 -1.5955906e+02      
1.3470365e+02 -1.6244142e+02      
1.3492379e+02 -1.6539574e+02      
1.3510542e+02 -1.6847586e+02      
1.3512251e+02 -1.7150043e+02      
1.3485714e+02 -1.7373538e+02      
1.3431302e+02 -1.7510394e+02      
1.3352510e+02 -1.7645712e+02      
1.3231563e+02 -1.7747692e+02      
1.3061589e+02 -1.7798243e+02      
1.2844568e+02 -1.7799296e+02      
1.2591384e+02 -1.7769969e+02      
1.2326350e+02 -1.7751616e+02      
1.2067753e+02 -1.7743434e+02      
1.1845290e+02 -1.7701961e+02      
1.1758727e+02 -1.7509994e+02      
1.1706993e+02 -1.7286895e+02      
1.1643821e+02 -1.6754726e+02      
1.1558067e+02 -1.7002644e+02      
1.1487928e+02 -1.7266522e+02      
1.1437958e+02 -1.7536031e+02      
1.1408079e+02 -1.7804343e+02      
1.1388722e+02 -1.8072210e+02      
1.1367853e+02 -1.8338519e+02      
1.1335338e+02 -1.8593503e+02      
1.1283078e+02 -1.8813291e+02      
1.1209137e+02 -1.8935441e+02      
1.1109477e+02 -1.9038793e+02      
1.0978753e+02 -1.9117531e+02      
1.0814189e+02 -1.9160559e+02      
1.0618559e+02 -1.9168309e+02      
1.0400855e+02 -1.9150418e+02      
1.0175316e+02 -1.9118654e+02      
9.9581617e+01 -1.9072162e+02      
9.7729224e+01 -1.8989711e+02      
9.6470345e+01 -1.8843050e+02      
9.5545294e+01 -1.8666816e+02      
9.4333894e+01 -1.8149073e+02      
9.3476276e+01 -1.8369278e+02      
9.2721106e+01 -1.8602877e+02      
9.2084065e+01 -1.8842697e+02      
9.1551366e+01 -1.9082990e+02      
9.1071433e+01 -1.9319724e+02      
9.0572920e+01 -1.9547906e+02      
8.9986028e+01 -1.9758867e+02      
8.9255509e+01 -1.9936958e+02      
8.8346551e+01 -2.0064652e+02      
8.7227040e+01 -2.0158209e+02      
8.5872869e+01 -2.0223015e+02      
8.4280534e+01 -2.0257103e+02      
8.2480020e+01 -2.0261243e+02      
8.0539115e+01 -2.0239459e+02      
7.8557473e+01 -2.0195585e+02      
7.6655666e+01 -2.0128517e+02      
7.4964460e+01 -2.0031469e+02      
7.3560917e+01 -1.9901346e+02      
7.2392054e+01 -1.9749534e+02      
