1.1805305e+01 2.4103191e+02      
1.0806813e+01 2.3835078e+02      
1.0351943e+01 2.3581383e+02      
1.0356762e+01 2.3352806e+02      
1.0723164e+01 2.3159317e+02      
1.1378645e+01 2.3007346e+02      
1.2302307e+01 2.2897925e+02      
1.3492708e+01 2.2828134e+02      
1.4924256e+01 2.2793474e+02      
1.6524859e+01 2.2788268e+02      
1.8062395e+01 2.2796622e+02      
1.9203434e+01 2.2792779e+02      
2.0395352e+01 2.2799979e+02      
2.1922312e+01 2.2829802e+02      
2.3853935e+01 2.2882150e+02      
2.6190243e+01 2.2955443e+02      
2.8893359e+01 2.3047628e+02      
3.1915535e+01 2.3155877e+02      
3.5230621e+01 2.3276109e+02      
3.8851376e+01 2.3402776e+02      
3.9766483e+01 2.2999463e+02      
3.9134882e+01 2.2706098e+02      
3.9098477e+01 2.2425106e+02      
3.9537452e+01 2.2171020e+02      
4.0274655e+01 2.1959774e+02      
4.1179135e+01 2.1802004e+02      
4.2291846e+01 2.1695997e+02      
4.3688426e+01 2.1634358e+02      
4.5371038e+01 2.1610659e+02      
4.7296531e+01 2.1622520e+02      
4.9227118e+01 2.1658944e+02      
4.9582681e+01 2.1612536e+02      
5.0188080e+01 2.1591230e+02      
5.1326100e+01 2.1600476e+02      
5.2989561e+01 2.1634223e+02      
5.5130738e+01 2.1689838e+02      
5.7650712e+01 2.1765648e+02      
6.0433246e+01 2.1859566e+02      
6.3412312e+01 2.1967730e+02      
6.6617218e+01 2.2083820e+02      
6.6437048e+01 2.1532339e+02      
6.6241579e+01 2.1206685e+02      
6.6741724e+01 2.0888205e+02      
6.7796690e+01 2.0595807e+02      
6.9071564e+01 2.0357081e+02      
7.0119904e+01 2.0200093e+02      
7.1315568e+01 2.0107449e+02      
7.2897690e+01 2.0061584e+02      
7.4874927e+01 2.0052944e+02      
7.7073786e+01 2.0074954e+02      
7.8872675e+01 2.0103306e+02      
7.8635427e+01 2.0048494e+02      
7.8663366e+01 2.0012648e+02      
7.9385986e+01 2.0006005e+02      
8.0802504e+01 2.0022982e+02      
8.2818673e+01 2.0061494e+02      
8.5244272e+01 2.0121565e+02      
8.7820097e+01 2.0203377e+02      
9.0376972e+01 2.0304195e+02      
9.3017859e+01 2.0416262e+02      
9.1305397e+01 1.9731604e+02      
9.1593699e+01 1.9366243e+02      
9.2755530e+01 1.8996528e+02      
9.4661000e+01 1.8645759e+02      
9.6846775e+01 1.8357507e+02      
9.7697063e+01 1.8218800e+02      
9.8799456e+01 1.8155723e+02      
1.0054013e+02 1.8135756e+02      
1.0289377e+02 1.8145951e+02      
1.0546547e+02 1.8178838e+02      
1.0654384e+02 1.8179275e+02      
1.0578521e+02 1.8128847e+02      
1.0519881e+02 1.8089847e+02      
1.0548227e+02 1.8072577e+02      
1.0672540e+02 1.8074429e+02      
1.0877610e+02 1.8094888e+02      
1.1134726e+02 1.8137566e+02      
1.1391059e+02 1.8208116e+02      
1.1583693e+02 1.8308292e+02      
1.1765547e+02 1.8425905e+02      
1.1385425e+02 1.7635965e+02      
1.1461210e+02 1.7225971e+02      
1.1649097e+02 1.6791127e+02      
1.1929524e+02 1.6365036e+02      
1.2156508e+02 1.6059152e+02      
1.2302315e+02 1.5900815e+02      
1.2401025e+02 1.5879613e+02      
1.2590522e+02 1.5894301e+02      
1.2861399e+02 1.5920651e+02      
1.3054639e+02 1.5934660e+02      
1.3121927e+02 1.5926589e+02      
1.3053312e+02 1.5896309e+02      
1.2907635e+02 1.5858442e+02      
1.2893098e+02 1.5835279e+02      
1.3013673e+02 1.5822647e+02      
1.3246942e+02 1.5820769e+02      
1.3556904e+02 1.5839197e+02      
1.3864245e+02 1.5895879e+02      
1.3944548e+02 1.6005658e+02      
1.4008458e+02 1.6143886e+02      
1.3358548e+02 1.5292154e+02      
1.3463129e+02 1.4845832e+02      
1.3706945e+02 1.4344042e+02      
1.3975721e+02 1.3896563e+02      
1.4214264e+02 1.3570206e+02      
1.4412054e+02 1.3391964e+02      
1.4592132e+02 1.3351120e+02      
1.4796957e+02 1.3395919e+02      
1.4995264e+02 1.3413334e+02      
1.5131854e+02 1.3411681e+02      
1.5172997e+02 1.3398550e+02      
1.5099358e+02 1.3379245e+02      
1.4931127e+02 1.3359774e+02      
1.4901217e+02 1.3338733e+02      
1.5035123e+02 1.3311709e+02      
1.5320731e+02 1.3279293e+02      
1.5705638e+02 1.3261881e+02      
1.5963930e+02 1.3311152e+02      
1.6039148e+02 1.3431409e+02      
1.5969488e+02 1.3609919e+02      
1.5012653e+02 1.2745949e+02      
1.5101821e+02 1.2296662e+02      
1.5293384e+02 1.1816355e+02      
1.5564679e+02 1.1330663e+02      
1.5816659e+02 1.0975859e+02      
1.6047734e+02 1.0786629e+02      
1.6269122e+02 1.0744345e+02      
1.6457059e+02 1.0730326e+02      
1.6610372e+02 1.0714622e+02      
1.6712526e+02 1.0693944e+02      
1.6743999e+02 1.0672084e+02      
1.6686067e+02 1.0655135e+02      
1.6543130e+02 1.0650871e+02      
1.6513022e+02 1.0637713e+02      
1.6657308e+02 1.0601461e+02      
1.6996198e+02 1.0532508e+02      
1.7334694e+02 1.0500740e+02      
1.7557338e+02 1.0547106e+02      
1.7620658e+02 1.0682031e+02      
1.7550634e+02 1.0885596e+02      
1.6334041e+02 1.0030874e+02      
1.6391629e+02 9.5900094e+01      
1.6523718e+02 9.1418619e+01      
1.6721155e+02 8.7053524e+01      
1.6965095e+02 8.3230113e+01      
1.7199459e+02 8.1331920e+01      
1.7391556e+02 8.0273899e+01      
1.7548695e+02 7.9599148e+01      
1.7672661e+02 7.9097355e+01      
1.7757577e+02 7.8682733e+01      
1.7795044e+02 7.8334630e+01      
1.7780394e+02 7.8072475e+01      
1.7727117e+02 7.7935838e+01      
1.7687234e+02 7.7921370e+01      
1.7805461e+02 7.7625865e+01      
1.8063731e+02 7.7107428e+01      
1.8397782e+02 7.6540182e+01      
1.8605793e+02 7.6952785e+01      
1.8642256e+02 7.8563592e+01      
1.8537935e+02 8.1032620e+01      
1.7321763e+02 7.1758220e+01      
1.7347089e+02 6.7399923e+01      
1.7423849e+02 6.3169029e+01      
1.7544514e+02 5.9270840e+01      
1.7695991e+02 5.6020680e+01      
1.7851259e+02 5.3810236e+01      
1.7990276e+02 5.2353010e+01      
1.8109773e+02 5.1346915e+01      
1.8208616e+02 5.0605919e+01      
1.8283656e+02 5.0019940e+01      
1.8332344e+02 4.9534921e+01      
1.8357336e+02 4.9133132e+01      
1.8372267e+02 4.8814651e+01      
1.8410510e+02 4.8551311e+01      
1.8524464e+02 4.8247446e+01      
1.8715957e+02 4.7952204e+01      
1.8949538e+02 4.7814076e+01      
1.9152696e+02 4.8160165e+01      
1.9157237e+02 5.0157259e+01      
1.9125515e+02 5.2449583e+01      
1.7979097e+02 4.2124731e+01      
1.7976911e+02 3.7712873e+01      
1.8004639e+02 3.3598658e+01      
1.8055584e+02 2.9989066e+01      
1.8123932e+02 2.7055505e+01      
1.8202607e+02 2.4864099e+01      
1.8284747e+02 2.3296233e+01      
1.8365563e+02 2.2162126e+01      
1.8441242e+02 2.1302338e+01      
1.8508454e+02 2.0606774e+01      
1.8565983e+02 2.0008440e+01      
1.8617401e+02 1.9469744e+01      
1.8673498e+02 1.8970026e+01      
1.8752322e+02 1.8502165e+01      
1.8869687e+02 1.8104822e+01      
1.9021779e+02 1.7920168e+01      
1.9183031e+02 1.8170011e+01      
1.9309054e+02 1.9126053e+01      
1.9355701e+02 2.0997014e+01      
1.9371841e+02 2.3252944e+01      
1.8313838e+02 1.1756385e+01      
1.8293479e+02 7.1294698e+00      
1.8278155e+02 2.9893046e+00      
1.8263714e+02 -4.5269014e-01      
1.8255443e+02 -3.1222962e+00      
1.8263674e+02 -5.1038585e+00      
1.8291965e+02 -6.5544169e+00      
1.8336555e+02 -7.6378368e+00      
1.8391503e+02 -8.4944095e+00      
1.8451509e+02 -9.2242871e+00      
1.8513867e+02 -9.8912040e+00      
1.8580281e+02 -1.0538787e+01      
1.8657567e+02 -1.1201202e+01      
1.8755353e+02 -1.1888121e+01      
1.8878464e+02 -1.2520772e+01      
1.9015949e+02 -1.2830500e+01      
1.9140736e+02 -1.2411605e+01      
1.9226806e+02 -1.1020753e+01      
1.9269833e+02 -8.7953215e+00      
1.9296000e+02 -6.2239955e+00      
1.8341820e+02 -1.8992328e+01      
1.8317929e+02 -2.4067136e+01      
1.8263743e+02 -2.8386314e+01      
1.8178888e+02 -3.1691761e+01      
1.8080261e+02 -3.3945341e+01      
1.8015062e+02 -3.5521687e+01      
1.7993789e+02 -3.6663445e+01      
1.8007756e+02 -3.7536096e+01      
1.8046700e+02 -3.8276904e+01      
1.8101586e+02 -3.8969301e+01      
1.8166254e+02 -3.9653028e+01      
1.8239515e+02 -4.0363396e+01      
1.8325915e+02 -4.1158305e+01      
1.8434076e+02 -4.2110608e+01      
1.8571151e+02 -4.3232632e+01      
1.8723151e+02 -4.4144583e+01      
1.8837934e+02 -4.3829676e+01      
1.8891700e+02 -4.1913268e+01      
1.8895465e+02 -3.8766601e+01      
1.8900903e+02 -3.5464888e+01      
1.8064551e+02 -4.9602011e+01      
1.8045719e+02 -5.5361517e+01      
1.7954258e+02 -6.0048002e+01      
1.7795028e+02 -6.3304456e+01      
1.7572992e+02 -6.4830696e+01      
1.7436512e+02 -6.5811765e+01      
1.7376252e+02 -6.6457337e+01      
1.7369868e+02 -6.6962868e+01      
1.7401438e+02 -6.7494798e+01      
1.7456919e+02 -6.8107450e+01      
1.7524196e+02 -6.8766710e+01      
1.7598371e+02 -6.9470228e+01      
1.7683121e+02 -7.0302686e+01      
1.7790686e+02 -7.1457094e+01      
1.7942595e+02 -7.3242185e+01      
1.8147345e+02 -7.5584397e+01      
1.8265506e+02 -7.5603215e+01      
1.8285481e+02 -7.2986102e+01      
1.8209504e+02 -6.8065947e+01      
1.8180825e+02 -6.3751444e+01      
1.7320781e+02 -7.8299835e+01      
1.7281716e+02 -8.4696467e+01      
1.7154036e+02 -8.9954636e+01      
1.6948210e+02 -9.3633521e+01      
1.6679822e+02 -9.5108191e+01      
1.6509172e+02 -9.5426668e+01      
1.6431466e+02 -9.5332293e+01      
1.6420089e+02 -9.5285590e+01      
1.6457458e+02 -9.5545266e+01      
1.6526394e+02 -9.6135076e+01      
1.6599950e+02 -9.6765278e+01      
1.6670164e+02 -9.7369666e+01      
1.6740000e+02 -9.8038676e+01      
1.6823836e+02 -9.9060595e+01      
1.6957328e+02 -1.0109122e+02      
1.7144172e+02 -1.0403604e+02      
1.7248955e+02 -1.0420984e+02      
1.7254069e+02 -1.0112678e+02      
1.7168705e+02 -9.5258437e+01      
1.7130750e+02 -9.0246121e+01      
1.6136078e+02 -1.0407566e+02      
1.6046711e+02 -1.1090147e+02      
1.5880505e+02 -1.1698175e+02      
1.5653518e+02 -1.2184099e+02      
1.5394397e+02 -1.2446571e+02      
1.5229969e+02 -1.2382319e+02      
1.5162709e+02 -1.2263558e+02      
1.5163213e+02 -1.2176912e+02      
1.5217168e+02 -1.2165356e+02      
1.5318982e+02 -1.2242201e+02      
1.5400057e+02 -1.2300191e+02      
1.5462215e+02 -1.2341250e+02      
1.5507397e+02 -1.2371232e+02      
1.5537699e+02 -1.2403545e+02      
1.5626209e+02 -1.2576909e+02      
1.5760614e+02 -1.2866420e+02      
1.5838466e+02 -1.2876432e+02      
1.5842839e+02 -1.2554606e+02      
1.5784182e+02 -1.1945256e+02      
1.5762463e+02 -1.1426076e+02      
1.4573577e+02 -1.2619791e+02      
1.4417155e+02 -1.3317903e+02      
1.4206787e+02 -1.4026072e+02      
1.3964274e+02 -1.4679883e+02      
1.3750484e+02 -1.5006508e+02      
1.3620561e+02 -1.5004376e+02      
1.3590711e+02 -1.4756557e+02      
1.3617196e+02 -1.4557755e+02      
1.3680279e+02 -1.4477429e+02      
1.3776818e+02 -1.4516351e+02      
1.3849823e+02 -1.4545788e+02      
1.3900428e+02 -1.4560789e+02      
1.3929714e+02 -1.4561148e+02      
1.3938813e+02 -1.4551399e+02      
1.3987617e+02 -1.4664489e+02      
1.4064254e+02 -1.4881318e+02      
1.4111322e+02 -1.4860536e+02      
1.4117386e+02 -1.4565706e+02      
1.4094692e+02 -1.4019991e+02      
1.4104952e+02 -1.3538529e+02      
1.2800448e+02 -1.4576364e+02      
1.2590987e+02 -1.5270285e+02      
1.2330038e+02 -1.6066572e+02      
1.2072645e+02 -1.6709542e+02      
1.1873985e+02 -1.7063324e+02      
1.1771174e+02 -1.7101519e+02      
1.1767060e+02 -1.6888200e+02      
1.1826894e+02 -1.6577397e+02      
1.1884706e+02 -1.6425571e+02      
1.1944996e+02 -1.6377647e+02      
1.1995833e+02 -1.6361293e+02      
1.2032469e+02 -1.6349726e+02      
1.2055222e+02 -1.6337137e+02      
1.2070048e+02 -1.6333951e+02      
1.2093349e+02 -1.6371651e+02      
1.2122311e+02 -1.6414358e+02      
1.2139910e+02 -1.6343322e+02      
1.2141029e+02 -1.6114681e+02      
1.2143993e+02 -1.5757562e+02      
1.2199989e+02 -1.5348218e+02      
1.0854852e+02 -1.6237898e+02      
1.0624612e+02 -1.6857094e+02      
1.0362948e+02 -1.7529583e+02      
1.0076043e+02 -1.8191910e+02      
9.8714907e+01 -1.8565939e+02      
9.7921027e+01 -1.8602777e+02      
9.8215927e+01 -1.8368473e+02      
9.8577291e+01 -1.8150772e+02      
9.8915737e+01 -1.8009452e+02      
9.9240290e+01 -1.7931272e+02      
9.9526140e+01 -1.7885586e+02      
9.9743671e+01 -1.7852744e+02      
9.9885174e+01 -1.7825220e+02      
9.9964710e+01 -1.7803876e+02      
9.9992724e+01 -1.7788256e+02      
9.9959699e+01 -1.7754182e+02      
9.9902260e+01 -1.7656505e+02      
9.9796861e+01 -1.7477577e+02      
1.0013742e+02 -1.7197525e+02      
1.0102630e+02 -1.6853114e+02      
8.7575105e+01 -1.7585335e+02      
8.5248593e+01 -1.8109266e+02      
8.2801015e+01 -1.8647801e+02      
8.0294815e+01 -1.9159410e+02      
7.8073292e+01 -1.9549458e+02      
7.7519578e+01 -1.9562757e+02      
7.7383032e+01 -1.9461553e+02      
7.7373280e+01 -1.9343316e+02      
7.7421945e+01 -1.9244985e+02      
7.7504426e+01 -1.9171994e+02      
7.7594540e+01 -1.9116676e+02      
7.7667441e+01 -1.9070016e+02      
7.7704997e+01 -1.9026282e+02      
7.7688604e+01 -1.8982471e+02      
7.7564041e+01 -1.8935412e+02      
7.7240081e+01 -1.8876749e+02      
7.7077602e+01 -1.8765631e+02      
7.7086717e+01 -1.8594057e+02      
7.7576503e+01 -1.8351339e+02      
7.8621890e+01 -1.8054156e+02      
6.5313357e+01 -1.8621480e+02      
6.3036138e+01 -1.9057861e+02      
6.0776487e+01 -1.9485627e+02      
5.8628379e+01 -1.9869418e+02      
5.6854192e+01 -2.0147589e+02      
5.5828158e+01 -2.0250943e+02      
5.5247298e+01 -2.0250198e+02      
5.4890891e+01 -2.0206117e+02      
5.4670700e+01 -2.0149184e+02      
5.4537236e+01 -2.0092350e+02      
5.4456177e+01 -2.0037907e+02      
5.4400430e+01 -1.9983743e+02      
5.4347377e+01 -1.9926868e+02      
5.4273703e+01 -1.9864207e+02      
5.4148708e+01 -1.9791716e+02      
5.3974355e+01 -1.9701058e+02      
5.3839979e+01 -1.9578201e+02      
5.3751394e+01 -1.9419461e+02      
5.4221951e+01 -1.9204096e+02      
5.5217626e+01 -1.8946322e+02      
