2.1290429e+01 2.3840628e+02      
2.0150644e+01 2.3633954e+02      
1.9490557e+01 2.3429433e+02      
1.9261773e+01 2.3234348e+02      
1.9386922e+01 2.3056840e+02      
1.9763129e+01 2.2905431e+02      
2.0288557e+01 2.2787895e+02      
2.0921441e+01 2.2709617e+02      
2.1720114e+01 2.2672625e+02      
2.2805441e+01 2.2676289e+02      
2.4303395e+01 2.2718738e+02      
2.6315066e+01 2.2797749e+02      
2.8890464e+01 2.2910499e+02      
3.1976293e+01 2.3052054e+02      
3.5430438e+01 2.3216079e+02      
3.9039269e+01 2.3394522e+02      
4.2193089e+01 2.3559329e+02      
4.3233177e+01 2.3602726e+02      
4.4783405e+01 2.3658154e+02      
4.7127652e+01 2.3727247e+02      
4.9866359e+01 2.2863967e+02      
4.8952253e+01 2.2642009e+02      
4.8561300e+01 2.2417430e+02      
4.8642983e+01 2.2198302e+02      
4.9097427e+01 2.1994508e+02      
4.9760425e+01 2.1817523e+02      
5.0415356e+01 2.1678875e+02      
5.0939902e+01 2.1586409e+02      
5.1478455e+01 2.1541133e+02      
5.2275550e+01 2.1540018e+02      
5.3537770e+01 2.1579668e+02      
5.5434064e+01 2.1658102e+02      
5.8116212e+01 2.1775130e+02      
6.1560006e+01 2.1926727e+02      
6.5362094e+01 2.2099519e+02      
6.9430437e+01 2.2292480e+02      
7.1615871e+01 2.2410235e+02      
7.1613635e+01 2.2427828e+02      
7.2389231e+01 2.2460778e+02      
7.4191485e+01 2.2509783e+02      
7.7111855e+01 2.1535607e+02      
7.6453757e+01 2.1295347e+02      
7.6385532e+01 2.1046282e+02      
7.6873130e+01 2.0796701e+02      
7.7812958e+01 2.0558159e+02      
7.8986479e+01 2.0346296e+02      
7.9945462e+01 2.0179929e+02      
8.0147352e+01 2.0074635e+02      
8.0156674e+01 2.0025399e+02      
8.0449451e+01 2.0023186e+02      
8.1292972e+01 2.0061478e+02      
8.2887963e+01 2.0138000e+02      
8.5502786e+01 2.0256589e+02      
8.9453756e+01 2.0423918e+02      
9.3210112e+01 2.0587699e+02      
9.6573788e+01 2.0740132e+02      
9.8138462e+01 2.0836383e+02      
9.7551413e+01 2.0860801e+02      
9.7851093e+01 2.0894239e+02      
9.9261973e+01 2.0936778e+02      
1.0255012e+02 1.9882387e+02      
1.0215415e+02 1.9621476e+02      
1.0243789e+02 1.9343827e+02      
1.0341902e+02 1.9056403e+02      
1.0504050e+02 1.8771070e+02      
1.0705496e+02 1.8509019e+02      
1.0878193e+02 1.8302601e+02      
1.0815752e+02 1.8190394e+02      
1.0726362e+02 1.8146931e+02      
1.0679145e+02 1.8150482e+02      
1.0702034e+02 1.8189179e+02      
1.0807463e+02 1.8259961e+02      
1.1003986e+02 1.8364183e+02      
1.1283937e+02 1.8498177e+02      
1.1604237e+02 1.8643116e+02      
1.1955066e+02 1.8787237e+02      
1.2115046e+02 1.8887454e+02      
1.2051636e+02 1.8939685e+02      
1.2068285e+02 1.8989364e+02      
1.2189543e+02 1.9037028e+02      
1.2572935e+02 1.7937000e+02      
1.2556104e+02 1.7654687e+02      
1.2616535e+02 1.7346416e+02      
1.2766847e+02 1.7014527e+02      
1.3011961e+02 1.6667648e+02      
1.3312648e+02 1.6336712e+02      
1.3461080e+02 1.6095183e+02      
1.3413982e+02 1.5963094e+02      
1.3216316e+02 1.5938176e+02      
1.3072909e+02 1.5957455e+02      
1.3023017e+02 1.5998400e+02      
1.3064324e+02 1.6060065e+02      
1.3184946e+02 1.6146479e+02      
1.3368541e+02 1.6256827e+02      
1.3594825e+02 1.6383595e+02      
1.3840070e+02 1.6513417e+02      
1.4041566e+02 1.6626354e+02      
1.4022946e+02 1.6713299e+02      
1.4058995e+02 1.6786581e+02      
1.4177491e+02 1.6847097e+02      
1.4624479e+02 1.5736935e+02      
1.4622161e+02 1.5434844e+02      
1.4700820e+02 1.5098816e+02      
1.4884602e+02 1.4724915e+02      
1.5202918e+02 1.4307351e+02      
1.5478929e+02 1.3929458e+02      
1.5613560e+02 1.3648761e+02      
1.5573803e+02 1.3492897e+02      
1.5389327e+02 1.3456445e+02      
1.5156685e+02 1.3496924e+02      
1.5047518e+02 1.3534334e+02      
1.5035053e+02 1.3581024e+02      
1.5093238e+02 1.3648467e+02      
1.5201874e+02 1.3742016e+02      
1.5340970e+02 1.3859657e+02      
1.5489609e+02 1.3990248e+02      
1.5612805e+02 1.4118414e+02      
1.5674501e+02 1.4233100e+02      
1.5747171e+02 1.4330838e+02      
1.5870146e+02 1.4408741e+02      
1.6376522e+02 1.3322949e+02      
1.6378059e+02 1.3004526e+02      
1.6453976e+02 1.2648094e+02      
1.6615661e+02 1.2253832e+02      
1.6863805e+02 1.1824554e+02      
1.7151725e+02 1.1382403e+02      
1.7293282e+02 1.1050185e+02      
1.7249761e+02 1.0871854e+02      
1.7047763e+02 1.0835592e+02      
1.6861316e+02 1.0834092e+02      
1.6742762e+02 1.0845012e+02      
1.6698178e+02 1.0866140e+02      
1.6712767e+02 1.0907649e+02      
1.6764930e+02 1.0984392e+02      
1.6834016e+02 1.1103067e+02      
1.6908925e+02 1.1249410e+02      
1.6980605e+02 1.1401955e+02      
1.7048499e+02 1.1544706e+02      
1.7133045e+02 1.1668287e+02      
1.7254733e+02 1.1766914e+02      
1.7804735e+02 1.0737804e+02      
1.7801693e+02 1.0406513e+02      
1.7861786e+02 1.0035147e+02      
1.7985757e+02 9.6282335e+01      
1.8164747e+02 9.1946632e+01      
1.8368960e+02 8.7541569e+01      
1.8530749e+02 8.3555377e+01      
1.8488901e+02 8.1493039e+01      
1.8373580e+02 8.0324312e+01      
1.8219192e+02 7.9929760e+01      
1.8097897e+02 7.9758688e+01      
1.8037465e+02 7.9602522e+01      
1.8030525e+02 7.9586899e+01      
1.8049292e+02 8.0061067e+01      
1.8054954e+02 8.1429732e+01      
1.8064900e+02 8.3259023e+01      
1.8090114e+02 8.5164333e+01      
1.8135410e+02 8.6936634e+01      
1.8209078e+02 8.8464727e+01      
1.8319676e+02 8.9688898e+01      
1.8892701e+02 8.0258985e+01      
1.8880816e+02 7.6843679e+01      
1.8922286e+02 7.2998671e+01      
1.9013973e+02 6.8784718e+01      
1.9144541e+02 6.4322407e+01      
1.9290952e+02 5.9823306e+01      
1.9411719e+02 5.5687177e+01      
1.9454583e+02 5.2504583e+01      
1.9425959e+02 5.0412145e+01      
1.9240036e+02 5.0170028e+01      
1.9102279e+02 4.9836301e+01      
1.9036251e+02 4.9173380e+01      
1.9029966e+02 4.8438138e+01      
1.9050487e+02 4.8251903e+01      
1.8979192e+02 5.0169433e+01      
1.8920154e+02 5.2654910e+01      
1.8894863e+02 5.5113674e+01      
1.8907623e+02 5.7304936e+01      
1.8959947e+02 5.9154692e+01      
1.9052992e+02 6.0638574e+01      
1.9630042e+02 5.2333325e+01      
1.9607875e+02 4.8841804e+01      
1.9632498e+02 4.4871073e+01      
1.9701122e+02 4.0463465e+01      
1.9803959e+02 3.5740212e+01      
1.9925089e+02 3.0896179e+01      
2.0045790e+02 2.6179921e+01      
2.0137084e+02 2.2076870e+01      
2.0079146e+02 2.0069703e+01      
1.9878316e+02 2.0020859e+01      
1.9733457e+02 1.9480131e+01      
1.9670581e+02 1.8128363e+01      
1.9672682e+02 1.6450743e+01      
1.9645590e+02 1.6288987e+01      
1.9562349e+02 1.8022913e+01      
1.9439486e+02 2.1331779e+01      
1.9363275e+02 2.4481739e+01      
1.9341747e+02 2.7115785e+01      
1.9370580e+02 2.9273646e+01      
1.9444459e+02 3.1019880e+01      
2.0011302e+02 2.4074778e+01      
1.9978069e+02 2.0549875e+01      
1.9987577e+02 1.6483905e+01      
2.0041486e+02 1.1838593e+01      
2.0133167e+02 6.6996365e+00      
2.0240932e+02 1.4372583e+00      
2.0365001e+02 -3.9372547e+00      
2.0401420e+02 -7.8338329e+00      
2.0313954e+02 -9.6619005e+00      
2.0113596e+02 -9.5566418e+00      
1.9969319e+02 -1.0270020e+01      
1.9909170e+02 -1.2357540e+01      
1.9866157e+02 -1.4031167e+01      
1.9803325e+02 -1.4273181e+01      
1.9706894e+02 -1.2728081e+01      
1.9584740e+02 -9.6532836e+00      
1.9468573e+02 -5.9166149e+00      
1.9420518e+02 -3.0415614e+00      
1.9430553e+02 -6.7248208e-01      
1.9488172e+02 1.3264264e+00      
2.0036028e+02 -4.0449616e+00      
1.9990103e+02 -7.5315161e+00      
1.9982350e+02 -1.1584510e+01      
2.0020411e+02 -1.6348377e+01      
2.0113760e+02 -2.2030185e+01      
2.0186793e+02 -2.7292960e+01      
2.0239704e+02 -3.2164860e+01      
2.0235724e+02 -3.6017187e+01      
2.0137151e+02 -3.7909426e+01      
1.9949817e+02 -3.7789638e+01      
1.9800761e+02 -3.8339096e+01      
1.9703213e+02 -3.9862844e+01      
1.9634198e+02 -4.1910853e+01      
1.9546382e+02 -4.2451102e+01      
1.9433398e+02 -4.1026827e+01      
1.9299671e+02 -3.7999860e+01      
1.9192413e+02 -3.5204529e+01      
1.9136132e+02 -3.2744750e+01      
1.9136549e+02 -3.0258782e+01      
1.9184420e+02 -2.7970923e+01      
1.9709545e+02 -3.1578511e+01      
1.9648823e+02 -3.4941351e+01      
1.9618468e+02 -3.8814143e+01      
1.9620192e+02 -4.3221930e+01      
1.9646814e+02 -4.8046186e+01      
1.9669907e+02 -5.2796262e+01      
1.9678583e+02 -5.7347430e+01      
1.9665668e+02 -6.1669735e+01      
1.9572807e+02 -6.3982956e+01      
1.9412103e+02 -6.4343800e+01      
1.9263589e+02 -6.4745774e+01      
1.9141246e+02 -6.5676191e+01      
1.9035357e+02 -6.6971305e+01      
1.8926671e+02 -6.7944858e+01      
1.8798266e+02 -6.6641663e+01      
1.8667142e+02 -6.4968040e+01      
1.8557574e+02 -6.3426927e+01      
1.8493495e+02 -6.1853839e+01      
1.8493475e+02 -5.9105190e+01      
1.8540857e+02 -5.6405839e+01      
1.9043394e+02 -5.8117509e+01      
1.8967000e+02 -6.1294592e+01      
1.8912386e+02 -6.4893619e+01      
1.8877399e+02 -6.8855464e+01      
1.8854780e+02 -7.3036249e+01      
1.8832572e+02 -7.7213356e+01      
1.8800731e+02 -8.1206928e+01      
1.8748107e+02 -8.4758159e+01      
1.8657923e+02 -8.7382568e+01      
1.8538904e+02 -8.9270522e+01      
1.8392619e+02 -8.9454732e+01      
1.8258163e+02 -8.9994747e+01      
1.8131459e+02 -9.0736269e+01      
1.8002259e+02 -9.1220845e+01      
1.7862523e+02 -9.0998707e+01      
1.7718033e+02 -9.0626246e+01      
1.7590024e+02 -9.0303960e+01      
1.7520845e+02 -8.9011155e+01      
1.7517532e+02 -8.6615594e+01      
1.7574242e+02 -8.3441163e+01      
1.8054738e+02 -8.3288859e+01      
1.7963607e+02 -8.6255048e+01      
1.7887200e+02 -8.9572220e+01      
1.7822872e+02 -9.3160896e+01      
1.7765452e+02 -9.6894230e+01      
1.7707880e+02 -1.0060211e+02      
1.7642857e+02 -1.0409165e+02      
1.7563254e+02 -1.0714387e+02      
1.7464284e+02 -1.0957954e+02      
1.7346842e+02 -1.1129094e+02      
1.7214133e+02 -1.1213107e+02      
1.7078859e+02 -1.1270911e+02      
1.6943576e+02 -1.1322090e+02      
1.6803964e+02 -1.1359221e+02      
1.6653012e+02 -1.1388431e+02      
1.6485171e+02 -1.1443531e+02      
1.6348424e+02 -1.1439960e+02      
1.6271528e+02 -1.1335761e+02      
1.6264044e+02 -1.1124172e+02      
1.6317279e+02 -1.0832864e+02      
1.6765346e+02 -1.0674387e+02      
1.6661529e+02 -1.0949833e+02      
1.6567024e+02 -1.1255696e+02      
1.6479620e+02 -1.1584261e+02      
1.6395748e+02 -1.1924508e+02      
1.6310996e+02 -1.2261505e+02      
1.6220981e+02 -1.2576594e+02      
1.6122074e+02 -1.2849906e+02      
1.6012257e+02 -1.3066015e+02      
1.5891717e+02 -1.3217745e+02      
1.5762770e+02 -1.3311135e+02      
1.5629059e+02 -1.3368352e+02      
1.5492146e+02 -1.3407043e+02      
1.5350757e+02 -1.3434939e+02      
1.5202027e+02 -1.3461215e+02      
1.5044741e+02 -1.3496078e+02      
1.4888542e+02 -1.3526207e+02      
1.4798101e+02 -1.3448121e+02      
1.4789188e+02 -1.3250046e+02      
1.4845918e+02 -1.2962775e+02      
1.5200857e+02 -1.2815412e+02      
1.5086808e+02 -1.3070510e+02      
1.4977889e+02 -1.3353210e+02      
1.4872440e+02 -1.3657173e+02      
1.4768007e+02 -1.3973842e+02      
1.4661893e+02 -1.4290667e+02      
1.4552063e+02 -1.4587879e+02      
1.4437603e+02 -1.4841087e+02      
1.4318314e+02 -1.5033415e+02      
1.4194506e+02 -1.5160628e+02      
1.4066667e+02 -1.5232944e+02      
1.3935133e+02 -1.5271138e+02      
1.3800273e+02 -1.5291459e+02      
1.3662372e+02 -1.5301765e+02      
1.3521912e+02 -1.5306345e+02      
1.3380866e+02 -1.5306546e+02      
1.3245932e+02 -1.5294154e+02      
1.3137806e+02 -1.5238470e+02      
1.3130465e+02 -1.5044844e+02      
1.3150383e+02 -1.4823117e+02      
1.3390338e+02 -1.4721522e+02      
1.3268547e+02 -1.4957001e+02      
1.3148613e+02 -1.5218290e+02      
1.3029322e+02 -1.5501141e+02      
1.2908836e+02 -1.5801074e+02      
1.2785193e+02 -1.6112261e+02      
1.2658026e+02 -1.6414609e+02      
1.2530034e+02 -1.6660753e+02      
1.2402791e+02 -1.6830824e+02      
1.2277071e+02 -1.6921502e+02      
1.2152153e+02 -1.6946680e+02      
1.2024417e+02 -1.6949000e+02      
1.1893494e+02 -1.6943959e+02      
1.1761011e+02 -1.6932341e+02      
1.1629362e+02 -1.6912920e+02      
1.1502468e+02 -1.6882380e+02      
1.1387354e+02 -1.6832703e+02      
1.1299042e+02 -1.6745449e+02      
1.1256998e+02 -1.6599031e+02      
1.1242087e+02 -1.6427132e+02      
1.1365922e+02 -1.6365463e+02      
1.1238763e+02 -1.6581475e+02      
1.1110936e+02 -1.6821504e+02      
1.0981586e+02 -1.7083210e+02      
1.0849124e+02 -1.7366445e+02      
1.0711072e+02 -1.7677936e+02      
1.0566498e+02 -1.8018102e+02      
1.0426366e+02 -1.8263986e+02      
1.0292626e+02 -1.8412481e+02      
1.0166847e+02 -1.8460509e+02      
1.0049719e+02 -1.8405268e+02      
9.9271754e+01 -1.8365354e+02      
9.8005301e+01 -1.8335293e+02      
9.6733172e+01 -1.8303011e+02      
9.5489150e+01 -1.8262696e+02      
9.4315120e+01 -1.8209484e+02      
9.3269505e+01 -1.8137165e+02      
9.2427749e+01 -1.8038182e+02      
9.1834767e+01 -1.7910593e+02      
9.1445432e+01 -1.7766122e+02      
9.1623949e+01 -1.7724048e+02      
9.0320464e+01 -1.7920210e+02      
8.8991876e+01 -1.8137752e+02      
8.7633844e+01 -1.8374922e+02      
8.6234636e+01 -1.8632350e+02      
8.4767660e+01 -1.8917622e+02      
8.3206889e+01 -1.9231936e+02      
8.1737961e+01 -1.9453992e+02      
8.0362292e+01 -1.9581182e+02      
7.9097026e+01 -1.9610678e+02      
7.7970147e+01 -1.9539602e+02      
7.6770472e+01 -1.9484791e+02      
7.5533364e+01 -1.9440091e+02      
7.4301924e+01 -1.9392744e+02      
7.3109692e+01 -1.9336660e+02      
7.1991846e+01 -1.9267695e+02      
7.0987540e+01 -1.9182286e+02      
7.0133334e+01 -1.9078089e+02      
6.9444513e+01 -1.8956500e+02      
6.8901935e+01 -1.8824255e+02      
