2.0390191e+01 2.3217699e+02      
2.0494589e+01 2.2935179e+02      
2.0861911e+01 2.2647225e+02      
2.1222568e+01 2.2347507e+02      
2.1417758e+01 2.2034408e+02      
2.1589192e+01 2.1722370e+02      
2.1978837e+01 2.1429925e+02      
2.2741518e+01 2.1170577e+02      
2.3890219e+01 2.0952527e+02      
2.5259051e+01 2.0778371e+02      
2.6565300e+01 2.0646553e+02      
2.7608237e+01 2.0556259e+02      
2.8348733e+01 2.0508340e+02      
2.8912722e+01 2.0504779e+02      
2.9520749e+01 2.0547246e+02      
3.0306020e+01 2.0632880e+02      
3.1287166e+01 2.0754470e+02      
3.2463714e+01 2.0904328e+02      
3.3883784e+01 2.1076941e+02      
3.5631316e+01 2.1267839e+02      
5.0195126e+01 2.2229426e+02      
5.1082023e+01 2.1956259e+02      
5.2287468e+01 2.1679566e+02      
5.3268181e+01 2.1380093e+02      
5.3404555e+01 2.1028075e+02      
5.3329565e+01 2.0668038e+02      
5.3592574e+01 2.0332603e+02      
5.4469844e+01 2.0037704e+02      
5.6042780e+01 1.9793442e+02      
5.8050372e+01 1.9601374e+02      
5.9764658e+01 1.9449103e+02      
6.0855426e+01 1.9335274e+02      
6.1265992e+01 1.9261605e+02      
6.1213780e+01 1.9231473e+02      
6.1317693e+01 1.9255770e+02      
6.1744476e+01 1.9330231e+02      
6.2364294e+01 1.9440790e+02      
6.3058333e+01 1.9574285e+02      
6.3904596e+01 1.9727259e+02      
6.5052546e+01 1.9898113e+02      
7.8581746e+01 2.0889583e+02      
8.0513706e+01 2.0632452e+02      
8.2981443e+01 2.0382478e+02      
8.5116918e+01 2.0112902e+02      
8.4627289e+01 1.9687524e+02      
8.3857707e+01 1.9261048e+02      
8.3716806e+01 1.8872919e+02      
8.4604926e+01 1.8537141e+02      
8.6715269e+01 1.8264715e+02      
8.9930940e+01 1.8064872e+02      
9.2230334e+01 1.7891684e+02      
9.3408653e+01 1.7754653e+02      
9.3391887e+01 1.7657278e+02      
9.2233399e+01 1.7595255e+02      
9.1789780e+01 1.7609000e+02      
9.2010627e+01 1.7685952e+02      
9.2437210e+01 1.7800129e+02      
9.2509166e+01 1.7915450e+02      
9.2607490e+01 1.8047537e+02      
9.3025257e+01 1.8200910e+02      
1.0481724e+02 1.9211236e+02      
1.0801324e+02 1.8970468e+02      
1.1199709e+02 1.8744819e+02      
1.1418596e+02 1.8426226e+02      
1.1409704e+02 1.7999677e+02      
1.1231237e+02 1.7506878e+02      
1.1146417e+02 1.7062871e+02      
1.1219242e+02 1.6682057e+02      
1.1462000e+02 1.6368444e+02      
1.1844847e+02 1.6123946e+02      
1.2117579e+02 1.5918656e+02      
1.2249868e+02 1.5760083e+02      
1.2232940e+02 1.5653557e+02      
1.2078759e+02 1.5599417e+02      
1.2015476e+02 1.5621408e+02      
1.2049300e+02 1.5716870e+02      
1.2128426e+02 1.5867682e+02      
1.2035511e+02 1.5948632e+02      
1.1951728e+02 1.6060713e+02      
1.1907627e+02 1.6201809e+02      
1.2791221e+02 1.7206273e+02      
1.3227689e+02 1.6966801e+02      
1.3626835e+02 1.6682857e+02      
1.3855669e+02 1.6323632e+02      
1.3874406e+02 1.5889191e+02      
1.3733284e+02 1.5404839e+02      
1.3573859e+02 1.4918363e+02      
1.3634552e+02 1.4497878e+02      
1.3890190e+02 1.4138849e+02      
1.4293503e+02 1.3837170e+02      
1.4588191e+02 1.3593451e+02      
1.4741849e+02 1.3414289e+02      
1.4744884e+02 1.3307157e+02      
1.4610569e+02 1.3276458e+02      
1.4570031e+02 1.3315932e+02      
1.4629610e+02 1.3426370e+02      
1.4728431e+02 1.3586746e+02      
1.4593350e+02 1.3682115e+02      
1.4416622e+02 1.3793000e+02      
1.4273641e+02 1.3930792e+02      
1.4680465e+02 1.4893027e+02      
1.5032536e+02 1.4589746e+02      
1.5470738e+02 1.4265693e+02      
1.5726286e+02 1.3876205e+02      
1.5747381e+02 1.3430523e+02      
1.5596412e+02 1.2944573e+02      
1.5545976e+02 1.2466658e+02      
1.5650998e+02 1.2025161e+02      
1.5911200e+02 1.1628986e+02      
1.6296862e+02 1.1278763e+02      
1.6594145e+02 1.0999931e+02      
1.6776901e+02 1.0799644e+02      
1.6833216e+02 1.0689125e+02      
1.6774830e+02 1.0675237e+02      
1.6800672e+02 1.0728481e+02      
1.6893528e+02 1.0853908e+02      
1.7001306e+02 1.1021076e+02      
1.6894596e+02 1.1158772e+02      
1.6610777e+02 1.1278171e+02      
1.6353549e+02 1.1422930e+02      
1.6186286e+02 1.2338721e+02      
1.6438599e+02 1.1981908e+02      
1.6751803e+02 1.1602130e+02      
1.7038932e+02 1.1185042e+02      
1.7047549e+02 1.0732344e+02      
1.7038546e+02 1.0255385e+02      
1.7103081e+02 9.7764350e+01      
1.7268882e+02 9.3159069e+01      
1.7527600e+02 8.8917128e+01      
1.7839622e+02 8.5184728e+01      
1.8127505e+02 8.2114352e+01      
1.8351604e+02 7.9844128e+01      
1.8481033e+02 7.8627453e+01      
1.8551194e+02 7.8453884e+01      
1.8670594e+02 7.9058183e+01      
1.8795661e+02 8.0610467e+01      
1.8833573e+02 8.2286591e+01      
1.8722107e+02 8.3915198e+01      
1.8460210e+02 8.5515250e+01      
1.8092494e+02 8.7174927e+01      
1.7341611e+02 9.6031867e+01      
1.7511254e+02 9.2050256e+01      
1.7718750e+02 8.7862643e+01      
1.7909894e+02 8.3453907e+01      
1.8020420e+02 7.8836633e+01      
1.8124142e+02 7.4047530e+01      
1.8283589e+02 6.9134910e+01      
1.8518671e+02 6.4220254e+01      
1.8799505e+02 5.9644706e+01      
1.9096448e+02 5.5631583e+01      
1.9387179e+02 5.2282821e+01      
1.9666595e+02 4.9623081e+01      
1.9838583e+02 4.8347566e+01      
1.9936004e+02 4.8393165e+01      
1.9989520e+02 4.9644368e+01      
2.0092982e+02 5.1186622e+01      
2.0086573e+02 5.2865513e+01      
1.9966458e+02 5.4641972e+01      
1.9733456e+02 5.6555440e+01      
1.9407581e+02 5.8605194e+01      
1.8157183e+02 6.7357853e+01      
1.8266270e+02 6.3028882e+01      
1.8407279e+02 5.8545156e+01      
1.8555957e+02 5.3954579e+01      
1.8700482e+02 4.9279201e+01      
1.8863719e+02 4.4494402e+01      
1.9086337e+02 3.9491845e+01      
1.9403703e+02 3.4117451e+01      
1.9726450e+02 2.9110110e+01      
2.0034063e+02 2.4765105e+01      
2.0314616e+02 2.1266794e+01      
2.0552002e+02 1.8808466e+01      
2.0713458e+02 1.7694034e+01      
2.0803728e+02 1.7984123e+01      
2.0846746e+02 1.9472760e+01      
2.0792838e+02 2.1196878e+01      
2.0737670e+02 2.2799665e+01      
2.0616067e+02 2.4599084e+01      
2.0403922e+02 2.6754797e+01      
2.0120441e+02 2.9187250e+01      
1.8634954e+02 3.7833937e+01      
1.8699540e+02 3.3164518e+01      
1.8798409e+02 2.8405734e+01      
1.8921943e+02 2.3679850e+01      
1.9068075e+02 1.9041280e+01      
1.9247866e+02 1.4425349e+01      
1.9481196e+02 9.6722478e+00      
1.9782826e+02 4.6159414e+00      
2.0141323e+02 -7.3862369e-01      
2.0466018e+02 -5.4197141e+00      
2.0740136e+02 -9.0815581e+00      
2.0951121e+02 -1.1466191e+01      
2.1085036e+02 -1.2360877e+01      
2.1138684e+02 -1.1772697e+01      
2.1122626e+02 -1.0168432e+01      
2.1105916e+02 -8.9058669e+00      
2.1082977e+02 -7.8158702e+00      
2.0981940e+02 -6.1825199e+00      
2.0774033e+02 -3.7371457e+00      
2.0487318e+02 -6.9882472e-01      
1.8774092e+02 7.9321263e+00      
1.8803127e+02 2.8662030e+00      
1.8869325e+02 -2.2262256e+00      
1.8969185e+02 -7.0791552e+00      
1.9102482e+02 -1.1535964e+01      
1.9274661e+02 -1.5741454e+01      
1.9493025e+02 -1.9956695e+01      
1.9761251e+02 -2.4387430e+01      
2.0073556e+02 -2.9129380e+01      
2.0407369e+02 -3.4058914e+01      
2.0681756e+02 -3.7970238e+01      
2.0880706e+02 -4.0436862e+01      
2.0990833e+02 -4.1147252e+01      
2.1005840e+02 -4.0079675e+01      
2.1019410e+02 -3.9015311e+01      
2.1066399e+02 -3.8541885e+01      
2.1148415e+02 -3.8611023e+01      
2.1087299e+02 -3.7340458e+01      
2.0869684e+02 -3.4523613e+01      
2.0514672e+02 -3.0393272e+01      
1.8575727e+02 -2.1845974e+01      
1.8572704e+02 -2.7438543e+01      
1.8609134e+02 -3.3070150e+01      
1.8684824e+02 -3.8199041e+01      
1.8796694e+02 -4.2191604e+01      
1.8950372e+02 -4.5637748e+01      
1.9145999e+02 -4.9041121e+01      
1.9378980e+02 -5.2646497e+01      
1.9641497e+02 -5.6546593e+01      
1.9920112e+02 -6.0700861e+01      
2.0190375e+02 -6.4844757e+01      
2.0385274e+02 -6.7562744e+01      
2.0490780e+02 -6.8360224e+01      
2.0512123e+02 -6.7293032e+01      
2.0550241e+02 -6.6597373e+01      
2.0632749e+02 -6.6738507e+01      
2.0751694e+02 -6.7547329e+01      
2.0714942e+02 -6.6586266e+01      
2.0502825e+02 -6.3569224e+01      
2.0142275e+02 -5.8843205e+01      
1.8045858e+02 -5.0930326e+01      
1.8009716e+02 -5.7241446e+01      
1.8014036e+02 -6.3760517e+01      
1.8066484e+02 -6.9650405e+01      
1.8149963e+02 -7.2595009e+01      
1.8284508e+02 -7.4825445e+01      
1.8458826e+02 -7.7123664e+01      
1.8660597e+02 -7.9763886e+01      
1.8879776e+02 -8.2765096e+01      
1.9105771e+02 -8.6026714e+01      
1.9324249e+02 -8.9364058e+01      
1.9513375e+02 -9.2392613e+01      
1.9624239e+02 -9.3544503e+01      
1.9664240e+02 -9.2738867e+01      
1.9715479e+02 -9.2327861e+01      
1.9802285e+02 -9.2783125e+01      
1.9914648e+02 -9.3929397e+01      
1.9884287e+02 -9.3141776e+01      
1.9692499e+02 -9.0142394e+01      
1.9365271e+02 -8.5288407e+01      
1.7197665e+02 -7.8634643e+01      
1.7122965e+02 -8.5818264e+01      
1.7085046e+02 -9.3403558e+01      
1.7097319e+02 -9.8951645e+01      
1.7164752e+02 -1.0189124e+02      
1.7291185e+02 -1.0264527e+02      
1.7453195e+02 -1.0361259e+02      
1.7630010e+02 -1.0524248e+02      
1.7812692e+02 -1.0741046e+02      
1.7994604e+02 -1.0986715e+02      
1.8166533e+02 -1.1238173e+02      
1.8316291e+02 -1.1468594e+02      
1.8428098e+02 -1.1630156e+02      
1.8483238e+02 -1.1595253e+02      
1.8535815e+02 -1.1578693e+02      
1.8603575e+02 -1.1620993e+02      
1.8679680e+02 -1.1715330e+02      
1.8642450e+02 -1.1633739e+02      
1.8480238e+02 -1.1361069e+02      
1.8211828e+02 -1.0921874e+02      
1.6055830e+02 -1.0404352e+02      
1.5937123e+02 -1.1197186e+02      
1.5853394e+02 -1.1919736e+02      
1.5830592e+02 -1.2444946e+02      
1.5881517e+02 -1.2725799e+02      
1.6000562e+02 -1.2794219e+02      
1.6160994e+02 -1.2765927e+02      
1.6314959e+02 -1.2852362e+02      
1.6464565e+02 -1.3007585e+02      
1.6608897e+02 -1.3191501e+02      
1.6742368e+02 -1.3377902e+02      
1.6857511e+02 -1.3542717e+02      
1.6946397e+02 -1.3654398e+02      
1.7005447e+02 -1.3684352e+02      
1.7048987e+02 -1.3688067e+02      
1.7083730e+02 -1.3694750e+02      
1.7095135e+02 -1.3682887e+02      
1.7042725e+02 -1.3577462e+02      
1.6914092e+02 -1.3355636e+02      
1.6728606e+02 -1.3049242e+02      
1.4655499e+02 -1.2618167e+02      
1.4521273e+02 -1.3306733e+02      
1.4392721e+02 -1.4027968e+02      
1.4336594e+02 -1.4539329e+02      
1.4377802e+02 -1.4784477e+02      
1.4499206e+02 -1.4803911e+02      
1.4624212e+02 -1.4832807e+02      
1.4744819e+02 -1.4916114e+02      
1.4861031e+02 -1.5041721e+02      
1.4971422e+02 -1.5185717e+02      
1.5072104e+02 -1.5327518e+02      
1.5158121e+02 -1.5448368e+02      
1.5225046e+02 -1.5531167e+02      
1.5271448e+02 -1.5569260e+02      
1.5299367e+02 -1.5573559e+02      
1.5308080e+02 -1.5551840e+02      
1.5288743e+02 -1.5493025e+02      
1.5228164e+02 -1.5374820e+02      
1.5122040e+02 -1.5189398e+02      
1.4980965e+02 -1.4954509e+02      
1.3018038e+02 -1.4533154e+02      
1.2883400e+02 -1.5107020e+02      
1.2761350e+02 -1.5688639e+02      
1.2671029e+02 -1.6192888e+02      
1.2709927e+02 -1.6392359e+02      
1.2781580e+02 -1.6501894e+02      
1.2862392e+02 -1.6596592e+02      
1.2945625e+02 -1.6702360e+02      
1.3028188e+02 -1.6820660e+02      
1.3107018e+02 -1.6942565e+02      
1.3178509e+02 -1.7056054e+02      
1.3238838e+02 -1.7149162e+02      
1.3284721e+02 -1.7212179e+02      
1.3314111e+02 -1.7240653e+02      
1.3325769e+02 -1.7235525e+02      
1.3317326e+02 -1.7197293e+02      
1.3284108e+02 -1.7121335e+02      
1.3221257e+02 -1.7001083e+02      
1.3128149e+02 -1.6836300e+02      
1.3010647e+02 -1.6637464e+02      
1.1164126e+02 -1.6171910e+02      
1.1032632e+02 -1.6649565e+02      
1.0921724e+02 -1.7113376e+02      
1.0847489e+02 -1.7507019e+02      
1.0834168e+02 -1.7765426e+02      
1.0856306e+02 -1.7942481e+02      
1.0895251e+02 -1.8083918e+02      
1.0942633e+02 -1.8210708e+02      
1.0993203e+02 -1.8329992e+02      
1.1042895e+02 -1.8440267e+02      
1.1088014e+02 -1.8535885e+02      
1.1125125e+02 -1.8610069e+02      
1.1151246e+02 -1.8656994e+02      
1.1163988e+02 -1.8673150e+02      
1.1161285e+02 -1.8657207e+02      
1.1140840e+02 -1.8608259e+02      
1.1100030e+02 -1.8524652e+02      
1.1036953e+02 -1.8405306e+02      
1.0952064e+02 -1.8252601e+02      
1.0848948e+02 -1.8073923e+02      
9.1188619e+01 -1.7535536e+02      
8.9882246e+01 -1.7940027e+02      
8.8798887e+01 -1.8325021e+02      
8.8017125e+01 -1.8660383e+02      
8.7584542e+01 -1.8926412e+02      
8.7438440e+01 -1.9132307e+02      
8.7481111e+01 -1.9297916e+02      
8.7638134e+01 -1.9437544e+02      
8.7855292e+01 -1.9558192e+02      
8.8089737e+01 -1.9661208e+02      
8.8304767e+01 -1.9744536e+02      
8.8467909e+01 -1.9804697e+02      
8.8550793e+01 -1.9838281e+02      
8.8529080e+01 -1.9842824e+02      
8.8381411e+01 -1.9816949e+02      
8.8088196e+01 -1.9759965e+02      
8.7632835e+01 -1.9671689e+02      
8.7006801e+01 -1.9553065e+02      
8.6216020e+01 -1.9407213e+02      
8.5283330e+01 -1.9239937e+02      
6.9128697e+01 -1.8616056e+02      
6.7801984e+01 -1.8965345e+02      
6.6677026e+01 -1.9297559e+02      
6.5790859e+01 -1.9595686e+02      
6.5157290e+01 -1.9849309e+02      
6.4749795e+01 -2.0058934e+02      
6.4517436e+01 -2.0231790e+02      
6.4407720e+01 -2.0375391e+02      
6.4374791e+01 -2.0494551e+02      
6.4379392e+01 -2.0591067e+02      
6.4387281e+01 -2.0664504e+02      
6.4368203e+01 -2.0713249e+02      
6.4295525e+01 -2.0735436e+02      
6.4146044e+01 -2.0729576e+02      
6.3899744e+01 -2.0694818e+02      
6.3539880e+01 -2.0630993e+02      
6.3054188e+01 -2.0538710e+02      
6.2437371e+01 -2.0419672e+02      
6.1693614e+01 -2.0277074e+02      
6.0837136e+01 -2.0115736e+02      
