2.6336044e+01 2.3491450e+02      
2.6387079e+01 2.3383322e+02      
2.6516680e+01 2.3282997e+02      
2.5744417e+01 2.3147929e+02      
2.3735663e+01 2.2967439e+02      
2.0841328e+01 2.2761418e+02      
1.8026463e+01 2.2580785e+02      
1.5697859e+01 2.2443669e+02      
1.3926525e+01 2.2350965e+02      
1.2720977e+01 2.2301573e+02      
1.2074111e+01 2.2294153e+02      
1.1974211e+01 2.2327163e+02      
1.2408555e+01 2.2398574e+02      
1.3365594e+01 2.2505489e+02      
1.4836834e+01 2.2643828e+02      
1.6817900e+01 2.2808209e+02      
1.9308232e+01 2.2992111e+02      
2.2309617e+01 2.3188232e+02      
2.5824200e+01 2.3388908e+02      
2.9852522e+01 2.3586462e+02      
5.6236588e+01 2.2433055e+02      
5.7351959e+01 2.2343576e+02      
5.9211287e+01 2.2299328e+02      
5.9043811e+01 2.2167646e+02      
5.6589678e+01 2.1948684e+02      
5.2164524e+01 2.1653402e+02      
4.8471420e+01 2.1423070e+02      
4.5653937e+01 2.1255639e+02      
4.3566641e+01 2.1140043e+02      
4.2133280e+01 2.1071417e+02      
4.1304271e+01 2.1047094e+02      
4.1042532e+01 2.1065284e+02      
4.1317519e+01 2.1124199e+02      
4.2104383e+01 2.1221230e+02      
4.3385876e+01 2.1352223e+02      
4.5153812e+01 2.1511179e+02      
4.7407907e+01 2.1690528e+02      
5.0152654e+01 2.1881781e+02      
5.3393928e+01 2.2076197e+02      
5.7136115e+01 2.2265257e+02      
8.4377187e+01 2.0988976e+02      
8.6258156e+01 2.0886031e+02      
8.9046074e+01 2.0822252e+02      
8.9308213e+01 2.0672597e+02      
8.6646050e+01 2.0432162e+02      
8.1532414e+01 2.0118876e+02      
7.7308176e+01 1.9867108e+02      
7.4169520e+01 1.9681006e+02      
7.1870528e+01 1.9548747e+02      
7.0279319e+01 1.9464444e+02      
6.9317306e+01 1.9425252e+02      
6.8928241e+01 1.9429975e+02      
6.9064735e+01 1.9477939e+02      
6.9686512e+01 1.9567638e+02      
7.0765962e+01 1.9695253e+02      
7.2292551e+01 1.9853943e+02      
7.4269750e+01 2.0034490e+02      
7.6708175e+01 2.0226653e+02      
7.9620195e+01 2.0420276e+02      
8.3016286e+01 2.0605882e+02      
1.1008275e+02 1.9182129e+02      
1.1229233e+02 1.9035327e+02      
1.1540426e+02 1.8910486e+02      
1.1585962e+02 1.8725206e+02      
1.1326931e+02 1.8476306e+02      
1.0813439e+02 1.8181146e+02      
1.0387637e+02 1.7933790e+02      
1.0069398e+02 1.7742752e+02      
9.8341559e+01 1.7601368e+02      
9.6691206e+01 1.7505355e+02      
9.5665373e+01 1.7452939e+02      
9.5202178e+01 1.7444560e+02      
9.5239382e+01 1.7482045e+02      
9.5714790e+01 1.7566657e+02      
9.6584952e+01 1.7695840e+02      
9.7841301e+01 1.7861207e+02      
9.9498925e+01 1.8050506e+02      
1.0157962e+02 1.8250765e+02      
1.0410545e+02 1.8450020e+02      
1.0709578e+02 1.8637807e+02      
1.3291183e+02 1.7054266e+02      
1.3502569e+02 1.6845988e+02      
1.3789891e+02 1.6640444e+02      
1.3825865e+02 1.6412686e+02      
1.3600783e+02 1.6159007e+02      
1.3154969e+02 1.5892233e+02      
1.2776896e+02 1.5661350e+02      
1.2481849e+02 1.5475195e+02      
1.2256685e+02 1.5331195e+02      
1.2095538e+02 1.5226716e+02      
1.1994104e+02 1.5161339e+02      
1.1947293e+02 1.5137870e+02      
1.1947592e+02 1.5162410e+02      
1.1984489e+02 1.5242665e+02      
1.2049735e+02 1.5380221e+02      
1.2144538e+02 1.5562469e+02      
1.2273483e+02 1.5770727e+02      
1.2440248e+02 1.5987921e+02      
1.2648229e+02 1.6200073e+02      
1.2900615e+02 1.6396023e+02      
1.5264733e+02 1.4658564e+02      
1.5432946e+02 1.4384489e+02      
1.5631922e+02 1.4086177e+02      
1.5629043e+02 1.3814852e+02      
1.5462429e+02 1.3552948e+02      
1.5179310e+02 1.3308098e+02      
1.4885225e+02 1.3096241e+02      
1.4628350e+02 1.2921266e+02      
1.4422015e+02 1.2779887e+02      
1.4271236e+02 1.2669168e+02      
1.4177361e+02 1.2589090e+02      
1.4138089e+02 1.2544635e+02      
1.4146022e+02 1.2547119e+02      
1.4182564e+02 1.2617293e+02      
1.4221349e+02 1.2776510e+02      
1.4278853e+02 1.2992424e+02      
1.4365521e+02 1.3233528e+02      
1.4484955e+02 1.3478098e+02      
1.4641724e+02 1.3710795e+02      
1.4841063e+02 1.3920723e+02      
1.6924526e+02 1.2051955e+02      
1.7050694e+02 1.1724482e+02      
1.7189724e+02 1.1364823e+02      
1.7266240e+02 1.0997014e+02      
1.7150841e+02 1.0714996e+02      
1.6954386e+02 1.0476340e+02      
1.6717685e+02 1.0286934e+02      
1.6492411e+02 1.0129858e+02      
1.6303651e+02 9.9966751e+01      
1.6164226e+02 9.8818327e+01      
1.6081456e+02 9.7835825e+01      
1.6057265e+02 9.7075838e+01      
1.6086495e+02 9.6709553e+01      
1.6145748e+02 9.7113599e+01      
1.6143942e+02 9.9193145e+01      
1.6158033e+02 1.0193249e+02      
1.6198379e+02 1.0484996e+02      
1.6263809e+02 1.0767990e+02      
1.6361258e+02 1.1028105e+02      
1.6500426e+02 1.1256814e+02      
1.8267275e+02 9.2885443e+01      
1.8374851e+02 8.9151357e+01      
1.8508239e+02 8.4951547e+01      
1.8634659e+02 8.0457367e+01      
1.8616994e+02 7.6948416e+01      
1.8484134e+02 7.4437958e+01      
1.8265555e+02 7.2885121e+01      
1.8059152e+02 7.1536204e+01      
1.7877468e+02 7.0383256e+01      
1.7744604e+02 6.9230598e+01      
1.7672354e+02 6.8028927e+01      
1.7666029e+02 6.6831857e+01      
1.7719615e+02 6.5944386e+01      
1.7762451e+02 6.6505744e+01      
1.7772037e+02 6.8689522e+01      
1.7752859e+02 7.2207106e+01      
1.7753364e+02 7.5814325e+01      
1.7753896e+02 7.9114957e+01      
1.7780064e+02 8.2028441e+01      
1.7850910e+02 8.4530657e+01      
1.9280966e+02 6.4216736e+01      
1.9383516e+02 6.0111117e+01      
1.9521428e+02 5.5422778e+01      
1.9673055e+02 5.0323070e+01      
1.9711549e+02 4.6350206e+01      
1.9637059e+02 4.3635459e+01      
1.9482700e+02 4.1906980e+01      
1.9303068e+02 4.0624805e+01      
1.9114502e+02 3.9760420e+01      
1.8984587e+02 3.8591239e+01      
1.8915957e+02 3.7212617e+01      
1.8919134e+02 3.5560150e+01      
1.8950486e+02 3.4776980e+01      
1.8984918e+02 3.5491589e+01      
1.9010825e+02 3.7856635e+01      
1.9023812e+02 4.1585638e+01      
1.9015500e+02 4.5956431e+01      
1.8931809e+02 4.9680378e+01      
1.8872245e+02 5.2888429e+01      
1.8866264e+02 5.5607714e+01      
1.9950769e+02 3.5045355e+01      
2.0051608e+02 3.0695966e+01      
2.0192239e+02 2.5692903e+01      
2.0355690e+02 2.0213679e+01      
2.0429353e+02 1.6010310e+01      
2.0396484e+02 1.3278710e+01      
2.0273161e+02 1.1719797e+01      
2.0129541e+02 1.0266546e+01      
1.9984918e+02 8.8930305e+00      
1.9869153e+02 7.4544951e+00      
1.9784141e+02 6.1851921e+00      
1.9753419e+02 4.9635801e+00      
1.9770604e+02 4.0701463e+00      
1.9801892e+02 4.8728273e+00      
1.9844823e+02 7.5815341e+00      
1.9885120e+02 1.1791059e+01      
1.9856892e+02 1.6057120e+01      
1.9756363e+02 1.9949379e+01      
1.9607799e+02 2.3399143e+01      
1.9520195e+02 2.6323806e+01      
2.0266010e+02 5.8779302e+00      
2.0363725e+02 1.4392373e+00      
2.0503029e+02 -3.6656467e+00      
2.0675765e+02 -9.2923174e+00      
2.0791228e+02 -1.3587834e+01      
2.0800609e+02 -1.6264775e+01      
2.0737934e+02 -1.8385225e+01      
2.0626667e+02 -2.0172570e+01      
2.0497347e+02 -2.1858929e+01      
2.0393979e+02 -2.3772527e+01      
2.0273624e+02 -2.4825714e+01      
2.0215103e+02 -2.5700883e+01      
2.0199616e+02 -2.5921918e+01      
2.0217368e+02 -2.5004755e+01      
2.0267163e+02 -2.1756624e+01      
2.0274736e+02 -1.7593893e+01      
2.0222970e+02 -1.3401584e+01      
2.0106077e+02 -9.4674863e+00      
1.9941222e+02 -5.8835245e+00      
1.9781295e+02 -2.7780371e+00      
2.0222821e+02 -2.2826389e+01      
2.0313451e+02 -2.7193208e+01      
2.0442866e+02 -3.2127323e+01      
2.0615880e+02 -3.7554299e+01      
2.0800761e+02 -4.1961288e+01      
2.0891178e+02 -4.5499369e+01      
2.0879671e+02 -4.8204857e+01      
2.0778389e+02 -5.0151529e+01      
2.0614744e+02 -5.1610251e+01      
2.0431803e+02 -5.3026703e+01      
2.0352623e+02 -5.5148130e+01      
2.0294200e+02 -5.6174068e+01      
2.0250997e+02 -5.5846112e+01      
2.0220513e+02 -5.3963020e+01      
2.0196700e+02 -5.0395109e+01      
2.0167027e+02 -4.5917532e+01      
2.0098075e+02 -4.1788849e+01      
1.9959283e+02 -3.7867321e+01      
1.9764907e+02 -3.4199726e+01      
1.9620775e+02 -3.1150464e+01      
1.9825075e+02 -5.0669287e+01      
1.9904847e+02 -5.4853038e+01      
2.0013287e+02 -5.9370474e+01      
2.0145281e+02 -6.3980580e+01      
2.0296087e+02 -6.8364971e+01      
2.0449860e+02 -7.2659368e+01      
2.0477060e+02 -7.5808154e+01      
2.0366817e+02 -7.7623672e+01      
2.0158360e+02 -7.8565626e+01      
2.0005012e+02 -8.0170865e+01      
1.9937121e+02 -8.2649613e+01      
1.9878199e+02 -8.3879509e+01      
1.9811696e+02 -8.3177226e+01      
1.9732513e+02 -8.0504571e+01      
1.9637052e+02 -7.6269669e+01      
1.9569064e+02 -7.2185730e+01      
1.9507165e+02 -6.8485689e+01      
1.9350415e+02 -6.4677228e+01      
1.9195006e+02 -6.1279633e+01      
1.9074440e+02 -5.8401339e+01      
1.9083845e+02 -7.7297475e+01      
1.9152070e+02 -8.1287785e+01      
1.9239875e+02 -8.5455482e+01      
1.9325546e+02 -8.9446029e+01      
1.9422428e+02 -9.3374619e+01      
1.9522642e+02 -9.7279361e+01      
1.9578960e+02 -1.0077725e+02      
1.9446454e+02 -1.0214706e+02      
1.9286110e+02 -1.0330095e+02      
1.9157892e+02 -1.0484883e+02      
1.9074040e+02 -1.0679529e+02      
1.9015687e+02 -1.0841041e+02      
1.8930759e+02 -1.0734694e+02      
1.8817699e+02 -1.0399742e+02      
1.8712739e+02 -1.0030989e+02      
1.8620780e+02 -9.6702826e+01      
1.8526472e+02 -9.3259562e+01      
1.8404772e+02 -8.9919525e+01      
1.8281931e+02 -8.6857528e+01      
1.8179412e+02 -8.4190681e+01      
1.8015057e+02 -1.0235594e+02      
1.8071747e+02 -1.0618045e+02      
1.8130518e+02 -1.0995104e+02      
1.8184126e+02 -1.1352236e+02      
1.8230827e+02 -1.1685964e+02      
1.8280495e+02 -1.2021206e+02      
1.8312637e+02 -1.2344144e+02      
1.8196266e+02 -1.2471674e+02      
1.8068912e+02 -1.2593235e+02      
1.7957401e+02 -1.2733576e+02      
1.7866556e+02 -1.2893282e+02      
1.7789690e+02 -1.3025046e+02      
1.7689239e+02 -1.2847935e+02      
1.7581177e+02 -1.2568615e+02      
1.7475703e+02 -1.2261160e+02      
1.7374193e+02 -1.1948182e+02      
1.7271393e+02 -1.1639661e+02      
1.7163726e+02 -1.1342521e+02      
1.7058454e+02 -1.1066284e+02      
1.6966234e+02 -1.0820146e+02      
1.6636829e+02 -1.2543869e+02      
1.6672063e+02 -1.2896233e+02      
1.6705442e+02 -1.3237494e+02      
1.6731046e+02 -1.3554556e+02      
1.6745421e+02 -1.3842984e+02      
1.6746597e+02 -1.4106794e+02      
1.6725038e+02 -1.4344537e+02      
1.6649275e+02 -1.4509091e+02      
1.6550594e+02 -1.4640073e+02      
1.6451231e+02 -1.4761986e+02      
1.6357225e+02 -1.4881462e+02      
1.6265350e+02 -1.4968952e+02      
1.6165790e+02 -1.4790951e+02      
1.6061908e+02 -1.4558225e+02      
1.5957646e+02 -1.4302062e+02      
1.5854332e+02 -1.4032143e+02      
1.5751429e+02 -1.3759293e+02      
1.5649385e+02 -1.3492815e+02      
1.5551859e+02 -1.3241531e+02      
1.5464215e+02 -1.3013503e+02      
1.4964423e+02 -1.4596998e+02      
1.4982561e+02 -1.4925192e+02      
1.4995169e+02 -1.5235432e+02      
1.4997064e+02 -1.5513114e+02      
1.4984800e+02 -1.5755106e+02      
1.4961427e+02 -1.5980158e+02      
1.4919736e+02 -1.6178353e+02      
1.4853642e+02 -1.6337886e+02      
1.4769892e+02 -1.6463045e+02      
1.4678603e+02 -1.6560973e+02      
1.4585008e+02 -1.6628555e+02      
1.4489498e+02 -1.6634000e+02      
1.4390599e+02 -1.6523232e+02      
1.4288927e+02 -1.6344094e+02      
1.4186244e+02 -1.6130527e+02      
1.4083841e+02 -1.5897118e+02      
1.3982560e+02 -1.5655271e+02      
1.3883689e+02 -1.5414748e+02      
1.3789602e+02 -1.5184204e+02      
1.3703304e+02 -1.4971291e+02      
1.3043888e+02 -1.6393209e+02      
1.3041893e+02 -1.6681414e+02      
1.3037475e+02 -1.6964697e+02      
1.3020737e+02 -1.7205784e+02      
1.2994467e+02 -1.7426089e+02      
1.2957520e+02 -1.7626214e+02      
1.2906887e+02 -1.7800273e+02      
1.2841046e+02 -1.7942603e+02      
1.2762473e+02 -1.8051471e+02      
1.2675623e+02 -1.8125747e+02      
1.2583908e+02 -1.8159086e+02      
1.2488860e+02 -1.8136940e+02      
1.2391031e+02 -1.8048561e+02      
1.2291178e+02 -1.7904793e+02      
1.2190423e+02 -1.7723650e+02      
1.2089898e+02 -1.7519187e+02      
1.1990689e+02 -1.7302526e+02      
1.1894085e+02 -1.7083130e+02      
1.1801728e+02 -1.6869304e+02      
1.1715405e+02 -1.6668357e+02      
1.0912951e+02 -1.7917798e+02      
1.0895096e+02 -1.8170383e+02      
1.0874122e+02 -1.8415523e+02      
1.0845720e+02 -1.8638631e+02      
1.0808979e+02 -1.8840438e+02      
1.0762901e+02 -1.9020041e+02      
1.0706241e+02 -1.9173673e+02      
1.0638688e+02 -1.9297464e+02      
1.0561504e+02 -1.9388409e+02      
1.0476958e+02 -1.9443425e+02      
1.0387226e+02 -1.9457773e+02      
1.0293848e+02 -1.9425567e+02      
1.0197868e+02 -1.9344345e+02      
1.0100209e+02 -1.9219114e+02      
1.0001840e+02 -1.9059689e+02      
9.9037480e+01 -1.8876492e+02      
9.8069302e+01 -1.8679076e+02      
9.7124422e+01 -1.8476013e+02      
9.6214044e+01 -1.8274990e+02      
9.5348711e+01 -1.8082864e+02      
8.6087403e+01 -1.9153909e+02      
8.5789671e+01 -1.9377903e+02      
8.5459147e+01 -1.9594708e+02      
8.5074066e+01 -1.9796530e+02      
8.4620704e+01 -1.9979076e+02      
8.4090240e+01 -2.0139401e+02      
8.3476945e+01 -2.0274251e+02      
8.2781050e+01 -2.0380343e+02      
8.2010505e+01 -2.0454659e+02      
8.1178780e+01 -2.0494268e+02      
8.0300527e+01 -2.0496142e+02      
7.9388564e+01 -2.0457859e+02      
7.8453449e+01 -2.0379329e+02      
7.7504433e+01 -2.0264015e+02      
7.6550254e+01 -2.0118266e+02      
7.5599351e+01 -1.9949711e+02      
7.4659879e+01 -1.9766126e+02      
7.3739677e+01 -1.9574942e+02      
7.2845927e+01 -1.9383059e+02      
7.1984230e+01 -1.9196770e+02      
