2.7981156e+01 2.3804407e+02      
2.6455939e+01 2.3612163e+02      
2.5232144e+01 2.3395711e+02      
2.4325297e+01 2.3158141e+02      
2.3779453e+01 2.2904751e+02      
2.3644724e+01 2.2641130e+02      
2.3963442e+01 2.2372272e+02      
2.4763577e+01 2.2102342e+02      
2.6055261e+01 2.1834645e+02      
2.7829246e+01 2.1571747e+02      
3.0058355e+01 2.1316104e+02      
3.2689191e+01 2.1072320e+02      
3.5469630e+01 2.0854605e+02      
3.7770113e+01 2.0691431e+02      
3.9355981e+01 2.0599547e+02      
4.0223695e+01 2.0585264e+02      
4.0599610e+01 2.0642237e+02      
4.1103379e+01 2.0746428e+02      
4.1992177e+01 2.0883033e+02      
4.3327655e+01 2.1042660e+02      
5.7902745e+01 2.2961818e+02      
5.6583377e+01 2.2778394e+02      
5.5476507e+01 2.2559941e+02      
5.4617994e+01 2.2311426e+02      
5.4098405e+01 2.2041616e+02      
5.4001845e+01 2.1757819e+02      
5.4394602e+01 2.1465642e+02      
5.5322583e+01 2.1169216e+02      
5.6810180e+01 2.0871175e+02      
5.8860096e+01 2.0572343e+02      
6.1462302e+01 2.0271153e+02      
6.4679328e+01 1.9964708e+02      
6.8494205e+01 1.9662113e+02      
7.1157329e+01 1.9433198e+02      
7.2638459e+01 1.9295146e+02      
7.2929535e+01 1.9258711e+02      
7.2045799e+01 1.9325385e+02      
7.1699768e+01 1.9430273e+02      
7.1935369e+01 1.9562610e+02      
7.2692165e+01 1.9715232e+02      
8.6623624e+01 2.1786877e+02      
8.5634176e+01 2.1622453e+02      
8.4602970e+01 2.1398151e+02      
8.3707901e+01 2.1133251e+02      
8.3138072e+01 2.0844063e+02      
8.3014692e+01 2.0539019e+02      
8.3429312e+01 2.0224015e+02      
8.4446171e+01 1.9903102e+02      
8.6103496e+01 1.9578461e+02      
8.8416446e+01 1.9250034e+02      
9.1331985e+01 1.8911740e+02      
9.4789713e+01 1.8548659e+02      
9.8832510e+01 1.8169986e+02      
1.0157427e+02 1.7876575e+02      
1.0295764e+02 1.7685936e+02      
1.0296001e+02 1.7614452e+02      
1.0157229e+02 1.7674713e+02      
1.0062035e+02 1.7778435e+02      
1.0023086e+02 1.7912654e+02      
1.0038035e+02 1.8066266e+02      
1.1363908e+02 2.0295109e+02      
1.1330083e+02 2.0176758e+02      
1.1221474e+02 1.9933796e+02      
1.1114410e+02 1.9644766e+02      
1.1041536e+02 1.9332802e+02      
1.1017524e+02 1.9005491e+02      
1.1054129e+02 1.8668581e+02      
1.1159425e+02 1.8326074e+02      
1.1337700e+02 1.7979665e+02      
1.1593262e+02 1.7630398e+02      
1.1919940e+02 1.7274096e+02      
1.2242967e+02 1.6870604e+02      
1.2602364e+02 1.6443368e+02      
1.2849865e+02 1.6096129e+02      
1.2981367e+02 1.5842121e+02      
1.2994916e+02 1.5703172e+02      
1.2876071e+02 1.5714311e+02      
1.2742614e+02 1.5812837e+02      
1.2641020e+02 1.5960370e+02      
1.2591780e+02 1.6126624e+02      
1.3823070e+02 1.8485627e+02      
1.3842066e+02 1.8390274e+02      
1.3776923e+02 1.8177463e+02      
1.3643147e+02 1.7865235e+02      
1.3547119e+02 1.7532163e+02      
1.3498015e+02 1.7180837e+02      
1.3521599e+02 1.6823512e+02      
1.3625224e+02 1.6463414e+02      
1.3809553e+02 1.6099963e+02      
1.4078331e+02 1.5733779e+02      
1.4420661e+02 1.5361919e+02      
1.4734343e+02 1.4957467e+02      
1.4992315e+02 1.4536027e+02      
1.5193401e+02 1.4148502e+02      
1.5319052e+02 1.3815654e+02      
1.5380584e+02 1.3565358e+02      
1.5367165e+02 1.3444146e+02      
1.5182228e+02 1.3553701e+02      
1.5005875e+02 1.3738560e+02      
1.4885571e+02 1.3935254e+02      
1.5982600e+02 1.6381337e+02      
1.6031003e+02 1.6288088e+02      
1.5989834e+02 1.6090216e+02      
1.5879447e+02 1.5800913e+02      
1.5773467e+02 1.5463425e+02      
1.5684735e+02 1.5086526e+02      
1.5695773e+02 1.4715524e+02      
1.5795937e+02 1.4344324e+02      
1.5979736e+02 1.3969027e+02      
1.6250180e+02 1.3589429e+02      
1.6595523e+02 1.3204164e+02      
1.6907583e+02 1.2800048e+02      
1.7157317e+02 1.2380705e+02      
1.7326378e+02 1.1949257e+02      
1.7433578e+02 1.1521145e+02      
1.7532009e+02 1.1145448e+02      
1.7499021e+02 1.0983665e+02      
1.7328535e+02 1.1049955e+02      
1.7070903e+02 1.1296301e+02      
1.6874156e+02 1.1543558e+02      
1.7801795e+02 1.4022207e+02      
1.7849510e+02 1.3915485e+02      
1.7795486e+02 1.3713875e+02      
1.7660913e+02 1.3423959e+02      
1.7565455e+02 1.3097809e+02      
1.7515893e+02 1.2743530e+02      
1.7536620e+02 1.2377102e+02      
1.7634886e+02 1.2003222e+02      
1.7811827e+02 1.1621990e+02      
1.8072409e+02 1.1233724e+02      
1.8407976e+02 1.0838461e+02      
1.8720967e+02 1.0436072e+02      
1.8995705e+02 1.0024326e+02      
1.9128637e+02 9.5574265e+01      
1.9241215e+02 9.0417727e+01      
1.9276856e+02 8.6472668e+01      
1.9204720e+02 8.4613935e+01      
1.9024467e+02 8.5022404e+01      
1.8769183e+02 8.7258119e+01      
1.8505982e+02 9.0272523e+01      
1.9256089e+02 1.1457315e+02      
1.9272576e+02 1.1329852e+02      
1.9181240e+02 1.1118428e+02      
1.9083925e+02 1.0850204e+02      
1.9016331e+02 1.0542880e+02      
1.8992379e+02 1.0206820e+02      
1.9023340e+02 9.8505446e+01      
1.9117551e+02 9.4799859e+01      
1.9280119e+02 9.0983707e+01      
1.9516764e+02 8.7074636e+01      
1.9822390e+02 8.3086174e+01      
2.0115346e+02 7.9113978e+01      
2.0431488e+02 7.5063727e+01      
2.0589815e+02 7.0716764e+01      
2.0600600e+02 6.6155595e+01      
2.0580770e+02 6.1840142e+01      
2.0465703e+02 5.9725310e+01      
2.0253758e+02 6.0139454e+01      
1.9973267e+02 6.2516796e+01      
1.9731722e+02 6.4755963e+01      
2.0343384e+02 8.7412351e+01      
2.0302894e+02 8.5954626e+01      
2.0237130e+02 8.3931496e+01      
2.0170131e+02 8.1415373e+01      
2.0124476e+02 7.8505279e+01      
2.0113177e+02 7.5283825e+01      
2.0145992e+02 7.1822251e+01      
2.0230220e+02 6.8178902e+01      
2.0370868e+02 6.4400120e+01      
2.0570481e+02 6.0525525e+01      
2.0822550e+02 5.6598813e+01      
2.1114048e+02 5.2667567e+01      
2.1437387e+02 4.8734504e+01      
2.1597512e+02 4.4861670e+01      
2.1593115e+02 4.1148956e+01      
2.1463942e+02 3.7842032e+01      
2.1307620e+02 3.5488617e+01      
2.1050315e+02 3.6101576e+01      
2.0790255e+02 3.7465628e+01      
2.0567966e+02 3.8854435e+01      
2.1087947e+02 5.9293940e+01      
2.1027560e+02 5.7796908e+01      
2.0968393e+02 5.5834788e+01      
2.0915533e+02 5.3433869e+01      
2.0880104e+02 5.0650866e+01      
2.0871925e+02 4.7547712e+01      
2.0898824e+02 4.4183964e+01      
2.0966824e+02 4.0615219e+01      
2.1080249e+02 3.6894911e+01      
2.1241429e+02 3.3078759e+01      
2.1450060e+02 2.9229196e+01      
2.1708016e+02 2.5405217e+01      
2.1996973e+02 2.1666134e+01      
2.2123173e+02 1.8305065e+01      
2.2090573e+02 1.5385591e+01      
2.1960928e+02 1.2973683e+01      
2.1766044e+02 1.1451831e+01      
2.1483490e+02 1.1360848e+01      
2.1236331e+02 1.1895302e+01      
2.1027550e+02 1.2600866e+01      
2.1489841e+02 3.0681580e+01      
2.1422542e+02 2.9202157e+01      
2.1362774e+02 2.7298117e+01      
2.1312883e+02 2.4990016e+01      
2.1278472e+02 2.2315358e+01      
2.1265776e+02 1.9319863e+01      
2.1280340e+02 1.6051919e+01      
2.1326709e+02 1.2561647e+01      
2.1408583e+02 8.9039319e+00      
2.1529375e+02 5.1439749e+00      
2.1692933e+02 1.3635497e+00      
2.1895763e+02 -2.3067105e+00      
2.2100572e+02 -5.6825497e+00      
2.2159787e+02 -8.4630562e+00      
2.2062605e+02 -1.0623970e+01      
2.1926930e+02 -1.2397224e+01      
2.1747075e+02 -1.3568369e+01      
2.1527856e+02 -1.4031731e+01      
2.1311824e+02 -1.4014806e+01      
2.1116842e+02 -1.3780626e+01      
2.1543031e+02 2.0109547e+00      
2.1472612e+02 5.7347251e-01      
2.1410501e+02 -1.2636903e+00      
2.1358260e+02 -3.4816774e+00      
2.1319007e+02 -6.0522512e+00      
2.1296421e+02 -8.9411887e+00      
2.1293917e+02 -1.2111173e+01      
2.1314320e+02 -1.5521566e+01      
2.1360128e+02 -1.9123057e+01      
2.1434649e+02 -2.2847220e+01      
2.1546044e+02 -2.6603005e+01      
2.1696264e+02 -3.0187493e+01      
2.1747888e+02 -3.2821872e+01      
2.1748870e+02 -3.4986602e+01      
2.1676217e+02 -3.6732629e+01      
2.1555983e+02 -3.8115123e+01      
2.1400048e+02 -3.9097649e+01      
2.1218486e+02 -3.9665475e+01      
2.1029092e+02 -3.9907859e+01      
2.0846392e+02 -3.9964629e+01      
2.1247626e+02 -2.6282726e+01      
2.1175636e+02 -2.7663864e+01      
2.1110543e+02 -2.9424065e+01      
2.1053470e+02 -3.1545757e+01      
2.1006181e+02 -3.4006329e+01      
2.0970602e+02 -3.6780323e+01      
2.0948288e+02 -3.9841965e+01      
2.0940079e+02 -4.3165869e+01      
2.0946239e+02 -4.6720665e+01      
2.0967310e+02 -5.0447322e+01      
2.1004488e+02 -5.4207913e+01      
2.1047043e+02 -5.7634446e+01      
2.1065418e+02 -5.9726841e+01      
2.1047842e+02 -6.1299879e+01      
2.0985907e+02 -6.2586784e+01      
2.0881393e+02 -6.3638484e+01      
2.0742845e+02 -6.4445959e+01      
2.0580590e+02 -6.5004519e+01      
2.0406494e+02 -6.5353147e+01      
2.0231281e+02 -6.5566783e+01      
2.0610236e+02 -5.3770586e+01      
2.0537508e+02 -5.5085266e+01      
2.0469317e+02 -5.6758336e+01      
2.0406463e+02 -5.8773180e+01      
2.0349868e+02 -6.1110752e+01      
2.0300249e+02 -6.3751939e+01      
2.0257645e+02 -6.6681486e+01      
2.0220853e+02 -6.9893981e+01      
2.0186896e+02 -7.3399252e+01      
2.0152773e+02 -7.7174447e+01      
2.0119919e+02 -8.1011306e+01      
2.0100923e+02 -8.4018046e+01      
2.0085273e+02 -8.5938580e+01      
2.0063232e+02 -8.6897878e+01      
2.0007035e+02 -8.7677781e+01      
1.9911254e+02 -8.8401785e+01      
1.9782095e+02 -8.9033790e+01      
1.9629230e+02 -8.9532683e+01      
1.9462203e+02 -8.9902461e+01      
1.9289499e+02 -9.0181118e+01      
1.9643424e+02 -8.0038100e+01      
1.9570563e+02 -8.1278694e+01      
1.9499536e+02 -8.2854939e+01      
1.9430917e+02 -8.4750504e+01      
1.9365115e+02 -8.6947860e+01      
1.9302104e+02 -8.9430717e+01      
1.9240973e+02 -9.2188722e+01      
1.9179160e+02 -9.5227830e+01      
1.9110584e+02 -9.8604158e+01      
1.9026226e+02 -1.0239499e+02      
1.8949018e+02 -1.0585520e+02      
1.8888923e+02 -1.0853377e+02      
1.8844550e+02 -1.1024769e+02      
1.8806030e+02 -1.1108181e+02      
1.8754597e+02 -1.1139883e+02      
1.8660144e+02 -1.1186683e+02      
1.8532555e+02 -1.1235659e+02      
1.8381819e+02 -1.1278141e+02      
1.8215915e+02 -1.1312561e+02      
1.8041692e+02 -1.1340762e+02      
1.8365176e+02 -1.0469246e+02      
1.8292720e+02 -1.0585335e+02      
1.8219387e+02 -1.0732435e+02      
1.8145630e+02 -1.0908857e+02      
1.8071614e+02 -1.1112797e+02      
1.7997004e+02 -1.1342507e+02      
1.7920633e+02 -1.1596589e+02      
1.7840004e+02 -1.1874489e+02      
1.7750666e+02 -1.2176898e+02      
1.7647417e+02 -1.2500649e+02      
1.7530624e+02 -1.2824169e+02      
1.7437122e+02 -1.3068018e+02      
1.7373282e+02 -1.3213456e+02      
1.7326528e+02 -1.3271687e+02      
1.7252464e+02 -1.3314444e+02      
1.7146477e+02 -1.3357036e+02      
1.7013195e+02 -1.3397957e+02      
1.6859068e+02 -1.3433482e+02      
1.6690046e+02 -1.3462715e+02      
1.6511426e+02 -1.3486986e+02      
1.6798380e+02 -1.2736903e+02      
1.6726838e+02 -1.2844669e+02      
1.6651886e+02 -1.2980618e+02      
1.6573959e+02 -1.3142946e+02      
1.6493179e+02 -1.3329661e+02      
1.6409230e+02 -1.3538640e+02      
1.6321194e+02 -1.3767667e+02      
1.6227410e+02 -1.4014298e+02      
1.6125578e+02 -1.4275034e+02      
1.6013484e+02 -1.4543004e+02      
1.5891391e+02 -1.4803583e+02      
1.5768994e+02 -1.5027367e+02      
1.5692920e+02 -1.5145151e+02      
1.5611925e+02 -1.5219759e+02      
1.5511754e+02 -1.5274427e+02      
1.5389256e+02 -1.5318463e+02      
1.5245849e+02 -1.5354572e+02      
1.5084820e+02 -1.5383318e+02      
1.4910043e+02 -1.5405438e+02      
1.4725334e+02 -1.5422551e+02      
1.4970329e+02 -1.4773699e+02      
1.4900163e+02 -1.4873007e+02      
1.4824330e+02 -1.4997463e+02      
1.4743317e+02 -1.5145132e+02      
1.4657336e+02 -1.5313801e+02      
1.4566264e+02 -1.5500949e+02      
1.4469611e+02 -1.5703637e+02      
1.4366568e+02 -1.5918189e+02      
1.4256284e+02 -1.6139446e+02      
1.4138555e+02 -1.6359490e+02      
1.4015069e+02 -1.6566195e+02      
1.3893090e+02 -1.6740348e+02      
1.3783516e+02 -1.6861135e+02      
1.3672178e+02 -1.6943963e+02      
1.3548928e+02 -1.7002910e+02      
1.3410150e+02 -1.7045563e+02      
1.3255388e+02 -1.7076125e+02      
1.3086042e+02 -1.7096985e+02      
1.2904411e+02 -1.7110008e+02      
1.2713078e+02 -1.7117215e+02      
1.2912194e+02 -1.6550401e+02      
1.2843794e+02 -1.6641335e+02      
1.2767783e+02 -1.6754264e+02      
1.2684743e+02 -1.6887147e+02      
1.2595031e+02 -1.7037605e+02      
1.2498769e+02 -1.7202849e+02      
1.2395872e+02 -1.7379548e+02      
1.2286153e+02 -1.7563555e+02      
1.2169574e+02 -1.7749467e+02      
1.2046683e+02 -1.7930082e+02      
1.1919214e+02 -1.8096072e+02      
1.1790306e+02 -1.8236753e+02      
1.1661548e+02 -1.8345162e+02      
1.1529163e+02 -1.8423658e+02      
1.1388140e+02 -1.8478550e+02      
1.1235504e+02 -1.8515237e+02      
1.1070278e+02 -1.8537615e+02      
1.0892898e+02 -1.8548507e+02      
1.0704644e+02 -1.8550235e+02      
1.0507185e+02 -1.8545039e+02      
1.0658487e+02 -1.8042026e+02      
1.0592145e+02 -1.8124868e+02      
1.0516575e+02 -1.8226515e+02      
1.0432461e+02 -1.8344881e+02      
1.0340316e+02 -1.8477510e+02      
1.0240486e+02 -1.8621520e+02      
1.0133196e+02 -1.8773499e+02      
1.0018646e+02 -1.8929346e+02      
9.8971691e+01 -1.9084088e+02      
9.7694304e+01 -1.9231780e+02      
9.6365341e+01 -1.9365754e+02      
9.4996814e+01 -1.9479688e+02      
9.3590601e+01 -1.9569691e+02      
9.2130956e+01 -1.9635698e+02      
9.0594268e+01 -1.9680256e+02      
8.8962129e+01 -1.9706602e+02      
8.7225993e+01 -1.9717731e+02      
8.5386358e+01 -1.9716235e+02      
8.3450125e+01 -1.9704438e+02      
8.1427794e+01 -1.9684579e+02      
