3.0139548e+01 2.3135040e+02      
2.9849164e+01 2.3009760e+02      
2.9907476e+01 2.2893616e+02      
3.0221354e+01 2.2792004e+02      
3.0642559e+01 2.2710628e+02      
3.0973610e+01 2.2654233e+02      
3.1083615e+01 2.2624677e+02      
3.1035310e+01 2.2618980e+02      
3.0920025e+01 2.2628226e+02      
3.0793956e+01 2.2643394e+02      
3.0778278e+01 2.2664640e+02      
3.1011879e+01 2.2696061e+02      
3.1595428e+01 2.2740375e+02      
3.2588495e+01 2.2798533e+02      
3.4011962e+01 2.2869836e+02      
3.5851582e+01 2.2951995e+02      
3.8070602e+01 2.3041400e+02      
4.0634870e+01 2.3133660e+02      
4.3537583e+01 2.3224208e+02      
4.6801124e+01 2.3308585e+02      
5.9769119e+01 2.2175534e+02      
5.9826809e+01 2.2046082e+02      
6.0304650e+01 2.1922289e+02      
6.1111476e+01 2.1810909e+02      
6.2061230e+01 2.1720604e+02      
6.2772334e+01 2.1660011e+02      
6.2776873e+01 2.1633832e+02      
6.2517223e+01 2.1640077e+02      
6.2193009e+01 2.1660876e+02      
6.1646759e+01 2.1664989e+02      
6.1165257e+01 2.1666302e+02      
6.0982515e+01 2.1676506e+02      
6.1219323e+01 2.1699840e+02      
6.1941667e+01 2.1738054e+02      
6.3163886e+01 2.1790786e+02      
6.4842835e+01 2.1855387e+02      
6.6888486e+01 2.1927196e+02      
6.9213998e+01 2.2000527e+02      
7.1805174e+01 2.2070093e+02      
7.4721559e+01 2.2131386e+02      
8.7995304e+01 2.0865392e+02      
8.8431926e+01 2.0728886e+02      
8.9405536e+01 2.0592745e+02      
9.0871734e+01 2.0464479e+02      
9.2631550e+01 2.0357102e+02      
9.4121652e+01 2.0288299e+02      
9.3619313e+01 2.0267050e+02      
9.2960334e+01 2.0297238e+02      
9.2603063e+01 2.0360259e+02      
9.1401458e+01 2.0342233e+02      
9.0274529e+01 2.0316218e+02      
8.9563796e+01 2.0301188e+02      
8.9383641e+01 2.0301427e+02      
8.9808133e+01 2.0319405e+02      
9.0853779e+01 2.0355413e+02      
9.2443524e+01 2.0406247e+02      
9.4385651e+01 2.0465297e+02      
9.6449984e+01 2.0523879e+02      
9.8614302e+01 2.0575682e+02      
1.0106324e+02 2.0617284e+02      
1.1430472e+02 1.9230024e+02      
1.1509685e+02 1.9084440e+02      
1.1658376e+02 1.8931050e+02      
1.1882018e+02 1.8775730e+02      
1.2149540e+02 1.8637900e+02      
1.2286010e+02 1.8553842e+02      
1.2263165e+02 1.8534345e+02      
1.2132543e+02 1.8586251e+02      
1.2063977e+02 1.8673460e+02      
1.1931810e+02 1.8683779e+02      
1.1748063e+02 1.8630841e+02      
1.1621173e+02 1.8590639e+02      
1.1551869e+02 1.8564098e+02      
1.1562233e+02 1.8561314e+02      
1.1654637e+02 1.8583238e+02      
1.1821399e+02 1.8626072e+02      
1.2031854e+02 1.8681296e+02      
1.2211123e+02 1.8730586e+02      
1.2356259e+02 1.8766181e+02      
1.2536233e+02 1.8791592e+02      
1.3822487e+02 1.7300463e+02      
1.3925913e+02 1.7146541e+02      
1.4107919e+02 1.6976102e+02      
1.4396054e+02 1.6785404e+02      
1.4639788e+02 1.6622179e+02      
1.4761011e+02 1.6519110e+02      
1.4744617e+02 1.6492151e+02      
1.4636562e+02 1.6541123e+02      
1.4515438e+02 1.6635769e+02      
1.4365995e+02 1.6654610e+02      
1.4182551e+02 1.6616013e+02      
1.4024525e+02 1.6563752e+02      
1.3894505e+02 1.6505643e+02      
1.3879185e+02 1.6485336e+02      
1.3964130e+02 1.6496411e+02      
1.4150590e+02 1.6535876e+02      
1.4433326e+02 1.6601145e+02      
1.4585384e+02 1.6648308e+02      
1.4603138e+02 1.6667409e+02      
1.4708841e+02 1.6683410e+02      
1.5937834e+02 1.5111461e+02      
1.6049817e+02 1.4952830e+02      
1.6214478e+02 1.4777642e+02      
1.6430589e+02 1.4585462e+02      
1.6669161e+02 1.4386678e+02      
1.6776216e+02 1.4256642e+02      
1.6734673e+02 1.4219307e+02      
1.6595614e+02 1.4262111e+02      
1.6516725e+02 1.4309914e+02      
1.6359700e+02 1.4302453e+02      
1.6143541e+02 1.4247173e+02      
1.5988940e+02 1.4191595e+02      
1.5894457e+02 1.4144364e+02      
1.5882066e+02 1.4119631e+02      
1.5957493e+02 1.4121709e+02      
1.6127639e+02 1.4153950e+02      
1.6387247e+02 1.4213582e+02      
1.6511111e+02 1.4268989e+02      
1.6497974e+02 1.4304755e+02      
1.6571226e+02 1.4327215e+02      
1.7750973e+02 1.2699427e+02      
1.7868404e+02 1.2539065e+02      
1.8006379e+02 1.2365050e+02      
1.8135140e+02 1.2177673e+02      
1.8257999e+02 1.1989025e+02      
1.8341629e+02 1.1825222e+02      
1.8252211e+02 1.1777703e+02      
1.8151522e+02 1.1759602e+02      
1.8084159e+02 1.1744448e+02      
1.7909404e+02 1.1696184e+02      
1.7743229e+02 1.1633732e+02      
1.7621135e+02 1.1576179e+02      
1.7552953e+02 1.1533061e+02      
1.7547612e+02 1.1504899e+02      
1.7609306e+02 1.1494025e+02      
1.7729069e+02 1.1514253e+02      
1.7866669e+02 1.1582089e+02      
1.7959585e+02 1.1661501e+02      
1.8012300e+02 1.1726187e+02      
1.8095494e+02 1.1766342e+02      
1.9242801e+02 1.0101920e+02      
1.9377841e+02 9.9396438e+01      
1.9512679e+02 9.7689447e+01      
1.9545797e+02 9.5806456e+01      
1.9551736e+02 9.4007738e+01      
1.9528526e+02 9.2478994e+01      
1.9448715e+02 9.1443739e+01      
1.9352918e+02 9.0661750e+01      
1.9254491e+02 8.9926715e+01      
1.9129875e+02 8.9115928e+01      
1.9011996e+02 8.8290553e+01      
1.8923296e+02 8.7615944e+01      
1.8870108e+02 8.7253058e+01      
1.8867587e+02 8.6928151e+01      
1.8919481e+02 8.6591446e+01      
1.9009807e+02 8.6522931e+01      
1.9071942e+02 8.7604578e+01      
1.9130763e+02 8.8847420e+01      
1.9193412e+02 8.9867695e+01      
1.9279038e+02 9.0510764e+01      
2.0390290e+02 7.3583366e+01      
2.0553242e+02 7.1887435e+01      
2.0648018e+02 7.0079686e+01      
2.0645674e+02 6.8218414e+01      
2.0552730e+02 6.6429393e+01      
2.0449263e+02 6.4841331e+01      
2.0343263e+02 6.3469832e+01      
2.0237718e+02 6.2243027e+01      
2.0133955e+02 6.1063828e+01      
2.0033411e+02 5.9881077e+01      
1.9947732e+02 5.8741861e+01      
1.9887263e+02 5.7855025e+01      
1.9835111e+02 5.7850717e+01      
1.9832326e+02 5.7507201e+01      
1.9878111e+02 5.6889190e+01      
1.9931067e+02 5.7032461e+01      
1.9971714e+02 5.8129280e+01      
1.9999204e+02 5.9952639e+01      
2.0046369e+02 6.1443680e+01      
2.0120262e+02 6.2361128e+01      
2.1153718e+02 4.5128353e+01      
2.1291102e+02 4.3262238e+01      
2.1357172e+02 4.1326995e+01      
2.1328872e+02 3.9418530e+01      
2.1212887e+02 3.7613887e+01      
2.1048720e+02 3.5943453e+01      
2.0915857e+02 3.4347425e+01      
2.0800232e+02 3.2801471e+01      
2.0695579e+02 3.1255304e+01      
2.0605030e+02 2.9697474e+01      
2.0535617e+02 2.8263325e+01      
2.0476892e+02 2.7782034e+01      
2.0431110e+02 2.8121773e+01      
2.0427924e+02 2.7740055e+01      
2.0448329e+02 2.7422695e+01      
2.0476431e+02 2.7751148e+01      
2.0502847e+02 2.8914784e+01      
2.0526039e+02 3.0740331e+01      
2.0555241e+02 3.2684375e+01      
2.0612978e+02 3.3792266e+01      
2.1436553e+02 1.6235936e+01      
2.1568322e+02 1.4165566e+01      
2.1620428e+02 1.2060103e+01      
2.1568047e+02 1.0064026e+01      
2.1424105e+02 8.2174507e+00      
2.1277542e+02 6.4002536e+00      
2.1144618e+02 4.6258507e+00      
2.1024510e+02 2.8456868e+00      
2.0917238e+02 1.0042656e+00      
2.0827698e+02 -8.2171766e-01      
2.0754270e+02 -1.8237709e+00      
2.0696008e+02 -1.8328575e+00      
2.0655126e+02 -9.9946718e-01      
2.0639740e+02 -7.4609628e-01      
2.0643397e+02 -9.9345485e-01      
2.0653842e+02 -5.9059223e-01      
2.0668077e+02 7.1923471e-01      
2.0683171e+02 2.7232728e+00      
2.0709088e+02 4.3358742e+00      
2.0753696e+02 5.3364095e+00      
2.1333252e+02 -1.2611921e+01      
2.1408200e+02 -1.4768735e+01      
2.1455426e+02 -1.7101341e+01      
2.1382831e+02 -1.9222493e+01      
2.1273092e+02 -2.1313111e+01      
2.1152033e+02 -2.3301128e+01      
2.1027674e+02 -2.5168126e+01      
2.0905154e+02 -2.7056858e+01      
2.0792100e+02 -2.9015994e+01      
2.0697009e+02 -3.0312754e+01      
2.0619524e+02 -3.0825071e+01      
2.0560978e+02 -3.0446233e+01      
2.0524036e+02 -2.9223582e+01      
2.0501334e+02 -2.8431058e+01      
2.0489828e+02 -2.8047540e+01      
2.0484625e+02 -2.7656247e+01      
2.0489003e+02 -2.6180297e+01      
2.0497738e+02 -2.4646275e+01      
2.0515362e+02 -2.3410457e+01      
2.0545976e+02 -2.2612088e+01      
2.0880663e+02 -4.0971072e+01      
2.0911318e+02 -4.3216012e+01      
2.0916770e+02 -4.5665526e+01      
2.0870679e+02 -4.8157427e+01      
2.0792929e+02 -5.0612892e+01      
2.0695873e+02 -5.2807146e+01      
2.0577808e+02 -5.4502722e+01      
2.0450474e+02 -5.6192359e+01      
2.0336950e+02 -5.7387433e+01      
2.0239578e+02 -5.8041800e+01      
2.0158512e+02 -5.8130901e+01      
2.0095378e+02 -5.7580795e+01      
2.0055053e+02 -5.6325983e+01      
2.0027037e+02 -5.5218283e+01      
2.0006085e+02 -5.4364343e+01      
1.9990575e+02 -5.3537129e+01      
1.9981779e+02 -5.2421691e+01      
1.9979225e+02 -5.1278773e+01      
1.9984269e+02 -5.0338005e+01      
1.9998801e+02 -4.9720493e+01      
2.0099811e+02 -6.8383103e+01      
2.0104198e+02 -7.0747383e+01      
2.0091438e+02 -7.3422389e+01      
2.0055068e+02 -7.6333214e+01      
1.9999660e+02 -7.9304783e+01      
1.9928396e+02 -8.1892914e+01      
1.9810573e+02 -8.2826350e+01      
1.9690012e+02 -8.3339263e+01      
1.9579834e+02 -8.3592602e+01      
1.9482695e+02 -8.3598683e+01      
1.9398466e+02 -8.3332649e+01      
1.9325836e+02 -8.2801517e+01      
1.9262642e+02 -8.2120227e+01      
1.9231129e+02 -8.0812018e+01      
1.9201596e+02 -7.9735410e+01      
1.9175059e+02 -7.8770907e+01      
1.9153523e+02 -7.7803282e+01      
1.9137604e+02 -7.6887621e+01      
1.9127933e+02 -7.6138746e+01      
1.9125179e+02 -7.5650783e+01      
1.9007329e+02 -9.4371563e+01      
1.8997041e+02 -9.6843280e+01      
1.8975395e+02 -9.9776022e+01      
1.8941161e+02 -1.0317713e+02      
1.8896946e+02 -1.0674129e+02      
1.8825249e+02 -1.0905100e+02      
1.8725768e+02 -1.0979015e+02      
1.8611140e+02 -1.0916727e+02      
1.8505858e+02 -1.0846197e+02      
1.8410763e+02 -1.0785665e+02      
1.8325317e+02 -1.0726492e+02      
1.8249058e+02 -1.0660106e+02      
1.8183481e+02 -1.0580665e+02      
1.8133153e+02 -1.0478144e+02      
1.8090189e+02 -1.0375750e+02      
1.8051522e+02 -1.0280282e+02      
1.8017244e+02 -1.0190949e+02      
1.7987538e+02 -1.0111091e+02      
1.7962539e+02 -1.0047162e+02      
1.7942267e+02 -1.0005815e+02      
1.7621310e+02 -1.1847450e+02      
1.7601806e+02 -1.2095402e+02      
1.7573238e+02 -1.2400669e+02      
1.7535060e+02 -1.2783245e+02      
1.7479514e+02 -1.3115701e+02      
1.7406717e+02 -1.3322942e+02      
1.7320420e+02 -1.3377320e+02      
1.7226001e+02 -1.3296280e+02      
1.7129574e+02 -1.3144605e+02      
1.7038438e+02 -1.3041126e+02      
1.6953571e+02 -1.2959129e+02      
1.6875636e+02 -1.2879463e+02      
1.6805681e+02 -1.2794150e+02      
1.6744092e+02 -1.2701459e+02      
1.6688987e+02 -1.2606944e+02      
1.6638509e+02 -1.2515971e+02      
1.6591866e+02 -1.2431716e+02      
1.6548697e+02 -1.2357826e+02      
1.6508705e+02 -1.2299027e+02      
1.6471489e+02 -1.2260321e+02      
1.5963968e+02 -1.4029715e+02      
1.5938146e+02 -1.4262715e+02      
1.5902746e+02 -1.4538497e+02      
1.5854756e+02 -1.4857733e+02      
1.5789174e+02 -1.5188833e+02      
1.5714647e+02 -1.5385028e+02      
1.5639147e+02 -1.5412530e+02      
1.5561901e+02 -1.5296415e+02      
1.5476949e+02 -1.5175441e+02      
1.5390838e+02 -1.5074137e+02      
1.5307237e+02 -1.4986233e+02      
1.5227787e+02 -1.4901626e+02      
1.5153418e+02 -1.4815031e+02      
1.5084312e+02 -1.4725428e+02      
1.5019811e+02 -1.4635088e+02      
1.4958965e+02 -1.4547473e+02      
1.4901004e+02 -1.4466032e+02      
1.4845326e+02 -1.4394390e+02      
1.4791351e+02 -1.4336526e+02      
1.4738396e+02 -1.4296519e+02      
1.4062104e+02 -1.5954594e+02      
1.4032318e+02 -1.6162447e+02      
1.3992650e+02 -1.6395243e+02      
1.3941010e+02 -1.6645719e+02      
1.3875082e+02 -1.6892646e+02      
1.3796663e+02 -1.7084909e+02      
1.3732177e+02 -1.7083278e+02      
1.3659636e+02 -1.7019849e+02      
1.3580027e+02 -1.6939088e+02      
1.3497446e+02 -1.6856370e+02      
1.3414932e+02 -1.6774242e+02      
1.3334271e+02 -1.6691127e+02      
1.3256419e+02 -1.6605573e+02      
1.3181684e+02 -1.6517727e+02      
1.3109837e+02 -1.6429339e+02      
1.3040336e+02 -1.6343121e+02      
1.2972545e+02 -1.6262195e+02      
1.2905796e+02 -1.6189908e+02      
1.2839355e+02 -1.6129759e+02      
1.2772366e+02 -1.6085243e+02      
1.1946405e+02 -1.7600739e+02      
1.1914661e+02 -1.7781206e+02      
1.1873377e+02 -1.7973582e+02      
1.1821772e+02 -1.8167461e+02      
1.1759761e+02 -1.8344298e+02      
1.1690718e+02 -1.8470276e+02      
1.1621848e+02 -1.8506014e+02      
1.1549018e+02 -1.8485005e+02      
1.1471326e+02 -1.8435518e+02      
1.1390620e+02 -1.8371196e+02      
1.1308799e+02 -1.8298436e+02      
1.1227264e+02 -1.8219766e+02      
1.1146866e+02 -1.8136445e+02      
1.1067956e+02 -1.8049868e+02      
1.0990474e+02 -1.7962021e+02      
1.0914061e+02 -1.7875427e+02      
1.0838170e+02 -1.7792951e+02      
1.0762122e+02 -1.7717644e+02      
1.0685110e+02 -1.7652635e+02      
1.0606177e+02 -1.7601005e+02      
9.6506844e+01 -1.8951242e+02      
9.6183596e+01 -1.9106478e+02      
9.5769728e+01 -1.9265205e+02      
9.5265651e+01 -1.9417503e+02      
9.4679013e+01 -1.9549043e+02      
9.4029922e+01 -1.9642064e+02      
9.3339700e+01 -1.9685225e+02      
9.2610921e+01 -1.9684958e+02      
9.1844463e+01 -1.9654383e+02      
9.1049283e+01 -1.9603693e+02      
9.0236936e+01 -1.9539377e+02      
8.9417356e+01 -1.9465358e+02      
8.8597223e+01 -1.9384258e+02      
8.7779655e+01 -1.9298316e+02      
8.6964491e+01 -1.9209844e+02      
8.6148847e+01 -1.9121362e+02      
8.5327698e+01 -1.9035575e+02      
8.4494248e+01 -1.8955296e+02      
8.3640075e+01 -1.8883359e+02      
8.2755077e+01 -1.8822520e+02      
