2.4147990e+01 2.1923806e+02      
2.5472737e+01 2.1669125e+02      
2.7380936e+01 2.1433155e+02      
2.9728711e+01 2.1221567e+02      
3.2246736e+01 2.1038654e+02      
3.4435165e+01 2.0881635e+02      
3.5715788e+01 2.0740663e+02      
3.6627748e+01 2.0634665e+02      
3.7614760e+01 2.0574810e+02      
3.8861334e+01 2.0564953e+02      
4.0397844e+01 2.0607470e+02      
4.2171504e+01 2.0703472e+02      
4.4137226e+01 2.0851438e+02      
4.6298434e+01 2.1045636e+02      
4.8635075e+01 2.1274846e+02      
5.0997861e+01 2.1520323e+02      
5.2991931e+01 2.1746331e+02      
5.4135102e+01 2.1907112e+02      
5.4985172e+01 2.2034335e+02      
5.6030681e+01 2.2150113e+02      
5.4090657e+01 2.0949651e+02      
5.5927763e+01 2.0692980e+02      
5.8519153e+01 2.0453409e+02      
6.1767377e+01 2.0238663e+02      
6.5358522e+01 2.0056574e+02      
6.8524966e+01 1.9906487e+02      
6.9178640e+01 1.9733967e+02      
6.9401866e+01 1.9604808e+02      
6.9925572e+01 1.9527941e+02      
7.0973214e+01 1.9504612e+02      
7.2482126e+01 1.9537829e+02      
7.4246829e+01 1.9631684e+02      
7.6136446e+01 1.9787706e+02      
7.8276298e+01 2.0001778e+02      
8.0799734e+01 2.0263969e+02      
8.3555115e+01 2.0554971e+02      
8.5871756e+01 2.0828023e+02      
8.5839826e+01 2.0925885e+02      
8.5420982e+01 2.0989975e+02      
8.5390305e+01 2.1052528e+02      
8.2414759e+01 1.9634434e+02      
8.4733496e+01 1.9373146e+02      
8.8049366e+01 1.9126127e+02      
9.2381874e+01 1.8902402e+02      
9.7244198e+01 1.8712088e+02      
1.0038149e+02 1.8531446e+02      
1.0135630e+02 1.8359163e+02      
1.0066459e+02 1.8212401e+02      
1.0056870e+02 1.8119836e+02      
1.0147836e+02 1.8080074e+02      
1.0317114e+02 1.8098764e+02      
1.0509642e+02 1.8186729e+02      
1.0667650e+02 1.8352685e+02      
1.0859164e+02 1.8593074e+02      
1.1133694e+02 1.8898822e+02      
1.1462818e+02 1.9243293e+02      
1.1632275e+02 1.9492961e+02      
1.1597552e+02 1.9607938e+02      
1.1400918e+02 1.9609941e+02      
1.1266842e+02 1.9618617e+02      
1.0856365e+02 1.8002087e+02      
1.1121106e+02 1.7733401e+02      
1.1504535e+02 1.7474300e+02      
1.2037841e+02 1.7230717e+02      
1.2518080e+02 1.7001327e+02      
1.2831280e+02 1.6794257e+02      
1.2946161e+02 1.6617948e+02      
1.2910050e+02 1.6477631e+02      
1.2847003e+02 1.6375169e+02      
1.2957793e+02 1.6312461e+02      
1.3187976e+02 1.6304983e+02      
1.3444605e+02 1.6377493e+02      
1.3507272e+02 1.6553988e+02      
1.3619789e+02 1.6821698e+02      
1.3890522e+02 1.7168115e+02      
1.4139672e+02 1.7490622e+02      
1.4249947e+02 1.7728192e+02      
1.4176348e+02 1.7856048e+02      
1.3951638e+02 1.7883222e+02      
1.3691406e+02 1.7854082e+02      
1.3207454e+02 1.6082193e+02      
1.3481680e+02 1.5804150e+02      
1.3853431e+02 1.5530286e+02      
1.4319741e+02 1.5262208e+02      
1.4826925e+02 1.4997371e+02      
1.5148612e+02 1.4766388e+02      
1.5249320e+02 1.4587751e+02      
1.5195603e+02 1.4454458e+02      
1.5238536e+02 1.4334122e+02      
1.5440440e+02 1.4234971e+02      
1.5762495e+02 1.4184270e+02      
1.5973750e+02 1.4241406e+02      
1.6026762e+02 1.4415979e+02      
1.5976579e+02 1.4700982e+02      
1.6055047e+02 1.5031619e+02      
1.6257825e+02 1.5354046e+02      
1.6331293e+02 1.5589503e+02      
1.6204940e+02 1.5723088e+02      
1.5918672e+02 1.5759770e+02      
1.5710641e+02 1.5769965e+02      
1.5261940e+02 1.3909061e+02      
1.5532042e+02 1.3620773e+02      
1.5876144e+02 1.3333381e+02      
1.6272513e+02 1.3050889e+02      
1.6673542e+02 1.2776253e+02      
1.6998188e+02 1.2520370e+02      
1.7052951e+02 1.2345866e+02      
1.7081767e+02 1.2194190e+02      
1.7205416e+02 1.2050355e+02      
1.7498227e+02 1.1904681e+02      
1.7782676e+02 1.1830373e+02      
1.7953007e+02 1.1871187e+02      
1.7973521e+02 1.2039810e+02      
1.7876912e+02 1.2316790e+02      
1.7762945e+02 1.2647566e+02      
1.7797000e+02 1.2939189e+02      
1.7860421e+02 1.3171105e+02      
1.7683189e+02 1.3309134e+02      
1.7489181e+02 1.3388218e+02      
1.7350305e+02 1.3433107e+02      
1.6995793e+02 1.1520681e+02      
1.7260502e+02 1.1221182e+02      
1.7591614e+02 1.0920592e+02      
1.7955696e+02 1.0626613e+02      
1.8274766e+02 1.0347882e+02      
1.8484114e+02 1.0099481e+02      
1.8551603e+02 9.8994848e+01      
1.8598161e+02 9.7322590e+01      
1.8709502e+02 9.5847460e+01      
1.8919941e+02 9.4509658e+01      
1.9198070e+02 9.3414148e+01      
1.9341523e+02 9.3609411e+01      
1.9308644e+02 9.5321037e+01      
1.9133164e+02 9.8201246e+01      
1.9011393e+02 1.0106400e+02      
1.8963108e+02 1.0363056e+02      
1.8929357e+02 1.0574656e+02      
1.8830041e+02 1.0729274e+02      
1.8717122e+02 1.0835597e+02      
1.8635265e+02 1.0904314e+02      
1.8387345e+02 8.9582847e+01      
1.8647117e+02 8.6456830e+01      
1.8982249e+02 8.3286975e+01      
1.9375335e+02 8.0188545e+01      
1.9653817e+02 7.7291013e+01      
1.9779623e+02 7.4763319e+01      
1.9754900e+02 7.2680594e+01      
1.9752206e+02 7.0970826e+01      
1.9803877e+02 6.9575202e+01      
1.9913855e+02 6.8489101e+01      
2.0062714e+02 6.7779682e+01      
2.0184425e+02 6.7740420e+01      
2.0094390e+02 6.9585286e+01      
1.9970035e+02 7.1947285e+01      
1.9869701e+02 7.4380899e+01      
1.9801314e+02 7.6667037e+01      
1.9744278e+02 7.8659753e+01      
1.9679418e+02 8.0270798e+01      
1.9615702e+02 8.1487182e+01      
1.9573086e+02 8.2333863e+01      
1.9416899e+02 6.2664117e+01      
1.9665134e+02 5.9386809e+01      
1.9991290e+02 5.5994855e+01      
2.0375945e+02 5.2594629e+01      
2.0621756e+02 4.9502056e+01      
2.0692177e+02 4.6897741e+01      
2.0602047e+02 4.4863244e+01      
2.0539776e+02 4.3192645e+01      
2.0523868e+02 4.1901890e+01      
2.0543642e+02 4.1057817e+01      
2.0581205e+02 4.0749518e+01      
2.0596696e+02 4.1172587e+01      
2.0540116e+02 4.2577695e+01      
2.0455973e+02 4.4532080e+01      
2.0377893e+02 4.6676948e+01      
2.0314775e+02 4.8793551e+01      
2.0262920e+02 5.0727781e+01      
2.0217700e+02 5.2380042e+01      
2.0182214e+02 5.3699346e+01      
2.0165145e+02 5.4666653e+01      
2.0071077e+02 3.4925419e+01      
2.0296258e+02 3.1495690e+01      
2.0592806e+02 2.7867081e+01      
2.0942215e+02 2.4123717e+01      
2.1152227e+02 2.0781624e+01      
2.1188358e+02 1.8043148e+01      
2.1064051e+02 1.6019619e+01      
2.0957899e+02 1.4353910e+01      
2.0882773e+02 1.3124526e+01      
2.0828453e+02 1.2452514e+01      
2.0785656e+02 1.2425309e+01      
2.0739184e+02 1.3096396e+01      
2.0677858e+02 1.4432054e+01      
2.0609573e+02 1.6238198e+01      
2.0547055e+02 1.8274213e+01      
2.0496072e+02 2.0340282e+01      
2.0456689e+02 2.2284529e+01      
2.0427965e+02 2.3999526e+01      
2.0411475e+02 2.5416276e+01      
2.0411364e+02 2.6493862e+01      
2.0346188e+02 6.8562400e+00      
2.0537072e+02 3.3009350e+00      
2.0783661e+02 -5.0743871e-01      
2.1071425e+02 -4.5140350e+00      
2.1241775e+02 -8.1263991e+00      
2.1265734e+02 -1.1133917e+01      
2.1144045e+02 -1.3351956e+01      
2.1016238e+02 -1.5155614e+01      
2.0891201e+02 -1.6420595e+01      
2.0771414e+02 -1.6998277e+01      
2.0665324e+02 -1.6799790e+01      
2.0574325e+02 -1.5891012e+01      
2.0496000e+02 -1.4412470e+01      
2.0430491e+02 -1.2533009e+01      
2.0379197e+02 -1.0439093e+01      
2.0341985e+02 -8.3052543e+00      
2.0317309e+02 -6.2754580e+00      
2.0303909e+02 -4.4578133e+00      
2.0302133e+02 -2.9273251e+00      
2.0313956e+02 -1.7333122e+00      
2.0248514e+02 -2.1058405e+01      
2.0399244e+02 -2.4701814e+01      
2.0582664e+02 -2.8603505e+01      
2.0771840e+02 -3.2651400e+01      
2.0904292e+02 -3.6562511e+01      
2.0941680e+02 -4.0048590e+01      
2.0875974e+02 -4.2860980e+01      
2.0743291e+02 -4.4975179e+01      
2.0565762e+02 -4.6390718e+01      
2.0370520e+02 -4.6998100e+01      
2.0203051e+02 -4.6472166e+01      
2.0072645e+02 -4.5201362e+01      
1.9977884e+02 -4.3432781e+01      
1.9914221e+02 -4.1317670e+01      
1.9875181e+02 -3.9021906e+01      
1.9854210e+02 -3.6709692e+01      
1.9846136e+02 -3.4519108e+01      
1.9847909e+02 -3.2554041e+01      
1.9858724e+02 -3.0886363e+01      
1.9879454e+02 -2.9563620e+01      
1.9791662e+02 -4.8346851e+01      
1.9904536e+02 -5.2050008e+01      
2.0038762e+02 -5.6051363e+01      
2.0178407e+02 -6.0300669e+01      
2.0300625e+02 -6.4696260e+01      
2.0371829e+02 -6.8935509e+01      
2.0336430e+02 -7.2370761e+01      
2.0188899e+02 -7.4790817e+01      
1.9941428e+02 -7.6299239e+01      
1.9626205e+02 -7.7151013e+01      
1.9385714e+02 -7.6041958e+01      
1.9217688e+02 -7.4292670e+01      
1.9112931e+02 -7.2117305e+01      
1.9058903e+02 -6.9629563e+01      
1.9039517e+02 -6.6999964e+01      
1.9040395e+02 -6.4407157e+01      
1.9052120e+02 -6.1987204e+01      
1.9069734e+02 -5.9835494e+01      
1.9091932e+02 -5.8011072e+01      
1.9119467e+02 -5.6549788e+01      
1.8992696e+02 -7.4549886e+01      
1.9072732e+02 -7.8274688e+01      
1.9171312e+02 -8.2357885e+01      
1.9284392e+02 -8.6837451e+01      
1.9415667e+02 -9.1826969e+01      
1.9560666e+02 -9.7274544e+01      
1.9545132e+02 -1.0135173e+02      
1.9372562e+02 -1.0396295e+02      
1.9050962e+02 -1.0514546e+02      
1.8594506e+02 -1.0493116e+02      
1.8204051e+02 -1.0465934e+02      
1.7999173e+02 -1.0257505e+02      
1.7893565e+02 -1.0000653e+02      
1.7868897e+02 -9.6977317e+01      
1.7883763e+02 -9.3876264e+01      
1.7915828e+02 -9.0908181e+01      
1.7951992e+02 -8.8202426e+01      
1.7986156e+02 -8.5841857e+01      
1.8018408e+02 -8.3855646e+01      
1.8050739e+02 -8.2255951e+01      
1.7870941e+02 -9.9229506e+01      
1.7921081e+02 -1.0290982e+02      
1.7987545e+02 -1.0697880e+02      
1.8071937e+02 -1.1152441e+02      
1.8185798e+02 -1.1676692e+02      
1.8322928e+02 -1.2270263e+02      
1.8295824e+02 -1.2706355e+02      
1.8097926e+02 -1.2973872e+02      
1.7732460e+02 -1.3074899e+02      
1.7208288e+02 -1.3026387e+02      
1.6720549e+02 -1.3042294e+02      
1.6438362e+02 -1.2913179e+02      
1.6330638e+02 -1.2653164e+02      
1.6366028e+02 -1.2275785e+02      
1.6427995e+02 -1.1914978e+02      
1.6505980e+02 -1.1569789e+02      
1.6571380e+02 -1.1267134e+02      
1.6620662e+02 -1.1011725e+02      
1.6660229e+02 -1.0799032e+02      
1.6694761e+02 -1.0626786e+02      
1.6449299e+02 -1.2198884e+02      
1.6470516e+02 -1.2554057e+02      
1.6503284e+02 -1.2945454e+02      
1.6548396e+02 -1.3380006e+02      
1.6611899e+02 -1.3875269e+02      
1.6684832e+02 -1.4433869e+02      
1.6618030e+02 -1.4847353e+02      
1.6400765e+02 -1.5110098e+02      
1.6030977e+02 -1.5225588e+02      
1.5510920e+02 -1.5209927e+02      
1.4994910e+02 -1.5262104e+02      
1.4690877e+02 -1.5174919e+02      
1.4588212e+02 -1.4936476e+02      
1.4626920e+02 -1.4591075e+02      
1.4720554e+02 -1.4215239e+02      
1.4858377e+02 -1.3813017e+02      
1.4945302e+02 -1.3489008e+02      
1.5001985e+02 -1.3223236e+02      
1.5043693e+02 -1.3001883e+02      
1.5076975e+02 -1.2820531e+02      
1.4755348e+02 -1.4248795e+02      
1.4748584e+02 -1.4583421e+02      
1.4746839e+02 -1.4946998e+02      
1.4747166e+02 -1.5339883e+02      
1.4743459e+02 -1.5760211e+02      
1.4711132e+02 -1.6181024e+02      
1.4594531e+02 -1.6528368e+02      
1.4368779e+02 -1.6775179e+02      
1.4027702e+02 -1.6925348e+02      
1.3579113e+02 -1.7016651e+02      
1.3092496e+02 -1.7106773e+02      
1.2819048e+02 -1.7034167e+02      
1.2761022e+02 -1.6798558e+02      
1.2853733e+02 -1.6443270e+02      
1.2945094e+02 -1.6091846e+02      
1.3037268e+02 -1.5749002e+02      
1.3109266e+02 -1.5444259e+02      
1.3160268e+02 -1.5182756e+02      
1.3197535e+02 -1.4959940e+02      
1.3225799e+02 -1.4773455e+02      
1.2821135e+02 -1.6044667e+02      
1.2788636e+02 -1.6353750e+02      
1.2755113e+02 -1.6683170e+02      
1.2715273e+02 -1.7028072e+02      
1.2659294e+02 -1.7378235e+02      
1.2568840e+02 -1.7711804e+02      
1.2419882e+02 -1.7998993e+02      
1.2195519e+02 -1.8221956e+02      
1.1889282e+02 -1.8382712e+02      
1.1501037e+02 -1.8504598e+02      
1.1073770e+02 -1.8596985e+02      
1.0870483e+02 -1.8515550e+02      
1.0881080e+02 -1.8271409e+02      
1.0930760e+02 -1.7981088e+02      
1.0986128e+02 -1.7681223e+02      
1.1040094e+02 -1.7387429e+02      
1.1087037e+02 -1.7112469e+02      
1.1123905e+02 -1.6864388e+02      
1.1151608e+02 -1.6645783e+02      
1.1171838e+02 -1.6457628e+02      
1.0682096e+02 -1.7563753e+02      
1.0627434e+02 -1.7845289e+02      
1.0567579e+02 -1.8139671e+02      
1.0497161e+02 -1.8440044e+02      
1.0407921e+02 -1.8735904e+02      
1.0288381e+02 -1.9012270e+02      
1.0126183e+02 -1.9252835e+02      
9.9125640e+01 -1.9446652e+02      
9.6447105e+01 -1.9592429e+02      
9.3230944e+01 -1.9698622e+02      
8.9823745e+01 -1.9758833e+02      
8.8682873e+01 -1.9656047e+02      
8.8354257e+01 -1.9468979e+02      
8.8365783e+01 -1.9237960e+02      
8.8533154e+01 -1.8986733e+02      
8.8766283e+01 -1.8731026e+02      
8.9004466e+01 -1.8482704e+02      
8.9210627e+01 -1.8250114e+02      
8.9369198e+01 -1.8038386e+02      
8.9475750e+01 -1.7850698e+02      
8.3759126e+01 -1.8787740e+02      
8.3032674e+01 -1.9041870e+02      
8.2232091e+01 -1.9303114e+02      
8.1314248e+01 -1.9564438e+02      
8.0221544e+01 -1.9816750e+02      
7.8886838e+01 -2.0049207e+02      
7.7249547e+01 -2.0250981e+02      
7.5279847e+01 -2.0413848e+02      
7.3002655e+01 -2.0533433e+02      
7.0535095e+01 -2.0606730e+02      
6.8286657e+01 -2.0619024e+02      
6.6943532e+01 -2.0542556e+02      
6.6233291e+01 -2.0398276e+02      
6.5881718e+01 -2.0210209e+02      
6.5745117e+01 -1.9996326e+02      
6.5728800e+01 -1.9770838e+02      
6.5768826e+01 -1.9544791e+02      
6.5822538e+01 -1.9326511e+02      
6.5863104e+01 -1.9122006e+02      
6.5873627e+01 -1.8935576e+02      
