3.1116973e+01 2.4695924e+02      
3.0003184e+01 2.4552372e+02      
2.9207608e+01 2.4400861e+02      
2.8505594e+01 2.4242258e+02      
2.7767574e+01 2.4078806e+02      
2.7017366e+01 2.3914652e+02      
2.6424951e+01 2.3755613e+02      
2.6234983e+01 2.3608249e+02      
2.6588045e+01 2.3476825e+02      
2.7460545e+01 2.3362734e+02      
2.8750075e+01 2.3267947e+02      
3.0372699e+01 2.3199666e+02      
3.2167345e+01 2.3168827e+02      
3.3705957e+01 2.3187410e+02      
3.4429145e+01 2.3262812e+02      
3.4966514e+01 2.3382437e+02      
3.5822999e+01 2.3529737e+02      
3.7238671e+01 2.3690410e+02      
3.9321449e+01 2.3853456e+02      
4.2100521e+01 2.4010492e+02      
5.9266561e+01 2.3821576e+02      
5.8649215e+01 2.3673770e+02      
5.8469215e+01 2.3517483e+02      
5.8134640e+01 2.3347417e+02      
5.7436587e+01 2.3165654e+02      
5.6418513e+01 2.2976901e+02      
5.5366098e+01 2.2788075e+02      
5.4920629e+01 2.2612402e+02      
5.5322983e+01 2.2454561e+02      
5.6446318e+01 2.2311340e+02      
5.7954963e+01 2.2175326e+02      
5.9947872e+01 2.2059748e+02      
6.2322548e+01 2.1982832e+02      
6.4425949e+01 2.1968396e+02      
6.4033608e+01 2.2043533e+02      
6.3440109e+01 2.2174943e+02      
6.3389650e+01 2.2333175e+02      
6.4139673e+01 2.2498540e+02      
6.5736679e+01 2.2659610e+02      
6.8146146e+01 2.2809068e+02      
8.5808946e+01 2.2581688e+02      
8.5793255e+01 2.2426813e+02      
8.6703762e+01 2.2270075e+02      
8.6836436e+01 2.2086396e+02      
8.6148514e+01 2.1884552e+02      
8.4708147e+01 2.1670019e+02      
8.2687984e+01 2.1444549e+02      
8.1857743e+01 2.1241102e+02      
8.2369710e+01 2.1060150e+02      
8.4058395e+01 2.0897465e+02      
8.5685773e+01 2.0710881e+02      
8.8082174e+01 2.0535503e+02      
9.1107139e+01 2.0399185e+02      
9.2616643e+01 2.0362542e+02      
9.2173130e+01 2.0432106e+02      
9.0261779e+01 2.0593593e+02      
8.9129712e+01 2.0778081e+02      
8.9170467e+01 2.0956298e+02      
9.0301175e+01 2.1119664e+02      
9.2361245e+01 2.1264986e+02      
1.1008472e+02 2.0996953e+02      
1.1039689e+02 2.0823526e+02      
1.1175100e+02 2.0639968e+02      
1.1212065e+02 2.0432820e+02      
1.1141250e+02 2.0209342e+02      
1.0971045e+02 1.9975755e+02      
1.0726759e+02 1.9736579e+02      
1.0619963e+02 1.9513378e+02      
1.0674995e+02 1.9308927e+02      
1.0874449e+02 1.9118639e+02      
1.1089839e+02 1.8905850e+02      
1.1354845e+02 1.8668304e+02      
1.1578485e+02 1.8501193e+02      
1.1674823e+02 1.8446916e+02      
1.1613650e+02 1.8515244e+02      
1.1427001e+02 1.8685583e+02      
1.1217399e+02 1.8906830e+02      
1.1171162e+02 1.9097986e+02      
1.1252124e+02 1.9263964e+02      
1.1431058e+02 1.9407092e+02      
1.3156995e+02 1.9097701e+02      
1.3184187e+02 1.8897877e+02      
1.3313208e+02 1.8676378e+02      
1.3344047e+02 1.8439206e+02      
1.3267285e+02 1.8192360e+02      
1.3091553e+02 1.7942806e+02      
1.2842708e+02 1.7697619e+02      
1.2729478e+02 1.7459325e+02      
1.2777279e+02 1.7232580e+02      
1.2970309e+02 1.7016467e+02      
1.3171434e+02 1.6795468e+02      
1.3375676e+02 1.6571400e+02      
1.3560770e+02 1.6367528e+02      
1.3619632e+02 1.6295110e+02      
1.3525609e+02 1.6374039e+02      
1.3309730e+02 1.6571433e+02      
1.3163092e+02 1.6774224e+02      
1.3128573e+02 1.6960650e+02      
1.3200502e+02 1.7126188e+02      
1.3363316e+02 1.7268225e+02      
1.4994377e+02 1.6922057e+02      
1.4981831e+02 1.6695630e+02      
1.5055820e+02 1.6438847e+02      
1.5051927e+02 1.6171772e+02      
1.4965495e+02 1.5899552e+02      
1.4803860e+02 1.5629984e+02      
1.4585783e+02 1.5372613e+02      
1.4481786e+02 1.5117296e+02      
1.4509687e+02 1.4870606e+02      
1.4658960e+02 1.4634656e+02      
1.4810426e+02 1.4412247e+02      
1.4951804e+02 1.4209134e+02      
1.5066370e+02 1.4042457e+02      
1.5106946e+02 1.3952389e+02      
1.4984990e+02 1.4052839e+02      
1.4855304e+02 1.4215585e+02      
1.4776189e+02 1.4396882e+02      
1.4772800e+02 1.4575974e+02      
1.4850543e+02 1.4741100e+02      
1.5005943e+02 1.4884196e+02      
1.6508666e+02 1.4511051e+02      
1.6431165e+02 1.4261718e+02      
1.6391419e+02 1.3983975e+02      
1.6332370e+02 1.3690144e+02      
1.6233822e+02 1.3390019e+02      
1.6100459e+02 1.3092508e+02      
1.5960823e+02 1.2804354e+02      
1.5877467e+02 1.2526515e+02      
1.5874958e+02 1.2262367e+02      
1.5941264e+02 1.2015787e+02      
1.6032694e+02 1.1792418e+02      
1.6123822e+02 1.1602332e+02      
1.6194284e+02 1.1464472e+02      
1.6214645e+02 1.1412738e+02      
1.6166992e+02 1.1480006e+02      
1.6106961e+02 1.1621629e+02      
1.6077610e+02 1.1795457e+02      
1.6101404e+02 1.1975625e+02      
1.6188301e+02 1.2145397e+02      
1.6340223e+02 1.2293697e+02      
1.7701721e+02 1.1906428e+02      
1.7569989e+02 1.1632685e+02      
1.7463099e+02 1.1328406e+02      
1.7359337e+02 1.1004301e+02      
1.7245948e+02 1.0672074e+02      
1.7125291e+02 1.0342771e+02      
1.7014483e+02 1.0024960e+02      
1.6938209e+02 9.7239767e+01      
1.6910785e+02 9.4433517e+01      
1.6928621e+02 9.1860412e+01      
1.6975540e+02 8.9564843e+01      
1.7034065e+02 8.7642535e+01      
1.7087245e+02 8.6282983e+01      
1.7113440e+02 8.5825002e+01      
1.7096360e+02 8.6591218e+01      
1.7071077e+02 8.8140926e+01      
1.7069989e+02 9.0029505e+01      
1.7111479e+02 9.1974365e+01      
1.7204915e+02 9.3797750e+01      
1.7353547e+02 9.5387154e+01      
1.8573821e+02 9.1526944e+01      
1.8404554e+02 8.8509526e+01      
1.8258249e+02 8.5138040e+01      
1.8124390e+02 8.1526803e+01      
1.7995562e+02 7.7822317e+01      
1.7871996e+02 7.4175500e+01      
1.7762512e+02 7.0702457e+01      
1.7679588e+02 6.7474223e+01      
1.7631826e+02 6.4521561e+01      
1.7620105e+02 6.1843636e+01      
1.7638929e+02 5.9434867e+01      
1.7680171e+02 5.7336836e+01      
1.7734091e+02 5.5719932e+01      
1.7782474e+02 5.5005973e+01      
1.7758953e+02 5.6296651e+01      
1.7739472e+02 5.8358210e+01      
1.7748828e+02 6.0644298e+01      
1.7798513e+02 6.2871703e+01      
1.7894172e+02 6.4898649e+01      
1.8037915e+02 6.6645738e+01      
1.9120561e+02 6.2982169e+01      
1.8925075e+02 5.9653296e+01      
1.8753214e+02 5.5892804e+01      
1.8599546e+02 5.1817597e+01      
1.8457373e+02 4.7630062e+01      
1.8323118e+02 4.3570899e+01      
1.8202747e+02 3.9787923e+01      
1.8105253e+02 3.6362409e+01      
1.8037329e+02 3.3315065e+01      
1.8002497e+02 3.0589254e+01      
1.8001408e+02 2.8074159e+01      
1.8032777e+02 2.5706683e+01      
1.8090197e+02 2.3715308e+01      
1.8123342e+02 2.3313621e+01      
1.8120149e+02 2.4684549e+01      
1.8096431e+02 2.7492903e+01      
1.8106376e+02 3.0379765e+01      
1.8158024e+02 3.2985878e+01      
1.8252493e+02 3.5256090e+01      
1.8389497e+02 3.7191071e+01      
1.9337593e+02 3.3946030e+01      
1.9122916e+02 3.0292578e+01      
1.8933623e+02 2.6094198e+01      
1.8769578e+02 2.1417215e+01      
1.8622420e+02 1.6527358e+01      
1.8471127e+02 1.1998122e+01      
1.8332254e+02 7.8778842e+00      
1.8214959e+02 4.2846592e+00      
1.8124423e+02 1.2529095e+00      
1.8066785e+02 -1.3617196e+00      
1.8046322e+02 -3.8012283e+00      
1.8064948e+02 -6.3404830e+00      
1.8092431e+02 -7.9140875e+00      
1.8112957e+02 -7.9761440e+00      
1.8121606e+02 -6.4144924e+00      
1.8123532e+02 -3.5183789e+00      
1.8135053e+02 -6.3317635e-03      
1.8188037e+02 2.9114167e+00      
1.8280050e+02 5.3855675e+00      
1.8408918e+02 7.5079309e+00      
1.9223808e+02 4.9541320e+00      
1.8993512e+02 1.0002971e+00      
1.8789510e+02 -3.6227292e+00      
1.8618947e+02 -8.9717825e+00      
1.8487017e+02 -1.5009349e+01      
1.8308901e+02 -2.0085155e+01      
1.8151082e+02 -2.4714061e+01      
1.8010741e+02 -2.8459845e+01      
1.7891768e+02 -3.1248420e+01      
1.7809034e+02 -3.3504441e+01      
1.7764594e+02 -3.5409157e+01      
1.7751931e+02 -3.7033903e+01      
1.7757060e+02 -3.8273654e+01      
1.7767250e+02 -3.8004856e+01      
1.7782457e+02 -3.6093098e+01      
1.7800123e+02 -3.2868274e+01      
1.7833048e+02 -2.9686442e+01      
1.7892756e+02 -2.6810101e+01      
1.7982273e+02 -2.4232645e+01      
1.8101748e+02 -2.1937720e+01      
1.8783134e+02 -2.3459769e+01      
1.8538426e+02 -2.7645073e+01      
1.8317583e+02 -3.2585659e+01      
1.8125353e+02 -3.8342000e+01      
1.7962281e+02 -4.4899438e+01      
1.7816457e+02 -5.1841131e+01      
1.7653128e+02 -5.7415569e+01      
1.7490611e+02 -6.1415041e+01      
1.7335936e+02 -6.3671099e+01      
1.7231339e+02 -6.5480909e+01      
1.7168208e+02 -6.6685944e+01      
1.7134735e+02 -6.7175431e+01      
1.7119918e+02 -6.7010108e+01      
1.7118957e+02 -6.6337889e+01      
1.7141098e+02 -6.4009686e+01      
1.7173358e+02 -6.1283047e+01      
1.7219997e+02 -5.8523481e+01      
1.7285091e+02 -5.5820933e+01      
1.7370653e+02 -5.3197067e+01      
1.7478674e+02 -5.0717563e+01      
1.8025455e+02 -5.0788424e+01      
1.7767054e+02 -5.5105607e+01      
1.7527985e+02 -6.0221624e+01      
1.7310948e+02 -6.6215703e+01      
1.7118804e+02 -7.3229591e+01      
1.6951017e+02 -8.1123158e+01      
1.6771432e+02 -8.7490158e+01      
1.6596997e+02 -9.2043335e+01      
1.6445986e+02 -9.4923056e+01      
1.6335825e+02 -9.6596219e+01      
1.6265930e+02 -9.7158832e+01      
1.6224959e+02 -9.6508685e+01      
1.6198142e+02 -9.4654963e+01      
1.6196895e+02 -9.2959118e+01      
1.6219638e+02 -9.0927473e+01      
1.6260334e+02 -8.8698378e+01      
1.6316176e+02 -8.6372782e+01      
1.6384155e+02 -8.3882677e+01      
1.6462309e+02 -8.1186012e+01      
1.6555048e+02 -7.8441087e+01      
1.6966509e+02 -7.6569263e+01      
1.6695840e+02 -8.0904288e+01      
1.6439518e+02 -8.6038371e+01      
1.6198900e+02 -9.2054765e+01      
1.5974726e+02 -9.9121112e+01      
1.5764178e+02 -1.0722406e+02      
1.5555405e+02 -1.1412679e+02      
1.5367913e+02 -1.1914828e+02      
1.5217909e+02 -1.2230745e+02      
1.5112306e+02 -1.2384053e+02      
1.5048788e+02 -1.2388338e+02      
1.5015969e+02 -1.2248305e+02      
1.4994313e+02 -1.2036768e+02      
1.4997494e+02 -1.1836873e+02      
1.5025519e+02 -1.1652619e+02      
1.5075097e+02 -1.1478522e+02      
1.5142341e+02 -1.1301891e+02      
1.5216264e+02 -1.1088057e+02      
1.5279218e+02 -1.0794607e+02      
1.5349614e+02 -1.0473253e+02      
1.5627140e+02 -1.0039504e+02      
1.5346561e+02 -1.0463360e+02      
1.5075654e+02 -1.0962737e+02      
1.4814544e+02 -1.1542828e+02      
1.4561647e+02 -1.2209460e+02      
1.4312393e+02 -1.2952733e+02      
1.4067063e+02 -1.3701174e+02      
1.3865291e+02 -1.4225379e+02      
1.3718362e+02 -1.4533129e+02      
1.3624450e+02 -1.4659562e+02      
1.3574640e+02 -1.4631454e+02      
1.3541047e+02 -1.4532533e+02      
1.3526195e+02 -1.4374097e+02      
1.3536281e+02 -1.4175661e+02      
1.3572701e+02 -1.4016844e+02      
1.3633543e+02 -1.3905527e+02      
1.3717416e+02 -1.3814945e+02      
1.3811334e+02 -1.3676953e+02      
1.3842101e+02 -1.3317908e+02      
1.3882083e+02 -1.2917536e+02      
1.4032442e+02 -1.2191878e+02      
1.3745100e+02 -1.2596031e+02      
1.3463668e+02 -1.3068310e+02      
1.3187586e+02 -1.3610642e+02      
1.2914069e+02 -1.4224544e+02      
1.2637064e+02 -1.4910662e+02      
1.2360086e+02 -1.5631061e+02      
1.2152218e+02 -1.6121111e+02      
1.2018579e+02 -1.6380974e+02      
1.1940876e+02 -1.6475210e+02      
1.1878344e+02 -1.6504706e+02      
1.1836333e+02 -1.6467296e+02      
1.1821627e+02 -1.6366113e+02      
1.1837202e+02 -1.6226695e+02      
1.1882053e+02 -1.6105539e+02      
1.1951526e+02 -1.6083081e+02      
1.2047330e+02 -1.6104156e+02      
1.2121294e+02 -1.5962104e+02      
1.2158407e+02 -1.5619146e+02      
1.2170165e+02 -1.5119886e+02      
1.2210960e+02 -1.4085342e+02      
1.1920445e+02 -1.4461924e+02      
1.1633364e+02 -1.4897611e+02      
1.1349252e+02 -1.5391726e+02      
1.1065340e+02 -1.5943892e+02      
1.0774735e+02 -1.6556897e+02      
1.0483021e+02 -1.7196047e+02      
1.0286330e+02 -1.7599541e+02      
1.0178038e+02 -1.7773914e+02      
1.0084601e+02 -1.7898333e+02      
9.9986519e+01 -1.8002845e+02      
9.9418767e+01 -1.8025051e+02      
9.9233751e+01 -1.7964951e+02      
9.9409411e+01 -1.7858570e+02      
9.9794097e+01 -1.7821991e+02      
1.0044170e+02 -1.7908614e+02      
1.0111690e+02 -1.7936965e+02      
1.0167758e+02 -1.7801560e+02      
1.0206185e+02 -1.7471197e+02      
1.0229408e+02 -1.6984791e+02      
1.0194011e+02 -1.5696859e+02      
9.9038888e+01 -1.6040452e+02      
9.6160185e+01 -1.6433367e+02      
9.3308522e+01 -1.6872176e+02      
9.0473196e+01 -1.7352581e+02      
8.7610914e+01 -1.7871166e+02      
8.4794490e+01 -1.8392940e+02      
8.3105472e+01 -1.8686848e+02      
8.1795969e+01 -1.8882205e+02      
8.0677003e+01 -1.9027541e+02      
7.9713109e+01 -1.9139117e+02      
7.8959585e+01 -1.9207555e+02      
7.8720578e+01 -1.9168993e+02      
7.8717168e+01 -1.9120907e+02      
7.8906642e+01 -1.9111110e+02      
7.9264111e+01 -1.9160611e+02      
7.9687189e+01 -1.9235009e+02      
8.0079767e+01 -1.9126354e+02      
8.0439759e+01 -1.8795511e+02      
8.0721596e+01 -1.8292836e+02      
8.0151590e+01 -1.7008660e+02      
7.7285184e+01 -1.7316314e+02      
7.4438807e+01 -1.7663658e+02      
7.1630480e+01 -1.8044659e+02      
6.8877398e+01 -1.8450342e+02      
6.6212022e+01 -1.8865084e+02      
6.3786427e+01 -1.9247118e+02      
6.1887405e+01 -1.9529630e+02      
6.0361407e+01 -1.9734425e+02      
5.9091369e+01 -1.9885210e+02      
5.8048469e+01 -1.9991809e+02      
5.7263464e+01 -2.0051654e+02      
5.6805135e+01 -2.0056485e+02      
5.6596465e+01 -2.0039290e+02      
5.6579394e+01 -2.0026348e+02      
5.6707454e+01 -2.0026108e+02      
5.6909728e+01 -2.0021529e+02      
5.7118367e+01 -1.9948631e+02      
5.7465402e+01 -1.9610747e+02      
5.7782089e+01 -1.9215071e+02      
