3.6224719e+01 2.4246396e+02      
3.5525918e+01 2.4180056e+02      
3.5282466e+01 2.4108614e+02      
3.5343691e+01 2.4020303e+02      
3.5476814e+01 2.3895729e+02      
3.5535333e+01 2.3724933e+02      
3.5514186e+01 2.3512605e+02      
3.5543718e+01 2.3277484e+02      
3.5822838e+01 2.3046596e+02      
3.6438010e+01 2.2838803e+02      
3.7307334e+01 2.2662801e+02      
3.8222943e+01 2.2523146e+02      
3.9004063e+01 2.2421109e+02      
3.9573505e+01 2.2356194e+02      
4.0015677e+01 2.2326768e+02      
4.0537373e+01 2.2329596e+02      
4.1302052e+01 2.2361781e+02      
4.2415464e+01 2.2420309e+02      
4.3947008e+01 2.2501216e+02      
4.5943925e+01 2.2599173e+02      
6.4967678e+01 2.3417365e+02      
6.4576916e+01 2.3369099e+02      
6.4834824e+01 2.3329705e+02      
6.5556748e+01 2.3284257e+02      
6.6125637e+01 2.3174154e+02      
6.6325541e+01 2.2983173e+02      
6.6164927e+01 2.2717296e+02      
6.5868751e+01 2.2403211e+02      
6.6039259e+01 2.2106281e+02      
6.6816224e+01 2.1848503e+02      
6.8035274e+01 2.1630817e+02      
6.9233380e+01 2.1456987e+02      
7.0062206e+01 2.1325467e+02      
7.0313651e+01 2.1233943e+02      
7.0161389e+01 2.1181187e+02      
7.0088894e+01 2.1160785e+02      
7.0309719e+01 2.1170291e+02      
7.0930454e+01 2.1207584e+02      
7.2007070e+01 2.1269290e+02      
7.3575518e+01 2.1349714e+02      
9.2078952e+01 2.2216540e+02      
9.1942901e+01 2.2178701e+02      
9.2740403e+01 2.2171946e+02      
9.4580905e+01 2.2212233e+02      
9.5651626e+01 2.2120019e+02      
9.5981427e+01 2.1906354e+02      
9.5598363e+01 2.1579192e+02      
9.4523613e+01 2.1142018e+02      
9.4582626e+01 2.0776155e+02      
9.5654418e+01 2.0473960e+02      
9.7390466e+01 2.0220364e+02      
9.9195262e+01 2.0017629e+02      
1.0035782e+02 1.9862042e+02      
1.0005595e+02 1.9744802e+02      
9.9073995e+01 1.9669539e+02      
9.8228215e+01 1.9627912e+02      
9.7799401e+01 1.9616570e+02      
9.7867976e+01 1.9635153e+02      
9.8438854e+01 1.9682406e+02      
9.9523707e+01 1.9752122e+02      
1.1704486e+02 2.0659581e+02      
1.1696995e+02 2.0611911e+02      
1.1784576e+02 2.0589361e+02      
1.1981887e+02 2.0604003e+02      
1.2098761e+02 2.0489228e+02      
1.2142239e+02 2.0252807e+02      
1.2117062e+02 1.9903401e+02      
1.2025600e+02 1.9449210e+02      
1.2065394e+02 1.9058992e+02      
1.2227753e+02 1.8729947e+02      
1.2481459e+02 1.8450504e+02      
1.2773581e+02 1.8223727e+02      
1.2994453e+02 1.8054214e+02      
1.2843166e+02 1.7909629e+02      
1.2621652e+02 1.7814770e+02      
1.2437155e+02 1.7755345e+02      
1.2323573e+02 1.7723138e+02      
1.2276315e+02 1.7722995e+02      
1.2280706e+02 1.7761534e+02      
1.2335680e+02 1.7830459e+02      
1.3947032e+02 1.8775609e+02      
1.3925169e+02 1.8698682e+02      
1.3970037e+02 1.8616831e+02      
1.4064611e+02 1.8515995e+02      
1.4145968e+02 1.8343084e+02      
1.4195417e+02 1.8083878e+02      
1.4219030e+02 1.7746331e+02      
1.4248480e+02 1.7358857e+02      
1.4362871e+02 1.6983912e+02      
1.4602049e+02 1.6643190e+02      
1.4971126e+02 1.6339351e+02      
1.5405002e+02 1.6083830e+02      
1.5588004e+02 1.5886019e+02      
1.5457110e+02 1.5740895e+02      
1.5082592e+02 1.5645839e+02      
1.4778976e+02 1.5577650e+02      
1.4604015e+02 1.5518870e+02      
1.4524786e+02 1.5488228e+02      
1.4473735e+02 1.5528884e+02      
1.4467295e+02 1.5613817e+02      
1.5908862e+02 1.6606386e+02      
1.5865192e+02 1.6493469e+02      
1.5868084e+02 1.6354548e+02      
1.5904149e+02 1.6179788e+02      
1.5952013e+02 1.5953087e+02      
1.6000847e+02 1.5667773e+02      
1.6057093e+02 1.5331765e+02      
1.6145752e+02 1.4967278e+02      
1.6308174e+02 1.4604413e+02      
1.6598719e+02 1.4260254e+02      
1.7073126e+02 1.3932209e+02      
1.7463725e+02 1.3652173e+02      
1.7619535e+02 1.3440266e+02      
1.7495380e+02 1.3300043e+02      
1.7148228e+02 1.3215766e+02      
1.6739817e+02 1.3151445e+02      
1.6545457e+02 1.3053208e+02      
1.6503076e+02 1.2947779e+02      
1.6385649e+02 1.3012416e+02      
1.6308406e+02 1.3138583e+02      
1.7569996e+02 1.4199472e+02      
1.7506296e+02 1.4052140e+02      
1.7480005e+02 1.3867745e+02      
1.7483652e+02 1.3642427e+02      
1.7508120e+02 1.3372112e+02      
1.7549319e+02 1.3057260e+02      
1.7612907e+02 1.2705845e+02      
1.7714620e+02 1.2334897e+02      
1.7876189e+02 1.1970884e+02      
1.8122787e+02 1.1637713e+02      
1.8469031e+02 1.1333228e+02      
1.8862115e+02 1.1039959e+02      
1.9012355e+02 1.0824268e+02      
1.8867702e+02 1.0703009e+02      
1.8495221e+02 1.0645432e+02      
1.8198470e+02 1.0555296e+02      
1.8053814e+02 1.0415026e+02      
1.8041959e+02 1.0247716e+02      
1.7959554e+02 1.0267275e+02      
1.7816619e+02 1.0456130e+02      
1.8912830e+02 1.1603661e+02      
1.8832749e+02 1.1425340e+02      
1.8785575e+02 1.1202603e+02      
1.8767221e+02 1.0935357e+02      
1.8772785e+02 1.0625666e+02      
1.8800130e+02 1.0278489e+02      
1.8853586e+02 9.9005674e+01      
1.8944157e+02 9.5013580e+01      
1.9078523e+02 9.1116679e+01      
1.9244038e+02 8.7986520e+01      
1.9439919e+02 8.5621837e+01      
1.9657135e+02 8.3393865e+01      
1.9807418e+02 8.1276172e+01      
1.9628428e+02 8.0407295e+01      
1.9391166e+02 7.9569869e+01      
1.9202063e+02 7.8423772e+01      
1.9111447e+02 7.6766343e+01      
1.9116284e+02 7.4774135e+01      
1.9056193e+02 7.4766323e+01      
1.8936388e+02 7.6550049e+01      
1.9922039e+02 8.8682714e+01      
1.9828531e+02 8.6624395e+01      
1.9765526e+02 8.4053210e+01      
1.9731000e+02 8.0984938e+01      
1.9720440e+02 7.7490529e+01      
1.9729305e+02 7.3682527e+01      
1.9759738e+02 6.9619056e+01      
1.9823933e+02 6.5231729e+01      
1.9933154e+02 6.0591880e+01      
2.0013487e+02 5.7718284e+01      
2.0061239e+02 5.6617060e+01      
2.0127671e+02 5.5287218e+01      
2.0151570e+02 5.3867641e+01      
2.0057858e+02 5.2785127e+01      
1.9919228e+02 5.1764909e+01      
1.9801260e+02 5.0549529e+01      
1.9742019e+02 4.8919825e+01      
1.9742733e+02 4.7033732e+01      
1.9680695e+02 4.7306482e+01      
1.9560387e+02 4.9431752e+01      
2.0585798e+02 6.0434133e+01      
2.0480463e+02 5.8141807e+01      
2.0404468e+02 5.5258559e+01      
2.0358957e+02 5.1774622e+01      
2.0338752e+02 4.7799849e+01      
2.0326990e+02 4.3652042e+01      
2.0322531e+02 3.9417555e+01      
2.0334625e+02 3.4967607e+01      
2.0368737e+02 3.0344956e+01      
2.0368586e+02 2.7782710e+01      
2.0332651e+02 2.7270607e+01      
2.0309323e+02 2.6449693e+01      
2.0272558e+02 2.5378638e+01      
2.0200565e+02 2.4337163e+01      
2.0108903e+02 2.3336273e+01      
2.0026878e+02 2.2271711e+01      
1.9977069e+02 2.1001304e+01      
1.9957646e+02 1.9691200e+01      
1.9883560e+02 2.0602184e+01      
1.9806302e+02 2.2126035e+01      
2.0896936e+02 3.1796314e+01      
2.0779654e+02 2.9331307e+01      
2.0690323e+02 2.6201364e+01      
2.0635431e+02 2.2314172e+01      
2.0618127e+02 1.7669305e+01      
2.0583148e+02 1.3219888e+01      
2.0535332e+02 8.9914484e+00      
2.0479837e+02 4.9146862e+00      
2.0412529e+02 1.1035929e+00      
2.0340182e+02 -1.1615615e+00      
2.0256663e+02 -1.7537026e+00      
2.0185498e+02 -2.5972752e+00      
2.0117904e+02 -3.5981011e+00      
2.0045022e+02 -4.5479347e+00      
1.9969884e+02 -5.3997279e+00      
1.9902466e+02 -6.1700356e+00      
1.9850385e+02 -6.8440444e+00      
1.9807521e+02 -7.1464828e+00      
1.9755041e+02 -6.5404997e+00      
1.9706619e+02 -5.4389517e+00      
2.0853986e+02 3.2650630e+00      
2.0723160e+02 7.1505137e-01      
2.0616346e+02 -2.5292551e+00      
2.0540297e+02 -6.5927566e+00      
2.0495475e+02 -1.1473510e+01      
2.0426690e+02 -1.6001279e+01      
2.0334651e+02 -2.0092278e+01      
2.0221301e+02 -2.3656219e+01      
2.0084191e+02 -2.6375919e+01      
1.9958019e+02 -2.8613126e+01      
1.9841840e+02 -3.0192510e+01      
1.9740367e+02 -3.1491750e+01      
1.9653256e+02 -3.2595511e+01      
1.9576383e+02 -3.3469098e+01      
1.9507350e+02 -3.4127711e+01      
1.9446622e+02 -3.4584487e+01      
1.9394846e+02 -3.4792080e+01      
1.9349554e+02 -3.4621181e+01      
1.9308105e+02 -3.3979276e+01      
1.9274761e+02 -3.2996224e+01      
2.0461969e+02 -2.4692679e+01      
2.0315840e+02 -2.7229147e+01      
2.0187057e+02 -3.0423613e+01      
2.0079245e+02 -3.4364057e+01      
1.9990362e+02 -3.9045863e+01      
1.9880528e+02 -4.3404461e+01      
1.9747720e+02 -4.7349736e+01      
1.9592359e+02 -5.0754768e+01      
1.9415848e+02 -5.3398414e+01      
1.9248394e+02 -5.5994442e+01      
1.9096673e+02 -5.8290684e+01      
1.8968680e+02 -6.0084806e+01      
1.8868427e+02 -6.1320208e+01      
1.8791366e+02 -6.2075010e+01      
1.8728529e+02 -6.2507313e+01      
1.8674071e+02 -6.2684990e+01      
1.8626110e+02 -6.2564027e+01      
1.8584095e+02 -6.2078665e+01      
1.8548583e+02 -6.1231632e+01      
1.8522293e+02 -6.0134844e+01      
1.9732432e+02 -5.1651475e+01      
1.9570492e+02 -5.4092882e+01      
1.9418310e+02 -5.7110971e+01      
1.9275612e+02 -6.0693156e+01      
1.9136372e+02 -6.4690346e+01      
1.8985961e+02 -6.8706169e+01      
1.8817882e+02 -7.2549974e+01      
1.8630808e+02 -7.6138226e+01      
1.8427944e+02 -7.9491539e+01      
1.8220835e+02 -8.2834604e+01      
1.8025097e+02 -8.5990001e+01      
1.7868159e+02 -8.8309973e+01      
1.7761433e+02 -8.9579572e+01      
1.7696333e+02 -8.9997103e+01      
1.7646295e+02 -9.0133306e+01      
1.7600252e+02 -9.0090004e+01      
1.7557419e+02 -8.9723710e+01      
1.7519118e+02 -8.8938334e+01      
1.7487194e+02 -8.7776438e+01      
1.7463907e+02 -8.6397536e+01      
1.8682691e+02 -7.7226343e+01      
1.8506151e+02 -7.9525360e+01      
1.8332796e+02 -8.2321366e+01      
1.8161051e+02 -8.5561054e+01      
1.7986416e+02 -8.9125785e+01      
1.7802273e+02 -9.2848663e+01      
1.7603379e+02 -9.6611187e+01      
1.7386920e+02 -1.0038349e+02      
1.7152154e+02 -1.0424442e+02      
1.6899280e+02 -1.0840333e+02      
1.6638951e+02 -1.1287728e+02      
1.6447876e+02 -1.1578063e+02      
1.6341593e+02 -1.1697885e+02      
1.6312509e+02 -1.1661496e+02      
1.6282537e+02 -1.1648974e+02      
1.6245512e+02 -1.1640599e+02      
1.6206987e+02 -1.1591061e+02      
1.6171193e+02 -1.1479085e+02      
1.6141062e+02 -1.1315511e+02      
1.6118618e+02 -1.1131614e+02      
1.7334794e+02 -1.0106358e+02      
1.7146098e+02 -1.0320143e+02      
1.6955636e+02 -1.0577772e+02      
1.6762024e+02 -1.0873992e+02      
1.6562332e+02 -1.1200968e+02      
1.6352583e+02 -1.1550026e+02      
1.6128744e+02 -1.1915476e+02      
1.5887028e+02 -1.2298012e+02      
1.5623061e+02 -1.2707435e+02      
1.5329876e+02 -1.3165704e+02      
1.5016450e+02 -1.3667002e+02      
1.4795808e+02 -1.3992777e+02      
1.4688851e+02 -1.4122397e+02      
1.4684678e+02 -1.4084690e+02      
1.4668349e+02 -1.4096681e+02      
1.4635546e+02 -1.4134365e+02      
1.4597631e+02 -1.4094719e+02      
1.4562134e+02 -1.3939092e+02      
1.4532205e+02 -1.3692942e+02      
1.4509769e+02 -1.3439331e+02      
1.5714695e+02 -1.2283494e+02      
1.5516804e+02 -1.2480669e+02      
1.5313570e+02 -1.2717374e+02      
1.5104149e+02 -1.2989251e+02      
1.4886739e+02 -1.3290981e+02      
1.4658773e+02 -1.3617515e+02      
1.4417160e+02 -1.3966122e+02      
1.4158036e+02 -1.4338627e+02      
1.3875470e+02 -1.4743742e+02      
1.3558241e+02 -1.5200150e+02      
1.3211583e+02 -1.5699488e+02      
1.2970844e+02 -1.6034240e+02      
1.2856851e+02 -1.6186844e+02      
1.2858356e+02 -1.6193370e+02      
1.2837440e+02 -1.6279911e+02      
1.2796595e+02 -1.6449089e+02      
1.2751623e+02 -1.6444383e+02      
1.2714927e+02 -1.6235628e+02      
1.2685613e+02 -1.5843364e+02      
1.2664884e+02 -1.5504454e+02      
1.3851717e+02 -1.4223946e+02      
1.3647632e+02 -1.4404447e+02      
1.3435667e+02 -1.4620871e+02      
1.3215584e+02 -1.4869623e+02      
1.2986501e+02 -1.5146741e+02      
1.2746978e+02 -1.5448696e+02      
1.2495064e+02 -1.5773499e+02      
1.2228045e+02 -1.6121883e+02      
1.1941505e+02 -1.6498459e+02      
1.1626041e+02 -1.6913994e+02      
1.1282073e+02 -1.7362236e+02      
1.1037334e+02 -1.7679633e+02      
1.0904768e+02 -1.7858921e+02      
1.0877716e+02 -1.7931966e+02      
1.0822873e+02 -1.8089939e+02      
1.0744716e+02 -1.8328158e+02      
1.0681489e+02 -1.8348182e+02      
1.0644413e+02 -1.8112113e+02      
1.0630941e+02 -1.7655306e+02      
1.0616703e+02 -1.7264425e+02      
1.1778163e+02 -1.5900941e+02      
1.1570678e+02 -1.6064784e+02      
1.1353570e+02 -1.6261156e+02      
1.1127196e+02 -1.6486935e+02      
1.0891508e+02 -1.6738782e+02      
1.0646129e+02 -1.7013575e+02      
1.0390461e+02 -1.7308893e+02      
1.0123786e+02 -1.7623287e+02      
9.8455439e+01 -1.7955823e+02      
9.5570960e+01 -1.8303141e+02      
9.2752239e+01 -1.8642517e+02      
9.0451445e+01 -1.8919066e+02      
8.8829864e+01 -1.9120284e+02      
8.7725220e+01 -1.9280872e+02      
8.6629573e+01 -1.9484128e+02      
8.5381862e+01 -1.9740982e+02      
8.4520183e+01 -1.9767619e+02      
8.4120027e+01 -1.9531800e+02      
8.4135508e+01 -1.9071631e+02      
8.4040406e+01 -1.8674012e+02      
9.5289301e+01 -1.7291653e+02      
9.3205179e+01 -1.7438890e+02      
9.1013431e+01 -1.7615265e+02      
8.8723195e+01 -1.7817915e+02      
8.6341399e+01 -1.8043714e+02      
8.3873923e+01 -1.8289474e+02      
8.1327526e+01 -1.8552044e+02      
7.8713461e+01 -1.8828087e+02      
7.6055767e+01 -1.9113076e+02      
7.3412138e+01 -1.9398657e+02      
7.0909083e+01 -1.9668663e+02      
6.8713961e+01 -1.9903750e+02      
6.6900471e+01 -2.0099113e+02      
6.5378567e+01 -2.0273157e+02      
6.3927022e+01 -2.0463469e+02      
6.2392666e+01 -2.0678211e+02      
6.1364348e+01 -2.0688579e+02      
6.0857762e+01 -2.0477783e+02      
6.0841510e+01 -2.0073444e+02      
6.0679529e+01 -1.9713453e+02      
