2.2284953e+01 2.3296617e+02      
2.1989920e+01 2.3104434e+02      
2.2172556e+01 2.2918062e+02      
2.2738672e+01 2.2739684e+02      
2.3532498e+01 2.2570027e+02      
2.4381969e+01 2.2409444e+02      
2.5191865e+01 2.2260250e+02      
2.5980469e+01 2.2127961e+02      
2.6803501e+01 2.2020324e+02      
2.7620837e+01 2.1944909e+02      
2.8158540e+01 2.1905492e+02      
2.8029978e+01 2.1899984e+02      
2.7725051e+01 2.1928642e+02      
2.7641571e+01 2.1987506e+02      
2.7975673e+01 2.2071326e+02      
2.8817791e+01 2.2176168e+02      
3.0195536e+01 2.2299122e+02      
3.2108094e+01 2.2437267e+02      
3.4546978e+01 2.2586763e+02      
3.7505178e+01 2.2742442e+02      
5.1493638e+01 2.2291271e+02      
5.1576946e+01 2.2097460e+02      
5.2235642e+01 2.1908801e+02      
5.3381344e+01 2.1727708e+02      
5.4763256e+01 2.1552689e+02      
5.6023057e+01 2.1379575e+02      
5.6995572e+01 2.1208754e+02      
5.7828635e+01 2.1048082e+02      
5.8809264e+01 2.0910717e+02      
5.9972398e+01 2.0809761e+02      
6.0853062e+01 2.0754434e+02      
5.9820024e+01 2.0732013e+02      
5.8592730e+01 2.0750537e+02      
5.7758410e+01 2.0799306e+02      
5.7528378e+01 2.0869773e+02      
5.7940627e+01 2.0958165e+02      
5.8964361e+01 2.1063261e+02      
6.0554799e+01 2.1183806e+02      
6.2677535e+01 2.1316777e+02      
6.5314757e+01 2.1456719e+02      
7.9296169e+01 2.0932755e+02      
7.9765476e+01 2.0736143e+02      
8.0959404e+01 2.0545322e+02      
8.2910616e+01 2.0365665e+02      
8.5299216e+01 2.0194272e+02      
8.7123571e+01 2.0011085e+02      
8.8077807e+01 1.9813416e+02      
8.8563548e+01 1.9612198e+02      
8.9597433e+01 1.9434649e+02      
9.1161335e+01 1.9300129e+02      
9.1531353e+01 1.9222281e+02      
9.0367273e+01 1.9195927e+02      
8.8058517e+01 1.9215696e+02      
8.6337372e+01 1.9261850e+02      
8.5521166e+01 1.9321180e+02      
8.5537227e+01 1.9392490e+02      
8.6238940e+01 1.9479027e+02      
8.7517341e+01 1.9582972e+02      
8.9307382e+01 1.9702844e+02      
9.1585470e+01 1.9832468e+02      
1.0518064e+02 1.9243652e+02      
1.0597209e+02 1.9041601e+02      
1.0762211e+02 1.8845724e+02      
1.1043862e+02 1.8667213e+02      
1.1455707e+02 1.8515121e+02      
1.1702394e+02 1.8322467e+02      
1.1774468e+02 1.8095792e+02      
1.1700727e+02 1.7839768e+02      
1.1794554e+02 1.7616487e+02      
1.1890574e+02 1.7454477e+02      
1.1882460e+02 1.7362547e+02      
1.1744326e+02 1.7335998e+02      
1.1507223e+02 1.7359851e+02      
1.1255388e+02 1.7410379e+02      
1.1133531e+02 1.7455882e+02      
1.1110607e+02 1.7505181e+02      
1.1158383e+02 1.7569160e+02      
1.1259480e+02 1.7656133e+02      
1.1404483e+02 1.7767413e+02      
1.1592035e+02 1.7894770e+02      
1.2869203e+02 1.7252058e+02      
1.2967187e+02 1.7040631e+02      
1.3149333e+02 1.6833050e+02      
1.3446347e+02 1.6638366e+02      
1.3872538e+02 1.6458711e+02      
1.4130706e+02 1.6248037e+02      
1.4212819e+02 1.6006972e+02      
1.4133925e+02 1.5747522e+02      
1.4164858e+02 1.5522218e+02      
1.4248041e+02 1.5339181e+02      
1.4205737e+02 1.5243615e+02      
1.4030218e+02 1.5227610e+02      
1.3760596e+02 1.5263999e+02      
1.3554752e+02 1.5292663e+02      
1.3445060e+02 1.5310661e+02      
1.3422748e+02 1.5326582e+02      
1.3464799e+02 1.5357635e+02      
1.3547074e+02 1.5424446e+02      
1.3656585e+02 1.5534187e+02      
1.3796361e+02 1.5673055e+02      
1.4947203e+02 1.4991657e+02      
1.5050769e+02 1.4766963e+02      
1.5221587e+02 1.4542214e+02      
1.5461709e+02 1.4322515e+02      
1.5738571e+02 1.4105645e+02      
1.5952812e+02 1.3877719e+02      
1.6080694e+02 1.3631893e+02      
1.6161696e+02 1.3373524e+02      
1.6196837e+02 1.3164415e+02      
1.6196378e+02 1.3013688e+02      
1.6111568e+02 1.2931028e+02      
1.5895233e+02 1.2936460e+02      
1.5686983e+02 1.2947369e+02      
1.5533850e+02 1.2945946e+02      
1.5456172e+02 1.2927055e+02      
1.5457902e+02 1.2892279e+02      
1.5520974e+02 1.2864867e+02      
1.5596419e+02 1.2902548e+02      
1.5665131e+02 1.3023613e+02      
1.5738560e+02 1.3203105e+02      
1.6726348e+02 1.2501049e+02      
1.6829653e+02 1.2260000e+02      
1.6981759e+02 1.2015844e+02      
1.7170687e+02 1.1773734e+02      
1.7368913e+02 1.1535192e+02      
1.7540597e+02 1.1297888e+02      
1.7675387e+02 1.1057572e+02      
1.7789338e+02 1.0815244e+02      
1.7818496e+02 1.0632298e+02      
1.7770041e+02 1.0515322e+02      
1.7630309e+02 1.0471054e+02      
1.7460804e+02 1.0454700e+02      
1.7303716e+02 1.0441011e+02      
1.7190241e+02 1.0412836e+02      
1.7141694e+02 1.0357314e+02      
1.7176675e+02 1.0259895e+02      
1.7298516e+02 1.0126969e+02      
1.7376478e+02 1.0125926e+02      
1.7400298e+02 1.0272145e+02      
1.7374206e+02 1.0543722e+02      
1.8187812e+02 9.8226708e+01      
1.8293000e+02 9.5623248e+01      
1.8434261e+02 9.2970390e+01      
1.8596100e+02 9.0346068e+01      
1.8757153e+02 8.7813752e+01      
1.8896220e+02 8.5417051e+01      
1.9001384e+02 8.3191296e+01      
1.9064150e+02 8.1229529e+01      
1.9063184e+02 7.9745557e+01      
1.8995803e+02 7.8806634e+01      
1.8873606e+02 7.8339091e+01      
1.8732269e+02 7.8089837e+01      
1.8602580e+02 7.7845187e+01      
1.8509660e+02 7.7424180e+01      
1.8474653e+02 7.6643101e+01      
1.8518333e+02 7.5267724e+01      
1.8640337e+02 7.3375963e+01      
1.8706718e+02 7.3121170e+01      
1.8701997e+02 7.4744059e+01      
1.8637377e+02 7.7935666e+01      
1.9316114e+02 7.0020963e+01      
1.9430390e+02 6.7185763e+01      
1.9573972e+02 6.4282964e+01      
1.9728449e+02 6.1432421e+01      
1.9873001e+02 5.8751609e+01      
1.9989106e+02 5.6339345e+01      
2.0063266e+02 5.4277659e+01      
2.0085787e+02 5.2645832e+01      
2.0050592e+02 5.1506354e+01      
1.9961395e+02 5.0843604e+01      
1.9834526e+02 5.0538413e+01      
1.9695660e+02 5.0398162e+01      
1.9570214e+02 5.0227126e+01      
1.9478839e+02 4.9848621e+01      
1.9438433e+02 4.9075907e+01      
1.9464543e+02 4.7654958e+01      
1.9553163e+02 4.5645603e+01      
1.9595209e+02 4.5341023e+01      
1.9575927e+02 4.6981415e+01      
1.9506888e+02 5.0256904e+01      
2.0096889e+02 4.0881245e+01      
2.0230511e+02 3.7758693e+01      
2.0393293e+02 3.4527513e+01      
2.0559563e+02 3.1375661e+01      
2.0704354e+02 2.8490556e+01      
2.0808846e+02 2.6022127e+01      
2.0859928e+02 2.4078625e+01      
2.0849833e+02 2.2723456e+01      
2.0777373e+02 2.1960081e+01      
2.0651395e+02 2.1705422e+01      
2.0493738e+02 2.1777725e+01      
2.0333720e+02 2.1945556e+01      
2.0194157e+02 2.2021737e+01      
2.0089330e+02 2.1868834e+01      
2.0029128e+02 2.1354859e+01      
2.0021068e+02 2.0296080e+01      
2.0059362e+02 1.8706533e+01      
2.0070588e+02 1.8580563e+01      
2.0044123e+02 2.0057255e+01      
1.9987928e+02 2.2930972e+01      
2.0514792e+02 1.1337655e+01      
2.0679404e+02 7.8589261e+00      
2.0887902e+02 4.1440156e+00      
2.1088600e+02 5.5008295e-01      
2.1249969e+02 -2.6435402e+00      
2.1354174e+02 -5.2372745e+00      
2.1389277e+02 -7.0974782e+00      
2.1348585e+02 -8.1634506e+00      
2.1231814e+02 -8.4587025e+00      
2.1048883e+02 -8.1144447e+00      
2.0829742e+02 -7.4091600e+00      
2.0628798e+02 -6.7534427e+00      
2.0463907e+02 -6.3022234e+00      
2.0337670e+02 -6.1024631e+00      
2.0251323e+02 -6.1878467e+00      
2.0203385e+02 -6.5542432e+00      
2.0182095e+02 -6.9485200e+00      
2.0161075e+02 -6.6843254e+00      
2.0129981e+02 -5.5438932e+00      
2.0097153e+02 -3.8013391e+00      
2.0551780e+02 -1.8027962e+01      
2.0744725e+02 -2.1852841e+01      
2.1030479e+02 -2.6250668e+01      
2.1285816e+02 -3.0465483e+01      
2.1478634e+02 -3.4110131e+01      
2.1592693e+02 -3.6915963e+01      
2.1618177e+02 -3.8721733e+01      
2.1548693e+02 -3.9461960e+01      
2.1380693e+02 -3.9158266e+01      
2.1121451e+02 -3.7980798e+01      
2.0805983e+02 -3.6345640e+01      
2.0561327e+02 -3.5134887e+01      
2.0371873e+02 -3.4275124e+01      
2.0224680e+02 -3.3689284e+01      
2.0114184e+02 -3.3329879e+01      
2.0034799e+02 -3.3111454e+01      
1.9977540e+02 -3.2847543e+01      
1.9931540e+02 -3.2294165e+01      
1.9891323e+02 -3.1355336e+01      
1.9860202e+02 -3.0173957e+01      
2.0196363e+02 -4.6637557e+01      
2.0377143e+02 -5.0575018e+01      
2.0629958e+02 -5.5048218e+01      
2.0935653e+02 -5.9932440e+01      
2.1168513e+02 -6.4151639e+01      
2.1300334e+02 -6.7240297e+01      
2.1322615e+02 -6.8999063e+01      
2.1230801e+02 -6.9376963e+01      
2.1016166e+02 -6.8384026e+01      
2.0679671e+02 -6.6191302e+01      
2.0370211e+02 -6.4196445e+01      
2.0118189e+02 -6.2634605e+01      
1.9916815e+02 -6.1436634e+01      
1.9755644e+02 -6.0512578e+01      
1.9627706e+02 -5.9786647e+01      
1.9527078e+02 -5.9170705e+01      
1.9447483e+02 -5.8551376e+01      
1.9383074e+02 -5.7821671e+01      
1.9330706e+02 -5.6947930e+01      
1.9291098e+02 -5.6003106e+01      
1.9459340e+02 -7.4016981e+01      
1.9608117e+02 -7.7928621e+01      
1.9810919e+02 -8.2309422e+01      
2.0064407e+02 -8.7120692e+01      
2.0334602e+02 -9.2019198e+01      
2.0484292e+02 -9.5415931e+01      
2.0508196e+02 -9.7119373e+01      
2.0403852e+02 -9.7099389e+01      
2.0169349e+02 -9.5470896e+01      
1.9836004e+02 -9.2777845e+01      
1.9547417e+02 -9.0553056e+01      
1.9307584e+02 -8.8787370e+01      
1.9107759e+02 -8.7357514e+01      
1.8941609e+02 -8.6180263e+01      
1.8803895e+02 -8.5183974e+01      
1.8690010e+02 -8.4298354e+01      
1.8595654e+02 -8.3454180e+01      
1.8517214e+02 -8.2599631e+01      
1.8452549e+02 -8.1725102e+01      
1.8401333e+02 -8.0874399e+01      
1.8366054e+02 -9.9768442e+01      
1.8474711e+02 -1.0358106e+02      
1.8622256e+02 -1.0779554e+02      
1.8815579e+02 -1.1242197e+02      
1.9051221e+02 -1.1736649e+02      
1.9201431e+02 -1.2093557e+02      
1.9232735e+02 -1.2258683e+02      
1.9127796e+02 -1.2214673e+02      
1.8881663e+02 -1.1974804e+02      
1.8615004e+02 -1.1722998e+02      
1.8368987e+02 -1.1504440e+02      
1.8152325e+02 -1.1320715e+02      
1.7963569e+02 -1.1164874e+02      
1.7800177e+02 -1.1030643e+02      
1.7659387e+02 -1.0912529e+02      
1.7538402e+02 -1.0805594e+02      
1.7434540e+02 -1.0705686e+02      
1.7345519e+02 -1.0610281e+02      
1.7269791e+02 -1.0519478e+02      
1.7206660e+02 -1.0436371e+02      
1.6948134e+02 -1.2352932e+02      
1.7011005e+02 -1.2719644e+02      
1.7095642e+02 -1.3119567e+02      
1.7209839e+02 -1.3542488e+02      
1.7356886e+02 -1.3964789e+02      
1.7507591e+02 -1.4338553e+02      
1.7559769e+02 -1.4502620e+02      
1.7480109e+02 -1.4429107e+02      
1.7280170e+02 -1.4176206e+02      
1.7071515e+02 -1.3941690e+02      
1.6870532e+02 -1.3736884e+02      
1.6682457e+02 -1.3556297e+02      
1.6510363e+02 -1.3396252e+02      
1.6355092e+02 -1.3253061e+02      
1.6216254e+02 -1.3123290e+02      
1.6092806e+02 -1.3003960e+02      
1.5983422e+02 -1.2892851e+02      
1.5886790e+02 -1.2788980e+02      
1.5801840e+02 -1.2693050e+02      
1.5727814e+02 -1.2607571e+02      
1.5243158e+02 -1.4496496e+02      
1.5258027e+02 -1.4846168e+02      
1.5270551e+02 -1.5227704e+02      
1.5290217e+02 -1.5623119e+02      
1.5356216e+02 -1.5983040e+02      
1.5465542e+02 -1.6271588e+02      
1.5563001e+02 -1.6432593e+02      
1.5519607e+02 -1.6307364e+02      
1.5400945e+02 -1.6110513e+02      
1.5251525e+02 -1.5912774e+02      
1.5092169e+02 -1.5728177e+02      
1.4932837e+02 -1.5557303e+02      
1.4779450e+02 -1.5399309e+02      
1.4635227e+02 -1.5252866e+02      
1.4501632e+02 -1.5116509e+02      
1.4379043e+02 -1.4988967e+02      
1.4267211e+02 -1.4869477e+02      
1.4165579e+02 -1.4758106e+02      
1.4073482e+02 -1.4655998e+02      
1.3990244e+02 -1.4565418e+02      
1.3294038e+02 -1.6376713e+02      
1.3267365e+02 -1.6705174e+02      
1.3209247e+02 -1.7070842e+02      
1.3106759e+02 -1.7471600e+02      
1.3101414e+02 -1.7785169e+02      
1.3191290e+02 -1.7995937e+02      
1.3350885e+02 -1.8074633e+02      
1.3365748e+02 -1.7939581e+02      
1.3302916e+02 -1.7780502e+02      
1.3199510e+02 -1.7618647e+02      
1.3074804e+02 -1.7457254e+02      
1.2941020e+02 -1.7299694e+02      
1.2805710e+02 -1.7147634e+02      
1.2673462e+02 -1.7001761e+02      
1.2546916e+02 -1.6862295e+02      
1.2427422e+02 -1.6729373e+02      
1.2315502e+02 -1.6603364e+02      
1.2211148e+02 -1.6485122e+02      
1.2114030e+02 -1.6376154e+02      
1.2023596e+02 -1.6278651e+02      
1.1144863e+02 -1.7967348e+02      
1.1094591e+02 -1.8265662e+02      
1.1006993e+02 -1.8592415e+02      
1.0868218e+02 -1.8941978e+02      
1.0828587e+02 -1.9201310e+02      
1.0887511e+02 -1.9349580e+02      
1.1025649e+02 -1.9359145e+02      
1.1066737e+02 -1.9286555e+02      
1.1033967e+02 -1.9174705e+02      
1.0959056e+02 -1.9045407e+02      
1.0859273e+02 -1.8906534e+02      
1.0745879e+02 -1.8763241e+02      
1.0626366e+02 -1.8618912e+02      
1.0505658e+02 -1.8475756e+02      
1.0386884e+02 -1.8335298e+02      
1.0271906e+02 -1.8198771e+02      
1.0161702e+02 -1.8067410e+02      
1.0056622e+02 -1.7942668e+02      
9.9565716e+01 -1.7826354e+02      
9.8611141e+01 -1.7720666e+02      
8.8350048e+01 -1.9250044e+02      
8.7796345e+01 -1.9511228e+02      
8.7056270e+01 -1.9780813e+02      
8.6251539e+01 -2.0038804e+02      
8.5866075e+01 -2.0240030e+02      
8.6017373e+01 -2.0359118e+02      
8.6457165e+01 -2.0390289e+02      
8.6597963e+01 -2.0357579e+02      
8.6310681e+01 -2.0282562e+02      
8.5694190e+01 -2.0180562e+02      
8.4852174e+01 -2.0061348e+02      
8.3867209e+01 -1.9931309e+02      
8.2801065e+01 -1.9794874e+02      
8.1698107e+01 -1.9655236e+02      
8.0588857e+01 -1.9514824e+02      
7.9493103e+01 -1.9375653e+02      
7.8422412e+01 -1.9239587e+02      
7.7382064e+01 -1.9108519e+02      
7.6372456e+01 -1.8984492e+02      
7.5390028e+01 -1.8869737e+02      
