2.5509159e+01 2.2869645e+02      
2.4124724e+01 2.2679517e+02      
2.2853081e+01 2.2496603e+02      
2.1648450e+01 2.2329960e+02      
2.0430442e+01 2.2190452e+02      
1.8949742e+01 2.2088914e+02      
1.6367326e+01 2.2025070e+02      
1.4150497e+01 2.1994811e+02      
1.2461229e+01 2.1996288e+02      
1.1231974e+01 2.2030327e+02      
1.0296707e+01 2.2094633e+02      
9.4150349e+00 2.2182220e+02      
8.8449065e+00 2.2300026e+02      
8.7731560e+00 2.2449832e+02      
9.2822186e+00 2.2628907e+02      
1.0425109e+01 2.2833456e+02      
1.2232534e+01 2.3059035e+02      
1.4717487e+01 2.3300514e+02      
1.7880461e+01 2.3551959e+02      
2.1714129e+01 2.3806527e+02      
5.6276171e+01 2.1820963e+02      
5.5279183e+01 2.1608810e+02      
5.4347776e+01 2.1397759e+02      
5.3465204e+01 2.1198683e+02      
5.2496738e+01 2.1028230e+02      
5.0459594e+01 2.0908481e+02      
4.7369284e+01 2.0837759e+02      
4.4814125e+01 2.0794613e+02      
4.2957760e+01 2.0779042e+02      
4.1708628e+01 2.0796757e+02      
4.0862468e+01 2.0850258e+02      
3.9340769e+01 2.0907886e+02      
3.8201918e+01 2.1002819e+02      
3.7630191e+01 2.1134004e+02      
3.7687835e+01 2.1296538e+02      
3.8424222e+01 2.1486037e+02      
3.9861494e+01 2.1697991e+02      
4.2001204e+01 2.1927397e+02      
4.4832488e+01 2.2168350e+02      
4.8339149e+01 2.2413734e+02      
8.6013637e+01 2.0435688e+02      
8.5520352e+01 2.0195608e+02      
8.4897019e+01 1.9951117e+02      
8.4237560e+01 1.9711195e+02      
8.2739338e+01 1.9515235e+02      
8.0212762e+01 1.9377070e+02      
7.6810966e+01 1.9298000e+02      
7.4077595e+01 1.9238755e+02      
7.2180616e+01 1.9200991e+02      
7.0968981e+01 1.9193766e+02      
6.9995857e+01 1.9220395e+02      
6.8107597e+01 1.9260878e+02      
6.6400411e+01 1.9338197e+02      
6.5260822e+01 1.9453183e+02      
6.4816488e+01 1.9600933e+02      
6.5114068e+01 1.9776823e+02      
6.6158323e+01 1.9976728e+02      
6.7931027e+01 2.0196266e+02      
7.0402985e+01 2.0430005e+02      
7.3543862e+01 2.0670770e+02      
1.1423701e+02 1.8750152e+02      
1.1440632e+02 1.8476925e+02      
1.1379943e+02 1.8201369e+02      
1.1255748e+02 1.7932165e+02      
1.1051561e+02 1.7703953e+02      
1.0764178e+02 1.7538559e+02      
1.0410930e+02 1.7441562e+02      
1.0133843e+02 1.7357530e+02      
9.9519617e+01 1.7289110e+02      
9.8537179e+01 1.7248399e+02      
9.7217976e+01 1.7241619e+02      
9.5280580e+01 1.7267484e+02      
9.2939988e+01 1.7330267e+02      
9.1157895e+01 1.7432613e+02      
9.0174503e+01 1.7567813e+02      
9.0027382e+01 1.7731288e+02      
9.0682020e+01 1.7920229e+02      
9.2090398e+01 1.8131728e+02      
9.4196096e+01 1.8361632e+02      
9.6944052e+01 1.8603328e+02      
1.4053418e+02 1.6812059e+02      
1.4077551e+02 1.6544689e+02      
1.3979927e+02 1.6246082e+02      
1.3791478e+02 1.5924758e+02      
1.3529922e+02 1.5651549e+02      
1.3224866e+02 1.5440318e+02      
1.2876554e+02 1.5307876e+02      
1.2606976e+02 1.5186246e+02      
1.2431079e+02 1.5076392e+02      
1.2319809e+02 1.4994041e+02      
1.2163821e+02 1.4955687e+02      
1.1960322e+02 1.4960771e+02      
1.1721331e+02 1.5010389e+02      
1.1476483e+02 1.5105030e+02      
1.1326943e+02 1.5229249e+02      
1.1271750e+02 1.5380314e+02      
1.1302031e+02 1.5558018e+02      
1.1409963e+02 1.5762098e+02      
1.1586527e+02 1.5990852e+02      
1.1821072e+02 1.6240031e+02      
1.6481921e+02 1.4640646e+02      
1.6541293e+02 1.4375443e+02      
1.6375842e+02 1.4064930e+02      
1.6000080e+02 1.3721523e+02      
1.5661254e+02 1.3409133e+02      
1.5364158e+02 1.3127479e+02      
1.5040524e+02 1.2934408e+02      
1.4782735e+02 1.2764758e+02      
1.4619019e+02 1.2603494e+02      
1.4456107e+02 1.2486227e+02      
1.4267242e+02 1.2418859e+02      
1.4050522e+02 1.2399855e+02      
1.3808188e+02 1.2429928e+02      
1.3547411e+02 1.2511801e+02      
1.3364952e+02 1.2623458e+02      
1.3277459e+02 1.2759914e+02      
1.3279737e+02 1.2923530e+02      
1.3361870e+02 1.3118546e+02      
1.3512808e+02 1.3346395e+02      
1.3712795e+02 1.3608112e+02      
1.8432718e+02 1.2198835e+02      
1.8516554e+02 1.1922816e+02      
1.8316393e+02 1.1610110e+02      
1.7864459e+02 1.1274452e+02      
1.7478715e+02 1.0949118e+02      
1.7161852e+02 1.0640002e+02      
1.6881350e+02 1.0354807e+02      
1.6613697e+02 1.0143340e+02      
1.6418768e+02 9.9401040e+01      
1.6211972e+02 9.7912628e+01      
1.5991171e+02 9.6973787e+01      
1.5761676e+02 9.6527433e+01      
1.5527617e+02 9.6540846e+01      
1.5297626e+02 9.7014322e+01      
1.5093545e+02 9.7955451e+01      
1.4983529e+02 9.9111489e+01      
1.4968004e+02 1.0053038e+02      
1.5033843e+02 1.0234265e+02      
1.5167880e+02 1.0462124e+02      
1.5348175e+02 1.0741988e+02      
1.9866656e+02 9.5624957e+01      
1.9955702e+02 9.2685806e+01      
1.9762531e+02 8.9548046e+01      
1.9322318e+02 8.6335496e+01      
1.8953612e+02 8.3030077e+01      
1.8645923e+02 7.9759046e+01      
1.8343739e+02 7.6647317e+01      
1.8073786e+02 7.3789975e+01      
1.7811872e+02 7.1485809e+01      
1.7554984e+02 6.9770822e+01      
1.7303732e+02 6.8623890e+01      
1.7062649e+02 6.7947121e+01      
1.6837518e+02 6.7644294e+01      
1.6636323e+02 6.7668255e+01      
1.6469764e+02 6.8047904e+01      
1.6354949e+02 6.8830892e+01      
1.6340758e+02 6.9810968e+01      
1.6395952e+02 7.1460613e+01      
1.6507264e+02 7.3859850e+01      
1.6552216e+02 7.8014707e+01      
2.0761032e+02 6.8206928e+01      
2.0832890e+02 6.5121582e+01      
2.0685305e+02 6.1906805e+01      
2.0342902e+02 5.8681873e+01      
2.0065351e+02 5.5214634e+01      
1.9820028e+02 5.1727452e+01      
1.9463531e+02 4.8423441e+01      
1.9112400e+02 4.5387500e+01      
1.8783951e+02 4.2827839e+01      
1.8479499e+02 4.0937575e+01      
1.8199248e+02 3.9699455e+01      
1.7946465e+02 3.8890048e+01      
1.7726906e+02 3.8312347e+01      
1.7549702e+02 3.7834552e+01      
1.7423596e+02 3.7456594e+01      
1.7354961e+02 3.7421188e+01      
1.7372916e+02 3.7567008e+01      
1.7403206e+02 3.9256242e+01      
1.7427706e+02 4.2639722e+01      
1.7407869e+02 4.7824708e+01      
2.1111643e+02 4.0531477e+01      
2.1143709e+02 3.7405087e+01      
2.1070507e+02 3.4021711e+01      
2.0930186e+02 3.0402780e+01      
2.0794033e+02 2.6579486e+01      
2.0566912e+02 2.2831060e+01      
2.0228349e+02 1.9261789e+01      
1.9805101e+02 1.5940959e+01      
1.9416503e+02 1.2925389e+01      
1.9070147e+02 1.0902009e+01      
1.8761837e+02 9.8799188e+00      
1.8496196e+02 9.1380471e+00      
1.8276833e+02 8.4129518e+00      
1.8112960e+02 7.5665386e+00      
1.8020878e+02 6.3365896e+00      
1.7961986e+02 5.9200840e+00      
1.7946378e+02 6.2112071e+00      
1.7943688e+02 8.0523771e+00      
1.7928782e+02 1.1937748e+01      
1.7890994e+02 1.7739432e+01      
2.1168872e+02 1.2603197e+01      
2.1170143e+02 9.4664603e+00      
2.1142631e+02 5.9451784e+00      
2.1123814e+02 1.9831412e+00      
2.1032700e+02 -2.0969582e+00      
2.0832427e+02 -6.0849182e+00      
2.0516403e+02 -9.9147360e+00      
2.0112774e+02 -1.3760164e+01      
1.9687839e+02 -1.7788654e+01      
1.9316276e+02 -1.9953135e+01      
1.8983902e+02 -2.0188937e+01      
1.8708796e+02 -2.0771716e+01      
1.8485661e+02 -2.1566410e+01      
1.8314128e+02 -2.2317518e+01      
1.8194282e+02 -2.2888174e+01      
1.8116867e+02 -2.3071778e+01      
1.8083662e+02 -2.3115499e+01      
1.8058657e+02 -2.1432308e+01      
1.8031183e+02 -1.7505872e+01      
1.8000029e+02 -1.1502205e+01      
2.0926854e+02 -1.5156273e+01      
2.0900991e+02 -1.8256339e+01      
2.0865193e+02 -2.1758777e+01      
2.0829363e+02 -2.5687474e+01      
2.0782209e+02 -3.0005060e+01      
2.0614365e+02 -3.4174632e+01      
2.0314024e+02 -3.8065485e+01      
1.9911676e+02 -4.1916880e+01      
1.9525375e+02 -4.6264479e+01      
1.9167459e+02 -4.8694687e+01      
1.8847121e+02 -4.9230877e+01      
1.8575718e+02 -5.0196666e+01      
1.8351876e+02 -5.1286306e+01      
1.8169893e+02 -5.1934113e+01      
1.8025865e+02 -5.1864170e+01      
1.7918685e+02 -5.1169297e+01      
1.7847688e+02 -5.0162420e+01      
1.7802691e+02 -4.8760233e+01      
1.7769424e+02 -4.5163703e+01      
1.7752596e+02 -3.9359996e+01      
2.0368102e+02 -4.2286424e+01      
2.0314576e+02 -4.5295339e+01      
2.0252068e+02 -4.8681459e+01      
2.0180429e+02 -5.2439279e+01      
2.0091837e+02 -5.6537278e+01      
1.9954820e+02 -6.0818215e+01      
1.9668389e+02 -6.4577794e+01      
1.9343042e+02 -6.8423093e+01      
1.9003423e+02 -7.2045383e+01      
1.8666369e+02 -7.4718668e+01      
1.8360692e+02 -7.6677531e+01      
1.8101302e+02 -7.8724479e+01      
1.7887193e+02 -8.0695802e+01      
1.7701063e+02 -8.1503949e+01      
1.7537147e+02 -8.0721053e+01      
1.7397998e+02 -7.8651410e+01      
1.7295514e+02 -7.6252427e+01      
1.7226170e+02 -7.3745422e+01      
1.7181711e+02 -7.0658982e+01      
1.7173834e+02 -6.5451050e+01      
1.9495633e+02 -6.8366266e+01      
1.9416751e+02 -7.1243457e+01      
1.9327385e+02 -7.4463016e+01      
1.9223834e+02 -7.7999313e+01      
1.9098676e+02 -8.1806474e+01      
1.8934478e+02 -8.5767464e+01      
1.8712503e+02 -8.9722534e+01      
1.8467519e+02 -9.3760596e+01      
1.8168241e+02 -9.7179301e+01      
1.7833688e+02 -9.9851715e+01      
1.7536533e+02 -1.0258562e+02      
1.7290390e+02 -1.0582557e+02      
1.7101026e+02 -1.0956081e+02      
1.6915185e+02 -1.1077700e+02      
1.6735839e+02 -1.0915996e+02      
1.6560665e+02 -1.0497704e+02      
1.6436341e+02 -1.0112895e+02      
1.6353019e+02 -9.7595490e+01      
1.6303257e+02 -9.3896540e+01      
1.6288137e+02 -8.9642855e+01      
1.8322823e+02 -9.3005896e+01      
1.8222705e+02 -9.5724146e+01      
1.8110999e+02 -9.8749650e+01      
1.7984076e+02 -1.0205050e+02      
1.7836940e+02 -1.0558406e+02      
1.7664129e+02 -1.0930040e+02      
1.7468617e+02 -1.1320019e+02      
1.7259967e+02 -1.1724926e+02      
1.6989623e+02 -1.2060490e+02      
1.6673448e+02 -1.2330203e+02      
1.6386798e+02 -1.2638902e+02      
1.6142660e+02 -1.3028677e+02      
1.5941670e+02 -1.3481563e+02      
1.5750482e+02 -1.3623875e+02      
1.5571123e+02 -1.3410108e+02      
1.5404445e+02 -1.2885305e+02      
1.5278597e+02 -1.2411664e+02      
1.5190234e+02 -1.1998283e+02      
1.5134978e+02 -1.1604332e+02      
1.5111756e+02 -1.1213979e+02      
1.6869197e+02 -1.1584434e+02      
1.6752350e+02 -1.1838567e+02      
1.6623519e+02 -1.2120033e+02      
1.6480209e+02 -1.2425564e+02      
1.6320009e+02 -1.2751640e+02      
1.6142072e+02 -1.3095552e+02      
1.5950651e+02 -1.3458740e+02      
1.5749641e+02 -1.3838755e+02      
1.5498734e+02 -1.4160225e+02      
1.5209035e+02 -1.4429791e+02      
1.4937243e+02 -1.4743819e+02      
1.4690714e+02 -1.5138806e+02      
1.4467404e+02 -1.5594732e+02      
1.4269176e+02 -1.5730062e+02      
1.4099120e+02 -1.5500127e+02      
1.3958635e+02 -1.4952020e+02      
1.3843174e+02 -1.4457877e+02      
1.3755134e+02 -1.4031456e+02      
1.3695728e+02 -1.3639410e+02      
1.3665115e+02 -1.3268953e+02      
1.5158788e+02 -1.3655167e+02      
1.5029351e+02 -1.3890425e+02      
1.4887936e+02 -1.4149631e+02      
1.4733116e+02 -1.4429432e+02      
1.4563856e+02 -1.4726285e+02      
1.4380137e+02 -1.5036772e+02      
1.4183155e+02 -1.5357314e+02      
1.3970826e+02 -1.5677153e+02      
1.3733719e+02 -1.5972593e+02      
1.3478642e+02 -1.6248443e+02      
1.3226230e+02 -1.6540653e+02      
1.2983944e+02 -1.6880818e+02      
1.2749805e+02 -1.7259754e+02      
1.2550868e+02 -1.7358028e+02      
1.2389420e+02 -1.7147992e+02      
1.2268498e+02 -1.6661467e+02      
1.2161255e+02 -1.6212687e+02      
1.2074136e+02 -1.5812058e+02      
1.2011407e+02 -1.5440331e+02      
1.1974159e+02 -1.5091322e+02      
1.3219437e+02 -1.5483290e+02      
1.3080953e+02 -1.5698976e+02      
1.2930661e+02 -1.5935196e+02      
1.2767923e+02 -1.6188438e+02      
1.2592408e+02 -1.6454834e+02      
1.2404234e+02 -1.6730025e+02      
1.2203658e+02 -1.7008437e+02      
1.1990131e+02 -1.7281884e+02      
1.1763519e+02 -1.7542176e+02      
1.1528617e+02 -1.7789596e+02      
1.1294114e+02 -1.8031846e+02      
1.1066664e+02 -1.8269821e+02      
1.0852340e+02 -1.8461675e+02      
1.0663016e+02 -1.8496561e+02      
1.0503979e+02 -1.8337042e+02      
1.0374344e+02 -1.8023442e+02      
1.0265819e+02 -1.7667806e+02      
1.0177728e+02 -1.7315979e+02      
1.0111805e+02 -1.6976078e+02      
1.0068715e+02 -1.6651750e+02      
1.1082342e+02 -1.7043208e+02      
1.0937769e+02 -1.7239062e+02      
1.0781643e+02 -1.7452071e+02      
1.0613922e+02 -1.7678604e+02      
1.0434776e+02 -1.7914587e+02      
1.0244645e+02 -1.8155369e+02      
1.0044175e+02 -1.8395481e+02      
9.8342505e+01 -1.8628704e+02      
9.6167324e+01 -1.8849357e+02      
9.3954951e+01 -1.9053801e+02      
9.1760320e+01 -1.9238228e+02      
8.9640676e+01 -1.9390915e+02      
8.7655141e+01 -1.9482277e+02      
8.5864121e+01 -1.9472451e+02      
8.4305397e+01 -1.9344298e+02      
8.2982758e+01 -1.9118016e+02      
8.1878393e+01 -1.8836660e+02      
8.0982659e+01 -1.8534211e+02      
8.0295813e+01 -1.8228445e+02      
7.9816817e+01 -1.7929379e+02      
8.7816002e+01 -1.8313575e+02      
8.6333904e+01 -1.8489728e+02      
8.4739610e+01 -1.8679776e+02      
8.3037436e+01 -1.8880065e+02      
8.1233435e+01 -1.9086502e+02      
7.9335990e+01 -1.9294498e+02      
7.7356384e+01 -1.9498939e+02      
7.5310290e+01 -1.9694335e+02      
7.3220987e+01 -1.9875174e+02      
7.1122035e+01 -2.0035862e+02      
6.9055542e+01 -2.0169205e+02      
6.7067338e+01 -2.0263544e+02      
6.5203278e+01 -2.0301514e+02      
6.3504375e+01 -2.0265620e+02      
6.1998684e+01 -2.0149277e+02      
6.0697263e+01 -1.9962433e+02      
5.9599122e+01 -1.9726165e+02      
5.8700306e+01 -1.9461927e+02      
5.7997185e+01 -1.9185923e+02      
5.7484279e+01 -1.8909658e+02      
