1.4652332e+01 2.3418164e+02      
1.5491503e+01 2.3154093e+02      
1.7087262e+01 2.2918188e+02      
1.9075275e+01 2.2699571e+02      
2.0612309e+01 2.2457794e+02      
2.1671115e+01 2.2218843e+02      
2.2104529e+01 2.1993586e+02      
2.1870319e+01 2.1788297e+02      
2.1154900e+01 2.1614956e+02      
2.0162493e+01 2.1481480e+02      
1.9078026e+01 2.1390869e+02      
1.8113228e+01 2.1344962e+02      
1.7480944e+01 2.1345231e+02      
1.7334820e+01 2.1391630e+02      
1.7750455e+01 2.1482155e+02      
1.8744299e+01 2.1613416e+02      
2.0293915e+01 2.1781185e+02      
2.2354894e+01 2.1980543e+02      
2.4883129e+01 2.2205632e+02      
2.7859756e+01 2.2449294e+02      
4.3043053e+01 2.2292376e+02      
4.4584003e+01 2.2021706e+02      
4.7249383e+01 2.1795610e+02      
5.1024986e+01 2.1628457e+02      
5.3392035e+01 2.1358254e+02      
5.5216603e+01 2.1102863e+02      
5.5871549e+01 2.0849221e+02      
5.5269713e+01 2.0601720e+02      
5.4053448e+01 2.0393668e+02      
5.2468315e+01 2.0232521e+02      
5.0669820e+01 2.0115918e+02      
4.8956770e+01 2.0044886e+02      
4.7682488e+01 2.0023196e+02      
4.7048821e+01 2.0051459e+02      
4.7104665e+01 2.0126626e+02      
4.7828019e+01 2.0244335e+02      
4.9154373e+01 2.0400021e+02      
5.0984408e+01 2.0589058e+02      
5.3216219e+01 2.0806056e+02      
5.5802831e+01 2.1043719e+02      
6.9772095e+01 2.0791383e+02      
7.1893416e+01 2.0501011e+02      
7.5262082e+01 2.0249496e+02      
7.9888625e+01 2.0044178e+02      
8.5167460e+01 1.9863936e+02      
8.8477734e+01 1.9623198e+02      
8.9562035e+01 1.9346640e+02      
8.8228641e+01 1.9040592e+02      
8.6480945e+01 1.8803276e+02      
8.4187079e+01 1.8620350e+02      
8.1397215e+01 1.8478720e+02      
7.8550293e+01 1.8378110e+02      
7.6466731e+01 1.8334504e+02      
7.5322380e+01 1.8347676e+02      
7.5042715e+01 1.8410808e+02      
7.5548366e+01 1.8517686e+02      
7.6734552e+01 1.8663319e+02      
7.8418299e+01 1.8844192e+02      
8.0370815e+01 1.9056860e+02      
8.2484230e+01 1.9294546e+02      
9.4292968e+01 1.8939854e+02      
9.6824737e+01 1.8617944e+02      
1.0068806e+02 1.8326875e+02      
1.0612319e+02 1.8080711e+02      
1.1294615e+02 1.7882099e+02      
1.1756579e+02 1.7633085e+02      
1.1959863e+02 1.7355265e+02      
1.1931188e+02 1.7079934e+02      
1.1748431e+02 1.6845317e+02      
1.1443033e+02 1.6654404e+02      
1.1038680e+02 1.6494709e+02      
1.0592156e+02 1.6358072e+02      
1.0309542e+02 1.6299395e+02      
1.0154623e+02 1.6304469e+02      
1.0100907e+02 1.6360803e+02      
1.0138265e+02 1.6460223e+02      
1.0259014e+02 1.6596873e+02      
1.0437403e+02 1.6769336e+02      
1.0613141e+02 1.6980882e+02      
1.0764216e+02 1.7226617e+02      
1.1615453e+02 1.6771600e+02      
1.1890932e+02 1.6410030e+02      
1.2299842e+02 1.6071339e+02      
1.2869010e+02 1.5767084e+02      
1.3597781e+02 1.5498854e+02      
1.4156357e+02 1.5212619e+02      
1.4448370e+02 1.4927670e+02      
1.4479913e+02 1.4668721e+02      
1.4287900e+02 1.4449065e+02      
1.3905993e+02 1.4266052e+02      
1.3392095e+02 1.4107111e+02      
1.2977679e+02 1.3995716e+02      
1.2690154e+02 1.3945403e+02      
1.2517722e+02 1.3953134e+02      
1.2447668e+02 1.4009759e+02      
1.2476899e+02 1.4106272e+02      
1.2611997e+02 1.4234420e+02      
1.2846007e+02 1.4392864e+02      
1.3011251e+02 1.4605758e+02      
1.3090352e+02 1.4869771e+02      
1.3500685e+02 1.4326951e+02      
1.3780036e+02 1.3920126e+02      
1.4181972e+02 1.3527957e+02      
1.4715772e+02 1.3157528e+02      
1.5366884e+02 1.2807140e+02      
1.6031957e+02 1.2469491e+02      
1.6383417e+02 1.2169285e+02      
1.6433899e+02 1.1921942e+02      
1.6223700e+02 1.1725155e+02      
1.5782016e+02 1.1565044e+02      
1.5365411e+02 1.1432801e+02      
1.5020589e+02 1.1345843e+02      
1.4757417e+02 1.1313046e+02      
1.4582609e+02 1.1332747e+02      
1.4500195e+02 1.1397776e+02      
1.4515564e+02 1.1498319e+02      
1.4642872e+02 1.1622411e+02      
1.4872170e+02 1.1767507e+02      
1.5009862e+02 1.1986601e+02      
1.5029165e+02 1.2277829e+02      
1.5060120e+02 1.1650973e+02      
1.5329507e+02 1.1195421e+02      
1.5707125e+02 1.0748163e+02      
1.6193974e+02 1.0315999e+02      
1.6788548e+02 9.8991994e+01      
1.7437443e+02 9.5024302e+01      
1.7773756e+02 9.1918543e+01      
1.7803310e+02 8.9673570e+01      
1.7611059e+02 8.8029497e+01      
1.7303807e+02 8.6499171e+01      
1.7016357e+02 8.5299543e+01      
1.6746088e+02 8.4608769e+01      
1.6502340e+02 8.4489021e+01      
1.6325326e+02 8.4877997e+01      
1.6227729e+02 8.5700062e+01      
1.6215708e+02 8.6849943e+01      
1.6306211e+02 8.8166969e+01      
1.6492147e+02 8.9596177e+01      
1.6586459e+02 9.1936001e+01      
1.6557492e+02 9.5184641e+01      
1.6277275e+02 8.7921162e+01      
1.6528539e+02 8.2852615e+01      
1.6874408e+02 7.7824951e+01      
1.7310615e+02 7.2944653e+01      
1.7833099e+02 6.8270654e+01      
1.8390875e+02 6.3927967e+01      
1.8639060e+02 6.0980068e+01      
1.8601873e+02 5.9144985e+01      
1.8534217e+02 5.7398632e+01      
1.8481128e+02 5.5690525e+01      
1.8347943e+02 5.4463578e+01      
1.8154409e+02 5.3884424e+01      
1.7909229e+02 5.4013998e+01      
1.7731551e+02 5.4648858e+01      
1.7615659e+02 5.5732950e+01      
1.7560033e+02 5.7165204e+01      
1.7582221e+02 5.8768017e+01      
1.7699817e+02 6.0400714e+01      
1.7748262e+02 6.2989651e+01      
1.7668669e+02 6.6648437e+01      
1.7141816e+02 5.8015356e+01      
1.7371527e+02 5.2401763e+01      
1.7684708e+02 4.6786561e+01      
1.8070352e+02 4.1346229e+01      
1.8504475e+02 3.6316421e+01      
1.8913090e+02 3.2076652e+01      
1.9030797e+02 2.9698390e+01      
1.9060337e+02 2.7798844e+01      
1.9099419e+02 2.5915556e+01      
1.9187165e+02 2.3965919e+01      
1.9174711e+02 2.2631347e+01      
1.9073426e+02 2.2079425e+01      
1.8918636e+02 2.2317046e+01      
1.8764651e+02 2.3218501e+01      
1.8631664e+02 2.4648954e+01      
1.8523565e+02 2.6485469e+01      
1.8451002e+02 2.8582815e+01      
1.8487560e+02 3.0739902e+01      
1.8516432e+02 3.3589693e+01      
1.8348324e+02 3.7905768e+01      
1.7647740e+02 2.7333555e+01      
1.7855748e+02 2.1132677e+01      
1.8141883e+02 1.4841035e+01      
1.8489836e+02 8.7224315e+00      
1.8851133e+02 3.3082212e+00      
1.9054968e+02 -6.2906478e-02      
1.9146301e+02 -2.2152814e+00      
1.9200419e+02 -3.9542825e+00      
1.9282339e+02 -5.7752769e+00      
1.9423316e+02 -7.8322005e+00      
1.9489890e+02 -9.3189455e+00      
1.9462237e+02 -9.8664996e+00      
1.9363389e+02 -9.4319600e+00      
1.9226931e+02 -8.1711620e+00      
1.9080067e+02 -6.3358699e+00      
1.8941184e+02 -4.1537692e+00      
1.8889433e+02 -1.9368828e+00      
1.8927280e+02 3.3843987e-01      
1.8867902e+02 3.9047380e+00      
1.8656827e+02 8.8654573e+00      
1.7792045e+02 -3.5452175e+00      
1.7978542e+02 -1.0362830e+01      
1.8244810e+02 -1.7447459e+01      
1.8566876e+02 -2.4375021e+01      
1.8820834e+02 -2.9674260e+01      
1.8957780e+02 -3.2936694e+01      
1.8982953e+02 -3.4363573e+01      
1.9010207e+02 -3.5541440e+01      
1.9077223e+02 -3.7011691e+01      
1.9193278e+02 -3.8829345e+01      
1.9323630e+02 -4.0624509e+01      
1.9340977e+02 -4.1142837e+01      
1.9263597e+02 -4.0360862e+01      
1.9124609e+02 -3.8555409e+01      
1.8966362e+02 -3.6213622e+01      
1.8913230e+02 -3.4363158e+01      
1.8878564e+02 -3.1951413e+01      
1.8856794e+02 -2.9013170e+01      
1.8771353e+02 -2.5067281e+01      
1.8567591e+02 -1.9726470e+01      
1.7574908e+02 -3.4012081e+01      
1.7732682e+02 -4.1341807e+01      
1.7975740e+02 -4.9211397e+01      
1.8213269e+02 -5.6202352e+01      
1.8390511e+02 -6.1415791e+01      
1.8481702e+02 -6.4514950e+01      
1.8494102e+02 -6.5780647e+01      
1.8475212e+02 -6.6162114e+01      
1.8512588e+02 -6.7260510e+01      
1.8605563e+02 -6.8939857e+01      
1.8733914e+02 -7.0801409e+01      
1.8755429e+02 -7.1113755e+01      
1.8672760e+02 -6.9774700e+01      
1.8520049e+02 -6.7249416e+01      
1.8403574e+02 -6.4701424e+01      
1.8342139e+02 -6.2226527e+01      
1.8303565e+02 -5.9412978e+01      
1.8271629e+02 -5.6149013e+01      
1.8231401e+02 -5.2465884e+01      
1.8081315e+02 -4.7193640e+01      
1.7005512e+02 -6.3534053e+01      
1.7113199e+02 -7.1008877e+01      
1.7272375e+02 -7.8588519e+01      
1.7452230e+02 -8.5846355e+01      
1.7574344e+02 -9.1030646e+01      
1.7621799e+02 -9.3707126e+01      
1.7601310e+02 -9.4317726e+01      
1.7584816e+02 -9.4868843e+01      
1.7602978e+02 -9.5910355e+01      
1.7666146e+02 -9.7521296e+01      
1.7759978e+02 -9.9347938e+01      
1.7757462e+02 -9.9328938e+01      
1.7658627e+02 -9.7240862e+01      
1.7556163e+02 -9.4629939e+01      
1.7478520e+02 -9.1931808e+01      
1.7430016e+02 -8.9158492e+01      
1.7396332e+02 -8.6044116e+01      
1.7357623e+02 -8.2280893e+01      
1.7307694e+02 -7.7995480e+01      
1.7233593e+02 -7.3193855e+01      
1.6108330e+02 -9.1786507e+01      
1.6165732e+02 -9.9385303e+01      
1.6251848e+02 -1.0662571e+02      
1.6348061e+02 -1.1311297e+02      
1.6425358e+02 -1.1826479e+02      
1.6435548e+02 -1.2032151e+02      
1.6404669e+02 -1.2094109e+02      
1.6376298e+02 -1.2147810e+02      
1.6371172e+02 -1.2247740e+02      
1.6395493e+02 -1.2402362e+02      
1.6438578e+02 -1.2577767e+02      
1.6405643e+02 -1.2557366e+02      
1.6341890e+02 -1.2330398e+02      
1.6284633e+02 -1.2052706e+02      
1.6245280e+02 -1.1774073e+02      
1.6225436e+02 -1.1497674e+02      
1.6215432e+02 -1.1188545e+02      
1.6170566e+02 -1.0747601e+02      
1.6123935e+02 -1.0264543e+02      
1.6082959e+02 -9.7757020e+01      
1.4915941e+02 -1.1856472e+02      
1.4933412e+02 -1.2655735e+02      
1.4961389e+02 -1.3368203e+02      
1.4989937e+02 -1.3946394e+02      
1.5007761e+02 -1.4349689e+02      
1.5006770e+02 -1.4568330e+02      
1.4936486e+02 -1.4544593e+02      
1.4884548e+02 -1.4566258e+02      
1.4851555e+02 -1.4655258e+02      
1.4832023e+02 -1.4803150e+02      
1.4816887e+02 -1.4956509e+02      
1.4788040e+02 -1.4939405e+02      
1.4756382e+02 -1.4750844e+02      
1.4737312e+02 -1.4444358e+02      
1.4734025e+02 -1.4159183e+02      
1.4744591e+02 -1.3901089e+02      
1.4742938e+02 -1.3560819e+02      
1.4720271e+02 -1.3111480e+02      
1.4682208e+02 -1.2572692e+02      
1.4658801e+02 -1.2050709e+02      
1.3451387e+02 -1.4323367e+02      
1.3437272e+02 -1.5198260e+02      
1.3417487e+02 -1.5933440e+02      
1.3390910e+02 -1.6469291e+02      
1.3349838e+02 -1.6746722e+02      
1.3277842e+02 -1.6734692e+02      
1.3203983e+02 -1.6689178e+02      
1.3139974e+02 -1.6690520e+02      
1.3084635e+02 -1.6763394e+02      
1.3028790e+02 -1.6916498e+02      
1.2982695e+02 -1.7018412e+02      
1.2950305e+02 -1.6990679e+02      
1.2936744e+02 -1.6818055e+02      
1.2945330e+02 -1.6543216e+02      
1.2972366e+02 -1.6254918e+02      
1.2991644e+02 -1.5970619e+02      
1.3000468e+02 -1.5618212e+02      
1.2998516e+02 -1.5168332e+02      
1.2988832e+02 -1.4637356e+02      
1.2981161e+02 -1.4082614e+02      
1.1664621e+02 -1.6250617e+02      
1.1619433e+02 -1.7197738e+02      
1.1559706e+02 -1.7980545e+02      
1.1490959e+02 -1.8512008e+02      
1.1414506e+02 -1.8721295e+02      
1.1325925e+02 -1.8601250e+02      
1.1247813e+02 -1.8509081e+02      
1.1178088e+02 -1.8482632e+02      
1.1112880e+02 -1.8514562e+02      
1.1046839e+02 -1.8594976e+02      
1.0977331e+02 -1.8685605e+02      
1.0936772e+02 -1.8650933e+02      
1.0934820e+02 -1.8466755e+02      
1.0963916e+02 -1.8168566e+02      
1.0991304e+02 -1.7889970e+02      
1.1013287e+02 -1.7638080e+02      
1.1030284e+02 -1.7300808e+02      
1.1045161e+02 -1.6852651e+02      
1.1057468e+02 -1.6318284e+02      
1.1075035e+02 -1.5809717e+02      
9.6580453e+01 -1.7784608e+02      
9.5612028e+01 -1.8618886e+02      
9.4618719e+01 -1.9450362e+02      
9.3574951e+01 -2.0018541e+02      
9.2620507e+01 -2.0229842e+02      
9.1813541e+01 -2.0087520e+02      
9.1060724e+01 -1.9974375e+02      
9.0346330e+01 -1.9924950e+02      
8.9668555e+01 -1.9917544e+02      
8.9016054e+01 -1.9934056e+02      
8.8388685e+01 -1.9948227e+02      
8.7876687e+01 -1.9911506e+02      
8.7963763e+01 -1.9703839e+02      
8.8169277e+01 -1.9445174e+02      
8.8395383e+01 -1.9176974e+02      
8.8615909e+01 -1.8904625e+02      
8.8822832e+01 -1.8598471e+02      
8.9118605e+01 -1.8155529e+02      
8.9423996e+01 -1.7686206e+02      
8.9784774e+01 -1.7230667e+02      
7.4830008e+01 -1.8973518e+02      
7.3489284e+01 -1.9680373e+02      
7.2153724e+01 -2.0379726e+02      
7.0745365e+01 -2.0999043e+02      
6.9598543e+01 -2.1265824e+02      
6.8882272e+01 -2.1160436e+02      
6.8166208e+01 -2.1063537e+02      
6.7446308e+01 -2.1011154e+02      
6.6766781e+01 -2.0981080e+02      
6.6149769e+01 -2.0955142e+02      
6.5622366e+01 -2.0912128e+02      
6.5264333e+01 -2.0820263e+02      
6.5197700e+01 -2.0645176e+02      
6.5299265e+01 -2.0416805e+02      
6.5485451e+01 -2.0158298e+02      
6.5725611e+01 -1.9874305e+02      
6.6016241e+01 -1.9551161e+02      
6.6379504e+01 -1.9167094e+02      
6.6802315e+01 -1.8755999e+02      
6.7294472e+01 -1.8346619e+02      
5.1785131e+01 -1.9835484e+02      
5.0197868e+01 -2.0428404e+02      
4.8664190e+01 -2.0996541e+02      
4.7145539e+01 -2.1495676e+02      
4.5714496e+01 -2.1841496e+02      
4.4950113e+01 -2.1823069e+02      
4.4189892e+01 -2.1778134e+02      
4.3437476e+01 -2.1743830e+02      
4.2748969e+01 -2.1708546e+02      
4.2154773e+01 -2.1661199e+02      
4.1685368e+01 -2.1588001e+02      
4.1381391e+01 -2.1473004e+02      
4.1268287e+01 -2.1306405e+02      
4.1318579e+01 -2.1093610e+02      
4.1490501e+01 -2.0844217e+02      
4.1757629e+01 -2.0562321e+02      
4.2109283e+01 -2.0246160e+02      
4.2543355e+01 -1.9896523e+02      
4.3056910e+01 -1.9526508e+02      
4.3650690e+01 -1.9153370e+02      
