3.5874043e+01 2.3586387e+02      
3.6633821e+01 2.3487025e+02      
3.7874210e+01 2.3382255e+02      
3.9469942e+01 2.3260106e+02      
4.1416710e+01 2.3125478e+02      
4.3772463e+01 2.2997903e+02      
4.6377054e+01 2.2885616e+02      
4.8618397e+01 2.2764210e+02      
4.8854899e+01 2.2513068e+02      
4.8683468e+01 2.2261442e+02      
4.8700620e+01 2.2043037e+02      
4.9119505e+01 2.1866764e+02      
4.9956558e+01 2.1733293e+02      
5.1148746e+01 2.1640406e+02      
5.2615408e+01 2.1584606e+02      
5.4276669e+01 2.1561218e+02      
5.6038680e+01 2.1563444e+02      
5.7763946e+01 2.1581053e+02      
5.9352278e+01 2.1604230e+02      
6.0894809e+01 2.1630594e+02      
6.4685219e+01 2.2755486e+02      
6.5918083e+01 2.2691643e+02      
6.7726205e+01 2.2627234e+02      
6.9698919e+01 2.2510734e+02      
7.1943444e+01 2.2352376e+02      
7.4966761e+01 2.2219044e+02      
7.8529387e+01 2.2122030e+02      
8.0750557e+01 2.1957174e+02      
8.1219108e+01 2.1703336e+02      
8.0256597e+01 2.1389446e+02      
7.9673963e+01 2.1120695e+02      
7.9823773e+01 2.0909060e+02      
8.0602102e+01 2.0749789e+02      
8.1820498e+01 2.0636436e+02      
8.3340014e+01 2.0563980e+02      
8.5066817e+01 2.0527623e+02      
8.6924374e+01 2.0521255e+02      
8.8655651e+01 2.0528819e+02      
8.9786730e+01 2.0522901e+02      
9.0685358e+01 2.0513758e+02      
9.1735729e+01 2.1548184e+02      
9.3479763e+01 2.1524191e+02      
9.6160248e+01 2.1540828e+02      
9.8367323e+01 2.1421591e+02      
1.0032570e+02 2.1182558e+02      
1.0387655e+02 2.1024473e+02      
1.0735132e+02 2.0872067e+02      
1.0963261e+02 2.0673398e+02      
1.1031146e+02 2.0414111e+02      
1.0964062e+02 2.0109856e+02      
1.0854106e+02 1.9804165e+02      
1.0864424e+02 1.9569270e+02      
1.0954525e+02 1.9393057e+02      
1.1090732e+02 1.9265801e+02      
1.1254715e+02 1.9182460e+02      
1.1437045e+02 1.9139107e+02      
1.1642276e+02 1.9134289e+02      
1.1860938e+02 1.9158357e+02      
1.1895373e+02 1.9115770e+02      
1.1889658e+02 1.9069539e+02      
1.1641516e+02 1.9967410e+02      
1.1840532e+02 1.9949729e+02      
1.2142654e+02 1.9971322e+02      
1.2363053e+02 1.9839110e+02      
1.2512743e+02 1.9562956e+02      
1.2792752e+02 1.9342895e+02      
1.3171401e+02 1.9164545e+02      
1.3427022e+02 1.8947963e+02      
1.3505844e+02 1.8682030e+02      
1.3442766e+02 1.8377630e+02      
1.3432347e+02 1.8097349e+02      
1.3501378e+02 1.7864334e+02      
1.3631850e+02 1.7681782e+02      
1.3797923e+02 1.7547211e+02      
1.3980992e+02 1.7458304e+02      
1.4169471e+02 1.7411496e+02      
1.4360161e+02 1.7402517e+02      
1.4581868e+02 1.7422803e+02      
1.4617022e+02 1.7391745e+02      
1.4492368e+02 1.7316187e+02      
1.3824835e+02 1.8034367e+02      
1.4009406e+02 1.7985616e+02      
1.4289534e+02 1.7960917e+02      
1.4492589e+02 1.7809778e+02      
1.4619547e+02 1.7536975e+02      
1.4844086e+02 1.7294195e+02      
1.5145448e+02 1.7077191e+02      
1.5443625e+02 1.6853440e+02      
1.5531446e+02 1.6586114e+02      
1.5600608e+02 1.6310556e+02      
1.5708151e+02 1.6052041e+02      
1.5864287e+02 1.5826794e+02      
1.6059085e+02 1.5643511e+02      
1.6273562e+02 1.5505884e+02      
1.6474617e+02 1.5415350e+02      
1.6665269e+02 1.5370297e+02      
1.6763697e+02 1.5351731e+02      
1.6931902e+02 1.5358303e+02      
1.6933399e+02 1.5333123e+02      
1.6780283e+02 1.5271503e+02      
1.5698413e+02 1.5792193e+02      
1.5836070e+02 1.5689533e+02      
1.6022212e+02 1.5575272e+02      
1.6200859e+02 1.5404516e+02      
1.6369628e+02 1.5179075e+02      
1.6577214e+02 1.4944980e+02      
1.6825998e+02 1.4714460e+02      
1.7075406e+02 1.4477584e+02      
1.7271910e+02 1.4224188e+02      
1.7463394e+02 1.3966118e+02      
1.7684182e+02 1.3718969e+02      
1.7939005e+02 1.3496538e+02      
1.8204161e+02 1.3312353e+02      
1.8483861e+02 1.3173167e+02      
1.8669074e+02 1.3082274e+02      
1.8759837e+02 1.3036901e+02      
1.8758513e+02 1.3024104e+02      
1.8839134e+02 1.3021777e+02      
1.8761151e+02 1.3001346e+02      
1.8537184e+02 1.2951216e+02      
1.7254465e+02 1.3295743e+02      
1.7350343e+02 1.3145627e+02      
1.7483679e+02 1.2980486e+02      
1.7636904e+02 1.2790730e+02      
1.7806774e+02 1.2577922e+02      
1.8003114e+02 1.2353778e+02      
1.8227957e+02 1.2124474e+02      
1.8471639e+02 1.1888031e+02      
1.8731394e+02 1.1641635e+02      
1.9019591e+02 1.1389640e+02      
1.9335534e+02 1.1145296e+02      
1.9697428e+02 1.0917848e+02      
1.9998964e+02 1.0730926e+02      
2.0237991e+02 1.0592266e+02      
2.0376720e+02 1.0505972e+02      
2.0389948e+02 1.0472118e+02      
2.0293302e+02 1.0479205e+02      
2.0265333e+02 1.0481243e+02      
2.0088576e+02 1.0473772e+02      
1.9901950e+02 1.0439194e+02      
1.8485764e+02 1.0597180e+02      
1.8551565e+02 1.0407671e+02      
1.8652660e+02 1.0208001e+02      
1.8781084e+02 1.0000448e+02      
1.8933972e+02 9.7876752e+01      
1.9113892e+02 9.5711114e+01      
1.9323719e+02 9.3499522e+01      
1.9566578e+02 9.1219386e+01      
1.9857315e+02 8.8835929e+01      
2.0224414e+02 8.6315389e+01      
2.0586078e+02 8.3896698e+01      
2.0951412e+02 8.1630356e+01      
2.1259143e+02 7.9743843e+01      
2.1476699e+02 7.8373417e+01      
2.1580155e+02 7.7587562e+01      
2.1541962e+02 7.7429450e+01      
2.1366121e+02 7.7805466e+01      
2.1219403e+02 7.8058069e+01      
2.1058725e+02 7.8088699e+01      
2.0904166e+02 7.7857630e+01      
1.9381746e+02 7.7439256e+01      
1.9424395e+02 7.5153637e+01      
1.9500861e+02 7.2823775e+01      
1.9605416e+02 7.0571793e+01      
1.9735042e+02 6.8462055e+01      
1.9892701e+02 6.6416439e+01      
2.0082916e+02 6.4345230e+01      
2.0310581e+02 6.2214276e+01      
2.0584067e+02 6.0013982e+01      
2.0906255e+02 5.7756879e+01      
2.1260783e+02 5.5483348e+01      
2.1655476e+02 5.3154068e+01      
2.1976985e+02 5.1225277e+01      
2.2193763e+02 4.9860893e+01      
2.2286664e+02 4.9136783e+01      
2.2228744e+02 4.9147417e+01      
2.2021088e+02 4.9829034e+01      
2.1837944e+02 5.0311608e+01      
2.1681709e+02 5.0482999e+01      
2.1545043e+02 5.0358807e+01      
1.9932956e+02 4.7832288e+01      
1.9956489e+02 4.5092919e+01      
2.0013365e+02 4.2335989e+01      
2.0096714e+02 3.9842117e+01      
2.0196433e+02 3.7908599e+01      
2.0324822e+02 3.6109526e+01      
2.0488314e+02 3.4237677e+01      
2.0688786e+02 3.2295972e+01      
2.0927692e+02 3.0320702e+01      
2.1203324e+02 2.8346132e+01      
2.1511199e+02 2.6383913e+01      
2.1844737e+02 2.4419065e+01      
2.2176542e+02 2.2497354e+01      
2.2399738e+02 2.1165227e+01      
2.2509307e+02 2.0416728e+01      
2.2466068e+02 2.0502961e+01      
2.2269500e+02 2.1412050e+01      
2.2091250e+02 2.2074899e+01      
2.1944284e+02 2.2374653e+01      
2.1820070e+02 2.2351597e+01      
2.0133610e+02 1.7652956e+01      
2.0139767e+02 1.4350895e+01      
2.0180300e+02 1.0991746e+01      
2.0249693e+02 8.0464027e+00      
2.0306399e+02 6.7495421e+00      
2.0400710e+02 5.3261915e+00      
2.0533351e+02 3.6623937e+00      
2.0701418e+02 1.9003691e+00      
2.0903117e+02 1.4532660e-01      
2.1134843e+02 -1.5347783e+00      
2.1389908e+02 -3.1128596e+00      
2.1657052e+02 -4.5888364e+00      
2.1912769e+02 -5.9259261e+00      
2.2119947e+02 -7.0177360e+00      
2.2273325e+02 -7.9299969e+00      
2.2272845e+02 -7.9138574e+00      
2.2117147e+02 -6.9126780e+00      
2.1966632e+02 -6.1551794e+00      
2.1838953e+02 -5.7685543e+00      
2.1728782e+02 -5.7059861e+00      
1.9983172e+02 -1.2574134e+01      
1.9969673e+02 -1.6483305e+01      
1.9989546e+02 -2.0527874e+01      
2.0018773e+02 -2.3157230e+01      
2.0050815e+02 -2.4094150e+01      
2.0117215e+02 -2.5313026e+01      
2.0218898e+02 -2.6877605e+01      
2.0353236e+02 -2.8538476e+01      
2.0517953e+02 -3.0114374e+01      
2.0708674e+02 -3.1498505e+01      
2.0917404e+02 -3.2661101e+01      
2.1131482e+02 -3.3619839e+01      
2.1332969e+02 -3.4394163e+01      
2.1503541e+02 -3.5000393e+01      
2.1628306e+02 -3.5449416e+01      
2.1678650e+02 -3.5586652e+01      
2.1582357e+02 -3.4668099e+01      
2.1473516e+02 -3.3928617e+01      
2.1371987e+02 -3.3501885e+01      
2.1278157e+02 -3.3368780e+01      
1.9487303e+02 -4.2113512e+01      
1.9446507e+02 -4.6371130e+01      
1.9424760e+02 -5.0312780e+01      
1.9421414e+02 -5.2926022e+01      
1.9438342e+02 -5.3899653e+01      
1.9481442e+02 -5.5222441e+01      
1.9552599e+02 -5.6907265e+01      
1.9652949e+02 -5.8623909e+01      
1.9782210e+02 -6.0103770e+01      
1.9936737e+02 -6.1194222e+01      
2.0108258e+02 -6.1896271e+01      
2.0284207e+02 -6.2299895e+01      
2.0449386e+02 -6.2497128e+01      
2.0588505e+02 -6.2546244e+01      
2.0687396e+02 -6.2460809e+01      
2.0728620e+02 -6.2156582e+01      
2.0698435e+02 -6.1509498e+01      
2.0634487e+02 -6.0864697e+01      
2.0559924e+02 -6.0415264e+01      
2.0482556e+02 -6.0212776e+01      
1.8649792e+02 -6.8815819e+01      
1.8582875e+02 -7.3090175e+01      
1.8524756e+02 -7.7557468e+01      
1.8490787e+02 -8.0660845e+01      
1.8492127e+02 -8.2121917e+01      
1.8510062e+02 -8.3908562e+01      
1.8548183e+02 -8.6014563e+01      
1.8612884e+02 -8.8038856e+01      
1.8708030e+02 -8.9562579e+01      
1.8832256e+02 -9.0325782e+01      
1.8976667e+02 -9.0449953e+01      
1.9127344e+02 -9.0195561e+01      
1.9269179e+02 -8.9754119e+01      
1.9388342e+02 -8.9227840e+01      
1.9473196e+02 -8.8647498e+01      
1.9514898e+02 -8.7998051e+01      
1.9512741e+02 -8.7291062e+01      
1.9478520e+02 -8.6630783e+01      
1.9425482e+02 -8.6124912e+01      
1.9362077e+02 -8.5835117e+01      
1.7503017e+02 -9.3896539e+01      
1.7416227e+02 -9.7910350e+01      
1.7336476e+02 -1.0208748e+02      
1.7266609e+02 -1.0597629e+02      
1.7241881e+02 -1.0833542e+02      
1.7225864e+02 -1.1095258e+02      
1.7224005e+02 -1.1383718e+02      
1.7247687e+02 -1.1657642e+02      
1.7307881e+02 -1.1846330e+02      
1.7409424e+02 -1.1867891e+02      
1.7538978e+02 -1.1793722e+02      
1.7677492e+02 -1.1683795e+02      
1.7807671e+02 -1.1566647e+02      
1.7916566e+02 -1.1454572e+02      
1.7995518e+02 -1.1350395e+02      
1.8039984e+02 -1.1253441e+02      
1.8050531e+02 -1.1164251e+02      
1.8032751e+02 -1.1086580e+02      
1.7994069e+02 -1.1025469e+02      
1.7940831e+02 -1.0985086e+02      
1.6070238e+02 -1.1717673e+02      
1.5968037e+02 -1.2094417e+02      
1.5872427e+02 -1.2487644e+02      
1.5786422e+02 -1.2873184e+02      
1.5716975e+02 -1.3226716e+02      
1.5655277e+02 -1.3596232e+02      
1.5602462e+02 -1.3997278e+02      
1.5573339e+02 -1.4395655e+02      
1.5593180e+02 -1.4690939e+02      
1.5683395e+02 -1.4594605e+02      
1.5815766e+02 -1.4388227e+02      
1.5957585e+02 -1.4167982e+02      
1.6086878e+02 -1.3968621e+02      
1.6192341e+02 -1.3797031e+02      
1.6268908e+02 -1.3649848e+02      
1.6314989e+02 -1.3522314e+02      
1.6331777e+02 -1.3411789e+02      
1.6322794e+02 -1.3318271e+02      
1.6292689e+02 -1.3243435e+02      
1.6245951e+02 -1.3189434e+02      
1.4376371e+02 -1.3830278e+02      
1.4261403e+02 -1.4189291e+02      
1.4150921e+02 -1.4569727e+02      
1.4044588e+02 -1.4964914e+02      
1.3940072e+02 -1.5380563e+02      
1.3830376e+02 -1.5845149e+02      
1.3714313e+02 -1.6377779e+02      
1.3615959e+02 -1.6925897e+02      
1.3601380e+02 -1.7194104e+02      
1.3679549e+02 -1.7117322e+02      
1.3836929e+02 -1.6755151e+02      
1.3999856e+02 -1.6403949e+02      
1.4136790e+02 -1.6120714e+02      
1.4241726e+02 -1.5897197e+02      
1.4316239e+02 -1.5714563e+02      
1.4361978e+02 -1.5561158e+02      
1.4380998e+02 -1.5430840e+02      
1.4376076e+02 -1.5321060e+02      
1.4350445e+02 -1.5231433e+02      
1.4307288e+02 -1.5162665e+02      
1.2450469e+02 -1.5695052e+02      
1.2325145e+02 -1.6038714e+02      
1.2201657e+02 -1.6408494e+02      
1.2077845e+02 -1.6805614e+02      
1.1948412e+02 -1.7242827e+02      
1.1800268e+02 -1.7758331e+02      
1.1616157e+02 -1.8402088e+02      
1.1475410e+02 -1.8923201e+02      
1.1430561e+02 -1.9174370e+02      
1.1498648e+02 -1.9105895e+02      
1.1658964e+02 -1.8764316e+02      
1.1853963e+02 -1.8296599e+02      
1.1995632e+02 -1.7959469e+02      
1.2096480e+02 -1.7706882e+02      
1.2166264e+02 -1.7502846e+02      
1.2208943e+02 -1.7331811e+02      
1.2227069e+02 -1.7186069e+02      
1.2222967e+02 -1.7061965e+02      
1.2198972e+02 -1.6958144e+02      
1.2157321e+02 -1.6874526e+02      
1.0325121e+02 -1.7282821e+02      
1.0192241e+02 -1.7609429e+02      
1.0059555e+02 -1.7962662e+02      
9.9248848e+01 -1.8344585e+02      
9.7836794e+01 -1.8763891e+02      
9.6276842e+01 -1.9237824e+02      
9.4485727e+01 -1.9772851e+02      
9.2565541e+01 -2.0309322e+02      
9.1780624e+01 -2.0564566e+02      
9.2460263e+01 -2.0480213e+02      
9.4250418e+01 -2.0112283e+02      
9.5824788e+01 -1.9744758e+02      
9.7028440e+01 -1.9439329e+02      
9.7904958e+01 -1.9191094e+02      
9.8510106e+01 -1.8982958e+02      
9.8875715e+01 -1.8804159e+02      
9.9022264e+01 -1.8648674e+02      
9.8966512e+01 -1.8513391e+02      
9.8724092e+01 -1.8396994e+02      
9.8309569e+01 -1.8299233e+02      
8.0355525e+01 -1.8569798e+02      
7.8979751e+01 -1.8876060e+02      
7.7601893e+01 -1.9205641e+02      
7.6210568e+01 -1.9558206e+02      
7.4784827e+01 -1.9934949e+02      
7.3299199e+01 -2.0335632e+02      
7.1745124e+01 -2.0749580e+02      
7.0201280e+01 -2.1138196e+02      
6.9046327e+01 -2.1405463e+02      
6.9816891e+01 -2.1294564e+02      
7.0944357e+01 -2.1061346e+02      
7.2007854e+01 -2.0802028e+02      
7.2889287e+01 -2.0555755e+02      
7.3565419e+01 -2.0333460e+02      
7.4039108e+01 -2.0134783e+02      
7.4318517e+01 -1.9956758e+02      
7.4411686e+01 -1.9796909e+02      
7.4326455e+01 -1.9653784e+02      
7.4070694e+01 -1.9526817e+02      
7.3651958e+01 -1.9416062e+02      
