1.8148516e+01 2.4016278e+02      
1.6964845e+01 2.3787003e+02      
1.6251591e+01 2.3565875e+02      
1.5947213e+01 2.3360424e+02      
1.5969483e+01 2.3176881e+02      
1.6214102e+01 2.3018645e+02      
1.6551084e+01 2.2884925e+02      
1.6833173e+01 2.2770602e+02      
1.6985549e+01 2.2671887e+02      
1.7108187e+01 2.2593512e+02      
1.7360939e+01 2.2542312e+02      
1.7864137e+01 2.2522201e+02      
1.8687304e+01 2.2534411e+02      
1.9858453e+01 2.2578211e+02      
2.1377012e+01 2.2651343e+02      
2.3230105e+01 2.2750240e+02      
2.5417618e+01 2.2870212e+02      
2.7968601e+01 2.3005679e+02      
3.0926558e+01 2.3150416e+02      
3.4328920e+01 2.3297857e+02      
4.6660033e+01 2.2969915e+02      
4.5818641e+01 2.2721852e+02      
4.5491164e+01 2.2480783e+02      
4.5606871e+01 2.2256999e+02      
4.6069866e+01 2.2059746e+02      
4.6756999e+01 2.1894359e+02      
4.7498613e+01 2.1759445e+02      
4.8004533e+01 2.1641311e+02      
4.7946060e+01 2.1518471e+02      
4.7704333e+01 2.1411712e+02      
4.7601868e+01 2.1335171e+02      
4.7802007e+01 2.1293322e+02      
4.8375923e+01 2.1287041e+02      
4.9333469e+01 2.1315120e+02      
5.0643911e+01 2.1374894e+02      
5.2246047e+01 2.1462282e+02      
5.4104052e+01 2.1571861e+02      
5.6276742e+01 2.1697274e+02      
5.8846406e+01 2.1831381e+02      
6.1866331e+01 2.1966717e+02      
7.3874703e+01 2.1563544e+02      
7.3431522e+01 2.1291064e+02      
7.3566189e+01 2.1023285e+02      
7.4195985e+01 2.0774966e+02      
7.5211831e+01 2.0561313e+02      
7.6494435e+01 2.0392437e+02      
7.7856914e+01 2.0267675e+02      
7.8864871e+01 2.0166562e+02      
7.8254633e+01 2.0003429e+02      
7.7388756e+01 1.9860630e+02      
7.6773692e+01 1.9755931e+02      
7.6602308e+01 1.9692375e+02      
7.6911774e+01 1.9669002e+02      
7.7671522e+01 1.9683570e+02      
7.8820196e+01 1.9733085e+02      
8.0208063e+01 1.9813138e+02      
8.1621847e+01 1.9916885e+02      
8.3294229e+01 2.0037495e+02      
8.5383884e+01 2.0166390e+02      
8.7946360e+01 2.0294774e+02      
9.9299416e+01 1.9824048e+02      
9.9300735e+01 1.9519957e+02      
9.9980765e+01 1.9214566e+02      
1.0122853e+02 1.8929357e+02      
1.0289520e+02 1.8691875e+02      
1.0488263e+02 1.8520701e+02      
1.0693741e+02 1.8410673e+02      
1.0776013e+02 1.8288191e+02      
1.0717939e+02 1.8130966e+02      
1.0552784e+02 1.7955136e+02      
1.0426943e+02 1.7823290e+02      
1.0370277e+02 1.7740164e+02      
1.0378043e+02 1.7702401e+02      
1.0438848e+02 1.7706152e+02      
1.0545106e+02 1.7748482e+02      
1.0681234e+02 1.7826393e+02      
1.0752876e+02 1.7929970e+02      
1.0857059e+02 1.8053061e+02      
1.1009690e+02 1.8183579e+02      
1.1213769e+02 1.8310977e+02      
1.2244683e+02 1.7786343e+02      
1.2290943e+02 1.7443395e+02      
1.2423466e+02 1.7083974e+02      
1.2627656e+02 1.6735404e+02      
1.2857892e+02 1.6456622e+02      
1.3115135e+02 1.6279277e+02      
1.3282425e+02 1.6156189e+02      
1.3339497e+02 1.6026801e+02      
1.3277973e+02 1.5873684e+02      
1.3118859e+02 1.5709039e+02      
1.2934041e+02 1.5559058e+02      
1.2852531e+02 1.5462730e+02      
1.2848653e+02 1.5414981e+02      
1.2901792e+02 1.5410766e+02      
1.2997927e+02 1.5447548e+02      
1.3104850e+02 1.5524408e+02      
1.3127004e+02 1.5640047e+02      
1.3165453e+02 1.5776567e+02      
1.3255347e+02 1.5917044e+02      
1.3402902e+02 1.6049876e+02      
1.4284675e+02 1.5493549e+02      
1.4370193e+02 1.5109688e+02      
1.4567145e+02 1.4683514e+02      
1.4882621e+02 1.4227378e+02      
1.5142434e+02 1.3882653e+02      
1.5339013e+02 1.3672032e+02      
1.5450647e+02 1.3579058e+02      
1.5492486e+02 1.3451956e+02      
1.5422535e+02 1.3295902e+02      
1.5250972e+02 1.3131926e+02      
1.5121026e+02 1.2991796e+02      
1.5059022e+02 1.2893667e+02      
1.5060596e+02 1.2840925e+02      
1.5114992e+02 1.2831958e+02      
1.5205224e+02 1.2866757e+02      
1.5254798e+02 1.2954711e+02      
1.5247955e+02 1.3086337e+02      
1.5208978e+02 1.3248782e+02      
1.5233681e+02 1.3407134e+02      
1.5323880e+02 1.3551318e+02      
1.6008932e+02 1.2994288e+02      
1.6114877e+02 1.2578145e+02      
1.6336034e+02 1.2102222e+02      
1.6671771e+02 1.1574269e+02      
1.6927653e+02 1.1172030e+02      
1.7082162e+02 1.0921170e+02      
1.7132488e+02 1.0808798e+02      
1.7206128e+02 1.0656979e+02      
1.7143664e+02 1.0482539e+02      
1.7059351e+02 1.0313344e+02      
1.6993419e+02 1.0173583e+02      
1.6964835e+02 1.0075224e+02      
1.6980167e+02 1.0021448e+02      
1.7033615e+02 1.0014483e+02      
1.7063696e+02 1.0072312e+02      
1.7059142e+02 1.0182674e+02      
1.7015338e+02 1.0334463e+02      
1.6936164e+02 1.0519829e+02      
1.6907491e+02 1.0699450e+02      
1.6943194e+02 1.0859700e+02      
1.7388606e+02 1.0336975e+02      
1.7493265e+02 9.9047182e+01      
1.7696788e+02 9.4130526e+01      
1.7993452e+02 8.8651669e+01      
1.8227332e+02 8.4278424e+01      
1.8377659e+02 8.1204256e+01      
1.8441963e+02 7.9393181e+01      
1.8527497e+02 7.7232479e+01      
1.8578024e+02 7.4935168e+01      
1.8573577e+02 7.3002391e+01      
1.8559112e+02 7.1515039e+01      
1.8555840e+02 7.0542469e+01      
1.8575404e+02 7.0074219e+01      
1.8567907e+02 7.0405287e+01      
1.8530263e+02 7.1398487e+01      
1.8471947e+02 7.2828755e+01      
1.8399297e+02 7.4539157e+01      
1.8319276e+02 7.6435400e+01      
1.8247626e+02 7.8435717e+01      
1.8233519e+02 8.0229478e+01      
1.8408752e+02 7.5654913e+01      
1.8498288e+02 7.1311479e+01      
1.8660727e+02 6.6552644e+01      
1.8874168e+02 6.1615706e+01      
1.9081906e+02 5.7110819e+01      
1.9257863e+02 5.3297116e+01      
1.9406703e+02 5.0060184e+01      
1.9565795e+02 4.6879205e+01      
1.9745553e+02 4.3620684e+01      
1.9792241e+02 4.1321543e+01      
1.9822559e+02 3.9614373e+01      
1.9826158e+02 3.8731930e+01      
1.9795103e+02 3.8756036e+01      
1.9714014e+02 3.9713271e+01      
1.9593503e+02 4.1368223e+01      
1.9476672e+02 4.3241505e+01      
1.9373312e+02 4.5177259e+01      
1.9286554e+02 4.7112485e+01      
1.9229148e+02 4.8939748e+01      
1.9171822e+02 5.0937959e+01      
1.9064351e+02 4.7199695e+01      
1.9136232e+02 4.2880619e+01      
1.9266788e+02 3.8237843e+01      
1.9441183e+02 3.3441638e+01      
1.9637370e+02 2.8726269e+01      
1.9840366e+02 2.4242286e+01      
2.0047901e+02 1.9998749e+01      
2.0260211e+02 1.5974254e+01      
2.0464614e+02 1.2255389e+01      
2.0666540e+02 8.7430963e+00      
2.0762354e+02 6.5760700e+00      
2.0771810e+02 5.7773266e+00      
2.0698893e+02 6.3177448e+00      
2.0540309e+02 8.0835423e+00      
2.0313141e+02 1.0702227e+01      
2.0142973e+02 1.3030756e+01      
2.0009818e+02 1.5200841e+01      
1.9900050e+02 1.7294846e+01      
1.9810272e+02 1.9321433e+01      
1.9740020e+02 2.1281986e+01      
1.9354815e+02 1.8410347e+01      
1.9411654e+02 1.4110617e+01      
1.9522884e+02 9.4915447e+00      
1.9681376e+02 4.6365289e+00      
1.9878250e+02 -3.6855040e-01      
2.0106736e+02 -5.4544104e+00      
2.0361102e+02 -1.0528061e+01      
2.0623603e+02 -1.5338514e+01      
2.0813104e+02 -1.9091895e+01      
2.1034188e+02 -2.2861484e+01      
2.1163471e+02 -2.5303222e+01      
2.1179369e+02 -2.5992453e+01      
2.1076708e+02 -2.4915257e+01      
2.0858745e+02 -2.2359768e+01      
2.0642550e+02 -1.9733894e+01      
2.0459099e+02 -1.7268504e+01      
2.0308761e+02 -1.4953452e+01      
2.0177365e+02 -1.2704987e+01      
2.0051176e+02 -1.0472632e+01      
1.9949675e+02 -8.3910779e+00      
1.9281722e+02 -1.0283958e+01      
1.9325499e+02 -1.4559971e+01      
1.9423157e+02 -1.9168441e+01      
1.9572945e+02 -2.4096486e+01      
1.9774337e+02 -2.9378163e+01      
2.0026945e+02 -3.5034180e+01      
2.0318286e+02 -4.0848573e+01      
2.0564712e+02 -4.5745809e+01      
2.0753494e+02 -4.9571646e+01      
2.0901069e+02 -5.2510631e+01      
2.1049230e+02 -5.5191699e+01      
2.1074874e+02 -5.5712360e+01      
2.0975022e+02 -5.4277085e+01      
2.0808827e+02 -5.2166660e+01      
2.0603692e+02 -4.9631190e+01      
2.0418309e+02 -4.7143293e+01      
2.0265218e+02 -4.4798372e+01      
2.0125672e+02 -4.2469328e+01      
1.9946659e+02 -3.9937938e+01      
1.9804121e+02 -3.7638255e+01      
1.8849559e+02 -3.8448428e+01      
1.8880128e+02 -4.2672698e+01      
1.8964898e+02 -4.7215326e+01      
1.9104623e+02 -5.2105678e+01      
1.9303930e+02 -5.7485457e+01      
1.9570574e+02 -6.3569002e+01      
1.9834747e+02 -6.9318534e+01      
2.0059706e+02 -7.4125072e+01      
2.0235160e+02 -7.7805455e+01      
2.0373489e+02 -8.0613003e+01      
2.0489809e+02 -8.2818337e+01      
2.0520960e+02 -8.2938672e+01      
2.0548763e+02 -8.2792725e+01      
2.0439034e+02 -8.1313681e+01      
2.0205241e+02 -7.8576100e+01      
2.0018524e+02 -7.6099915e+01      
1.9871731e+02 -7.3830864e+01      
1.9695213e+02 -7.1293995e+01      
1.9478999e+02 -6.8479570e+01      
1.9302299e+02 -6.5951255e+01      
1.8066834e+02 -6.5669724e+01      
1.8082330e+02 -6.9802133e+01      
1.8152735e+02 -7.4185089e+01      
1.8277642e+02 -7.8847140e+01      
1.8455226e+02 -8.3881544e+01      
1.8679177e+02 -8.9361585e+01      
1.8926428e+02 -9.5092914e+01      
1.9132433e+02 -9.9749619e+01      
1.9286810e+02 -1.0302894e+02      
1.9400246e+02 -1.0526972e+02      
1.9521284e+02 -1.0766756e+02      
1.9588288e+02 -1.0822340e+02      
1.9676157e+02 -1.0902384e+02      
1.9616021e+02 -1.0821881e+02      
1.9413542e+02 -1.0575660e+02      
1.9249987e+02 -1.0354825e+02      
1.9083948e+02 -1.0123606e+02      
1.8885618e+02 -9.8579318e+01      
1.8650040e+02 -9.5564029e+01      
1.8450522e+02 -9.2839827e+01      
1.6946197e+02 -9.1579041e+01      
1.6943612e+02 -9.5589795e+01      
1.6999321e+02 -9.9716643e+01      
1.7109503e+02 -1.0397904e+02      
1.7264098e+02 -1.0844323e+02      
1.7449929e+02 -1.1313352e+02      
1.7649471e+02 -1.1792691e+02      
1.7836660e+02 -1.2238180e+02      
1.7967155e+02 -1.2507683e+02      
1.8079514e+02 -1.2734387e+02      
1.8184657e+02 -1.2936085e+02      
1.8280914e+02 -1.3086052e+02      
1.8384421e+02 -1.3234260e+02      
1.8366580e+02 -1.3223563e+02      
1.8229765e+02 -1.3051487e+02      
1.8079427e+02 -1.2858256e+02      
1.7912865e+02 -1.2640584e+02      
1.7713732e+02 -1.2380939e+02      
1.7478141e+02 -1.2075081e+02      
1.7264941e+02 -1.1786086e+02      
1.5503143e+02 -1.1587206e+02      
1.5477657e+02 -1.1976805e+02      
1.5522018e+02 -1.2354794e+02      
1.5626510e+02 -1.2725989e+02      
1.5768683e+02 -1.3104638e+02      
1.5928829e+02 -1.3494732e+02      
1.6092190e+02 -1.3883513e+02      
1.6243159e+02 -1.4237997e+02      
1.6367233e+02 -1.4515415e+02      
1.6472610e+02 -1.4743325e+02      
1.6565892e+02 -1.4937212e+02      
1.6650296e+02 -1.5101451e+02      
1.6718094e+02 -1.5232905e+02      
1.6730397e+02 -1.5282765e+02      
1.6656700e+02 -1.5209240e+02      
1.6537046e+02 -1.5069382e+02      
1.6386831e+02 -1.4884215e+02      
1.6204550e+02 -1.4650553e+02      
1.5992059e+02 -1.4368309e+02      
1.5766857e+02 -1.4058237e+02      
1.3752147e+02 -1.3834622e+02      
1.3694212e+02 -1.4220341e+02      
1.3736632e+02 -1.4552132e+02      
1.3860525e+02 -1.4843002e+02      
1.4007207e+02 -1.5143724e+02      
1.4152869e+02 -1.5461898e+02      
1.4291376e+02 -1.5780371e+02      
1.4416892e+02 -1.6076609e+02      
1.4525189e+02 -1.6333728e+02      
1.4617015e+02 -1.6551483e+02      
1.4694899e+02 -1.6735610e+02      
1.4761131e+02 -1.6892735e+02      
1.4814416e+02 -1.7027126e+02      
1.4817330e+02 -1.7079379e+02      
1.4765155e+02 -1.7047877e+02      
1.4670714e+02 -1.6954440e+02      
1.4543980e+02 -1.6812999e+02      
1.4383772e+02 -1.6614402e+02      
1.4191835e+02 -1.6357126e+02      
1.3977022e+02 -1.6052147e+02      
1.1728379e+02 -1.5863784e+02      
1.1630080e+02 -1.6251549e+02      
1.1678580e+02 -1.6530649e+02      
1.1866404e+02 -1.6700265e+02      
1.2026795e+02 -1.6923981e+02      
1.2160294e+02 -1.7183731e+02      
1.2277914e+02 -1.7450540e+02      
1.2381433e+02 -1.7704782e+02      
1.2470294e+02 -1.7933610e+02      
1.2544337e+02 -1.8131618e+02      
1.2603735e+02 -1.8298041e+02      
1.2647824e+02 -1.8433215e+02      
1.2671301e+02 -1.8531227e+02      
1.2660769e+02 -1.8572356e+02      
1.2612769e+02 -1.8554179e+02      
1.2533473e+02 -1.8490276e+02      
1.2431974e+02 -1.8398527e+02      
1.2293222e+02 -1.8235423e+02      
1.2124270e+02 -1.8012980e+02      
1.1933046e+02 -1.7740186e+02      
9.6394404e+01 -1.7451983e+02      
9.5270665e+01 -1.7815172e+02      
9.5616806e+01 -1.8068661e+02      
9.7382836e+01 -1.8213800e+02      
9.8794466e+01 -1.8404874e+02      
9.9902340e+01 -1.8628271e+02      
1.0084314e+02 -1.8858704e+02      
1.0165221e+02 -1.9080129e+02      
1.0233311e+02 -1.9281762e+02      
1.0288036e+02 -1.9457080e+02      
1.0328382e+02 -1.9602330e+02      
1.0352307e+02 -1.9714281e+02      
1.0355784e+02 -1.9787650e+02      
1.0333766e+02 -1.9815977e+02      
1.0284144e+02 -1.9797913e+02      
1.0208856e+02 -1.9738654e+02      
1.0109994e+02 -1.9641315e+02      
9.9852877e+01 -1.9496862e+02      
9.8393874e+01 -1.9313894e+02      
9.6822767e+01 -1.9112812e+02      
7.5463294e+01 -1.8598579e+02      
7.4497909e+01 -1.8914413e+02      
7.4467047e+01 -1.9166846e+02      
7.5178692e+01 -1.9368053e+02      
7.6019647e+01 -1.9566363e+02      
7.6777376e+01 -1.9772843e+02      
7.7441586e+01 -1.9978850e+02      
7.8011597e+01 -2.0174633e+02      
7.8479932e+01 -2.0352136e+02      
7.8834505e+01 -2.0505361e+02      
7.9059398e+01 -2.0629879e+02      
7.9133198e+01 -2.0721922e+02      
7.9028515e+01 -2.0777728e+02      
7.8718790e+01 -2.0794196e+02      
7.8190355e+01 -2.0770500e+02      
7.7445748e+01 -2.0708144e+02      
7.6493611e+01 -2.0608597e+02      
7.5346273e+01 -2.0473235e+02      
7.4038107e+01 -2.0308367e+02      
7.2616361e+01 -2.0121244e+02      
