4.5572373e+00 2.3222430e+02      
3.5401270e+00 2.2815998e+02      
3.2249691e+00 2.2404244e+02      
3.6104248e+00 2.1993374e+02      
4.6880789e+00 2.1589789e+02      
6.4422758e+00 2.1200136e+02      
8.8496038e+00 2.0831435e+02      
1.1877122e+01 2.0491356e+02      
1.5478074e+01 2.0188729e+02      
1.9584597e+01 1.9934223e+02      
2.4098511e+01 1.9740951e+02      
2.8882538e+01 1.9624628e+02      
3.3708481e+01 1.9603841e+02      
3.8045150e+01 1.9699345e+02      
4.0257647e+01 1.9920523e+02      
4.3296861e+01 2.0238286e+02      
4.7396367e+01 2.0636893e+02      
4.9967416e+01 2.0933109e+02      
5.0681093e+01 2.1107973e+02      
4.9714697e+01 2.1161206e+02      
3.3504377e+01 2.2202102e+02      
3.2698898e+01 2.1785449e+02      
3.2611005e+01 2.1359334e+02      
3.3242195e+01 2.0929818e+02      
3.4587449e+01 2.0503100e+02      
3.6635840e+01 2.0085534e+02      
3.9371528e+01 1.9683697e+02      
4.2773795e+01 1.9304687e+02      
4.6812886e+01 1.8956887e+02      
5.1439238e+01 1.8651372e+02      
5.6572241e+01 1.8403342e+02      
6.2058737e+01 1.8234113e+02      
6.7497249e+01 1.8174390e+02      
7.0931652e+01 1.8277333e+02      
7.2350028e+01 1.8540023e+02      
7.4984752e+01 1.8890305e+02      
7.9078845e+01 1.9306357e+02      
8.1400350e+01 1.9612644e+02      
8.1467755e+01 1.9783345e+02      
7.9476723e+01 1.9824998e+02      
6.1213736e+01 2.0846504e+02      
6.0624468e+01 2.0420319e+02      
6.0763748e+01 1.9980525e+02      
6.1635809e+01 1.9532960e+02      
6.3238511e+01 1.9083525e+02      
6.5564652e+01 1.8638116e+02      
6.8605578e+01 1.8202531e+02      
7.2356629e+01 1.7782462e+02      
7.6816974e+01 1.7384227e+02      
8.1971918e+01 1.7017363e+02      
8.7734940e+01 1.6699749e+02      
9.3784579e+01 1.6464337e+02      
9.8348614e+01 1.6391888e+02      
1.0090190e+02 1.6503759e+02      
1.0161729e+02 1.6795755e+02      
1.0349472e+02 1.7147523e+02      
1.0678994e+02 1.7533556e+02      
1.0858248e+02 1.7833510e+02      
1.0843300e+02 1.8023901e+02      
1.0634259e+02 1.8107266e+02      
8.7239428e+01 1.9181006e+02      
8.6864910e+01 1.8746295e+02      
8.7224945e+01 1.8293935e+02      
8.8326415e+01 1.7829496e+02      
9.0169031e+01 1.7358543e+02      
9.2745881e+01 1.6886528e+02      
9.6049211e+01 1.6418470e+02      
1.0008727e+02 1.5958134e+02      
1.0490931e+02 1.5506819e+02      
1.1054286e+02 1.5070030e+02      
1.1675123e+02 1.4676122e+02      
1.2192471e+02 1.4426486e+02      
1.2561466e+02 1.4345121e+02      
1.2750869e+02 1.4452063e+02      
1.2768382e+02 1.4748809e+02      
1.2856001e+02 1.5079338e+02      
1.3006443e+02 1.5410019e+02      
1.3117518e+02 1.5699294e+02      
1.3132851e+02 1.5923165e+02      
1.3028564e+02 1.6075446e+02      
1.1116718e+02 1.7235717e+02      
1.1099984e+02 1.6793832e+02      
1.1156796e+02 1.6330487e+02      
1.1288171e+02 1.5850945e+02      
1.1494279e+02 1.5360431e+02      
1.1774013e+02 1.4864127e+02      
1.2125056e+02 1.4366964e+02      
1.2546430e+02 1.3872365e+02      
1.3046345e+02 1.3377004e+02      
1.3635667e+02 1.2874974e+02      
1.4168361e+02 1.2482236e+02      
1.4596088e+02 1.2230841e+02      
1.4895981e+02 1.2134978e+02      
1.5052290e+02 1.2206671e+02      
1.5060562e+02 1.2457967e+02      
1.5076098e+02 1.2762311e+02      
1.5123571e+02 1.3069511e+02      
1.5191212e+02 1.3357508e+02      
1.5265812e+02 1.3618862e+02      
1.5191744e+02 1.3806587e+02      
1.3262123e+02 1.5044907e+02      
1.3264733e+02 1.4597555e+02      
1.3340404e+02 1.4125286e+02      
1.3490681e+02 1.3633008e+02      
1.3716429e+02 1.3125496e+02      
1.4016473e+02 1.2607664e+02      
1.4384761e+02 1.2085244e+02      
1.4812052e+02 1.1564719e+02      
1.5292421e+02 1.1053391e+02      
1.5799304e+02 1.0575891e+02      
1.6252834e+02 1.0194275e+02      
1.6604459e+02 9.9444540e+01      
1.6843968e+02 9.8337610e+01      
1.6987750e+02 9.8470573e+01      
1.7063925e+02 9.9562782e+01      
1.7016493e+02 1.0249650e+02      
1.6989495e+02 1.0544748e+02      
1.6997897e+02 1.0827215e+02      
1.7041420e+02 1.1091038e+02      
1.6955651e+02 1.1297044e+02      
1.5127084e+02 1.2646356e+02      
1.5147068e+02 1.2195577e+02      
1.5238841e+02 1.1716940e+02      
1.5404595e+02 1.1214975e+02      
1.5647005e+02 1.0693716e+02      
1.5968447e+02 1.0156888e+02      
1.6359962e+02 9.6105929e+01      
1.6789791e+02 9.0665324e+01      
1.7252618e+02 8.5342868e+01      
1.7737500e+02 8.0384860e+01      
1.8147208e+02 7.6456663e+01      
1.8427330e+02 7.3955981e+01      
1.8583777e+02 7.2873495e+01      
1.8680674e+02 7.2804369e+01      
1.8717532e+02 7.3733199e+01      
1.8652183e+02 7.5931352e+01      
1.8558560e+02 7.8640500e+01      
1.8477378e+02 8.1391738e+01      
1.8402257e+02 8.3957729e+01      
1.8287253e+02 8.6139846e+01      
1.6683629e+02 1.0080658e+02      
1.6718598e+02 9.6287425e+01      
1.6822928e+02 9.1467326e+01      
1.6998875e+02 8.6389771e+01      
1.7250847e+02 8.1087495e+01      
1.7589754e+02 7.5570355e+01      
1.8021896e+02 6.9857362e+01      
1.8449272e+02 6.4195608e+01      
1.8887351e+02 5.8586129e+01      
1.9433386e+02 5.2893376e+01      
1.9833316e+02 4.8594323e+01      
2.0046197e+02 4.6069676e+01      
2.0070315e+02 4.5353283e+01      
2.0120218e+02 4.5149441e+01      
2.0148651e+02 4.5729270e+01      
2.0001452e+02 4.7836902e+01      
1.9818365e+02 5.0571301e+01      
1.9644618e+02 5.3399996e+01      
1.9486135e+02 5.6031775e+01      
1.9333894e+02 5.8327210e+01      
1.7909352e+02 7.3905038e+01      
1.7956950e+02 6.9398062e+01      
1.8070218e+02 6.4575886e+01      
1.8249779e+02 5.9486064e+01      
1.8498160e+02 5.4164614e+01      
1.8825054e+02 4.8613544e+01      
1.9237180e+02 4.2817573e+01      
1.9641731e+02 3.7067867e+01      
2.0063514e+02 3.1261943e+01      
2.0601376e+02 2.5090803e+01      
2.0982038e+02 2.0471203e+01      
2.1167633e+02 1.7749179e+01      
2.1172898e+02 1.6888466e+01      
2.1228906e+02 1.6218488e+01      
2.1198913e+02 1.6701870e+01      
2.1030527e+02 1.8606950e+01      
2.0747474e+02 2.1667791e+01      
2.0483490e+02 2.4781742e+01      
2.0259355e+02 2.7575448e+01      
2.0068930e+02 2.9972639e+01      
1.8787544e+02 4.6200309e+01      
1.8846116e+02 4.1726974e+01      
1.8966262e+02 3.6929942e+01      
1.9144854e+02 3.1869114e+01      
1.9377892e+02 2.6602240e+01      
1.9663340e+02 2.1170015e+01      
1.9993312e+02 1.5614491e+01      
2.0345864e+02 1.0002254e+01      
2.0742088e+02 4.1973429e+00      
2.1212695e+02 -1.9373156e+00      
2.1549713e+02 -6.6254528e+00      
2.1739299e+02 -9.7230185e+00      
2.1806842e+02 -1.1366332e+01      
2.1843804e+02 -1.2373920e+01      
2.1783014e+02 -1.2107256e+01      
2.1592231e+02 -1.0324344e+01      
2.1293463e+02 -7.3277519e+00      
2.0952318e+02 -3.8329862e+00      
2.0680583e+02 -9.1558936e-01      
2.0459539e+02 1.5248424e+00      
1.9306806e+02 1.8143183e+01      
1.9375728e+02 1.3721106e+01      
1.9504262e+02 8.9638798e+00      
1.9683811e+02 3.9510210e+00      
1.9899420e+02 -1.2189134e+00      
2.0139540e+02 -6.4642355e+00      
2.0397165e+02 -1.1730212e+01      
2.0672306e+02 -1.7002297e+01      
2.0976109e+02 -2.2308883e+01      
2.1296282e+02 -2.7479411e+01      
2.1564622e+02 -3.1896528e+01      
2.1755014e+02 -3.5315997e+01      
2.1880993e+02 -3.7857332e+01      
2.1965560e+02 -3.9790813e+01      
2.1893305e+02 -3.9863835e+01      
2.1669329e+02 -3.8033919e+01      
2.1333990e+02 -3.4838282e+01      
2.1010107e+02 -3.1710735e+01      
2.0728894e+02 -2.8946362e+01      
2.0490622e+02 -2.6565508e+01      
1.9460217e+02 -9.8098151e+00      
1.9538580e+02 -1.4162881e+01      
1.9681639e+02 -1.8883393e+01      
1.9877286e+02 -2.3878000e+01      
2.0082986e+02 -2.8950140e+01      
2.0280901e+02 -3.3981011e+01      
2.0464943e+02 -3.8898117e+01      
2.0641708e+02 -4.3689146e+01      
2.0842953e+02 -4.8437709e+01      
2.1062412e+02 -5.3030810e+01      
2.1271580e+02 -5.7224565e+01      
2.1451092e+02 -6.0847596e+01      
2.1593446e+02 -6.3820723e+01      
2.1674794e+02 -6.5931654e+01      
2.1575610e+02 -6.6213694e+01      
2.1304895e+02 -6.4111739e+01      
2.0991380e+02 -6.1394335e+01      
2.0685580e+02 -5.8663348e+01      
2.0407254e+02 -5.6138292e+01      
2.0161455e+02 -5.3887490e+01      
1.9245197e+02 -3.7202409e+01      
1.9327092e+02 -4.1451956e+01      
1.9484727e+02 -4.6122484e+01      
1.9725218e+02 -5.1183402e+01      
1.9925660e+02 -5.6159350e+01      
2.0084245e+02 -6.0961730e+01      
2.0195033e+02 -6.5495747e+01      
2.0248260e+02 -6.9670614e+01      
2.0358976e+02 -7.3930398e+01      
2.0509029e+02 -7.8165791e+01      
2.0674958e+02 -8.2239669e+01      
2.0843073e+02 -8.6046263e+01      
2.0990461e+02 -8.9329622e+01      
2.1018395e+02 -9.1172316e+01      
2.0891948e+02 -9.1217047e+01      
2.0612501e+02 -8.9357838e+01      
2.0303014e+02 -8.6919912e+01      
2.0004892e+02 -8.4464423e+01      
1.9730137e+02 -8.2162834e+01      
1.9481586e+02 -8.0066268e+01      
1.8666073e+02 -6.3594577e+01      
1.8737766e+02 -6.7675987e+01      
1.8878424e+02 -7.2170550e+01      
1.9093948e+02 -7.7071403e+01      
1.9263482e+02 -8.1821097e+01      
1.9384600e+02 -8.6353666e+01      
1.9452008e+02 -9.0574570e+01      
1.9458058e+02 -9.4374781e+01      
1.9517488e+02 -9.8292877e+01      
1.9618182e+02 -1.0224198e+02      
1.9746826e+02 -1.0617879e+02      
1.9902325e+02 -1.1015012e+02      
1.9999801e+02 -1.1325456e+02      
1.9989300e+02 -1.1493222e+02      
1.9850182e+02 -1.1493877e+02      
1.9594925e+02 -1.1341738e+02      
1.9276882e+02 -1.1101300e+02      
1.8984125e+02 -1.0876717e+02      
1.8715003e+02 -1.0668227e+02      
1.8467098e+02 -1.0474809e+02      
1.7738000e+02 -8.8585576e+01      
1.7786519e+02 -9.2433304e+01      
1.7880302e+02 -9.6599965e+01      
1.8005854e+02 -1.0098490e+02      
1.8120393e+02 -1.0535599e+02      
1.8206185e+02 -1.0958451e+02      
1.8258899e+02 -1.1359497e+02      
1.8288181e+02 -1.1738346e+02      
1.8330321e+02 -1.2109683e+02      
1.8393655e+02 -1.2475389e+02      
1.8473533e+02 -1.2833092e+02      
1.8561165e+02 -1.3178472e+02      
1.8629601e+02 -1.3488080e+02      
1.8596460e+02 -1.3653175e+02      
1.8444831e+02 -1.3647320e+02      
1.8190021e+02 -1.3495397e+02      
1.7913287e+02 -1.3310230e+02      
1.7641931e+02 -1.3121379e+02      
1.7383387e+02 -1.2936961e+02      
1.7139388e+02 -1.2760198e+02      
1.6486497e+02 -1.1182179e+02      
1.6507947e+02 -1.1540839e+02      
1.6557470e+02 -1.1923852e+02      
1.6623910e+02 -1.2321702e+02      
1.6689994e+02 -1.2722126e+02      
1.6743333e+02 -1.3114837e+02      
1.6780261e+02 -1.3493426e+02      
1.6806109e+02 -1.3856103e+02      
1.6831729e+02 -1.4204479e+02      
1.6862450e+02 -1.4538126e+02      
1.6895789e+02 -1.4853189e+02      
1.6923211e+02 -1.5142149e+02      
1.6927881e+02 -1.5389173e+02      
1.6879436e+02 -1.5557413e+02      
1.6715311e+02 -1.5538451e+02      
1.6497559e+02 -1.5441880e+02      
1.6256150e+02 -1.5307346e+02      
1.6008152e+02 -1.5154373e+02      
1.5762743e+02 -1.4993850e+02      
1.5524923e+02 -1.4832838e+02      
1.4942722e+02 -1.3298492e+02      
1.4939317e+02 -1.3631235e+02      
1.4954593e+02 -1.3983843e+02      
1.4981294e+02 -1.4348385e+02      
1.5010232e+02 -1.4716091e+02      
1.5033978e+02 -1.5078985e+02      
1.5049301e+02 -1.5431081e+02      
1.5057271e+02 -1.5768622e+02      
1.5060928e+02 -1.6089100e+02      
1.5061452e+02 -1.6389287e+02      
1.5055980e+02 -1.6663772e+02      
1.5037161e+02 -1.6903804e+02      
1.4992978e+02 -1.7095562e+02      
1.4905397e+02 -1.7214344e+02      
1.4756771e+02 -1.7231600e+02      
1.4564791e+02 -1.7177795e+02      
1.4347733e+02 -1.7080038e+02      
1.4118309e+02 -1.6954959e+02      
1.3885316e+02 -1.6814209e+02      
1.3654529e+02 -1.6666194e+02      
1.3140137e+02 -1.5178364e+02      
1.3115469e+02 -1.5486269e+02      
1.3103739e+02 -1.5810912e+02      
1.3100217e+02 -1.6145473e+02      
1.3099359e+02 -1.6482808e+02      
1.3096381e+02 -1.6816176e+02      
1.3088416e+02 -1.7139808e+02      
1.3074549e+02 -1.7448984e+02      
1.3054681e+02 -1.7739497e+02      
1.3027839e+02 -1.8006726e+02      
1.2990917e+02 -1.8244724e+02      
1.2938216e+02 -1.8445490e+02      
1.2861684e+02 -1.8598440e+02      
1.2752343e+02 -1.8691192e+02      
1.2605554e+02 -1.8717284e+02      
1.2426379e+02 -1.8685177e+02      
1.2224383e+02 -1.8609412e+02      
1.2008556e+02 -1.8502890e+02      
1.1786088e+02 -1.8375977e+02      
1.1562318e+02 -1.8236938e+02      
1.1113875e+02 -1.6795659e+02      
1.1071266e+02 -1.7079906e+02      
1.1037600e+02 -1.7378333e+02      
1.1009742e+02 -1.7684890e+02      
1.0984083e+02 -1.7993354e+02      
1.0957294e+02 -1.8297700e+02      
1.0926875e+02 -1.8592374e+02      
1.0891170e+02 -1.8872327e+02      
1.0848844e+02 -1.9132743e+02      
1.0798092e+02 -1.9368602e+02      
1.0736019e+02 -1.9574237e+02      
1.0658471e+02 -1.9743119e+02      
1.0560482e+02 -1.9868150e+02      
1.0437596e+02 -1.9943144e+02      
1.0288082e+02 -1.9965962e+02      
1.0114300e+02 -1.9940599e+02      
9.9214515e+01 -1.9875138e+02      
9.7154684e+01 -1.9778600e+02      
9.5017720e+01 -1.9659389e+02      
9.2848137e+01 -1.9524883e+02      
8.9008782e+01 -1.8127885e+02      
8.8431169e+01 -1.8389586e+02      
8.7912716e+01 -1.8663168e+02      
8.7432571e+01 -1.8943152e+02      
8.6966224e+01 -1.9223936e+02      
8.6489439e+01 -1.9499997e+02      
8.5981038e+01 -1.9766051e+02      
8.5423143e+01 -2.0017078e+02      
8.4798864e+01 -2.0248218e+02      
8.4088810e+01 -2.0454590e+02      
8.3268489e+01 -2.0631156e+02      
8.2308414e+01 -2.0772782e+02      
8.1178022e+01 -2.0874679e+02      
7.9853664e+01 -2.0933385e+02      
7.8328221e+01 -2.0948071e+02      
7.6615958e+01 -2.0921198e+02      
7.4748302e+01 -2.0857849e+02      
7.2764711e+01 -2.0764390e+02      
7.0704785e+01 -2.0647420e+02      
6.8603653e+01 -2.0513224e+02      
