3.1239478e+00 2.3136606e+02      
2.5445746e+00 2.2737289e+02      
2.4340892e+00 2.2364569e+02      
2.5162705e+00 2.2037971e+02      
2.6172210e+00 2.1772454e+02      
2.7260362e+00 2.1574988e+02      
2.9869471e+00 2.1444003e+02      
3.6298732e+00 2.1372040e+02      
4.7890193e+00 2.1352437e+02      
6.4524965e+00 2.1381460e+02      
8.4973852e+00 2.1456753e+02      
1.0724280e+01 2.1575551e+02      
1.2981150e+01 2.1734163e+02      
1.5303701e+01 2.1928505e+02      
1.7791105e+01 2.2152803e+02      
2.0501574e+01 2.2399471e+02      
2.3455275e+01 2.2660116e+02      
2.6662768e+01 2.2926333e+02      
3.0154313e+01 2.3190395e+02      
3.3989326e+01 2.3445527e+02      
3.1890170e+01 2.1936379e+02      
3.2027205e+01 2.1489813e+02      
3.2769993e+01 2.1065109e+02      
3.3425901e+01 2.0697529e+02      
3.3737654e+01 2.0408354e+02      
3.3709523e+01 2.0206000e+02      
3.3589737e+01 2.0084911e+02      
3.4018745e+01 2.0022790e+02      
3.5206950e+01 2.0008974e+02      
3.7087024e+01 2.0041181e+02      
3.9461094e+01 2.0119467e+02      
4.1925314e+01 2.0242434e+02      
4.3974995e+01 2.0404433e+02      
4.5942762e+01 2.0604676e+02      
4.8076657e+01 2.0836842e+02      
5.0441975e+01 2.1091265e+02      
5.3022521e+01 2.1357778e+02      
5.5783175e+01 2.1626353e+02      
5.8742134e+01 2.1888429e+02      
6.1998164e+01 2.2137837e+02      
5.9266410e+01 2.0390827e+02      
6.0239254e+01 1.9885945e+02      
6.2372994e+01 1.9383708e+02      
6.3718565e+01 1.8963251e+02      
6.4237746e+01 1.8646589e+02      
6.3958587e+01 1.8444415e+02      
6.2960060e+01 1.8354386e+02      
6.3085591e+01 1.8310060e+02      
6.4359355e+01 1.8303982e+02      
6.6618352e+01 1.8338442e+02      
6.9610538e+01 1.8418012e+02      
7.2729660e+01 1.8548063e+02      
7.4258178e+01 1.8712205e+02      
7.5669351e+01 1.8923298e+02      
7.7358189e+01 1.9169575e+02      
7.9367410e+01 1.9437903e+02      
8.1582600e+01 1.9716328e+02      
8.3841969e+01 1.9991840e+02      
8.6109311e+01 2.0253549e+02      
8.8601964e+01 2.0498291e+02      
8.4558382e+01 1.8539046e+02      
8.6053571e+01 1.7976268e+02      
8.8783742e+01 1.7399729e+02      
9.0577005e+01 1.6924154e+02      
9.1323645e+01 1.6575353e+02      
9.1059631e+01 1.6367280e+02      
8.9947043e+01 1.6299002e+02      
9.0038396e+01 1.6269586e+02      
9.1500310e+01 1.6269995e+02      
9.4286266e+01 1.6302004e+02      
9.8064806e+01 1.6374320e+02      
1.0113883e+02 1.6498974e+02      
1.0301439e+02 1.6676578e+02      
1.0384397e+02 1.6908581e+02      
1.0507822e+02 1.7177856e+02      
1.0682437e+02 1.7467199e+02      
1.0882410e+02 1.7766318e+02      
1.1063780e+02 1.8057719e+02      
1.1188203e+02 1.8315321e+02      
1.1332377e+02 1.8553946e+02      
1.0722912e+02 1.6425538e+02      
1.0888161e+02 1.5814801e+02      
1.1169296e+02 1.5176474e+02      
1.1366575e+02 1.4649855e+02      
1.1466261e+02 1.4261946e+02      
1.1470128e+02 1.4031818e+02      
1.1395244e+02 1.3965407e+02      
1.1426396e+02 1.3939637e+02      
1.1579124e+02 1.3950488e+02      
1.1902897e+02 1.3975918e+02      
1.2268142e+02 1.4038149e+02      
1.2585359e+02 1.4158044e+02      
1.2812272e+02 1.4345609e+02      
1.2951810e+02 1.4598019e+02      
1.3053894e+02 1.4897521e+02      
1.3233640e+02 1.5209916e+02      
1.3443315e+02 1.5537013e+02      
1.3607434e+02 1.5863078e+02      
1.3549618e+02 1.6099059e+02      
1.3558812e+02 1.6332907e+02      
1.2694583e+02 1.4094856e+02      
1.2847564e+02 1.3454123e+02      
1.3101058e+02 1.2780294e+02      
1.3297345e+02 1.2212509e+02      
1.3426232e+02 1.1774784e+02      
1.3485927e+02 1.1492235e+02      
1.3470243e+02 1.1397184e+02      
1.3536886e+02 1.1359934e+02      
1.3629961e+02 1.1405502e+02      
1.3888907e+02 1.1448497e+02      
1.4273577e+02 1.1493347e+02      
1.4621737e+02 1.1602815e+02      
1.4888022e+02 1.1799205e+02      
1.5079197e+02 1.2073759e+02      
1.5306380e+02 1.2372282e+02      
1.5540971e+02 1.2693933e+02      
1.5776183e+02 1.3042762e+02      
1.5795693e+02 1.3360684e+02      
1.5584582e+02 1.3615898e+02      
1.5472157e+02 1.3866061e+02      
1.4352839e+02 1.1587277e+02      
1.4479522e+02 1.0932802e+02      
1.4675691e+02 1.0264562e+02      
1.4861220e+02 9.6643715e+01      
1.5017195e+02 9.1685186e+01      
1.5155169e+02 8.7945941e+01      
1.5192900e+02 8.6348209e+01      
1.5186396e+02 8.6461660e+01      
1.5274112e+02 8.6936657e+01      
1.5490469e+02 8.7483498e+01      
1.5822696e+02 8.8104795e+01      
1.6214436e+02 8.9002425e+01      
1.6526238e+02 9.1022841e+01      
1.6874763e+02 9.3465592e+01      
1.7265724e+02 9.6285599e+01      
1.7522634e+02 9.9411926e+01      
1.7639825e+02 1.0276940e+02      
1.7537811e+02 1.0607491e+02      
1.7216474e+02 1.0909499e+02      
1.7013416e+02 1.1195441e+02      
1.5686461e+02 8.9411521e+01      
1.5792927e+02 8.2719357e+01      
1.5988053e+02 7.5613485e+01      
1.6164478e+02 6.9190614e+01      
1.6322876e+02 6.3651809e+01      
1.6440683e+02 5.9603907e+01      
1.6482894e+02 5.7690270e+01      
1.6464298e+02 5.7901479e+01      
1.6537762e+02 5.8424178e+01      
1.6723745e+02 5.9053717e+01      
1.7022140e+02 5.9818082e+01      
1.7407417e+02 6.0838456e+01      
1.7817335e+02 6.2424415e+01      
1.8295127e+02 6.4410460e+01      
1.8672942e+02 6.6921692e+01      
1.8902708e+02 6.9888646e+01      
1.8953780e+02 7.3225379e+01      
1.8781394e+02 7.6802461e+01      
1.8398722e+02 8.0424060e+01      
1.8141220e+02 8.3742163e+01      
1.6685438e+02 6.1975736e+01      
1.6757595e+02 5.5321418e+01      
1.6886096e+02 4.8496887e+01      
1.7037316e+02 4.1860622e+01      
1.7208086e+02 3.5497995e+01      
1.7324147e+02 3.0795333e+01      
1.7372464e+02 2.8404295e+01      
1.7366912e+02 2.8417233e+01      
1.7429060e+02 2.8863911e+01      
1.7579229e+02 2.9561077e+01      
1.7843810e+02 3.0435562e+01      
1.8256586e+02 3.1346618e+01      
1.8676281e+02 3.2694625e+01      
1.9108270e+02 3.4397449e+01      
1.9455186e+02 3.6629152e+01      
1.9663202e+02 3.9414581e+01      
1.9692958e+02 4.2747492e+01      
1.9501458e+02 4.6609422e+01      
1.9106033e+02 5.0830928e+01      
1.8831949e+02 5.4612750e+01      
1.7349280e+02 3.3929425e+01      
1.7392596e+02 2.7303328e+01      
1.7476476e+02 2.0601841e+01      
1.7584846e+02 1.4034196e+01      
1.7706974e+02 7.7747814e+00      
1.7824993e+02 2.2023728e+00      
1.7887169e+02 -1.0206805e+00      
1.7907446e+02 -1.5941956e+00      
1.7963309e+02 -1.4654602e+00      
1.8047852e+02 -5.9056960e-01      
1.8219579e+02 5.9297103e-01      
1.8497821e+02 1.8527366e+00      
1.8847864e+02 3.2173605e+00      
1.9270353e+02 4.5721006e+00      
1.9597319e+02 6.5486537e+00      
1.9813747e+02 9.0546210e+00      
1.9860315e+02 1.2283486e+01      
1.9694756e+02 1.6311703e+01      
1.9332991e+02 2.1004333e+01      
1.9079181e+02 2.5163194e+01      
1.7681973e+02 5.6411491e+00      
1.7711888e+02 -1.0658405e+00      
1.7768945e+02 -7.7767969e+00      
1.7837363e+02 -1.4264748e+01      
1.7910011e+02 -2.0354173e+01      
1.7983282e+02 -2.5814174e+01      
1.8052438e+02 -3.0139192e+01      
1.8105091e+02 -3.1814335e+01      
1.8170621e+02 -3.2415250e+01      
1.8129844e+02 -3.0914778e+01      
1.8184518e+02 -2.9275088e+01      
1.8341564e+02 -2.7689247e+01      
1.8576075e+02 -2.6064421e+01      
1.8857065e+02 -2.4328177e+01      
1.9129338e+02 -2.2353050e+01      
1.9385329e+02 -2.0268684e+01      
1.9471130e+02 -1.7239329e+01      
1.9376353e+02 -1.3315511e+01      
1.9093261e+02 -8.4151589e+00      
1.8893218e+02 -4.0464753e+00      
1.7685811e+02 -2.2460037e+01      
1.7725902e+02 -2.9424221e+01      
1.7771158e+02 -3.6266758e+01      
1.7804763e+02 -4.2733973e+01      
1.7828012e+02 -4.8721330e+01      
1.7849635e+02 -5.4115245e+01      
1.7885033e+02 -5.8577495e+01      
1.7951034e+02 -6.1803300e+01      
1.7926146e+02 -6.2453086e+01      
1.7797422e+02 -6.0558465e+01      
1.7760070e+02 -5.8636462e+01      
1.7820445e+02 -5.6849266e+01      
1.7951014e+02 -5.4991379e+01      
1.8123058e+02 -5.2947235e+01      
1.8307418e+02 -5.0668612e+01      
1.8472413e+02 -4.8103458e+01      
1.8567771e+02 -4.5073234e+01      
1.8587321e+02 -4.1646066e+01      
1.8420617e+02 -3.6899662e+01      
1.8300665e+02 -3.2539549e+01      
1.7349962e+02 -4.9808670e+01      
1.7435239e+02 -5.7304800e+01      
1.7476441e+02 -6.4358652e+01      
1.7473291e+02 -7.0786643e+01      
1.7437686e+02 -7.6599130e+01      
1.7389795e+02 -8.1972790e+01      
1.7354559e+02 -8.6440265e+01      
1.7328121e+02 -8.9781070e+01      
1.7233736e+02 -9.0673083e+01      
1.7055954e+02 -8.8812780e+01      
1.6958597e+02 -8.6958437e+01      
1.6947660e+02 -8.5197553e+01      
1.7000138e+02 -8.3243224e+01      
1.7093291e+02 -8.0981127e+01      
1.7203827e+02 -7.8391078e+01      
1.7307307e+02 -7.5455199e+01      
1.7381853e+02 -7.2145296e+01      
1.7409001e+02 -6.8408222e+01      
1.7373710e+02 -6.4163553e+01      
1.7342796e+02 -5.9962941e+01      
1.6641825e+02 -7.5623848e+01      
1.6719726e+02 -8.3360794e+01      
1.6738381e+02 -9.0456950e+01      
1.6692269e+02 -9.6687500e+01      
1.6587228e+02 -1.0195782e+02      
1.6428271e+02 -1.0619049e+02      
1.6318498e+02 -1.1041961e+02      
1.6253751e+02 -1.1460519e+02      
1.6127965e+02 -1.1634572e+02      
1.5934518e+02 -1.1513959e+02      
1.5803605e+02 -1.1384424e+02      
1.5743958e+02 -1.1242518e+02      
1.5740103e+02 -1.1050299e+02      
1.5776127e+02 -1.0806213e+02      
1.5835228e+02 -1.0521274e+02      
1.5901013e+02 -1.0200474e+02      
1.5960015e+02 -9.8424172e+01      
1.6003203e+02 -9.4466118e+01      
1.6032368e+02 -9.0248554e+01      
1.6066644e+02 -8.6048156e+01      
1.5567309e+02 -9.9283655e+01      
1.5602854e+02 -1.0693176e+02      
1.5579446e+02 -1.1383349e+02      
1.5488409e+02 -1.1975937e+02      
1.5330833e+02 -1.2455542e+02      
1.5112442e+02 -1.2814154e+02      
1.4939337e+02 -1.3196369e+02      
1.4802814e+02 -1.3584500e+02      
1.4665027e+02 -1.3896521e+02      
1.4475450e+02 -1.3916503e+02      
1.4327887e+02 -1.3909007e+02      
1.4235995e+02 -1.3846555e+02      
1.4191462e+02 -1.3654554e+02      
1.4186848e+02 -1.3382992e+02      
1.4210405e+02 -1.3071774e+02      
1.4251122e+02 -1.2731600e+02      
1.4302985e+02 -1.2354372e+02      
1.4363510e+02 -1.1933295e+02      
1.4431667e+02 -1.1487943e+02      
1.4511130e+02 -1.1047929e+02      
1.4157961e+02 -1.2033490e+02      
1.4126984e+02 -1.2746267e+02      
1.4049315e+02 -1.3390317e+02      
1.3917231e+02 -1.3948553e+02      
1.3730195e+02 -1.4406821e+02      
1.3492750e+02 -1.4755712e+02      
1.3284010e+02 -1.5127514e+02      
1.3098548e+02 -1.5505561e+02      
1.2917388e+02 -1.5840694e+02      
1.2730495e+02 -1.6077384e+02      
1.2568335e+02 -1.6258118e+02      
1.2453554e+02 -1.6341790e+02      
1.2377228e+02 -1.6109227e+02      
1.2345782e+02 -1.5784376e+02      
1.2345010e+02 -1.5441236e+02      
1.2365817e+02 -1.5097668e+02      
1.2411165e+02 -1.4722320e+02      
1.2490584e+02 -1.4256454e+02      
1.2592206e+02 -1.3762902e+02      
1.2708496e+02 -1.3286663e+02      
1.2461720e+02 -1.3859033e+02      
1.2342687e+02 -1.4459560e+02      
1.2207375e+02 -1.5034343e+02      
1.2040739e+02 -1.5555928e+02      
1.1840903e+02 -1.6014236e+02      
1.1617540e+02 -1.6419159e+02      
1.1396057e+02 -1.6814022e+02      
1.1181721e+02 -1.7211408e+02      
1.0968182e+02 -1.7609687e+02      
1.0755344e+02 -1.8008033e+02      
1.0562549e+02 -1.8377249e+02      
1.0417403e+02 -1.8498164e+02      
1.0323955e+02 -1.8334300e+02      
1.0280980e+02 -1.7942294e+02      
1.0264905e+02 -1.7562000e+02      
1.0264324e+02 -1.7238348e+02      
1.0291833e+02 -1.6930179e+02      
1.0401533e+02 -1.6364984e+02      
1.0540043e+02 -1.5801134e+02      
1.0691771e+02 -1.5277949e+02      
1.0543038e+02 -1.5426025e+02      
1.0367112e+02 -1.5948567e+02      
1.0185869e+02 -1.6462356e+02      
9.9895631e+01 -1.6948365e+02      
9.7760232e+01 -1.7399381e+02      
9.5500346e+01 -1.7821537e+02      
9.3196597e+01 -1.8231370e+02      
9.0880135e+01 -1.8646113e+02      
8.8505576e+01 -1.9093924e+02      
8.6003493e+01 -1.9614817e+02      
8.3755398e+01 -2.0007099e+02      
8.2039452e+01 -2.0162312e+02      
8.0950919e+01 -2.0054802e+02      
8.0393151e+01 -1.9737079e+02      
8.0116168e+01 -1.9337546e+02      
7.9812138e+01 -1.9052606e+02      
7.9914896e+01 -1.8763014e+02      
8.1280059e+01 -1.8174809e+02      
8.3086463e+01 -1.7551892e+02      
8.4987215e+01 -1.6977439e+02      
8.4478240e+01 -1.6731019e+02      
8.2343470e+01 -1.7196210e+02      
8.0198576e+01 -1.7660123e+02      
7.7990316e+01 -1.8110342e+02      
7.5701386e+01 -1.8541034e+02      
7.3348431e+01 -1.8953930e+02      
7.0961110e+01 -1.9356848e+02      
6.8551747e+01 -1.9761558e+02      
6.6098243e+01 -2.0184662e+02      
6.3558824e+01 -2.0635257e+02      
6.0962480e+01 -2.1071764e+02      
5.8998896e+01 -2.1265908e+02      
5.7849833e+01 -2.1184381e+02      
5.7254634e+01 -2.0898078e+02      
5.6445576e+01 -2.0661061e+02      
5.5608400e+01 -2.0493359e+02      
5.5794210e+01 -2.0173684e+02      
5.7121187e+01 -1.9649015e+02      
5.9420147e+01 -1.8966162e+02      
6.1742982e+01 -1.8340570e+02      
6.2128992e+01 -1.7757169e+02      
5.9728935e+01 -1.8174152e+02      
5.7341701e+01 -1.8593815e+02      
5.4939964e+01 -1.9007115e+02      
5.2513514e+01 -1.9408702e+02      
5.0068971e+01 -1.9797448e+02      
4.7620708e+01 -2.0175676e+02      
4.5178983e+01 -2.0547509e+02      
4.2744391e+01 -2.0916053e+02      
4.0313715e+01 -2.1277053e+02      
3.7914290e+01 -2.1605505e+02      
3.5734003e+01 -2.1830669e+02      
3.4681468e+01 -2.1745658e+02      
3.3666305e+01 -2.1601527e+02      
3.2287105e+01 -2.1512977e+02      
3.1634357e+01 -2.1328954e+02      
3.1894793e+01 -2.1010743e+02      
3.3083392e+01 -2.0548859e+02      
3.5118995e+01 -1.9964226e+02      
3.7771168e+01 -1.9313876e+02      
