1.7795617e+01 2.4147410e+02      
1.5929694e+01 2.3956668e+02      
1.4407736e+01 2.3766164e+02      
1.3203629e+01 2.3580535e+02      
1.2302131e+01 2.3404477e+02      
1.1702174e+01 2.3242675e+02      
1.1413104e+01 2.3099587e+02      
1.1446821e+01 2.2979168e+02      
1.1811125e+01 2.2884611e+02      
1.2507376e+01 2.2818129e+02      
1.3532705e+01 2.2780771e+02      
1.4884439e+01 2.2772282e+02      
1.6562765e+01 2.2791102e+02      
1.8569394e+01 2.2834512e+02      
2.0904260e+01 2.2898890e+02      
2.3563721e+01 2.2979978e+02      
2.6541713e+01 2.3073121e+02      
2.9833136e+01 2.3173478e+02      
3.3437509e+01 2.3276195e+02      
3.7360646e+01 2.3376508e+02      
4.6731067e+01 2.3104472e+02      
4.5100173e+01 2.2902845e+02      
4.3787013e+01 2.2698788e+02      
4.2747066e+01 2.2497167e+02      
4.1956349e+01 2.2303107e+02      
4.1419878e+01 2.2122007e+02      
4.1161923e+01 2.1959193e+02      
4.1207742e+01 2.1819446e+02      
4.1570610e+01 2.1706671e+02      
4.2248612e+01 2.1623662e+02      
4.3230820e+01 2.1571834e+02      
4.4509208e+01 2.1550954e+02      
4.6085776e+01 2.1559070e+02      
4.7967475e+01 2.1592787e+02      
5.0156564e+01 2.1647718e+02      
5.2646278e+01 2.1718862e+02      
5.5423413e+01 2.1800891e+02      
5.8475551e+01 2.1888401e+02      
6.1799192e+01 2.1976165e+02      
6.5403648e+01 2.2059260e+02      
7.4562144e+01 2.1703848e+02      
7.3241859e+01 2.1489763e+02      
7.2205956e+01 2.1270560e+02      
7.1372335e+01 2.1051035e+02      
7.0697839e+01 2.0836582e+02      
7.0205628e+01 2.0633644e+02      
6.9955442e+01 2.0448855e+02      
6.9998887e+01 2.0288058e+02      
7.0357580e+01 2.0156017e+02      
7.1019850e+01 2.0056324e+02      
7.1952948e+01 1.9991060e+02      
7.3134617e+01 1.9960121e+02      
7.4575668e+01 1.9960872e+02      
7.6299749e+01 1.9988805e+02      
7.8315736e+01 2.0038450e+02      
8.0610852e+01 2.0103884e+02      
8.3157177e+01 2.0178936e+02      
8.5926069e+01 2.0257459e+02      
8.8906585e+01 2.0333780e+02      
9.2115086e+01 2.0402972e+02      
1.0084941e+02 1.9970400e+02      
9.9941779e+01 1.9742378e+02      
9.9289443e+01 1.9506835e+02      
9.8725302e+01 1.9267637e+02      
9.8147236e+01 1.9029534e+02      
9.7639041e+01 1.8801168e+02      
9.7345894e+01 1.8591469e+02      
9.7364284e+01 1.8407405e+02      
9.7726437e+01 1.8254551e+02      
9.8401109e+01 1.8137543e+02      
9.9298334e+01 1.8059883e+02      
1.0034840e+02 1.8022146e+02      
1.0160232e+02 1.8020191e+02      
1.0313202e+02 1.8047427e+02      
1.0495700e+02 1.8096939e+02      
1.0705153e+02 1.8161818e+02      
1.0935890e+02 1.8234928e+02      
1.1181375e+02 1.8308944e+02      
1.1438587e+02 1.8377471e+02      
1.1710959e+02 1.8436010e+02      
1.2515538e+02 1.7933947e+02      
1.2479969e+02 1.7690488e+02      
1.2472146e+02 1.7438621e+02      
1.2458183e+02 1.7180045e+02      
1.2398085e+02 1.6912064e+02      
1.2330587e+02 1.6652782e+02      
1.2287738e+02 1.6414694e+02      
1.2283891e+02 1.6204783e+02      
1.2322908e+02 1.6028900e+02      
1.2400386e+02 1.5892678e+02      
1.2495836e+02 1.5802621e+02      
1.2577156e+02 1.5763553e+02      
1.2673899e+02 1.5765805e+02      
1.2803377e+02 1.5798834e+02      
1.2966656e+02 1.5854267e+02      
1.3158705e+02 1.5924652e+02      
1.3369234e+02 1.6002184e+02      
1.3583208e+02 1.6077177e+02      
1.3791332e+02 1.6141030e+02      
1.4003217e+02 1.6191388e+02      
1.4702318e+02 1.5628650e+02      
1.4738983e+02 1.5367267e+02      
1.4815923e+02 1.5098420e+02      
1.4880133e+02 1.4825661e+02      
1.4784328e+02 1.4515290e+02      
1.4675824e+02 1.4219733e+02      
1.4606173e+02 1.3950451e+02      
1.4593359e+02 1.3712286e+02      
1.4638692e+02 1.3510569e+02      
1.4737634e+02 1.3351695e+02      
1.4868916e+02 1.3245307e+02      
1.4896061e+02 1.3215853e+02      
1.4953164e+02 1.3231996e+02      
1.5056724e+02 1.3278568e+02      
1.5203307e+02 1.3346272e+02      
1.5385030e+02 1.3428471e+02      
1.5588194e+02 1.3519065e+02      
1.5781510e+02 1.3604509e+02      
1.5922635e+02 1.3662931e+02      
1.6054587e+02 1.3705455e+02      
1.6594684e+02 1.3092965e+02      
1.6717341e+02 1.2808115e+02      
1.6894610e+02 1.2513988e+02      
1.6967931e+02 1.2197945e+02      
1.6906100e+02 1.1864982e+02      
1.6742833e+02 1.1535131e+02      
1.6634980e+02 1.1235103e+02      
1.6613206e+02 1.0967115e+02      
1.6671109e+02 1.0736021e+02      
1.6789703e+02 1.0551196e+02      
1.6921622e+02 1.0431813e+02      
1.6929260e+02 1.0417845e+02      
1.6950477e+02 1.0459298e+02      
1.7028379e+02 1.0528034e+02      
1.7163974e+02 1.0613190e+02      
1.7345518e+02 1.0711305e+02      
1.7559359e+02 1.0821877e+02      
1.7771165e+02 1.0937310e+02      
1.7799959e+02 1.0979214e+02      
1.7829119e+02 1.1015597e+02      
1.8129476e+02 1.0370976e+02      
1.8332387e+02 1.0053645e+02      
1.8517671e+02 9.7099644e+01      
1.8606223e+02 9.3499972e+01      
1.8573291e+02 8.9877315e+01      
1.8446213e+02 8.6378921e+01      
1.8306010e+02 8.3116088e+01      
1.8291119e+02 8.0122856e+01      
1.8375147e+02 7.7483177e+01      
1.8522081e+02 7.5347707e+01      
1.8619271e+02 7.4226925e+01      
1.8640187e+02 7.4159098e+01      
1.8615588e+02 7.4988503e+01      
1.8672417e+02 7.5955359e+01      
1.8807155e+02 7.6998797e+01      
1.9001613e+02 7.8136808e+01      
1.9228638e+02 7.9376151e+01      
1.9416275e+02 8.0591159e+01      
1.9368786e+02 8.1163637e+01      
1.9288570e+02 8.1609101e+01      
1.9242208e+02 7.5135672e+01      
1.9406341e+02 7.1601269e+01      
1.9625147e+02 6.7666558e+01      
1.9741896e+02 6.3596591e+01      
1.9725712e+02 5.9630491e+01      
1.9609056e+02 5.5891428e+01      
1.9549403e+02 5.2301359e+01      
1.9582668e+02 4.8979764e+01      
1.9699409e+02 4.6065032e+01      
1.9806563e+02 4.4124636e+01      
1.9879183e+02 4.3157693e+01      
1.9904872e+02 4.3170697e+01      
1.9888050e+02 4.4166906e+01      
1.9944923e+02 4.5347730e+01      
2.0092931e+02 4.6556723e+01      
2.0316999e+02 4.7814306e+01      
2.0572068e+02 4.9157650e+01      
2.0680643e+02 5.0349913e+01      
2.0603365e+02 5.1232166e+01      
2.0388066e+02 5.1854389e+01      
1.9956120e+02 4.5762381e+01      
2.0074550e+02 4.1950181e+01      
2.0234328e+02 3.7688534e+01      
2.0384688e+02 3.3078302e+01      
2.0380764e+02 2.8692760e+01      
2.0362869e+02 2.4384915e+01      
2.0379364e+02 2.0410495e+01      
2.0457487e+02 1.6872376e+01      
2.0534951e+02 1.4413151e+01      
2.0602834e+02 1.2883169e+01      
2.0658040e+02 1.2123536e+01      
2.0699275e+02 1.2093730e+01      
2.0738226e+02 1.2759702e+01      
2.0807272e+02 1.4030681e+01      
2.0978436e+02 1.5337207e+01      
2.1232591e+02 1.6641231e+01      
2.1403829e+02 1.7977499e+01      
2.1445251e+02 1.9249953e+01      
2.1331164e+02 2.0381691e+01      
2.1063513e+02 2.1360607e+01      
2.0293649e+02 1.6121634e+01      
2.0376823e+02 1.2096395e+01      
2.0489934e+02 7.5724151e+00      
2.0604088e+02 2.6051659e+00      
2.0684146e+02 -2.6487323e+00      
2.0758108e+02 -7.9012359e+00      
2.0818750e+02 -1.2221939e+01      
2.0864210e+02 -1.5155747e+01      
2.0887929e+02 -1.6688298e+01      
2.0917218e+02 -1.7586656e+01      
2.0957477e+02 -1.8096814e+01      
2.1007296e+02 -1.8172600e+01      
2.1080304e+02 -1.7852006e+01      
2.1214129e+02 -1.7320254e+01      
2.1398295e+02 -1.5996944e+01      
2.1558892e+02 -1.4644093e+01      
2.1648465e+02 -1.3268379e+01      
2.1638950e+02 -1.1878745e+01      
2.1517904e+02 -1.0528553e+01      
2.1294527e+02 -9.2584710e+00      
2.0266224e+02 -1.3274657e+01      
2.0325627e+02 -1.7446532e+01      
2.0412619e+02 -2.2181998e+01      
2.0518435e+02 -2.7542497e+01      
2.0647452e+02 -3.3698050e+01      
2.0814363e+02 -4.0578810e+01      
2.0904453e+02 -4.5394583e+01      
2.0922539e+02 -4.7749154e+01      
2.0872045e+02 -4.7695970e+01      
2.0867282e+02 -4.7895032e+01      
2.0895748e+02 -4.8231857e+01      
2.0942442e+02 -4.8346749e+01      
2.1008391e+02 -4.8106131e+01      
2.1101436e+02 -4.7495178e+01      
2.1207261e+02 -4.6443625e+01      
2.1288411e+02 -4.5176390e+01      
2.1314703e+02 -4.3771427e+01      
2.1267230e+02 -4.2247606e+01      
2.1142435e+02 -4.0677158e+01      
2.0954539e+02 -3.9168036e+01      
1.9883144e+02 -4.1931111e+01      
1.9925451e+02 -4.6156041e+01      
1.9995501e+02 -5.0975662e+01      
2.0093199e+02 -5.6512756e+01      
2.0228422e+02 -6.3062045e+01      
2.0403225e+02 -7.0560190e+01      
2.0499290e+02 -7.5618073e+01      
2.0514672e+02 -7.7782397e+01      
2.0463596e+02 -7.7259525e+01      
2.0458058e+02 -7.7354429e+01      
2.0488504e+02 -7.7864212e+01      
2.0529993e+02 -7.8146567e+01      
2.0572327e+02 -7.7909942e+01      
2.0617108e+02 -7.7195432e+01      
2.0663041e+02 -7.6206713e+01      
2.0691247e+02 -7.5042056e+01      
2.0673552e+02 -7.3625800e+01      
2.0592770e+02 -7.1917906e+01      
2.0452136e+02 -7.0038764e+01      
2.0272971e+02 -6.8215675e+01      
1.9155551e+02 -6.9387898e+01      
1.9183226e+02 -7.3553864e+01      
1.9236599e+02 -7.8274205e+01      
1.9316560e+02 -8.3640086e+01      
1.9428001e+02 -8.9871073e+01      
1.9566472e+02 -9.6936711e+01      
1.9650282e+02 -1.0182055e+02      
1.9677509e+02 -1.0422488e+02      
1.9664315e+02 -1.0433791e+02      
1.9690710e+02 -1.0521282e+02      
1.9749835e+02 -1.0656275e+02      
1.9794745e+02 -1.0728823e+02      
1.9808843e+02 -1.0699550e+02      
1.9802069e+02 -1.0592623e+02      
1.9808346e+02 -1.0489888e+02      
1.9815748e+02 -1.0398886e+02      
1.9772564e+02 -1.0263909e+02      
1.9656533e+02 -1.0064914e+02      
1.9478202e+02 -9.8223003e+01      
1.9281100e+02 -9.5933982e+01      
1.8099024e+02 -9.5237876e+01      
1.8112673e+02 -9.9245106e+01      
1.8148063e+02 -1.0371018e+02      
1.8204510e+02 -1.0863499e+02      
1.8280063e+02 -1.1397908e+02      
1.8363173e+02 -1.1933989e+02      
1.8427351e+02 -1.2366050e+02      
1.8467505e+02 -1.2658114e+02      
1.8501171e+02 -1.2852513e+02      
1.8569281e+02 -1.3077939e+02      
1.8691574e+02 -1.3381647e+02      
1.8746373e+02 -1.3519072e+02      
1.8730440e+02 -1.3476305e+02      
1.8648611e+02 -1.3271667e+02      
1.8629161e+02 -1.3166606e+02      
1.8659788e+02 -1.3149718e+02      
1.8606959e+02 -1.3034500e+02      
1.8454583e+02 -1.2799537e+02      
1.8206874e+02 -1.2459362e+02      
1.7979098e+02 -1.2174625e+02      
1.6734352e+02 -1.1912865e+02      
1.6734400e+02 -1.2291326e+02      
1.6751842e+02 -1.2704666e+02      
1.6784955e+02 -1.3146467e+02      
1.6829991e+02 -1.3602624e+02      
1.6879435e+02 -1.4043227e+02      
1.6924548e+02 -1.4429533e+02      
1.6964156e+02 -1.4746064e+02      
1.7009029e+02 -1.5018163e+02      
1.7081378e+02 -1.5308220e+02      
1.7192669e+02 -1.5656063e+02      
1.7236825e+02 -1.5819941e+02      
1.7209932e+02 -1.5795384e+02      
1.7122391e+02 -1.5605267e+02      
1.7092294e+02 -1.5527849e+02      
1.7111239e+02 -1.5551063e+02      
1.7045230e+02 -1.5450578e+02      
1.6875777e+02 -1.5200282e+02      
1.6612117e+02 -1.4819677e+02      
1.6372397e+02 -1.4505594e+02      
1.5087165e+02 -1.4075286e+02      
1.5074367e+02 -1.4428854e+02      
1.5075143e+02 -1.4808181e+02      
1.5087736e+02 -1.5204673e+02      
1.5109120e+02 -1.5604918e+02      
1.5135103e+02 -1.5990172e+02      
1.5162040e+02 -1.6341920e+02      
1.5189706e+02 -1.6652702e+02      
1.5222455e+02 -1.6931837e+02      
1.5266099e+02 -1.7197650e+02      
1.5312873e+02 -1.7438832e+02      
1.5328762e+02 -1.7580176e+02      
1.5303519e+02 -1.7602055e+02      
1.5252424e+02 -1.7544399e+02      
1.5217285e+02 -1.7513003e+02      
1.5204277e+02 -1.7538256e+02      
1.5120128e+02 -1.7439219e+02      
1.4952576e+02 -1.7202658e+02      
1.4710048e+02 -1.6843833e+02      
1.4481587e+02 -1.6541297e+02      
1.3187250e+02 -1.5983817e+02      
1.3162584e+02 -1.6312366e+02      
1.3148369e+02 -1.6659903e+02      
1.3143234e+02 -1.7017941e+02      
1.3145085e+02 -1.7375522e+02      
1.3151433e+02 -1.7720047e+02      
1.3160230e+02 -1.8040245e+02      
1.3170754e+02 -1.8329976e+02      
1.3183386e+02 -1.8588988e+02      
1.3197111e+02 -1.8816925e+02      
1.3205092e+02 -1.9001586e+02      
1.3195983e+02 -1.9120666e+02      
1.3164759e+02 -1.9167135e+02      
1.3117413e+02 -1.9160968e+02      
1.3064512e+02 -1.9135568e+02      
1.3001035e+02 -1.9092520e+02      
1.2897521e+02 -1.8979521e+02      
1.2742786e+02 -1.8780234e+02      
1.2547793e+02 -1.8519323e+02      
1.2343938e+02 -1.8261226e+02      
1.1067913e+02 -1.7614369e+02      
1.1032384e+02 -1.7918976e+02      
1.1004764e+02 -1.8237609e+02      
1.0984119e+02 -1.8562568e+02      
1.0969040e+02 -1.8884925e+02      
1.0957880e+02 -1.9195287e+02      
1.0949115e+02 -1.9485233e+02      
1.0941554e+02 -1.9748637e+02      
1.0933980e+02 -1.9981412e+02      
1.0924064e+02 -2.0178975e+02      
1.0907434e+02 -2.0333553e+02      
1.0878895e+02 -2.0436548e+02      
1.0835619e+02 -2.0485882e+02      
1.0778336e+02 -2.0489108e+02      
1.0708046e+02 -2.0456190e+02      
1.0620268e+02 -2.0386090e+02      
1.0505757e+02 -2.0266774e+02      
1.0360264e+02 -2.0094748e+02      
1.0189526e+02 -1.9884900e+02      
1.0005612e+02 -1.9663290e+02      
8.7654355e+01 -1.8946236e+02      
8.7199704e+01 -1.9228382e+02      
8.6803276e+01 -1.9520766e+02      
8.6459441e+01 -1.9816540e+02      
8.6158804e+01 -2.0108214e+02      
8.5889585e+01 -2.0388176e+02      
8.5639077e+01 -2.0649393e+02      
8.5393954e+01 -2.0885915e+02      
8.5138248e+01 -2.1092710e+02      
8.4849698e+01 -2.1264856e+02      
8.4498663e+01 -2.1397105e+02      
8.4054338e+01 -2.1485126e+02      
8.3494882e+01 -2.1527770e+02      
8.2809447e+01 -2.1527569e+02      
8.1985989e+01 -2.1487874e+02      
8.0997104e+01 -2.1409161e+02      
7.9808227e+01 -2.1289930e+02      
7.8407903e+01 -2.1132416e+02      
7.6826062e+01 -2.0946129e+02      
7.5120887e+01 -2.0745280e+02      
