1.9130136e+01 2.4516339e+02      
1.7491383e+01 2.4352116e+02      
1.6388605e+01 2.4184904e+02      
1.5817243e+01 2.4019421e+02      
1.5734860e+01 2.3861554e+02      
1.6033828e+01 2.3718770e+02      
1.6472204e+01 2.3599720e+02      
1.6748642e+01 2.3511192e+02      
1.7197058e+01 2.3449653e+02      
1.8087307e+01 2.3409714e+02      
1.9547628e+01 2.3387365e+02      
2.1625936e+01 2.3380734e+02      
2.4279599e+01 2.3390385e+02      
2.7154050e+01 2.3419988e+02      
2.9414720e+01 2.3474735e+02      
3.1040146e+01 2.3553067e+02      
3.2831350e+01 2.3645469e+02      
3.5123315e+01 2.3743522e+02      
3.7963193e+01 2.3841194e+02      
4.1349821e+01 2.3933366e+02      
4.7100461e+01 2.3516403e+02      
4.5595618e+01 2.3342322e+02      
4.4675379e+01 2.3161233e+02      
4.4367799e+01 2.2977231e+02      
4.4662620e+01 2.2796248e+02      
4.5444047e+01 2.2628246e+02      
4.6347413e+01 2.2488129e+02      
4.6199458e+01 2.2393442e+02      
4.6230236e+01 2.2329818e+02      
4.6853394e+01 2.2285227e+02      
4.8237417e+01 2.2252665e+02      
5.0461198e+01 2.2229533e+02      
5.3621185e+01 2.2216263e+02      
5.7548265e+01 2.2219672e+02      
5.9682568e+01 2.2259301e+02      
5.9981182e+01 2.2335504e+02      
6.0949226e+01 2.2423599e+02      
6.2709272e+01 2.2512909e+02      
6.5139280e+01 2.2598500e+02      
6.8179968e+01 2.2675941e+02      
7.3780162e+01 2.2155745e+02      
7.2396114e+01 2.1970919e+02      
7.1639690e+01 2.1774981e+02      
7.1603473e+01 2.1569789e+02      
7.2343818e+01 2.1359547e+02      
7.3671455e+01 2.1158904e+02      
7.4427326e+01 2.1002633e+02      
7.4400058e+01 2.0897461e+02      
7.3887631e+01 2.0839949e+02      
7.4109511e+01 2.0797481e+02      
7.5328281e+01 2.0757571e+02      
7.7594159e+01 2.0718012e+02      
8.0989714e+01 2.0678358e+02      
8.5205642e+01 2.0645527e+02      
8.7213046e+01 2.0671516e+02      
8.6947353e+01 2.0757370e+02      
8.7346205e+01 2.0846821e+02      
8.8644021e+01 2.0930507e+02      
9.0679971e+01 2.1006997e+02      
9.3366664e+01 2.1073129e+02      
9.8736135e+01 2.0459000e+02      
9.7432549e+01 2.0263422e+02      
9.6758104e+01 2.0054028e+02      
9.6872221e+01 1.9829699e+02      
9.7975920e+01 1.9587154e+02      
9.9100386e+01 1.9367669e+02      
9.9728399e+01 1.9196031e+02      
9.9728775e+01 1.9081347e+02      
9.9332481e+01 1.9017354e+02      
9.9145522e+01 1.8981713e+02      
1.0019887e+02 1.8934147e+02      
1.0240296e+02 1.8879065e+02      
1.0575046e+02 1.8815796e+02      
1.0986205e+02 1.8749594e+02      
1.1176891e+02 1.8762913e+02      
1.1137053e+02 1.8857077e+02      
1.1149421e+02 1.8946278e+02      
1.1245320e+02 1.9024430e+02      
1.1414366e+02 1.9093870e+02      
1.1649024e+02 1.9152123e+02      
1.2158807e+02 1.8455157e+02      
1.2031313e+02 1.8249230e+02      
1.1959760e+02 1.8029792e+02      
1.1952624e+02 1.7798313e+02      
1.2013905e+02 1.7555873e+02      
1.2122169e+02 1.7311496e+02      
1.2177831e+02 1.7122219e+02      
1.2166991e+02 1.7002922e+02      
1.2114830e+02 1.6941218e+02      
1.2128681e+02 1.6881753e+02      
1.2238060e+02 1.6817293e+02      
1.2447613e+02 1.6748503e+02      
1.2758618e+02 1.6673211e+02      
1.3136919e+02 1.6592738e+02      
1.3324225e+02 1.6594140e+02      
1.3304361e+02 1.6678863e+02      
1.3306178e+02 1.6756048e+02      
1.3376022e+02 1.6825862e+02      
1.3515272e+02 1.6890036e+02      
1.3718208e+02 1.6944325e+02      
1.4202093e+02 1.6176673e+02      
1.4074128e+02 1.5959951e+02      
1.3990898e+02 1.5732417e+02      
1.3954251e+02 1.5498601e+02      
1.3963004e+02 1.5262574e+02      
1.4006352e+02 1.5031118e+02      
1.4053908e+02 1.4822782e+02      
1.4023987e+02 1.4703412e+02      
1.4009226e+02 1.4608827e+02      
1.4049407e+02 1.4522055e+02      
1.4163429e+02 1.4438521e+02      
1.4358406e+02 1.4357986e+02      
1.4633921e+02 1.4283565e+02      
1.4952240e+02 1.4229933e+02      
1.5143191e+02 1.4219170e+02      
1.5193639e+02 1.4254620e+02      
1.5179489e+02 1.4305506e+02      
1.5225754e+02 1.4366511e+02      
1.5339319e+02 1.4429071e+02      
1.5513035e+02 1.4484729e+02      
1.5978375e+02 1.3659019e+02      
1.5850154e+02 1.3429192e+02      
1.5754193e+02 1.3192737e+02      
1.5688921e+02 1.2956533e+02      
1.5652203e+02 1.2726137e+02      
1.5638334e+02 1.2507970e+02      
1.5632610e+02 1.2315057e+02      
1.5617627e+02 1.2164699e+02      
1.5622561e+02 1.2040495e+02      
1.5672967e+02 1.1930244e+02      
1.5783312e+02 1.1829129e+02      
1.5960573e+02 1.1735971e+02      
1.6205390e+02 1.1653893e+02      
1.6490752e+02 1.1592871e+02      
1.6678297e+02 1.1565504e+02      
1.6749719e+02 1.1576744e+02      
1.6736131e+02 1.1618412e+02      
1.6768683e+02 1.1678941e+02      
1.6861369e+02 1.1747079e+02      
1.7008302e+02 1.1811659e+02      
1.7468129e+02 1.0940515e+02      
1.7343807e+02 1.0692694e+02      
1.7238068e+02 1.0444167e+02      
1.7146743e+02 1.0204171e+02      
1.7070329e+02 9.9772197e+01      
1.7010413e+02 9.7663743e+01      
1.6966281e+02 9.5767151e+01      
1.6939795e+02 9.4120180e+01      
1.6942416e+02 9.2688842e+01      
1.6987974e+02 9.1414638e+01      
1.7086195e+02 9.0256127e+01      
1.7242259e+02 8.9188184e+01      
1.7458500e+02 8.8202865e+01      
1.7716644e+02 8.7352212e+01      
1.7893247e+02 8.6869045e+01      
1.7968833e+02 8.6848042e+01      
1.7960388e+02 8.7292571e+01      
1.7987368e+02 8.7993004e+01      
1.8063321e+02 8.8831149e+01      
1.8185037e+02 8.9668211e+01      
1.8656520e+02 8.0622965e+01      
1.8545455e+02 7.7875090e+01      
1.8436379e+02 7.5211445e+01      
1.8319054e+02 7.2774160e+01      
1.8201812e+02 7.0551961e+01      
1.8098150e+02 6.8495370e+01      
1.8017053e+02 6.6602425e+01      
1.7965447e+02 6.4890652e+01      
1.7951067e+02 6.3356017e+01      
1.7981375e+02 6.1970487e+01      
1.8061037e+02 6.0707246e+01      
1.8191673e+02 5.9531743e+01      
1.8374138e+02 5.8373644e+01      
1.8595786e+02 5.7245666e+01      
1.8756232e+02 5.6498409e+01      
1.8837574e+02 5.6312312e+01      
1.8845585e+02 5.6784829e+01      
1.8873999e+02 5.7660208e+01      
1.8934589e+02 5.8789001e+01      
1.9030389e+02 5.9955671e+01      
1.9531558e+02 5.0690856e+01      
1.9452393e+02 4.7504595e+01      
1.9356861e+02 4.4527076e+01      
1.9202045e+02 4.2142083e+01      
1.9031272e+02 4.0063472e+01      
1.8877229e+02 3.8085419e+01      
1.8754181e+02 3.6200081e+01      
1.8670238e+02 3.4454907e+01      
1.8631127e+02 3.2874386e+01      
1.8640938e+02 3.1428971e+01      
1.8699789e+02 3.0095888e+01      
1.8802334e+02 2.8931092e+01      
1.8946671e+02 2.7641333e+01      
1.9113753e+02 2.6243631e+01      
1.9258475e+02 2.5092217e+01      
1.9353203e+02 2.4601948e+01      
1.9400004e+02 2.4984912e+01      
1.9431704e+02 2.6144397e+01      
1.9471523e+02 2.7783956e+01      
1.9536600e+02 2.9480492e+01      
2.0079459e+02 2.0122809e+01      
2.0057954e+02 1.6241343e+01      
2.0015105e+02 1.2651125e+01      
1.9786997e+02 1.0613300e+01      
1.9541440e+02 8.8758129e+00      
1.9326364e+02 6.9858829e+00      
1.9155823e+02 5.0810930e+00      
1.9035256e+02 3.3005758e+00      
1.8967707e+02 1.7270835e+00      
1.8955174e+02 3.4510635e-01      
1.8996823e+02 -1.0234542e+00      
1.9071229e+02 -1.8929258e+00      
1.9189319e+02 -3.3628118e+00      
1.9338536e+02 -5.3450725e+00      
1.9490811e+02 -7.3490616e+00      
1.9600107e+02 -8.3686011e+00      
1.9657677e+02 -8.0077206e+00      
1.9674893e+02 -6.3006670e+00      
1.9673936e+02 -3.6864617e+00      
1.9698331e+02 -1.1684771e+00      
2.0276215e+02 -1.0416365e+01      
2.0321521e+02 -1.5174208e+01      
2.0249571e+02 -1.8791894e+01      
2.0030902e+02 -2.0979405e+01      
1.9705098e+02 -2.2124205e+01      
1.9423467e+02 -2.3960388e+01      
1.9202978e+02 -2.5949822e+01      
1.9045274e+02 -2.7833288e+01      
1.8948793e+02 -2.9391814e+01      
1.8912609e+02 -3.0455717e+01      
1.8930706e+02 -3.0948902e+01      
1.8992482e+02 -3.1948629e+01      
1.9096606e+02 -3.3788166e+01      
1.9246750e+02 -3.6626372e+01      
1.9440363e+02 -4.0281072e+01      
1.9561856e+02 -4.2034899e+01      
1.9615229e+02 -4.1660012e+01      
1.9604309e+02 -3.9166722e+01      
1.9529742e+02 -3.4791784e+01      
1.9508948e+02 -3.1244769e+01      
2.0075488e+02 -3.9899710e+01      
2.0090352e+02 -4.4661720e+01      
1.9999497e+02 -4.8268585e+01      
1.9785644e+02 -5.0437148e+01      
1.9475030e+02 -5.1510852e+01      
1.9135364e+02 -5.2431234e+01      
1.8876462e+02 -5.4610221e+01      
1.8688207e+02 -5.6765178e+01      
1.8566273e+02 -5.8442251e+01      
1.8511841e+02 -5.9377179e+01      
1.8521108e+02 -5.9582814e+01      
1.8570927e+02 -6.0608022e+01      
1.8659058e+02 -6.2715791e+01      
1.8792449e+02 -6.6114032e+01      
1.8966697e+02 -7.0603522e+01      
1.9076321e+02 -7.2808141e+01      
1.9118589e+02 -7.2408260e+01      
1.9094233e+02 -6.9405105e+01      
1.9006786e+02 -6.4114250e+01      
1.8964338e+02 -5.9895625e+01      
1.9361221e+02 -6.6135274e+01      
1.9372097e+02 -7.1110068e+01      
1.9277224e+02 -7.4761077e+01      
1.9061348e+02 -7.6655712e+01      
1.8749151e+02 -7.7217042e+01      
1.8453185e+02 -7.8360238e+01      
1.8201786e+02 -8.0353500e+01      
1.7994232e+02 -8.2917667e+01      
1.7849817e+02 -8.4907012e+01      
1.7779335e+02 -8.5983994e+01      
1.7782846e+02 -8.6221415e+01      
1.7818624e+02 -8.7265076e+01      
1.7883444e+02 -8.9407943e+01      
1.7981772e+02 -9.2869234e+01      
1.8106078e+02 -9.7471332e+01      
1.8185423e+02 -9.9712342e+01      
1.8213301e+02 -9.9289018e+01      
1.8189224e+02 -9.6201795e+01      
1.8118853e+02 -9.0749966e+01      
1.8075430e+02 -8.6414055e+01      
1.8292819e+02 -9.0260158e+01      
1.8240457e+02 -9.4246754e+01      
1.8147287e+02 -9.7963058e+01      
1.7929878e+02 -9.9437683e+01      
1.7676252e+02 -1.0060783e+02      
1.7427041e+02 -1.0206595e+02      
1.7200553e+02 -1.0396695e+02      
1.7002341e+02 -1.0623945e+02      
1.6837058e+02 -1.0860505e+02      
1.6746564e+02 -1.1000402e+02      
1.6739057e+02 -1.1043126e+02      
1.6755936e+02 -1.1148339e+02      
1.6792124e+02 -1.1342378e+02      
1.6848911e+02 -1.1639384e+02      
1.6917098e+02 -1.2028853e+02      
1.6961150e+02 -1.2210701e+02      
1.6973172e+02 -1.2166707e+02      
1.6952290e+02 -1.1897245e+02      
1.6904901e+02 -1.1420988e+02      
1.6867889e+02 -1.1036529e+02      
1.6930219e+02 -1.1251357e+02      
1.6833531e+02 -1.1560734e+02      
1.6705527e+02 -1.1841354e+02      
1.6523875e+02 -1.2039105e+02      
1.6314173e+02 -1.2202626e+02      
1.6101041e+02 -1.2369188e+02      
1.5899447e+02 -1.2551795e+02      
1.5717985e+02 -1.2750008e+02      
1.5562816e+02 -1.2951897e+02      
1.5446650e+02 -1.3128028e+02      
1.5417257e+02 -1.3201068e+02      
1.5408493e+02 -1.3307957e+02      
1.5414157e+02 -1.3466982e+02      
1.5432679e+02 -1.3671617e+02      
1.5455542e+02 -1.3879051e+02      
1.5468585e+02 -1.3981621e+02      
1.5464335e+02 -1.3936655e+02      
1.5441920e+02 -1.3744966e+02      
1.5407366e+02 -1.3450657e+02      
1.5374119e+02 -1.3162272e+02      
1.5308005e+02 -1.3281770e+02      
1.5187968e+02 -1.3530805e+02      
1.5047049e+02 -1.3764018e+02      
1.4880621e+02 -1.3966259e+02      
1.4696615e+02 -1.4145854e+02      
1.4508140e+02 -1.4318181e+02      
1.4326569e+02 -1.4491686e+02      
1.4160584e+02 -1.4666608e+02      
1.4017450e+02 -1.4836083e+02      
1.3907334e+02 -1.4984314e+02      
1.3841331e+02 -1.5095690e+02      
1.3802117e+02 -1.5205507e+02      
1.3778967e+02 -1.5330066e+02      
1.3766511e+02 -1.5461144e+02      
1.3758145e+02 -1.5569588e+02      
1.3746562e+02 -1.5613645e+02      
1.3726856e+02 -1.5567645e+02      
1.3698058e+02 -1.5432945e+02      
1.3663192e+02 -1.5237975e+02      
1.3627712e+02 -1.5027548e+02      
1.3454486e+02 -1.5094223e+02      
1.3323945e+02 -1.5303382e+02      
1.3179495e+02 -1.5506493e+02      
1.3020419e+02 -1.5695743e+02      
1.2850994e+02 -1.5871506e+02      
1.2678733e+02 -1.6038489e+02      
1.2511632e+02 -1.6200120e+02      
1.2356887e+02 -1.6356091e+02      
1.2220892e+02 -1.6502245e+02      
1.2109416e+02 -1.6632176e+02      
1.2024689e+02 -1.6743971e+02      
1.1962080e+02 -1.6845259e+02      
1.1915188e+02 -1.6941026e+02      
1.1878612e+02 -1.7025456e+02      
1.1847208e+02 -1.7082740e+02      
1.1816231e+02 -1.7093607e+02      
1.1782363e+02 -1.7045951e+02      
1.1744467e+02 -1.6941624e+02      
1.1703552e+02 -1.6796598e+02      
1.1661857e+02 -1.6634637e+02      
1.1398447e+02 -1.6661608e+02      
1.1263926e+02 -1.6841110e+02      
1.1119377e+02 -1.7019598e+02      
1.0965463e+02 -1.7191530e+02      
1.0805279e+02 -1.7354935e+02      
1.0643783e+02 -1.7510169e+02      
1.0486637e+02 -1.7657689e+02      
1.0339302e+02 -1.7796579e+02      
1.0206529e+02 -1.7924391e+02      
1.0091778e+02 -1.8038305e+02      
9.9961151e+01 -1.8137294e+02      
9.9176853e+01 -1.8222522e+02      
9.8529507e+01 -1.8293947e+02      
9.7979967e+01 -1.8347195e+02      
9.7489993e+01 -1.8373785e+02      
9.7025640e+01 -1.8364491e+02      
9.6561973e+01 -1.8314111e+02      
9.6086399e+01 -1.8224812e+02      
9.5598116e+01 -1.8106303e+02      
9.5103395e+01 -1.7972870e+02      
9.1713386e+01 -1.7958864e+02      
9.0363446e+01 -1.8114341e+02      
8.8934445e+01 -1.8271139e+02      
8.7439143e+01 -1.8424744e+02      
8.5903356e+01 -1.8572419e+02      
8.4363565e+01 -1.8712751e+02      
8.2861300e+01 -1.8844717e+02      
8.1437214e+01 -1.8966962e+02      
8.0126022e+01 -1.9077664e+02      
7.8951588e+01 -1.9174985e+02      
7.7922259e+01 -1.9257675e+02      
7.7029770e+01 -1.9324946e+02      
7.6253696e+01 -1.9375319e+02      
7.5567717e+01 -1.9405601e+02      
7.4944298e+01 -1.9411170e+02      
7.4358186e+01 -1.9387657e+02      
7.3789335e+01 -1.9333212e+02      
7.3224610e+01 -1.9250128e+02      
7.2657414e+01 -1.9144949e+02      
7.2085216e+01 -1.9027089e+02      
