3.8099520e+01 2.3957932e+02      
3.7513171e+01 2.3903015e+02      
3.7390082e+01 2.3848227e+02      
3.7743399e+01 2.3796723e+02      
3.8583005e+01 2.3751672e+02      
3.9911429e+01 2.3716101e+02      
4.1713609e+01 2.3692555e+02      
4.3934380e+01 2.3682370e+02      
4.6439525e+01 2.3684269e+02      
4.8968817e+01 2.3691955e+02      
5.1040459e+01 2.3686369e+02      
5.2101495e+01 2.3639822e+02      
5.2646802e+01 2.3578439e+02      
5.3106478e+01 2.3519414e+02      
5.3701019e+01 2.3467335e+02      
5.4544572e+01 2.3422501e+02      
5.5695894e+01 2.3383524e+02      
5.7191374e+01 2.3348414e+02      
5.9056724e+01 2.3314845e+02      
6.1309050e+01 2.3280181e+02      
6.6545035e+01 2.3149165e+02      
6.6011919e+01 2.3098327e+02      
6.5958974e+01 2.3044873e+02      
6.6410457e+01 2.2992496e+02      
6.7393358e+01 2.2945154e+02      
6.8937628e+01 2.2907067e+02      
7.1071667e+01 2.2882598e+02      
7.3798606e+01 2.2875720e+02      
7.7030378e+01 2.2888471e+02      
8.0457671e+01 2.2916476e+02      
8.3325362e+01 2.2934969e+02      
8.3655618e+01 2.2837303e+02      
8.3346387e+01 2.2728973e+02      
8.3083621e+01 2.2631820e+02      
8.3116898e+01 2.2547450e+02      
8.3504283e+01 2.2472524e+02      
8.4258006e+01 2.2403702e+02      
8.5393747e+01 2.2338242e+02      
8.6928894e+01 2.2273445e+02      
8.8874812e+01 2.2206358e+02      
9.3483332e+01 2.1980885e+02      
9.2989556e+01 2.1931512e+02      
9.2983578e+01 2.1876557e+02      
9.3499299e+01 2.1820182e+02      
9.4579670e+01 2.1767081e+02      
9.6284113e+01 2.1722662e+02      
9.8701797e+01 2.1693429e+02      
1.0196383e+02 2.1687541e+02      
1.0610474e+02 2.1711971e+02      
1.1065000e+02 2.1760266e+02      
1.1342340e+02 2.1748306e+02      
1.1394078e+02 2.1656648e+02      
1.1257871e+02 2.1505502e+02      
1.1142834e+02 2.1373628e+02      
1.1086177e+02 2.1262156e+02      
1.1078193e+02 2.1161691e+02      
1.1110865e+02 2.1066707e+02      
1.1184802e+02 2.0974586e+02      
1.1301706e+02 2.0882534e+02      
1.1462315e+02 2.0787286e+02      
1.1848806e+02 2.0474820e+02      
1.1801293e+02 2.0423986e+02      
1.1802084e+02 2.0364261e+02      
1.1855097e+02 2.0300124e+02      
1.1965463e+02 2.0236765e+02      
1.2140689e+02 2.0180351e+02      
1.2393476e+02 2.0138677e+02      
1.2751281e+02 2.0123689e+02      
1.3248684e+02 2.0148727e+02      
1.3692263e+02 2.0158045e+02      
1.3967259e+02 2.0123096e+02      
1.4032950e+02 2.0035480e+02      
1.3919839e+02 1.9904166e+02      
1.3730338e+02 1.9755127e+02      
1.3640364e+02 1.9631661e+02      
1.3591652e+02 1.9511500e+02      
1.3579345e+02 1.9394072e+02      
1.3610540e+02 1.9279541e+02      
1.3688248e+02 1.9164978e+02      
1.3812828e+02 1.9046637e+02      
1.4117295e+02 1.8658254e+02      
1.4069185e+02 1.8602877e+02      
1.4067531e+02 1.8534881e+02      
1.4116201e+02 1.8458855e+02      
1.4220054e+02 1.8380175e+02      
1.4385722e+02 1.8305154e+02      
1.4623037e+02 1.8241157e+02      
1.4946505e+02 1.8196230e+02      
1.5362306e+02 1.8172890e+02      
1.5827247e+02 1.8155738e+02      
1.6116273e+02 1.8105799e+02      
1.6180454e+02 1.8021096e+02      
1.6062762e+02 1.7905037e+02      
1.5977484e+02 1.7791301e+02      
1.5937417e+02 1.7685723e+02      
1.5851145e+02 1.7548222e+02      
1.5789652e+02 1.7412007e+02      
1.5774453e+02 1.7279928e+02      
1.5811555e+02 1.7148494e+02      
1.5899841e+02 1.7012981e+02      
1.6119854e+02 1.6563632e+02      
1.6068644e+02 1.6500678e+02      
1.6060781e+02 1.6420930e+02      
1.6099618e+02 1.6328879e+02      
1.6188929e+02 1.6229850e+02      
1.6333002e+02 1.6130056e+02      
1.6536282e+02 1.6036316e+02      
1.6801229e+02 1.5954791e+02      
1.7122193e+02 1.5887858e+02      
1.7472673e+02 1.5829892e+02      
1.7780569e+02 1.5767073e+02      
1.7834663e+02 1.5689224e+02      
1.7852361e+02 1.5605010e+02      
1.7889143e+02 1.5523893e+02      
1.7879610e+02 1.5423286e+02      
1.7811150e+02 1.5296711e+02      
1.7700548e+02 1.5149651e+02      
1.7636177e+02 1.5006714e+02      
1.7633719e+02 1.4865274e+02      
1.7688363e+02 1.4719460e+02      
1.7827692e+02 1.4228052e+02      
1.7771153e+02 1.4154759e+02      
1.7753889e+02 1.4060065e+02      
1.7778532e+02 1.3948144e+02      
1.7847590e+02 1.3824103e+02      
1.7963094e+02 1.3694141e+02      
1.8125615e+02 1.3565450e+02      
1.8332030e+02 1.3445511e+02      
1.8571663e+02 1.3340441e+02      
1.8821837e+02 1.3252418e+02      
1.9038233e+02 1.3177597e+02      
1.9174632e+02 1.3109542e+02      
1.9303761e+02 1.3047403e+02      
1.9390866e+02 1.2974301e+02      
1.9411919e+02 1.2882494e+02      
1.9362066e+02 1.2769647e+02      
1.9259826e+02 1.2637943e+02      
1.9152349e+02 1.2494433e+02      
1.9120737e+02 1.2351824e+02      
1.9149108e+02 1.2203538e+02      
1.9217457e+02 1.1692645e+02      
1.9153839e+02 1.1606766e+02      
1.9124811e+02 1.1494496e+02      
1.9132318e+02 1.1359410e+02      
1.9177861e+02 1.1206127e+02      
1.9262052e+02 1.1040770e+02      
1.9383695e+02 1.0871426e+02      
1.9538133e+02 1.0708421e+02      
1.9714888e+02 1.0564193e+02      
1.9895741e+02 1.0451619e+02      
2.0058868e+02 1.0373829e+02      
2.0198024e+02 1.0315945e+02      
2.0330894e+02 1.0261978e+02      
2.0461555e+02 1.0200077e+02      
2.0511925e+02 1.0120175e+02      
2.0471318e+02 1.0022785e+02      
2.0362981e+02 9.9078283e+01      
2.0282293e+02 9.7823362e+01      
2.0248853e+02 9.6495028e+01      
2.0261111e+02 9.5067972e+01      
2.0271393e+02 9.0018423e+01      
2.0199502e+02 8.9019089e+01      
2.0157201e+02 8.7703287e+01      
2.0145889e+02 8.6096798e+01      
2.0166441e+02 8.4235535e+01      
2.0218910e+02 8.2173991e+01      
2.0301986e+02 7.9997614e+01      
2.0412026e+02 7.7837388e+01      
2.0541540e+02 7.5885146e+01      
2.0675387e+02 7.4460062e+01      
2.0793805e+02 7.3875326e+01      
2.0903596e+02 7.3557550e+01      
2.1011288e+02 7.3186916e+01      
2.1114545e+02 7.2683246e+01      
2.1189663e+02 7.2009831e+01      
2.1151614e+02 7.1216540e+01      
2.1090647e+02 7.0274581e+01      
2.1039478e+02 6.9214568e+01      
2.1011810e+02 6.8045084e+01      
2.1013228e+02 6.6743404e+01      
2.0977406e+02 6.2025215e+01      
2.0896596e+02 6.0881165e+01      
2.0840265e+02 5.9368063e+01      
2.0809399e+02 5.7496897e+01      
2.0804497e+02 5.5284363e+01      
2.0825566e+02 5.2764643e+01      
2.0872141e+02 5.0011692e+01      
2.0943185e+02 4.7165713e+01      
2.1035943e+02 4.4489136e+01      
2.1139917e+02 4.2535666e+01      
2.1206415e+02 4.2731428e+01      
2.1280522e+02 4.2869751e+01      
2.1359377e+02 4.2731747e+01      
2.1435115e+02 4.2385612e+01      
2.1489952e+02 4.1866740e+01      
2.1494635e+02 4.1224008e+01      
2.1471050e+02 4.0471549e+01      
2.1439957e+02 3.9616331e+01      
2.1413557e+02 3.8649356e+01      
2.1401692e+02 3.7536567e+01      
2.1329066e+02 3.3430224e+01      
2.1239197e+02 3.2149999e+01      
2.1168734e+02 3.0453141e+01      
2.1118296e+02 2.8332021e+01      
2.1088023e+02 2.5772898e+01      
2.1077811e+02 2.2766128e+01      
2.1088112e+02 1.9341845e+01      
2.1120841e+02 1.5653339e+01      
2.1177207e+02 1.2150626e+01      
2.1231024e+02 1.0645676e+01      
2.1269759e+02 1.1322330e+01      
2.1317447e+02 1.1762185e+01      
2.1372322e+02 1.1803397e+01      
2.1430119e+02 1.1600269e+01      
2.1486843e+02 1.1207766e+01      
2.1513386e+02 1.0712511e+01      
2.1510896e+02 1.0148279e+01      
2.1488538e+02 9.5201647e+00      
2.1455997e+02 8.8030758e+00      
2.1423968e+02 7.9427710e+00      
2.1325556e+02 4.7203302e+00      
2.1226943e+02 3.3256741e+00      
2.1142839e+02 1.4792097e+00      
2.1073516e+02 -8.4362502e-01      
2.1018587e+02 -3.6930036e+00      
2.0977009e+02 -7.1611100e+00      
2.0949029e+02 -1.1295370e+01      
2.0939040e+02 -1.5812520e+01      
2.0944972e+02 -1.9012878e+01      
2.0960512e+02 -2.0301224e+01      
2.0983166e+02 -1.9586292e+01      
2.1011061e+02 -1.9162540e+01      
2.1045451e+02 -1.9085502e+01      
2.1085467e+02 -1.9179035e+01      
2.1127865e+02 -1.9404352e+01      
2.1165637e+02 -1.9753800e+01      
2.1173622e+02 -2.0122534e+01      
2.1151563e+02 -2.0489971e+01      
2.1109319e+02 -2.0910749e+01      
2.1077534e+02 -2.1529901e+01      
2.0971546e+02 -2.3625750e+01      
2.0864904e+02 -2.5102622e+01      
2.0768193e+02 -2.7046940e+01      
2.0681452e+02 -2.9488376e+01      
2.0603877e+02 -3.2490680e+01      
2.0532985e+02 -3.6221735e+01      
2.0465184e+02 -4.0889228e+01      
2.0414084e+02 -4.4986735e+01      
2.0378258e+02 -4.8012536e+01      
2.0358704e+02 -4.9565937e+01      
2.0360382e+02 -4.9469107e+01      
2.0365792e+02 -4.9483696e+01      
2.0380445e+02 -4.9524940e+01      
2.0404197e+02 -4.9527138e+01      
2.0432423e+02 -4.9561704e+01      
2.0459095e+02 -4.9677131e+01      
2.0473112e+02 -4.9849386e+01      
2.0445833e+02 -4.9910716e+01      
2.0410298e+02 -5.0071321e+01      
2.0379355e+02 -5.0418885e+01      
2.0277005e+02 -5.1148109e+01      
2.0163352e+02 -5.2670567e+01      
2.0055492e+02 -5.4654987e+01      
1.9953417e+02 -5.7120498e+01      
1.9856438e+02 -6.0098622e+01      
1.9763170e+02 -6.3624314e+01      
1.9673445e+02 -6.7551881e+01      
1.9591468e+02 -7.1271938e+01      
1.9519042e+02 -7.4399422e+01      
1.9458791e+02 -7.6700770e+01      
1.9414551e+02 -7.8167017e+01      
1.9387722e+02 -7.9080097e+01      
1.9383910e+02 -7.9234235e+01      
1.9396201e+02 -7.9054747e+01      
1.9414911e+02 -7.8844275e+01      
1.9432619e+02 -7.8705184e+01      
1.9441885e+02 -7.8624839e+01      
1.9415512e+02 -7.8393720e+01      
1.9382735e+02 -7.8249215e+01      
1.9350241e+02 -7.8276283e+01      
1.9256948e+02 -7.7413554e+01      
1.9137501e+02 -7.8947314e+01      
1.9020183e+02 -8.0922205e+01      
1.8905055e+02 -8.3341745e+01      
1.8791678e+02 -8.6202221e+01      
1.8679318e+02 -8.9465927e+01      
1.8567594e+02 -9.2999945e+01      
1.8456729e+02 -9.6574548e+01      
1.8347146e+02 -9.9995087e+01      
1.8241414e+02 -1.0314481e+02      
1.8147625e+02 -1.0592664e+02      
1.8081597e+02 -1.0801406e+02      
1.8065563e+02 -1.0792105e+02      
1.8075829e+02 -1.0734066e+02      
1.8092622e+02 -1.0679651e+02      
1.8104033e+02 -1.0639862e+02      
1.8102156e+02 -1.0602510e+02      
1.8080823e+02 -1.0552656e+02      
1.8048817e+02 -1.0502128e+02      
1.8012666e+02 -1.0466430e+02      
1.7931140e+02 -1.0202036e+02      
1.7807214e+02 -1.0353742e+02      
1.7682226e+02 -1.0546723e+02      
1.7556327e+02 -1.0780272e+02      
1.7429190e+02 -1.1052644e+02      
1.7300026e+02 -1.1359938e+02      
1.7167545e+02 -1.1695370e+02      
1.7029555e+02 -1.2052026e+02      
1.6882503e+02 -1.2429280e+02      
1.6726276e+02 -1.2827840e+02      
1.6576432e+02 -1.3220694e+02      
1.6480145e+02 -1.3450018e+02      
1.6445568e+02 -1.3490040e+02      
1.6466012e+02 -1.3380592e+02      
1.6490774e+02 -1.3288321e+02      
1.6501484e+02 -1.3236399e+02      
1.6494793e+02 -1.3191017e+02      
1.6469272e+02 -1.3098637e+02      
1.6433500e+02 -1.2997606e+02      
1.6392133e+02 -1.2915391e+02      
1.6323755e+02 -1.2460121e+02      
1.6196690e+02 -1.2608015e+02      
1.6065851e+02 -1.2794054e+02      
1.5931500e+02 -1.3017046e+02      
1.5793403e+02 -1.3275112e+02      
1.5650700e+02 -1.3565620e+02      
1.5501588e+02 -1.3886064e+02      
1.5342411e+02 -1.4237464e+02      
1.5164706e+02 -1.4633933e+02      
1.4957255e+02 -1.5099156e+02      
1.4774397e+02 -1.5491715e+02      
1.4651020e+02 -1.5735927e+02      
1.4599656e+02 -1.5812141e+02      
1.4609777e+02 -1.5751494e+02      
1.4647190e+02 -1.5635810e+02      
1.4653877e+02 -1.5605397e+02      
1.4643624e+02 -1.5606738e+02      
1.4605765e+02 -1.5434423e+02      
1.4563848e+02 -1.5267483e+02      
1.4517230e+02 -1.5131787e+02      
1.4462973e+02 -1.4482607e+02      
1.4334073e+02 -1.4625058e+02      
1.4199178e+02 -1.4802364e+02      
1.4058716e+02 -1.5013121e+02      
1.3912649e+02 -1.5255533e+02      
1.3760333e+02 -1.5527668e+02      
1.3600240e+02 -1.5828319e+02      
1.3429381e+02 -1.6158884e+02      
1.3242496e+02 -1.6525549e+02      
1.3034601e+02 -1.6929974e+02      
1.2813402e+02 -1.7339414e+02      
1.2661641e+02 -1.7601998e+02      
1.2601374e+02 -1.7693973e+02      
1.2612613e+02 -1.7653107e+02      
1.2609699e+02 -1.7638479e+02      
1.2586794e+02 -1.7673185e+02      
1.2553738e+02 -1.7692804e+02      
1.2512540e+02 -1.7493564e+02      
1.2469347e+02 -1.7266819e+02      
1.2420006e+02 -1.7073372e+02      
1.2380527e+02 -1.6240550e+02      
1.2251002e+02 -1.6376307e+02      
1.2113741e+02 -1.6543475e+02      
1.1969404e+02 -1.6740490e+02      
1.1818272e+02 -1.6965481e+02      
1.1660185e+02 -1.7216457e+02      
1.1494451e+02 -1.7491666e+02      
1.1319813e+02 -1.7789866e+02      
1.1134825e+02 -1.8109353e+02      
1.0939294e+02 -1.8443804e+02      
1.0738792e+02 -1.8773442e+02      
1.0558155e+02 -1.9049916e+02      
1.0496695e+02 -1.9142230e+02      
1.0452165e+02 -1.9203186e+02      
1.0397419e+02 -1.9294903e+02      
1.0332825e+02 -1.9415252e+02      
1.0275718e+02 -1.9408435e+02      
1.0225594e+02 -1.9242468e+02      
1.0185095e+02 -1.8951821e+02      
1.0136943e+02 -1.8698295e+02      
1.0111211e+02 -1.7709423e+02      
9.9821183e+01 -1.7837544e+02      
9.8439962e+01 -1.7993502e+02      
9.6977690e+01 -1.8175557e+02      
9.5441044e+01 -1.8381622e+02      
9.3834209e+01 -1.8609300e+02      
9.2159532e+01 -1.8855874e+02      
9.0419761e+01 -1.9117982e+02      
8.8624053e+01 -1.9390476e+02      
8.6800782e+01 -1.9664110e+02      
8.5019831e+01 -1.9922711e+02      
8.3461856e+01 -2.0137224e+02      
8.2368769e+01 -2.0278337e+02      
8.1435819e+01 -2.0403132e+02      
8.0410529e+01 -2.0568837e+02      
7.9528669e+01 -2.0653932e+02      
7.8771136e+01 -2.0630291e+02      
7.8117856e+01 -2.0492103e+02      
7.7571800e+01 -2.0254225e+02      
7.7115320e+01 -1.9957644e+02      
