2.6100202e+01 2.5102661e+02      
2.3533665e+01 2.4999024e+02      
2.1242381e+01 2.4878462e+02      
1.9211309e+01 2.4742588e+02      
1.7460299e+01 2.4595578e+02      
1.6044228e+01 2.4444068e+02      
1.5031217e+01 2.4295427e+02      
1.4481448e+01 2.4156174e+02      
1.4437811e+01 2.4031356e+02      
1.4922915e+01 2.3924373e+02      
1.5935731e+01 2.3836629e+02      
1.7446312e+01 2.3766818e+02      
1.9391407e+01 2.3710058e+02      
2.1678841e+01 2.3658118e+02      
2.4226545e+01 2.3606404e+02      
2.6987137e+01 2.3562752e+02      
2.9848492e+01 2.3539735e+02      
3.2656080e+01 2.3546032e+02      
3.5447630e+01 2.3581430e+02      
3.8456387e+01 2.3637805e+02      
5.4512382e+01 2.4173461e+02      
5.2095593e+01 2.4067584e+02      
4.9906590e+01 2.3939068e+02      
4.7887224e+01 2.3786709e+02      
4.6058488e+01 2.3615178e+02      
4.4521218e+01 2.3434900e+02      
4.3390468e+01 2.3256885e+02      
4.2753177e+01 2.3089614e+02      
4.2666485e+01 2.2939185e+02      
4.3163765e+01 2.2809970e+02      
4.4252440e+01 2.2704393e+02      
4.5902584e+01 2.2621562e+02      
4.8032691e+01 2.2554896e+02      
5.0483681e+01 2.2485604e+02      
5.3072475e+01 2.2388320e+02      
5.5928795e+01 2.2291132e+02      
5.8915670e+01 2.2220234e+02      
6.1403508e+01 2.2195752e+02      
6.3434590e+01 2.2216920e+02      
6.5738063e+01 2.2263554e+02      
8.1760015e+01 2.2882540e+02      
7.9608135e+01 2.2778668e+02      
7.7629248e+01 2.2646578e+02      
7.5632630e+01 2.2475457e+02      
7.3639523e+01 2.2270537e+02      
7.1883671e+01 2.2052855e+02      
7.0567320e+01 2.1839949e+02      
6.9796911e+01 2.1641357e+02      
6.9634892e+01 2.1463302e+02      
7.0127016e+01 2.1311242e+02      
7.1301473e+01 2.1189982e+02      
7.3145424e+01 2.1101540e+02      
7.5560120e+01 2.1039605e+02      
7.8297686e+01 2.0976349e+02      
8.0757210e+01 2.0810545e+02      
8.3681031e+01 2.0642531e+02      
8.7241978e+01 2.0506311e+02      
8.9331430e+01 2.0452642e+02      
8.9978338e+01 2.0478768e+02      
9.1396260e+01 2.0528065e+02      
1.0737146e+02 2.1249316e+02      
1.0567203e+02 2.1156614e+02      
1.0419273e+02 2.1039145e+02      
1.0222886e+02 2.0846668e+02      
9.9803165e+01 2.0585312e+02      
9.7655076e+01 2.0316332e+02      
9.6079173e+01 2.0063381e+02      
9.5129492e+01 1.9830782e+02      
9.4848931e+01 1.9622491e+02      
9.5295773e+01 1.9444823e+02      
9.6544523e+01 1.9307179e+02      
9.8626621e+01 1.9217262e+02      
1.0137429e+02 1.9164892e+02      
1.0404045e+02 1.9059007e+02      
1.0652952e+02 1.8878203e+02      
1.0911848e+02 1.8639188e+02      
1.1241467e+02 1.8437392e+02      
1.1405010e+02 1.8361180e+02      
1.1401204e+02 1.8401830e+02      
1.1479697e+02 1.8462834e+02      
1.3080038e+02 1.9290744e+02      
1.2966800e+02 1.9210649e+02      
1.2927109e+02 1.9146553e+02      
1.2734939e+02 1.8929602e+02      
1.2393859e+02 1.8568132e+02      
1.2129505e+02 1.8241552e+02      
1.1945014e+02 1.7949814e+02      
1.1829517e+02 1.7683198e+02      
1.1784274e+02 1.7441809e+02      
1.1816035e+02 1.7231812e+02      
1.1937942e+02 1.7067632e+02      
1.2165557e+02 1.6967947e+02      
1.2425932e+02 1.6866614e+02      
1.2677241e+02 1.6726976e+02      
1.2908750e+02 1.6534939e+02      
1.3144022e+02 1.6295190e+02      
1.3403798e+02 1.6049439e+02      
1.3526639e+02 1.5966895e+02      
1.3498283e+02 1.6028612e+02      
1.3545558e+02 1.6105959e+02      
1.5148915e+02 1.7026597e+02      
1.5053714e+02 1.6920392e+02      
1.5032302e+02 1.6820268e+02      
1.4847818e+02 1.6576267e+02      
1.4501631e+02 1.6198125e+02      
1.4227117e+02 1.5847753e+02      
1.4026296e+02 1.5529008e+02      
1.3889966e+02 1.5232098e+02      
1.3821535e+02 1.4955517e+02      
1.3828508e+02 1.4703762e+02      
1.3920002e+02 1.4487116e+02      
1.4100850e+02 1.4314985e+02      
1.4355412e+02 1.4178396e+02      
1.4589946e+02 1.4017155e+02      
1.4782206e+02 1.3819985e+02      
1.4952779e+02 1.3589055e+02      
1.5175819e+02 1.3385283e+02      
1.5281366e+02 1.3327305e+02      
1.5266388e+02 1.3406525e+02      
1.5309589e+02 1.3498669e+02      
1.6911956e+02 1.4497818e+02      
1.6794540e+02 1.4332150e+02      
1.6690854e+02 1.4131810e+02      
1.6519857e+02 1.3857489e+02      
1.6275715e+02 1.3519780e+02      
1.6032047e+02 1.3174850e+02      
1.5823395e+02 1.2842344e+02      
1.5663888e+02 1.2521122e+02      
1.5565577e+02 1.2209308e+02      
1.5538286e+02 1.1909176e+02      
1.5588234e+02 1.1628378e+02      
1.5715145e+02 1.1378480e+02      
1.5906106e+02 1.1169386e+02      
1.6125140e+02 1.0993402e+02      
1.6269698e+02 1.0802693e+02      
1.6420933e+02 1.0635580e+02      
1.6571766e+02 1.0523323e+02      
1.6666680e+02 1.0505886e+02      
1.6708936e+02 1.0575234e+02      
1.6762547e+02 1.0680517e+02      
1.8362090e+02 1.1763962e+02      
1.8236904e+02 1.1540163e+02      
1.8117328e+02 1.1272706e+02      
1.7969458e+02 1.0961247e+02      
1.7775405e+02 1.0621955e+02      
1.7547795e+02 1.0279439e+02      
1.7321412e+02 9.9417415e+01      
1.7129029e+02 9.6037842e+01      
1.6992418e+02 9.2596058e+01      
1.6924620e+02 8.9079527e+01      
1.6931735e+02 8.5552793e+01      
1.7012236e+02 8.2180879e+01      
1.7150731e+02 7.9304604e+01      
1.7310658e+02 7.7319053e+01      
1.7463455e+02 7.5780346e+01      
1.7613394e+02 7.4645870e+01      
1.7740584e+02 7.4143111e+01      
1.7819839e+02 7.4467893e+01      
1.7863166e+02 7.5495911e+01      
1.7906097e+02 7.6894492e+01      
1.9490671e+02 8.8855426e+01      
1.9382517e+02 8.6088575e+01      
1.9289734e+02 8.2833091e+01      
1.9186880e+02 7.9223266e+01      
1.9032787e+02 7.5548826e+01      
1.8783741e+02 7.2149112e+01      
1.8509983e+02 6.8844474e+01      
1.8266626e+02 6.5418206e+01      
1.8081189e+02 6.1724190e+01      
1.7967793e+02 5.7687544e+01      
1.7932796e+02 5.3335694e+01      
1.7977262e+02 4.8881118e+01      
1.8090885e+02 4.4910311e+01      
1.8215535e+02 4.3115404e+01      
1.8375237e+02 4.1951961e+01      
1.8548289e+02 4.1136215e+01      
1.8686717e+02 4.0976964e+01      
1.8731503e+02 4.1964051e+01      
1.8733201e+02 4.3691560e+01      
1.8737192e+02 4.5714753e+01      
2.0279262e+02 5.9208763e+01      
2.0204834e+02 5.5917167e+01      
2.0166486e+02 5.2008756e+01      
2.0141005e+02 4.7700438e+01      
2.0064741e+02 4.3476996e+01      
1.9733683e+02 4.0304861e+01      
1.9372622e+02 3.7313814e+01      
1.9055783e+02 3.4044090e+01      
1.8811338e+02 3.0235484e+01      
1.8648359e+02 2.5723419e+01      
1.8569913e+02 2.0464786e+01      
1.8579043e+02 1.4828016e+01      
1.8655777e+02 1.0594879e+01      
1.8790163e+02 8.1398423e+00      
1.8980480e+02 7.2306549e+00      
1.9212266e+02 6.4251906e+00      
1.9413790e+02 6.1453246e+00      
1.9379087e+02 8.1283546e+00      
1.9302807e+02 1.0917491e+01      
1.9243499e+02 1.3847359e+01      
2.0704464e+02 2.9307797e+01      
2.0669944e+02 2.5501427e+01      
2.0702692e+02 2.0830183e+01      
2.0767520e+02 1.5650062e+01      
2.0658472e+02 1.1261557e+01      
2.0341561e+02 7.9499229e+00      
1.9875319e+02 5.5301932e+00      
1.9469364e+02 2.6814691e+00      
1.9162108e+02 -1.0260190e+00      
1.8950897e+02 -5.7977701e+00      
1.8825928e+02 -1.1845324e+01      
1.8785532e+02 -1.7540384e+01      
1.8836706e+02 -2.2024502e+01      
1.8988065e+02 -2.5110396e+01      
1.9239313e+02 -2.7081747e+01      
1.9551122e+02 -2.8285468e+01      
1.9722953e+02 -2.8236004e+01      
1.9708123e+02 -2.6143860e+01      
1.9542625e+02 -2.2083678e+01      
1.9405709e+02 -1.8001519e+01      
2.0743138e+02 -2.0262397e-01      
2.0730962e+02 -4.3587172e+00      
2.0824038e+02 -9.7688850e+00      
2.0849579e+02 -1.5139383e+01      
2.0716208e+02 -1.9664167e+01      
2.0402596e+02 -2.3045671e+01      
1.9951451e+02 -2.5502374e+01      
1.9467345e+02 -2.7786715e+01      
1.9114672e+02 -3.1272082e+01      
1.8869039e+02 -3.5806432e+01      
1.8709070e+02 -4.1250787e+01      
1.8624575e+02 -4.7193647e+01      
1.8649922e+02 -5.1886995e+01      
1.8812677e+02 -5.5229783e+01      
1.9120736e+02 -5.7951601e+01      
1.9392219e+02 -5.9899469e+01      
1.9542913e+02 -6.0211911e+01      
1.9540397e+02 -5.8283640e+01      
1.9400060e+02 -5.4166536e+01      
1.9195276e+02 -4.8908444e+01      
2.0387121e+02 -2.8743902e+01      
2.0342409e+02 -3.2771413e+01      
2.0352139e+02 -3.7767429e+01      
2.0373259e+02 -4.3484329e+01      
2.0233183e+02 -4.8190809e+01      
1.9909092e+02 -5.1457255e+01      
1.9443422e+02 -5.3665748e+01      
1.9010846e+02 -5.6507656e+01      
1.8663788e+02 -6.0032194e+01      
1.8404233e+02 -6.4255096e+01      
1.8226582e+02 -6.9013655e+01      
1.8128565e+02 -7.4011026e+01      
1.8119059e+02 -7.8689018e+01      
1.8262636e+02 -8.1497661e+01      
1.8489077e+02 -8.4315153e+01      
1.8742185e+02 -8.7443039e+01      
1.8887313e+02 -8.8631690e+01      
1.8892042e+02 -8.7112097e+01      
1.8751955e+02 -8.2770127e+01      
1.8589407e+02 -7.7924322e+01      
1.9658005e+02 -5.5941074e+01      
1.9565994e+02 -5.9626703e+01      
1.9494549e+02 -6.4009953e+01      
1.9418212e+02 -6.8921245e+01      
1.9278638e+02 -7.3808921e+01      
1.8941269e+02 -7.6796698e+01      
1.8548411e+02 -7.9816370e+01      
1.8160977e+02 -8.3467942e+01      
1.7832466e+02 -8.7086568e+01      
1.7567164e+02 -9.1149071e+01      
1.7378398e+02 -9.5380785e+01      
1.7273299e+02 -9.9492704e+01      
1.7259980e+02 -1.0311154e+02      
1.7347276e+02 -1.0584871e+02      
1.7501443e+02 -1.0827210e+02      
1.7674645e+02 -1.1082203e+02      
1.7819049e+02 -1.1306833e+02      
1.7844593e+02 -1.1241728e+02      
1.7770958e+02 -1.0950686e+02      
1.7642136e+02 -1.0511732e+02      
1.8590334e+02 -8.1524823e+01      
1.8457337e+02 -8.4827815e+01      
1.8325526e+02 -8.8633011e+01      
1.8176041e+02 -9.2766788e+01      
1.7974967e+02 -9.6844639e+01      
1.7686313e+02 -1.0038021e+02      
1.7349858e+02 -1.0389134e+02      
1.7001986e+02 -1.0775887e+02      
1.6665930e+02 -1.1204740e+02      
1.6385511e+02 -1.1623410e+02      
1.6183254e+02 -1.2013902e+02      
1.6069246e+02 -1.2358909e+02      
1.6045140e+02 -1.2641946e+02      
1.6103209e+02 -1.2855646e+02      
1.6217564e+02 -1.3018888e+02      
1.6328978e+02 -1.3202018e+02      
1.6419497e+02 -1.3372659e+02      
1.6464499e+02 -1.3450160e+02      
1.6423730e+02 -1.3259781e+02      
1.6318923e+02 -1.2859385e+02      
1.7217977e+02 -1.0523226e+02      
1.7054268e+02 -1.0817308e+02      
1.6882847e+02 -1.1150523e+02      
1.6691199e+02 -1.1508521e+02      
1.6463641e+02 -1.1871845e+02      
1.6192134e+02 -1.2228681e+02      
1.5887525e+02 -1.2590088e+02      
1.5567320e+02 -1.2973920e+02      
1.5245573e+02 -1.3390012e+02      
1.4942366e+02 -1.3824996e+02      
1.4726306e+02 -1.4191696e+02      
1.4606571e+02 -1.4483043e+02      
1.4578310e+02 -1.4696971e+02      
1.4623801e+02 -1.4839403e+02      
1.4684162e+02 -1.4975414e+02      
1.4742039e+02 -1.5114225e+02      
1.4787258e+02 -1.5251991e+02      
1.4809237e+02 -1.5355465e+02      
1.4769947e+02 -1.5186201e+02      
1.4675944e+02 -1.4792611e+02      
1.5573252e+02 -1.2679346e+02      
1.5388663e+02 -1.2941023e+02      
1.5192990e+02 -1.3235825e+02      
1.4979308e+02 -1.3553722e+02      
1.4740951e+02 -1.3884337e+02      
1.4475806e+02 -1.4221917e+02      
1.4188837e+02 -1.4568608e+02      
1.3888782e+02 -1.4930879e+02      
1.3582166e+02 -1.5315705e+02      
1.3277998e+02 -1.5719848e+02      
1.3054245e+02 -1.6053670e+02      
1.2935873e+02 -1.6293749e+02      
1.2910040e+02 -1.6446339e+02      
1.2911354e+02 -1.6573634e+02      
1.2923125e+02 -1.6688123e+02      
1.2935463e+02 -1.6791864e+02      
1.2940196e+02 -1.6886509e+02      
1.2927454e+02 -1.6947137e+02      
1.2878350e+02 -1.6746480e+02      
1.2801531e+02 -1.6453523e+02      
1.3688287e+02 -1.4594150e+02      
1.3490710e+02 -1.4826883e+02      
1.3281125e+02 -1.5088898e+02      
1.3056248e+02 -1.5372968e+02      
1.2813606e+02 -1.5672246e+02      
1.2553298e+02 -1.5982170e+02      
1.2278796e+02 -1.6301333e+02      
1.1995843e+02 -1.6630137e+02      
1.1710723e+02 -1.6968081e+02      
1.1433499e+02 -1.7306256e+02      
1.1195944e+02 -1.7610646e+02      
1.1087262e+02 -1.7800202e+02      
1.1026288e+02 -1.7941480e+02      
1.0986283e+02 -1.8055901e+02      
1.0957502e+02 -1.8147838e+02      
1.0932379e+02 -1.8215978e+02      
1.0903625e+02 -1.8253031e+02      
1.0863681e+02 -1.8227087e+02      
1.0806253e+02 -1.8083379e+02      
1.0733861e+02 -1.7865819e+02      
1.1596233e+02 -1.6242782e+02      
1.1391560e+02 -1.6449196e+02      
1.1174885e+02 -1.6681720e+02      
1.0945175e+02 -1.6934681e+02      
1.0702149e+02 -1.7202638e+02      
1.0447103e+02 -1.7481141e+02      
1.0183297e+02 -1.7766883e+02      
9.9156662e+01 -1.8056878e+02      
9.6503089e+01 -1.8346764e+02      
9.3932735e+01 -1.8629479e+02      
9.1603542e+01 -1.8887429e+02      
9.0406788e+01 -1.9050217e+02      
8.9501418e+01 -1.9176819e+02      
8.8765162e+01 -1.9274875e+02      
8.8152506e+01 -1.9343904e+02      
8.7602653e+01 -1.9381148e+02      
8.7056751e+01 -1.9378689e+02      
8.6463253e+01 -1.9321564e+02      
8.5790602e+01 -1.9199130e+02      
8.5042283e+01 -1.9023617e+02      
9.3319485e+01 -1.7603531e+02      
9.1244608e+01 -1.7785602e+02      
8.9052886e+01 -1.7990754e+02      
8.6748106e+01 -1.8214177e+02      
8.4340143e+01 -1.8451065e+02      
8.1849485e+01 -1.8696898e+02      
7.9309734e+01 -1.8947396e+02      
7.6767727e+01 -1.9197978e+02      
7.4283183e+01 -1.9442808e+02      
7.1933921e+01 -1.9673524e+02      
6.9881095e+01 -1.9874560e+02      
6.8347302e+01 -2.0026026e+02      
6.7145156e+01 -2.0138255e+02      
6.6141494e+01 -2.0217933e+02      
6.5275668e+01 -2.0265372e+02      
6.4495132e+01 -2.0278410e+02      
6.3752741e+01 -2.0252500e+02      
6.3010254e+01 -2.0182130e+02      
6.2244000e+01 -2.0065748e+02      
6.1448801e+01 -1.9910247e+02      
