2.1615643e+01 2.4479209e+02      
2.0139905e+01 2.4306598e+02      
1.8469846e+01 2.4126798e+02      
1.6394492e+01 2.3939769e+02      
1.3929615e+01 2.3750763e+02      
1.1309955e+01 2.3570131e+02      
8.8962185e+00 2.3411219e+02      
6.9471808e+00 2.3283426e+02      
5.5701419e+00 2.3191262e+02      
4.7908270e+00 2.3136821e+02      
4.6023857e+00 2.3120938e+02      
4.9866109e+00 2.3143527e+02      
5.9185799e+00 2.3203721e+02      
7.3669253e+00 2.3299874e+02      
9.3007079e+00 2.3429315e+02      
1.1701459e+01 2.3587983e+02      
1.4570468e+01 2.3770221e+02      
1.7925881e+01 2.3968938e+02      
2.1793083e+01 2.4176024e+02      
2.6195019e+01 2.4382869e+02      
5.1007658e+01 2.3419276e+02      
5.0498790e+01 2.3248741e+02      
4.9407592e+01 2.3059391e+02      
4.7395022e+01 2.2849580e+02      
4.4490149e+01 2.2625221e+02      
4.1070119e+01 2.2399438e+02      
3.8015564e+01 2.2201975e+02      
3.5671126e+01 2.2043480e+02      
3.4057565e+01 2.1925319e+02      
3.3127831e+01 2.1848150e+02      
3.2830286e+01 2.1812206e+02      
3.3125074e+01 2.1817083e+02      
3.3974063e+01 2.1861885e+02      
3.5322123e+01 2.1945416e+02      
3.7108255e+01 2.2065638e+02      
3.9296049e+01 2.2218709e+02      
4.1890886e+01 2.2398449e+02      
4.4930328e+01 2.2596610e+02      
4.8461534e+01 2.2803680e+02      
5.2524004e+01 2.3009728e+02      
7.9085702e+01 2.1982285e+02      
8.0272308e+01 2.1828113e+02      
7.9953920e+01 2.1627507e+02      
7.8012984e+01 2.1392286e+02      
7.4502001e+01 2.1129285e+02      
6.9623252e+01 2.0839701e+02      
6.5794173e+01 2.0602593e+02      
6.3093257e+01 2.0415192e+02      
6.1326170e+01 2.0272153e+02      
6.0313588e+01 2.0173213e+02      
5.9950315e+01 2.0118194e+02      
6.0183214e+01 2.0106262e+02      
6.0993812e+01 2.0136042e+02      
6.2287098e+01 2.0207480e+02      
6.3937071e+01 2.0320312e+02      
6.5869797e+01 2.0471590e+02      
6.8107658e+01 2.0654371e+02      
7.0733182e+01 2.0858479e+02      
7.3832064e+01 2.1072268e+02      
7.7466740e+01 2.1284033e+02      
1.0454074e+02 2.0166260e+02      
1.0655999e+02 1.9975391e+02      
1.0675445e+02 1.9743667e+02      
1.0492293e+02 1.9480026e+02      
1.0112843e+02 1.9192661e+02      
9.5669213e+01 1.8887908e+02      
9.1437527e+01 1.8630259e+02      
8.8576363e+01 1.8421134e+02      
8.6838837e+01 1.8255637e+02      
8.5845883e+01 1.8136838e+02      
8.5488030e+01 1.8064197e+02      
8.5690484e+01 1.8036769e+02      
8.6564733e+01 1.8050607e+02      
8.7921655e+01 1.8108666e+02      
8.9493689e+01 1.8214990e+02      
9.1109116e+01 1.8369195e+02      
9.2861546e+01 1.8562608e+02      
9.4942460e+01 1.8781297e+02      
9.7497379e+01 1.9010228e+02      
1.0061324e+02 1.9235364e+02      
1.2663114e+02 1.8007789e+02      
1.2881172e+02 1.7754024e+02      
1.2916535e+02 1.7475570e+02      
1.2747996e+02 1.7180096e+02      
1.2381206e+02 1.6877726e+02      
1.1846281e+02 1.6579234e+02      
1.1430896e+02 1.6316309e+02      
1.1152068e+02 1.6094041e+02      
1.0987059e+02 1.5911488e+02      
1.0897547e+02 1.5776126e+02      
1.0874131e+02 1.5687057e+02      
1.0912809e+02 1.5642606e+02      
1.1027846e+02 1.5636097e+02      
1.1195942e+02 1.5675089e+02      
1.1366298e+02 1.5772458e+02      
1.1478013e+02 1.5936801e+02      
1.1581091e+02 1.6152362e+02      
1.1716956e+02 1.6397502e+02      
1.1905568e+02 1.6652059e+02      
1.2156600e+02 1.6899279e+02      
1.4502742e+02 1.5563987e+02      
1.4672304e+02 1.5243769e+02      
1.4690169e+02 1.4913751e+02      
1.4540777e+02 1.4582241e+02      
1.4226643e+02 1.4262110e+02      
1.3768380e+02 1.3968014e+02      
1.3405146e+02 1.3703543e+02      
1.3153570e+02 1.3474849e+02      
1.3003759e+02 1.3282204e+02      
1.2928910e+02 1.3135328e+02      
1.2927014e+02 1.3031352e+02      
1.3001264e+02 1.2966258e+02      
1.3169715e+02 1.2929868e+02      
1.3407972e+02 1.2936355e+02      
1.3643425e+02 1.3015246e+02      
1.3660140e+02 1.3201947e+02      
1.3658129e+02 1.3457760e+02      
1.3700310e+02 1.3746000e+02      
1.3810053e+02 1.4038820e+02      
1.3993977e+02 1.4317349e+02      
1.5979786e+02 1.2891911e+02      
1.6021612e+02 1.2518749e+02      
1.6001218e+02 1.2137536e+02      
1.5877975e+02 1.1763860e+02      
1.5647273e+02 1.1415207e+02      
1.5343709e+02 1.1105176e+02      
1.5059685e+02 1.0837037e+02      
1.4842209e+02 1.0608848e+02      
1.4706681e+02 1.0416240e+02      
1.4644726e+02 1.0265968e+02      
1.4665204e+02 1.0150801e+02      
1.4783576e+02 1.0060725e+02      
1.5024448e+02 9.9805728e+01      
1.5352112e+02 9.9359592e+01      
1.5558725e+02 1.0005141e+02      
1.5586692e+02 1.0203780e+02      
1.5466428e+02 1.0521464e+02      
1.5397848e+02 1.0874239e+02      
1.5421275e+02 1.1219088e+02      
1.5536693e+02 1.1537101e+02      
1.7154554e+02 1.0038270e+02      
1.7143937e+02 9.6074803e+01      
1.7110905e+02 9.1664659e+01      
1.7022078e+02 8.7383234e+01      
1.6860774e+02 8.3510242e+01      
1.6639537e+02 8.0248561e+01      
1.6407289e+02 7.7586160e+01      
1.6211070e+02 7.5414058e+01      
1.6077210e+02 7.3643814e+01      
1.6017903e+02 7.2225413e+01      
1.6048174e+02 7.1062157e+01      
1.6197172e+02 6.9956843e+01      
1.6502110e+02 6.8648654e+01      
1.6803016e+02 6.7981738e+01      
1.6998982e+02 6.8520710e+01      
1.7038601e+02 7.0569362e+01      
1.6926046e+02 7.4088612e+01      
1.6750182e+02 7.8455989e+01      
1.6697164e+02 8.2495964e+01      
1.6751888e+02 8.6112151e+01      
1.8036167e+02 7.0535285e+01      
1.8020469e+02 6.5558523e+01      
1.8008693e+02 6.0388548e+01      
1.7973753e+02 5.5333819e+01      
1.7877467e+02 5.0885757e+01      
1.7681141e+02 4.7570471e+01      
1.7456119e+02 4.5091890e+01      
1.7258656e+02 4.3160995e+01      
1.7116698e+02 4.1630909e+01      
1.7046368e+02 4.0417514e+01      
1.7062084e+02 3.9426534e+01      
1.7181694e+02 3.8506000e+01      
1.7414005e+02 3.7493707e+01      
1.7722431e+02 3.6441444e+01      
1.7938740e+02 3.6615344e+01      
1.8001428e+02 3.8572581e+01      
1.7865613e+02 4.2616660e+01      
1.7697053e+02 4.7360012e+01      
1.7605944e+02 5.1906632e+01      
1.7614835e+02 5.5952919e+01      
1.8604381e+02 3.9962936e+01      
1.8608049e+02 3.4221277e+01      
1.8644747e+02 2.8068018e+01      
1.8692130e+02 2.1883613e+01      
1.8693739e+02 1.6444451e+01      
1.8458615e+02 1.3379227e+01      
1.8198189e+02 1.1357159e+01      
1.7976300e+02 9.8384978e+00      
1.7814346e+02 8.6416394e+00      
1.7720606e+02 7.7385177e+00      
1.7703228e+02 7.0873395e+00      
1.7770698e+02 6.5855268e+00      
1.7924569e+02 6.1079649e+00      
1.8148982e+02 5.5930717e+00      
1.8400663e+02 5.2329331e+00      
1.8537023e+02 6.6257158e+00      
1.8472752e+02 1.0350889e+01      
1.8258219e+02 1.5910067e+01      
1.8135130e+02 2.1014259e+01      
1.8111864e+02 2.5454881e+01      
1.8834675e+02 9.3378145e+00      
1.8867569e+02 2.7868409e+00      
1.8968028e+02 -4.5671088e+00      
1.9106042e+02 -1.2175114e+01      
1.9098299e+02 -1.8029822e+01      
1.8914423e+02 -2.1578294e+01      
1.8605561e+02 -2.2963481e+01      
1.8348784e+02 -2.3939802e+01      
1.8162939e+02 -2.4783052e+01      
1.8039111e+02 -2.5326526e+01      
1.7979039e+02 -2.5516732e+01      
1.7990340e+02 -2.5457634e+01      
1.8074155e+02 -2.5281419e+01      
1.8222334e+02 -2.5096781e+01      
1.8417092e+02 -2.4926563e+01      
1.8607741e+02 -2.4322749e+01      
1.8596735e+02 -2.0899309e+01      
1.8406164e+02 -1.5005776e+01      
1.8280953e+02 -9.5690007e+00      
1.8240058e+02 -4.8365705e+00      
1.8704384e+02 -2.0598055e+01      
1.8753349e+02 -2.7759427e+01      
1.8906426e+02 -3.6302731e+01      
1.9015394e+02 -4.4358520e+01      
1.9006599e+02 -5.0698812e+01      
1.8864599e+02 -5.4774399e+01      
1.8622083e+02 -5.6714203e+01      
1.8353481e+02 -5.7339440e+01      
1.8167456e+02 -5.8173036e+01      
1.8009608e+02 -5.8366246e+01      
1.7898449e+02 -5.7969375e+01      
1.7851848e+02 -5.7210711e+01      
1.7872978e+02 -5.6273507e+01      
1.7956807e+02 -5.5307633e+01      
1.8095199e+02 -5.4469818e+01      
1.8262440e+02 -5.3687373e+01      
1.8284443e+02 -5.0412601e+01      
1.8156723e+02 -4.4739943e+01      
1.8056795e+02 -3.9338962e+01      
1.8007865e+02 -3.4434931e+01      
1.8205263e+02 -4.9187759e+01      
1.8224562e+02 -5.6309402e+01      
1.8308054e+02 -6.4452238e+01      
1.8417692e+02 -7.3224390e+01      
1.8422152e+02 -8.0206228e+01      
1.8312168e+02 -8.4711462e+01      
1.8119605e+02 -8.7060949e+01      
1.7964639e+02 -8.9351572e+01      
1.7848648e+02 -9.1239074e+01      
1.7641425e+02 -9.1025099e+01      
1.7469144e+02 -8.9866434e+01      
1.7362454e+02 -8.8231535e+01      
1.7326228e+02 -8.6401035e+01      
1.7354833e+02 -8.4550505e+01      
1.7436137e+02 -8.2752540e+01      
1.7539640e+02 -8.0750176e+01      
1.7596143e+02 -7.7646996e+01      
1.7567597e+02 -7.3143050e+01      
1.7499506e+02 -6.8047001e+01      
1.7432844e+02 -6.2930237e+01      
1.7355560e+02 -7.6052010e+01      
1.7333095e+02 -8.2844872e+01      
1.7351039e+02 -9.0341314e+01      
1.7389596e+02 -9.8296329e+01      
1.7407732e+02 -1.0595912e+02      
1.7326099e+02 -1.1082420e+02      
1.7248272e+02 -1.1534467e+02      
1.7206301e+02 -1.1977556e+02      
1.7103528e+02 -1.2243185e+02      
1.6923261e+02 -1.2275697e+02      
1.6693141e+02 -1.2076278e+02      
1.6527302e+02 -1.1804163e+02      
1.6440271e+02 -1.1516872e+02      
1.6424725e+02 -1.1237720e+02      
1.6467573e+02 -1.0972197e+02      
1.6557151e+02 -1.0716811e+02      
1.6675033e+02 -1.0450319e+02      
1.6700429e+02 -1.0053583e+02      
1.6642426e+02 -9.5503323e+01      
1.6524118e+02 -8.9842631e+01      
1.6185356e+02 -1.0095048e+02      
1.6125409e+02 -1.0734766e+02      
1.6093257e+02 -1.1423621e+02      
1.6076938e+02 -1.2139827e+02      
1.6057979e+02 -1.2837336e+02      
1.6027065e+02 -1.3468490e+02      
1.6031159e+02 -1.4124458e+02      
1.6005104e+02 -1.4682342e+02      
1.5917455e+02 -1.5047247e+02      
1.5763955e+02 -1.5162223e+02      
1.5560867e+02 -1.5002682e+02      
1.5347185e+02 -1.4602735e+02      
1.5223190e+02 -1.4202228e+02      
1.5176974e+02 -1.3827600e+02      
1.5194155e+02 -1.3485270e+02      
1.5271358e+02 -1.3186199e+02      
1.5396294e+02 -1.2922625e+02      
1.5438084e+02 -1.2537411e+02      
1.5388732e+02 -1.2032576e+02      
1.5267184e+02 -1.1443349e+02      
1.4725334e+02 -1.2364651e+02      
1.4634198e+02 -1.2964691e+02      
1.4564710e+02 -1.3602845e+02      
1.4510031e+02 -1.4262682e+02      
1.4463352e+02 -1.4924570e+02      
1.4426233e+02 -1.5584619e+02      
1.4408380e+02 -1.6264824e+02      
1.4399938e+02 -1.6953811e+02      
1.4329257e+02 -1.7448989e+02      
1.4196505e+02 -1.7672164e+02      
1.4017420e+02 -1.7579619e+02      
1.3821999e+02 -1.7139870e+02      
1.3690664e+02 -1.6640393e+02      
1.3627703e+02 -1.6166764e+02      
1.3623850e+02 -1.5744562e+02      
1.3674981e+02 -1.5384306e+02      
1.3770112e+02 -1.5080054e+02      
1.3805884e+02 -1.4681220e+02      
1.3772576e+02 -1.4185763e+02      
1.3682200e+02 -1.3615327e+02      
1.3006485e+02 -1.4389324e+02      
1.2889786e+02 -1.4950905e+02      
1.2791242e+02 -1.5544708e+02      
1.2707136e+02 -1.6159821e+02      
1.2634276e+02 -1.6786994e+02      
1.2571930e+02 -1.7424861e+02      
1.2520294e+02 -1.8081320e+02      
1.2473186e+02 -1.8758747e+02      
1.2411211e+02 -1.9403265e+02      
1.2289155e+02 -1.9745990e+02      
1.2142164e+02 -1.9732665e+02      
1.1995028e+02 -1.9381572e+02      
1.1872675e+02 -1.8777910e+02      
1.1805295e+02 -1.8197514e+02      
1.1785461e+02 -1.7695406e+02      
1.1803868e+02 -1.7262396e+02      
1.1841531e+02 -1.6862675e+02      
1.1860839e+02 -1.6436903e+02      
1.1848689e+02 -1.5968212e+02      
1.1817852e+02 -1.5478066e+02      
1.1061218e+02 -1.6144918e+02      
1.0923494e+02 -1.6668536e+02      
1.0801426e+02 -1.7219975e+02      
1.0692850e+02 -1.7791136e+02      
1.0595546e+02 -1.8375663e+02      
1.0507519e+02 -1.8971391e+02      
1.0425944e+02 -1.9581922e+02      
1.0345175e+02 -2.0222235e+02      
1.0254063e+02 -2.0893428e+02      
1.0134990e+02 -2.1299584e+02      
1.0008936e+02 -2.1358564e+02      
9.8963620e+01 -2.1074186e+02      
9.8085421e+01 -2.0519170e+02      
9.7495454e+01 -1.9847110e+02      
9.7220201e+01 -1.9297351e+02      
9.7197730e+01 -1.8824080e+02      
9.7307876e+01 -1.8382845e+02      
9.7405562e+01 -1.7944208e+02      
9.7423555e+01 -1.7497281e+02      
9.7416198e+01 -1.7051881e+02      
8.9239929e+01 -1.7609728e+02      
8.7689525e+01 -1.8095117e+02      
8.6275693e+01 -1.8603889e+02      
8.4985373e+01 -1.9128895e+02      
8.3801416e+01 -1.9663933e+02      
8.2702077e+01 -2.0204725e+02      
8.1655470e+01 -2.0749473e+02      
8.0610100e+01 -2.1298276e+02      
7.9479403e+01 -2.1836072e+02      
7.8179847e+01 -2.2295050e+02      
7.6989161e+01 -2.2411969e+02      
7.6113609e+01 -2.2153906e+02      
7.5536662e+01 -2.1599885e+02      
7.5074242e+01 -2.1037202e+02      
7.4788949e+01 -2.0525203e+02      
7.4680275e+01 -2.0057489e+02      
7.4694038e+01 -1.9613876e+02      
7.4766062e+01 -1.9180046e+02      
7.4863706e+01 -1.8751103e+02      
7.5004350e+01 -1.8332096e+02      
6.6313886e+01 -1.8765887e+02      
6.4622036e+01 -1.9212595e+02      
6.3050828e+01 -1.9677970e+02      
6.1593438e+01 -2.0154892e+02      
6.0237982e+01 -2.0636344e+02      
5.8967056e+01 -2.1115484e+02      
5.7755673e+01 -2.1584900e+02      
5.6568798e+01 -2.2033834e+02      
5.5362459e+01 -2.2442238e+02      
5.4106696e+01 -2.2769825e+02      
5.2876669e+01 -2.2929355e+02      
5.2220328e+01 -2.2671805e+02      
5.1691212e+01 -2.2271046e+02      
5.1271155e+01 -2.1828486e+02      
5.0992391e+01 -2.1384750e+02      
5.0859261e+01 -2.0951128e+02      
5.0848549e+01 -2.0527052e+02      
5.0929772e+01 -2.0109909e+02      
5.1084548e+01 -1.9699973e+02      
5.1315083e+01 -1.9301759e+02      
