2.6301045e+01 2.3333856e+02      
2.6906651e+01 2.3195820e+02      
2.7428462e+01 2.3030503e+02      
2.6664047e+01 2.2699517e+02      
2.5759918e+01 2.2354702e+02      
2.5131354e+01 2.2040679e+02      
2.4876498e+01 2.1771111e+02      
2.4932531e+01 2.1547797e+02      
2.5213024e+01 2.1368916e+02      
2.5685506e+01 2.1232487e+02      
2.6383368e+01 2.1137305e+02      
2.7368054e+01 2.1082471e+02      
2.8668528e+01 2.1066347e+02      
3.0249039e+01 2.1086115e+02      
3.2019632e+01 2.1138007e+02      
3.3875274e+01 2.1217714e+02      
3.5745094e+01 2.1320762e+02      
3.7626382e+01 2.1442712e+02      
3.9587595e+01 2.1579167e+02      
4.1741038e+01 2.1725598e+02      
5.6505932e+01 2.2374458e+02      
5.8106976e+01 2.2282278e+02      
5.8851779e+01 2.2083840e+02      
5.8467156e+01 2.1759138e+02      
5.7210407e+01 2.1347714e+02      
5.6412023e+01 2.0983177e+02      
5.6232794e+01 2.0683752e+02      
5.6420821e+01 2.0441694e+02      
5.6741909e+01 2.0247478e+02      
5.7132542e+01 2.0096015e+02      
5.7685793e+01 1.9985649e+02      
5.8574864e+01 1.9916685e+02      
5.9883049e+01 1.9887748e+02      
6.1547550e+01 1.9895233e+02      
6.3394527e+01 1.9934342e+02      
6.5212684e+01 1.9999793e+02      
6.6857198e+01 2.0086519e+02      
6.8315665e+01 2.0189940e+02      
6.9711136e+01 2.0305889e+02      
7.1242746e+01 2.0430235e+02      
8.4828658e+01 2.1010138e+02      
8.6652234e+01 2.0875520e+02      
8.7670568e+01 2.0647925e+02      
8.7652822e+01 2.0320796e+02      
8.6870101e+01 1.9924246e+02      
8.6074601e+01 1.9523315e+02      
8.6360095e+01 1.9213386e+02      
8.6915782e+01 1.8965832e+02      
8.7332374e+01 1.8764199e+02      
8.7536910e+01 1.8601755e+02      
8.7719307e+01 1.8476566e+02      
8.8413074e+01 1.8396069e+02      
8.9777167e+01 1.8358570e+02      
9.1684200e+01 1.8358520e+02      
9.3809794e+01 1.8389652e+02      
9.5717165e+01 1.8444896e+02      
9.7123273e+01 1.8518485e+02      
9.8003207e+01 1.8605847e+02      
9.8593160e+01 1.8703432e+02      
9.9289280e+01 1.8808451e+02      
1.0927679e+02 1.9166108e+02      
1.1155638e+02 1.9005021e+02      
1.1295484e+02 1.8754122e+02      
1.1316984e+02 1.8412168e+02      
1.1262322e+02 1.8009783e+02      
1.1304146e+02 1.7650739e+02      
1.1466532e+02 1.7371764e+02      
1.1584961e+02 1.7133122e+02      
1.1642087e+02 1.6933820e+02      
1.1634763e+02 1.6768555e+02      
1.1572637e+02 1.6627539e+02      
1.1615452e+02 1.6541946e+02      
1.1767936e+02 1.6502053e+02      
1.2012242e+02 1.6500442e+02      
1.2300136e+02 1.6530946e+02      
1.2525481e+02 1.6580592e+02      
1.2642570e+02 1.6644412e+02      
1.2647372e+02 1.6718088e+02      
1.2578049e+02 1.6797695e+02      
1.2534186e+02 1.6886439e+02      
1.3084905e+02 1.6995200e+02      
1.3257598e+02 1.6756415e+02      
1.3437549e+02 1.6478673e+02      
1.3468744e+02 1.6113753e+02      
1.3522458e+02 1.5740285e+02      
1.3669668e+02 1.5406112e+02      
1.3922786e+02 1.5135840e+02      
1.4093713e+02 1.4906952e+02      
1.4169274e+02 1.4721099e+02      
1.4151966e+02 1.4573868e+02      
1.4061780e+02 1.4455866e+02      
1.4098128e+02 1.4382738e+02      
1.4277994e+02 1.4347339e+02      
1.4601187e+02 1.4346700e+02      
1.5046844e+02 1.4384336e+02      
1.5330298e+02 1.4429147e+02      
1.5425728e+02 1.4486476e+02      
1.5327496e+02 1.4552546e+02      
1.5050456e+02 1.4614264e+02      
1.4873566e+02 1.4693994e+02      
1.4970860e+02 1.4568101e+02      
1.5096590e+02 1.4261290e+02      
1.5232573e+02 1.3921813e+02      
1.5340158e+02 1.3548608e+02      
1.5470606e+02 1.3178663e+02      
1.5676712e+02 1.2846208e+02      
1.5969929e+02 1.2569598e+02      
1.6166701e+02 1.2350035e+02      
1.6258196e+02 1.2188166e+02      
1.6250174e+02 1.2078741e+02      
1.6168083e+02 1.2007089e+02      
1.6218326e+02 1.1960305e+02      
1.6424359e+02 1.1933475e+02      
1.6796455e+02 1.1925233e+02      
1.7309259e+02 1.1937191e+02      
1.7621441e+02 1.1968185e+02      
1.7696806e+02 1.2021941e+02      
1.7529175e+02 1.2095449e+02      
1.7143163e+02 1.2178833e+02      
1.6874174e+02 1.2266871e+02      
1.6575943e+02 1.1936813e+02      
1.6677377e+02 1.1571655e+02      
1.6801347e+02 1.1174946e+02      
1.6938246e+02 1.0762862e+02      
1.7099637e+02 1.0369110e+02      
1.7312697e+02 1.0024381e+02      
1.7588584e+02 9.7429905e+01      
1.7778941e+02 9.5393031e+01      
1.7881400e+02 9.4096051e+01      
1.7894914e+02 9.3597705e+01      
1.7852350e+02 9.3452060e+01      
1.7931234e+02 9.3294790e+01      
1.8150868e+02 9.3133064e+01      
1.8526525e+02 9.2950531e+01      
1.9035209e+02 9.2740526e+01      
1.9336529e+02 9.2888131e+01      
1.9394384e+02 9.3410372e+01      
1.9202893e+02 9.4287142e+01      
1.8787466e+02 9.5460158e+01      
1.8483537e+02 9.6508513e+01      
1.7880366e+02 9.1514699e+01      
1.7972545e+02 8.7327939e+01      
1.8097057e+02 8.2714704e+01      
1.8246420e+02 7.7874901e+01      
1.8409135e+02 7.3434179e+01      
1.8587841e+02 6.9793494e+01      
1.8773793e+02 6.7140294e+01      
1.8925579e+02 6.5493985e+01      
1.9035726e+02 6.4597814e+01      
1.9067330e+02 6.5080135e+01      
1.9109666e+02 6.5399892e+01      
1.9224684e+02 6.5506634e+01      
1.9439709e+02 6.5468615e+01      
1.9771509e+02 6.5279143e+01      
2.0204858e+02 6.4917216e+01      
2.0456431e+02 6.4996700e+01      
2.0499798e+02 6.5512048e+01      
2.0329611e+02 6.6456564e+01      
1.9963108e+02 6.7818487e+01      
1.9680517e+02 6.8971486e+01      
1.8863429e+02 6.2650845e+01      
1.8952069e+02 5.8000037e+01      
1.9079416e+02 5.2739419e+01      
1.9244507e+02 4.6793403e+01      
1.9398628e+02 4.1588386e+01      
1.9537724e+02 3.7644451e+01      
1.9662504e+02 3.5169271e+01      
1.9765110e+02 3.4291464e+01      
1.9833622e+02 3.5053198e+01      
1.9896787e+02 3.5923036e+01      
1.9981575e+02 3.6516700e+01      
2.0114041e+02 3.6817896e+01      
2.0308163e+02 3.6899249e+01      
2.0561370e+02 3.6826562e+01      
2.0829436e+02 3.6724864e+01      
2.1004491e+02 3.6864681e+01      
2.1036731e+02 3.7366509e+01      
2.0920548e+02 3.8244307e+01      
2.0697985e+02 3.9390987e+01      
2.0475129e+02 4.0531065e+01      
1.9508640e+02 3.3316978e+01      
1.9595052e+02 2.8328873e+01      
1.9718398e+02 2.2751863e+01      
1.9868565e+02 1.6679420e+01      
2.0015593e+02 1.0606404e+01      
2.0113634e+02 6.3270193e+00      
2.0188796e+02 3.9910762e+00      
2.0255203e+02 3.6828562e+00      
2.0314125e+02 5.2770040e+00      
2.0388740e+02 6.5624081e+00      
2.0488176e+02 7.3512696e+00      
2.0621782e+02 7.7641069e+00      
2.0792594e+02 7.9030838e+00      
2.0989101e+02 7.8773558e+00      
2.1177043e+02 7.8339405e+00      
2.1305031e+02 7.9607216e+00      
2.1331809e+02 8.4226400e+00      
2.1247075e+02 9.2771642e+00      
2.1084020e+02 1.0403252e+01      
2.0897321e+02 1.1595136e+01      
1.9805477e+02 4.0329870e+00      
1.9891147e+02 -1.1966542e+00      
2.0014745e+02 -7.0123979e+00      
2.0164874e+02 -1.3215560e+01      
2.0308454e+02 -1.9245589e+01      
2.0344489e+02 -2.3586782e+01      
2.0363744e+02 -2.5794897e+01      
2.0398098e+02 -2.5821395e+01      
2.0456441e+02 -2.3904146e+01      
2.0534657e+02 -2.2421514e+01      
2.0635980e+02 -2.1556478e+01      
2.0764400e+02 -2.1138727e+01      
2.0919068e+02 -2.1047133e+01      
2.1089629e+02 -2.1167779e+01      
2.1252948e+02 -2.1356665e+01      
2.1374738e+02 -2.1417902e+01      
2.1410444e+02 -2.1086203e+01      
2.1320557e+02 -2.0121648e+01      
2.1156592e+02 -1.8802578e+01      
2.0969518e+02 -1.7414971e+01      
1.9748399e+02 -2.4686769e+01      
1.9834215e+02 -3.0095860e+01      
1.9964158e+02 -3.6205473e+01      
2.0123251e+02 -4.2659830e+01      
2.0226241e+02 -4.8025694e+01      
2.0249740e+02 -5.1807687e+01      
2.0208608e+02 -5.3809800e+01      
2.0204650e+02 -5.3748365e+01      
2.0257507e+02 -5.1854002e+01      
2.0333209e+02 -5.0451900e+01      
2.0430063e+02 -4.9685496e+01      
2.0551321e+02 -4.9383638e+01      
2.0697052e+02 -4.9447910e+01      
2.0862273e+02 -4.9800878e+01      
2.1033975e+02 -5.0329809e+01      
2.1185952e+02 -5.0812491e+01      
2.1265051e+02 -5.0830550e+01      
2.1123488e+02 -4.9515526e+01      
2.0915697e+02 -4.7766902e+01      
2.0698726e+02 -4.6017160e+01      
1.9336309e+02 -5.2314383e+01      
1.9416405e+02 -5.7733642e+01      
1.9548916e+02 -6.4090910e+01      
1.9670148e+02 -7.0096200e+01      
1.9745086e+02 -7.4893053e+01      
1.9761318e+02 -7.8047277e+01      
1.9728173e+02 -7.9514423e+01      
1.9683261e+02 -7.9521567e+01      
1.9722854e+02 -7.8081253e+01      
1.9789144e+02 -7.7074676e+01      
1.9876673e+02 -7.6577914e+01      
1.9988478e+02 -7.6487305e+01      
2.0127389e+02 -7.6774176e+01      
2.0297262e+02 -7.7456498e+01      
2.0496391e+02 -7.8502516e+01      
2.0694676e+02 -7.9592457e+01      
2.0745659e+02 -7.9586042e+01      
2.0617832e+02 -7.8283582e+01      
2.0346885e+02 -7.5923868e+01      
2.0081586e+02 -7.3656026e+01      
1.8576634e+02 -7.8391692e+01      
1.8633523e+02 -8.3400440e+01      
1.8721690e+02 -8.8982298e+01      
1.8821444e+02 -9.4790214e+01      
1.8879092e+02 -9.9216012e+01      
1.8887498e+02 -1.0175389e+02      
1.8855816e+02 -1.0250832e+02      
1.8838004e+02 -1.0270610e+02      
1.8859772e+02 -1.0236022e+02      
1.8910979e+02 -1.0199839e+02      
1.8985163e+02 -1.0186602e+02      
1.9083145e+02 -1.0201474e+02      
1.9209140e+02 -1.0249702e+02      
1.9375559e+02 -1.0344874e+02      
1.9598722e+02 -1.0505105e+02      
1.9759601e+02 -1.0617828e+02      
1.9789176e+02 -1.0618015e+02      
1.9665758e+02 -1.0485855e+02      
1.9413735e+02 -1.0245290e+02      
1.9103861e+02 -9.9641194e+01      
1.7489715e+02 -1.0264421e+02      
1.7520414e+02 -1.0709970e+02      
1.7569916e+02 -1.1183902e+02      
1.7626554e+02 -1.1660636e+02      
1.7670180e+02 -1.2080596e+02      
1.7670744e+02 -1.2280219e+02      
1.7659404e+02 -1.2394603e+02      
1.7656577e+02 -1.2459692e+02      
1.7673591e+02 -1.2490247e+02      
1.7711984e+02 -1.2506601e+02      
1.7770520e+02 -1.2526663e+02      
1.7849477e+02 -1.2560910e+02      
1.7951144e+02 -1.2617263e+02      
1.8080032e+02 -1.2704916e+02      
1.8234159e+02 -1.2828762e+02      
1.8381239e+02 -1.2966196e+02      
1.8400592e+02 -1.2977596e+02      
1.8269915e+02 -1.2833400e+02      
1.8013415e+02 -1.2567998e+02      
1.7752225e+02 -1.2323117e+02      
1.6102550e+02 -1.2487962e+02      
1.6110774e+02 -1.2880456e+02      
1.6131048e+02 -1.3282693e+02      
1.6155651e+02 -1.3671215e+02      
1.6173864e+02 -1.4004432e+02      
1.6176702e+02 -1.4232534e+02      
1.6173367e+02 -1.4385742e+02      
1.6174422e+02 -1.4489853e+02      
1.6186802e+02 -1.4560088e+02      
1.6213515e+02 -1.4610750e+02      
1.6255181e+02 -1.4654388e+02      
1.6311708e+02 -1.4700239e+02      
1.6382631e+02 -1.4754719e+02      
1.6465785e+02 -1.4821574e+02      
1.6553431e+02 -1.4899471e+02      
1.6625240e+02 -1.4974682e+02      
1.6638608e+02 -1.5003277e+02      
1.6497186e+02 -1.4840498e+02      
1.6298168e+02 -1.4635448e+02      
1.6084475e+02 -1.4435637e+02      
1.4444149e+02 -1.4489655e+02      
1.4434103e+02 -1.4836237e+02      
1.4432680e+02 -1.5183255e+02      
1.4435011e+02 -1.5511782e+02      
1.4435790e+02 -1.5798397e+02      
1.4432295e+02 -1.6026140e+02      
1.4427009e+02 -1.6197817e+02      
1.4424787e+02 -1.6325067e+02      
1.4429701e+02 -1.6419195e+02      
1.4444011e+02 -1.6490534e+02      
1.4468284e+02 -1.6548019e+02      
1.4501781e+02 -1.6598455e+02      
1.4542323e+02 -1.6646040e+02      
1.4585246e+02 -1.6691623e+02      
1.4621435e+02 -1.6730924e+02      
1.4635218e+02 -1.6751626e+02      
1.4600859e+02 -1.6724832e+02      
1.4491627e+02 -1.6613940e+02      
1.4334495e+02 -1.6459975e+02      
1.4155243e+02 -1.6296156e+02      
1.2545406e+02 -1.6247858e+02      
1.2520605e+02 -1.6556360e+02      
1.2502521e+02 -1.6861512e+02      
1.2488291e+02 -1.7149579e+02      
1.2475227e+02 -1.7406676e+02      
1.2462052e+02 -1.7623379e+02      
1.2449576e+02 -1.7798170e+02      
1.2439895e+02 -1.7935376e+02      
1.2435064e+02 -1.8041507e+02      
1.2436262e+02 -1.8123338e+02      
1.2443483e+02 -1.8186923e+02      
1.2455430e+02 -1.8236860e+02      
1.2469249e+02 -1.8275658e+02      
1.2479950e+02 -1.8303013e+02      
1.2479648e+02 -1.8314844e+02      
1.2457211e+02 -1.8302331e+02      
1.2399706e+02 -1.8252598e+02      
1.2300071e+02 -1.8158873e+02      
1.2165235e+02 -1.8032549e+02      
1.2007908e+02 -1.7891166e+02      
1.0439467e+02 -1.7740882e+02      
1.0402555e+02 -1.8017949e+02      
1.0371084e+02 -1.8290407e+02      
1.0343437e+02 -1.8548171e+02      
1.0318166e+02 -1.8781912e+02      
1.0294531e+02 -1.8985086e+02      
1.0272721e+02 -1.9155227e+02      
1.0253546e+02 -1.9293460e+02      
1.0237833e+02 -1.9403013e+02      
1.0225899e+02 -1.9487883e+02      
1.0217207e+02 -1.9551877e+02      
1.0210160e+02 -1.9597912e+02      
1.0201877e+02 -1.9627450e+02      
1.0187963e+02 -1.9640026e+02      
1.0162410e+02 -1.9632934e+02      
1.0118048e+02 -1.9601480e+02      
1.0048229e+02 -1.9540795e+02      
9.9499538e+01 -1.9449910e+02      
9.8258233e+01 -1.9334519e+02      
9.6820363e+01 -1.9204277e+02      
8.1618317e+01 -1.8948734e+02      
8.1147369e+01 -1.9199447e+02      
8.0720740e+01 -1.9445208e+02      
8.0329901e+01 -1.9678287e+02      
7.9966983e+01 -1.9891766e+02      
7.9627271e+01 -2.0080544e+02      
7.9310069e+01 -2.0241941e+02      
7.9017228e+01 -2.0375572e+02      
7.8750099e+01 -2.0482681e+02      
7.8506320e+01 -2.0565337e+02      
7.8277265e+01 -2.0625727e+02      
7.8046241e+01 -2.0665594e+02      
7.7787259e+01 -2.0685811e+02      
7.7464665e+01 -2.0686123e+02      
7.7034729e+01 -2.0665154e+02      
7.6451094e+01 -2.0620885e+02      
7.5675496e+01 -2.0551867e+02      
7.4691023e+01 -2.0458893e+02      
7.3508574e+01 -2.0345870e+02      
7.2160088e+01 -2.0218989e+02      
