2.1240630e+01 2.4700733e+02      
1.9494860e+01 2.4552429e+02      
1.7774503e+01 2.4295817e+02      
1.6088878e+01 2.3937786e+02      
1.4545979e+01 2.3513195e+02      
1.3403617e+01 2.3109104e+02      
1.2758609e+01 2.2753081e+02      
1.2614879e+01 2.2443069e+02      
1.2959013e+01 2.2175591e+02      
1.3766587e+01 2.1948526e+02      
1.4997150e+01 2.1760709e+02      
1.6587101e+01 2.1611186e+02      
1.8444336e+01 2.1498464e+02      
2.0451466e+01 2.1420035e+02      
2.2489708e+01 2.1372844e+02      
2.4489517e+01 2.1355443e+02      
2.6465693e+01 2.1369396e+02      
2.8490545e+01 2.1417008e+02      
3.0650999e+01 2.1498489e+02      
3.3030082e+01 2.1611054e+02      
5.0962421e+01 2.3844923e+02      
4.9585827e+01 2.3732314e+02      
4.8033031e+01 2.3459046e+02      
4.6320085e+01 2.3034551e+02      
4.4489160e+01 2.2461829e+02      
4.3266073e+01 2.1986283e+02      
4.2657355e+01 2.1593700e+02      
4.2605953e+01 2.1257868e+02      
4.3085149e+01 2.0968153e+02      
4.4070210e+01 2.0720076e+02      
4.5522182e+01 2.0511900e+02      
4.7371686e+01 2.0342765e+02      
4.9500969e+01 2.0211153e+02      
5.1730994e+01 2.0113255e+02      
5.3836182e+01 2.0042039e+02      
5.5667532e+01 1.9993248e+02      
5.7292070e+01 1.9973390e+02      
5.8864266e+01 1.9990372e+02      
6.0515032e+01 2.0046497e+02      
6.2347665e+01 2.0138772e+02      
7.8832209e+01 2.2354199e+02      
7.7737821e+01 2.2220902e+02      
7.6397202e+01 2.1931452e+02      
7.4816941e+01 2.1496599e+02      
7.3001869e+01 2.0921312e+02      
7.1846819e+01 2.0439835e+02      
7.1330577e+01 2.0038793e+02      
7.1395063e+01 1.9691870e+02      
7.2024008e+01 1.9388471e+02      
7.3207207e+01 1.9124750e+02      
7.4923680e+01 1.8900117e+02      
7.7118402e+01 1.8715278e+02      
7.9665234e+01 1.8570363e+02      
8.2323934e+01 1.8462166e+02      
8.4661010e+01 1.8375484e+02      
8.6180301e+01 1.8286153e+02      
8.7259544e+01 1.8224132e+02      
8.8225167e+01 1.8208110e+02      
8.9240176e+01 1.8241217e+02      
9.0408402e+01 1.8318864e+02      
1.0411020e+02 2.0271199e+02      
1.0317119e+02 2.0061801e+02      
1.0209140e+02 1.9755709e+02      
1.0084634e+02 1.9364468e+02      
9.9581136e+01 1.8919407e+02      
9.8678059e+01 1.8496351e+02      
9.8302891e+01 1.8115638e+02      
9.8494425e+01 1.7772490e+02      
9.9271075e+01 1.7463533e+02      
1.0065101e+02 1.7188628e+02      
1.0265339e+02 1.6950094e+02      
1.0527660e+02 1.6751909e+02      
1.0843589e+02 1.6598475e+02      
1.1184494e+02 1.6490492e+02      
1.1482519e+02 1.6410121e+02      
1.1568012e+02 1.6255029e+02      
1.1594290e+02 1.6139405e+02      
1.1613374e+02 1.6088043e+02      
1.1640328e+02 1.6102572e+02      
1.1679452e+02 1.6174539e+02      
1.2753440e+02 1.7910761e+02      
1.2688004e+02 1.7622137e+02      
1.2611098e+02 1.7292746e+02      
1.2514579e+02 1.6939305e+02      
1.2414552e+02 1.6576391e+02      
1.2341252e+02 1.6216973e+02      
1.2315531e+02 1.5869507e+02      
1.2345507e+02 1.5538899e+02      
1.2434939e+02 1.5229241e+02      
1.2588238e+02 1.4945072e+02      
1.2812982e+02 1.4692237e+02      
1.3120967e+02 1.4479142e+02      
1.3515205e+02 1.4315544e+02      
1.3952789e+02 1.4202498e+02      
1.4243965e+02 1.4066701e+02      
1.4343877e+02 1.3899421e+02      
1.4277473e+02 1.3731555e+02      
1.4211920e+02 1.3646862e+02      
1.4161790e+02 1.3651162e+02      
1.4113887e+02 1.3731987e+02      
1.4879424e+02 1.5323201e+02      
1.4873861e+02 1.4945236e+02      
1.4837760e+02 1.4580093e+02      
1.4754057e+02 1.4256233e+02      
1.4645324e+02 1.3967015e+02      
1.4570105e+02 1.3668988e+02      
1.4550158e+02 1.3355870e+02      
1.4587479e+02 1.3039094e+02      
1.4683233e+02 1.2729219e+02      
1.4842148e+02 1.2434674e+02      
1.5075559e+02 1.2163354e+02      
1.5409330e+02 1.1926474e+02      
1.5876086e+02 1.1738092e+02      
1.6306342e+02 1.1554199e+02      
1.6597949e+02 1.1362276e+02      
1.6712663e+02 1.1172882e+02      
1.6676921e+02 1.1007614e+02      
1.6563089e+02 1.0897835e+02      
1.6463003e+02 1.0906040e+02      
1.6321049e+02 1.1019056e+02      
1.6728184e+02 1.2556000e+02      
1.6829091e+02 1.2047555e+02      
1.6841060e+02 1.1634463e+02      
1.6759552e+02 1.1340645e+02      
1.6597886e+02 1.1159868e+02      
1.6511999e+02 1.0921369e+02      
1.6497948e+02 1.0634558e+02      
1.6541416e+02 1.0326092e+02      
1.6637675e+02 1.0012752e+02      
1.6789250e+02 9.7051205e+01      
1.7005985e+02 9.4099861e+01      
1.7304763e+02 9.1324297e+01      
1.7696248e+02 8.8730741e+01      
1.8146708e+02 8.6213451e+01      
1.8454013e+02 8.3660789e+01      
1.8569024e+02 8.1410803e+01      
1.8534845e+02 7.9791638e+01      
1.8579923e+02 7.8693979e+01      
1.8494057e+02 7.9057393e+01      
1.8260929e+02 8.0788224e+01      
1.8212013e+02 9.7087869e+01      
1.8344479e+02 9.1353852e+01      
1.8386850e+02 8.6909104e+01      
1.8329061e+02 8.4045108e+01      
1.8189962e+02 8.2629968e+01      
1.8124589e+02 8.0465984e+01      
1.8129162e+02 7.7653961e+01      
1.8182644e+02 7.4538663e+01      
1.8275414e+02 7.1318325e+01      
1.8407500e+02 6.8095917e+01      
1.8586660e+02 6.4903639e+01      
1.8823511e+02 6.1719762e+01      
1.9122392e+02 5.8484433e+01      
1.9466913e+02 5.5137796e+01      
1.9793864e+02 5.1755199e+01      
1.9896926e+02 4.8950323e+01      
1.9918916e+02 4.7883496e+01      
2.0010723e+02 4.7244543e+01      
1.9922308e+02 4.8193074e+01      
1.9638509e+02 5.0603508e+01      
1.9298819e+02 6.8533545e+01      
1.9415048e+02 6.2880519e+01      
1.9470594e+02 5.8401340e+01      
1.9457896e+02 5.5306205e+01      
1.9391967e+02 5.3528686e+01      
1.9383821e+02 5.1052918e+01      
1.9427077e+02 4.8015971e+01      
1.9499161e+02 4.4728775e+01      
1.9586695e+02 4.1373259e+01      
1.9688721e+02 3.8026366e+01      
1.9815276e+02 3.4667131e+01      
1.9980321e+02 3.1190834e+01      
2.0190852e+02 2.7431877e+01      
2.0436943e+02 2.3293268e+01      
2.0673577e+02 1.9093337e+01      
2.0787648e+02 1.6440429e+01      
2.0833039e+02 1.5518146e+01      
2.0865924e+02 1.5986195e+01      
2.0733560e+02 1.7888136e+01      
2.0436295e+02 2.0858376e+01      
1.9996307e+02 4.0165796e+01      
2.0063260e+02 3.5527039e+01      
2.0124249e+02 3.1271896e+01      
2.0167878e+02 2.7691977e+01      
2.0210394e+02 2.4600346e+01      
2.0286305e+02 2.1356842e+01      
2.0391043e+02 1.7850367e+01      
2.0494528e+02 1.4263319e+01      
2.0576184e+02 1.0749672e+01      
2.0635371e+02 7.3543885e+00      
2.0691266e+02 3.9894653e+00      
2.0773605e+02 4.4714955e-01      
2.0899744e+02 -3.5720380e+00      
2.1066609e+02 -8.3684809e+00      
2.1205523e+02 -1.2426186e+01      
2.1274904e+02 -1.4827060e+01      
2.1268605e+02 -1.5229119e+01      
2.1180113e+02 -1.3709703e+01      
2.0974886e+02 -1.0638846e+01      
2.0687594e+02 -7.4576033e+00      
2.0333849e+02 1.1711091e+01      
2.0384499e+02 7.5653759e+00      
2.0454976e+02 3.4451689e+00      
2.0544031e+02 -5.0650803e-01      
2.0664866e+02 -4.3791002e+00      
2.0835063e+02 -8.3816216e+00      
2.1037331e+02 -1.2528564e+01      
2.1191514e+02 -1.6519721e+01      
2.1266596e+02 -2.0184548e+01      
2.1262533e+02 -2.3488676e+01      
2.1210592e+02 -2.6579558e+01      
2.1192815e+02 -2.9870787e+01      
2.1231179e+02 -3.3589663e+01      
2.1307566e+02 -3.7751894e+01      
2.1383322e+02 -4.1944321e+01      
2.1405531e+02 -4.4234679e+01      
2.1343390e+02 -4.4044342e+01      
2.1162033e+02 -4.1533928e+01      
2.0911700e+02 -3.8557452e+01      
2.0624512e+02 -3.5526503e+01      
2.0318225e+02 -1.6648702e+01      
2.0366345e+02 -2.0575169e+01      
2.0446816e+02 -2.4646520e+01      
2.0565641e+02 -2.8808114e+01      
2.0739772e+02 -3.3123302e+01      
2.1000973e+02 -3.7752078e+01      
2.1359734e+02 -4.2733002e+01      
2.1575784e+02 -4.7178279e+01      
2.1643115e+02 -5.0964949e+01      
2.1562119e+02 -5.4039714e+01      
2.1339601e+02 -5.6453774e+01      
2.1217575e+02 -5.9278886e+01      
2.1184539e+02 -6.2533949e+01      
2.1200961e+02 -6.6013857e+01      
2.1229225e+02 -6.9344843e+01      
2.1226611e+02 -7.1730348e+01      
2.1141311e+02 -7.1065911e+01      
2.0859560e+02 -6.8651888e+01      
2.0554167e+02 -6.5849122e+01      
2.0249556e+02 -6.2995934e+01      
1.9948870e+02 -4.4471364e+01      
1.9995471e+02 -4.8259763e+01      
2.0079384e+02 -5.2280757e+01      
2.0209518e+02 -5.6518675e+01      
2.0404444e+02 -6.1038471e+01      
2.0699788e+02 -6.6013889e+01      
2.1101864e+02 -7.1492334e+01      
2.1337074e+02 -7.6196219e+01      
2.1394706e+02 -8.0018242e+01      
2.1275773e+02 -8.2895452e+01      
2.0992909e+02 -8.4845601e+01      
2.0821624e+02 -8.7318681e+01      
2.0753946e+02 -9.0243997e+01      
2.0746563e+02 -9.3291798e+01      
2.0762585e+02 -9.6043451e+01      
2.0753857e+02 -9.7783770e+01      
2.0578980e+02 -9.7234931e+01      
2.0224702e+02 -9.4864901e+01      
1.9873744e+02 -9.2145550e+01      
1.9547000e+02 -8.9402734e+01      
1.9231054e+02 -7.1296871e+01      
1.9272495e+02 -7.4958637e+01      
1.9350295e+02 -7.8886726e+01      
1.9472209e+02 -8.3072776e+01      
1.9651837e+02 -8.7561171e+01      
1.9913499e+02 -9.2487009e+01      
2.0259711e+02 -9.7915544e+01      
2.0460095e+02 -1.0253836e+02      
2.0505754e+02 -1.0630525e+02      
2.0398519e+02 -1.0916561e+02      
2.0151082e+02 -1.1109325e+02      
1.9997609e+02 -1.1353850e+02      
1.9936715e+02 -1.1639388e+02      
1.9937472e+02 -1.1933675e+02      
1.9960184e+02 -1.2190196e+02      
1.9873633e+02 -1.2298038e+02      
1.9631649e+02 -1.2219998e+02      
1.9235256e+02 -1.1971928e+02      
1.8857422e+02 -1.1700586e+02      
1.8514658e+02 -1.1432547e+02      
1.8177788e+02 -9.6692341e+01      
1.8209465e+02 -1.0021350e+02      
1.8272556e+02 -1.0399822e+02      
1.8371353e+02 -1.0802628e+02      
1.8510746e+02 -1.1229564e+02      
1.8692035e+02 -1.1680387e+02      
1.8887032e+02 -1.2139448e+02      
1.9015302e+02 -1.2559627e+02      
1.9046378e+02 -1.2921847e+02      
1.8982717e+02 -1.3224070e+02      
1.8860512e+02 -1.3484484e+02      
1.8768256e+02 -1.3757072e+02      
1.8739921e+02 -1.4057426e+02      
1.8760708e+02 -1.4360267e+02      
1.8718121e+02 -1.4559687e+02      
1.8573453e+02 -1.4622217e+02      
1.8298493e+02 -1.4524072e+02      
1.7893454e+02 -1.4268257e+02      
1.7510078e+02 -1.3999019e+02      
1.7161972e+02 -1.3736133e+02      
1.6809426e+02 -1.2026349e+02      
1.6827735e+02 -1.2362561e+02      
1.6870805e+02 -1.2722802e+02      
1.6939606e+02 -1.3103491e+02      
1.7032824e+02 -1.3500710e+02      
1.7142551e+02 -1.3907803e+02      
1.7247197e+02 -1.4310873e+02      
1.7315699e+02 -1.4690444e+02      
1.7329367e+02 -1.5033759e+02      
1.7290498e+02 -1.5339953e+02      
1.7223519e+02 -1.5622089e+02      
1.7171028e+02 -1.5907498e+02      
1.7168409e+02 -1.6220121e+02      
1.7134198e+02 -1.6464916e+02      
1.7039269e+02 -1.6613823e+02      
1.6864369e+02 -1.6649855e+02      
1.6593449e+02 -1.6558214e+02      
1.6221991e+02 -1.6330157e+02      
1.5852517e+02 -1.6071255e+02      
1.5508982e+02 -1.5814032e+02      
1.5152493e+02 -1.4165733e+02      
1.5155478e+02 -1.4484642e+02      
1.5176652e+02 -1.4824452e+02      
1.5215026e+02 -1.5180569e+02      
1.5267021e+02 -1.5547531e+02      
1.5324605e+02 -1.5917914e+02      
1.5374343e+02 -1.6281586e+02      
1.5400951e+02 -1.6627444e+02      
1.5394855e+02 -1.6947619e+02      
1.5357244e+02 -1.7240494e+02      
1.5300242e+02 -1.7511177e+02      
1.5241403e+02 -1.7768238e+02      
1.5185162e+02 -1.8007483e+02      
1.5102449e+02 -1.8192224e+02      
1.4973731e+02 -1.8300412e+02      
1.4788583e+02 -1.8322081e+02      
1.4546895e+02 -1.8259799e+02      
1.4265443e+02 -1.8133045e+02      
1.3913838e+02 -1.7880673e+02      
1.3583796e+02 -1.7633115e+02      
1.3238366e+02 -1.6056259e+02      
1.3225533e+02 -1.6357094e+02      
1.3225263e+02 -1.6675595e+02      
1.3235831e+02 -1.7006773e+02      
1.3253500e+02 -1.7344876e+02      
1.3271988e+02 -1.7683070e+02      
1.3282840e+02 -1.8013545e+02      
1.3277523e+02 -1.8328579e+02      
1.3250614e+02 -1.8622265e+02      
1.3201949e+02 -1.8891683e+02      
1.3136061e+02 -1.9136430e+02      
1.3058085e+02 -1.9355500e+02      
1.2966645e+02 -1.9541397e+02      
1.2851588e+02 -1.9679017e+02      
1.2702265e+02 -1.9754946e+02      
1.2512899e+02 -1.9762678e+02      
1.2284626e+02 -1.9703924e+02      
1.2021228e+02 -1.9580693e+02      
1.1723471e+02 -1.9388039e+02      
1.1422239e+02 -1.9168067e+02      
1.1102143e+02 -1.7671039e+02      
1.1073970e+02 -1.7953533e+02      
1.1053872e+02 -1.8250622e+02      
1.1040084e+02 -1.8557302e+02      
1.1029438e+02 -1.8868020e+02      
1.1017335e+02 -1.9176653e+02      
1.0998248e+02 -1.9476746e+02      
1.0966898e+02 -1.9762100e+02      
1.0919693e+02 -2.0027512e+02      
1.0855554e+02 -2.0269140e+02      
1.0775357e+02 -2.0483968e+02      
1.0679870e+02 -2.0668237e+02      
1.0567285e+02 -2.0815670e+02      
1.0432845e+02 -2.0917809e+02      
1.0271360e+02 -2.0966985e+02      
1.0079883e+02 -2.0958997e+02      
9.8588196e+01 -2.0893709e+02      
9.6112266e+01 -2.0773543e+02      
9.3438405e+01 -2.0605713e+02      
9.0687957e+01 -2.0406277e+02      
8.7817814e+01 -1.8987594e+02      
8.7392767e+01 -1.9251812e+02      
8.7013819e+01 -1.9527770e+02      
8.6666000e+01 -1.9810637e+02      
8.6324707e+01 -2.0095204e+02      
8.5956887e+01 -2.0375947e+02      
8.5524985e+01 -2.0647239e+02      
8.4993511e+01 -2.0903669e+02      
8.4335854e+01 -2.1140371e+02      
8.3537445e+01 -2.1353120e+02      
8.2592403e+01 -2.1538014e+02      
8.1494411e+01 -2.1690835e+02      
8.0227830e+01 -2.1806555e+02      
7.8767342e+01 -2.1879714e+02      
7.7087777e+01 -2.1905669e+02      
7.5176447e+01 -2.1881883e+02      
7.3040543e+01 -2.1808526e+02      
7.0709096e+01 -2.1688609e+02      
6.8234705e+01 -2.1528573e+02      
6.5687913e+01 -2.1338054e+02      
