3.0693784e+01 2.1817790e+02      
3.2117712e+01 2.1566869e+02      
3.4166000e+01 2.1337222e+02      
3.4939766e+01 2.1132083e+02      
3.4337240e+01 2.0963004e+02      
3.2389502e+01 2.0833167e+02      
2.9250011e+01 2.0737268e+02      
2.6789076e+01 2.0678443e+02      
2.5129527e+01 2.0649759e+02      
2.4209781e+01 2.0647228e+02      
2.3994071e+01 2.0668329e+02      
2.4419559e+01 2.0711036e+02      
2.5374348e+01 2.0774324e+02      
2.6696194e+01 2.0859773e+02      
2.8206544e+01 2.0972177e+02      
2.9766351e+01 2.1117065e+02      
3.1309784e+01 2.1297426e+02      
3.2841122e+01 2.1511707e+02      
3.4396166e+01 2.1753289e+02      
3.6086039e+01 2.2012277e+02      
6.1531026e+01 2.0828506e+02      
6.3633859e+01 2.0555229e+02      
6.6411512e+01 2.0292116e+02      
6.7613084e+01 2.0065143e+02      
6.7067761e+01 1.9885449e+02      
6.4816962e+01 1.9756617e+02      
6.1099456e+01 1.9674534e+02      
5.8138329e+01 1.9619949e+02      
5.6142253e+01 1.9587921e+02      
5.5041723e+01 1.9576537e+02      
5.4801700e+01 1.9583543e+02      
5.5352649e+01 1.9605901e+02      
5.6548793e+01 1.9640145e+02      
5.8131230e+01 1.9687384e+02      
5.9783656e+01 1.9758398e+02      
6.1280564e+01 1.9865859e+02      
6.2535702e+01 2.0017272e+02      
6.3607414e+01 2.0212596e+02      
6.4530580e+01 2.0442314e+02      
6.5164868e+01 2.0689617e+02      
9.0563548e+01 1.9510842e+02      
9.3081849e+01 1.9211952e+02      
9.6148434e+01 1.8910695e+02      
9.7528510e+01 1.8659421e+02      
9.7038713e+01 1.8468192e+02      
9.4725212e+01 1.8341213e+02      
9.0850152e+01 1.8276572e+02      
8.7632780e+01 1.8229134e+02      
8.5378826e+01 1.8196100e+02      
8.4139639e+01 1.8178204e+02      
8.3943093e+01 1.8173994e+02      
8.4746547e+01 1.8179761e+02      
8.6429250e+01 1.8185364e+02      
8.8602989e+01 1.8180330e+02      
9.0596093e+01 1.8195262e+02      
9.2093716e+01 1.8255799e+02      
9.2983610e+01 1.8375661e+02      
9.3356485e+01 1.8557799e+02      
9.3616455e+01 1.8789883e+02      
9.2463295e+01 1.9033508e+02      
1.1739142e+02 1.7895228e+02      
1.2013945e+02 1.7575660e+02      
1.2310995e+02 1.7248029e+02      
1.2444221e+02 1.6977976e+02      
1.2400257e+02 1.6773996e+02      
1.2183415e+02 1.6641112e+02      
1.1814914e+02 1.6580597e+02      
1.1481620e+02 1.6535006e+02      
1.1224237e+02 1.6501642e+02      
1.1085638e+02 1.6478803e+02      
1.1075512e+02 1.6466768e+02      
1.1187821e+02 1.6462966e+02      
1.1418071e+02 1.6451015e+02      
1.1731541e+02 1.6368849e+02      
1.1982276e+02 1.6305959e+02      
1.2141173e+02 1.6305149e+02      
1.2190105e+02 1.6388406e+02      
1.2102008e+02 1.6562901e+02      
1.1853520e+02 1.6812705e+02      
1.1674459e+02 1.7072111e+02      
1.4154192e+02 1.6015612e+02      
1.4444354e+02 1.5681305e+02      
1.4683863e+02 1.5355671e+02      
1.4797863e+02 1.5074580e+02      
1.4758693e+02 1.4856311e+02      
1.4569713e+02 1.4706775e+02      
1.4262860e+02 1.4619846e+02      
1.3917291e+02 1.4570035e+02      
1.3602916e+02 1.4537345e+02      
1.3453198e+02 1.4507958e+02      
1.3458218e+02 1.4488572e+02      
1.3594347e+02 1.4476982e+02      
1.3794240e+02 1.4422870e+02      
1.4049136e+02 1.4312654e+02      
1.4336395e+02 1.4160392e+02      
1.4512503e+02 1.4083492e+02      
1.4541773e+02 1.4121268e+02      
1.4379027e+02 1.4288496e+02      
1.4017894e+02 1.4568157e+02      
1.3778167e+02 1.4848099e+02      
1.6099697e+02 1.3922626e+02      
1.6413671e+02 1.3568291e+02      
1.6652869e+02 1.3225150e+02      
1.6764366e+02 1.2927191e+02      
1.6729802e+02 1.2693617e+02      
1.6554328e+02 1.2530447e+02      
1.6256499e+02 1.2433800e+02      
1.5875030e+02 1.2388644e+02      
1.5590011e+02 1.2342381e+02      
1.5453378e+02 1.2295522e+02      
1.5477407e+02 1.2260765e+02      
1.5584974e+02 1.2206818e+02      
1.5732741e+02 1.2117378e+02      
1.5902404e+02 1.1988563e+02      
1.6088170e+02 1.1829535e+02      
1.6277034e+02 1.1672932e+02      
1.6324914e+02 1.1655259e+02      
1.6159980e+02 1.1806800e+02      
1.5785583e+02 1.2111145e+02      
1.5525571e+02 1.2408829e+02      
1.7676414e+02 1.1649331e+02      
1.7925592e+02 1.1293978e+02      
1.8192158e+02 1.0916514e+02      
1.8313435e+02 1.0594172e+02      
1.8281609e+02 1.0344621e+02      
1.8104955e+02 1.0174264e+02      
1.7803356e+02 1.0077250e+02      
1.7436848e+02 1.0025435e+02      
1.7177045e+02 9.9552779e+01      
1.7042739e+02 9.8730025e+01      
1.7032252e+02 9.7873953e+01      
1.7125103e+02 9.6955573e+01      
1.7228280e+02 9.5740059e+01      
1.7312375e+02 9.4263174e+01      
1.7378219e+02 9.2647198e+01      
1.7481740e+02 9.1310968e+01      
1.7578284e+02 9.0614069e+01      
1.7462595e+02 9.1831329e+01      
1.7132429e+02 9.4958146e+01      
1.6891540e+02 9.8017920e+01      
1.8902740e+02 9.2314335e+01      
1.9089551e+02 8.8811067e+01      
1.9319358e+02 8.4907658e+01      
1.9437080e+02 8.1445520e+01      
1.9406436e+02 7.8769344e+01      
1.9221886e+02 7.7032277e+01      
1.8898993e+02 7.6188308e+01      
1.8595780e+02 7.5310670e+01      
1.8369013e+02 7.4220561e+01      
1.8234623e+02 7.2948875e+01      
1.8191420e+02 7.1549693e+01      
1.8224692e+02 7.0055090e+01      
1.8295879e+02 6.8473040e+01      
1.8305382e+02 6.6766369e+01      
1.8323479e+02 6.5194188e+01      
1.8355209e+02 6.4070350e+01      
1.8368015e+02 6.3873059e+01      
1.8316008e+02 6.4733128e+01      
1.8066267e+02 6.7708414e+01      
1.7872700e+02 7.0710840e+01      
1.9775939e+02 6.7082657e+01      
1.9889824e+02 6.3782064e+01      
2.0024835e+02 6.0158227e+01      
2.0138805e+02 5.6419925e+01      
2.0112808e+02 5.3507775e+01      
1.9931059e+02 5.1684854e+01      
1.9635025e+02 5.0676428e+01      
1.9375834e+02 4.9423766e+01      
1.9177060e+02 4.7896131e+01      
1.9045735e+02 4.6139348e+01      
1.8981909e+02 4.4180859e+01      
1.8973220e+02 4.2074028e+01      
1.8985904e+02 3.9958216e+01      
1.8975294e+02 3.8024469e+01      
1.8955820e+02 3.6350942e+01      
1.8942934e+02 3.5039039e+01      
1.8874836e+02 3.5528881e+01      
1.8772658e+02 3.7103162e+01      
1.8618809e+02 3.9664026e+01      
1.8482284e+02 4.2534851e+01      
2.0298915e+02 4.1164542e+01      
2.0347152e+02 3.8106808e+01      
2.0403814e+02 3.4783945e+01      
2.0446409e+02 3.1313819e+01      
2.0428152e+02 2.8086271e+01      
2.0238910e+02 2.6300048e+01      
2.0006592e+02 2.4742321e+01      
1.9790312e+02 2.3015326e+01      
1.9613590e+02 2.1042198e+01      
1.9486802e+02 1.8805195e+01      
1.9414468e+02 1.6278370e+01      
1.9393450e+02 1.3452426e+01      
1.9394935e+02 1.0574565e+01      
1.9353057e+02 8.3633921e+00      
1.9269288e+02 6.8251601e+00      
1.9195767e+02 5.5125247e+00      
1.9096068e+02 5.9512683e+00      
1.8967916e+02 8.1046392e+00      
1.8843843e+02 1.0808866e+01      
1.8739853e+02 1.3831403e+01      
2.0478782e+02 1.4921210e+01      
2.0473602e+02 1.2099902e+01      
2.0469770e+02 9.0489324e+00      
2.0455595e+02 5.8227131e+00      
2.0409430e+02 2.6052997e+00      
2.0234289e+02 6.2196979e-01      
2.0038361e+02 -1.3556737e+00      
1.9851586e+02 -3.5092801e+00      
1.9689675e+02 -5.8831996e+00      
1.9564749e+02 -8.5372226e+00      
1.9486705e+02 -1.1561909e+01      
1.9469870e+02 -1.5149001e+01      
1.9515288e+02 -1.9313670e+01      
1.9439172e+02 -2.1785167e+01      
1.9243616e+02 -2.2554994e+01      
1.9101194e+02 -2.3642142e+01      
1.8977068e+02 -2.3204235e+01      
1.8856680e+02 -2.1184127e+01      
1.8747550e+02 -1.8328060e+01      
1.8655547e+02 -1.4850136e+01      
2.0322968e+02 -1.1267896e+01      
2.0274930e+02 -1.3867221e+01      
2.0223922e+02 -1.6668816e+01      
2.0159687e+02 -1.9588256e+01      
2.0064186e+02 -2.2425100e+01      
1.9916381e+02 -2.4889997e+01      
1.9744840e+02 -2.7269113e+01      
1.9573728e+02 -2.9758668e+01      
1.9417483e+02 -3.2440692e+01      
1.9287340e+02 -3.5388542e+01      
1.9193563e+02 -3.8702064e+01      
1.9150856e+02 -4.2585389e+01      
1.9158660e+02 -4.7080239e+01      
1.9051327e+02 -4.9766253e+01      
1.8830873e+02 -5.0604905e+01      
1.8655169e+02 -5.1700479e+01      
1.8517905e+02 -5.1119622e+01      
1.8401533e+02 -4.8780801e+01      
1.8304850e+02 -4.5937031e+01      
1.8232419e+02 -4.2782404e+01      
1.9840675e+02 -3.7013136e+01      
1.9758723e+02 -3.9410765e+01      
1.9671348e+02 -4.1996820e+01      
1.9570912e+02 -4.4690397e+01      
1.9448846e+02 -4.7384844e+01      
1.9301679e+02 -5.0012325e+01      
1.9138171e+02 -5.2632817e+01      
1.8971407e+02 -5.5345241e+01      
1.8812375e+02 -5.8224325e+01      
1.8669556e+02 -6.1329366e+01      
1.8549113e+02 -6.4711498e+01      
1.8453219e+02 -6.8386644e+01      
1.8363813e+02 -7.2076855e+01      
1.8229532e+02 -7.4959913e+01      
1.8050569e+02 -7.6933410e+01      
1.7877372e+02 -7.8373930e+01      
1.7742385e+02 -7.7673588e+01      
1.7631255e+02 -7.5688932e+01      
1.7545000e+02 -7.2933784e+01      
1.7485975e+02 -6.9834890e+01      
1.9044027e+02 -6.1923030e+01      
1.8935657e+02 -6.4140957e+01      
1.8820876e+02 -6.6548694e+01      
1.8695081e+02 -6.9086821e+01      
1.8554531e+02 -7.1697986e+01      
1.8398760e+02 -7.4352706e+01      
1.8232033e+02 -7.7068174e+01      
1.8061353e+02 -7.9889282e+01      
1.7893641e+02 -8.2862262e+01      
1.7734165e+02 -8.6022662e+01      
1.7585394e+02 -8.9382262e+01      
1.7444772e+02 -9.2890460e+01      
1.7301380e+02 -9.6360577e+01      
1.7141700e+02 -9.9502928e+01      
1.6968538e+02 -1.0211769e+02      
1.6802889e+02 -1.0389533e+02      
1.6664984e+02 -1.0402322e+02      
1.6557391e+02 -1.0212114e+02      
1.6481074e+02 -9.9122131e+01      
1.6433751e+02 -9.5753906e+01      
1.7948637e+02 -8.5612067e+01      
1.7819869e+02 -8.7667571e+01      
1.7684257e+02 -8.9919260e+01      
1.7539275e+02 -9.2323910e+01      
1.7383318e+02 -9.4844937e+01      
1.7216666e+02 -9.7462826e+01      
1.7041842e+02 -1.0018071e+02      
1.6862824e+02 -1.0301846e+02      
1.6683668e+02 -1.0600137e+02      
1.6507273e+02 -1.0914998e+02      
1.6334303e+02 -1.1246952e+02      
1.6162244e+02 -1.1593519e+02      
1.5985672e+02 -1.1948125e+02      
1.5800448e+02 -1.2300896e+02      
1.5611187e+02 -1.2636214e+02      
1.5434774e+02 -1.2915147e+02      
1.5293508e+02 -1.3046435e+02      
1.5189529e+02 -1.2787653e+02      
1.5128099e+02 -1.2407646e+02      
1.5096175e+02 -1.2008697e+02      
1.6573922e+02 -1.0771015e+02      
1.6429498e+02 -1.0961383e+02      
1.6277853e+02 -1.1171818e+02      
1.6117758e+02 -1.1398988e+02      
1.5948661e+02 -1.1640164e+02      
1.5771087e+02 -1.1893698e+02      
1.5586710e+02 -1.2159237e+02      
1.5397927e+02 -1.2437519e+02      
1.5207098e+02 -1.2729882e+02      
1.5015728e+02 -1.3037811e+02      
1.4823740e+02 -1.3362720e+02      
1.4629035e+02 -1.3706362e+02      
1.4427750e+02 -1.4072813e+02      
1.4215938e+02 -1.4471745e+02      
1.3996517e+02 -1.4904069e+02      
1.3790563e+02 -1.5312869e+02      
1.3636498e+02 -1.5430048e+02      
1.3542885e+02 -1.5207509e+02      
1.3508680e+02 -1.4712937e+02      
1.3500616e+02 -1.4222893e+02      
1.4943204e+02 -1.2787202e+02      
1.4786900e+02 -1.2962911e+02      
1.4622921e+02 -1.3158688e+02      
1.4450871e+02 -1.3371785e+02      
1.4270798e+02 -1.3599915e+02      
1.4083360e+02 -1.3841496e+02      
1.3889815e+02 -1.4095771e+02      
1.3691753e+02 -1.4362747e+02      
1.3490643e+02 -1.4643038e+02      
1.3287310e+02 -1.4937807e+02      
1.3081455e+02 -1.5249084e+02      
1.2871277e+02 -1.5581059e+02      
1.2653064e+02 -1.5943830e+02      
1.2419394e+02 -1.6365861e+02      
1.2161676e+02 -1.6885585e+02      
1.1930963e+02 -1.7266012e+02      
1.1765044e+02 -1.7373396e+02      
1.1679339e+02 -1.7169593e+02      
1.1664459e+02 -1.6707570e+02      
1.1687310e+02 -1.6131036e+02      
1.3083567e+02 -1.4578502e+02      
1.2918468e+02 -1.4739740e+02      
1.2745181e+02 -1.4920550e+02      
1.2563881e+02 -1.5118536e+02      
1.2375016e+02 -1.5331617e+02      
1.2179374e+02 -1.5558174e+02      
1.1978053e+02 -1.5797131e+02      
1.1772286e+02 -1.6047954e+02      
1.1563165e+02 -1.6310628e+02      
1.1351315e+02 -1.6585736e+02      
1.1136594e+02 -1.6874811e+02      
1.0917808e+02 -1.7181279e+02      
1.0692369e+02 -1.7512376e+02      
1.0455740e+02 -1.7881197e+02      
1.0203217e+02 -1.8290636e+02      
9.9414116e+01 -1.8684177e+02      
9.7599088e+01 -1.8799820e+02      
9.6861773e+01 -1.8589270e+02      
9.6977790e+01 -1.8113452e+02      
9.7070950e+01 -1.7639183e+02      
1.1025520e+02 -1.6117511e+02      
1.0854210e+02 -1.6264294e+02      
1.0674200e+02 -1.6429705e+02      
1.0486085e+02 -1.6611554e+02      
1.0290616e+02 -1.6807847e+02      
1.0088736e+02 -1.7016875e+02      
9.8815406e+01 -1.7237266e+02      
9.6701749e+01 -1.7467995e+02      
9.4556669e+01 -1.7708377e+02      
9.2387467e+01 -1.7958092e+02      
9.0196907e+01 -1.8217293e+02      
8.7982290e+01 -1.8486725e+02      
8.5735774e+01 -1.8767434e+02      
8.3448175e+01 -1.9058310e+02      
8.1121238e+01 -1.9348624e+02      
7.8813972e+01 -1.9602828e+02      
7.6801942e+01 -1.9733524e+02      
7.6237590e+01 -1.9503719e+02      
7.5998744e+01 -1.9158710e+02      
7.5829084e+01 -1.8791536e+02      
8.8025442e+01 -1.7381133e+02      
8.6272298e+01 -1.7513431e+02      
8.4427596e+01 -1.7663034e+02      
8.2500555e+01 -1.7827879e+02      
8.0501259e+01 -1.8005996e+02      
7.8440824e+01 -1.8195563e+02      
7.6331154e+01 -1.8394929e+02      
7.4184322e+01 -1.8602607e+02      
7.2011698e+01 -1.8817233e+02      
6.9823124e+01 -1.9037492e+02      
6.7626508e+01 -1.9261973e+02      
6.5428384e+01 -1.9488778e+02      
6.3236364e+01 -1.9714485e+02      
6.1065407e+01 -1.9931707e+02      
5.8951287e+01 -2.0124699e+02      
5.6976286e+01 -2.0263962e+02      
5.5354305e+01 -2.0294508e+02      
5.4386910e+01 -2.0154077e+02      
5.3791752e+01 -1.9911090e+02      
5.3370207e+01 -1.9625828e+02      
