2.8784218e+01 2.5453934e+02      
2.6211871e+01 2.5420647e+02      
2.3996301e+01 2.5390451e+02      
2.2170789e+01 2.5365376e+02      
2.0779068e+01 2.5346154e+02      
1.9869116e+01 2.5332626e+02      
1.9486476e+01 2.5324198e+02      
1.9669354e+01 2.5320178e+02      
2.0445785e+01 2.5319934e+02      
2.1831967e+01 2.5322931e+02      
2.3830562e+01 2.5328713e+02      
2.6428002e+01 2.5336890e+02      
2.9590229e+01 2.5347160e+02      
3.3257445e+01 2.5359382e+02      
3.7341051e+01 2.5373714e+02      
4.1731691e+01 2.5390969e+02      
4.6339926e+01 2.5414179e+02      
5.1094235e+01 2.5442057e+02      
5.5521080e+01 2.5413144e+02      
5.9685259e+01 2.5324219e+02      
5.6195210e+01 2.4523505e+02      
5.3577392e+01 2.4485113e+02      
5.1272530e+01 2.4451450e+02      
4.9321465e+01 2.4424435e+02      
4.7783970e+01 2.4403992e+02      
4.6726316e+01 2.4388938e+02      
4.6209748e+01 2.4377841e+02      
4.6284207e+01 2.4369500e+02      
4.6986533e+01 2.4363066e+02      
4.8340460e+01 2.4357970e+02      
5.0356151e+01 2.4353819e+02      
5.3027569e+01 2.4350329e+02      
5.6326020e+01 2.4347361e+02      
6.0188642e+01 2.4345063e+02      
6.4503291e+01 2.4344084e+02      
6.9098168e+01 2.4345795e+02      
7.3769742e+01 2.4353140e+02      
7.8369908e+01 2.4363736e+02      
8.2474732e+01 2.4319304e+02      
8.6261419e+01 2.4215971e+02      
8.2426357e+01 2.3204991e+02      
7.9789081e+01 2.3157772e+02      
7.7389541e+01 2.3119321e+02      
7.5281787e+01 2.3091036e+02      
7.3554655e+01 2.3071029e+02      
7.2303924e+01 2.3056192e+02      
7.1611563e+01 2.3043813e+02      
7.1539745e+01 2.3032116e+02      
7.2133168e+01 2.3020139e+02      
7.3422930e+01 2.3007412e+02      
7.5428879e+01 2.2993679e+02      
7.8158769e+01 2.2978743e+02      
8.1601334e+01 2.2962475e+02      
8.5707944e+01 2.2945079e+02      
9.0358282e+01 2.2927491e+02      
9.5313647e+01 2.2911315e+02      
1.0009722e+02 2.2895860e+02      
1.0407450e+02 2.2870289e+02      
1.0758518e+02 2.2815891e+02      
1.1104150e+02 2.2726887e+02      
1.0713100e+02 2.1516289e+02      
1.0451245e+02 2.1455206e+02      
1.0199963e+02 2.1411358e+02      
9.9674452e+01 2.1384535e+02      
9.7685804e+01 2.1368665e+02      
9.6179269e+01 2.1357056e+02      
9.5260626e+01 2.1345324e+02      
9.4999792e+01 2.1331360e+02      
9.5444352e+01 2.1314450e+02      
9.6629716e+01 2.1294517e+02      
9.8585516e+01 2.1271621e+02      
1.0133914e+02 2.1245642e+02      
1.0491414e+02 2.1216212e+02      
1.0931170e+02 2.1183089e+02      
1.1445493e+02 2.1147296e+02      
1.2006765e+02 2.1112215e+02      
1.2542220e+02 2.1080572e+02      
1.2839806e+02 2.1034925e+02      
1.3094314e+02 2.0978857e+02      
1.3370639e+02 2.0899774e+02      
1.3003054e+02 1.9477734e+02      
1.2749912e+02 1.9395055e+02      
1.2482429e+02 1.9347200e+02      
1.2215525e+02 1.9329400e+02      
1.1978554e+02 1.9325065e+02      
1.1794330e+02 1.9321156e+02      
1.1674564e+02 1.9312190e+02      
1.1625411e+02 1.9296770e+02      
1.1650849e+02 1.9275184e+02      
1.1754181e+02 1.9248252e+02      
1.1938926e+02 1.9216653e+02      
1.2209739e+02 1.9180460e+02      
1.2573763e+02 1.9138777e+02      
1.3041956e+02 1.9089681e+02      
1.3617527e+02 1.9032926e+02      
1.4258868e+02 1.8975270e+02      
1.4755082e+02 1.8924575e+02      
1.5054246e+02 1.8878907e+02      
1.5192723e+02 1.8835604e+02      
1.5375220e+02 1.8772583e+02      
1.5096668e+02 1.7108117e+02      
1.4865809e+02 1.6990469e+02      
1.4570653e+02 1.6944847e+02      
1.4238633e+02 1.6956923e+02      
1.3944775e+02 1.6977219e+02      
1.3719371e+02 1.6985783e+02      
1.3567955e+02 1.6980759e+02      
1.3492754e+02 1.6963662e+02      
1.3495615e+02 1.6936822e+02      
1.3578741e+02 1.6902560e+02      
1.3745305e+02 1.6862626e+02      
1.4000515e+02 1.6817645e+02      
1.4354073e+02 1.6766445e+02      
1.4828616e+02 1.6704610e+02      
1.5452707e+02 1.6625198e+02      
1.6049818e+02 1.6548227e+02      
1.6514006e+02 1.6488403e+02      
1.6805505e+02 1.6449824e+02      
1.6950358e+02 1.6423883e+02      
1.7044687e+02 1.6387788e+02      
1.6961722e+02 1.4442172e+02      
1.6765314e+02 1.4274565e+02      
1.6433120e+02 1.4237541e+02      
1.5982025e+02 1.4319629e+02      
1.5620391e+02 1.4374718e+02      
1.5353651e+02 1.4396100e+02      
1.5171029e+02 1.4393310e+02      
1.5069214e+02 1.4372371e+02      
1.5047352e+02 1.4338293e+02      
1.5105949e+02 1.4295410e+02      
1.5246845e+02 1.4247044e+02      
1.5473701e+02 1.4194978e+02      
1.5792987e+02 1.4138828e+02      
1.6214761e+02 1.4075334e+02      
1.6739747e+02 1.3998619e+02      
1.7322353e+02 1.3906081e+02      
1.7768723e+02 1.3843396e+02      
1.8034507e+02 1.3823052e+02      
1.8150371e+02 1.3827815e+02      
1.8303379e+02 1.3796796e+02      
1.8358043e+02 1.1661440e+02      
1.8177319e+02 1.1446880e+02      
1.7835528e+02 1.1398698e+02      
1.7354173e+02 1.1505739e+02      
1.6958223e+02 1.1577095e+02      
1.6662471e+02 1.1602754e+02      
1.6454259e+02 1.1596537e+02      
1.6328155e+02 1.1567110e+02      
1.6281418e+02 1.1521945e+02      
1.6312805e+02 1.1467714e+02      
1.6422319e+02 1.1409801e+02      
1.6611047e+02 1.1351730e+02      
1.6880501e+02 1.1294657e+02      
1.7230044e+02 1.1237305e+02      
1.7650384e+02 1.1176675e+02      
1.8111810e+02 1.1110888e+02      
1.8545360e+02 1.1049739e+02      
1.8777918e+02 1.1058822e+02      
1.8971092e+02 1.1061609e+02      
1.9184849e+02 1.1034876e+02      
1.9279966e+02 8.8479713e+01      
1.9099901e+02 8.5927212e+01      
1.8783550e+02 8.4970724e+01      
1.8327725e+02 8.5796560e+01      
1.7931163e+02 8.6397420e+01      
1.7621837e+02 8.6573266e+01      
1.7396113e+02 8.6396648e+01      
1.7250304e+02 8.5947576e+01      
1.7180653e+02 8.5324614e+01      
1.7184309e+02 8.4622813e+01      
1.7259555e+02 8.3921203e+01      
1.7405323e+02 8.3277849e+01      
1.7620193e+02 8.2720956e+01      
1.7899769e+02 8.2249902e+01      
1.8231999e+02 8.1854920e+01      
1.8592446e+02 8.1538059e+01      
1.8936530e+02 8.1366302e+01      
1.9213362e+02 8.1450129e+01      
1.9462464e+02 8.1527586e+01      
1.9718264e+02 8.1385574e+01      
1.9754443e+02 6.0594502e+01      
1.9575045e+02 5.7608840e+01      
1.9321878e+02 5.5680810e+01      
1.8919349e+02 5.5728213e+01      
1.8534460e+02 5.6068550e+01      
1.8219400e+02 5.6107701e+01      
1.7983504e+02 5.5739122e+01      
1.7824257e+02 5.5038974e+01      
1.7735657e+02 5.4158034e+01      
1.7713142e+02 5.3228718e+01      
1.7753870e+02 5.2355751e+01      
1.7855394e+02 5.1631359e+01      
1.8015806e+02 5.1102098e+01      
1.8232168e+02 5.0753822e+01      
1.8495049e+02 5.0577890e+01      
1.8786268e+02 5.0581899e+01      
1.9081541e+02 5.0765616e+01      
1.9363768e+02 5.1079495e+01      
1.9637574e+02 5.1379256e+01      
1.9915876e+02 5.1491998e+01      
1.9921301e+02 3.1719182e+01      
1.9753734e+02 2.8060791e+01      
1.9498376e+02 2.5759208e+01      
1.9153582e+02 2.4972170e+01      
1.8769056e+02 2.5236652e+01      
1.8448924e+02 2.5186488e+01      
1.8209741e+02 2.4547690e+01      
1.8046804e+02 2.3432504e+01      
1.7944978e+02 2.2179269e+01      
1.7899192e+02 2.0936988e+01      
1.7907299e+02 1.9807709e+01      
1.7964878e+02 1.8958122e+01      
1.8069791e+02 1.8501652e+01      
1.8228703e+02 1.8287065e+01      
1.8436515e+02 1.8321076e+01      
1.8679864e+02 1.8642795e+01      
1.8943853e+02 1.9209084e+01      
1.9217455e+02 1.9914834e+01      
1.9497185e+02 2.0611137e+01      
1.9784572e+02 2.1124786e+01      
1.9749802e+02 2.7445523e+00      
1.9543052e+02 -9.7467334e-01      
1.9279331e+02 -3.5821423e+00      
1.8961827e+02 -4.9057242e+00      
1.8620601e+02 -5.2919080e+00      
1.8302859e+02 -5.4696529e+00      
1.8069257e+02 -6.4914819e+00      
1.7915703e+02 -8.2384382e+00      
1.7803889e+02 -9.9194193e+00      
1.7737498e+02 -1.1545450e+01      
1.7717697e+02 -1.3082401e+01      
1.7736742e+02 -1.4265426e+01      
1.7780485e+02 -1.4555354e+01      
1.7887582e+02 -1.4722640e+01      
1.8051089e+02 -1.4528747e+01      
1.8258515e+02 -1.3843804e+01      
1.8498937e+02 -1.2797536e+01      
1.8762398e+02 -1.1559368e+01      
1.9041263e+02 -1.0298989e+01      
1.9330754e+02 -9.2219592e+00      
1.9166646e+02 -2.4359155e+01      
1.8937474e+02 -2.8404495e+01      
1.8665814e+02 -3.1361347e+01      
1.8358316e+02 -3.2967385e+01      
1.8039817e+02 -3.3664463e+01      
1.7773236e+02 -3.4973619e+01      
1.7554123e+02 -3.6477368e+01      
1.7386129e+02 -3.8233616e+01      
1.7259394e+02 -4.0160556e+01      
1.7175127e+02 -4.2193976e+01      
1.7133264e+02 -4.4232365e+01      
1.7133247e+02 -4.6392869e+01      
1.7139025e+02 -4.7298781e+01      
1.7208359e+02 -4.7926572e+01      
1.7337049e+02 -4.7693021e+01      
1.7515957e+02 -4.6466198e+01      
1.7739341e+02 -4.4793388e+01      
1.7996197e+02 -4.2881585e+01      
1.8274353e+02 -4.0865739e+01      
1.8564020e+02 -3.9018695e+01      
1.8256360e+02 -5.0327368e+01      
1.7978846e+02 -5.3876023e+01      
1.7694934e+02 -5.7189275e+01      
1.7388190e+02 -5.8874423e+01      
1.7100863e+02 -6.0398552e+01      
1.6859120e+02 -6.2323765e+01      
1.6653012e+02 -6.4102350e+01      
1.6483060e+02 -6.5872239e+01      
1.6345167e+02 -6.7734281e+01      
1.6248253e+02 -7.0283967e+01      
1.6182537e+02 -7.2483555e+01      
1.6149740e+02 -7.5419437e+01      
1.6149886e+02 -7.8898218e+01      
1.6193481e+02 -8.0723502e+01      
1.6295041e+02 -8.0699921e+01      
1.6450555e+02 -7.8640125e+01      
1.6666246e+02 -7.6334575e+01      
1.6924970e+02 -7.3657680e+01      
1.7207983e+02 -7.0639666e+01      
1.7499536e+02 -6.7665959e+01      
1.7050662e+02 -7.5140359e+01      
1.6732199e+02 -7.8338586e+01      
1.6417896e+02 -8.1332567e+01      
1.6113455e+02 -8.3645314e+01      
1.5839110e+02 -8.5594624e+01      
1.5607306e+02 -8.7436178e+01      
1.5415090e+02 -8.9169756e+01      
1.5255956e+02 -9.0951877e+01      
1.5123946e+02 -9.3071928e+01      
1.5016703e+02 -9.5828219e+01      
1.4935565e+02 -9.8371997e+01      
1.4870953e+02 -1.0203310e+02      
1.4826025e+02 -1.0681743e+02      
1.4834172e+02 -1.0967305e+02      
1.4913480e+02 -1.1032246e+02      
1.5067609e+02 -1.0902768e+02      
1.5290848e+02 -1.0650097e+02      
1.5564653e+02 -1.0302572e+02      
1.5863364e+02 -9.8783883e+01      
1.6159766e+02 -9.4239681e+01      
1.5573460e+02 -9.8526823e+01      
1.5216810e+02 -1.0168532e+02      
1.4869723e+02 -1.0475975e+02      
1.4551856e+02 -1.0738545e+02      
1.4281204e+02 -1.0947289e+02      
1.4065029e+02 -1.1112998e+02      
1.3896068e+02 -1.1257075e+02      
1.3757949e+02 -1.1411957e+02      
1.3638423e+02 -1.1606443e+02      
1.3532283e+02 -1.1851982e+02      
1.3436668e+02 -1.2145986e+02      
1.3343551e+02 -1.2540482e+02      
1.3248078e+02 -1.3052456e+02      
1.3209217e+02 -1.3408111e+02      
1.3263795e+02 -1.3531758e+02      
1.3418318e+02 -1.3433007e+02      
1.3658251e+02 -1.3149847e+02      
1.3956845e+02 -1.2717130e+02      
1.4277341e+02 -1.2182237e+02      
1.4574778e+02 -1.1751177e+02      
1.3853653e+02 -1.2006569e+02      
1.3453467e+02 -1.2349052e+02      
1.3057062e+02 -1.2705496e+02      
1.2711374e+02 -1.2999398e+02      
1.2440735e+02 -1.3206347e+02      
1.2251408e+02 -1.3331826e+02      
1.2128211e+02 -1.3407118e+02      
1.2025397e+02 -1.3507342e+02      
1.1924819e+02 -1.3662707e+02      
1.1824336e+02 -1.3878122e+02      
1.1722403e+02 -1.4159224e+02      
1.1614702e+02 -1.4520855e+02      
1.1498234e+02 -1.4959023e+02      
1.1395857e+02 -1.5390822e+02      
1.1426100e+02 -1.5545126e+02      
1.1589403e+02 -1.5431767e+02      
1.1857009e+02 -1.5094323e+02      
1.2185700e+02 -1.4588649e+02      
1.2493687e+02 -1.4126244e+02      
1.2777374e+02 -1.3751563e+02      
1.1931199e+02 -1.3921048e+02      
1.1483870e+02 -1.4303907e+02      
1.1005406e+02 -1.4764921e+02      
1.0621302e+02 -1.5094519e+02      
1.0349189e+02 -1.5290728e+02      
1.0196699e+02 -1.5357802e+02      
1.0158889e+02 -1.5303895e+02      
1.0102222e+02 -1.5332130e+02      
1.0022740e+02 -1.5443165e+02      
9.9304737e+01 -1.5622589e+02      
9.8284906e+01 -1.5867013e+02      
9.7144937e+01 -1.6178408e+02      
9.5809725e+01 -1.6559313e+02      
9.4438003e+01 -1.6966497e+02      
9.4707132e+01 -1.7092415e+02      
9.6601292e+01 -1.6928696e+02      
9.9616269e+01 -1.6535944e+02      
1.0259030e+02 -1.6124834e+02      
1.0538021e+02 -1.5750389e+02      
1.0798028e+02 -1.5436074e+02      
9.8552114e+01 -1.5538973e+02      
9.3839931e+01 -1.5923999e+02      
8.8638951e+01 -1.6396340e+02      
8.4605188e+01 -1.6726697e+02      
8.1902638e+01 -1.6908297e+02      
8.0611331e+01 -1.6944568e+02      
8.0695624e+01 -1.6846929e+02      
8.0404096e+01 -1.6835987e+02      
7.9740736e+01 -1.6913077e+02      
7.8885952e+01 -1.7056544e+02      
7.7905663e+01 -1.7257166e+02      
7.6790966e+01 -1.7511883e+02      
7.5449213e+01 -1.7823158e+02      
7.4049143e+01 -1.8151244e+02      
7.4583920e+01 -1.8201404e+02      
7.6859325e+01 -1.7975620e+02      
7.9393119e+01 -1.7675412e+02      
8.1914968e+01 -1.7361123e+02      
8.4347436e+01 -1.7064522e+02      
8.6659270e+01 -1.6805364e+02      
7.6703321e+01 -1.6824793e+02      
7.2149629e+01 -1.7163558e+02      
6.7127117e+01 -1.7572142e+02      
6.3241744e+01 -1.7862541e+02      
6.0593699e+01 -1.8027469e+02      
5.9251458e+01 -1.8068948e+02      
5.9229362e+01 -1.7996813e+02      
5.8852867e+01 -1.7990220e+02      
5.8168500e+01 -1.8051545e+02      
5.7335250e+01 -1.8165041e+02      
5.6417765e+01 -1.8321509e+02      
5.5428032e+01 -1.8514298e+02      
5.4314836e+01 -1.8738985e+02      
5.3256615e+01 -1.8956444e+02      
5.4279826e+01 -1.8915969e+02      
5.5995395e+01 -1.8757297e+02      
5.7971257e+01 -1.8541685e+02      
6.0037623e+01 -1.8304472e+02      
6.2104560e+01 -1.8070556e+02      
6.4111847e+01 -1.7858481e+02      
