3.6377692e+01 2.3174536e+02      
3.6236051e+01 2.3091927e+02      
3.6292575e+01 2.3011076e+02      
3.6408409e+01 2.2930934e+02      
3.6408950e+01 2.2849579e+02      
3.6147989e+01 2.2765770e+02      
3.5610707e+01 2.2681104e+02      
3.4952102e+01 2.2600480e+02      
3.4426034e+01 2.2530110e+02      
3.4266526e+01 2.2474792e+02      
3.4621622e+01 2.2437394e+02      
3.5530612e+01 2.2421038e+02      
3.6872393e+01 2.2432116e+02      
3.8221214e+01 2.2481021e+02      
3.8233289e+01 2.2576374e+02      
3.8268461e+01 2.2703824e+02      
3.8778733e+01 2.2847235e+02      
3.9926825e+01 2.2995045e+02      
4.1746934e+01 2.3140118e+02      
4.4222621e+01 2.3277523e+02      
6.6442543e+01 2.2282459e+02      
6.6733564e+01 2.2210307e+02      
6.7274083e+01 2.2138602e+02      
6.7886679e+01 2.2065119e+02      
6.8260905e+01 2.1984670e+02      
6.8046691e+01 2.1891677e+02      
6.7168276e+01 2.1787032e+02      
6.5929362e+01 2.1679386e+02      
6.4843039e+01 2.1580538e+02      
6.4300876e+01 2.1496798e+02      
6.4525711e+01 2.1428040e+02      
6.5601318e+01 2.1374478e+02      
6.7289543e+01 2.1346609e+02      
6.8234574e+01 2.1372742e+02      
6.8144852e+01 2.1454112e+02      
6.7301702e+01 2.1583299e+02      
6.7067409e+01 2.1725090e+02      
6.7692582e+01 2.1862732e+02      
6.9134428e+01 2.1990771e+02      
7.1299956e+01 2.2106716e+02      
9.5102449e+01 2.1037746e+02      
9.5916790e+01 2.0977138e+02      
9.7097355e+01 2.0917749e+02      
9.8507530e+01 2.0857349e+02      
9.9685450e+01 2.0786650e+02      
9.9600773e+01 2.0684822e+02      
9.8076139e+01 2.0552875e+02      
9.5674011e+01 2.0405721e+02      
9.3664017e+01 2.0273951e+02      
9.2545155e+01 2.0164034e+02      
9.2485371e+01 2.0068180e+02      
9.3653796e+01 1.9975991e+02      
9.4870560e+01 1.9923255e+02      
9.5463698e+01 1.9929623e+02      
9.5205585e+01 1.9999198e+02      
9.4292685e+01 2.0120744e+02      
9.3366364e+01 2.0267185e+02      
9.3577869e+01 2.0394765e+02      
9.4713318e+01 2.0506048e+02      
9.6598989e+01 2.0601919e+02      
1.2181566e+02 1.9459722e+02      
1.2321211e+02 1.9411031e+02      
1.2513292e+02 1.9367003e+02      
1.2756817e+02 1.9325224e+02      
1.3025060e+02 1.9274907e+02      
1.3023929e+02 1.9157719e+02      
1.2775623e+02 1.8992339e+02      
1.2323164e+02 1.8786149e+02      
1.2009302e+02 1.8624165e+02      
1.1830953e+02 1.8497344e+02      
1.1764749e+02 1.8391649e+02      
1.1798773e+02 1.8297819e+02      
1.1897526e+02 1.8216994e+02      
1.1933653e+02 1.8203391e+02      
1.1880576e+02 1.8267559e+02      
1.1760028e+02 1.8391160e+02      
1.1694133e+02 1.8511927e+02      
1.1710373e+02 1.8619544e+02      
1.1805884e+02 1.8712445e+02      
1.1971581e+02 1.8789297e+02      
1.4604321e+02 1.7571416e+02      
1.4804411e+02 1.7533381e+02      
1.5067378e+02 1.7504755e+02      
1.5371951e+02 1.7476589e+02      
1.5584573e+02 1.7368647e+02      
1.5512858e+02 1.7210663e+02      
1.5200973e+02 1.7022157e+02      
1.4694408e+02 1.6814053e+02      
1.4335182e+02 1.6647048e+02      
1.4111206e+02 1.6517715e+02      
1.3988304e+02 1.6414978e+02      
1.3945965e+02 1.6331753e+02      
1.3958278e+02 1.6266855e+02      
1.3978246e+02 1.6233732e+02      
1.3895262e+02 1.6298760e+02      
1.3814649e+02 1.6387889e+02      
1.3777108e+02 1.6479356e+02      
1.3799128e+02 1.6564647e+02      
1.3884443e+02 1.6639067e+02      
1.4031254e+02 1.6698671e+02      
1.6725365e+02 1.5399280e+02      
1.6985766e+02 1.5366858e+02      
1.7305807e+02 1.5344030e+02      
1.7524769e+02 1.5268507e+02      
1.7570987e+02 1.5124323e+02      
1.7361096e+02 1.4916757e+02      
1.7023544e+02 1.4711460e+02      
1.6634640e+02 1.4523886e+02      
1.6307447e+02 1.4370319e+02      
1.6069511e+02 1.4251305e+02      
1.5909905e+02 1.4160317e+02      
1.5813014e+02 1.4092417e+02      
1.5758742e+02 1.4047327e+02      
1.5716974e+02 1.4034145e+02      
1.5655718e+02 1.4067592e+02      
1.5602269e+02 1.4126166e+02      
1.5581335e+02 1.4193068e+02      
1.5605966e+02 1.4259097e+02      
1.5682202e+02 1.4317641e+02      
1.5811450e+02 1.4363155e+02      
1.8483858e+02 1.2971991e+02      
1.8792734e+02 1.2932302e+02      
1.9069102e+02 1.2862175e+02      
1.9216407e+02 1.2741929e+02      
1.9176637e+02 1.2569481e+02      
1.8935973e+02 1.2358628e+02      
1.8562189e+02 1.2140726e+02      
1.8221990e+02 1.1965515e+02      
1.7930441e+02 1.1831519e+02      
1.7695585e+02 1.1732240e+02      
1.7516953e+02 1.1659800e+02      
1.7386704e+02 1.1608870e+02      
1.7292141e+02 1.1578920e+02      
1.7218072e+02 1.1573357e+02      
1.7155310e+02 1.1593837e+02      
1.7109669e+02 1.1633836e+02      
1.7092849e+02 1.1683914e+02      
1.7114122e+02 1.1735982e+02      
1.7179042e+02 1.1783136e+02      
1.7289981e+02 1.1819046e+02      
1.9818985e+02 1.0324181e+02      
2.0052299e+02 1.0236790e+02      
2.0318568e+02 1.0125901e+02      
2.0435229e+02 9.9633750e+01      
2.0347272e+02 9.7582775e+01      
2.0069934e+02 9.5326633e+01      
1.9765117e+02 9.3315930e+01      
1.9474225e+02 9.1770427e+01      
1.9211685e+02 9.0707828e+01      
1.8985000e+02 9.0016659e+01      
1.8798318e+02 8.9545710e+01      
1.8649673e+02 8.9218074e+01      
1.8532578e+02 8.9033561e+01      
1.8439770e+02 8.9015917e+01      
1.8367435e+02 8.9173634e+01      
1.8317560e+02 8.9480392e+01      
1.8295779e+02 8.9884550e+01      
1.8307935e+02 9.0325143e+01      
1.8358314e+02 9.0737900e+01      
1.8449219e+02 9.1056143e+01      
2.0760466e+02 7.5202881e+01      
2.0913906e+02 7.3907106e+01      
2.1078250e+02 7.2275642e+01      
2.1189857e+02 7.0163541e+01      
2.1072292e+02 6.7623212e+01      
2.0870323e+02 6.5188955e+01      
2.0634543e+02 6.3237950e+01      
2.0390712e+02 6.1936325e+01      
2.0153292e+02 6.1284729e+01      
1.9933448e+02 6.1089518e+01      
1.9744105e+02 6.0949371e+01      
1.9586502e+02 6.0799172e+01      
1.9456717e+02 6.0702588e+01      
1.9350999e+02 6.0710574e+01      
1.9267713e+02 6.0847760e+01      
1.9208127e+02 6.1111013e+01      
1.9175629e+02 6.1473693e+01      
1.9174156e+02 6.1891357e+01      
1.9206944e+02 6.2305442e+01      
1.9275925e+02 6.2646184e+01      
2.1335449e+02 4.6208051e+01      
2.1425702e+02 4.4594298e+01      
2.1508981e+02 4.2590555e+01      
2.1546650e+02 4.0026305e+01      
2.1493938e+02 3.6719283e+01      
2.1357903e+02 3.3863180e+01      
2.1174908e+02 3.1840619e+01      
2.0968217e+02 3.0803587e+01      
2.0751330e+02 3.0702012e+01      
2.0533078e+02 3.1258113e+01      
2.0345981e+02 3.1406365e+01      
2.0186322e+02 3.1363234e+01      
2.0049964e+02 3.1304175e+01      
1.9934795e+02 3.1312779e+01      
1.9840443e+02 3.1431279e+01      
1.9768411e+02 3.1674508e+01      
1.9721568e+02 3.2034853e+01      
1.9703170e+02 3.2481815e+01      
1.9715913e+02 3.2960977e+01      
1.9761386e+02 3.3396326e+01      
2.1557395e+02 1.6786000e+01      
2.1603993e+02 1.4953780e+01      
2.1636962e+02 1.2756001e+01      
2.1635644e+02 1.0119320e+01      
2.1585019e+02 7.0116835e+00      
2.1484967e+02 3.6760559e+00      
2.1336624e+02 1.4774164e+00      
2.1159421e+02 7.1540038e-01      
2.0964243e+02 1.1330459e+00      
2.0773951e+02 1.4526802e+00      
2.0599982e+02 1.5186515e+00      
2.0444350e+02 1.4362684e+00      
2.0305733e+02 1.3375628e+00      
2.0183344e+02 1.3065056e+00      
2.0077825e+02 1.3904730e+00      
1.9991443e+02 1.6171772e+00      
1.9927583e+02 1.9996275e+00      
1.9889764e+02 2.5234667e+00      
1.9880663e+02 3.1371214e+00      
1.9901600e+02 3.7525011e+00      
2.1435009e+02 -1.2579366e+01      
2.1453784e+02 -1.4564653e+01      
2.1458061e+02 -1.6846889e+01      
2.1435203e+02 -1.9405413e+01      
2.1376448e+02 -2.2196918e+01      
2.1279530e+02 -2.5084483e+01      
2.1148239e+02 -2.7543960e+01      
2.0996730e+02 -2.7974113e+01      
2.0832529e+02 -2.7981521e+01      
2.0667655e+02 -2.8054656e+01      
2.0510168e+02 -2.8251717e+01      
2.0362659e+02 -2.8505796e+01      
2.0224894e+02 -2.8723873e+01      
2.0096616e+02 -2.8838072e+01      
1.9979246e+02 -2.8816306e+01      
1.9876319e+02 -2.8625871e+01      
1.9792765e+02 -2.8214709e+01      
1.9733367e+02 -2.7570528e+01      
1.9701262e+02 -2.6743028e+01      
1.9697403e+02 -2.5838123e+01      
2.0976093e+02 -4.1433731e+01      
2.0979029e+02 -4.3556564e+01      
2.0968019e+02 -4.5905030e+01      
2.0933422e+02 -4.8382428e+01      
2.0868504e+02 -5.0891954e+01      
2.0770881e+02 -5.3370854e+01      
2.0644101e+02 -5.5614709e+01      
2.0513146e+02 -5.6134574e+01      
2.0371012e+02 -5.6514398e+01      
2.0226663e+02 -5.6980638e+01      
2.0086023e+02 -5.7515038e+01      
1.9949710e+02 -5.8038997e+01      
1.9815508e+02 -5.8442760e+01      
1.9682015e+02 -5.8663250e+01      
1.9551004e+02 -5.8727411e+01      
1.9427952e+02 -5.8648344e+01      
1.9320972e+02 -5.8226917e+01      
1.9237717e+02 -5.7421586e+01      
1.9182269e+02 -5.6288573e+01      
1.9154558e+02 -5.4943846e+01      
2.0190063e+02 -6.9331679e+01      
2.0186771e+02 -7.1630491e+01      
2.0170910e+02 -7.4110193e+01      
2.0132133e+02 -7.6566459e+01      
2.0064049e+02 -7.8835759e+01      
1.9966334e+02 -8.0821088e+01      
1.9846496e+02 -8.2376231e+01      
1.9718817e+02 -8.3306623e+01      
1.9588883e+02 -8.4072663e+01      
1.9461631e+02 -8.4924649e+01      
1.9339821e+02 -8.5873862e+01      
1.9219798e+02 -8.6784589e+01      
1.9093060e+02 -8.7438773e+01      
1.8954762e+02 -8.7729096e+01      
1.8806583e+02 -8.7772568e+01      
1.8656845e+02 -8.7876734e+01      
1.8519857e+02 -8.7437820e+01      
1.8409893e+02 -8.6431756e+01      
1.8332193e+02 -8.4899003e+01      
1.8283925e+02 -8.2962902e+01      
1.9088607e+02 -9.5808376e+01      
1.9087641e+02 -9.8373264e+01      
1.9079103e+02 -1.0118291e+02      
1.9043167e+02 -1.0374039e+02      
1.8973410e+02 -1.0582272e+02      
1.8871069e+02 -1.0734054e+02      
1.8744972e+02 -1.0833690e+02      
1.8616322e+02 -1.0920829e+02      
1.8494234e+02 -1.1019217e+02      
1.8382695e+02 -1.1140621e+02      
1.8285109e+02 -1.1289176e+02      
1.8194194e+02 -1.1444329e+02      
1.8081743e+02 -1.1545246e+02      
1.7939131e+02 -1.1571452e+02      
1.7768041e+02 -1.1530782e+02      
1.7579311e+02 -1.1454013e+02      
1.7402172e+02 -1.1390589e+02      
1.7262293e+02 -1.1267246e+02      
1.7165456e+02 -1.1068471e+02      
1.7102147e+02 -1.0815480e+02      
1.7685107e+02 -1.2034730e+02      
1.7689938e+02 -1.2319869e+02      
1.7703806e+02 -1.2667774e+02      
1.7673628e+02 -1.2941135e+02      
1.7602407e+02 -1.3135806e+02      
1.7492488e+02 -1.3245508e+02      
1.7345262e+02 -1.3263575e+02      
1.7213122e+02 -1.3326140e+02      
1.7097088e+02 -1.3433180e+02      
1.6998690e+02 -1.3583384e+02      
1.6927211e+02 -1.3791315e+02      
1.6887487e+02 -1.4056495e+02      
1.6793105e+02 -1.4199690e+02      
1.6646951e+02 -1.4214899e+02      
1.6451306e+02 -1.4105664e+02      
1.6206896e+02 -1.3882577e+02      
1.5997388e+02 -1.3718665e+02      
1.5826084e+02 -1.3578839e+02      
1.5718289e+02 -1.3332842e+02      
1.5635267e+02 -1.3091781e+02      
1.5997148e+02 -1.4243704e+02      
1.5996465e+02 -1.4523883e+02      
1.6001051e+02 -1.4865682e+02      
1.5966979e+02 -1.5128992e+02      
1.5895200e+02 -1.5311820e+02      
1.5788240e+02 -1.5410124e+02      
1.5649851e+02 -1.5419404e+02      
1.5523700e+02 -1.5481078e+02      
1.5413361e+02 -1.5594043e+02      
1.5321433e+02 -1.5757148e+02      
1.5257479e+02 -1.5990381e+02      
1.5222605e+02 -1.6293735e+02      
1.5131835e+02 -1.6450159e+02      
1.4984404e+02 -1.6450873e+02      
1.4782924e+02 -1.6297290e+02      
1.4532211e+02 -1.5999524e+02      
1.4312791e+02 -1.5771688e+02      
1.4126929e+02 -1.5597526e+02      
1.4007401e+02 -1.5345252e+02      
1.3907067e+02 -1.5116047e+02      
1.4052677e+02 -1.6175336e+02      
1.4037751e+02 -1.6415757e+02      
1.4015115e+02 -1.6672660e+02      
1.3970163e+02 -1.6896225e+02      
1.3898486e+02 -1.7067000e+02      
1.3801996e+02 -1.7182549e+02      
1.3688427e+02 -1.7258698e+02      
1.3574563e+02 -1.7345073e+02      
1.3468876e+02 -1.7461629e+02      
1.3375981e+02 -1.7616563e+02      
1.3301824e+02 -1.7826694e+02      
1.3244388e+02 -1.8093568e+02      
1.3143821e+02 -1.8222698e+02      
1.2997326e+02 -1.8208272e+02      
1.2807373e+02 -1.8050547e+02      
1.2581018e+02 -1.7754823e+02      
1.2376613e+02 -1.7509510e+02      
1.2202309e+02 -1.7297161e+02      
1.2062909e+02 -1.7076469e+02      
1.1945432e+02 -1.6866268e+02      
1.1888298e+02 -1.7817032e+02      
1.1861470e+02 -1.8019709e+02      
1.1823835e+02 -1.8225497e+02      
1.1770230e+02 -1.8414252e+02      
1.1698112e+02 -1.8572678e+02      
1.1608923e+02 -1.8698972e+02      
1.1507909e+02 -1.8803416e+02      
1.1402635e+02 -1.8904578e+02      
1.1299187e+02 -1.9016539e+02      
1.1201137e+02 -1.9146351e+02      
1.1109389e+02 -1.9295255e+02      
1.1016371e+02 -1.9439324e+02      
1.0901760e+02 -1.9510128e+02      
1.0758169e+02 -1.9481460e+02      
1.0587446e+02 -1.9352920e+02      
1.0400119e+02 -1.9149061e+02      
1.0218583e+02 -1.8934141e+02      
1.0054114e+02 -1.8725816e+02      
9.9093610e+01 -1.8520853e+02      
9.7814180e+01 -1.8324385e+02      
9.5428722e+01 -1.9158799e+02      
9.5081663e+01 -1.9334189e+02      
9.4624367e+01 -1.9509438e+02      
9.4035702e+01 -1.9673690e+02      
9.3306726e+01 -1.9819167e+02      
9.2449161e+01 -1.9944101e+02      
9.1494448e+01 -2.0052930e+02      
9.0483905e+01 -2.0153574e+02      
8.9453400e+01 -2.0252719e+02      
8.8421925e+01 -2.0352498e+02      
8.7381499e+01 -2.0447559e+02      
8.6283582e+01 -2.0520073e+02      
8.5054780e+01 -2.0543643e+02      
8.3654541e+01 -2.0501620e+02      
8.2097287e+01 -2.0393605e+02      
8.0450774e+01 -2.0235165e+02      
7.8813778e+01 -2.0051115e+02      
7.7261484e+01 -1.9858267e+02      
7.5825787e+01 -1.9664381e+02      
7.4505051e+01 -1.9475708e+02      
