2.1157679e+01 2.3357003e+02      
2.1235397e+01 2.3110138e+02      
2.1934526e+01 2.2870491e+02      
2.3164505e+01 2.2640463e+02      
2.4729790e+01 2.2417561e+02      
2.6393606e+01 2.2197255e+02      
2.8098447e+01 2.1984125e+02      
2.9964283e+01 2.1791407e+02      
3.2067293e+01 2.1629575e+02      
3.4385929e+01 2.1503754e+02      
3.6868021e+01 2.1416816e+02      
3.9468259e+01 2.1370572e+02      
4.2045936e+01 2.1357640e+02      
4.4278924e+01 2.1356034e+02      
4.6205923e+01 2.1372487e+02      
4.7820539e+01 2.1406044e+02      
4.9165758e+01 2.1453690e+02      
5.0382848e+01 2.1515467e+02      
5.1613883e+01 2.1589824e+02      
5.2983841e+01 2.1673318e+02      
4.9894835e+01 2.2401886e+02      
5.0333223e+01 2.2154868e+02      
5.1509964e+01 2.1916787e+02      
5.3388810e+01 2.1693492e+02      
5.5681997e+01 2.1479081e+02      
5.7696207e+01 2.1246061e+02      
5.9372168e+01 2.1000283e+02      
6.1279309e+01 2.0778706e+02      
6.3562675e+01 2.0595540e+02      
6.6107532e+01 2.0452516e+02      
6.8805522e+01 2.0351515e+02      
7.1670341e+01 2.0299745e+02      
7.4734447e+01 2.0302188e+02      
7.6983818e+01 2.0281852e+02      
7.8852747e+01 2.0285663e+02      
8.0141614e+01 2.0299976e+02      
8.0887774e+01 2.0319602e+02      
8.1449298e+01 2.0354546e+02      
8.1994074e+01 2.0402567e+02      
8.2637369e+01 2.0457413e+02      
7.7115372e+01 2.1090967e+02      
7.7894737e+01 2.0840765e+02      
7.9547378e+01 2.0601301e+02      
8.2200831e+01 2.0386603e+02      
8.5761769e+01 2.0203931e+02      
8.8152415e+01 1.9955971e+02      
8.9317913e+01 1.9652201e+02      
9.1224030e+01 1.9398420e+02      
9.3796093e+01 1.9196307e+02      
9.6654406e+01 1.9037230e+02      
9.9522735e+01 1.8917593e+02      
1.0241914e+02 1.8844599e+02      
1.0546969e+02 1.8823638e+02      
1.0854306e+02 1.8842905e+02      
1.1057142e+02 1.8853621e+02      
1.1153518e+02 1.8856600e+02      
1.1143308e+02 1.8844480e+02      
1.1125077e+02 1.8859176e+02      
1.1099249e+02 1.8886843e+02      
1.1072626e+02 1.8915775e+02      
1.0232131e+02 1.9445988e+02      
1.0336251e+02 1.9187400e+02      
1.0535425e+02 1.8937768e+02      
1.0849990e+02 1.8711400e+02      
1.1270657e+02 1.8511274e+02      
1.1548337e+02 1.8246865e+02      
1.1679560e+02 1.7929805e+02      
1.1907059e+02 1.7661423e+02      
1.2226586e+02 1.7451085e+02      
1.2573864e+02 1.7284956e+02      
1.2866046e+02 1.7138363e+02      
1.3133582e+02 1.7034421e+02      
1.3419475e+02 1.6989361e+02      
1.3736683e+02 1.7001852e+02      
1.3935846e+02 1.7013668e+02      
1.4012095e+02 1.7021476e+02      
1.3988099e+02 1.7028131e+02      
1.3908183e+02 1.7043088e+02      
1.3793615e+02 1.7060494e+02      
1.3659321e+02 1.7069164e+02      
1.2507592e+02 1.7495360e+02      
1.2626399e+02 1.7222710e+02      
1.2838024e+02 1.6953349e+02      
1.3158663e+02 1.6697201e+02      
1.3583942e+02 1.6455021e+02      
1.3898335e+02 1.6171470e+02      
1.4101815e+02 1.5859174e+02      
1.4412108e+02 1.5587905e+02      
1.4836695e+02 1.5378124e+02      
1.5323509e+02 1.5230776e+02      
1.5593277e+02 1.5039299e+02      
1.5800771e+02 1.4895920e+02      
1.6019765e+02 1.4819755e+02      
1.6281592e+02 1.4805867e+02      
1.6449218e+02 1.4811574e+02      
1.6491332e+02 1.4827442e+02      
1.6422436e+02 1.4850260e+02      
1.6270404e+02 1.4875414e+02      
1.6059762e+02 1.4893808e+02      
1.5820840e+02 1.4895284e+02      
1.4502446e+02 1.5273904e+02      
1.4625500e+02 1.4982969e+02      
1.4832160e+02 1.4688301e+02      
1.5123218e+02 1.4395146e+02      
1.5474434e+02 1.4101472e+02      
1.5819641e+02 1.3795784e+02      
1.6162843e+02 1.3488096e+02      
1.6579799e+02 1.3208851e+02      
1.7109107e+02 1.2982945e+02      
1.7716157e+02 1.2817246e+02      
1.8080178e+02 1.2631078e+02      
1.8200983e+02 1.2451990e+02      
1.8300851e+02 1.2347591e+02      
1.8429620e+02 1.2308364e+02      
1.8558511e+02 1.2310812e+02      
1.8542504e+02 1.2337688e+02      
1.8399218e+02 1.2379037e+02      
1.8159227e+02 1.2422453e+02      
1.7857613e+02 1.2454506e+02      
1.7614556e+02 1.2476160e+02      
1.6189112e+02 1.2821602e+02      
1.6309928e+02 1.2510176e+02      
1.6505648e+02 1.2188981e+02      
1.6772431e+02 1.1862208e+02      
1.7096974e+02 1.1531560e+02      
1.7463713e+02 1.1198758e+02      
1.7879181e+02 1.0872426e+02      
1.8373206e+02 1.0568606e+02      
1.8978165e+02 1.0305524e+02      
1.9666566e+02 1.0092561e+02      
2.0104489e+02 9.8915313e+01      
2.0272451e+02 9.7229982e+01      
2.0244196e+02 9.6120196e+01      
2.0244522e+02 9.5720912e+01      
2.0255950e+02 9.5778132e+01      
2.0138518e+02 9.6246301e+01      
1.9899928e+02 9.6945195e+01      
1.9573228e+02 9.7666702e+01      
1.9280376e+02 9.8237666e+01      
1.9046377e+02 9.8661750e+01      
1.7546195e+02 1.0182066e+02      
1.7661362e+02 9.8493482e+01      
1.7845845e+02 9.5022506e+01      
1.8097593e+02 9.1454988e+01      
1.8412382e+02 8.7831882e+01      
1.8788528e+02 8.4199461e+01      
1.9233915e+02 8.0626848e+01      
1.9765998e+02 7.7209608e+01      
2.0405741e+02 7.4061200e+01      
2.1123992e+02 7.1277753e+01      
2.1589930e+02 6.8917784e+01      
2.1777049e+02 6.7246653e+01      
2.1755330e+02 6.6511323e+01      
2.1658612e+02 6.6453023e+01      
2.1492086e+02 6.6780716e+01      
2.1253917e+02 6.7627050e+01      
2.0923798e+02 6.8737771e+01      
2.0609443e+02 6.9718697e+01      
2.0335178e+02 7.0520804e+01      
2.0110838e+02 7.1140248e+01      
1.8557307e+02 7.4013785e+01      
1.8664300e+02 7.0472059e+01      
1.8836622e+02 6.6749424e+01      
1.9074359e+02 6.2899588e+01      
1.9377673e+02 5.8974794e+01      
1.9749465e+02 5.5026736e+01      
2.0198594e+02 5.1104257e+01      
2.0740344e+02 4.7245848e+01      
2.1377908e+02 4.3516177e+01      
2.2052248e+02 4.0061988e+01      
2.2506494e+02 3.7192689e+01      
2.2671397e+02 3.5350415e+01      
2.2570787e+02 3.5250801e+01      
2.2396986e+02 3.5893259e+01      
2.2197783e+02 3.6807980e+01      
2.1884463e+02 3.8239378e+01      
2.1567885e+02 3.9632150e+01      
2.1275803e+02 4.0852956e+01      
2.1018704e+02 4.1871739e+01      
2.0802743e+02 4.2679298e+01      
1.9211083e+02 4.5273306e+01      
1.9307135e+02 4.1517908e+01      
1.9464642e+02 3.7548767e+01      
1.9684916e+02 3.3425595e+01      
1.9969700e+02 2.9209368e+01      
2.0322685e+02 2.4957449e+01      
2.0751983e+02 2.0708955e+01      
2.1276886e+02 1.6445471e+01      
2.1908596e+02 1.2110949e+01      
2.2419110e+02 8.2382002e+00      
2.2871702e+02 4.7405122e+00      
2.3058219e+02 2.9361889e+00      
2.2990457e+02 3.0017232e+00      
2.2727616e+02 4.6433157e+00      
2.2440696e+02 6.5414087e+00      
2.2136792e+02 8.4082809e+00      
2.1842474e+02 1.0088522e+01      
2.1571118e+02 1.1545141e+01      
2.1328901e+02 1.2771997e+01      
2.1120617e+02 1.3762904e+01      
1.9501723e+02 1.6088454e+01      
1.9583700e+02 1.2121728e+01      
1.9722717e+02 7.9090395e+00      
1.9920564e+02 3.5161842e+00      
2.0179019e+02 -9.8422937e-01      
2.0500236e+02 -5.5173119e+00      
2.0887319e+02 -1.0021955e+01      
2.1343928e+02 -1.4485984e+01      
2.1857455e+02 -1.8976518e+01      
2.2378694e+02 -2.3566892e+01      
2.2770066e+02 -2.7077105e+01      
2.2951039e+02 -2.8784608e+01      
2.2904297e+02 -2.8481953e+01      
2.2667079e+02 -2.6492675e+01      
2.2324383e+02 -2.3655482e+01      
2.2023017e+02 -2.1337723e+01      
2.1748917e+02 -1.9390601e+01      
2.1496505e+02 -1.7715937e+01      
2.1268200e+02 -1.6294651e+01      
2.1067406e+02 -1.5127112e+01      
1.9429445e+02 -1.3045614e+01      
1.9494060e+02 -1.7219355e+01      
1.9610641e+02 -2.1674673e+01      
1.9781223e+02 -2.6340808e+01      
2.0007226e+02 -3.1131361e+01      
2.0288609e+02 -3.5941062e+01      
2.0622738e+02 -4.0651095e+01      
2.1002476e+02 -4.5167569e+01      
2.1412567e+02 -4.9476594e+01      
2.1826119e+02 -5.3590737e+01      
2.2193324e+02 -5.7274723e+01      
2.2364013e+02 -5.8903845e+01      
2.2313798e+02 -5.8161245e+01      
2.2075636e+02 -5.5541483e+01      
2.1803154e+02 -5.2842105e+01      
2.1539309e+02 -5.0421088e+01      
2.1291011e+02 -4.8300147e+01      
2.1058454e+02 -4.6447027e+01      
2.0844080e+02 -4.4852007e+01      
2.0650984e+02 -4.3517846e+01      
1.9000701e+02 -4.1633206e+01      
1.9044713e+02 -4.6005569e+01      
1.9134918e+02 -5.0703252e+01      
1.9273978e+02 -5.5654511e+01      
1.9463816e+02 -6.0764434e+01      
1.9703297e+02 -6.5899634e+01      
1.9985590e+02 -7.0846890e+01      
2.0297403e+02 -7.5357885e+01      
2.0620662e+02 -7.9331000e+01      
2.0931588e+02 -8.2768346e+01      
2.1194989e+02 -8.5509987e+01      
2.1353700e+02 -8.7033015e+01      
2.1289188e+02 -8.5654976e+01      
2.1125272e+02 -8.3350556e+01      
2.0919357e+02 -8.0837679e+01      
2.0700364e+02 -7.8412408e+01      
2.0481594e+02 -7.6183995e+01      
2.0269781e+02 -7.4189017e+01      
2.0069480e+02 -7.2441800e+01      
1.9884356e+02 -7.0952851e+01      
1.8228245e+02 -6.9183695e+01      
1.8248607e+02 -7.3737620e+01      
1.8308209e+02 -7.8674432e+01      
1.8411202e+02 -8.3925989e+01      
1.8562535e+02 -8.9398448e+01      
1.8762879e+02 -9.4988734e+01      
1.9002762e+02 -1.0039557e+02      
1.9259525e+02 -1.0492310e+02      
1.9513938e+02 -1.0843360e+02      
1.9747882e+02 -1.1125408e+02      
1.9930223e+02 -1.1312633e+02      
2.0021692e+02 -1.1354665e+02      
1.9990315e+02 -1.1221129e+02      
1.9875955e+02 -1.0996049e+02      
1.9716067e+02 -1.0744470e+02      
1.9533283e+02 -1.0495797e+02      
1.9341521e+02 -1.0262919e+02      
1.9149392e+02 -1.0051193e+02      
1.8962670e+02 -9.8630208e+01      
1.8785554e+02 -9.6998677e+01      
1.7131144e+02 -9.5218306e+01      
1.7125520e+02 -9.9918429e+01      
1.7149465e+02 -1.0508256e+02      
1.7208574e+02 -1.1065552e+02      
1.7317797e+02 -1.1648901e+02      
1.7482960e+02 -1.2260931e+02      
1.7697475e+02 -1.2894235e+02      
1.7913784e+02 -1.3353199e+02      
1.8115695e+02 -1.3630740e+02      
1.8303626e+02 -1.3893151e+02      
1.8436826e+02 -1.4034976e+02      
1.8487936e+02 -1.3990035e+02      
1.8451927e+02 -1.3776609e+02      
1.8356205e+02 -1.3504793e+02      
1.8222789e+02 -1.3230026e+02      
1.8065824e+02 -1.2967715e+02      
1.7895935e+02 -1.2723841e+02      
1.7720952e+02 -1.2501137e+02      
1.7546636e+02 -1.2301132e+02      
1.7377264e+02 -1.2125034e+02      
1.5734502e+02 -1.1928171e+02      
1.5702928e+02 -1.2405535e+02      
1.5688297e+02 -1.2938350e+02      
1.5690718e+02 -1.3530085e+02      
1.5753706e+02 -1.4135905e+02      
1.5881475e+02 -1.4768784e+02      
1.6068506e+02 -1.5415401e+02      
1.6255166e+02 -1.5875990e+02      
1.6437435e+02 -1.6161986e+02      
1.6614683e+02 -1.6519516e+02      
1.6720107e+02 -1.6662031e+02      
1.6742727e+02 -1.6535073e+02      
1.6677406e+02 -1.6149815e+02      
1.6583351e+02 -1.5799012e+02      
1.6464653e+02 -1.5493019e+02      
1.6325483e+02 -1.5215986e+02      
1.6172469e+02 -1.4962538e+02      
1.6011750e+02 -1.4730975e+02      
1.5848382e+02 -1.4521148e+02      
1.5686328e+02 -1.4333671e+02      
1.4068193e+02 -1.4096463e+02      
1.4014731e+02 -1.4569347e+02      
1.3969362e+02 -1.5098253e+02      
1.3930784e+02 -1.5685752e+02      
1.3953770e+02 -1.6282874e+02      
1.4040877e+02 -1.6901522e+02      
1.4183736e+02 -1.7532212e+02      
1.4336648e+02 -1.7982333e+02      
1.4496585e+02 -1.8275718e+02      
1.4636804e+02 -1.8660864e+02      
1.4714036e+02 -1.8801160e+02      
1.4721965e+02 -1.8636619e+02      
1.4661732e+02 -1.8189884e+02      
1.4574914e+02 -1.7803613e+02      
1.4467135e+02 -1.7483810e+02      
1.4341006e+02 -1.7200960e+02      
1.4201093e+02 -1.6943339e+02      
1.4052142e+02 -1.6706613e+02      
1.3898369e+02 -1.6489619e+02      
1.3743240e+02 -1.6292648e+02      
1.2164605e+02 -1.5993137e+02      
1.2095957e+02 -1.6448563e+02      
1.2033397e+02 -1.6951610e+02      
1.1974477e+02 -1.7502048e+02      
1.1969773e+02 -1.8058287e+02      
1.2018223e+02 -1.8626540e+02      
1.2110921e+02 -1.9201350e+02      
1.2220828e+02 -1.9620239e+02      
1.2343518e+02 -1.9900184e+02      
1.2434649e+02 -2.0248152e+02      
1.2481554e+02 -2.0368439e+02      
1.2480269e+02 -2.0219965e+02      
1.2434377e+02 -1.9820062e+02      
1.2358068e+02 -1.9466984e+02      
1.2259718e+02 -1.9164243e+02      
1.2143798e+02 -1.8890204e+02      
1.2014363e+02 -1.8636192e+02      
1.1875298e+02 -1.8398951e+02      
1.1730089e+02 -1.8177818e+02      
1.1581669e+02 -1.7973408e+02      
1.0056921e+02 -1.7593135e+02      
9.9789057e+01 -1.8021353e+02      
9.9115319e+01 -1.8483345e+02      
9.8599285e+01 -1.8970702e+02      
9.8404839e+01 -1.9464812e+02      
9.8567739e+01 -1.9953514e+02      
9.9022131e+01 -2.0411168e+02      
9.9639920e+01 -2.0782146e+02      
1.0029061e+02 -2.1065318e+02      
1.0076943e+02 -2.1287768e+02      
1.0096268e+02 -2.1370264e+02      
1.0083017e+02 -2.1277855e+02      
1.0038430e+02 -2.1045498e+02      
9.9676782e+01 -2.0777815e+02      
9.8762076e+01 -2.0515169e+02      
9.7682647e+01 -2.0261968e+02      
9.6474349e+01 -2.0018400e+02      
9.5169450e+01 -1.9784856e+02      
9.3796572e+01 -1.9562367e+02      
9.2379907e+01 -1.9352444e+02      
7.7791761e+01 -1.8878813e+02      
7.6940536e+01 -1.9275324e+02      
7.6217607e+01 -1.9694268e+02      
7.5662331e+01 -2.0126270e+02      
7.5327344e+01 -2.0558120e+02      
7.5227778e+01 -2.0974111e+02      
7.5324234e+01 -2.1353069e+02      
7.5537667e+01 -2.1671558e+02      
7.5766335e+01 -2.1917862e+02      
7.5899797e+01 -2.2082990e+02      
7.5854849e+01 -2.2145092e+02      
7.5589880e+01 -2.2093940e+02      
7.5099375e+01 -2.1949672e+02      
7.4402991e+01 -2.1752344e+02      
7.3530647e+01 -2.1532384e+02      
7.2512683e+01 -2.1304232e+02      
7.1377250e+01 -2.1074591e+02      
7.0150025e+01 -2.0847363e+02      
6.8853808e+01 -2.0625489e+02      
6.7507902e+01 -2.0411563e+02      
