2.2854775e+01 2.4196596e+02      
2.2179105e+01 2.4003762e+02      
2.2131551e+01 2.3818315e+02      
2.2706122e+01 2.3645959e+02      
2.3880735e+01 2.3490840e+02      
2.5606573e+01 2.3353812e+02      
2.7798422e+01 2.3230857e+02      
3.0347652e+01 2.3114505e+02      
3.3162921e+01 2.2998699e+02      
3.6204835e+01 2.2882585e+02      
3.9497223e+01 2.2771598e+02      
4.3115912e+01 2.2676608e+02      
4.7148264e+01 2.2610335e+02      
5.1627979e+01 2.2582152e+02      
5.6459514e+01 2.2594747e+02      
6.1302400e+01 2.2639917e+02      
6.5357256e+01 2.2683196e+02      
6.6566040e+01 2.2591092e+02      
6.7020999e+01 2.2489781e+02      
6.7559663e+01 2.2404927e+02      
5.0635831e+01 2.3279965e+02      
5.0100648e+01 2.3083192e+02      
5.0225765e+01 2.2894096e+02      
5.1016524e+01 2.2720653e+02      
5.2466249e+01 2.2569952e+02      
5.4536215e+01 2.2445071e+02      
5.7109104e+01 2.2338526e+02      
5.9989913e+01 2.2232373e+02      
6.3021292e+01 2.2112982e+02      
6.6149647e+01 2.1977578e+02      
6.9435718e+01 2.1834059e+02      
7.3055066e+01 2.1701667e+02      
7.7242210e+01 2.1605503e+02      
8.2179984e+01 2.1563428e+02      
8.7863000e+01 2.1582247e+02      
9.3729026e+01 2.1648093e+02      
9.7435322e+01 2.1650589e+02      
9.8513178e+01 2.1561333e+02      
9.7471606e+01 2.1401618e+02      
9.6717948e+01 2.1267658e+02      
7.6969882e+01 2.1995906e+02      
7.6571359e+01 2.1790469e+02      
7.6861241e+01 2.1592614e+02      
7.7859712e+01 2.1413316e+02      
7.9591483e+01 2.1265105e+02      
8.2082478e+01 2.1160822e+02      
8.5223079e+01 2.1094646e+02      
8.8553567e+01 2.1014335e+02      
9.1807660e+01 2.0895839e+02      
9.4913234e+01 2.0735652e+02      
9.7961577e+01 2.0542424e+02      
1.0125817e+02 2.0345733e+02      
1.0535735e+02 2.0204320e+02      
1.1055064e+02 2.0139124e+02      
1.1704071e+02 2.0156483e+02      
1.2260605e+02 2.0175166e+02      
1.2596042e+02 2.0150883e+02      
1.2673230e+02 2.0065929e+02      
1.2541900e+02 1.9926195e+02      
1.2335237e+02 1.9762645e+02      
1.0142177e+02 2.0366644e+02      
1.0114608e+02 2.0146300e+02      
1.0157692e+02 1.9931890e+02      
1.0274356e+02 1.9737043e+02      
1.0469608e+02 1.9579655e+02      
1.0756661e+02 1.9488426e+02      
1.1153034e+02 1.9495588e+02      
1.1545726e+02 1.9456773e+02      
1.1894921e+02 1.9344824e+02      
1.2188289e+02 1.9154609e+02      
1.2440420e+02 1.8895361e+02      
1.2694412e+02 1.8599008e+02      
1.3077860e+02 1.8409825e+02      
1.3568622e+02 1.8307192e+02      
1.4130858e+02 1.8270160e+02      
1.4693464e+02 1.8265794e+02      
1.5002254e+02 1.8231799e+02      
1.5014332e+02 1.8154977e+02      
1.4804621e+02 1.8031306e+02      
1.4638549e+02 1.7902479e+02      
1.2359278e+02 1.8421058e+02      
1.2341908e+02 1.8178487e+02      
1.2395727e+02 1.7937521e+02      
1.2523086e+02 1.7713002e+02      
1.2727234e+02 1.7524094e+02      
1.3014856e+02 1.7394294e+02      
1.3391799e+02 1.7338917e+02      
1.3840161e+02 1.7334218e+02      
1.4209934e+02 1.7234269e+02      
1.4465718e+02 1.7016430e+02      
1.4647380e+02 1.6703598e+02      
1.4919638e+02 1.6437461e+02      
1.5308814e+02 1.6243513e+02      
1.5787056e+02 1.6115477e+02      
1.6269442e+02 1.6042412e+02      
1.6693355e+02 1.6004546e+02      
1.6969822e+02 1.5972614e+02      
1.6876838e+02 1.5917305e+02      
1.6719370e+02 1.5838393e+02      
1.6599889e+02 1.5745043e+02      
1.4312737e+02 1.6194798e+02      
1.4303223e+02 1.5922549e+02      
1.4364751e+02 1.5644201e+02      
1.4498047e+02 1.5374545e+02      
1.4701566e+02 1.5133067e+02      
1.4972579e+02 1.4940432e+02      
1.5308353e+02 1.4809080e+02      
1.5699577e+02 1.4729793e+02      
1.6090820e+02 1.4646391e+02      
1.6283193e+02 1.4408454e+02      
1.6490174e+02 1.4155064e+02      
1.6783449e+02 1.3934912e+02      
1.7191755e+02 1.3756727e+02      
1.7716846e+02 1.3616940e+02      
1.8149976e+02 1.3528946e+02      
1.8458568e+02 1.3481631e+02      
1.8582126e+02 1.3459288e+02      
1.8449935e+02 1.3445908e+02      
1.8318523e+02 1.3407735e+02      
1.8230800e+02 1.3345947e+02      
1.5971657e+02 1.3730064e+02      
1.5967507e+02 1.3421901e+02      
1.6034907e+02 1.3096050e+02      
1.6173781e+02 1.2765607e+02      
1.6376541e+02 1.2452962e+02      
1.6629058e+02 1.2186444e+02      
1.6920628e+02 1.1983919e+02      
1.7248836e+02 1.1846332e+02      
1.7594913e+02 1.1742846e+02      
1.7765738e+02 1.1539382e+02      
1.7979156e+02 1.1341753e+02      
1.8270321e+02 1.1168109e+02      
1.8655772e+02 1.1018044e+02      
1.9135575e+02 1.0887027e+02      
1.9506200e+02 1.0807228e+02      
1.9740815e+02 1.0771295e+02      
1.9807052e+02 1.0770006e+02      
1.9686853e+02 1.0792991e+02      
1.9586499e+02 1.0788249e+02      
1.9523993e+02 1.0754659e+02      
1.7310001e+02 1.1074830e+02      
1.7307813e+02 1.0727612e+02      
1.7379255e+02 1.0347310e+02      
1.7528606e+02 9.9391935e+01      
1.7744568e+02 9.5275968e+01      
1.7984980e+02 9.1730572e+01      
1.8232578e+02 8.9025758e+01      
1.8477964e+02 8.7213276e+01      
1.8701917e+02 8.6008875e+01      
1.8893221e+02 8.4653988e+01      
1.9109421e+02 8.3255270e+01      
1.9377854e+02 8.1992280e+01      
1.9700385e+02 8.0905445e+01      
2.0048029e+02 8.0033250e+01      
2.0340028e+02 7.9508727e+01      
2.0529380e+02 7.9393873e+01      
2.0596195e+02 7.9645638e+01      
2.0563799e+02 8.0039679e+01      
2.0510443e+02 8.0263416e+01      
2.0471756e+02 8.0195389e+01      
1.8307189e+02 8.2811579e+01      
1.8301301e+02 7.8969761e+01      
1.8370230e+02 7.4644552e+01      
1.8528955e+02 6.9726413e+01      
1.8785719e+02 6.4205407e+01      
1.9017819e+02 5.9686278e+01      
1.9226272e+02 5.6290630e+01      
1.9401469e+02 5.4169545e+01      
1.9520973e+02 5.3448378e+01      
1.9682459e+02 5.2555031e+01      
1.9883737e+02 5.1624887e+01      
2.0122419e+02 5.0828403e+01      
2.0391248e+02 5.0174724e+01      
2.0666527e+02 4.9670107e+01      
2.0909060e+02 4.9393314e+01      
2.1074543e+02 4.9538584e+01      
2.1128948e+02 5.0288105e+01      
2.1120495e+02 5.1111789e+01      
2.1093497e+02 5.1678331e+01      
2.1071055e+02 5.1893381e+01      
1.8949434e+02 5.4023309e+01      
1.8931956e+02 4.9886559e+01      
1.8984487e+02 4.5192150e+01      
1.9120624e+02 3.9807840e+01      
1.9344780e+02 3.3683263e+01      
1.9547625e+02 2.8494296e+01      
1.9727564e+02 2.4363730e+01      
1.9876248e+02 2.1569696e+01      
1.9979256e+02 2.0489141e+01      
2.0124078e+02 1.9605863e+01      
2.0305574e+02 1.9019245e+01      
2.0516243e+02 1.8721830e+01      
2.0750098e+02 1.8517666e+01      
2.0992260e+02 1.8306745e+01      
2.1219756e+02 1.8141317e+01      
2.1389228e+02 1.8406501e+01      
2.1383187e+02 2.0178713e+01      
2.1358890e+02 2.1662485e+01      
2.1336919e+02 2.2637974e+01      
2.1321268e+02 2.3146040e+01      
1.9231066e+02 2.4898673e+01      
1.9194529e+02 2.0558830e+01      
1.9217768e+02 1.5672673e+01      
1.9304368e+02 1.0246507e+01      
1.9444072e+02 4.4764574e+00      
1.9601507e+02 -1.0513817e+00      
1.9764175e+02 -6.0645114e+00      
1.9923578e+02 -1.0191717e+01      
2.0065865e+02 -1.2760664e+01      
2.0214409e+02 -1.4027539e+01      
2.0378019e+02 -1.4216801e+01      
2.0560509e+02 -1.3736134e+01      
2.0772790e+02 -1.3420327e+01      
2.0996353e+02 -1.3303176e+01      
2.1221139e+02 -1.3414587e+01      
2.1330758e+02 -1.2282915e+01      
2.1295196e+02 -9.6751245e+00      
2.1259494e+02 -7.6307256e+00      
2.1236962e+02 -6.2948617e+00      
2.1223124e+02 -5.5282564e+00      
1.9154495e+02 -4.0765288e+00      
1.9094263e+02 -8.5498036e+00      
1.9083148e+02 -1.3542250e+01      
1.9121014e+02 -1.8989852e+01      
1.9201811e+02 -2.4750197e+01      
1.9315927e+02 -3.0644216e+01      
1.9462316e+02 -3.6659649e+01      
1.9645093e+02 -4.2689971e+01      
1.9803029e+02 -4.6432826e+01      
1.9951545e+02 -4.7973125e+01      
2.0096871e+02 -4.7528732e+01      
2.0238018e+02 -4.5491718e+01      
2.0442759e+02 -4.4647991e+01      
2.0635347e+02 -4.3885947e+01      
2.0797755e+02 -4.3056936e+01      
2.0878156e+02 -4.1439953e+01      
2.0844904e+02 -3.8441441e+01      
2.0813241e+02 -3.6117881e+01      
2.0793609e+02 -3.4570494e+01      
2.0780970e+02 -3.3625407e+01      
1.8728929e+02 -3.2438289e+01      
1.8643074e+02 -3.7000979e+01      
1.8597253e+02 -4.2075290e+01      
1.8591669e+02 -4.7598451e+01      
1.8624964e+02 -5.3487029e+01      
1.8696182e+02 -5.9690558e+01      
1.8808779e+02 -6.6320307e+01      
1.8963075e+02 -7.3216066e+01      
1.9109450e+02 -7.7473658e+01      
1.9251220e+02 -7.9010807e+01      
1.9388421e+02 -7.7995205e+01      
1.9517096e+02 -7.4820363e+01      
1.9673813e+02 -7.2572256e+01      
1.9828105e+02 -7.0974254e+01      
1.9958665e+02 -6.9640276e+01      
2.0049036e+02 -6.8326208e+01      
2.0042735e+02 -6.5533466e+01      
2.0027648e+02 -6.3288604e+01      
2.0015488e+02 -6.1712304e+01      
2.0004974e+02 -6.0684817e+01      
1.7969172e+02 -5.9735842e+01      
1.7857291e+02 -6.4353546e+01      
1.7777210e+02 -6.9491310e+01      
1.7729923e+02 -7.5093874e+01      
1.7716930e+02 -8.1090538e+01      
1.7741283e+02 -8.7425902e+01      
1.7807303e+02 -9.4151478e+01      
1.7912972e+02 -1.0103982e+02      
1.8036712e+02 -1.0514895e+02      
1.8170874e+02 -1.0643736e+02      
1.8308860e+02 -1.0505949e+02      
1.8444281e+02 -1.0134267e+02      
1.8581332e+02 -9.8422285e+01      
1.8709734e+02 -9.6281428e+01      
1.8817171e+02 -9.4514813e+01      
1.8890557e+02 -9.2777691e+01      
1.8918225e+02 -9.0713604e+01      
1.8923321e+02 -8.8817244e+01      
1.8919800e+02 -8.7339839e+01      
1.8911557e+02 -8.6303447e+01      
1.6895081e+02 -8.5532419e+01      
1.6757725e+02 -9.0167913e+01      
1.6643780e+02 -9.5342988e+01      
1.6554258e+02 -1.0101144e+02      
1.6492208e+02 -1.0708972e+02      
1.6464190e+02 -1.1344167e+02      
1.6480531e+02 -1.1983859e+02      
1.6547749e+02 -1.2573576e+02      
1.6657931e+02 -1.2898396e+02      
1.6789782e+02 -1.2980078e+02      
1.6930784e+02 -1.2835739e+02      
1.7075132e+02 -1.2486912e+02      
1.7204432e+02 -1.2199241e+02      
1.7317305e+02 -1.1972070e+02      
1.7409181e+02 -1.1776824e+02      
1.7474454e+02 -1.1593699e+02      
1.7511752e+02 -1.1414556e+02      
1.7527666e+02 -1.1250428e+02      
1.7529758e+02 -1.1114515e+02      
1.7522474e+02 -1.1013019e+02      
1.5531314e+02 -1.0941255e+02      
1.5370210e+02 -1.1401707e+02      
1.5223478e+02 -1.1919068e+02      
1.5090413e+02 -1.2491569e+02      
1.4973639e+02 -1.3111651e+02      
1.4884278e+02 -1.3755623e+02      
1.4847410e+02 -1.4358814e+02      
1.4915857e+02 -1.4707619e+02      
1.5036324e+02 -1.4879349e+02      
1.5176303e+02 -1.4892382e+02      
1.5317830e+02 -1.4765819e+02      
1.5452104e+02 -1.4540209e+02      
1.5571186e+02 -1.4306808e+02      
1.5672228e+02 -1.4096156e+02      
1.5753260e+02 -1.3905219e+02      
1.5812418e+02 -1.3727764e+02      
1.5849833e+02 -1.3561876e+02      
1.5868368e+02 -1.3411919e+02      
1.5871896e+02 -1.3284594e+02      
1.5863547e+02 -1.3185072e+02      
1.3906837e+02 -1.3099327e+02      
1.3725603e+02 -1.3549678e+02      
1.3549640e+02 -1.4059731e+02      
1.3373247e+02 -1.4635237e+02      
1.3194985e+02 -1.5274872e+02      
1.3035396e+02 -1.5937890e+02      
1.2971724e+02 -1.6435064e+02      
1.3020561e+02 -1.6696810e+02      
1.3168922e+02 -1.6718156e+02      
1.3329974e+02 -1.6649028e+02      
1.3475657e+02 -1.6520459e+02      
1.3601915e+02 -1.6349818e+02      
1.3709856e+02 -1.6162640e+02      
1.3799589e+02 -1.5977729e+02      
1.3870728e+02 -1.5801367e+02      
1.3922914e+02 -1.5634806e+02      
1.3956588e+02 -1.5479467e+02      
1.3973265e+02 -1.5338660e+02      
1.3975025e+02 -1.5216775e+02      
1.3963788e+02 -1.5117874e+02      
1.2053873e+02 -1.4994050e+02      
1.1858512e+02 -1.5424713e+02      
1.1662070e+02 -1.5913351e+02      
1.1452607e+02 -1.6474314e+02      
1.1214122e+02 -1.7125709e+02      
1.1025495e+02 -1.7711822e+02      
1.0938142e+02 -1.8133426e+02      
1.0970987e+02 -1.8341367e+02      
1.1107882e+02 -1.8339552e+02      
1.1295004e+02 -1.8196771e+02      
1.1439804e+02 -1.8060407e+02      
1.1555054e+02 -1.7915286e+02      
1.1650083e+02 -1.7758675e+02      
1.1727559e+02 -1.7597737e+02      
1.1788196e+02 -1.7438318e+02      
1.1832206e+02 -1.7284139e+02      
1.1859984e+02 -1.7138300e+02      
1.1872330e+02 -1.7004207e+02      
1.1870317e+02 -1.6885540e+02      
1.1854984e+02 -1.6785775e+02      
1.0006389e+02 -1.6598841e+02      
9.8042917e+01 -1.6999563e+02      
9.6003176e+01 -1.7448323e+02      
9.3878304e+01 -1.7948300e+02      
9.1613496e+01 -1.8493692e+02      
8.9345566e+01 -1.9038570e+02      
8.8203839e+01 -1.9413385e+02      
8.8485002e+01 -1.9572106e+02      
8.9925165e+01 -1.9530644e+02      
9.1327276e+01 -1.9438304e+02      
9.2495906e+01 -1.9330358e+02      
9.3450626e+01 -1.9210261e+02      
9.4235639e+01 -1.9078100e+02      
9.4870491e+01 -1.8937931e+02      
9.5361228e+01 -1.8794573e+02      
9.5709109e+01 -1.8652277e+02      
9.5915203e+01 -1.8514818e+02      
9.5982148e+01 -1.8385793e+02      
9.5913853e+01 -1.8268687e+02      
9.5714150e+01 -1.8166716e+02      
7.7989540e+01 -1.7894911e+02      
7.5965461e+01 -1.8258485e+02      
7.3948995e+01 -1.8656673e+02      
7.1930588e+01 -1.9083337e+02      
6.9922901e+01 -1.9524438e+02      
6.8025024e+01 -1.9948523e+02      
6.6592768e+01 -2.0291749e+02      
6.6910108e+01 -2.0406037e+02      
6.7690712e+01 -2.0419246e+02      
6.8545960e+01 -2.0379506e+02      
6.9342075e+01 -2.0308175e+02      
7.0039671e+01 -2.0214600e+02      
7.0629938e+01 -2.0104269e+02      
7.1110205e+01 -1.9982098e+02      
7.1477039e+01 -1.9852874e+02      
7.1726410e+01 -1.9721009e+02      
7.1854862e+01 -1.9590516e+02      
7.1860076e+01 -1.9465092e+02      
7.1740623e+01 -1.9348156e+02      
7.1495188e+01 -1.9242799e+02      
