2.7684348e+01 2.3984433e+02      
2.6605368e+01 2.3859011e+02      
2.5955044e+01 2.3740127e+02      
2.5639652e+01 2.3634196e+02      
2.5473020e+01 2.3546585e+02      
2.5095047e+01 2.3477038e+02      
2.4089331e+01 2.3419292e+02      
2.2918966e+01 2.3386627e+02      
2.1989981e+01 2.3386520e+02      
2.1535818e+01 2.3421121e+02      
2.1684782e+01 2.3491053e+02      
2.2348867e+01 2.3587793e+02      
2.3104980e+01 2.3684411e+02      
2.3795093e+01 2.3771368e+02      
2.4411632e+01 2.3847416e+02      
2.5108584e+01 2.3919143e+02      
2.6335646e+01 2.4009399e+02      
2.8244636e+01 2.4121135e+02      
3.0831425e+01 2.4247220e+02      
3.4078415e+01 2.4379590e+02      
5.6293461e+01 2.3003347e+02      
5.5519973e+01 2.2862319e+02      
5.5295975e+01 2.2725531e+02      
5.5559475e+01 2.2602002e+02      
5.6087747e+01 2.2500999e+02      
5.6315568e+01 2.2424945e+02      
5.4646059e+01 2.2335912e+02      
5.2740282e+01 2.2279751e+02      
5.1223485e+01 2.2262628e+02      
5.0402234e+01 2.2285444e+02      
5.0496814e+01 2.2354008e+02      
5.1582594e+01 2.2472417e+02      
5.2366238e+01 2.2563849e+02      
5.2828864e+01 2.2631065e+02      
5.2937004e+01 2.2673857e+02      
5.2657344e+01 2.2688005e+02      
5.3286664e+01 2.2746826e+02      
5.4778606e+01 2.2839422e+02      
5.7012544e+01 2.2950658e+02      
5.9938655e+01 2.3069573e+02      
8.3467296e+01 2.1662611e+02      
8.2999391e+01 2.1500582e+02      
8.3256242e+01 2.1339023e+02      
8.4257850e+01 2.1189495e+02      
8.5643415e+01 2.1065317e+02      
8.5700589e+01 2.0955019e+02      
8.4105100e+01 2.0857202e+02      
8.1264904e+01 2.0781395e+02      
7.8943129e+01 2.0748127e+02      
7.7579748e+01 2.0754496e+02      
7.7317389e+01 2.0803217e+02      
7.8152556e+01 2.0894949e+02      
7.8720165e+01 2.0963149e+02      
7.8974237e+01 2.1009362e+02      
7.8844179e+01 2.1035687e+02      
7.8266291e+01 2.1042438e+02      
7.8567675e+01 2.1093222e+02      
7.9716559e+01 2.1178949e+02      
8.1605610e+01 2.1284211e+02      
8.4191980e+01 2.1397117e+02      
1.0869809e+02 1.9988354e+02      
1.0844799e+02 1.9799240e+02      
1.0906193e+02 1.9604357e+02      
1.1076858e+02 1.9415011e+02      
1.1203020e+02 1.9241896e+02      
1.1198229e+02 1.9096461e+02      
1.1037096e+02 1.8985672e+02      
1.0752756e+02 1.8910520e+02      
1.0437628e+02 1.8867794e+02      
1.0246874e+02 1.8855482e+02      
1.0162361e+02 1.8870194e+02      
1.0153629e+02 1.8902829e+02      
1.0167339e+02 1.8931988e+02      
1.0178414e+02 1.8953737e+02      
1.0172943e+02 1.8975120e+02      
1.0156278e+02 1.9008918e+02      
1.0179417e+02 1.9072973e+02      
1.0266521e+02 1.9165017e+02      
1.0421634e+02 1.9274253e+02      
1.0644761e+02 1.9389522e+02      
1.3154997e+02 1.8013635e+02      
1.3137159e+02 1.7791414e+02      
1.3190637e+02 1.7554657e+02      
1.3312228e+02 1.7315262e+02      
1.3458165e+02 1.7086336e+02      
1.3457895e+02 1.6901900e+02      
1.3279443e+02 1.6777936e+02      
1.2962000e+02 1.6705936e+02      
1.2677612e+02 1.6659224e+02      
1.2471535e+02 1.6631535e+02      
1.2346268e+02 1.6616129e+02      
1.2286390e+02 1.6605777e+02      
1.2270702e+02 1.6594507e+02      
1.2281794e+02 1.6583745e+02      
1.2293772e+02 1.6589673e+02      
1.2274149e+02 1.6638827e+02      
1.2275418e+02 1.6722942e+02      
1.2330977e+02 1.6831309e+02      
1.2450101e+02 1.6954029e+02      
1.2635572e+02 1.7080250e+02      
1.5168913e+02 1.5778363e+02      
1.5150625e+02 1.5517793e+02      
1.5188439e+02 1.5230053e+02      
1.5266467e+02 1.4932841e+02      
1.5345600e+02 1.4654293e+02      
1.5358349e+02 1.4423312e+02      
1.5154140e+02 1.4291095e+02      
1.4887798e+02 1.4213411e+02      
1.4628778e+02 1.4168029e+02      
1.4417032e+02 1.4132752e+02      
1.4268404e+02 1.4094459e+02      
1.4182609e+02 1.4048920e+02      
1.4153674e+02 1.3996405e+02      
1.4179638e+02 1.3941010e+02      
1.4240997e+02 1.3903772e+02      
1.4163989e+02 1.3974189e+02      
1.4120810e+02 1.4084170e+02      
1.4136429e+02 1.4217336e+02      
1.4215332e+02 1.4362661e+02      
1.4360550e+02 1.4508349e+02      
1.6885093e+02 1.3329124e+02      
1.6866548e+02 1.3027897e+02      
1.6902163e+02 1.2677006e+02      
1.6972107e+02 1.2295034e+02      
1.7014172e+02 1.1950253e+02      
1.6974051e+02 1.1687732e+02      
1.6808861e+02 1.1530998e+02      
1.6564650e+02 1.1463160e+02      
1.6297589e+02 1.1445384e+02      
1.6069196e+02 1.1415227e+02      
1.5901645e+02 1.1358008e+02      
1.5798700e+02 1.1277879e+02      
1.5761108e+02 1.1180501e+02      
1.5790516e+02 1.1074333e+02      
1.5858088e+02 1.0990257e+02      
1.5771038e+02 1.1059663e+02      
1.5686127e+02 1.1198622e+02      
1.5654925e+02 1.1366758e+02      
1.5689402e+02 1.1544321e+02      
1.5792265e+02 1.1717828e+02      
1.8280111e+02 1.0717734e+02      
1.8260419e+02 1.0382814e+02      
1.8301403e+02 9.9713758e+01      
1.8409311e+02 9.4638364e+01      
1.8454525e+02 9.0248278e+01      
1.8401258e+02 8.7125009e+01      
1.8236824e+02 8.5489916e+01      
1.7976395e+02 8.5190945e+01      
1.7658234e+02 8.5704551e+01      
1.7405298e+02 8.5453212e+01      
1.7218955e+02 8.4650497e+01      
1.7100152e+02 8.3465406e+01      
1.7053998e+02 8.1970671e+01      
1.7078633e+02 8.0317813e+01      
1.7134799e+02 7.9010001e+01      
1.7078309e+02 7.9331320e+01      
1.6943979e+02 8.1117031e+01      
1.6859822e+02 8.3278102e+01      
1.6846884e+02 8.5482168e+01      
1.6907016e+02 8.7571610e+01      
1.9334744e+02 7.9962088e+01      
1.9308364e+02 7.6448177e+01      
1.9332115e+02 7.2205201e+01      
1.9397832e+02 6.7200369e+01      
1.9464891e+02 6.1789637e+01      
1.9420280e+02 5.8030754e+01      
1.9246456e+02 5.6440363e+01      
1.8959562e+02 5.6593700e+01      
1.8663950e+02 5.6521665e+01      
1.8403051e+02 5.5901463e+01      
1.8197348e+02 5.4753925e+01      
1.8058844e+02 5.3145250e+01      
1.8000195e+02 5.1084854e+01      
1.8026132e+02 4.8656540e+01      
1.8025456e+02 4.7322724e+01      
1.7965417e+02 4.7414615e+01      
1.7854098e+02 4.8908719e+01      
1.7723318e+02 5.1579910e+01      
1.7664933e+02 5.4292687e+01      
1.7685371e+02 5.6786744e+01      
2.0036759e+02 5.2114833e+01      
2.0000808e+02 4.8581912e+01      
2.0006467e+02 4.4413022e+01      
2.0043956e+02 3.9647219e+01      
2.0081828e+02 3.4523240e+01      
2.0057933e+02 2.9950216e+01      
1.9879093e+02 2.8544679e+01      
1.9621433e+02 2.7852596e+01      
1.9333221e+02 2.7080363e+01      
1.9054659e+02 2.5985982e+01      
1.8821175e+02 2.4446434e+01      
1.8654528e+02 2.2409943e+01      
1.8563272e+02 1.9944377e+01      
1.8535524e+02 1.7411923e+01      
1.8486828e+02 1.6082999e+01      
1.8411975e+02 1.5981343e+01      
1.8315963e+02 1.7103586e+01      
1.8211360e+02 1.9379032e+01      
1.8122087e+02 2.2529014e+01      
1.8113786e+02 2.5363435e+01      
2.0380030e+02 2.4061928e+01      
2.0334504e+02 2.0590651e+01      
2.0329802e+02 1.6537954e+01      
2.0365314e+02 1.1940942e+01      
2.0417540e+02 6.9298266e+00      
2.0406872e+02 2.1407251e+00      
2.0251520e+02 2.4600114e-01      
2.0001378e+02 -1.1583812e+00      
1.9687901e+02 -2.4611478e+00      
1.9357140e+02 -3.8805574e+00      
1.9079439e+02 -5.7451661e+00      
1.8877059e+02 -8.1662525e+00      
1.8748492e+02 -1.1062725e+01      
1.8629220e+02 -1.2802571e+01      
1.8532143e+02 -1.4022782e+01      
1.8440368e+02 -1.4354897e+01      
1.8350120e+02 -1.3614092e+01      
1.8266876e+02 -1.1803569e+01      
1.8205542e+02 -9.1708350e+00      
1.8190318e+02 -6.2460150e+00      
2.0363030e+02 -3.7837309e+00      
2.0306030e+02 -7.1413275e+00      
2.0290300e+02 -1.1043872e+01      
2.0331592e+02 -1.5496634e+01      
2.0448292e+02 -2.0466214e+01      
2.0468487e+02 -2.4924035e+01      
2.0343877e+02 -2.7978697e+01      
2.0081831e+02 -3.0076111e+01      
1.9711559e+02 -3.1672853e+01      
1.9284678e+02 -3.3164598e+01      
1.8961122e+02 -3.5311108e+01      
1.8720763e+02 -3.7957749e+01      
1.8538692e+02 -4.0717636e+01      
1.8387532e+02 -4.2927086e+01      
1.8262269e+02 -4.4480757e+01      
1.8157320e+02 -4.5193388e+01      
1.8068463e+02 -4.4853152e+01      
1.7995979e+02 -4.3361590e+01      
1.7948152e+02 -4.0905321e+01      
1.7931107e+02 -3.7808151e+01      
1.9989874e+02 -3.1015978e+01      
1.9916715e+02 -3.4217503e+01      
1.9878714e+02 -3.7916348e+01      
1.9884700e+02 -4.2088022e+01      
1.9936431e+02 -4.6656976e+01      
1.9997903e+02 -5.1337992e+01      
1.9896562e+02 -5.4994860e+01      
1.9609872e+02 -5.7439538e+01      
1.9182047e+02 -5.9113852e+01      
1.8788613e+02 -6.1186044e+01      
1.8464733e+02 -6.3818638e+01      
1.8206523e+02 -6.6901514e+01      
1.7998760e+02 -7.0101007e+01      
1.7826928e+02 -7.2940422e+01      
1.7684632e+02 -7.5087710e+01      
1.7571929e+02 -7.6377174e+01      
1.7486925e+02 -7.6593360e+01      
1.7417371e+02 -7.5248396e+01      
1.7368589e+02 -7.2509230e+01      
1.7353940e+02 -6.9007862e+01      
1.9271902e+02 -5.7242109e+01      
1.9178385e+02 -6.0256820e+01      
1.9109813e+02 -6.3716007e+01      
1.9067658e+02 -6.7574527e+01      
1.9048096e+02 -7.1761089e+01      
1.9032250e+02 -7.6139223e+01      
1.8955030e+02 -8.0261972e+01      
1.8634675e+02 -8.2673937e+01      
1.8264768e+02 -8.4957517e+01      
1.7916238e+02 -8.7630171e+01      
1.7610876e+02 -9.0837442e+01      
1.7354048e+02 -9.4628190e+01      
1.7140897e+02 -9.8785936e+01      
1.6956271e+02 -1.0251726e+02      
1.6798598e+02 -1.0538012e+02      
1.6676774e+02 -1.0728675e+02      
1.6602286e+02 -1.0832565e+02      
1.6528236e+02 -1.0687182e+02      
1.6457538e+02 -1.0316886e+02      
1.6380101e+02 -9.7546320e+01      
1.8227496e+02 -8.2088358e+01      
1.8112172e+02 -8.4899208e+01      
1.8011955e+02 -8.8106798e+01      
1.7925202e+02 -9.1660473e+01      
1.7846372e+02 -9.5496908e+01      
1.7766909e+02 -9.9570130e+01      
1.7657432e+02 -1.0368376e+02      
1.7354164e+02 -1.0628481e+02      
1.7028573e+02 -1.0901520e+02      
1.6715939e+02 -1.1214936e+02      
1.6429354e+02 -1.1582154e+02      
1.6180102e+02 -1.2029931e+02      
1.5976043e+02 -1.2589818e+02      
1.5780986e+02 -1.3079172e+02      
1.5603482e+02 -1.3444787e+02      
1.5456388e+02 -1.3662186e+02      
1.5344801e+02 -1.3701801e+02      
1.5254736e+02 -1.3500087e+02      
1.5174517e+02 -1.3041765e+02      
1.5093734e+02 -1.2368425e+02      
1.6880576e+02 -1.0520280e+02      
1.6744516e+02 -1.0780308e+02      
1.6615545e+02 -1.1075848e+02      
1.6490902e+02 -1.1401639e+02      
1.6364677e+02 -1.1751117e+02      
1.6226319e+02 -1.2115528e+02      
1.6049174e+02 -1.2471729e+02      
1.5796848e+02 -1.2785257e+02      
1.5511519e+02 -1.3097124e+02      
1.5224879e+02 -1.3437338e+02      
1.4951675e+02 -1.3823548e+02      
1.4701394e+02 -1.4276533e+02      
1.4476407e+02 -1.4812434e+02      
1.4267782e+02 -1.5408843e+02      
1.4067303e+02 -1.5860680e+02      
1.3892184e+02 -1.6113685e+02      
1.3753876e+02 -1.6130308e+02      
1.3653412e+02 -1.5876290e+02      
1.3581287e+02 -1.5352803e+02      
1.3522817e+02 -1.4651186e+02      
1.5259184e+02 -1.2625879e+02      
1.5105002e+02 -1.2864841e+02      
1.4951892e+02 -1.3135715e+02      
1.4797061e+02 -1.3433298e+02      
1.4635246e+02 -1.3751052e+02      
1.4457777e+02 -1.4080225e+02      
1.4252358e+02 -1.4409061e+02      
1.4012449e+02 -1.4731116e+02      
1.3749250e+02 -1.5056874e+02      
1.3479223e+02 -1.5402342e+02      
1.3214307e+02 -1.5781069e+02      
1.2961511e+02 -1.6204503e+02      
1.2722434e+02 -1.6679794e+02      
1.2492510e+02 -1.7201027e+02      
1.2264727e+02 -1.7727571e+02      
1.2059912e+02 -1.8039637e+02      
1.1899603e+02 -1.8075650e+02      
1.1796120e+02 -1.7792401e+02      
1.1745540e+02 -1.7189232e+02      
1.1708897e+02 -1.6560642e+02      
1.3394559e+02 -1.4495944e+02      
1.3225574e+02 -1.4714214e+02      
1.3053424e+02 -1.4961290e+02      
1.2875956e+02 -1.5232364e+02      
1.2689502e+02 -1.5521762e+02      
1.2489039e+02 -1.5823054e+02      
1.2269639e+02 -1.6130199e+02      
1.2030152e+02 -1.6440823e+02      
1.1775712e+02 -1.6758607e+02      
1.1514828e+02 -1.7090715e+02      
1.1255286e+02 -1.7444132e+02      
1.1002184e+02 -1.7823499e+02      
1.0757130e+02 -1.8228938e+02      
1.0518011e+02 -1.8653744e+02      
1.0280139e+02 -1.9078355e+02      
1.0042689e+02 -1.9449926e+02      
9.8555592e+01 -1.9541014e+02      
9.7462457e+01 -1.9286222e+02      
9.7170665e+01 -1.8700787e+02      
9.6953870e+01 -1.8125172e+02      
1.1320563e+02 -1.6104234e+02      
1.1140217e+02 -1.6302349e+02      
1.0953855e+02 -1.6526510e+02      
1.0760218e+02 -1.6772452e+02      
1.0557261e+02 -1.7035463e+02      
1.0342586e+02 -1.7310764e+02      
1.0114475e+02 -1.7594366e+02      
9.8733463e+01 -1.7884324e+02      
9.6224289e+01 -1.8181300e+02      
9.3667762e+01 -1.8487557e+02      
9.1115014e+01 -1.8805096e+02      
8.8604384e+01 -1.9133809e+02      
8.6154733e+01 -1.9469707e+02      
8.3764741e+01 -1.9803162e+02      
8.1417690e+01 -2.0117583e+02      
7.9103165e+01 -2.0384059e+02      
7.6906011e+01 -2.0541855e+02      
7.5624021e+01 -2.0365126e+02      
7.5412075e+01 -1.9853755e+02      
7.5238458e+01 -1.9343493e+02      
9.0732678e+01 -1.7428430e+02      
8.8847804e+01 -1.7606955e+02      
8.6884145e+01 -1.7808936e+02      
8.4837700e+01 -1.8030611e+02      
8.2700776e+01 -1.8267990e+02      
8.0465730e+01 -1.8517173e+02      
7.8130944e+01 -1.8774829e+02      
7.5707027e+01 -1.9038677e+02      
7.3218987e+01 -1.9307557e+02      
7.0701917e+01 -1.9580833e+02      
6.8192839e+01 -1.9857290e+02      
6.5723308e+01 -2.0133844e+02      
6.3315438e+01 -2.0404227e+02      
6.0982317e+01 -2.0657747e+02      
5.8733362e+01 -2.0878139e+02      
5.6584724e+01 -2.1042675e+02      
5.4593754e+01 -2.1116986e+02      
5.2982135e+01 -2.1035776e+02      
5.2618786e+01 -2.0635623e+02      
5.2333358e+01 -2.0210999e+02      
