1.9825899e+01 2.3234100e+02      
1.9266203e+01 2.3002486e+02      
1.9220855e+01 2.2780807e+02      
1.9647669e+01 2.2577012e+02      
2.0491020e+01 2.2400037e+02      
2.1677198e+01 2.2259828e+02      
2.3039454e+01 2.2168861e+02      
2.4117324e+01 2.2142009e+02      
2.3491818e+01 2.2185633e+02      
2.3495385e+01 2.2270504e+02      
2.4404652e+01 2.2387046e+02      
2.6195815e+01 2.2533149e+02      
2.8877901e+01 2.2708304e+02      
3.2466281e+01 2.2912627e+02      
3.6950862e+01 2.3145724e+02      
4.2216802e+01 2.3404000e+02      
4.7887720e+01 2.3673529e+02      
5.3049352e+01 2.3909349e+02      
5.5294868e+01 2.3945788e+02      
5.6946618e+01 2.3941541e+02      
4.8693371e+01 2.2229503e+02      
4.8387801e+01 2.1982000e+02      
4.8641641e+01 2.1739185e+02      
4.9405508e+01 2.1509897e+02      
5.0626147e+01 2.1304486e+02      
5.2271651e+01 2.1133631e+02      
5.4055163e+01 2.1017107e+02      
5.4288195e+01 2.0995065e+02      
5.2871420e+01 2.1062559e+02      
5.2290469e+01 2.1161590e+02      
5.2816386e+01 2.1283943e+02      
5.4373688e+01 2.1431536e+02      
5.6963403e+01 2.1606926e+02      
6.0647994e+01 2.1814063e+02      
6.5553895e+01 2.2059355e+02      
7.1703429e+01 2.2346710e+02      
7.8518694e+01 2.2657236e+02      
8.3363821e+01 2.2851615e+02      
8.5616642e+01 2.2895754e+02      
8.5740326e+01 2.2819422e+02      
7.6219469e+01 2.0875732e+02      
7.6180818e+01 2.0610089e+02      
7.6777952e+01 2.0341361e+02      
7.7953950e+01 2.0078305e+02      
7.9466143e+01 1.9841285e+02      
8.1443470e+01 1.9633718e+02      
8.2481188e+01 1.9511835e+02      
8.2035053e+01 1.9495936e+02      
8.0147142e+01 1.9585113e+02      
7.9176765e+01 1.9695259e+02      
7.9376824e+01 1.9819640e+02      
8.0672653e+01 1.9963959e+02      
8.3069241e+01 2.0133100e+02      
8.6659860e+01 2.0333390e+02      
9.1729430e+01 2.0577468e+02      
9.8660015e+01 2.0880367e+02      
1.0512649e+02 2.1141583e+02      
1.0969182e+02 2.1305527e+02      
1.1182093e+02 2.1353009e+02      
1.1189698e+02 2.1298024e+02      
1.0194044e+02 1.9199196e+02      
1.0213834e+02 1.8915696e+02      
1.0302019e+02 1.8622244e+02      
1.0470445e+02 1.8316700e+02      
1.0603993e+02 1.8062080e+02      
1.0716135e+02 1.7856138e+02      
1.0764791e+02 1.7720555e+02      
1.0686954e+02 1.7696873e+02      
1.0483516e+02 1.7792329e+02      
1.0366388e+02 1.7903051e+02      
1.0360280e+02 1.8022358e+02      
1.0461271e+02 1.8156544e+02      
1.0669674e+02 1.8311001e+02      
1.0991008e+02 1.8491108e+02      
1.1437562e+02 1.8702180e+02      
1.2012622e+02 1.8940694e+02      
1.2660726e+02 1.9174483e+02      
1.3105282e+02 1.9320981e+02      
1.3279648e+02 1.9367344e+02      
1.3234618e+02 1.9320749e+02      
1.2544827e+02 1.7230051e+02      
1.2584312e+02 1.6930115e+02      
1.2672406e+02 1.6626861e+02      
1.2779051e+02 1.6336318e+02      
1.2850024e+02 1.6086517e+02      
1.2892369e+02 1.5878990e+02      
1.2926301e+02 1.5706789e+02      
1.2845053e+02 1.5654145e+02      
1.2665955e+02 1.5720578e+02      
1.2542050e+02 1.5818558e+02      
1.2512969e+02 1.5925623e+02      
1.2583793e+02 1.6042151e+02      
1.2752553e+02 1.6174219e+02      
1.3018351e+02 1.6325563e+02      
1.3378803e+02 1.6496198e+02      
1.3822158e+02 1.6678872e+02      
1.4311010e+02 1.6853869e+02      
1.4750533e+02 1.6987576e+02      
1.4873139e+02 1.7036442e+02      
1.4936642e+02 1.7034499e+02      
1.4639703e+02 1.5001115e+02      
1.4705365e+02 1.4680874e+02      
1.4811772e+02 1.4361991e+02      
1.4901298e+02 1.4069897e+02      
1.4882807e+02 1.3833568e+02      
1.4821743e+02 1.3645753e+02      
1.4751369e+02 1.3503998e+02      
1.4654950e+02 1.3424864e+02      
1.4555753e+02 1.3397252e+02      
1.4417636e+02 1.3482099e+02      
1.4368296e+02 1.3567883e+02      
1.4410214e+02 1.3658484e+02      
1.4537169e+02 1.3762252e+02      
1.4744255e+02 1.3881793e+02      
1.5022744e+02 1.4015703e+02      
1.5354922e+02 1.4157207e+02      
1.5707766e+02 1.4292951e+02      
1.6018618e+02 1.4403801e+02      
1.6213446e+02 1.4472214e+02      
1.6358983e+02 1.4503464e+02      
1.6445265e+02 1.2549954e+02      
1.6549383e+02 1.2199756e+02      
1.6709541e+02 1.1847759e+02      
1.6873748e+02 1.1526754e+02      
1.6700870e+02 1.1316651e+02      
1.6514353e+02 1.1158750e+02      
1.6348978e+02 1.1040803e+02      
1.6201370e+02 1.0962147e+02      
1.6073123e+02 1.0926438e+02      
1.5962244e+02 1.0945373e+02      
1.5907544e+02 1.0988620e+02      
1.5924278e+02 1.1045301e+02      
1.6011691e+02 1.1116610e+02      
1.6164648e+02 1.1203573e+02      
1.6373319e+02 1.1305115e+02      
1.6621122e+02 1.1416763e+02      
1.6882838e+02 1.1529913e+02      
1.7126366e+02 1.1632907e+02      
1.7331633e+02 1.1715344e+02      
1.7512465e+02 1.1772329e+02      
1.7925760e+02 9.9217959e+01      
1.8078544e+02 9.5285085e+01      
1.8288578e+02 9.1262273e+01      
1.8448568e+02 8.7710318e+01      
1.8218025e+02 8.5794691e+01      
1.7927834e+02 8.4563771e+01      
1.7672930e+02 8.3631254e+01      
1.7466440e+02 8.2905961e+01      
1.7305268e+02 8.2421384e+01      
1.7188262e+02 8.2212468e+01      
1.7122956e+02 8.2231798e+01      
1.7115795e+02 8.2429615e+01      
1.7167233e+02 8.2794504e+01      
1.7273069e+02 8.3333022e+01      
1.7424800e+02 8.4051757e+01      
1.7609439e+02 8.4939294e+01      
1.7810289e+02 8.5950023e+01      
1.8010626e+02 8.7001619e+01      
1.8201396e+02 8.7992348e+01      
1.8386225e+02 8.8824754e+01      
1.9041970e+02 7.1721397e+01      
1.9250783e+02 6.7230233e+01      
1.9524340e+02 6.2524795e+01      
1.9594809e+02 5.8939830e+01      
1.9403450e+02 5.6776495e+01      
1.9009596e+02 5.5977909e+01      
1.8668251e+02 5.5342582e+01      
1.8410494e+02 5.4645226e+01      
1.8222773e+02 5.3975487e+01      
1.8090449e+02 5.3450826e+01      
1.8008882e+02 5.3107993e+01      
1.7977851e+02 5.2940475e+01      
1.7996706e+02 5.2942317e+01      
1.8062162e+02 5.3131561e+01      
1.8167586e+02 5.3550527e+01      
1.8303337e+02 5.4239921e+01      
1.8458277e+02 5.5199302e+01      
1.8622556e+02 5.6362205e+01      
1.8790921e+02 5.7602334e+01      
1.8964177e+02 5.8766085e+01      
1.9740055e+02 4.3750750e+01      
1.9981114e+02 3.8759040e+01      
2.0137222e+02 3.4287523e+01      
2.0143423e+02 3.0705534e+01      
1.9980315e+02 2.8190231e+01      
1.9669035e+02 2.6793189e+01      
1.9274024e+02 2.6337899e+01      
1.8995765e+02 2.5482944e+01      
1.8799120e+02 2.4516832e+01      
1.8656987e+02 2.3656726e+01      
1.8559846e+02 2.2971369e+01      
1.8505767e+02 2.2450940e+01      
1.8494906e+02 2.2071999e+01      
1.8525611e+02 2.1862148e+01      
1.8592931e+02 2.1926532e+01      
1.8689228e+02 2.2402744e+01      
1.8806265e+02 2.3363104e+01      
1.8937445e+02 2.4750930e+01      
1.9079540e+02 2.6381261e+01      
1.9232930e+02 2.8003799e+01      
1.9970891e+02 1.6101635e+01      
2.0061285e+02 1.1812739e+01      
2.0110384e+02 7.7044122e+00      
2.0071579e+02 4.1165672e+00      
1.9932709e+02 1.2135265e+00      
1.9706715e+02 -9.5035840e-01      
1.9438483e+02 -2.5396585e+00      
1.9206942e+02 -4.0251907e+00      
1.9026489e+02 -5.4548127e+00      
1.8885280e+02 -6.6994734e+00      
1.8775046e+02 -7.6946697e+00      
1.8697957e+02 -8.5247781e+00      
1.8658968e+02 -9.3004873e+00      
1.8659478e+02 -1.0018380e+01      
1.8695658e+02 -1.0467045e+01      
1.8759567e+02 -1.0294351e+01      
1.8843753e+02 -9.2914463e+00      
1.8943056e+02 -7.5055269e+00      
1.9055900e+02 -5.2417413e+00      
1.9184353e+02 -2.9578578e+00      
1.9819097e+02 -1.1262598e+01      
1.9814791e+02 -1.5168371e+01      
1.9791079e+02 -1.9085414e+01      
1.9721185e+02 -2.2775868e+01      
1.9596546e+02 -2.6078900e+01      
1.9426649e+02 -2.8912866e+01      
1.9237846e+02 -3.1331724e+01      
1.9062254e+02 -3.3514550e+01      
1.8914738e+02 -3.5532584e+01      
1.8787141e+02 -3.7237103e+01      
1.8660775e+02 -3.8404272e+01      
1.8556185e+02 -3.9400973e+01      
1.8488079e+02 -4.0546799e+01      
1.8462137e+02 -4.1970792e+01      
1.8475854e+02 -4.3354349e+01      
1.8513787e+02 -4.3701589e+01      
1.8569172e+02 -4.2625120e+01      
1.8636969e+02 -4.0160618e+01      
1.8715397e+02 -3.6767492e+01      
1.8815397e+02 -3.3522885e+01      
1.9335790e+02 -3.8150644e+01      
1.9277175e+02 -4.1910670e+01      
1.9208634e+02 -4.5814276e+01      
1.9117101e+02 -4.9707700e+01      
1.8999084e+02 -5.3448496e+01      
1.8860897e+02 -5.6872429e+01      
1.8715929e+02 -5.9832990e+01      
1.8585202e+02 -6.2606702e+01      
1.8478572e+02 -6.5294738e+01      
1.8383283e+02 -6.7627562e+01      
1.8224810e+02 -6.8614731e+01      
1.8084061e+02 -6.9483765e+01      
1.7982418e+02 -7.0826587e+01      
1.7929185e+02 -7.3061183e+01      
1.7930517e+02 -7.6161984e+01      
1.7944556e+02 -7.7221700e+01      
1.7975094e+02 -7.6054751e+01      
1.8016204e+02 -7.2683263e+01      
1.8053472e+02 -6.7333314e+01      
1.8127260e+02 -6.2930187e+01      
1.8539499e+02 -6.4138326e+01      
1.8445726e+02 -6.7847679e+01      
1.8347520e+02 -7.1832326e+01      
1.8239383e+02 -7.6008298e+01      
1.8122202e+02 -8.0252033e+01      
1.8002782e+02 -8.4321249e+01      
1.7881585e+02 -8.7506427e+01      
1.7786272e+02 -9.0717911e+01      
1.7717440e+02 -9.4030271e+01      
1.7613085e+02 -9.6343072e+01      
1.7462357e+02 -9.7521844e+01      
1.7284696e+02 -9.7944683e+01      
1.7145634e+02 -9.9115804e+01      
1.7053651e+02 -1.0168246e+02      
1.7007049e+02 -1.0550523e+02      
1.6987887e+02 -1.0695089e+02      
1.6996179e+02 -1.0570108e+02      
1.7025566e+02 -1.0176320e+02      
1.7064557e+02 -9.5452614e+01      
1.7128290e+02 -9.0317143e+01      
1.7446169e+02 -8.8765080e+01      
1.7327903e+02 -9.2437091e+01      
1.7207725e+02 -9.6521633e+01      
1.7083833e+02 -1.0100954e+02      
1.6959994e+02 -1.0573066e+02      
1.6839227e+02 -1.0987470e+02      
1.6733969e+02 -1.1344563e+02      
1.6663344e+02 -1.1687586e+02      
1.6585491e+02 -1.1990681e+02      
1.6475727e+02 -1.2209221e+02      
1.6329581e+02 -1.2327336e+02      
1.6158853e+02 -1.2375302e+02      
1.5989548e+02 -1.2440645e+02      
1.5861119e+02 -1.2679970e+02      
1.5761942e+02 -1.3059471e+02      
1.5708749e+02 -1.3200803e+02      
1.5697885e+02 -1.3070465e+02      
1.5723371e+02 -1.2668402e+02      
1.5777822e+02 -1.2025165e+02      
1.5839701e+02 -1.1499874e+02      
1.6074703e+02 -1.1158862e+02      
1.5938709e+02 -1.1516051e+02      
1.5801149e+02 -1.1924009e+02      
1.5660008e+02 -1.2394650e+02      
1.5520255e+02 -1.2851427e+02      
1.5390623e+02 -1.3254303e+02      
1.5280753e+02 -1.3598029e+02      
1.5194639e+02 -1.3903198e+02      
1.5118518e+02 -1.4191852e+02      
1.5007628e+02 -1.4403887e+02      
1.4862809e+02 -1.4500810e+02      
1.4693297e+02 -1.4511927e+02      
1.4534953e+02 -1.4592153e+02      
1.4395100e+02 -1.4790083e+02      
1.4267000e+02 -1.5094207e+02      
1.4192712e+02 -1.5191039e+02      
1.4165871e+02 -1.5059608e+02      
1.4181786e+02 -1.4700163e+02      
1.4238260e+02 -1.4132525e+02      
1.4291637e+02 -1.3659254e+02      
1.4448032e+02 -1.3222589e+02      
1.4299395e+02 -1.3558859e+02      
1.4149342e+02 -1.3937852e+02      
1.3996041e+02 -1.4359413e+02      
1.3839089e+02 -1.4804877e+02      
1.3696590e+02 -1.5187298e+02      
1.3578164e+02 -1.5489299e+02      
1.3480691e+02 -1.5725666e+02      
1.3380604e+02 -1.5970028e+02      
1.3265987e+02 -1.6196466e+02      
1.3122507e+02 -1.6263102e+02      
1.2971403e+02 -1.6312478e+02      
1.2827020e+02 -1.6392424e+02      
1.2696057e+02 -1.6515290e+02      
1.2584373e+02 -1.6642197e+02      
1.2507024e+02 -1.6663395e+02      
1.2466911e+02 -1.6534984e+02      
1.2461205e+02 -1.6257932e+02      
1.2482423e+02 -1.5877397e+02      
1.2514024e+02 -1.5503628e+02      
1.2592907e+02 -1.5037720e+02      
1.2435648e+02 -1.5345287e+02      
1.2277303e+02 -1.5684305e+02      
1.2117403e+02 -1.6049257e+02      
1.1956400e+02 -1.6426521e+02      
1.1799750e+02 -1.6784453e+02      
1.1676066e+02 -1.7037466e+02      
1.1558306e+02 -1.7260058e+02      
1.1438706e+02 -1.7467234e+02      
1.1312035e+02 -1.7640185e+02      
1.1175182e+02 -1.7744473e+02      
1.1035830e+02 -1.7817552e+02      
1.0902398e+02 -1.7885784e+02      
1.0781432e+02 -1.7950449e+02      
1.0679121e+02 -1.7987362e+02      
1.0601602e+02 -1.7956345e+02      
1.0551473e+02 -1.7832289e+02      
1.0527142e+02 -1.7617235e+02      
1.0523449e+02 -1.7340608e+02      
1.0533305e+02 -1.7048373e+02      
1.0539441e+02 -1.6581402e+02      
1.0376602e+02 -1.6857559e+02      
1.0212980e+02 -1.7156146e+02      
1.0049298e+02 -1.7469191e+02      
9.8872345e+01 -1.7783686e+02      
9.7317322e+01 -1.8076905e+02      
9.5902058e+01 -1.8321459e+02      
9.4557177e+01 -1.8531236e+02      
9.3227891e+01 -1.8712889e+02      
9.1887113e+01 -1.8860159e+02      
9.0532601e+01 -1.8967518e+02      
8.9197293e+01 -1.9042917e+02      
8.7930812e+01 -1.9095802e+02      
8.6782241e+01 -1.9125591e+02      
8.5796065e+01 -1.9120389e+02      
8.5007192e+01 -1.9063253e+02      
8.4430622e+01 -1.8943496e+02      
8.4056591e+01 -1.8764078e+02      
8.3853989e+01 -1.8542029e+02      
8.3780943e+01 -1.8302129e+02      
8.3207153e+01 -1.7835643e+02      
8.1545127e+01 -1.8080764e+02      
7.9875701e+01 -1.8341789e+02      
7.8212081e+01 -1.8610642e+02      
7.6573818e+01 -1.8876250e+02      
7.4988748e+01 -1.9124832e+02      
7.3476399e+01 -1.9345367e+02      
7.2024660e+01 -1.9535913e+02      
7.0611386e+01 -1.9696800e+02      
6.9224292e+01 -1.9826108e+02      
6.7866644e+01 -1.9922563e+02      
6.6558515e+01 -1.9988130e+02      
6.5330690e+01 -2.0025201e+02      
6.4216425e+01 -2.0032530e+02      
6.3245615e+01 -2.0004485e+02      
6.2439817e+01 -1.9934025e+02      
6.1807413e+01 -1.9817569e+02      
6.1341329e+01 -1.9658572e+02      
6.1020866e+01 -1.9467857e+02      
6.0817004e+01 -1.9260698e+02      
