2.7078530e+01 2.5371120e+02      
2.6021995e+01 2.5335427e+02      
2.4237608e+01 2.5231057e+02      
2.1741547e+01 2.5061911e+02      
1.9958777e+01 2.4921922e+02      
1.8888000e+01 2.4810457e+02      
1.8431496e+01 2.4720519e+02      
1.8559311e+01 2.4648550e+02      
1.9262182e+01 2.4591808e+02      
2.0534113e+01 2.4547755e+02      
2.2363996e+01 2.4513940e+02      
2.4730298e+01 2.4488036e+02      
2.7596301e+01 2.4467964e+02      
3.0905146e+01 2.4452053e+02      
3.4576048e+01 2.4439132e+02      
3.8506706e+01 2.4428367e+02      
4.2592889e+01 2.4418679e+02      
4.6772392e+01 2.4407773e+02      
5.1054733e+01 2.4391572e+02      
5.5492442e+01 2.4364782e+02      
5.4293568e+01 2.4395611e+02      
5.3322277e+01 2.4345405e+02      
5.1589931e+01 2.4232148e+02      
4.9105873e+01 2.4060879e+02      
4.7325953e+01 2.3917001e+02      
4.6244897e+01 2.3802387e+02      
4.5772024e+01 2.3710420e+02      
4.5888564e+01 2.3636925e+02      
4.6595680e+01 2.3578400e+02      
4.7895939e+01 2.3531593e+02      
4.9785239e+01 2.3493398e+02      
5.2247786e+01 2.3460897e+02      
5.5250178e+01 2.3431552e+02      
5.8732261e+01 2.3403539e+02      
6.2594630e+01 2.3376114e+02      
6.6687021e+01 2.3349675e+02      
7.0816359e+01 2.3324995e+02      
7.4856049e+01 2.3300856e+02      
7.8874701e+01 2.3271897e+02      
8.3008861e+01 2.3230613e+02      
7.9729201e+01 2.3010289e+02      
7.8228814e+01 2.2910188e+02      
7.6584327e+01 2.2784167e+02      
7.4780155e+01 2.2639398e+02      
7.3280639e+01 2.2506386e+02      
7.2274281e+01 2.2396126e+02      
7.1804479e+01 2.2307538e+02      
7.1904096e+01 2.2237119e+02      
7.2600559e+01 2.2180969e+02      
7.3911964e+01 2.2135249e+02      
7.5845691e+01 2.2096215e+02      
7.8397394e+01 2.2060224e+02      
8.1546573e+01 2.2023959e+02      
8.5243833e+01 2.1985051e+02      
8.9385990e+01 2.1943051e+02      
9.3781513e+01 2.1900219e+02      
9.8062228e+01 2.1861460e+02      
1.0178298e+02 2.1830472e+02      
1.0532491e+02 2.1797091e+02      
1.0899526e+02 2.1749259e+02      
1.0344488e+02 2.1263785e+02      
1.0182432e+02 2.1127844e+02      
1.0031250e+02 2.0983615e+02      
9.8857347e+01 2.0841728e+02      
9.7576655e+01 2.0716372e+02      
9.6627011e+01 2.0614280e+02      
9.6134126e+01 2.0534210e+02      
9.6187163e+01 2.0471926e+02      
9.6843783e+01 2.0422858e+02      
9.8138198e+01 2.0382677e+02      
1.0008955e+02 2.0347090e+02      
1.0270859e+02 2.0311583e+02      
1.0599988e+02 2.0271513e+02      
1.0995076e+02 2.0222938e+02      
1.1449282e+02 2.0164705e+02      
1.1941501e+02 2.0101557e+02      
1.2417722e+02 2.0046088e+02      
1.2718713e+02 2.0018256e+02      
1.2996388e+02 1.9992865e+02      
1.3298501e+02 1.9949005e+02      
1.2522129e+02 1.9193022e+02      
1.2373278e+02 1.9021798e+02      
1.2243710e+02 1.8850412e+02      
1.2120007e+02 1.8696562e+02      
1.1999538e+02 1.8574591e+02      
1.1899195e+02 1.8484525e+02      
1.1839578e+02 1.8418856e+02      
1.1834531e+02 1.8370312e+02      
1.1891903e+02 1.8333363e+02      
1.2015810e+02 1.8303585e+02      
1.2208608e+02 1.8276515e+02      
1.2472532e+02 1.8246801e+02      
1.2811271e+02 1.8207852e+02      
1.3231338e+02 1.8151998e+02      
1.3733896e+02 1.8075007e+02      
1.4287633e+02 1.7986639e+02      
1.4734521e+02 1.7925183e+02      
1.5036823e+02 1.7896708e+02      
1.5223283e+02 1.7893713e+02      
1.5446275e+02 1.7866268e+02      
1.4468428e+02 1.6832848e+02      
1.4349464e+02 1.6616552e+02      
1.4258188e+02 1.6401955e+02      
1.4164765e+02 1.6220708e+02      
1.4031621e+02 1.6106745e+02      
1.3905801e+02 1.6038711e+02      
1.3823338e+02 1.5995882e+02      
1.3800584e+02 1.5967218e+02      
1.3844986e+02 1.5947168e+02      
1.3959311e+02 1.5932573e+02      
1.4144752e+02 1.5919731e+02      
1.4403159e+02 1.5902849e+02      
1.4739491e+02 1.5873543e+02      
1.5168338e+02 1.5819231e+02      
1.5708953e+02 1.5725516e+02      
1.6229064e+02 1.5634374e+02      
1.6650520e+02 1.5572635e+02      
1.6944660e+02 1.5549068e+02      
1.7131096e+02 1.5552628e+02      
1.7280268e+02 1.5550102e+02      
1.6143900e+02 1.4226032e+02      
1.6069780e+02 1.3948793e+02      
1.6039755e+02 1.3666466e+02      
1.6010230e+02 1.3429470e+02      
1.5824252e+02 1.3343678e+02      
1.5647302e+02 1.3315640e+02      
1.5527786e+02 1.3307138e+02      
1.5480965e+02 1.3303758e+02      
1.5509452e+02 1.3303553e+02      
1.5611546e+02 1.3307815e+02      
1.5785189e+02 1.3315150e+02      
1.6029803e+02 1.3319607e+02      
1.6347126e+02 1.3311840e+02      
1.6741662e+02 1.3280646e+02      
1.7211148e+02 1.3216176e+02      
1.7719578e+02 1.3120533e+02      
1.8125161e+02 1.3060440e+02      
1.8396377e+02 1.3052474e+02      
1.8555469e+02 1.3078011e+02      
1.8738010e+02 1.3058880e+02      
1.7506749e+02 1.1427063e+02      
1.7485582e+02 1.1072104e+02      
1.7522853e+02 1.0701731e+02      
1.7474451e+02 1.0449010e+02      
1.7313358e+02 1.0343903e+02      
1.7077475e+02 1.0368849e+02      
1.6912964e+02 1.0404891e+02      
1.6841083e+02 1.0427522e+02      
1.6855580e+02 1.0444812e+02      
1.6946151e+02 1.0468973e+02      
1.7105933e+02 1.0502598e+02      
1.7331314e+02 1.0537931e+02      
1.7619794e+02 1.0563116e+02      
1.7967067e+02 1.0568019e+02      
1.8362708e+02 1.0546292e+02      
1.8782348e+02 1.0498229e+02      
1.9174684e+02 1.0441585e+02      
1.9416284e+02 1.0458158e+02      
1.9622774e+02 1.0460364e+02      
1.9838326e+02 1.0421849e+02      
1.8508531e+02 8.5101831e+01      
1.8528837e+02 8.0740939e+01      
1.8538048e+02 7.6793224e+01      
1.8477788e+02 7.4042898e+01      
1.8333516e+02 7.2786092e+01      
1.8130110e+02 7.2852211e+01      
1.7932236e+02 7.3603438e+01      
1.7849392e+02 7.3914096e+01      
1.7860259e+02 7.4125249e+01      
1.7944725e+02 7.4533431e+01      
1.8091290e+02 7.5218749e+01      
1.8295930e+02 7.6003770e+01      
1.8554603e+02 7.6684444e+01      
1.8858582e+02 7.7158225e+01      
1.9193812e+02 7.7395950e+01      
1.9539596e+02 7.7419318e+01      
1.9863057e+02 7.7348523e+01      
2.0128284e+02 7.7365904e+01      
2.0364467e+02 7.7217476e+01      
2.0597553e+02 7.6708013e+01      
1.9104548e+02 5.5602544e+01      
1.9068963e+02 5.1431107e+01      
1.9072898e+02 4.6985576e+01      
1.9011903e+02 4.3870846e+01      
1.8874215e+02 4.2480435e+01      
1.8682360e+02 4.2527503e+01      
1.8542541e+02 4.2560141e+01      
1.8485600e+02 4.2444466e+01      
1.8510247e+02 4.2409941e+01      
1.8599957e+02 4.2857850e+01      
1.8732641e+02 4.4131540e+01      
1.8916873e+02 4.5552204e+01      
1.9150353e+02 4.6744542e+01      
1.9420032e+02 4.7660281e+01      
1.9709852e+02 4.8330895e+01      
2.0004016e+02 4.8784537e+01      
2.0285904e+02 4.9054981e+01      
2.0544859e+02 4.9149521e+01      
2.0786034e+02 4.8983276e+01      
2.1020563e+02 4.8447325e+01      
1.9323177e+02 2.5914834e+01      
1.9233947e+02 2.1986441e+01      
1.9176909e+02 1.7952770e+01      
1.9117805e+02 1.4392709e+01      
1.8984380e+02 1.2915732e+01      
1.8854867e+02 1.1957104e+01      
1.8768964e+02 1.1076462e+01      
1.8747683e+02 1.0230048e+01      
1.8798435e+02 9.6292937e+00      
1.8911752e+02 9.8403401e+00      
1.9020819e+02 1.2374723e+01      
1.9188845e+02 1.4645714e+01      
1.9406928e+02 1.6355218e+01      
1.9655160e+02 1.7648010e+01      
1.9909836e+02 1.8722250e+01      
2.0165220e+02 1.9562049e+01      
2.0415324e+02 2.0136523e+01      
2.0655216e+02 2.0416959e+01      
2.0885297e+02 2.0350509e+01      
2.1109393e+02 1.9873360e+01      
1.9189096e+02 -3.7786842e+00      
1.9057588e+02 -7.6328585e+00      
1.8954729e+02 -1.1396411e+01      
1.8864431e+02 -1.4611534e+01      
1.8766277e+02 -1.6911832e+01      
1.8681216e+02 -1.8795342e+01      
1.8632695e+02 -2.0588216e+01      
1.8639391e+02 -2.2302939e+01      
1.8712867e+02 -2.3566069e+01      
1.8819565e+02 -2.2441776e+01      
1.8939161e+02 -1.8906644e+01      
1.9108671e+02 -1.5936156e+01      
1.9323851e+02 -1.3839923e+01      
1.9569993e+02 -1.2391172e+01      
1.9792658e+02 -1.0930295e+01      
2.0013643e+02 -9.7063497e+00      
2.0233621e+02 -8.8119830e+00      
2.0449755e+02 -8.2939530e+00      
2.0660625e+02 -8.1918797e+00      
2.0866707e+02 -8.5478453e+00      
1.8716873e+02 -3.3141326e+01      
1.8550306e+02 -3.7205212e+01      
1.8416080e+02 -4.1063226e+01      
1.8315374e+02 -4.4149947e+01      
1.8235684e+02 -4.6772878e+01      
1.8175667e+02 -4.9307367e+01      
1.8146554e+02 -5.1912260e+01      
1.8165861e+02 -5.4372552e+01      
1.8237955e+02 -5.4883522e+01      
1.8352568e+02 -5.2972358e+01      
1.8500289e+02 -4.8803726e+01      
1.8682416e+02 -4.5413995e+01      
1.8898038e+02 -4.3089815e+01      
1.9138457e+02 -4.1570030e+01      
1.9355321e+02 -4.0057361e+01      
1.9546117e+02 -3.8477492e+01      
1.9736639e+02 -3.7246732e+01      
1.9926948e+02 -3.6459900e+01      
2.0114510e+02 -3.6146699e+01      
2.0298167e+02 -3.6339674e+01      
1.7921004e+02 -6.1706526e+01      
1.7718497e+02 -6.6294138e+01      
1.7555464e+02 -7.0713670e+01      
1.7460080e+02 -7.3402584e+01      
1.7399216e+02 -7.5955193e+01      
1.7354340e+02 -7.8878541e+01      
1.7330858e+02 -8.2001441e+01      
1.7357379e+02 -8.3566432e+01      
1.7433615e+02 -8.3297845e+01      
1.7559366e+02 -8.0959197e+01      
1.7734237e+02 -7.6624913e+01      
1.7927912e+02 -7.3136774e+01      
1.8141319e+02 -7.0748580e+01      
1.8370688e+02 -6.9230027e+01      
1.8579177e+02 -6.7735450e+01      
1.8762868e+02 -6.6162583e+01      
1.8927424e+02 -6.4628494e+01      
1.9092735e+02 -6.3585413e+01      
1.9254618e+02 -6.3021636e+01      
1.9413542e+02 -6.3027030e+01      
1.6822544e+02 -8.8832792e+01      
1.6579215e+02 -9.4060378e+01      
1.6404218e+02 -9.8266804e+01      
1.6307732e+02 -1.0119570e+02      
1.6279346e+02 -1.0338472e+02      
1.6252872e+02 -1.0646766e+02      
1.6256804e+02 -1.0843659e+02      
1.6296183e+02 -1.0881032e+02      
1.6375255e+02 -1.0790410e+02      
1.6498083e+02 -1.0565923e+02      
1.6674071e+02 -1.0191925e+02      
1.6869918e+02 -9.8635399e+01      
1.7075991e+02 -9.6299685e+01      
1.7288102e+02 -9.4826785e+01      
1.7482215e+02 -9.3353050e+01      
1.7655454e+02 -9.1802265e+01      
1.7811369e+02 -9.0309356e+01      
1.7957648e+02 -8.9139948e+01      
1.8092304e+02 -8.8294463e+01      
1.8227003e+02 -8.8145233e+01      
1.5461765e+02 -1.1359102e+02      
1.5206543e+02 -1.1846858e+02      
1.5026305e+02 -1.2242210e+02      
1.4936309e+02 -1.2529577e+02      
1.4926328e+02 -1.2753508e+02      
1.4964929e+02 -1.2976411e+02      
1.4998831e+02 -1.3064362e+02      
1.5048850e+02 -1.2956167e+02      
1.5125386e+02 -1.2819042e+02      
1.5226737e+02 -1.2648087e+02      
1.5346709e+02 -1.2458224e+02      
1.5539816e+02 -1.2151730e+02      
1.5730383e+02 -1.1933958e+02      
1.5918474e+02 -1.1792691e+02      
1.6092512e+02 -1.1641564e+02      
1.6249730e+02 -1.1484675e+02      
1.6389436e+02 -1.1326255e+02      
1.6520609e+02 -1.1212838e+02      
1.6642751e+02 -1.1143746e+02      
1.6758110e+02 -1.1128079e+02      
1.3938008e+02 -1.3419907e+02      
1.3665987e+02 -1.3892202e+02      
1.3480701e+02 -1.4263027e+02      
1.3408685e+02 -1.4508989e+02      
1.3432046e+02 -1.4668006e+02      
1.3459065e+02 -1.4868083e+02      
1.3496487e+02 -1.4912566e+02      
1.3553785e+02 -1.4775114e+02      
1.3625885e+02 -1.4637350e+02      
1.3716226e+02 -1.4494401e+02      
1.3829498e+02 -1.4331901e+02      
1.3975994e+02 -1.4135797e+02      
1.4134180e+02 -1.3964800e+02      
1.4293480e+02 -1.3825262e+02      
1.4444171e+02 -1.3658422e+02      
1.4583677e+02 -1.3508792e+02      
1.4711011e+02 -1.3378481e+02      
1.4828194e+02 -1.3281527e+02      
1.4935612e+02 -1.3224798e+02      
1.5032875e+02 -1.3212113e+02      
1.2219950e+02 -1.5185997e+02      
1.1993001e+02 -1.5558065e+02      
1.1801209e+02 -1.5901766e+02      
1.1753947e+02 -1.6088379e+02      
1.1748010e+02 -1.6235779e+02      
1.1758394e+02 -1.6357275e+02      
1.1784977e+02 -1.6392912e+02      
1.1830009e+02 -1.6334104e+02      
1.1891964e+02 -1.6236825e+02      
1.1971528e+02 -1.6121122e+02      
1.2070211e+02 -1.5989092e+02      
1.2186734e+02 -1.5850339e+02      
1.2313526e+02 -1.5724664e+02      
1.2447191e+02 -1.5569591e+02      
1.2576371e+02 -1.5422335e+02      
1.2697691e+02 -1.5291554e+02      
1.2809610e+02 -1.5182308e+02      
1.2911437e+02 -1.5100728e+02      
1.3002478e+02 -1.5052503e+02      
1.3081600e+02 -1.5041417e+02      
1.0307797e+02 -1.6682443e+02      
1.0124741e+02 -1.6968557e+02      
9.9794856e+01 -1.7225674e+02      
9.9021926e+01 -1.7412325e+02      
9.8680615e+01 -1.7549297e+02      
9.8597307e+01 -1.7642363e+02      
9.8721431e+01 -1.7678972e+02      
9.9035418e+01 -1.7658469e+02      
9.9526535e+01 -1.7597249e+02      
1.0018621e+02 -1.7510087e+02      
1.0100466e+02 -1.7405812e+02      
1.0195716e+02 -1.7292854e+02      
1.0300212e+02 -1.7175691e+02      
1.0409611e+02 -1.7048313e+02      
1.0517843e+02 -1.6924118e+02      
1.0620786e+02 -1.6812279e+02      
1.0715930e+02 -1.6718451e+02      
1.0801464e+02 -1.6647879e+02      
1.0875792e+02 -1.6605167e+02      
1.0937206e+02 -1.6593782e+02      
8.2190611e+01 -1.7907369e+02      
8.0659605e+01 -1.8132684e+02      
7.9427449e+01 -1.8336367e+02      
7.8580115e+01 -1.8501814e+02      
7.8080004e+01 -1.8625865e+02      
7.7851045e+01 -1.8708321e+02      
7.7844175e+01 -1.8746927e+02      
7.8031403e+01 -1.8743225e+02      
7.8393536e+01 -1.8704513e+02      
7.8914015e+01 -1.8639703e+02      
7.9574059e+01 -1.8556529e+02      
8.0347727e+01 -1.8461378e+02      
8.1201118e+01 -1.8358551e+02      
8.2094852e+01 -1.8251383e+02      
8.2986929e+01 -1.8146102e+02      
8.3840474e+01 -1.8049520e+02      
8.4626339e+01 -1.7967265e+02      
8.5320623e+01 -1.7904129e+02      
8.5901851e+01 -1.7864141e+02      
8.6348837e+01 -1.7850440e+02      
