1.3034368e+01 2.5041329e+02      
1.1642628e+01 2.4903037e+02      
1.0810435e+01 2.4800466e+02      
1.0406345e+01 2.4723666e+02      
9.7640737e+00 2.4480007e+02      
9.1814586e+00 2.4211669e+02      
8.8087573e+00 2.3966490e+02      
8.6930382e+00 2.3761826e+02      
8.8487525e+00 2.3609426e+02      
9.2298466e+00 2.3513838e+02      
9.7536564e+00 2.3471572e+02      
1.0534584e+01 2.3481797e+02      
1.1675737e+01 2.3540501e+02      
1.3242774e+01 2.3640898e+02      
1.5281420e+01 2.3774890e+02      
1.7823229e+01 2.3933651e+02      
2.0889702e+01 2.4108033e+02      
2.4493999e+01 2.4288901e+02      
2.8641172e+01 2.4467385e+02      
3.3328026e+01 2.4635077e+02      
4.0430340e+01 2.3905427e+02      
3.9382016e+01 2.3759490e+02      
3.8991482e+01 2.3660865e+02      
3.9134581e+01 2.3602412e+02      
3.8902623e+01 2.3386558e+02      
3.8301483e+01 2.3047656e+02      
3.7912014e+01 2.2743769e+02      
3.7748035e+01 2.2484046e+02      
3.7909187e+01 2.2296746e+02      
3.8293838e+01 2.2184856e+02      
3.8517821e+01 2.2129506e+02      
3.8958429e+01 2.2135895e+02      
3.9764210e+01 2.2197711e+02      
4.1012246e+01 2.2305753e+02      
4.2746485e+01 2.2449857e+02      
4.4995591e+01 2.2619460e+02      
4.7780140e+01 2.2803934e+02      
5.1113719e+01 2.2992914e+02      
5.5001828e+01 2.3176575e+02      
5.9440960e+01 2.3345810e+02      
6.6553098e+01 2.2367632e+02      
6.5846366e+01 2.2195567e+02      
6.5869781e+01 2.2069956e+02      
6.6501400e+01 2.1985856e+02      
6.6636636e+01 2.1763203e+02      
6.6340859e+01 2.1434255e+02      
6.6057348e+01 2.1095938e+02      
6.5809671e+01 2.0768562e+02      
6.6041558e+01 2.0553392e+02      
6.6266304e+01 2.0427210e+02      
6.6352152e+01 2.0373363e+02      
6.6385940e+01 2.0384676e+02      
6.6779360e+01 2.0458142e+02      
6.7646708e+01 2.0582312e+02      
6.9021828e+01 2.0744842e+02      
7.0922213e+01 2.0933267e+02      
7.3367070e+01 2.1135302e+02      
7.6371639e+01 2.1339243e+02      
7.9942751e+01 2.1534276e+02      
8.4076813e+01 2.1710654e+02      
9.0943925e+01 2.0453608e+02      
9.0549022e+01 2.0236377e+02      
9.0909699e+01 2.0055025e+02      
9.1887798e+01 1.9904184e+02      
9.2204676e+01 1.9626113e+02      
9.1944142e+01 1.9246815e+02      
9.1944224e+01 1.8899150e+02      
9.2193059e+01 1.8601526e+02      
9.2454678e+01 1.8386474e+02      
9.2570702e+01 1.8260424e+02      
9.2489013e+01 1.8217084e+02      
9.2302697e+01 1.8248445e+02      
9.2246622e+01 1.8344880e+02      
9.2706963e+01 1.8495538e+02      
9.3683723e+01 1.8686419e+02      
9.5185028e+01 1.8903010e+02      
9.7235651e+01 1.9131147e+02      
9.9856633e+01 1.9357639e+02      
1.0305791e+02 1.9570691e+02      
1.0683600e+02 1.9760041e+02      
1.1319653e+02 1.8200930e+02      
1.1307777e+02 1.7923061e+02      
1.1367290e+02 1.7662929e+02      
1.1482198e+02 1.7414325e+02      
1.1521071e+02 1.7053956e+02      
1.1556157e+02 1.6676119e+02      
1.1598468e+02 1.6330531e+02      
1.1642457e+02 1.6044336e+02      
1.1680715e+02 1.5836093e+02      
1.1684069e+02 1.5719055e+02      
1.1652711e+02 1.5694971e+02      
1.1600556e+02 1.5755922e+02      
1.1570967e+02 1.5887462e+02      
1.1579888e+02 1.6076512e+02      
1.1634468e+02 1.6307305e+02      
1.1739591e+02 1.6562883e+02      
1.1899781e+02 1.6826746e+02      
1.2118357e+02 1.7083995e+02      
1.2396807e+02 1.7321922e+02      
1.2734726e+02 1.7530011e+02      
1.3296349e+02 1.5656880e+02      
1.3311672e+02 1.5309616e+02      
1.3389118e+02 1.4958696e+02      
1.3505034e+02 1.4595801e+02      
1.3616519e+02 1.4199524e+02      
1.3724265e+02 1.3803400e+02      
1.3817952e+02 1.3444824e+02      
1.3877923e+02 1.3153625e+02      
1.3900154e+02 1.2950114e+02      
1.3889860e+02 1.2843977e+02      
1.3827867e+02 1.2846603e+02      
1.3754909e+02 1.2943635e+02      
1.3693860e+02 1.3121154e+02      
1.3660637e+02 1.3361804e+02      
1.3666386e+02 1.3646023e+02      
1.3720147e+02 1.3953208e+02      
1.3829519e+02 1.4263589e+02      
1.3999630e+02 1.4560199e+02      
1.4232464e+02 1.4829668e+02      
1.4527243e+02 1.5061768e+02      
1.4994140e+02 1.2874885e+02      
1.5041490e+02 1.2456591e+02      
1.5151647e+02 1.2021624e+02      
1.5309055e+02 1.1572682e+02      
1.5493560e+02 1.1116513e+02      
1.5687608e+02 1.0674582e+02      
1.5857062e+02 1.0278023e+02      
1.5934071e+02 9.9651555e+01      
1.5920600e+02 9.7639074e+01      
1.5871361e+02 9.6726046e+01      
1.5786617e+02 9.7016792e+01      
1.5678390e+02 9.8460871e+01      
1.5571987e+02 1.0084312e+02      
1.5486497e+02 1.0392424e+02      
1.5434415e+02 1.0746460e+02      
1.5428130e+02 1.1120501e+02      
1.5479716e+02 1.1489549e+02      
1.5596789e+02 1.1834062e+02      
1.5781250e+02 1.2140859e+02      
1.6031091e+02 1.2401114e+02      
1.6384504e+02 9.9111192e+01      
1.6469595e+02 9.4229156e+01      
1.6626449e+02 8.9087305e+01      
1.6845969e+02 8.3777143e+01      
1.7114891e+02 7.8447301e+01      
1.7412933e+02 7.3341316e+01      
1.7694526e+02 6.8792812e+01      
1.7776396e+02 6.5278993e+01      
1.7703742e+02 6.3213972e+01      
1.7637301e+02 6.2260763e+01      
1.7521520e+02 6.2853308e+01      
1.7350363e+02 6.4998612e+01      
1.7182209e+02 6.8184996e+01      
1.7034695e+02 7.2126146e+01      
1.6913121e+02 7.6573105e+01      
1.6833857e+02 8.1182230e+01      
1.6819094e+02 8.5596749e+01      
1.6879794e+02 8.9593558e+01      
1.7015285e+02 9.3071138e+01      
1.7220484e+02 9.5976358e+01      
1.7439996e+02 6.8234642e+01      
1.7565086e+02 6.2667045e+01      
1.7775412e+02 5.6728961e+01      
1.8067483e+02 5.0538119e+01      
1.8429194e+02 4.4306278e+01      
1.8820977e+02 3.8415606e+01      
1.9030520e+02 3.3807572e+01      
1.9044870e+02 3.0427561e+01      
1.9134314e+02 2.7101956e+01      
1.9122991e+02 2.5652166e+01      
1.8994036e+02 2.6437480e+01      
1.8728100e+02 2.9583819e+01      
1.8501065e+02 3.3683541e+01      
1.8290255e+02 3.8665353e+01      
1.8084598e+02 4.4300564e+01      
1.7906355e+02 5.0104139e+01      
1.7815646e+02 5.5382961e+01      
1.7821055e+02 5.9956004e+01      
1.7910931e+02 6.3836751e+01      
1.8074640e+02 6.7035105e+01      
1.8135463e+02 3.6720536e+01      
1.8297358e+02 3.0493667e+01      
1.8561562e+02 2.3737621e+01      
1.8926940e+02 1.6595925e+01      
1.9364609e+02 9.4402700e+00      
1.9680761e+02 3.5014501e+00      
1.9822047e+02 -9.5773792e-01      
1.9814710e+02 -4.2155767e+00      
1.9948069e+02 -8.2226339e+00      
1.9982973e+02 -1.0192405e+01      
1.9892509e+02 -9.5988272e+00      
1.9699265e+02 -6.5772700e+00      
1.9464372e+02 -1.7585652e+00      
1.9199625e+02 4.4274578e+00      
1.8901461e+02 1.1546750e+01      
1.8590454e+02 1.8924689e+01      
1.8434139e+02 2.5008424e+01      
1.8397012e+02 3.0059409e+01      
1.8450350e+02 3.4272553e+01      
1.8578877e+02 3.7717716e+01      
1.8449767e+02 5.1950801e+00      
1.8637881e+02 -1.6207946e+00      
1.8946649e+02 -9.1773604e+00      
1.9361962e+02 -1.7194174e+01      
1.9712687e+02 -2.4233435e+01      
1.9952732e+02 -2.9969216e+01      
2.0052724e+02 -3.4200610e+01      
2.0033997e+02 -3.7165654e+01      
2.0151616e+02 -4.1302194e+01      
2.0211788e+02 -4.3771324e+01      
2.0160140e+02 -4.3429575e+01      
2.0004842e+02 -4.0226005e+01      
1.9766932e+02 -3.4601591e+01      
1.9456145e+02 -2.7130257e+01      
1.9086049e+02 -1.8604387e+01      
1.8808776e+02 -1.1107708e+01      
1.8649062e+02 -4.7881558e+00      
1.8593835e+02 5.0817993e-01      
1.8624021e+02 4.9266373e+00      
1.8725863e+02 8.5421061e+00      
1.8368687e+02 -2.5711538e+01      
1.8555942e+02 -3.2878492e+01      
1.8877590e+02 -4.1011933e+01      
1.9190377e+02 -4.8597927e+01      
1.9450526e+02 -5.5220711e+01      
1.9635752e+02 -6.0634252e+01      
1.9728000e+02 -6.4732195e+01      
1.9724323e+02 -6.7542879e+01      
1.9781896e+02 -7.0864436e+01      
1.9875430e+02 -7.4207575e+01      
1.9847406e+02 -7.4019358e+01      
1.9701980e+02 -7.0287922e+01      
1.9453792e+02 -6.3639006e+01      
1.9117949e+02 -5.4989941e+01      
1.8821883e+02 -4.6888267e+01      
1.8601288e+02 -3.9716978e+01      
1.8466149e+02 -3.3504077e+01      
1.8412793e+02 -2.8187516e+01      
1.8432608e+02 -2.3702592e+01      
1.8516414e+02 -2.0004701e+01      
1.7895749e+02 -5.5488490e+01      
1.8031987e+02 -6.2507235e+01      
1.8235477e+02 -6.9800960e+01      
1.8447340e+02 -7.6683081e+01      
1.8632568e+02 -8.2779940e+01      
1.8779826e+02 -8.7708955e+01      
1.8890587e+02 -9.1693419e+01      
1.8984702e+02 -9.5564310e+01      
1.9007791e+02 -9.8193896e+01      
1.9076032e+02 -1.0143001e+02      
1.9042831e+02 -1.0085441e+02      
1.8893953e+02 -9.6254704e+01      
1.8644752e+02 -8.8593928e+01      
1.8394118e+02 -8.0775878e+01      
1.8177553e+02 -7.3419532e+01      
1.8013072e+02 -6.6737234e+01      
1.7909274e+02 -6.0796958e+01      
1.7868007e+02 -5.5612703e+01      
1.7886414e+02 -5.1176142e+01      
1.7959309e+02 -4.7476597e+01      
1.7060392e+02 -8.3851443e+01      
1.7140530e+02 -9.0719854e+01      
1.7262015e+02 -9.7548634e+01      
1.7397601e+02 -1.0382827e+02      
1.7522771e+02 -1.0918539e+02      
1.7633390e+02 -1.1335189e+02      
1.7729713e+02 -1.1663647e+02      
1.7804541e+02 -1.1961459e+02      
1.7850613e+02 -1.2236618e+02      
1.7891028e+02 -1.2512816e+02      
1.7838896e+02 -1.2365112e+02      
1.7685979e+02 -1.1812859e+02      
1.7508366e+02 -1.1156629e+02      
1.7340308e+02 -1.0472250e+02      
1.7193197e+02 -9.8105906e+01      
1.7078640e+02 -9.1954336e+01      
1.7006421e+02 -8.6372397e+01      
1.6981173e+02 -8.1413887e+01      
1.7003273e+02 -7.7107448e+01      
1.7070286e+02 -7.3470212e+01      
1.5898697e+02 -1.1053802e+02      
1.5933897e+02 -1.1750101e+02      
1.6002699e+02 -1.2433444e+02      
1.6087207e+02 -1.3030837e+02      
1.6164802e+02 -1.3457476e+02      
1.6237530e+02 -1.3757897e+02      
1.6303448e+02 -1.3984122e+02      
1.6355189e+02 -1.4174896e+02      
1.6389101e+02 -1.4359265e+02      
1.6397970e+02 -1.4515192e+02      
1.6331166e+02 -1.4248338e+02      
1.6206219e+02 -1.3826199e+02      
1.6087387e+02 -1.3285491e+02      
1.5993898e+02 -1.2672858e+02      
1.5904141e+02 -1.2076251e+02      
1.5831342e+02 -1.1514354e+02      
1.5787432e+02 -1.0995807e+02      
1.5778489e+02 -1.0527726e+02      
1.5806548e+02 -1.0115301e+02      
1.5870831e+02 -9.7623128e+01      
1.4442668e+02 -1.3515546e+02      
1.4440845e+02 -1.4251645e+02      
1.4471624e+02 -1.4987327e+02      
1.4525979e+02 -1.5620701e+02      
1.4554946e+02 -1.5892196e+02      
1.4593370e+02 -1.6029724e+02      
1.4634411e+02 -1.6114517e+02      
1.4667260e+02 -1.6177235e+02      
1.4683579e+02 -1.6216913e+02      
1.4672573e+02 -1.6179590e+02      
1.4617926e+02 -1.5964675e+02      
1.4523776e+02 -1.5631166e+02      
1.4445976e+02 -1.5179887e+02      
1.4396514e+02 -1.4647172e+02      
1.4345533e+02 -1.4116807e+02      
1.4304284e+02 -1.3607850e+02      
1.4283588e+02 -1.3130059e+02      
1.4289258e+02 -1.2692062e+02      
1.4323762e+02 -1.2300685e+02      
1.4387088e+02 -1.1961205e+02      
1.2723488e+02 -1.5714819e+02      
1.2686495e+02 -1.6515679e+02      
1.2680063e+02 -1.7334699e+02      
1.2686722e+02 -1.7899691e+02      
1.2697952e+02 -1.8138290e+02      
1.2716042e+02 -1.8088956e+02      
1.2743101e+02 -1.8008267e+02      
1.2764093e+02 -1.7941678e+02      
1.2770625e+02 -1.7867142e+02      
1.2757024e+02 -1.7739200e+02      
1.2719821e+02 -1.7522257e+02      
1.2665970e+02 -1.7215024e+02      
1.2616205e+02 -1.6825112e+02      
1.2578955e+02 -1.6378003e+02      
1.2549249e+02 -1.5913368e+02      
1.2530070e+02 -1.5455087e+02      
1.2527330e+02 -1.5016950e+02      
1.2545202e+02 -1.4609204e+02      
1.2585721e+02 -1.4239858e+02      
1.2649012e+02 -1.3915215e+02      
1.0776862e+02 -1.7569507e+02      
1.0702022e+02 -1.8428234e+02      
1.0646049e+02 -1.9186493e+02      
1.0615676e+02 -1.9695974e+02      
1.0612867e+02 -1.9896603e+02      
1.0631922e+02 -1.9818547e+02      
1.0658859e+02 -1.9586994e+02      
1.0673898e+02 -1.9428779e+02      
1.0676154e+02 -1.9288434e+02      
1.0665170e+02 -1.9117534e+02      
1.0641785e+02 -1.8890811e+02      
1.0611114e+02 -1.8600747e+02      
1.0581456e+02 -1.8252711e+02      
1.0558505e+02 -1.7862421e+02      
1.0544328e+02 -1.7451148e+02      
1.0541227e+02 -1.7037649e+02      
1.0552311e+02 -1.6636013e+02      
1.0580121e+02 -1.6257054e+02      
1.0625947e+02 -1.5909343e+02      
1.0689706e+02 -1.5599752e+02      
8.6450227e+01 -1.8990279e+02      
8.5445770e+01 -1.9718228e+02      
8.4458438e+01 -2.0457720e+02      
8.3847607e+01 -2.0934902e+02      
8.3750703e+01 -2.1079872e+02      
8.4021083e+01 -2.0934950e+02      
8.4198739e+01 -2.0759339e+02      
8.4274521e+01 -2.0599005e+02      
8.4265100e+01 -2.0438614e+02      
8.4180595e+01 -2.0252906e+02      
8.4037681e+01 -2.0026049e+02      
8.3869622e+01 -1.9752452e+02      
8.3720445e+01 -1.9435391e+02      
8.3628399e+01 -1.9084905e+02      
8.3619920e+01 -1.8714722e+02      
8.3716404e+01 -1.8338794e+02      
8.3937423e+01 -1.7969375e+02      
8.4297517e+01 -1.7616723e+02      
8.4802657e+01 -1.7289338e+02      
8.5448688e+01 -1.6994229e+02      
6.3670096e+01 -2.0024065e+02      
6.2560615e+01 -2.0612511e+02      
6.1516676e+01 -2.1184401e+02      
6.0618259e+01 -2.1642226e+02      
6.0533325e+01 -2.1726218e+02      
6.0565353e+01 -2.1675944e+02      
6.0580517e+01 -2.1572980e+02      
6.0562426e+01 -2.1444668e+02      
6.0514049e+01 -2.1292992e+02      
6.0441590e+01 -2.1111233e+02      
6.0357696e+01 -2.0893126e+02      
6.0283343e+01 -2.0636726e+02      
6.0244729e+01 -2.0345117e+02      
6.0267118e+01 -2.0025611e+02      
6.0371223e+01 -1.9688146e+02      
6.0573384e+01 -1.9343490e+02      
6.0885963e+01 -1.9001942e+02      
6.1316169e+01 -1.8672736e+02      
6.1864376e+01 -1.8363890e+02      
6.2523049e+01 -1.8082228e+02      
