3.6287919e+01 2.2101748e+02      
3.7797231e+01 2.2070364e+02      
3.9087743e+01 2.2049954e+02      
3.9063781e+01 2.1957849e+02      
3.8597648e+01 2.1885737e+02      
3.7965979e+01 2.1858152e+02      
3.7251999e+01 2.1879843e+02      
3.6456035e+01 2.1943595e+02      
3.5478278e+01 2.2023568e+02      
3.3971956e+01 2.2034889e+02      
3.2470235e+01 2.2056718e+02      
3.1249875e+01 2.2109613e+02      
3.0467421e+01 2.2196440e+02      
3.0203451e+01 2.2312989e+02      
3.0496144e+01 2.2452713e+02      
3.1362593e+01 2.2608726e+02      
3.2808999e+01 2.2774423e+02      
3.4834648e+01 2.2943528e+02      
3.7433529e+01 2.3110058e+02      
4.0595023e+01 2.3268292e+02      
6.7563086e+01 2.1092078e+02      
7.0075171e+01 2.1089480e+02      
7.1754391e+01 2.1054083e+02      
7.2250957e+01 2.0975646e+02      
7.1616092e+01 2.0878583e+02      
7.0805349e+01 2.0841187e+02      
6.9952852e+01 2.0873549e+02      
6.9021084e+01 2.0961201e+02      
6.7575025e+01 2.1023776e+02      
6.5636659e+01 2.1040296e+02      
6.3396452e+01 2.1024056e+02      
6.1504165e+01 2.1047429e+02      
6.0181484e+01 2.1116136e+02      
5.9482456e+01 2.1220564e+02      
5.9406465e+01 2.1349538e+02      
5.9947248e+01 2.1494053e+02      
6.1096302e+01 2.1646505e+02      
6.2843004e+01 2.1800086e+02      
6.5174284e+01 2.1948494e+02      
6.8074194e+01 2.2085809e+02      
9.7032670e+01 1.9696103e+02      
9.9964668e+01 1.9667619e+02      
1.0216368e+02 1.9616474e+02      
1.0329965e+02 1.9542394e+02      
1.0334739e+02 1.9464548e+02      
1.0252226e+02 1.9420103e+02      
1.0145103e+02 1.9462777e+02      
9.9923533e+01 1.9530021e+02      
9.7933876e+01 1.9581443e+02      
9.5512445e+01 1.9601571e+02      
9.2798155e+01 1.9599414e+02      
9.0175425e+01 1.9603975e+02      
8.8319760e+01 1.9667082e+02      
8.7200173e+01 1.9768927e+02      
8.6763124e+01 1.9893921e+02      
8.6978180e+01 2.0032144e+02      
8.7822268e+01 2.0175690e+02      
8.9275398e+01 2.0317589e+02      
9.1318102e+01 2.0451430e+02      
9.3929734e+01 2.0571227e+02      
1.2296803e+02 1.7887822e+02      
1.2653968e+02 1.7838574e+02      
1.2943831e+02 1.7770487e+02      
1.3130261e+02 1.7688551e+02      
1.3212904e+02 1.7611672e+02      
1.3250540e+02 1.7590172e+02      
1.3054977e+02 1.7604864e+02      
1.2831481e+02 1.7670538e+02      
1.2574841e+02 1.7719514e+02      
1.2284619e+02 1.7736644e+02      
1.1955239e+02 1.7740767e+02      
1.1659165e+02 1.7786821e+02      
1.1434146e+02 1.7871298e+02      
1.1286254e+02 1.7982728e+02      
1.1210029e+02 1.8111225e+02      
1.1200862e+02 1.8248712e+02      
1.1255394e+02 1.8387984e+02      
1.1370968e+02 1.8522333e+02      
1.1545197e+02 1.8645456e+02      
1.1775683e+02 1.8751436e+02      
1.4599824e+02 1.5764274e+02      
1.4940516e+02 1.5668953e+02      
1.5307632e+02 1.5577101e+02      
1.5576218e+02 1.5476724e+02      
1.5828388e+02 1.5405163e+02      
1.5879862e+02 1.5378632e+02      
1.5702722e+02 1.5394547e+02      
1.5347753e+02 1.5443758e+02      
1.5028765e+02 1.5498407e+02      
1.4710803e+02 1.5503026e+02      
1.4376368e+02 1.5547475e+02      
1.4035451e+02 1.5649421e+02      
1.3778294e+02 1.5766939e+02      
1.3603057e+02 1.5895802e+02      
1.3500045e+02 1.6033667e+02      
1.3463597e+02 1.6175385e+02      
1.3489969e+02 1.6314862e+02      
1.3576318e+02 1.6445826e+02      
1.3720117e+02 1.6562187e+02      
1.3918832e+02 1.6658192e+02      
1.6609042e+02 1.3377297e+02      
1.6928671e+02 1.3239764e+02      
1.7291067e+02 1.3110718e+02      
1.7692051e+02 1.2988032e+02      
1.7963594e+02 1.2903834e+02      
1.8023121e+02 1.2875165e+02      
1.7853194e+02 1.2899635e+02      
1.7500617e+02 1.2958262e+02      
1.7078200e+02 1.3015533e+02      
1.6762300e+02 1.3039052e+02      
1.6437751e+02 1.3114740e+02      
1.6093146e+02 1.3255792e+02      
1.5824571e+02 1.3401166e+02      
1.5633581e+02 1.3548473e+02      
1.5510773e+02 1.3698922e+02      
1.5451192e+02 1.3848828e+02      
1.5451733e+02 1.3992613e+02      
1.5509961e+02 1.4124221e+02      
1.5623558e+02 1.4237731e+02      
1.5790058e+02 1.4327594e+02      
1.8306964e+02 1.0769542e+02      
1.8606193e+02 1.0591321e+02      
1.8932484e+02 1.0431035e+02      
1.9268101e+02 1.0298977e+02      
1.9567505e+02 1.0200765e+02      
1.9633823e+02 1.0176573e+02      
1.9446467e+02 1.0223420e+02      
1.9062114e+02 1.0310341e+02      
1.8706621e+02 1.0372011e+02      
1.8419616e+02 1.0409879e+02      
1.8120694e+02 1.0502435e+02      
1.7803352e+02 1.0659328e+02      
1.7545081e+02 1.0820179e+02      
1.7349871e+02 1.0983309e+02      
1.7213760e+02 1.1148105e+02      
1.7134909e+02 1.1309608e+02      
1.7111954e+02 1.1461566e+02      
1.7143412e+02 1.1597678e+02      
1.7227456e+02 1.1712086e+02      
1.7361834e+02 1.1799489e+02      
1.9677617e+02 7.9835378e+01      
1.9962992e+02 7.7579090e+01      
2.0257111e+02 7.5582179e+01      
2.0518460e+02 7.4181028e+01      
2.0683067e+02 7.3714285e+01      
2.0739504e+02 7.3679747e+01      
2.0518889e+02 7.4527909e+01      
2.0231041e+02 7.5347010e+01      
1.9948266e+02 7.5999837e+01      
1.9686086e+02 7.6631211e+01      
1.9424095e+02 7.7589598e+01      
1.9161806e+02 7.8988013e+01      
1.8926612e+02 8.0642736e+01      
1.8733491e+02 8.2424304e+01      
1.8587851e+02 8.4243388e+01      
1.8492248e+02 8.6013165e+01      
1.8447602e+02 8.7653993e+01      
1.8453610e+02 8.9097209e+01      
1.8509017e+02 9.0285000e+01      
1.8611820e+02 9.1168184e+01      
2.0708382e+02 5.0657469e+01      
2.0993356e+02 4.7776834e+01      
2.1281761e+02 4.5155281e+01      
2.1513812e+02 4.3444548e+01      
2.1502178e+02 4.4202772e+01      
2.1433703e+02 4.5052523e+01      
2.1272514e+02 4.5895925e+01      
2.1063498e+02 4.6607925e+01      
2.0845718e+02 4.7163824e+01      
2.0630612e+02 4.7722017e+01      
2.0411761e+02 4.8569987e+01      
2.0185208e+02 4.9917565e+01      
1.9966282e+02 5.1684832e+01      
1.9773507e+02 5.3676454e+01      
1.9618229e+02 5.5725799e+01      
1.9506527e+02 5.7702450e+01      
1.9441238e+02 5.9507014e+01      
1.9422992e+02 6.1066765e+01      
1.9450908e+02 6.2328143e+01      
1.9523109e+02 6.3249071e+01      
2.1389183e+02 2.0663369e+01      
2.1679738e+02 1.7075345e+01      
2.1974568e+02 1.3674151e+01      
2.2094371e+02 1.2671157e+01      
2.1990432e+02 1.4366392e+01      
2.1866534e+02 1.5799382e+01      
2.1726323e+02 1.6734786e+01      
2.1568509e+02 1.7312558e+01      
2.1407690e+02 1.7608594e+01      
2.1253134e+02 1.7764083e+01      
2.1090250e+02 1.8209625e+01      
2.0881759e+02 1.9631234e+01      
2.0663125e+02 2.1694498e+01      
2.0463025e+02 2.4029186e+01      
2.0294816e+02 2.6405811e+01      
2.0166100e+02 2.8656688e+01      
2.0080686e+02 3.0667621e+01      
2.0039434e+02 3.2371340e+01      
2.0041346e+02 3.3727512e+01      
2.0084388e+02 3.4706871e+01      
2.1695589e+02 -9.2977705e+00      
2.1964883e+02 -1.3244184e+01      
2.2178344e+02 -1.6330144e+01      
2.2238000e+02 -1.7010082e+01      
2.2110661e+02 -1.4893268e+01      
2.1979575e+02 -1.3251990e+01      
2.1856250e+02 -1.2340088e+01      
2.1734820e+02 -1.1965225e+01      
2.1622737e+02 -1.2053414e+01      
2.1535349e+02 -1.2601776e+01      
2.1467829e+02 -1.3265645e+01      
2.1249767e+02 -1.1517911e+01      
2.1013456e+02 -8.8935094e+00      
2.0796746e+02 -6.0306411e+00      
2.0610891e+02 -3.1965486e+00      
2.0463504e+02 -5.9398548e-01      
2.0358672e+02 1.6545416e+00      
2.0296196e+02 3.5129069e+00      
2.0274163e+02 4.9705577e+00      
2.0290049e+02 6.0180158e+00      
2.1474322e+02 -3.6192929e+01      
2.1699587e+02 -3.9954249e+01      
2.1900591e+02 -4.3663927e+01      
2.1956137e+02 -4.4768221e+01      
2.1851891e+02 -4.2855088e+01      
2.1741450e+02 -4.1400267e+01      
2.1641275e+02 -4.0703186e+01      
2.1549516e+02 -4.0601492e+01      
2.1473635e+02 -4.1081555e+01      
2.1430015e+02 -4.2255195e+01      
2.1413247e+02 -4.3821341e+01      
2.1262155e+02 -4.2802369e+01      
2.1006214e+02 -3.9470169e+01      
2.0772216e+02 -3.5985355e+01      
2.0562060e+02 -3.2494064e+01      
2.0394566e+02 -2.9467652e+01      
2.0272675e+02 -2.6992706e+01      
2.0192012e+02 -2.5001601e+01      
2.0148928e+02 -2.3456455e+01      
2.0140279e+02 -2.2344348e+01      
2.0896185e+02 -6.2106171e+01      
2.1066587e+02 -6.5215740e+01      
2.1209044e+02 -6.8134102e+01      
2.1284478e+02 -7.0142477e+01      
2.1227199e+02 -6.9055258e+01      
2.1151650e+02 -6.8177190e+01      
2.1077648e+02 -6.7852452e+01      
2.1009399e+02 -6.8035372e+01      
2.0955245e+02 -6.8795440e+01      
2.0928739e+02 -7.0321297e+01      
2.0924095e+02 -7.2353616e+01      
2.0810187e+02 -7.1712913e+01      
2.0607054e+02 -6.8766736e+01      
2.0380040e+02 -6.5000619e+01      
2.0138513e+02 -6.0648528e+01      
1.9957923e+02 -5.7324537e+01      
1.9825596e+02 -5.4737714e+01      
1.9731544e+02 -5.2680500e+01      
1.9671154e+02 -5.1083358e+01      
1.9641130e+02 -4.9921933e+01      
1.9995510e+02 -8.7013048e+01      
2.0122754e+02 -8.9512064e+01      
2.0223213e+02 -9.1715367e+01      
2.0276361e+02 -9.3181696e+01      
2.0267276e+02 -9.3439874e+01      
2.0226893e+02 -9.3358674e+01      
2.0176086e+02 -9.3439770e+01      
2.0124278e+02 -9.3837884e+01      
2.0079495e+02 -9.4687254e+01      
2.0050797e+02 -9.6202782e+01      
2.0030613e+02 -9.8124185e+01      
1.9920036e+02 -9.7155915e+01      
1.9725917e+02 -9.3689702e+01      
1.9524889e+02 -9.0155719e+01      
1.9328176e+02 -8.6648875e+01      
1.9160791e+02 -8.3607231e+01      
1.9027852e+02 -8.1106624e+01      
1.8926062e+02 -7.9075006e+01      
1.8852476e+02 -7.7471963e+01      
1.8804497e+02 -7.6282463e+01      
1.8789370e+02 -1.1060041e+02      
1.8887308e+02 -1.1266837e+02      
1.8962442e+02 -1.1444514e+02      
1.9004834e+02 -1.1572994e+02      
1.9011687e+02 -1.1646065e+02      
1.8991901e+02 -1.1687143e+02      
1.8956791e+02 -1.1723495e+02      
1.8914536e+02 -1.1772105e+02      
1.8870937e+02 -1.1844944e+02      
1.8829845e+02 -1.1956105e+02      
1.8781774e+02 -1.2077963e+02      
1.8662514e+02 -1.1902836e+02      
1.8506527e+02 -1.1636669e+02      
1.8339280e+02 -1.1349323e+02      
1.8175433e+02 -1.1065335e+02      
1.8026421e+02 -1.0802939e+02      
1.7898686e+02 -1.0573377e+02      
1.7793617e+02 -1.0379734e+02      
1.7710525e+02 -1.0222685e+02      
1.7647911e+02 -1.0102800e+02      
1.7298340e+02 -1.3254924e+02      
1.7376349e+02 -1.3432844e+02      
1.7435816e+02 -1.3587127e+02      
1.7471562e+02 -1.3708422e+02      
1.7482351e+02 -1.3795243e+02      
1.7471609e+02 -1.3856468e+02      
1.7444889e+02 -1.3904885e+02      
1.7407143e+02 -1.3950504e+02      
1.7361428e+02 -1.3998173e+02      
1.7307418e+02 -1.4043449e+02      
1.7236059e+02 -1.4045067e+02      
1.7131383e+02 -1.3925020e+02      
1.7002121e+02 -1.3729714e+02      
1.6861288e+02 -1.3502619e+02      
1.6719563e+02 -1.3267332e+02      
1.6585305e+02 -1.3040420e+02      
1.6463972e+02 -1.2833024e+02      
1.6358136e+02 -1.2651573e+02      
1.6268383e+02 -1.2499724e+02      
1.6194101e+02 -1.2379910e+02      
1.5545837e+02 -1.5252518e+02      
1.5609699e+02 -1.5410501e+02      
1.5658189e+02 -1.5549424e+02      
1.5688182e+02 -1.5663882e+02      
1.5698731e+02 -1.5752665e+02      
1.5691180e+02 -1.5819110e+02      
1.5668178e+02 -1.5868643e+02      
1.5632303e+02 -1.5905358e+02      
1.5584906e+02 -1.5928980e+02      
1.5525046e+02 -1.5930962e+02      
1.5448897e+02 -1.5890660e+02      
1.5353106e+02 -1.5789456e+02      
1.5240411e+02 -1.5635593e+02      
1.5117560e+02 -1.5449882e+02      
1.4991688e+02 -1.5250535e+02      
1.4868864e+02 -1.5051663e+02      
1.4753474e+02 -1.4863692e+02      
1.4648094e+02 -1.4693912e+02      
1.4553770e+02 -1.4547344e+02      
1.4470399e+02 -1.4427592e+02      
1.3558834e+02 -1.7020780e+02      
1.3612070e+02 -1.7164129e+02      
1.3652114e+02 -1.7291308e+02      
1.3676863e+02 -1.7398439e+02      
1.3685468e+02 -1.7483961e+02      
1.3678336e+02 -1.7548546e+02      
1.3656662e+02 -1.7593876e+02      
1.3621705e+02 -1.7620792e+02      
1.3574124e+02 -1.7627445e+02      
1.3513555e+02 -1.7607969e+02      
1.3438901e+02 -1.7553493e+02      
1.3349794e+02 -1.7458219e+02      
1.3248151e+02 -1.7325583e+02      
1.3137912e+02 -1.7166069e+02      
1.3023723e+02 -1.6991805e+02      
1.2909879e+02 -1.6813797e+02      
1.2799742e+02 -1.6641108e+02      
1.2695510e+02 -1.6480821e+02      
1.2598257e+02 -1.6338347e+02      
1.2508088e+02 -1.6217839e+02      
1.1367966e+02 -1.8531060e+02      
1.1412775e+02 -1.8663079e+02      
1.1445916e+02 -1.8780528e+02      
1.1465880e+02 -1.8880194e+02      
1.1471910e+02 -1.8960210e+02      
1.1463992e+02 -1.9019911e+02      
1.1442613e+02 -1.9059171e+02      
1.1408395e+02 -1.9077444e+02      
1.1361761e+02 -1.9072911e+02      
1.1302806e+02 -1.9042247e+02      
1.1231545e+02 -1.8981730e+02      
1.1148521e+02 -1.8889759e+02      
1.1055346e+02 -1.8768928e+02      
1.0954654e+02 -1.8625639e+02      
1.0849571e+02 -1.8468129e+02      
1.0743119e+02 -1.8304755e+02      
1.0637790e+02 -1.8143070e+02      
1.0535313e+02 -1.7989487e+02      
1.0436592e+02 -1.7849274e+02      
1.0341755e+02 -1.7726704e+02      
9.0071905e+01 -1.9759068e+02      
9.0449752e+01 -1.9882003e+02      
9.0722329e+01 -1.9991132e+02      
9.0878500e+01 -2.0083600e+02      
9.0911824e+01 -2.0157392e+02      
9.0820516e+01 -2.0211221e+02      
9.0606252e+01 -2.0244178e+02      
9.0272365e+01 -2.0255276e+02      
8.9822297e+01 -2.0243110e+02      
8.9259234e+01 -2.0205937e+02      
8.8587465e+01 -2.0142361e+02      
8.7814949e+01 -2.0052448e+02      
8.6955312e+01 -1.9938552e+02      
8.6027541e+01 -1.9805243e+02      
8.5053475e+01 -1.9658496e+02      
8.4054483e+01 -1.9504754e+02      
8.3048588e+01 -1.9350234e+02      
8.2048589e+01 -1.9200554e+02      
8.1061192e+01 -1.9060589e+02      
8.0086913e+01 -1.8934468e+02      
