3.7456289e+01 2.3736614e+02      
3.7966772e+01 2.3612239e+02      
3.9171056e+01 2.3497199e+02      
4.1116051e+01 2.3399750e+02      
4.3891451e+01 2.3333205e+02      
4.7320610e+01 2.3303745e+02      
4.9047571e+01 2.3205166e+02      
4.8772281e+01 2.3037376e+02      
4.6688790e+01 2.2809634e+02      
4.5054234e+01 2.2630546e+02      
4.3990024e+01 2.2498552e+02      
4.3373946e+01 2.2404856e+02      
4.3138681e+01 2.2344985e+02      
4.3242253e+01 2.2315516e+02      
4.3665693e+01 2.2312973e+02      
4.4412797e+01 2.2333367e+02      
4.5505117e+01 2.2372120e+02      
4.6972792e+01 2.2424230e+02      
4.8845380e+01 2.2484499e+02      
5.1145906e+01 2.2547725e+02      
6.5672425e+01 2.2893471e+02      
6.6442889e+01 2.2766927e+02      
6.8002325e+01 2.2647455e+02      
7.0450959e+01 2.2544300e+02      
7.3965467e+01 2.2471566e+02      
7.8313075e+01 2.2430659e+02      
8.0551797e+01 2.2318688e+02      
8.0219320e+01 2.2131629e+02      
7.7604487e+01 2.1884765e+02      
7.5529975e+01 2.1683018e+02      
7.4185494e+01 2.1529987e+02      
7.3372007e+01 2.1416657e+02      
7.2965752e+01 2.1338110e+02      
7.2884826e+01 2.1290790e+02      
7.3088161e+01 2.1271021e+02      
7.3577138e+01 2.1274310e+02      
7.4385022e+01 2.1295314e+02      
7.5557471e+01 2.1328218e+02      
7.7135525e+01 2.1367145e+02      
7.9147402e+01 2.1406418e+02      
9.2131871e+01 2.1688808e+02      
9.3088078e+01 2.1555367e+02      
9.4884454e+01 2.1424516e+02      
9.7634592e+01 2.1304043e+02      
1.0152933e+02 2.1203838e+02      
1.0633037e+02 2.1121851e+02      
1.0896335e+02 2.0984402e+02      
1.0886670e+02 2.0788741e+02      
1.0625843e+02 2.0550558e+02      
1.0411111e+02 2.0345902e+02      
1.0269046e+02 2.0182428e+02      
1.0181127e+02 2.0055745e+02      
1.0132285e+02 1.9963067e+02      
1.0110036e+02 1.9902197e+02      
1.0107710e+02 1.9870000e+02      
1.0126340e+02 1.9861531e+02      
1.0172554e+02 1.9870332e+02      
1.0254204e+02 1.9889414e+02      
1.0377246e+02 1.9912060e+02      
1.0544998e+02 1.9932123e+02      
1.1637825e+02 2.0145552e+02      
1.1743067e+02 2.0001040e+02      
1.1932855e+02 1.9853236e+02      
1.2215959e+02 1.9707567e+02      
1.2605320e+02 1.9569274e+02      
1.3082898e+02 1.9435588e+02      
1.3381476e+02 1.9267950e+02      
1.3437830e+02 1.9067131e+02      
1.3225656e+02 1.8845302e+02      
1.3034140e+02 1.8646639e+02      
1.2903697e+02 1.8479760e+02      
1.2825599e+02 1.8344303e+02      
1.2782478e+02 1.8240857e+02      
1.2753479e+02 1.8170364e+02      
1.2727079e+02 1.8131245e+02      
1.2707687e+02 1.8117787e+02      
1.2710221e+02 1.8121357e+02      
1.2748968e+02 1.8133054e+02      
1.2832110e+02 1.8145187e+02      
1.2962715e+02 1.8151286e+02      
1.3801675e+02 1.8292696e+02      
1.3907797e+02 1.8134172e+02      
1.4096194e+02 1.7966285e+02      
1.4371754e+02 1.7792316e+02      
1.4732297e+02 1.7613961e+02      
1.5138012e+02 1.7428585e+02      
1.5479308e+02 1.7229723e+02      
1.5665099e+02 1.7023157e+02      
1.5548640e+02 1.6811482e+02      
1.5390538e+02 1.6620866e+02      
1.5280420e+02 1.6454198e+02      
1.5231779e+02 1.6311370e+02      
1.5218527e+02 1.6197243e+02      
1.5195948e+02 1.6119506e+02      
1.5140445e+02 1.6080021e+02      
1.5066113e+02 1.6070947e+02      
1.5009826e+02 1.6078346e+02      
1.4997264e+02 1.6090101e+02      
1.5036537e+02 1.6097912e+02      
1.5127969e+02 1.6095517e+02      
1.5671541e+02 1.6164264e+02      
1.5770730e+02 1.5990146e+02      
1.5949221e+02 1.5801433e+02      
1.6211867e+02 1.5599937e+02      
1.6559798e+02 1.5385354e+02      
1.6973557e+02 1.5157351e+02      
1.7386202e+02 1.4922970e+02      
1.7601680e+02 1.4697387e+02      
1.7596784e+02 1.4489430e+02      
1.7443484e+02 1.4309105e+02      
1.7348662e+02 1.4145977e+02      
1.7357259e+02 1.3993075e+02      
1.7428965e+02 1.3860194e+02      
1.7438101e+02 1.3774153e+02      
1.7339042e+02 1.3743152e+02      
1.7164861e+02 1.3754570e+02      
1.7025677e+02 1.3777766e+02      
1.6955934e+02 1.3797279e+02      
1.6951155e+02 1.3806733e+02      
1.7004348e+02 1.3801132e+02      
1.7220391e+02 1.3798179e+02      
1.7305429e+02 1.3607936e+02      
1.7466031e+02 1.3399409e+02      
1.7708843e+02 1.3173869e+02      
1.8047578e+02 1.2929211e+02      
1.8496445e+02 1.2660881e+02      
1.8885928e+02 1.2393934e+02      
1.9120910e+02 1.2148937e+02      
1.9180054e+02 1.1938131e+02      
1.9110752e+02 1.1762434e+02      
1.9025953e+02 1.1607645e+02      
1.9117166e+02 1.1439442e+02      
1.9371472e+02 1.1267209e+02      
1.9435006e+02 1.1170305e+02      
1.9283365e+02 1.1156808e+02      
1.8929239e+02 1.1214974e+02      
1.8700426e+02 1.1264131e+02      
1.8582065e+02 1.1296718e+02      
1.8540493e+02 1.1312578e+02      
1.8560341e+02 1.1308474e+02      
1.8427473e+02 1.1235229e+02      
1.8491575e+02 1.1028799e+02      
1.8625683e+02 1.0802254e+02      
1.8834867e+02 1.0557654e+02      
1.9124878e+02 1.0294871e+02      
1.9491557e+02 1.0012089e+02      
1.9890591e+02 9.7122466e+01      
2.0149155e+02 9.4468569e+01      
2.0237337e+02 9.2356473e+01      
2.0198938e+02 9.0705860e+01      
2.0219325e+02 8.9010094e+01      
2.0367052e+02 8.7206628e+01      
2.0648569e+02 8.5318694e+01      
2.0726002e+02 8.4354148e+01      
2.0577276e+02 8.4345692e+01      
2.0219499e+02 8.5202400e+01      
1.9977553e+02 8.5877790e+01      
1.9840546e+02 8.6340272e+01      
1.9776688e+02 8.6596094e+01      
1.9771260e+02 8.6610648e+01      
1.9278546e+02 8.5182282e+01      
1.9315885e+02 8.2953288e+01      
1.9416499e+02 8.0521430e+01      
1.9582710e+02 7.7923723e+01      
1.9813258e+02 7.5185802e+01      
2.0098540e+02 7.2325608e+01      
2.0411710e+02 6.9380751e+01      
2.0693269e+02 6.6513215e+01      
2.0792515e+02 6.4441056e+01      
2.0862923e+02 6.2514520e+01      
2.0963269e+02 6.0630873e+01      
2.1111731e+02 5.8848884e+01      
2.1269017e+02 5.7374199e+01      
2.1318244e+02 5.6600757e+01      
2.1222484e+02 5.6617178e+01      
2.1024612e+02 5.7221409e+01      
2.0841884e+02 5.7945666e+01      
2.0714967e+02 5.8551831e+01      
2.0643124e+02 5.8939555e+01      
2.0620777e+02 5.9047673e+01      
1.9765780e+02 5.6914215e+01      
1.9771811e+02 5.4509421e+01      
1.9834757e+02 5.1912022e+01      
1.9955788e+02 4.9178590e+01      
2.0131786e+02 4.6357997e+01      
2.0352404e+02 4.3495166e+01      
2.0596979e+02 4.0646456e+01      
2.0827909e+02 3.7937770e+01      
2.1002587e+02 3.5549837e+01      
2.1158687e+02 3.3323745e+01      
2.1322378e+02 3.1204428e+01      
2.1486037e+02 2.9333848e+01      
2.1609067e+02 2.7994620e+01      
2.1644344e+02 2.7411740e+01      
2.1581106e+02 2.7587458e+01      
2.1454449e+02 2.8303915e+01      
2.1317875e+02 2.9228669e+01      
2.1206959e+02 3.0062463e+01      
2.1134243e+02 3.0634502e+01      
2.1100972e+02 3.0872525e+01      
1.9887367e+02 2.8000711e+01      
1.9858375e+02 2.5395967e+01      
1.9881160e+02 2.2617010e+01      
1.9957703e+02 1.9742762e+01      
2.0086121e+02 1.6841658e+01      
2.0258943e+02 1.3970191e+01      
2.0462129e+02 1.1178459e+01      
2.0676704e+02 8.5151959e+00      
2.0890105e+02 5.9902077e+00      
2.1108002e+02 3.5287657e+00      
2.1338158e+02 1.0697057e+00      
2.1559536e+02 -1.1875487e+00      
2.1703464e+02 -2.6266313e+00      
2.1735727e+02 -3.0073789e+00      
2.1666234e+02 -2.4394385e+00      
2.1550670e+02 -1.2624351e+00      
2.1427481e+02 1.6823394e-01      
2.1324295e+02 1.3754760e+00      
2.1251747e+02 2.1845144e+00      
2.1211040e+02 2.5761088e+00      
1.9647240e+02 -1.0983265e+00      
1.9579342e+02 -3.9453657e+00      
1.9559334e+02 -6.9420658e+00      
1.9591753e+02 -9.9802625e+00      
1.9677817e+02 -1.2971417e+01      
1.9814225e+02 -1.5854308e+01      
1.9993224e+02 -1.8597372e+01      
2.0205043e+02 -2.1202974e+01      
2.0443177e+02 -2.3724559e+01      
2.0708390e+02 -2.6295119e+01      
2.1009864e+02 -2.9137094e+01      
2.1342122e+02 -3.2254253e+01      
2.1530348e+02 -3.3908666e+01      
2.1558314e+02 -3.3991949e+01      
2.1436950e+02 -3.2731785e+01      
2.1305914e+02 -3.0868517e+01      
2.1174216e+02 -2.8571219e+01      
2.1073156e+02 -2.6921793e+01      
2.1001464e+02 -2.5882008e+01      
2.0955974e+02 -2.5345881e+01      
1.9055184e+02 -2.9916687e+01      
1.8943085e+02 -3.3075791e+01      
1.8875761e+02 -3.6353684e+01      
1.8862115e+02 -3.9597291e+01      
1.8907736e+02 -4.2692526e+01      
1.9013671e+02 -4.5573164e+01      
1.9176401e+02 -4.8224481e+01      
1.9389482e+02 -5.0684112e+01      
1.9647476e+02 -5.3031150e+01      
1.9948185e+02 -5.5448062e+01      
2.0294304e+02 -5.8326572e+01      
2.0669093e+02 -6.1711213e+01      
2.0885955e+02 -6.3340727e+01      
2.0922332e+02 -6.3005659e+01      
2.0796971e+02 -6.1028152e+01      
2.0669554e+02 -5.8650494e+01      
2.0551649e+02 -5.6045258e+01      
2.0460621e+02 -5.4210755e+01      
2.0393420e+02 -5.3045714e+01      
2.0346165e+02 -5.2413346e+01      
1.8127602e+02 -5.7976835e+01      
1.7962865e+02 -6.1567341e+01      
1.7839963e+02 -6.5232624e+01      
1.7774704e+02 -6.8744958e+01      
1.7778102e+02 -7.1961957e+01      
1.7855634e+02 -7.4810363e+01      
1.8006670e+02 -7.7287509e+01      
1.8223807e+02 -7.9485559e+01      
1.8498816e+02 -8.1484495e+01      
1.8830982e+02 -8.3272743e+01      
1.9197843e+02 -8.5654541e+01      
1.9574334e+02 -8.8759509e+01      
1.9801709e+02 -9.0073965e+01      
1.9857772e+02 -8.9262095e+01      
1.9759463e+02 -8.6482293e+01      
1.9660113e+02 -8.3921352e+01      
1.9574034e+02 -8.1705836e+01      
1.9501890e+02 -8.0006317e+01      
1.9443599e+02 -7.8850949e+01      
1.9397628e+02 -7.8186076e+01      
1.6889969e+02 -8.4758837e+01      
1.6656752e+02 -8.9026659e+01      
1.6464027e+02 -9.3249984e+01      
1.6337125e+02 -9.7113438e+01      
1.6292694e+02 -1.0047458e+02      
1.6341077e+02 -1.0325352e+02      
1.6485460e+02 -1.0542864e+02      
1.6717820e+02 -1.0711543e+02      
1.7012709e+02 -1.0864187e+02      
1.7391109e+02 -1.0905046e+02      
1.7762065e+02 -1.1043934e+02      
1.8113295e+02 -1.1269796e+02      
1.8337984e+02 -1.1346817e+02      
1.8422356e+02 -1.1245202e+02      
1.8379837e+02 -1.0971928e+02      
1.8325161e+02 -1.0737827e+02      
1.8272059e+02 -1.0548284e+02      
1.8221311e+02 -1.0399287e+02      
1.8174447e+02 -1.0292537e+02      
1.8131968e+02 -1.0227631e+02      
1.5388091e+02 -1.0950662e+02      
1.5067147e+02 -1.1477196e+02      
1.4787643e+02 -1.1970624e+02      
1.4585684e+02 -1.2399921e+02      
1.4484719e+02 -1.2753110e+02      
1.4500367e+02 -1.3022371e+02      
1.4641760e+02 -1.3199507e+02      
1.4913818e+02 -1.3269737e+02      
1.5307958e+02 -1.3216095e+02      
1.5695780e+02 -1.3192589e+02      
1.6047115e+02 -1.3232755e+02      
1.6345726e+02 -1.3302770e+02      
1.6557634e+02 -1.3311941e+02      
1.6671913e+02 -1.3222699e+02      
1.6705241e+02 -1.3053109e+02      
1.6700433e+02 -1.2875305e+02      
1.6679098e+02 -1.2718958e+02      
1.6648895e+02 -1.2591096e+02      
1.6613782e+02 -1.2495625e+02      
1.6575787e+02 -1.2434595e+02      
1.3687557e+02 -1.3124430e+02      
1.3353859e+02 -1.3615190e+02      
1.2989816e+02 -1.4168887e+02      
1.2705552e+02 -1.4643767e+02      
1.2541157e+02 -1.5017250e+02      
1.2520135e+02 -1.5280114e+02      
1.2656277e+02 -1.5421597e+02      
1.2956591e+02 -1.5421606e+02      
1.3398913e+02 -1.5278465e+02      
1.3792579e+02 -1.5194159e+02      
1.4123219e+02 -1.5165376e+02      
1.4392728e+02 -1.5153591e+02      
1.4593990e+02 -1.5118576e+02      
1.4725257e+02 -1.5038461e+02      
1.4796835e+02 -1.4919540e+02      
1.4827015e+02 -1.4786479e+02      
1.4831082e+02 -1.4660032e+02      
1.4818146e+02 -1.4551421e+02      
1.4793413e+02 -1.4466834e+02      
1.4759805e+02 -1.4409909e+02      
1.1808626e+02 -1.4994763e+02      
1.1488429e+02 -1.5428961e+02      
1.1140367e+02 -1.5915359e+02      
1.0779845e+02 -1.6420497e+02      
1.0544587e+02 -1.6815173e+02      
1.0479021e+02 -1.7077369e+02      
1.0605476e+02 -1.7194507e+02      
1.0919886e+02 -1.7159384e+02      
1.1358819e+02 -1.7004707e+02      
1.1730970e+02 -1.6900991e+02      
1.2035406e+02 -1.6839768e+02      
1.2281915e+02 -1.6792424e+02      
1.2471915e+02 -1.6736486e+02      
1.2607456e+02 -1.6659603e+02      
1.2695004e+02 -1.6562653e+02      
1.2744374e+02 -1.6455841e+02      
1.2765201e+02 -1.6351069e+02      
1.2764789e+02 -1.6257589e+02      
1.2748034e+02 -1.6181747e+02      
1.2717976e+02 -1.6127787e+02      
9.7686830e+01 -1.6563855e+02      
9.4735461e+01 -1.6940574e+02      
9.1634996e+01 -1.7351402e+02      
8.8443198e+01 -1.7777360e+02      
8.5429215e+01 -1.8181972e+02      
8.4220401e+01 -1.8448825e+02      
8.5317145e+01 -1.8551711e+02      
8.8742676e+01 -1.8483640e+02      
9.2321147e+01 -1.8384380e+02      
9.5477365e+01 -1.8300420e+02      
9.8141122e+01 -1.8234982e+02      
1.0033740e+02 -1.8176417e+02      
1.0208070e+02 -1.8113403e+02      
1.0339068e+02 -1.8039368e+02      
1.0430666e+02 -1.7954160e+02      
1.0488486e+02 -1.7862727e+02      
1.0518497e+02 -1.7772122e+02      
1.0525840e+02 -1.7689078e+02      
1.0514380e+02 -1.7619057e+02      
1.0486728e+02 -1.7566178e+02      
7.5900402e+01 -1.7825983e+02      
7.3241759e+01 -1.8149748e+02      
7.0562657e+01 -1.8493030e+02      
6.7941314e+01 -1.8839656e+02      
6.5540802e+01 -1.9166108e+02      
6.3786807e+01 -1.9433690e+02      
6.4444661e+01 -1.9543045e+02      
6.7316078e+01 -1.9504412e+02      
7.0115825e+01 -1.9447886e+02      
7.2629957e+01 -1.9391117e+02      
7.4841344e+01 -1.9335534e+02      
7.6723999e+01 -1.9278652e+02      
7.8266167e+01 -1.9216420e+02      
7.9470144e+01 -1.9146296e+02      
8.0353370e+01 -1.9068656e+02      
8.0945331e+01 -1.8986593e+02      
8.1280623e+01 -1.8904732e+02      
8.1392069e+01 -1.8827997e+02      
8.1306503e+01 -1.8760836e+02      
8.1043273e+01 -1.8706926e+02      
