2.2727295e+01 2.5273788e+02      
2.0635349e+01 2.5082862e+02      
1.9126822e+01 2.4877942e+02      
1.8216531e+01 2.4663635e+02      
1.7909219e+01 2.4444869e+02      
1.8195275e+01 2.4227027e+02      
1.9044584e+01 2.4016145e+02      
2.0398853e+01 2.3819139e+02      
2.2164909e+01 2.3643845e+02      
2.4216299e+01 2.3498513e+02      
2.6419067e+01 2.3390191e+02      
2.8692644e+01 2.3321982e+02      
3.1050717e+01 2.3291322e+02      
3.3558970e+01 2.3291490e+02      
3.6274075e+01 2.3314266e+02      
3.9220282e+01 2.3351573e+02      
4.2393772e+01 2.3396107e+02      
4.5778863e+01 2.3441502e+02      
4.9365493e+01 2.3482359e+02      
5.3159245e+01 2.3514161e+02      
5.0025575e+01 2.4385032e+02      
4.8000408e+01 2.4184417e+02      
4.6583278e+01 2.3966039e+02      
4.5797221e+01 2.3734483e+02      
4.5656807e+01 2.3494619e+02      
4.6163178e+01 2.3251790e+02      
4.7295248e+01 2.3012208e+02      
4.8995402e+01 2.2783574e+02      
5.1150026e+01 2.2575755e+02      
5.3570478e+01 2.2400901e+02      
5.6000762e+01 2.2271752e+02      
5.8270956e+01 2.2195060e+02      
6.0479701e+01 2.2165024e+02      
6.2807445e+01 2.2169390e+02      
6.5360626e+01 2.2195937e+02      
6.8164952e+01 2.2234256e+02      
7.1191574e+01 2.2275784e+02      
7.4393110e+01 2.2313459e+02      
7.7740078e+01 2.2341670e+02      
8.1240379e+01 2.2356198e+02      
7.5955396e+01 2.3133289e+02      
7.4000067e+01 2.2921792e+02      
7.2673312e+01 2.2688842e+02      
7.2008591e+01 2.2438868e+02      
7.2034747e+01 2.2176424e+02      
7.2772096e+01 2.1906357e+02      
7.4223136e+01 2.1634308e+02      
7.6352097e+01 2.1367865e+02      
7.9047945e+01 2.1118474e+02      
8.2073117e+01 2.0903210e+02      
8.4929795e+01 2.0746320e+02      
8.6993821e+01 2.0670272e+02      
8.8819402e+01 2.0654492e+02      
9.0825258e+01 2.0675406e+02      
9.3155160e+01 2.0715650e+02      
9.5808259e+01 2.0762844e+02      
9.8694095e+01 2.0807755e+02      
1.0169464e+02 2.0842723e+02      
1.0473929e+02 2.0861954e+02      
1.0784949e+02 2.0862163e+02      
1.0009473e+02 2.1541954e+02      
9.8203701e+01 2.1318589e+02      
9.6954657e+01 2.1070328e+02      
9.6392426e+01 2.0801365e+02      
9.6563103e+01 2.0515728e+02      
9.7514098e+01 2.0217246e+02      
9.9290654e+01 1.9909795e+02      
1.0191664e+02 1.9598695e+02      
1.0533942e+02 1.9294602e+02      
1.0930760e+02 1.9020229e+02      
1.1309901e+02 1.8817421e+02      
1.1443887e+02 1.8761693e+02      
1.1554457e+02 1.8781995e+02      
1.1706138e+02 1.8836533e+02      
1.1914119e+02 1.8901795e+02      
1.2170118e+02 1.8966004e+02      
1.2453192e+02 1.9021321e+02      
1.2736488e+02 1.9059040e+02      
1.3002881e+02 1.9071950e+02      
1.3261034e+02 1.9059567e+02      
1.2205705e+02 1.9639509e+02      
1.2021629e+02 1.9403531e+02      
1.1902007e+02 1.9139683e+02      
1.1852329e+02 1.8851950e+02      
1.1878820e+02 1.8543835e+02      
1.1989036e+02 1.8217957e+02      
1.2193106e+02 1.7875330e+02      
1.2505173e+02 1.7514783e+02      
1.2931961e+02 1.7141504e+02      
1.3435168e+02 1.6790004e+02      
1.3795992e+02 1.6569690e+02      
1.3966945e+02 1.6505957e+02      
1.3992824e+02 1.6583995e+02      
1.4085610e+02 1.6691211e+02      
1.4274615e+02 1.6791094e+02      
1.4539073e+02 1.6878193e+02      
1.4840917e+02 1.6951920e+02      
1.5125839e+02 1.7001072e+02      
1.5335505e+02 1.7005880e+02      
1.5516563e+02 1.6979774e+02      
1.4149978e+02 1.7458919e+02      
1.3968823e+02 1.7209800e+02      
1.3850939e+02 1.6930522e+02      
1.3802476e+02 1.6625010e+02      
1.3830630e+02 1.6296549e+02      
1.3944481e+02 1.5947225e+02      
1.4157384e+02 1.5576328e+02      
1.4495659e+02 1.5174790e+02      
1.4991303e+02 1.4728887e+02      
1.5464086e+02 1.4351106e+02      
1.5814706e+02 1.4114203e+02      
1.6011398e+02 1.4046698e+02      
1.6085574e+02 1.4130597e+02      
1.6134884e+02 1.4298254e+02      
1.6333232e+02 1.4427513e+02      
1.6639574e+02 1.4535853e+02      
1.7000605e+02 1.4633947e+02      
1.7335020e+02 1.4711412e+02      
1.7443651e+02 1.4696960e+02      
1.7512689e+02 1.4655482e+02      
1.5813199e+02 1.5036957e+02      
1.5632426e+02 1.4774301e+02      
1.5512056e+02 1.4480055e+02      
1.5458514e+02 1.4158229e+02      
1.5479152e+02 1.3812318e+02      
1.5582504e+02 1.3445123e+02      
1.5779138e+02 1.3058040e+02      
1.6082360e+02 1.2649788e+02      
1.6494340e+02 1.2221840e+02      
1.6968884e+02 1.1801056e+02      
1.7323708e+02 1.1540923e+02      
1.7526828e+02 1.1483588e+02      
1.7612083e+02 1.1598178e+02      
1.7762233e+02 1.1729557e+02      
1.8029917e+02 1.1852627e+02      
1.8414744e+02 1.1971025e+02      
1.8862451e+02 1.2088130e+02      
1.9160303e+02 1.2158787e+02      
1.9258958e+02 1.2166091e+02      
1.9195762e+02 1.2118064e+02      
1.7172109e+02 1.2413458e+02      
1.6989062e+02 1.2136900e+02      
1.6861697e+02 1.1828337e+02      
1.6796621e+02 1.1491780e+02      
1.6801038e+02 1.1130976e+02      
1.6881988e+02 1.0750050e+02      
1.7045437e+02 1.0354128e+02      
1.7293802e+02 9.9504996e+01      
1.7619667e+02 9.5513676e+01      
1.7994909e+02 9.1806505e+01      
1.8356229e+02 8.8927212e+01      
1.8556314e+02 8.8559767e+01      
1.8742635e+02 8.9056339e+01      
1.8980228e+02 8.9908673e+01      
1.9313990e+02 9.0943373e+01      
1.9780120e+02 9.2100450e+01      
2.0200043e+02 9.3126528e+01      
2.0468327e+02 9.3844017e+01      
2.0548989e+02 9.4144107e+01      
2.0473720e+02 9.3994062e+01      
1.8209911e+02 9.6304543e+01      
1.8022083e+02 9.3396065e+01      
1.7883027e+02 9.0176941e+01      
1.7800130e+02 8.6680985e+01      
1.7781116e+02 8.2940746e+01      
1.7832121e+02 7.9004666e+01      
1.7956296e+02 7.4951728e+01      
1.8151851e+02 7.0909738e+01      
1.8408687e+02 6.7082366e+01      
1.8704733e+02 6.3776324e+01      
1.9001900e+02 6.1437760e+01      
1.9260905e+02 6.0487673e+01      
1.9519288e+02 6.0442471e+01      
1.9806782e+02 6.0937627e+01      
2.0143021e+02 6.1787206e+01      
2.0537107e+02 6.2824155e+01      
2.0955876e+02 6.3813257e+01      
2.1205892e+02 6.4629871e+01      
2.1249511e+02 6.5198887e+01      
2.1128047e+02 6.5393567e+01      
1.8917100e+02 6.7310093e+01      
1.8722279e+02 6.4254819e+01      
1.8565974e+02 6.0922305e+01      
1.8458530e+02 5.7321688e+01      
1.8410072e+02 5.3462191e+01      
1.8426896e+02 4.9385539e+01      
1.8511030e+02 4.5180017e+01      
1.8660028e+02 4.0998756e+01      
1.8865752e+02 3.7088389e+01      
1.9111104e+02 3.3847019e+01      
1.9372775e+02 3.1746153e+01      
1.9652686e+02 3.0669405e+01      
1.9958288e+02 3.0353237e+01      
2.0271968e+02 3.0656153e+01      
2.0585405e+02 3.1444458e+01      
2.0889311e+02 3.2565133e+01      
2.1169805e+02 3.3781940e+01      
2.1398834e+02 3.4785073e+01      
2.1395763e+02 3.5707095e+01      
2.1349449e+02 3.6180715e+01      
1.9293236e+02 3.7572001e+01      
1.9089497e+02 3.4366628e+01      
1.8906826e+02 3.0973745e+01      
1.8765855e+02 2.7321381e+01      
1.8682478e+02 2.3363408e+01      
1.8662825e+02 1.9125433e+01      
1.8707811e+02 1.4686183e+01      
1.8815677e+02 1.0190398e+01      
1.8982115e+02 5.9044335e+00      
1.9196550e+02 2.3213736e+00      
1.9421513e+02 5.2991144e-01      
1.9699032e+02 -3.4986951e-01      
2.0050349e+02 -7.3022309e-01      
2.0386224e+02 -4.7810619e-01      
2.0680356e+02 3.7857905e-01      
2.0904870e+02 1.7709551e+00      
2.1033233e+02 3.5334788e+00      
2.1146370e+02 5.0159907e+00      
2.1189998e+02 6.1607006e+00      
2.1202290e+02 6.8712041e+00      
1.9352508e+02 7.4522037e+00      
1.9137934e+02 4.0934072e+00      
1.8905653e+02 8.0672823e-01      
1.8717634e+02 -2.7928071e+00      
1.8595525e+02 -6.8175669e+00      
1.8539151e+02 -1.1225764e+01      
1.8546133e+02 -1.5966245e+01      
1.8614700e+02 -2.0936102e+01      
1.8742855e+02 -2.5794195e+01      
1.8908664e+02 -2.9386992e+01      
1.9107709e+02 -3.1355377e+01      
1.9350943e+02 -3.1791154e+01      
1.9658500e+02 -3.1708457e+01      
2.0009154e+02 -3.1357511e+01      
2.0298085e+02 -3.0353225e+01      
2.0484247e+02 -2.8642451e+01      
2.0549350e+02 -2.6369952e+01      
2.0614657e+02 -2.4456948e+01      
2.0670423e+02 -2.3021582e+01      
2.0713504e+02 -2.2066483e+01      
1.9101165e+02 -2.2606134e+01      
1.8873215e+02 -2.6125519e+01      
1.8546597e+02 -2.8953115e+01      
1.8306279e+02 -3.2425931e+01      
1.8149195e+02 -3.6508988e+01      
1.8059654e+02 -4.1068955e+01      
1.8030276e+02 -4.6077975e+01      
1.8057151e+02 -5.1555299e+01      
1.8130263e+02 -5.6483830e+01      
1.8248078e+02 -6.0206985e+01      
1.8412352e+02 -6.2376367e+01      
1.8624906e+02 -6.2955707e+01      
1.8883067e+02 -6.2281634e+01      
1.9175541e+02 -6.1287396e+01      
1.9468298e+02 -6.0035618e+01      
1.9654145e+02 -5.8028410e+01      
1.9714938e+02 -5.5343305e+01      
1.9775275e+02 -5.3078876e+01      
1.9838659e+02 -5.1361082e+01      
1.9897723e+02 -5.0161599e+01      
1.8360172e+02 -5.0817579e+01      
1.8117937e+02 -5.4499064e+01      
1.7781970e+02 -5.7397623e+01      
1.7526396e+02 -6.0966390e+01      
1.7349904e+02 -6.5159917e+01      
1.7235619e+02 -6.9846996e+01      
1.7173368e+02 -7.4915266e+01      
1.7154199e+02 -8.0180035e+01      
1.7174220e+02 -8.5404217e+01      
1.7242998e+02 -8.9446211e+01      
1.7369261e+02 -9.1874794e+01      
1.7550796e+02 -9.2592245e+01      
1.7770417e+02 -9.2166611e+01      
1.8010800e+02 -9.0348868e+01      
1.8252953e+02 -8.8105540e+01      
1.8457392e+02 -8.5790634e+01      
1.8545787e+02 -8.2833139e+01      
1.8623523e+02 -8.0326202e+01      
1.8699483e+02 -7.8375701e+01      
1.8770028e+02 -7.6954178e+01      
1.7167606e+02 -7.6478120e+01      
1.6908668e+02 -8.0344688e+01      
1.6629152e+02 -8.4064299e+01      
1.6393797e+02 -8.7951960e+01      
1.6215576e+02 -9.2291805e+01      
1.6087154e+02 -9.7117534e+01      
1.6000357e+02 -1.0227400e+02      
1.5940006e+02 -1.0725867e+02      
1.5914918e+02 -1.1221677e+02      
1.5930293e+02 -1.1675543e+02      
1.6017022e+02 -1.1965017e+02      
1.6157581e+02 -1.2146947e+02      
1.6350690e+02 -1.2168128e+02      
1.6553414e+02 -1.1812519e+02      
1.6762273e+02 -1.1459171e+02      
1.6945132e+02 -1.1142282e+02      
1.7076693e+02 -1.0839923e+02      
1.7180716e+02 -1.0575960e+02      
1.7271091e+02 -1.0362706e+02      
1.7350901e+02 -1.0201364e+02      
1.5712743e+02 -1.0069128e+02      
1.5430177e+02 -1.0479346e+02      
1.5158393e+02 -1.0905386e+02      
1.4944933e+02 -1.1304217e+02      
1.4775498e+02 -1.1745052e+02      
1.4641074e+02 -1.2239109e+02      
1.4529520e+02 -1.2746155e+02      
1.4437442e+02 -1.3248772e+02      
1.4369601e+02 -1.3734657e+02      
1.4339417e+02 -1.4208457e+02      
1.4363908e+02 -1.4619606e+02      
1.4454842e+02 -1.4918186e+02      
1.4619300e+02 -1.4827041e+02      
1.4826519e+02 -1.4340780e+02      
1.5030531e+02 -1.3887680e+02      
1.5210368e+02 -1.3507631e+02      
1.5358324e+02 -1.3179736e+02      
1.5479203e+02 -1.2900703e+02      
1.5580413e+02 -1.2672273e+02      
1.5666469e+02 -1.2494772e+02      
1.4021144e+02 -1.2298236e+02      
1.3710165e+02 -1.2729849e+02      
1.3439155e+02 -1.3155210e+02      
1.3224384e+02 -1.3572489e+02      
1.3067809e+02 -1.4006795e+02      
1.2930086e+02 -1.4479124e+02      
1.2799518e+02 -1.4978345e+02      
1.2675489e+02 -1.5494368e+02      
1.2562773e+02 -1.6022621e+02      
1.2473572e+02 -1.6556740e+02      
1.2431040e+02 -1.7070585e+02      
1.2488541e+02 -1.7278098e+02      
1.2643427e+02 -1.7093334e+02      
1.2873221e+02 -1.6533372e+02      
1.3086807e+02 -1.6027080e+02      
1.3270274e+02 -1.5611462e+02      
1.3424338e+02 -1.5262958e+02      
1.3552236e+02 -1.4970872e+02      
1.3658519e+02 -1.4730798e+02      
1.3746974e+02 -1.4540588e+02      
1.2121632e+02 -1.4270167e+02      
1.1803346e+02 -1.4681595e+02      
1.1528647e+02 -1.5093267e+02      
1.1310306e+02 -1.5501898e+02      
1.1145103e+02 -1.5920868e+02      
1.1009743e+02 -1.6372003e+02      
1.0862194e+02 -1.6862998e+02      
1.0705969e+02 -1.7389803e+02      
1.0542379e+02 -1.7962882e+02      
1.0385972e+02 -1.8584919e+02      
1.0321011e+02 -1.8997138e+02      
1.0358247e+02 -1.9121779e+02      
1.0503085e+02 -1.8899904e+02      
1.0747238e+02 -1.8336040e+02      
1.0966275e+02 -1.7826399e+02      
1.1150571e+02 -1.7403923e+02      
1.1304654e+02 -1.7049836e+02      
1.1432617e+02 -1.6753035e+02      
1.1538488e+02 -1.6507062e+02      
1.1625445e+02 -1.6308460e+02      
1.0085841e+02 -1.5903079e+02      
9.7564261e+01 -1.6297580e+02      
9.4757284e+01 -1.6689581e+02      
9.2595001e+01 -1.7071832e+02      
9.0992454e+01 -1.7454091e+02      
8.9408280e+01 -1.7880921e+02      
8.7724021e+01 -1.8357866e+02      
8.5941496e+01 -1.8866966e+02      
8.3806697e+01 -1.9481634e+02      
8.2293202e+01 -1.9979048e+02      
8.1591839e+01 -2.0289775e+02      
8.1758729e+01 -2.0372561e+02      
8.2852608e+01 -2.0190850e+02      
8.4963046e+01 -1.9728519e+02      
8.7058948e+01 -1.9260677e+02      
8.8850984e+01 -1.8854240e+02      
9.0324682e+01 -1.8511128e+02      
9.1543229e+01 -1.8220420e+02      
9.2549209e+01 -1.7975637e+02      
9.3368977e+01 -1.7773524e+02      
7.9077424e+01 -1.7225618e+02      
7.6015154e+01 -1.7573347e+02      
7.3148102e+01 -1.7940790e+02      
7.1061668e+01 -1.8288455e+02      
6.9216846e+01 -1.8652029e+02      
6.7447230e+01 -1.9043738e+02      
6.5694274e+01 -1.9463550e+02      
6.3942443e+01 -1.9904901e+02      
6.2244452e+01 -2.0353750e+02      
6.0962165e+01 -2.0721323e+02      
6.0274526e+01 -2.0953020e+02      
6.0217618e+01 -2.1023289e+02      
6.0699494e+01 -2.0935753e+02      
6.1490256e+01 -2.0737242e+02      
6.3475813e+01 -2.0313632e+02      
6.5109728e+01 -1.9943885e+02      
6.6426671e+01 -1.9628723e+02      
6.7524048e+01 -1.9354768e+02      
6.8435919e+01 -1.9118033e+02      
6.9178018e+01 -1.8917058e+02      
