6.2957843e+00 2.3140631e+02      
5.2675610e+00 2.2800711e+02      
4.7463325e+00 2.2470715e+02      
4.5589897e+00 2.2164323e+02      
4.3418950e+00 2.1897319e+02      
3.6489432e+00 2.1682824e+02      
2.9547360e+00 2.1520681e+02      
2.6312669e+00 2.1408295e+02      
2.8142817e+00 2.1345927e+02      
3.4419025e+00 2.1337785e+02      
4.1552099e+00 2.1387489e+02      
3.7917796e+00 2.1476413e+02      
3.5000796e+00 2.1626290e+02      
3.6563200e+00 2.1834381e+02      
4.4058818e+00 2.2092696e+02      
5.8060395e+00 2.2391306e+02      
7.8852953e+00 2.2718881e+02      
1.0662122e+01 2.3063362e+02      
1.4147042e+01 2.3412789e+02      
1.8340787e+01 2.3755852e+02      
3.5541822e+01 2.1963451e+02      
3.5036616e+01 2.1589289e+02      
3.5198577e+01 2.1216876e+02      
3.5837874e+01 2.0864097e+02      
3.6413254e+01 2.0556895e+02      
3.5220910e+01 2.0322321e+02      
3.4047684e+01 2.0146921e+02      
3.3498353e+01 2.0018328e+02      
3.3778714e+01 1.9933871e+02      
3.4704253e+01 1.9901824e+02      
3.5091682e+01 1.9925115e+02      
3.4655439e+01 2.0005804e+02      
3.3597739e+01 2.0150202e+02      
3.3050115e+01 2.0361178e+02      
3.3223505e+01 2.0628562e+02      
3.4125730e+01 2.0940483e+02      
3.5747367e+01 2.1283127e+02      
3.8097684e+01 2.1641897e+02      
4.1184702e+01 2.2002927e+02      
4.5006551e+01 2.2353727e+02      
6.3511883e+01 2.0448908e+02      
6.3568088e+01 2.0036315e+02      
6.4539718e+01 1.9610914e+02      
6.6121125e+01 1.9198004e+02      
6.6619390e+01 1.8853327e+02      
6.5731120e+01 1.8590946e+02      
6.3905398e+01 1.8410930e+02      
6.2929585e+01 1.8270679e+02      
6.3242995e+01 1.8157468e+02      
6.3804150e+01 1.8088786e+02      
6.3953648e+01 1.8081744e+02      
6.3433299e+01 1.8147404e+02      
6.2344090e+01 1.8290826e+02      
6.1150004e+01 1.8510432e+02      
6.0796344e+01 1.8793733e+02      
6.1192013e+01 1.9128209e+02      
6.2317524e+01 1.9495328e+02      
6.4195018e+01 1.9876642e+02      
6.6837077e+01 2.0256040e+02      
7.0240273e+01 2.0620004e+02      
8.9615655e+01 1.8632191e+02      
9.0094381e+01 1.8184505e+02      
9.1794929e+01 1.7700138e+02      
9.3272736e+01 1.7244993e+02      
9.3764308e+01 1.6861412e+02      
9.3069292e+01 1.6568327e+02      
9.1503962e+01 1.6361600e+02      
8.9904555e+01 1.6213455e+02      
8.9600083e+01 1.6071252e+02      
9.0100537e+01 1.5954434e+02      
9.0180996e+01 1.5907334e+02      
8.9555999e+01 1.5950187e+02      
8.8336587e+01 1.6085993e+02      
8.7381403e+01 1.6301975e+02      
8.6697124e+01 1.6610034e+02      
8.6566428e+01 1.6981456e+02      
8.7151268e+01 1.7385924e+02      
8.8513188e+01 1.7799845e+02      
9.0672382e+01 1.8205022e+02      
9.3621505e+01 1.8587605e+02      
1.1337165e+02 1.6551624e+02      
1.1383717e+02 1.6088007e+02      
1.1509957e+02 1.5594158e+02      
1.1677128e+02 1.5085956e+02      
1.1739746e+02 1.4657050e+02      
1.1675624e+02 1.4336264e+02      
1.1515372e+02 1.4110027e+02      
1.1397149e+02 1.3900236e+02      
1.1348420e+02 1.3708650e+02      
1.1351472e+02 1.3551798e+02      
1.1364279e+02 1.3451528e+02      
1.1295843e+02 1.3461876e+02      
1.1229963e+02 1.3554916e+02      
1.1179576e+02 1.3749310e+02      
1.1061116e+02 1.4103945e+02      
1.0985082e+02 1.4534393e+02      
1.0982684e+02 1.4993480e+02      
1.1063388e+02 1.5451392e+02      
1.1228511e+02 1.5889509e+02      
1.1475936e+02 1.6295397e+02      
1.3453266e+02 1.4241566e+02      
1.3488662e+02 1.3770594e+02      
1.3574403e+02 1.3277145e+02      
1.3684605e+02 1.2774249e+02      
1.3766744e+02 1.2294925e+02      
1.3704183e+02 1.1949293e+02      
1.3614547e+02 1.1640690e+02      
1.3543871e+02 1.1352427e+02      
1.3501953e+02 1.1095102e+02      
1.3477580e+02 1.0888876e+02      
1.3456683e+02 1.0749083e+02      
1.3424397e+02 1.0692627e+02      
1.3400810e+02 1.0731941e+02      
1.3329324e+02 1.0942403e+02      
1.3206633e+02 1.1321889e+02      
1.3062182e+02 1.1833650e+02      
1.2992936e+02 1.2367063e+02      
1.3015997e+02 1.2879675e+02      
1.3130145e+02 1.3355658e+02      
1.3329965e+02 1.3787575e+02      
1.5295326e+02 1.1736004e+02      
1.5328141e+02 1.1258784e+02      
1.5393261e+02 1.0763937e+02      
1.5467853e+02 1.0265521e+02      
1.5517312e+02 9.7888129e+01      
1.5507297e+02 9.3654166e+01      
1.5471544e+02 8.9726474e+01      
1.5443863e+02 8.5965104e+01      
1.5426607e+02 8.2527639e+01      
1.5382655e+02 7.9899966e+01      
1.5337510e+02 7.8035642e+01      
1.5307033e+02 7.6889469e+01      
1.5243695e+02 7.7359360e+01      
1.5137631e+02 7.9736668e+01      
1.4994665e+02 8.3930528e+01      
1.4834914e+02 8.9521243e+01      
1.4701700e+02 9.5729120e+01      
1.4672125e+02 1.0141566e+02      
1.4739003e+02 1.0654947e+02      
1.4893388e+02 1.1112502e+02      
1.6848215e+02 9.0727020e+01      
1.6891853e+02 8.5874531e+01      
1.6958155e+02 8.0854645e+01      
1.7026206e+02 7.5797444e+01      
1.7073399e+02 7.0849751e+01      
1.7085783e+02 6.6100316e+01      
1.7073362e+02 6.1489881e+01      
1.7072746e+02 5.6861788e+01      
1.7112485e+02 5.2169021e+01      
1.7036655e+02 4.8932910e+01      
1.6960019e+02 4.6675278e+01      
1.6866709e+02 4.5770602e+01      
1.6747490e+02 4.6392899e+01      
1.6594836e+02 4.9148784e+01      
1.6414543e+02 5.3984174e+01      
1.6216238e+02 6.0389852e+01      
1.6067379e+02 6.6894137e+01      
1.6001979e+02 7.2963635e+01      
1.6028006e+02 7.8414320e+01      
1.6140918e+02 8.3210336e+01      
1.8095737e+02 6.2936293e+01      
1.8165268e+02 5.7976358e+01      
1.8253036e+02 5.2834472e+01      
1.8337552e+02 4.7628270e+01      
1.8399067e+02 4.2458221e+01      
1.8424532e+02 3.7354825e+01      
1.8396210e+02 3.2278929e+01      
1.8369893e+02 2.7110139e+01      
1.8368744e+02 2.1793896e+01      
1.8376534e+02 1.6682214e+01      
1.8293501e+02 1.3694997e+01      
1.8142005e+02 1.3027914e+01      
1.7916787e+02 1.4864451e+01      
1.7714983e+02 1.8042008e+01      
1.7493431e+02 2.3722284e+01      
1.7273759e+02 3.0491785e+01      
1.7088809e+02 3.7521543e+01      
1.6986621e+02 4.3992539e+01      
1.6977032e+02 4.9695275e+01      
1.7053496e+02 5.4648494e+01      
1.9022132e+02 3.4441877e+01      
1.9132767e+02 2.9346311e+01      
1.9262196e+02 2.4043427e+01      
1.9386775e+02 1.8655410e+01      
1.9459822e+02 1.3321235e+01      
1.9502196e+02 8.0069760e+00      
1.9412437e+02 2.6544862e+00      
1.9342622e+02 -2.8446793e+00      
1.9285740e+02 -8.6306770e+00      
1.9246967e+02 -1.4637102e+01      
1.9126706e+02 -1.8190539e+01      
1.8946547e+02 -1.9003029e+01      
1.8726022e+02 -1.7207115e+01      
1.8495672e+02 -1.3232140e+01      
1.8251888e+02 -7.1652532e+00      
1.7996308e+02 2.9870705e-01      
1.7745609e+02 8.2951237e+00      
1.7609461e+02 1.5107492e+01      
1.7572117e+02 2.0936354e+01      
1.7618626e+02 2.5948998e+01      
1.9616198e+02 5.7173750e+00      
1.9780001e+02 4.5901992e-01      
1.9958587e+02 -5.0250122e+00      
2.0152434e+02 -1.0622437e+01      
2.0188537e+02 -1.5980224e+01      
2.0087475e+02 -2.1163015e+01      
2.0052439e+02 -2.6766712e+01      
1.9965942e+02 -3.2375686e+01      
1.9828603e+02 -3.8103289e+01      
1.9644259e+02 -4.3988685e+01      
1.9456973e+02 -4.7891941e+01      
1.9251132e+02 -4.8903643e+01      
1.9023642e+02 -4.6952223e+01      
1.8777771e+02 -4.2353152e+01      
1.8509921e+02 -3.5545143e+01      
1.8220995e+02 -2.7291209e+01      
1.7996389e+02 -1.9711613e+01      
1.7858980e+02 -1.3088409e+01      
1.7806713e+02 -7.3526488e+00      
1.7830963e+02 -2.4069209e+00      
1.9840413e+02 -2.2670203e+01      
2.0051401e+02 -2.8077114e+01      
2.0257531e+02 -3.3738091e+01      
2.0396893e+02 -3.9326358e+01      
2.0378184e+02 -4.4523402e+01      
2.0208148e+02 -4.9369060e+01      
2.0151040e+02 -5.4856038e+01      
2.0033634e+02 -6.0222227e+01      
1.9827822e+02 -6.5367706e+01      
1.9536793e+02 -7.0201479e+01      
1.9312553e+02 -7.4797225e+01      
1.9087274e+02 -7.5930050e+01      
1.8848866e+02 -7.3564724e+01      
1.8591938e+02 -6.8217989e+01      
1.8311328e+02 -6.0657498e+01      
1.8061986e+02 -5.3223636e+01      
1.7868260e+02 -4.6365625e+01      
1.7741617e+02 -4.0202802e+01      
1.7684054e+02 -3.4746886e+01      
1.7692806e+02 -2.9986133e+01      
1.9466450e+02 -4.9698717e+01      
1.9669915e+02 -5.5029562e+01      
1.9926682e+02 -6.0893913e+01      
2.0066889e+02 -6.6528128e+01      
2.0026163e+02 -7.1508390e+01      
1.9816742e+02 -7.5823031e+01      
1.9704851e+02 -8.0809795e+01      
1.9546207e+02 -8.5652982e+01      
1.9310203e+02 -9.0210303e+01      
1.8997009e+02 -9.4488723e+01      
1.8747012e+02 -9.8968497e+01      
1.8510559e+02 -9.9745256e+01      
1.8269694e+02 -9.6674292e+01      
1.8014622e+02 -9.0601131e+01      
1.7770971e+02 -8.4075114e+01      
1.7558020e+02 -7.7659098e+01      
1.7389685e+02 -7.1584153e+01      
1.7274401e+02 -6.5973728e+01      
1.7215750e+02 -6.0900717e+01      
1.7213546e+02 -5.6406986e+01      
1.8711026e+02 -7.5390195e+01      
1.8855183e+02 -8.0377232e+01      
1.9030970e+02 -8.5800520e+01      
1.9196471e+02 -9.1499330e+01      
1.9169921e+02 -9.6328511e+01      
1.8942106e+02 -1.0004107e+02      
1.8747876e+02 -1.0407812e+02      
1.8553576e+02 -1.0821904e+02      
1.8323658e+02 -1.1225212e+02      
1.8064314e+02 -1.1630919e+02      
1.7816758e+02 -1.2023234e+02      
1.7584318e+02 -1.2017378e+02      
1.7355609e+02 -1.1630039e+02      
1.7129025e+02 -1.1133792e+02      
1.6916944e+02 -1.0596925e+02      
1.6731557e+02 -1.0051994e+02      
1.6582705e+02 -9.5199744e+01      
1.6477268e+02 -9.0161763e+01      
1.6418902e+02 -8.5513242e+01      
1.6408430e+02 -8.1329691e+01      
1.7621743e+02 -9.9448695e+01      
1.7701666e+02 -1.0398869e+02      
1.7793230e+02 -1.0881930e+02      
1.7870412e+02 -1.1381236e+02      
1.7876678e+02 -1.1860529e+02      
1.7676052e+02 -1.2198693e+02      
1.7472131e+02 -1.2545169e+02      
1.7270118e+02 -1.2896349e+02      
1.7053095e+02 -1.3235962e+02      
1.6821258e+02 -1.3565937e+02      
1.6584729e+02 -1.3849485e+02      
1.6371685e+02 -1.3736579e+02      
1.6161198e+02 -1.3446817e+02      
1.5957439e+02 -1.3062737e+02      
1.5768835e+02 -1.2626207e+02      
1.5603907e+02 -1.2165462e+02      
1.5469985e+02 -1.1702277e+02      
1.5372493e+02 -1.1253227e+02      
1.5314638e+02 -1.0830846e+02      
1.5297495e+02 -1.0444656e+02      
1.6229068e+02 -1.2158316e+02      
1.6255456e+02 -1.2566212e+02      
1.6280852e+02 -1.2990873e+02      
1.6285175e+02 -1.3418206e+02      
1.6235107e+02 -1.3821022e+02      
1.6097601e+02 -1.4165848e+02      
1.5922007e+02 -1.4482968e+02      
1.5731960e+02 -1.4781384e+02      
1.5529675e+02 -1.5051640e+02      
1.5318199e+02 -1.5277250e+02      
1.5105281e+02 -1.5404562e+02      
1.4901348e+02 -1.5341069e+02      
1.4705077e+02 -1.5134892e+02      
1.4518720e+02 -1.4836612e+02      
1.4347876e+02 -1.4479140e+02      
1.4198577e+02 -1.4088387e+02      
1.4076246e+02 -1.3685004e+02      
1.3985055e+02 -1.3285465e+02      
1.3927610e+02 -1.2902880e+02      
1.3904883e+02 -1.2547695e+02      
1.4567302e+02 -1.4153483e+02      
1.4552324e+02 -1.4517598e+02      
1.4530983e+02 -1.4890654e+02      
1.4489063e+02 -1.5259703e+02      
1.4410493e+02 -1.5608474e+02      
1.4288094e+02 -1.5924906e+02      
1.4132930e+02 -1.6209089e+02      
1.3958085e+02 -1.6460560e+02      
1.3770802e+02 -1.6670663e+02      
1.3576468e+02 -1.6821606e+02      
1.3381058e+02 -1.6883923e+02      
1.3190158e+02 -1.6832446e+02      
1.3007164e+02 -1.6674377e+02      
1.2835300e+02 -1.6434068e+02      
1.2678729e+02 -1.6135750e+02      
1.2541905e+02 -1.5800732e+02      
1.2428881e+02 -1.5447221e+02      
1.2342827e+02 -1.5090545e+02      
1.2285748e+02 -1.4743478e+02      
1.2258374e+02 -1.4416618e+02      
1.2670713e+02 -1.5906192e+02      
1.2625081e+02 -1.6230252e+02      
1.2571655e+02 -1.6558561e+02      
1.2501592e+02 -1.6880595e+02      
1.2407012e+02 -1.7185311e+02      
1.2284957e+02 -1.7463778e+02      
1.2139089e+02 -1.7710389e+02      
1.1975975e+02 -1.7919713e+02      
1.1801670e+02 -1.8083120e+02      
1.1621460e+02 -1.8187819e+02      
1.1440348e+02 -1.8218815e+02      
1.1262890e+02 -1.8166177e+02      
1.1092925e+02 -1.8032233e+02      
1.0933970e+02 -1.7829327e+02      
1.0789588e+02 -1.7573620e+02      
1.0663276e+02 -1.7281506e+02      
1.0558136e+02 -1.6968221e+02      
1.0476561e+02 -1.6647361e+02      
1.0420028e+02 -1.6330789e+02      
1.0388980e+02 -1.6028711e+02      
1.0573878e+02 -1.7394257e+02      
1.0505982e+02 -1.7682071e+02      
1.0430471e+02 -1.7971076e+02      
1.0342002e+02 -1.8252541e+02      
1.0236353e+02 -1.8517686e+02      
1.0111984e+02 -1.8758622e+02      
9.9705437e+01 -1.8968578e+02      
9.8157614e+01 -1.9140921e+02      
9.6520311e+01 -1.9268003e+02      
9.4837532e+01 -1.9341069e+02      
9.3151680e+01 -1.9351877e+02      
9.1502339e+01 -1.9295848e+02      
8.9925489e+01 -1.9174614e+02      
8.8454232e+01 -1.8995667e+02      
8.7119630e+01 -1.8770055e+02      
8.5950137e+01 -1.8510196e+02      
8.4969919e+01 -1.8228514e+02      
8.4196962e+01 -1.7936723e+02      
8.3641554e+01 -1.7645489e+02      
8.3305365e+01 -1.7364309e+02      
8.3123969e+01 -1.8598293e+02      
8.2285022e+01 -1.8853323e+02      
8.1376607e+01 -1.9107285e+02      
8.0367007e+01 -1.9352680e+02      
7.9232975e+01 -1.9582002e+02      
7.7966935e+01 -1.9788148e+02      
7.6579269e+01 -1.9964518e+02      
7.5094455e+01 -2.0104758e+02      
7.3544745e+01 -2.0202498e+02      
7.1965346e+01 -2.0251593e+02      
7.0391711e+01 -2.0247125e+02      
6.8857958e+01 -2.0186857e+02      
6.7395982e+01 -2.0072318e+02      
6.6035162e+01 -1.9908763e+02      
6.4802167e+01 -1.9704207e+02      
6.3720334e+01 -1.9468201e+02      
6.2808588e+01 -1.9210837e+02      
6.2080212e+01 -1.8942069e+02      
6.1541788e+01 -1.8671301e+02      
6.1192476e+01 -1.8407166e+02      
