2.3337465e+01 2.3072958e+02      
2.4313137e+01 2.2861477e+02      
2.5957809e+01 2.2677991e+02      
2.8204425e+01 2.2530298e+02      
3.0951983e+01 2.2425206e+02      
3.4056992e+01 2.2367860e+02      
3.7322182e+01 2.2360883e+02      
4.0486834e+01 2.2403194e+02      
4.3175938e+01 2.2485602e+02      
4.4712868e+01 2.2573653e+02      
4.3500189e+01 2.2537457e+02      
4.2376273e+01 2.2542894e+02      
4.1723446e+01 2.2593388e+02      
4.1503863e+01 2.2673777e+02      
4.1702849e+01 2.2774182e+02      
4.2328327e+01 2.2887267e+02      
4.3407908e+01 2.3007235e+02      
4.4976376e+01 2.3129054e+02      
4.7063183e+01 2.3247946e+02      
4.9685903e+01 2.3359153e+02      
5.1411388e+01 2.2055386e+02      
5.2776129e+01 2.1831056e+02      
5.4904265e+01 2.1635408e+02      
5.7740271e+01 2.1478292e+02      
6.1193103e+01 2.1368878e+02      
6.5125293e+01 2.1315009e+02      
6.9334421e+01 2.1322607e+02      
7.3494534e+01 2.1393202e+02      
7.6966486e+01 2.1512225e+02      
7.7501334e+01 2.1560408e+02      
7.5092145e+01 2.1510543e+02      
7.3082032e+01 2.1508996e+02      
7.1812638e+01 2.1556621e+02      
7.1101422e+01 2.1633982e+02      
7.0848031e+01 2.1728605e+02      
7.1030376e+01 2.1832383e+02      
7.1680757e+01 2.1939744e+02      
7.2847697e+01 2.2046085e+02      
7.4568255e+01 2.2146836e+02      
7.6859496e+01 2.2237223e+02      
7.7882925e+01 2.0670869e+02      
7.9639132e+01 2.0427256e+02      
8.2271883e+01 2.0212609e+02      
8.5741782e+01 2.0039295e+02      
8.9978355e+01 1.9919359e+02      
9.4877777e+01 1.9863871e+02      
1.0021265e+02 1.9881615e+02      
1.0540655e+02 1.9971165e+02      
1.0814382e+02 2.0053863e+02      
1.0776930e+02 2.0090153e+02      
1.0451148e+02 2.0067131e+02      
1.0190997e+02 2.0088283e+02      
1.0022432e+02 2.0150849e+02      
9.9133338e+01 2.0236031e+02      
9.8449322e+01 2.0331170e+02      
9.8146151e+01 2.0429278e+02      
9.8303858e+01 2.0526774e+02      
9.9012819e+01 2.0620489e+02      
1.0032353e+02 2.0706294e+02      
1.0224870e+02 2.0779328e+02      
1.0224304e+02 1.8943059e+02      
1.0436353e+02 1.8672061e+02      
1.0749993e+02 1.8429322e+02      
1.1162102e+02 1.8230403e+02      
1.1666988e+02 1.8090818e+02      
1.2260315e+02 1.8024292e+02      
1.2900615e+02 1.8038552e+02      
1.3356859e+02 1.8090347e+02      
1.3560042e+02 1.8154823e+02      
1.3465390e+02 1.8208986e+02      
1.3099276e+02 1.8242245e+02      
1.2822478e+02 1.8309963e+02      
1.2648372e+02 1.8405339e+02      
1.2522337e+02 1.8509573e+02      
1.2413535e+02 1.8610301e+02      
1.2325194e+02 1.8704156e+02      
1.2281646e+02 1.8793199e+02      
1.2300771e+02 1.8877013e+02      
1.2387787e+02 1.8951455e+02      
1.2541910e+02 1.9011103e+02      
1.2400799e+02 1.6902373e+02      
1.2641479e+02 1.6594065e+02      
1.3003321e+02 1.6311300e+02      
1.3484812e+02 1.6074099e+02      
1.4052865e+02 1.5903144e+02      
1.4726150e+02 1.5811893e+02      
1.5298378e+02 1.5787230e+02      
1.5691233e+02 1.5816103e+02      
1.5853027e+02 1.5884008e+02      
1.5742050e+02 1.5976199e+02      
1.5384639e+02 1.6082910e+02      
1.5147439e+02 1.6214502e+02      
1.5031931e+02 1.6361792e+02      
1.4922477e+02 1.6495887e+02      
1.4770558e+02 1.6603724e+02      
1.4593930e+02 1.6687576e+02      
1.4474177e+02 1.6767395e+02      
1.4437440e+02 1.6844611e+02      
1.4480341e+02 1.6912094e+02      
1.4596850e+02 1.6962927e+02      
1.4274333e+02 1.4586486e+02      
1.4526080e+02 1.4229136e+02      
1.4915716e+02 1.3890644e+02      
1.5472543e+02 1.3598774e+02      
1.6028683e+02 1.3385697e+02      
1.6599970e+02 1.3258668e+02      
1.7116046e+02 1.3208800e+02      
1.7474742e+02 1.3233802e+02      
1.7629436e+02 1.3320863e+02      
1.7544072e+02 1.3459237e+02      
1.7240220e+02 1.3641950e+02      
1.7091338e+02 1.3840847e+02      
1.7130962e+02 1.4059063e+02      
1.7071001e+02 1.4228091e+02      
1.6877618e+02 1.4344492e+02      
1.6554131e+02 1.4404517e+02      
1.6353066e+02 1.4478864e+02      
1.6266556e+02 1.4556040e+02      
1.6270831e+02 1.4622408e+02      
1.6353860e+02 1.4669614e+02      
1.5811483e+02 1.2041199e+02      
1.6049770e+02 1.1622268e+02      
1.6407419e+02 1.1205461e+02      
1.6863105e+02 1.0836126e+02      
1.7329154e+02 1.0589687e+02      
1.7812739e+02 1.0449896e+02      
1.8322187e+02 1.0392642e+02      
1.8661824e+02 1.0436856e+02      
1.8836623e+02 1.0554625e+02      
1.8826773e+02 1.0732995e+02      
1.8612327e+02 1.0977655e+02      
1.8539213e+02 1.1219572e+02      
1.8637435e+02 1.1456375e+02      
1.8612142e+02 1.1644419e+02      
1.8428541e+02 1.1781364e+02      
1.8092065e+02 1.1869146e+02      
1.7865250e+02 1.1960978e+02      
1.7749627e+02 1.2049088e+02      
1.7726239e+02 1.2121224e+02      
1.7783005e+02 1.2170119e+02      
1.6992133e+02 9.3211376e+01      
1.7199221e+02 8.8327207e+01      
1.7513901e+02 8.3125271e+01      
1.7921643e+02 7.7968638e+01      
1.8272054e+02 7.5307870e+01      
1.8639207e+02 7.3996928e+01      
1.8991990e+02 7.4037157e+01      
1.9270394e+02 7.5052153e+01      
1.9464935e+02 7.6721784e+01      
1.9588010e+02 7.8746435e+01      
1.9495845e+02 8.1579783e+01      
1.9484178e+02 8.4165486e+01      
1.9545904e+02 8.6403214e+01      
1.9539422e+02 8.8322003e+01      
1.9414676e+02 8.9934854e+01      
1.9197427e+02 9.1313330e+01      
1.8988835e+02 9.2594261e+01      
1.8860971e+02 9.3685735e+01      
1.8822078e+02 9.4520618e+01      
1.8861595e+02 9.5070110e+01      
1.7806617e+02 6.4876258e+01      
1.7969819e+02 5.9342405e+01      
1.8227917e+02 5.3211671e+01      
1.8569385e+02 4.6807991e+01      
1.8876231e+02 4.2855771e+01      
1.9156117e+02 4.1332023e+01      
1.9389902e+02 4.2234611e+01      
1.9604946e+02 4.4003997e+01      
1.9775531e+02 4.6593343e+01      
1.9892585e+02 4.9485451e+01      
1.9941942e+02 5.2493643e+01      
2.0015052e+02 5.5146737e+01      
2.0146220e+02 5.7202825e+01      
2.0180012e+02 5.9118732e+01      
2.0107893e+02 6.0904049e+01      
1.9944437e+02 6.2616591e+01      
1.9717348e+02 6.4336178e+01      
1.9584471e+02 6.5659532e+01      
1.9542692e+02 6.6619730e+01      
1.9574934e+02 6.7253351e+01      
1.8253330e+02 3.6028043e+01      
1.8362497e+02 2.9996594e+01      
1.8549531e+02 2.3206871e+01      
1.8804978e+02 1.5977850e+01      
1.9049690e+02 1.1244199e+01      
1.9277582e+02 9.2310600e+00      
1.9485510e+02 9.5937971e+00      
1.9670704e+02 1.1768525e+01      
1.9811804e+02 1.5631047e+01      
1.9931809e+02 1.9394358e+01      
2.0030572e+02 2.3012911e+01      
2.0144130e+02 2.5957113e+01      
2.0294414e+02 2.8072114e+01      
2.0351444e+02 3.0027597e+01      
2.0317150e+02 3.1871246e+01      
2.0200896e+02 3.3674213e+01      
2.0016709e+02 3.5529223e+01      
1.9910371e+02 3.6942725e+01      
1.9881619e+02 3.7985325e+01      
1.9916773e+02 3.8708099e+01      
1.8338300e+02 7.2433064e+00      
1.8387562e+02 9.1585946e-01      
1.8496405e+02 -6.2222227e+00      
1.8657253e+02 -1.3826957e+01      
1.8833837e+02 -1.8859571e+01      
1.9020455e+02 -2.1082669e+01      
1.9210284e+02 -2.0847061e+01      
1.9391051e+02 -1.8529203e+01      
1.9549211e+02 -1.4719784e+01      
1.9681722e+02 -1.0526813e+01      
1.9787516e+02 -6.0111505e+00      
1.9894914e+02 -2.7201432e+00      
1.9995417e+02 -2.8977511e-01      
2.0047795e+02 1.7196719e+00      
2.0040930e+02 3.4964977e+00      
1.9982846e+02 5.1391287e+00      
1.9899918e+02 6.6757947e+00      
1.9846796e+02 7.9899991e+00      
1.9843387e+02 9.0606419e+00      
1.9889457e+02 9.8793160e+00      
1.8074047e+02 -2.0971023e+01      
1.8062413e+02 -2.7386088e+01      
1.8093645e+02 -3.4567777e+01      
1.8163150e+02 -4.2138151e+01      
1.8278332e+02 -4.7032200e+01      
1.8432805e+02 -4.9031056e+01      
1.8611594e+02 -4.8485194e+01      
1.8797445e+02 -4.5720443e+01      
1.8969087e+02 -4.1332269e+01      
1.9110716e+02 -3.7279402e+01      
1.9227104e+02 -3.3548979e+01      
1.9326993e+02 -3.0503664e+01      
1.9406766e+02 -2.8127397e+01      
1.9454970e+02 -2.6225586e+01      
1.9467304e+02 -2.4642973e+01      
1.9451513e+02 -2.3266677e+01      
1.9426868e+02 -2.2017167e+01      
1.9418242e+02 -2.0851353e+01      
1.9441931e+02 -1.9763109e+01      
1.9502849e+02 -1.8811108e+01      
1.7477829e+02 -4.8185038e+01      
1.7408493e+02 -5.4504748e+01      
1.7369185e+02 -6.1460049e+01      
1.7359720e+02 -6.8622929e+01      
1.7430342e+02 -7.2937031e+01      
1.7571084e+02 -7.4242411e+01      
1.7748299e+02 -7.3145319e+01      
1.7944936e+02 -6.9818827e+01      
1.8115591e+02 -6.6188430e+01      
1.8258283e+02 -6.2766600e+01      
1.8376259e+02 -5.9709451e+01      
1.8472110e+02 -5.7128323e+01      
1.8545087e+02 -5.5059308e+01      
1.8592788e+02 -5.3445171e+01      
1.8616307e+02 -5.2192505e+01      
1.8623532e+02 -5.1186868e+01      
1.8628839e+02 -5.0281915e+01      
1.8648784e+02 -4.9299778e+01      
1.8695310e+02 -4.8147182e+01      
1.8772216e+02 -4.6962595e+01      
1.6569919e+02 -7.4044783e+01      
1.6448617e+02 -8.0141018e+01      
1.6350370e+02 -8.6665885e+01      
1.6281582e+02 -9.3110262e+01      
1.6332510e+02 -9.6473181e+01      
1.6485369e+02 -9.6632005e+01      
1.6663099e+02 -9.5134795e+01      
1.6842720e+02 -9.2552027e+01      
1.7004263e+02 -8.9687171e+01      
1.7142160e+02 -8.6921186e+01      
1.7256517e+02 -8.4429571e+01      
1.7347927e+02 -8.2323865e+01      
1.7416416e+02 -8.0663784e+01      
1.7462328e+02 -7.9457341e+01      
1.7488754e+02 -7.8666049e+01      
1.7503829e+02 -7.8190732e+01      
1.7521148e+02 -7.7835021e+01      
1.7556707e+02 -7.7200594e+01      
1.7622167e+02 -7.5807906e+01      
1.7716589e+02 -7.4175880e+01      
1.5372181e+02 -9.8266678e+01      
1.5204563e+02 -1.0409380e+02      
1.5060924e+02 -1.1008589e+02      
1.4955138e+02 -1.1566069e+02      
1.5012920e+02 -1.1788379e+02      
1.5140673e+02 -1.1823349e+02      
1.5324822e+02 -1.1623744e+02      
1.5496571e+02 -1.1396934e+02      
1.5648453e+02 -1.1165067e+02      
1.5778847e+02 -1.0942116e+02      
1.5886981e+02 -1.0742267e+02      
1.5972643e+02 -1.0576591e+02      
1.6035676e+02 -1.0453495e+02      
1.6076422e+02 -1.0379125e+02      
1.6097343e+02 -1.0356606e+02      
1.6105966e+02 -1.0381770e+02      
1.6118125e+02 -1.0432586e+02      
1.6157130e+02 -1.0447112e+02      
1.6241261e+02 -1.0239849e+02      
1.6358653e+02 -9.9999647e+01      
1.3906672e+02 -1.2064372e+02      
1.3694582e+02 -1.2625312e+02      
1.3517681e+02 -1.3168053e+02      
1.3395870e+02 -1.3646725e+02      
1.3428113e+02 -1.3828152e+02      
1.3588061e+02 -1.3733239e+02      
1.3763466e+02 -1.3559132e+02      
1.3925157e+02 -1.3366769e+02      
1.4067214e+02 -1.3175676e+02      
1.4188626e+02 -1.2995737e+02      
1.4288948e+02 -1.2837408e+02      
1.4367733e+02 -1.2710936e+02      
1.4424231e+02 -1.2626544e+02      
1.4457235e+02 -1.2595774e+02      
1.4465343e+02 -1.2633187e+02      
1.4452702e+02 -1.2745816e+02      
1.4441371e+02 -1.2898735e+02      
1.4480552e+02 -1.2901456e+02      
1.4577930e+02 -1.2715289e+02      
1.4727706e+02 -1.2382393e+02      
1.2212378e+02 -1.4073257e+02      
1.1957813e+02 -1.4615375e+02      
1.1745118e+02 -1.5109061e+02      
1.1624076e+02 -1.5472801e+02      
1.1651875e+02 -1.5594098e+02      
1.1828084e+02 -1.5454422e+02      
1.2002232e+02 -1.5287595e+02      
1.2153735e+02 -1.5124326e+02      
1.2284476e+02 -1.4967216e+02      
1.2395362e+02 -1.4822495e+02      
1.2486682e+02 -1.4698008e+02      
1.2558072e+02 -1.4602764e+02      
1.2608341e+02 -1.4547304e+02      
1.2634810e+02 -1.4545890e+02      
1.2630560e+02 -1.4624725e+02      
1.2586878e+02 -1.4815626e+02      
1.2564565e+02 -1.4956156e+02      
1.2600386e+02 -1.4954180e+02      
1.2706495e+02 -1.4780943e+02      
1.2870918e+02 -1.4468771e+02      
1.0419981e+02 -1.5638275e+02      
1.0151521e+02 -1.6129810e+02      
9.8834409e+01 -1.6620993e+02      
9.7260224e+01 -1.6953305e+02      
9.7335066e+01 -1.7055961e+02      
9.9080323e+01 -1.6921473e+02      
1.0073477e+02 -1.6773169e+02      
1.0210996e+02 -1.6637244e+02      
1.0327432e+02 -1.6510304e+02      
1.0425756e+02 -1.6395159e+02      
1.0506974e+02 -1.6297535e+02      
1.0570939e+02 -1.6224816e+02      
1.0616557e+02 -1.6185885e+02      
1.0641496e+02 -1.6191908e+02      
1.0641542e+02 -1.6257259e+02      
1.0613313e+02 -1.6387667e+02      
1.0566950e+02 -1.6545629e+02      
1.0591110e+02 -1.6553382e+02      
1.0707477e+02 -1.6377171e+02      
1.0892828e+02 -1.6054356e+02      
8.4707840e+01 -1.6920072e+02      
8.2194866e+01 -1.7330448e+02      
7.9757585e+01 -1.7728860e+02      
7.7635085e+01 -1.8067541e+02      
7.7230503e+01 -1.8193371e+02      
7.8711366e+01 -1.8096864e+02      
8.0122802e+01 -1.7983596e+02      
8.1274389e+01 -1.7879373e+02      
8.2250581e+01 -1.7781327e+02      
8.3083859e+01 -1.7691679e+02      
8.3783962e+01 -1.7615068e+02      
8.4349779e+01 -1.7557290e+02      
8.4774068e+01 -1.7524657e+02      
8.5045890e+01 -1.7523295e+02      
8.5155797e+01 -1.7557032e+02      
8.5110902e+01 -1.7621824e+02      
8.4981039e+01 -1.7695103e+02      
8.5037657e+01 -1.7717945e+02      
8.6327643e+01 -1.7531820e+02      
8.7794880e+01 -1.7299221e+02      
6.3823044e+01 -1.7927220e+02      
6.1552363e+01 -1.8261409e+02      
5.9453544e+01 -1.8575172e+02      
5.7672675e+01 -1.8839033e+02      
5.6606942e+01 -1.9003601e+02      
5.7517268e+01 -1.8967840e+02      
5.8486851e+01 -1.8902610e+02      
5.9322576e+01 -1.8833755e+02      
6.0067089e+01 -1.8763532e+02      
6.0729263e+01 -1.8695979e+02      
6.1308009e+01 -1.8635715e+02      
6.1798567e+01 -1.8587415e+02      
6.2195781e+01 -1.8555214e+02      
6.2497680e+01 -1.8541711e+02      
6.2712204e+01 -1.8546023e+02      
6.2870454e+01 -1.8560567e+02      
6.3049533e+01 -1.8567308e+02      
6.3445060e+01 -1.8530185e+02      
6.4323427e+01 -1.8407796e+02      
6.5406047e+01 -1.8245611e+02      
