2.5301603e+01 2.4552290e+02      
2.3264653e+01 2.4381980e+02      
2.1640048e+01 2.4198463e+02      
2.0447730e+01 2.4006156e+02      
1.9709643e+01 2.3809777e+02      
1.9445313e+01 2.3613936e+02      
1.9669353e+01 2.3422848e+02      
2.0391113e+01 2.3240157e+02      
2.1615559e+01 2.3068860e+02      
2.3344572e+01 2.2911280e+02      
2.5578250e+01 2.2769109e+02      
2.8315903e+01 2.2643549e+02      
3.1555847e+01 2.2535547e+02      
3.5291880e+01 2.2446130e+02      
3.9502686e+01 2.2376860e+02      
4.4127832e+01 2.2330578e+02      
4.9061346e+01 2.2313315e+02      
5.3813503e+01 2.2327606e+02      
5.5514049e+01 2.2317843e+02      
5.6983769e+01 2.2335603e+02      
5.3993057e+01 2.3670539e+02      
5.2028541e+01 2.3497211e+02      
5.0452250e+01 2.3306215e+02      
4.9292593e+01 2.3102799e+02      
4.8581854e+01 2.2892674e+02      
4.8346862e+01 2.2681259e+02      
4.8605785e+01 2.2473311e+02      
4.9369292e+01 2.2272805e+02      
5.0643167e+01 2.2082866e+02      
5.2430998e+01 2.1905741e+02      
5.4736891e+01 2.1742833e+02      
5.7568902e+01 2.1594866e+02      
6.0943089e+01 2.1462223e+02      
6.4885607e+01 2.1345407e+02      
6.9429884e+01 2.1245626e+02      
7.4597270e+01 2.1165577e+02      
8.0187790e+01 2.1111449e+02      
8.5118575e+01 2.1086859e+02      
8.6330861e+01 2.1064314e+02      
8.6773838e+01 2.1069828e+02      
8.1461935e+01 2.2436842e+02      
7.9586190e+01 2.2259216e+02      
7.8052738e+01 2.2058366e+02      
7.6910148e+01 2.1841223e+02      
7.6210788e+01 2.1615211e+02      
7.5991007e+01 2.1386799e+02      
7.6270550e+01 2.1161305e+02      
7.7058425e+01 2.0943023e+02      
7.8358457e+01 2.0735205e+02      
8.0173339e+01 2.0539962e+02      
8.2507750e+01 2.0358220e+02      
8.5373839e+01 2.0189886e+02      
8.8802432e+01 2.0034284e+02      
9.2854360e+01 1.9890828e+02      
9.7625437e+01 1.9759662e+02      
1.0328977e+02 1.9641865e+02      
1.0979644e+02 1.9541777e+02      
1.1415054e+02 1.9476573e+02      
1.1563440e+02 1.9445793e+02      
1.1481280e+02 1.9453830e+02      
1.0732484e+02 2.0876783e+02      
1.0555228e+02 2.0693379e+02      
1.0403079e+02 2.0478451e+02      
1.0286776e+02 2.0243364e+02      
1.0215498e+02 1.9998594e+02      
1.0193530e+02 1.9751512e+02      
1.0222301e+02 1.9507750e+02      
1.0301966e+02 1.9271872e+02      
1.0432307e+02 1.9047340e+02      
1.0613241e+02 1.8836163e+02      
1.0844839e+02 1.8638626e+02      
1.1127486e+02 1.8453372e+02      
1.1464320e+02 1.8277978e+02      
1.1864701e+02 1.8110047e+02      
1.2343269e+02 1.7948350e+02      
1.2911140e+02 1.7793562e+02      
1.3525308e+02 1.7653261e+02      
1.3911224e+02 1.7563088e+02      
1.4062672e+02 1.7519924e+02      
1.4008204e+02 1.7523776e+02      
1.3127942e+02 1.9024600e+02      
1.2962192e+02 1.8833729e+02      
1.2800069e+02 1.8594706e+02      
1.2674276e+02 1.8334907e+02      
1.2598971e+02 1.8068202e+02      
1.2576181e+02 1.7800833e+02      
1.2605296e+02 1.7538080e+02      
1.2684895e+02 1.7284814e+02      
1.2813591e+02 1.7045052e+02      
1.2990986e+02 1.6821004e+02      
1.3217097e+02 1.6612241e+02      
1.3489042e+02 1.6415594e+02      
1.3804915e+02 1.6225826e+02      
1.4179029e+02 1.6037155e+02      
1.4631583e+02 1.5848762e+02      
1.5156430e+02 1.5668696e+02      
1.5592615e+02 1.5531638e+02      
1.5888603e+02 1.5436012e+02      
1.6023747e+02 1.5382607e+02      
1.5995129e+02 1.5375110e+02      
1.5301917e+02 1.6914906e+02      
1.5148492e+02 1.6714627e+02      
1.4951477e+02 1.6432684e+02      
1.4810037e+02 1.6143172e+02      
1.4730772e+02 1.5853053e+02      
1.4708338e+02 1.5564381e+02      
1.4738862e+02 1.5281855e+02      
1.4818724e+02 1.5011019e+02      
1.4944160e+02 1.4757436e+02      
1.5114380e+02 1.4524498e+02      
1.5334306e+02 1.4311013e+02      
1.5597288e+02 1.4111690e+02      
1.5872830e+02 1.3916440e+02      
1.6179733e+02 1.3715830e+02      
1.6570348e+02 1.3507004e+02      
1.6848574e+02 1.3377608e+02      
1.7120664e+02 1.3261652e+02      
1.7329373e+02 1.3169514e+02      
1.7443081e+02 1.3107512e+02      
1.7459456e+02 1.3075506e+02      
1.7142699e+02 1.4519874e+02      
1.7002525e+02 1.4308570e+02      
1.6796733e+02 1.4009210e+02      
1.6650688e+02 1.3698304e+02      
1.6573422e+02 1.3386438e+02      
1.6555442e+02 1.3076117e+02      
1.6590358e+02 1.2772666e+02      
1.6673318e+02 1.2482707e+02      
1.6795870e+02 1.2215104e+02      
1.6948422e+02 1.1978845e+02      
1.7156628e+02 1.1768137e+02      
1.7430070e+02 1.1577349e+02      
1.7646137e+02 1.1387280e+02      
1.7806099e+02 1.1195764e+02      
1.8014998e+02 1.1022219e+02      
1.8209723e+02 1.0887269e+02      
1.8388466e+02 1.0776370e+02      
1.8533220e+02 1.0685858e+02      
1.8625697e+02 1.0616639e+02      
1.8666943e+02 1.0565414e+02      
1.8617998e+02 1.1893129e+02      
1.8491406e+02 1.1669183e+02      
1.8295278e+02 1.1363817e+02      
1.8160579e+02 1.1039025e+02      
1.8095688e+02 1.0707306e+02      
1.8088686e+02 1.0374645e+02      
1.8131667e+02 1.0048563e+02      
1.8221700e+02 9.7363187e+01      
1.8347428e+02 9.4507839e+01      
1.8457308e+02 9.2202983e+01      
1.8622989e+02 9.0183804e+01      
1.8855507e+02 8.8321855e+01      
1.9005148e+02 8.6548128e+01      
1.9063775e+02 8.4879322e+01      
1.9163680e+02 8.3369878e+01      
1.9285184e+02 8.2079160e+01      
1.9402282e+02 8.1002331e+01      
1.9499953e+02 8.0114405e+01      
1.9569177e+02 7.9390745e+01      
1.9611312e+02 7.8786604e+01      
1.9699975e+02 9.0943958e+01      
1.9586612e+02 8.8565365e+01      
1.9420736e+02 8.5489504e+01      
1.9314721e+02 8.2129599e+01      
1.9274712e+02 7.8604521e+01      
1.9288321e+02 7.5021102e+01      
1.9337233e+02 7.1537447e+01      
1.9429863e+02 6.8188480e+01      
1.9521147e+02 6.5306740e+01      
1.9604239e+02 6.2969201e+01      
1.9698717e+02 6.1121639e+01      
1.9852809e+02 5.9376367e+01      
1.9940454e+02 5.7758644e+01      
1.9950154e+02 5.6308335e+01      
1.9994403e+02 5.4961885e+01      
2.0061179e+02 5.3777321e+01      
2.0129967e+02 5.2773851e+01      
2.0188974e+02 5.1937378e+01      
2.0232616e+02 5.1236865e+01      
2.0261809e+02 5.0625119e+01      
2.0367692e+02 6.1829333e+01      
2.0266365e+02 5.9306810e+01      
2.0163706e+02 5.6221557e+01      
2.0098797e+02 5.2740289e+01      
2.0090731e+02 4.8982139e+01      
2.0139461e+02 4.5066484e+01      
2.0173152e+02 4.1470898e+01      
2.0225673e+02 3.8147964e+01      
2.0280196e+02 3.5274551e+01      
2.0326976e+02 3.2946907e+01      
2.0369673e+02 3.1125483e+01      
2.0412078e+02 2.9632777e+01      
2.0450384e+02 2.8140382e+01      
2.0467805e+02 2.6754144e+01      
2.0489513e+02 2.5512979e+01      
2.0519627e+02 2.4440778e+01      
2.0550461e+02 2.3543047e+01      
2.0575604e+02 2.2801796e+01      
2.0592007e+02 2.2182425e+01      
2.0600465e+02 2.1636890e+01      
2.0704590e+02 3.2307646e+01      
2.0612655e+02 2.9641849e+01      
2.0542326e+02 2.6440810e+01      
2.0508784e+02 2.2784278e+01      
2.0521904e+02 1.8801958e+01      
2.0567676e+02 1.4755698e+01      
2.0570314e+02 1.1279516e+01      
2.0596427e+02 7.9369251e+00      
2.0619268e+02 5.0731276e+00      
2.0628943e+02 2.8090597e+00      
2.0623810e+02 1.0934831e+00      
2.0631197e+02 -5.1025348e-01      
2.0642310e+02 -2.0144157e+00      
2.0648658e+02 -3.3612723e+00      
2.0651831e+02 -4.5122636e+00      
2.0653673e+02 -5.4597228e+00      
2.0652668e+02 -6.2182164e+00      
2.0646679e+02 -6.8176555e+00      
2.0634728e+02 -7.2979406e+00      
2.0617836e+02 -7.7086909e+00      
2.0700704e+02 2.8425195e+00      
2.0614187e+02 5.3518873e-02      
2.0558679e+02 -3.2989063e+00      
2.0544476e+02 -7.1803415e+00      
2.0572048e+02 -1.1419667e+01      
2.0588309e+02 -1.5388831e+01      
2.0580972e+02 -1.8898351e+01      
2.0557487e+02 -2.1908951e+01      
2.0554930e+02 -2.4766527e+01      
2.0536397e+02 -2.6961062e+01      
2.0525039e+02 -2.8934163e+01      
2.0520417e+02 -3.0726308e+01      
2.0515901e+02 -3.2302262e+01      
2.0505958e+02 -3.3623519e+01      
2.0488692e+02 -3.4673073e+01      
2.0464339e+02 -3.5464968e+01      
2.0433904e+02 -3.6041367e+01      
2.0397992e+02 -3.6449909e+01      
2.0356870e+02 -3.6734152e+01      
2.0311698e+02 -3.6943801e+01      
2.0347308e+02 -2.6110351e+01      
2.0260307e+02 -2.8972427e+01      
2.0206646e+02 -3.2421740e+01      
2.0198232e+02 -3.6497030e+01      
2.0195196e+02 -4.0592129e+01      
2.0187219e+02 -4.4498259e+01      
2.0170815e+02 -4.8074750e+01      
2.0146386e+02 -5.1220545e+01      
2.0115530e+02 -5.3871390e+01      
2.0100810e+02 -5.6375181e+01      
2.0093598e+02 -5.8667514e+01      
2.0085914e+02 -6.0674409e+01      
2.0071647e+02 -6.2337715e+01      
2.0047016e+02 -6.3631034e+01      
2.0009216e+02 -6.4549093e+01      
1.9957769e+02 -6.5125226e+01      
1.9897803e+02 -6.5461377e+01      
1.9832545e+02 -6.5631769e+01      
1.9761853e+02 -6.5667148e+01      
1.9686354e+02 -6.5609047e+01      
1.9648975e+02 -5.4102810e+01      
1.9555065e+02 -5.6971951e+01      
1.9485847e+02 -6.0350148e+01      
1.9441080e+02 -6.4145731e+01      
1.9407279e+02 -6.8083742e+01      
1.9378852e+02 -7.1967022e+01      
1.9356159e+02 -7.5650216e+01      
1.9341008e+02 -7.9039854e+01      
1.9334725e+02 -8.2154606e+01      
1.9339853e+02 -8.5096784e+01      
1.9345687e+02 -8.7763698e+01      
1.9341215e+02 -9.0012862e+01      
1.9320924e+02 -9.1761436e+01      
1.9284541e+02 -9.3009355e+01      
1.9229319e+02 -9.3770191e+01      
1.9143580e+02 -9.3984124e+01      
1.9052102e+02 -9.4004566e+01      
1.8959557e+02 -9.3915101e+01      
1.8859992e+02 -9.3662366e+01      
1.8752249e+02 -9.3262640e+01      
1.8620224e+02 -8.0718932e+01      
1.8516260e+02 -8.3558868e+01      
1.8428355e+02 -8.6849168e+01      
1.8355491e+02 -9.0503695e+01      
1.8294699e+02 -9.4380617e+01      
1.8245874e+02 -9.8324534e+01      
1.8214718e+02 -1.0216102e+02      
1.8210535e+02 -1.0573634e+02      
1.8232779e+02 -1.0924496e+02      
1.8273620e+02 -1.1275417e+02      
1.8303538e+02 -1.1590158e+02      
1.8307789e+02 -1.1844387e+02      
1.8281915e+02 -1.2025266e+02      
1.8229510e+02 -1.2133237e+02      
1.8163485e+02 -1.2190015e+02      
1.8023420e+02 -1.2143487e+02      
1.7905865e+02 -1.2116226e+02      
1.7795247e+02 -1.2089390e+02      
1.7669587e+02 -1.2034215e+02      
1.7525676e+02 -1.1949009e+02      
1.7282651e+02 -1.0557017e+02      
1.7168627e+02 -1.0836912e+02      
1.7064204e+02 -1.1160054e+02      
1.6968724e+02 -1.1521150e+02      
1.6882195e+02 -1.1912098e+02      
1.6808857e+02 -1.2321050e+02      
1.6761131e+02 -1.2727843e+02      
1.6767293e+02 -1.3079854e+02      
1.6816272e+02 -1.3447880e+02      
1.6911535e+02 -1.3870976e+02      
1.6974662e+02 -1.4246438e+02      
1.6992093e+02 -1.4538899e+02      
1.6960057e+02 -1.4725900e+02      
1.6872954e+02 -1.4788027e+02      
1.6722664e+02 -1.4719104e+02      
1.6582665e+02 -1.4660202e+02      
1.6470918e+02 -1.4640837e+02      
1.6368740e+02 -1.4630256e+02      
1.6221824e+02 -1.4547422e+02      
1.6026954e+02 -1.4389153e+02      
1.5662685e+02 -1.2828953e+02      
1.5540080e+02 -1.3103301e+02      
1.5421695e+02 -1.3420590e+02      
1.5305694e+02 -1.3779796e+02      
1.5191830e+02 -1.4178029e+02      
1.5089028e+02 -1.4602128e+02      
1.5030495e+02 -1.4996291e+02      
1.5027244e+02 -1.5351918e+02      
1.5081877e+02 -1.5690001e+02      
1.5165564e+02 -1.6075438e+02      
1.5256300e+02 -1.6505345e+02      
1.5288386e+02 -1.6845286e+02      
1.5255593e+02 -1.7050796e+02      
1.5152434e+02 -1.7089722e+02      
1.4982485e+02 -1.6966975e+02      
1.4844274e+02 -1.6895899e+02      
1.4754341e+02 -1.6908083e+02      
1.4706325e+02 -1.6982441e+02      
1.4543535e+02 -1.6876276e+02      
1.4264772e+02 -1.6586776e+02      
1.3790455e+02 -1.4853993e+02      
1.3661654e+02 -1.5120009e+02      
1.3533172e+02 -1.5427494e+02      
1.3401194e+02 -1.5779259e+02      
1.3260468e+02 -1.6179931e+02      
1.3143285e+02 -1.6581240e+02      
1.3070707e+02 -1.6956224e+02      
1.3052455e+02 -1.7297496e+02      
1.3085830e+02 -1.7616259e+02      
1.3152137e+02 -1.7940973e+02      
1.3209864e+02 -1.8313852e+02      
1.3247952e+02 -1.8700455e+02      
1.3218982e+02 -1.8944118e+02      
1.3118906e+02 -1.8994465e+02      
1.2959398e+02 -1.8861462e+02      
1.2826899e+02 -1.8786220e+02      
1.2741273e+02 -1.8811092e+02      
1.2692422e+02 -1.8911325e+02      
1.2519663e+02 -1.8787929e+02      
1.2222995e+02 -1.8438426e+02      
1.1699001e+02 -1.6602833e+02      
1.1566772e+02 -1.6856948e+02      
1.1433259e+02 -1.7148196e+02      
1.1296925e+02 -1.7476397e+02      
1.1156882e+02 -1.7838995e+02      
1.1019934e+02 -1.8221854e+02      
1.0929636e+02 -1.8575107e+02      
1.0898063e+02 -1.8888431e+02      
1.0916771e+02 -1.9169785e+02      
1.0939777e+02 -1.9464980e+02      
1.0955058e+02 -1.9780125e+02      
1.0954597e+02 -2.0101312e+02      
1.0924884e+02 -2.0389090e+02      
1.0833399e+02 -2.0478094e+02      
1.0691852e+02 -2.0361662e+02      
1.0562994e+02 -2.0285932e+02      
1.0462573e+02 -2.0291131e+02      
1.0382013e+02 -2.0359334e+02      
1.0204373e+02 -2.0224994e+02      
9.9304543e+01 -1.9886694e+02      
9.4236449e+01 -1.8051559e+02      
9.2902766e+01 -1.8290795e+02      
9.1554120e+01 -1.8561309e+02      
9.0197357e+01 -1.8860158e+02      
8.8848059e+01 -1.9182183e+02      
8.7554677e+01 -1.9517281e+02      
8.6459317e+01 -1.9846118e+02      
8.6039937e+01 -2.0125295e+02      
8.5820894e+01 -2.0391986e+02      
8.5638857e+01 -2.0657829e+02      
8.5404899e+01 -2.0922118e+02      
8.5045281e+01 -2.1174744e+02      
8.4475876e+01 -2.1394389e+02      
8.3595347e+01 -2.1533441e+02      
8.2336520e+01 -2.1458667e+02      
8.1048437e+01 -2.1390224e+02      
7.9807762e+01 -2.1350710e+02      
7.8476372e+01 -2.1303441e+02      
7.6694735e+01 -2.1163650e+02      
7.4466235e+01 -2.0930974e+02      
