4.2540908e+01 2.1984711e+02      
4.6099829e+01 2.1991900e+02      
4.7541515e+01 2.1895581e+02      
4.6659006e+01 2.1695622e+02      
4.5974166e+01 2.1538295e+02      
4.5427489e+01 2.1419924e+02      
4.4663965e+01 2.1323494e+02      
4.3435912e+01 2.1235884e+02      
4.1728070e+01 2.1153745e+02      
3.9648367e+01 2.1073243e+02      
3.7236240e+01 2.0978934e+02      
3.5127122e+01 2.0912323e+02      
3.3587297e+01 2.0888708e+02      
3.2639869e+01 2.0906670e+02      
3.2261739e+01 2.0963875e+02      
3.2413429e+01 2.1058117e+02      
3.3054331e+01 2.1186766e+02      
3.4156721e+01 2.1346005e+02      
3.5714844e+01 2.1530319e+02      
3.7745146e+01 2.1732510e+02      
7.3597160e+01 2.1009293e+02      
7.8299231e+01 2.1033130e+02      
8.0526479e+01 2.0955727e+02      
7.9939613e+01 2.0773714e+02      
7.9600358e+01 2.0626294e+02      
7.9474477e+01 2.0520525e+02      
7.9072287e+01 2.0439090e+02      
7.7734018e+01 2.0346675e+02      
7.5468381e+01 2.0242273e+02      
7.2761253e+01 2.0145558e+02      
6.9036460e+01 1.9965536e+02      
6.6176641e+01 1.9849371e+02      
6.4182837e+01 1.9790378e+02      
6.2928451e+01 1.9776801e+02      
6.2321882e+01 1.9804113e+02      
6.2269612e+01 1.9870233e+02      
6.2684678e+01 1.9973442e+02      
6.3508375e+01 2.0110547e+02      
6.4726186e+01 2.0275704e+02      
6.6366800e+01 2.0460368e+02      
1.0184051e+02 1.9629562e+02      
1.0705414e+02 1.9640145e+02      
1.1040648e+02 1.9592184e+02      
1.1114249e+02 1.9465239e+02      
1.1181700e+02 1.9349110e+02      
1.1241817e+02 1.9264021e+02      
1.1281602e+02 1.9220640e+02      
1.1127054e+02 1.9119928e+02      
1.0791765e+02 1.8964430e+02      
1.0300608e+02 1.8744880e+02      
9.8660966e+01 1.8555247e+02      
9.5345768e+01 1.8419378e+02      
9.3029425e+01 1.8335081e+02      
9.1575960e+01 1.8294205e+02      
9.0845657e+01 1.8292955e+02      
9.0681227e+01 1.8331294e+02      
9.0925396e+01 1.8410407e+02      
9.1471719e+01 1.8529034e+02      
9.2298054e+01 1.8681134e+02      
9.3464802e+01 1.8855831e+02      
1.2680230e+02 1.7884076e+02      
1.3142597e+02 1.7862382e+02      
1.3631805e+02 1.7858713e+02      
1.3965527e+02 1.7799306e+02      
1.4185946e+02 1.7714217e+02      
1.4304933e+02 1.7626746e+02      
1.4293742e+02 1.7536892e+02      
1.4084647e+02 1.7410764e+02      
1.3657464e+02 1.7227939e+02      
1.3049803e+02 1.6983369e+02      
1.2559304e+02 1.6789321e+02      
1.2201143e+02 1.6647438e+02      
1.1954662e+02 1.6547739e+02      
1.1805188e+02 1.6483843e+02      
1.1736895e+02 1.6453682e+02      
1.1726265e+02 1.6461728e+02      
1.1744381e+02 1.6516356e+02      
1.1772595e+02 1.6620654e+02      
1.1808123e+02 1.6768509e+02      
1.1863905e+02 1.6944663e+02      
1.4873169e+02 1.5822547e+02      
1.5285849e+02 1.5766627e+02      
1.5757527e+02 1.5729228e+02      
1.6266507e+02 1.5697554e+02      
1.6632620e+02 1.5627579e+02      
1.6823087e+02 1.5532987e+02      
1.6808165e+02 1.5419583e+02      
1.6554546e+02 1.5279379e+02      
1.6062926e+02 1.5100019e+02      
1.5425584e+02 1.4884269e+02      
1.4925600e+02 1.4707847e+02      
1.4564340e+02 1.4570870e+02      
1.4320726e+02 1.4464058e+02      
1.4183983e+02 1.4380684e+02      
1.4144525e+02 1.4317556e+02      
1.4173212e+02 1.4284397e+02      
1.4203408e+02 1.4310318e+02      
1.4207518e+02 1.4404751e+02      
1.4182338e+02 1.4561523e+02      
1.4149155e+02 1.4759198e+02      
1.6759589e+02 1.3488911e+02      
1.7124928e+02 1.3399453e+02      
1.7541829e+02 1.3323787e+02      
1.8004198e+02 1.3255510e+02      
1.8481785e+02 1.3181193e+02      
1.8760884e+02 1.3077826e+02      
1.8784686e+02 1.2955545e+02      
1.8511465e+02 1.2817341e+02      
1.7941879e+02 1.2657536e+02      
1.7380727e+02 1.2497947e+02      
1.6922355e+02 1.2355661e+02      
1.6581559e+02 1.2234409e+02      
1.6354389e+02 1.2129030e+02      
1.6240154e+02 1.2031662e+02      
1.6246647e+02 1.1932419e+02      
1.6367675e+02 1.1834334e+02      
1.6424721e+02 1.1827029e+02      
1.6407698e+02 1.1916162e+02      
1.6313098e+02 1.2095409e+02      
1.6144179e+02 1.2346939e+02      
1.8324797e+02 1.0926451e+02      
1.8643129e+02 1.0806340e+02      
1.8996870e+02 1.0697805e+02      
1.9378490e+02 1.0596252e+02      
1.9773142e+02 1.0492240e+02      
2.0133781e+02 1.0373114e+02      
2.0229861e+02 1.0243506e+02      
1.9995478e+02 1.0118606e+02      
1.9447772e+02 1.0003848e+02      
1.8942455e+02 9.8920835e+01      
1.8533604e+02 9.7864180e+01      
1.8224340e+02 9.6885332e+01      
1.8018325e+02 9.5941877e+01      
1.7922444e+02 9.4939522e+01      
1.7952164e+02 9.3725370e+01      
1.8098541e+02 9.2326070e+01      
1.8162091e+02 9.2025782e+01      
1.8126549e+02 9.2903013e+01      
1.7988608e+02 9.4894887e+01      
1.7758391e+02 9.7804685e+01      
1.9558277e+02 8.1788742e+01      
1.9831528e+02 8.0303121e+01      
2.0123979e+02 7.8952085e+01      
2.0424959e+02 7.7704189e+01      
2.0720584e+02 7.6483600e+01      
2.0986112e+02 7.5190211e+01      
2.1162992e+02 7.3768162e+01      
2.1017089e+02 7.2617695e+01      
2.0548429e+02 7.1919499e+01      
2.0110082e+02 7.1230430e+01      
1.9752573e+02 7.0538182e+01      
1.9476871e+02 6.9853208e+01      
1.9289211e+02 6.9127839e+01      
1.9199071e+02 6.8260742e+01      
1.9221981e+02 6.7070397e+01      
1.9348337e+02 6.5556607e+01      
1.9394374e+02 6.5218904e+01      
1.9343056e+02 6.6116977e+01      
1.9191614e+02 6.8190539e+01      
1.8952083e+02 7.1267591e+01      
2.0454424e+02 5.2895907e+01      
2.0687391e+02 5.1132343e+01      
2.0924244e+02 4.9568560e+01      
2.1153423e+02 4.8186763e+01      
2.1361571e+02 4.6911047e+01      
2.1530403e+02 4.5646971e+01      
2.1628207e+02 4.4352741e+01      
2.1587593e+02 4.3159484e+01      
2.1235271e+02 4.2743356e+01      
2.0881942e+02 4.2404002e+01      
2.0578602e+02 4.2082071e+01      
2.0334436e+02 4.1750107e+01      
2.0159148e+02 4.1351232e+01      
2.0061594e+02 4.0803403e+01      
2.0052083e+02 3.9960399e+01      
2.0123067e+02 3.8784346e+01      
2.0132564e+02 3.8669676e+01      
2.0068061e+02 3.9617725e+01      
1.9927514e+02 4.1574125e+01      
1.9719756e+02 4.4434489e+01      
2.1012404e+02 2.3007741e+01      
2.1212670e+02 2.0943203e+01      
2.1401477e+02 1.9210061e+01      
2.1567970e+02 1.7798776e+01      
2.1703157e+02 1.6593217e+01      
2.1795921e+02 1.5442492e+01      
2.1826492e+02 1.4292467e+01      
2.1754660e+02 1.3334303e+01      
2.1541612e+02 1.2910955e+01      
2.1275751e+02 1.2873762e+01      
2.1020422e+02 1.2969067e+01      
2.0801983e+02 1.3050825e+01      
2.0633325e+02 1.3061531e+01      
2.0520641e+02 1.2969667e+01      
2.0463555e+02 1.2762254e+01      
2.0441703e+02 1.2596090e+01      
2.0403969e+02 1.2946107e+01      
2.0328522e+02 1.3966469e+01      
2.0214152e+02 1.5612719e+01      
2.0080658e+02 1.7647828e+01      
2.1236604e+02 -7.4832594e+00      
2.1414919e+02 -9.9274579e+00      
2.1563370e+02 -1.1792283e+01      
2.1672889e+02 -1.3083593e+01      
2.1742808e+02 -1.4024790e+01      
2.1776920e+02 -1.4967576e+01      
2.1770725e+02 -1.6109415e+01      
2.1702514e+02 -1.7209326e+01      
2.1542473e+02 -1.7499889e+01      
2.1318495e+02 -1.6968583e+01      
2.1091511e+02 -1.6320010e+01      
2.0890405e+02 -1.5781179e+01      
2.0724950e+02 -1.5331509e+01      
2.0598038e+02 -1.4939765e+01      
2.0505677e+02 -1.4559389e+01      
2.0433982e+02 -1.4074492e+01      
2.0362686e+02 -1.3317038e+01      
2.0278629e+02 -1.2197900e+01      
2.0181193e+02 -1.0754087e+01      
2.0082526e+02 -9.1466898e+00      
2.1139149e+02 -3.8262059e+01      
2.1310259e+02 -4.1256110e+01      
2.1424991e+02 -4.3218038e+01      
2.1476587e+02 -4.4145631e+01      
2.1472731e+02 -4.4382396e+01      
2.1452049e+02 -4.4889428e+01      
2.1426363e+02 -4.6105937e+01      
2.1390896e+02 -4.7973808e+01      
2.1250437e+02 -4.8121969e+01      
2.1017360e+02 -4.6476795e+01      
2.0801621e+02 -4.5223245e+01      
2.0612420e+02 -4.4277205e+01      
2.0449788e+02 -4.3423405e+01      
2.0313940e+02 -4.2589361e+01      
2.0201597e+02 -4.1738768e+01      
2.0105064e+02 -4.0815739e+01      
2.0014737e+02 -3.9752434e+01      
1.9924052e+02 -3.8514904e+01      
1.9832760e+02 -3.7134387e+01      
1.9747072e+02 -3.5707737e+01      
2.0717854e+02 -6.8708678e+01      
2.0889349e+02 -7.2330392e+01      
2.0975554e+02 -7.4355452e+01      
2.0971980e+02 -7.4762997e+01      
2.0868911e+02 -7.3551925e+01      
2.0795037e+02 -7.3412155e+01      
2.0741835e+02 -7.4379857e+01      
2.0691620e+02 -7.6166413e+01      
2.0560342e+02 -7.6254781e+01      
2.0353363e+02 -7.4518895e+01      
2.0158116e+02 -7.3156231e+01      
1.9982292e+02 -7.2004045e+01      
1.9824334e+02 -7.0814599e+01      
1.9684752e+02 -6.9577644e+01      
1.9562295e+02 -6.8327863e+01      
1.9453035e+02 -6.7058786e+01      
1.9352203e+02 -6.5745503e+01      
1.9256593e+02 -6.4378011e+01      
1.9166185e+02 -6.2981039e+01      
1.9084232e+02 -6.1615812e+01      
1.9817794e+02 -9.5372532e+01      
1.9964454e+02 -9.9026551e+01      
2.0027218e+02 -1.0105142e+02      
2.0002821e+02 -1.0141918e+02      
1.9887699e+02 -1.0008595e+02      
1.9794542e+02 -9.9781422e+01      
1.9715705e+02 -1.0033621e+02      
1.9628150e+02 -1.0116140e+02      
1.9503198e+02 -1.0132280e+02      
1.9343180e+02 -1.0066772e+02      
1.9177785e+02 -9.9779258e+01      
1.9019258e+02 -9.8680091e+01      
1.8867014e+02 -9.7134580e+01      
1.8727109e+02 -9.5470727e+01      
1.8600739e+02 -9.3854119e+01      
1.8485675e+02 -9.2289807e+01      
1.8379419e+02 -9.0760664e+01      
1.8280428e+02 -8.9260373e+01      
1.8188828e+02 -8.7805376e+01      
1.8106426e+02 -8.6435726e+01      
1.8490822e+02 -1.1764422e+02      
1.8593152e+02 -1.2070704e+02      
1.8637019e+02 -1.2267776e+02      
1.8619311e+02 -1.2353570e+02      
1.8551331e+02 -1.2359342e+02      
1.8469358e+02 -1.2376407e+02      
1.8382294e+02 -1.2426657e+02      
1.8282751e+02 -1.2487322e+02      
1.8163275e+02 -1.2525284e+02      
1.8026693e+02 -1.2526380e+02      
1.7885038e+02 -1.2496024e+02      
1.7746868e+02 -1.2414781e+02      
1.7597298e+02 -1.2194005e+02      
1.7459878e+02 -1.1979296e+02      
1.7334131e+02 -1.1784388e+02      
1.7217766e+02 -1.1603048e+02      
1.7109432e+02 -1.1431781e+02      
1.7008501e+02 -1.1269209e+02      
1.6915226e+02 -1.1116076e+02      
1.6830697e+02 -1.0975008e+02      
1.6893641e+02 -1.3833886e+02      
1.6959449e+02 -1.4088879e+02      
1.6987119e+02 -1.4278918e+02      
1.6973780e+02 -1.4402261e+02      
1.6925999e+02 -1.4478856e+02      
1.6855975e+02 -1.4541601e+02      
1.6770765e+02 -1.4610360e+02      
1.6670755e+02 -1.4688021e+02      
1.6555596e+02 -1.4763580e+02      
1.6429812e+02 -1.4811614e+02      
1.6301483e+02 -1.4833330e+02      
1.6169731e+02 -1.4717139e+02      
1.6034231e+02 -1.4452584e+02      
1.5905679e+02 -1.4203571e+02      
1.5784525e+02 -1.3984082e+02      
1.5670051e+02 -1.3784179e+02      
1.5562016e+02 -1.3598648e+02      
1.5460481e+02 -1.3425319e+02      
1.5365854e+02 -1.3264260e+02      
1.5278869e+02 -1.3117235e+02      
1.5056941e+02 -1.5730268e+02      
1.5097602e+02 -1.5953023e+02      
1.5111475e+02 -1.6134826e+02      
1.5096134e+02 -1.6273911e+02      
1.5054060e+02 -1.6379794e+02      
1.4990313e+02 -1.6468138e+02      
1.4908988e+02 -1.6553490e+02      
1.4811730e+02 -1.6651172e+02      
1.4699180e+02 -1.6777524e+02      
1.4577103e+02 -1.6845527e+02      
1.4449995e+02 -1.6849260e+02      
1.4325931e+02 -1.6717938e+02      
1.4209049e+02 -1.6437962e+02      
1.4093100e+02 -1.6175409e+02      
1.3979042e+02 -1.5944129e+02      
1.3868493e+02 -1.5733775e+02      
1.3762417e+02 -1.5538958e+02      
1.3661472e+02 -1.5357456e+02      
1.3566225e+02 -1.5189170e+02      
1.3477226e+02 -1.5035485e+02      
1.3002351e+02 -1.7407296e+02      
1.3024923e+02 -1.7608070e+02      
1.3027199e+02 -1.7780553e+02      
1.3007242e+02 -1.7922838e+02      
1.2965743e+02 -1.8039068e+02      
1.2904975e+02 -1.8137160e+02      
1.2827356e+02 -1.8225930e+02      
1.2734639e+02 -1.8313618e+02      
1.2628336e+02 -1.8398559e+02      
1.2509989e+02 -1.8458612e+02      
1.2380093e+02 -1.8491429e+02      
1.2260473e+02 -1.8381461e+02      
1.2160009e+02 -1.8116814e+02      
1.2055889e+02 -1.7861883e+02      
1.1949191e+02 -1.7632300e+02      
1.1843408e+02 -1.7419906e+02      
1.1740346e+02 -1.7220935e+02      
1.1641033e+02 -1.7034122e+02      
1.1546113e+02 -1.6859810e+02      
1.1456004e+02 -1.6699443e+02      
1.0758422e+02 -1.8830402e+02      
1.0767255e+02 -1.9014326e+02      
1.0759836e+02 -1.9176680e+02      
1.0734699e+02 -1.9315361e+02      
1.0691884e+02 -1.9431631e+02      
1.0632503e+02 -1.9528966e+02      
1.0558112e+02 -1.9611267e+02      
1.0470292e+02 -1.9680573e+02      
1.0370576e+02 -1.9733805e+02      
1.0260302e+02 -1.9763772e+02      
1.0141111e+02 -1.9760449e+02      
1.0019730e+02 -1.9692698e+02      
9.9273863e+01 -1.9470600e+02      
9.8303080e+01 -1.9242308e+02      
9.7294673e+01 -1.9025542e+02      
9.6284557e+01 -1.8817938e+02      
9.5290725e+01 -1.8619082e+02      
9.4323376e+01 -1.8429490e+02      
9.3388284e+01 -1.8250406e+02      
9.2488146e+01 -1.8083655e+02      
8.3580546e+01 -1.9972589e+02      
8.3560076e+01 -2.0142402e+02      
8.3404874e+01 -2.0294167e+02      
8.3104452e+01 -2.0425587e+02      
8.2657620e+01 -2.0536279e+02      
8.2070788e+01 -2.0627095e+02      
8.1355155e+01 -2.0698975e+02      
8.0524504e+01 -2.0751526e+02      
7.9594447e+01 -2.0781798e+02      
7.8583322e+01 -2.0784068e+02      
7.7517171e+01 -2.0749458e+02      
7.6455231e+01 -2.0660554e+02      
7.5481472e+01 -2.0499945e+02      
7.4525106e+01 -2.0308289e+02      
7.3560231e+01 -2.0109408e+02      
7.2597052e+01 -1.9910212e+02      
7.1646014e+01 -1.9714071e+02      
7.0714169e+01 -1.9523430e+02      
6.9805313e+01 -1.9340556e+02      
6.8920328e+01 -1.9167780e+02      
