2.1804815e+01 2.4061012e+02      
2.1066136e+01 2.3921927e+02      
2.0789454e+01 2.3792919e+02      
2.0919012e+01 2.3676310e+02      
2.1368685e+01 2.3572544e+02      
2.2043161e+01 2.3481316e+02      
2.2882006e+01 2.3404075e+02      
2.3883338e+01 2.3345165e+02      
2.5084503e+01 2.3310227e+02      
2.6522140e+01 2.3303298e+02      
2.8210834e+01 2.3325347e+02      
3.0135402e+01 2.3374427e+02      
3.2234796e+01 2.3446030e+02      
3.4352061e+01 2.3531570e+02      
3.6289638e+01 2.3619259e+02      
3.8305782e+01 2.3709763e+02      
4.0615579e+01 2.3801096e+02      
4.3329285e+01 2.3888516e+02      
4.6498000e+01 2.3966945e+02      
5.0134737e+01 2.4031488e+02      
5.0064943e+01 2.3049358e+02      
4.9572157e+01 2.2908274e+02      
4.9584759e+01 2.2778073e+02      
5.0045712e+01 2.2661697e+02      
5.0821217e+01 2.2557447e+02      
5.1724762e+01 2.2460269e+02      
5.2649414e+01 2.2369826e+02      
5.3627699e+01 2.2293749e+02      
5.4777430e+01 2.2243713e+02      
5.6179798e+01 2.2227003e+02      
5.7866555e+01 2.2244746e+02      
5.9844677e+01 2.2294319e+02      
6.2051785e+01 2.2370665e+02      
6.4239172e+01 2.2463860e+02      
6.5586018e+01 2.2541546e+02      
6.6986327e+01 2.2622914e+02      
6.8766315e+01 2.2704982e+02      
7.1052531e+01 2.2781330e+02      
7.3873504e+01 2.2845848e+02      
7.7215119e+01 2.2893185e+02      
7.7008466e+01 2.1667694e+02      
7.6785885e+01 2.1521713e+02      
7.7136324e+01 2.1388908e+02      
7.8052227e+01 2.1276072e+02      
7.9363539e+01 2.1180305e+02      
8.0593645e+01 2.1079244e+02      
8.1552786e+01 2.0969083e+02      
8.2340475e+01 2.0863101e+02      
8.3345151e+01 2.0791605e+02      
8.4664632e+01 2.0764734e+02      
8.6309879e+01 2.0780807e+02      
8.8337210e+01 2.0834683e+02      
9.0653044e+01 2.0919162e+02      
9.2431715e+01 2.1011221e+02      
9.3536573e+01 2.1098265e+02      
9.4184557e+01 2.1177606e+02      
9.5312849e+01 2.1256155e+02      
9.7113643e+01 2.1326301e+02      
9.9561212e+01 2.1381190e+02      
1.0258509e+02 2.1415298e+02      
1.0217399e+02 1.9938052e+02      
1.0221443e+02 1.9782155e+02      
1.0289229e+02 1.9641340e+02      
1.0431918e+02 1.9530171e+02      
1.0651837e+02 1.9459443e+02      
1.0815722e+02 1.9354222e+02      
1.0912260e+02 1.9218646e+02      
1.0942443e+02 1.9061383e+02      
1.1028213e+02 1.8965548e+02      
1.1150881e+02 1.8931131e+02      
1.1296660e+02 1.8950871e+02      
1.1489196e+02 1.9013506e+02      
1.1668347e+02 1.9101520e+02      
1.1800548e+02 1.9201205e+02      
1.1877132e+02 1.9302180e+02      
1.1915675e+02 1.9396922e+02      
1.1962887e+02 1.9480389e+02      
1.2099678e+02 1.9549899e+02      
1.2310453e+02 1.9599721e+02      
1.2581868e+02 1.9624761e+02      
1.2513782e+02 1.7888614e+02      
1.2540173e+02 1.7715749e+02      
1.2630552e+02 1.7556046e+02      
1.2796338e+02 1.7423760e+02      
1.3041057e+02 1.7327285e+02      
1.3227973e+02 1.7202395e+02      
1.3347435e+02 1.7051578e+02      
1.3400849e+02 1.6886199e+02      
1.3514668e+02 1.6780301e+02      
1.3647512e+02 1.6743134e+02      
1.3729747e+02 1.6778402e+02      
1.3824055e+02 1.6860286e+02      
1.3952334e+02 1.6963596e+02      
1.4037889e+02 1.7079790e+02      
1.4067721e+02 1.7200849e+02      
1.4061225e+02 1.7315376e+02      
1.4108034e+02 1.7410735e+02      
1.4225825e+02 1.7484583e+02      
1.4410584e+02 1.7533536e+02      
1.4653929e+02 1.7553527e+02      
1.4553431e+02 1.5554153e+02      
1.4597934e+02 1.5356990e+02      
1.4700367e+02 1.5167581e+02      
1.4859506e+02 1.4994727e+02      
1.5057884e+02 1.4838393e+02      
1.5247392e+02 1.4681764e+02      
1.5411584e+02 1.4522595e+02      
1.5564641e+02 1.4374241e+02      
1.5753317e+02 1.4265945e+02      
1.5960296e+02 1.4220957e+02      
1.5910047e+02 1.4297173e+02      
1.5879240e+02 1.4420182e+02      
1.5894546e+02 1.4559782e+02      
1.5930393e+02 1.4700477e+02      
1.5907093e+02 1.4848775e+02      
1.5905811e+02 1.4979670e+02      
1.5954088e+02 1.5087017e+02      
1.6060623e+02 1.5167927e+02      
1.6225012e+02 1.5219371e+02      
1.6443150e+02 1.5237943e+02      
1.6306049e+02 1.2975597e+02      
1.6367239e+02 1.2748036e+02      
1.6480196e+02 1.2522298e+02      
1.6637331e+02 1.2306380e+02      
1.6823103e+02 1.2104716e+02      
1.7019112e+02 1.1917091e+02      
1.7220196e+02 1.1743575e+02      
1.7438140e+02 1.1589632e+02      
1.7681341e+02 1.1472027e+02      
1.7884454e+02 1.1430186e+02      
1.7776307e+02 1.1553220e+02      
1.7635932e+02 1.1736469e+02      
1.7540052e+02 1.1929943e+02      
1.7485506e+02 1.2113954e+02      
1.7448573e+02 1.2283830e+02      
1.7445390e+02 1.2431252e+02      
1.7488856e+02 1.2551301e+02      
1.7583509e+02 1.2641057e+02      
1.7729491e+02 1.2697636e+02      
1.7924194e+02 1.2717979e+02      
1.7746387e+02 1.0198889e+02      
1.7825688e+02 9.9359392e+01      
1.7954250e+02 9.6688758e+01      
1.8122586e+02 9.4083251e+01      
1.8315510e+02 9.1661446e+01      
1.8520220e+02 8.9509982e+01      
1.8741393e+02 8.7613047e+01      
1.8998202e+02 8.5909684e+01      
1.9282431e+02 8.4559142e+01      
1.9398439e+02 8.4577958e+01      
1.9306720e+02 8.6019624e+01      
1.9057054e+02 8.8638563e+01      
1.8860822e+02 9.1242845e+01      
1.8739144e+02 9.3531039e+01      
1.8676197e+02 9.5488628e+01      
1.8662014e+02 9.7139622e+01      
1.8695631e+02 9.8475625e+01      
1.8777069e+02 9.9476061e+01      
1.8905180e+02 1.0011507e+02      
1.9077458e+02 1.0036433e+02      
1.8852847e+02 7.2740600e+01      
1.8952557e+02 6.9713915e+01      
1.9103891e+02 6.6565797e+01      
1.9297182e+02 6.3429702e+01      
1.9510147e+02 6.0539791e+01      
1.9716918e+02 5.8158503e+01      
1.9923431e+02 5.6287080e+01      
2.0172263e+02 5.4607692e+01      
2.0327653e+02 5.4067796e+01      
2.0362015e+02 5.4665777e+01      
2.0268480e+02 5.6325453e+01      
2.0064416e+02 5.8916776e+01      
1.9799413e+02 6.2145313e+01      
1.9641931e+02 6.4766036e+01      
1.9561463e+02 6.6931687e+01      
1.9536257e+02 6.8745209e+01      
1.9559227e+02 7.0216939e+01      
1.9627307e+02 7.1330668e+01      
1.9738092e+02 7.2061387e+01      
1.9888791e+02 7.2381495e+01      
1.9606983e+02 4.2547580e+01      
1.9727579e+02 3.9096497e+01      
1.9907671e+02 3.5398193e+01      
2.0145337e+02 3.1545611e+01      
2.0408898e+02 2.7905361e+01      
2.0614066e+02 2.5285011e+01      
2.0735802e+02 2.3968744e+01      
2.0789078e+02 2.3787147e+01      
2.0794542e+02 2.4395330e+01      
2.0748088e+02 2.5661891e+01      
2.0641305e+02 2.7563641e+01      
2.0481120e+02 3.0024273e+01      
2.0300731e+02 3.2796048e+01      
2.0164409e+02 3.5386945e+01      
2.0084564e+02 3.7657821e+01      
2.0054448e+02 3.9602475e+01      
2.0069002e+02 4.1205195e+01      
2.0124905e+02 4.2440436e+01      
2.0219378e+02 4.3279257e+01      
2.0349506e+02 4.3692809e+01      
1.9994309e+02 1.1973648e+01      
2.0131319e+02 8.1136073e+00      
2.0337074e+02 3.8526560e+00      
2.0629480e+02 -8.8219090e-01      
2.1005306e+02 -5.8920577e+00      
2.1213876e+02 -8.8624662e+00      
2.1232594e+02 -9.4269105e+00      
2.1064658e+02 -7.7216345e+00      
2.0932269e+02 -5.9006143e+00      
2.0816446e+02 -3.9841698e+00      
2.0691113e+02 -1.8072350e+00      
2.0553788e+02 6.4086580e-01      
2.0419674e+02 3.2342701e+00      
2.0311398e+02 5.7727870e+00      
2.0241398e+02 8.1115972e+00      
2.0211662e+02 1.0173783e+01      
2.0220671e+02 1.1908765e+01      
2.0266183e+02 1.3275405e+01      
2.0345718e+02 1.4238097e+01      
2.0456508e+02 1.4765746e+01      
2.0006690e+02 -1.8413458e+01      
2.0149698e+02 -2.2604771e+01      
2.0362924e+02 -2.7301517e+01      
2.0668224e+02 -3.2675095e+01      
2.1052669e+02 -3.8493933e+01      
2.1239676e+02 -4.1665146e+01      
2.1194171e+02 -4.1692813e+01      
2.0937691e+02 -3.8880678e+01      
2.0729474e+02 -3.6236753e+01      
2.0569227e+02 -3.3851624e+01      
2.0429232e+02 -3.1444292e+01      
2.0300836e+02 -2.8917233e+01      
2.0187517e+02 -2.6306469e+01      
2.0097703e+02 -2.3721933e+01      
2.0037989e+02 -2.1283433e+01      
2.0010974e+02 -1.9087936e+01      
2.0016572e+02 -1.7207490e+01      
2.0053424e+02 -1.5695651e+01      
2.0119513e+02 -1.4593355e+01      
2.0212351e+02 -1.3932982e+01      
1.9645231e+02 -4.8077716e+01      
1.9781397e+02 -5.2478781e+01      
1.9978759e+02 -5.7381424e+01      
2.0252343e+02 -6.2968718e+01      
2.0583390e+02 -6.9029846e+01      
2.0727228e+02 -7.2175260e+01      
2.0651784e+02 -7.1949887e+01      
2.0383433e+02 -6.8705387e+01      
2.0156123e+02 -6.5782305e+01      
1.9980054e+02 -6.3236761e+01      
1.9835195e+02 -6.0726765e+01      
1.9713109e+02 -5.8114938e+01      
1.9612613e+02 -5.5405953e+01      
1.9535829e+02 -5.2691667e+01      
1.9485093e+02 -5.0095715e+01      
1.9461548e+02 -4.7730958e+01      
1.9465096e+02 -4.5682315e+01      
1.9494737e+02 -4.4008991e+01      
1.9548821e+02 -4.2752608e+01      
1.9625160e+02 -4.1943904e+01      
1.8921411e+02 -7.6543332e+01      
1.9040645e+02 -8.1042435e+01      
1.9205201e+02 -8.5919239e+01      
1.9416617e+02 -9.1202709e+01      
1.9654007e+02 -9.6708103e+01      
1.9740075e+02 -9.9483683e+01      
1.9656531e+02 -9.9334377e+01      
1.9424005e+02 -9.6508016e+01      
1.9216062e+02 -9.3960894e+01      
1.9046131e+02 -9.1620814e+01      
1.8906398e+02 -8.9175305e+01      
1.8793060e+02 -8.6506429e+01      
1.8704311e+02 -8.3640651e+01      
1.8639219e+02 -8.0708618e+01      
1.8597146e+02 -7.7881060e+01      
1.8577612e+02 -7.5300521e+01      
1.8580090e+02 -7.3058523e+01      
1.8603715e+02 -7.1209753e+01      
1.8647128e+02 -6.9789100e+01      
1.8708434e+02 -6.8821363e+01      
1.7855517e+02 -1.0339567e+02      
1.7953700e+02 -1.0795262e+02      
1.8082466e+02 -1.1274111e+02      
1.8223426e+02 -1.1738674e+02      
1.8325778e+02 -1.2101279e+02      
1.8343862e+02 -1.2298043e+02      
1.8263579e+02 -1.2319272e+02      
1.8106811e+02 -1.2205221e+02      
1.7936050e+02 -1.2050165e+02      
1.7781875e+02 -1.1869268e+02      
1.7653026e+02 -1.1646243e+02      
1.7551826e+02 -1.1374632e+02      
1.7477058e+02 -1.1062776e+02      
1.7425328e+02 -1.0734020e+02      
1.7393020e+02 -1.0418055e+02      
1.7378276e+02 -1.0133724e+02      
1.7380481e+02 -9.8885718e+01      
1.7399070e+02 -9.6857413e+01      
1.7433021e+02 -9.5270855e+01      
1.7480738e+02 -9.4140544e+01      
1.6473482e+02 -1.2825022e+02      
1.6551228e+02 -1.3290456e+02      
1.6652879e+02 -1.3776746e+02      
1.6760461e+02 -1.4236625e+02      
1.6763536e+02 -1.4447268e+02      
1.6724666e+02 -1.4561667e+02      
1.6636906e+02 -1.4596475e+02      
1.6505450e+02 -1.4579866e+02      
1.6353877e+02 -1.4538385e+02      
1.6210642e+02 -1.4433300e+02      
1.6092704e+02 -1.4242127e+02      
1.6006649e+02 -1.3961874e+02      
1.5950718e+02 -1.3605648e+02      
1.5917313e+02 -1.3211966e+02      
1.5896901e+02 -1.2850031e+02      
1.5887573e+02 -1.2537702e+02      
1.5889965e+02 -1.2272752e+02      
1.5904232e+02 -1.2053435e+02      
1.5929781e+02 -1.1879273e+02      
1.5965314e+02 -1.1750516e+02      
1.4804453e+02 -1.5071474e+02      
1.4863777e+02 -1.5555154e+02      
1.4939024e+02 -1.6056326e+02      
1.5003485e+02 -1.6492512e+02      
1.4967800e+02 -1.6637552e+02      
1.4895161e+02 -1.6682866e+02      
1.4794427e+02 -1.6697808e+02      
1.4664695e+02 -1.6727091e+02      
1.4509634e+02 -1.6815902e+02      
1.4364195e+02 -1.6802337e+02      
1.4252502e+02 -1.6650270e+02      
1.4184767e+02 -1.6353485e+02      
1.4155425e+02 -1.5930716e+02      
1.4147286e+02 -1.5432012e+02      
1.4138791e+02 -1.5028650e+02      
1.4134164e+02 -1.4696713e+02      
1.4136536e+02 -1.4417818e+02      
1.4146858e+02 -1.4185854e+02      
1.4164910e+02 -1.3998624e+02      
1.4189627e+02 -1.3855556e+02      
1.2879867e+02 -1.7035688e+02      
1.2922938e+02 -1.7546410e+02      
1.2978021e+02 -1.8079712e+02      
1.2995056e+02 -1.8447256e+02      
1.2952546e+02 -1.8600257e+02      
1.2857960e+02 -1.8565652e+02      
1.2747661e+02 -1.8527492e+02      
1.2620353e+02 -1.8531990e+02      
1.2474049e+02 -1.8587833e+02      
1.2314713e+02 -1.8659807e+02      
1.2201324e+02 -1.8553709e+02      
1.2154603e+02 -1.8236044e+02      
1.2156910e+02 -1.7751393e+02      
1.2156371e+02 -1.7296117e+02      
1.2152726e+02 -1.6904614e+02      
1.2150262e+02 -1.6572193e+02      
1.2151744e+02 -1.6288938e+02      
1.2158225e+02 -1.6049870e+02      
1.2169585e+02 -1.5852962e+02      
1.2184847e+02 -1.5697641e+02      
1.0732633e+02 -1.8661288e+02      
1.0757561e+02 -1.9185329e+02      
1.0772578e+02 -1.9628313e+02      
1.0760399e+02 -1.9939053e+02      
1.0711430e+02 -2.0096551e+02      
1.0626757e+02 -2.0107322e+02      
1.0516581e+02 -2.0013716e+02      
1.0396847e+02 -1.9983096e+02      
1.0265286e+02 -1.9992968e+02      
1.0123601e+02 -2.0011151e+02      
9.9964329e+01 -1.9959937e+02      
9.9788043e+01 -1.9614700e+02      
9.9791345e+01 -1.9206264e+02      
9.9769867e+01 -1.8813034e+02      
9.9731727e+01 -1.8455536e+02      
9.9702621e+01 -1.8137815e+02      
9.9698724e+01 -1.7859203e+02      
9.9725802e+01 -1.7618594e+02      
9.9780690e+01 -1.7415569e+02      
9.9852952e+01 -1.7250284e+02      
8.3988803e+01 -1.9893855e+02      
8.3946166e+01 -2.0295307e+02      
8.3822358e+01 -2.0646271e+02      
8.3521258e+01 -2.0907305e+02      
8.2989395e+01 -2.1063581e+02      
8.2225472e+01 -2.1118919e+02      
8.1276456e+01 -2.1104296e+02      
8.0216828e+01 -2.1082386e+02      
7.9074131e+01 -2.1065089e+02      
7.7845640e+01 -2.1043551e+02      
7.6642787e+01 -2.0983287e+02      
7.6537102e+01 -2.0674381e+02      
7.6488380e+01 -2.0332336e+02      
7.6416248e+01 -1.9995401e+02      
7.6350429e+01 -1.9674626e+02      
7.6301146e+01 -1.9378022e+02      
7.6273149e+01 -1.9109662e+02      
7.6265507e+01 -1.8871692e+02      
7.6271445e+01 -1.8665547e+02      
7.6278727e+01 -1.8492418e+02      
