2.8409211e+01 2.3391669e+02      
2.7789346e+01 2.3281226e+02      
2.7563082e+01 2.3182086e+02      
2.7704315e+01 2.3098234e+02      
2.8180381e+01 2.3032847e+02      
2.8947708e+01 2.2987613e+02      
2.9931615e+01 2.2960684e+02      
3.0977377e+01 2.2942165e+02      
3.1858533e+01 2.2915015e+02      
3.2414544e+01 2.2867399e+02      
3.2618031e+01 2.2797521e+02      
3.2570027e+01 2.2712586e+02      
3.2483672e+01 2.2628563e+02      
3.2606437e+01 2.2564777e+02      
3.3085714e+01 2.2531965e+02      
3.3970798e+01 2.2531891e+02      
3.5272934e+01 2.2562228e+02      
3.6994688e+01 2.2618826e+02      
3.9140386e+01 2.2696482e+02      
4.1719133e+01 2.2789280e+02      
5.7698241e+01 2.2417899e+02      
5.7318079e+01 2.2305688e+02      
5.7349898e+01 2.2204541e+02      
5.7769909e+01 2.2119744e+02      
5.8553031e+01 2.2056210e+02      
5.9679307e+01 2.2018625e+02      
6.1132773e+01 2.2011120e+02      
6.2749135e+01 2.2023253e+02      
6.3980977e+01 2.2009215e+02      
6.4553857e+01 2.1949552e+02      
6.4440088e+01 2.1843517e+02      
6.3788028e+01 2.1700305e+02      
6.2950552e+01 2.1545302e+02      
6.2491806e+01 2.1426162e+02      
6.2547818e+01 2.1353512e+02      
6.3082825e+01 2.1322485e+02      
6.4060042e+01 2.1327237e+02      
6.5455925e+01 2.1361639e+02      
6.7261908e+01 2.1419129e+02      
6.9483729e+01 2.1492699e+02      
8.5645335e+01 2.1084551e+02      
8.5529831e+01 2.0966817e+02      
8.5843547e+01 2.0859957e+02      
8.6561833e+01 2.0770672e+02      
8.7660890e+01 2.0705408e+02      
8.9136138e+01 2.0671219e+02      
9.1071424e+01 2.0681766e+02      
9.3601655e+01 2.0753768e+02      
9.5361150e+01 2.0764248e+02      
9.5966894e+01 2.0694011e+02      
9.5386664e+01 2.0544648e+02      
9.3863418e+01 2.0328273e+02      
9.1903781e+01 2.0073330e+02      
9.0867044e+01 1.9901931e+02      
9.0545915e+01 1.9796302e+02      
9.0759857e+01 1.9740611e+02      
9.1420469e+01 1.9725788e+02      
9.2476923e+01 1.9743994e+02      
9.3908246e+01 1.9787419e+02      
9.5720925e+01 1.9847957e+02      
1.1179160e+02 1.9414163e+02      
1.1196170e+02 1.9285976e+02      
1.1257791e+02 1.9168350e+02      
1.1360934e+02 1.9069635e+02      
1.1501909e+02 1.8997260e+02      
1.1677356e+02 1.8956863e+02      
1.1885052e+02 1.8952308e+02      
1.2116761e+02 1.8978067e+02      
1.2341627e+02 1.9003314e+02      
1.2401998e+02 1.8919616e+02      
1.2279850e+02 1.8722567e+02      
1.2031337e+02 1.8438793e+02      
1.1834527e+02 1.8188554e+02      
1.1713729e+02 1.8001683e+02      
1.1659131e+02 1.7877357e+02      
1.1656352e+02 1.7806360e+02      
1.1694724e+02 1.7779869e+02      
1.1766841e+02 1.7789335e+02      
1.1869453e+02 1.7826098e+02      
1.2004150e+02 1.7881040e+02      
1.3570511e+02 1.7435017e+02      
1.3617867e+02 1.7290057e+02      
1.3711910e+02 1.7155016e+02      
1.3848583e+02 1.7040834e+02      
1.4021958e+02 1.6956928e+02      
1.4224574e+02 1.6907025e+02      
1.4444230e+02 1.6885017e+02      
1.4648366e+02 1.6867757e+02      
1.4783663e+02 1.6814322e+02      
1.4834249e+02 1.6706199e+02      
1.4621232e+02 1.6458044e+02      
1.4387896e+02 1.6186652e+02      
1.4207792e+02 1.5944701e+02      
1.4090300e+02 1.5754627e+02      
1.4028523e+02 1.5623010e+02      
1.4012067e+02 1.5546557e+02      
1.4029750e+02 1.5517287e+02      
1.4070642e+02 1.5526425e+02      
1.4129217e+02 1.5565048e+02      
1.4209820e+02 1.5623106e+02      
1.5698516e+02 1.5181138e+02      
1.5777634e+02 1.5011342e+02      
1.5906620e+02 1.4849775e+02      
1.6080741e+02 1.4711783e+02      
1.6290914e+02 1.4613172e+02      
1.6527706e+02 1.4560310e+02      
1.6779174e+02 1.4538594e+02      
1.6992738e+02 1.4511639e+02      
1.6997923e+02 1.4371294e+02      
1.6944972e+02 1.4193034e+02      
1.6681190e+02 1.3920085e+02      
1.6453628e+02 1.3643169e+02      
1.6292533e+02 1.3395052e+02      
1.6188373e+02 1.3198777e+02      
1.6131113e+02 1.3066167e+02      
1.6112303e+02 1.2994169e+02      
1.6120924e+02 1.2971369e+02      
1.6136628e+02 1.2988663e+02      
1.6144870e+02 1.3038618e+02      
1.6158717e+02 1.3110081e+02      
1.7526561e+02 1.2692555e+02      
1.7638093e+02 1.2487801e+02      
1.7804315e+02 1.2286774e+02      
1.8022343e+02 1.2110009e+02      
1.8278356e+02 1.1988368e+02      
1.8544577e+02 1.1949266e+02      
1.8831978e+02 1.1943491e+02      
1.8969906e+02 1.1871012e+02      
1.8914918e+02 1.1703202e+02      
1.8676937e+02 1.1446401e+02      
1.8404343e+02 1.1155097e+02      
1.8192727e+02 1.0856592e+02      
1.8063304e+02 1.0579565e+02      
1.7984422e+02 1.0368347e+02      
1.7940627e+02 1.0240636e+02      
1.7928367e+02 1.0188554e+02      
1.7950349e+02 1.0181024e+02      
1.7962705e+02 1.0212196e+02      
1.7900559e+02 1.0284448e+02      
1.7822823e+02 1.0382300e+02      
1.9021880e+02 1.0015917e+02      
1.9165299e+02 9.7640789e+01      
1.9368442e+02 9.5067818e+01      
1.9632005e+02 9.2678061e+01      
1.9939402e+02 9.0996284e+01      
2.0175825e+02 9.1112445e+01      
2.0374905e+02 9.0899881e+01      
2.0446858e+02 8.9883744e+01      
2.0341721e+02 8.8008143e+01      
2.0076881e+02 8.5352456e+01      
1.9748451e+02 8.2162396e+01      
1.9553113e+02 7.8854812e+01      
1.9482708e+02 7.5478479e+01      
1.9438974e+02 7.3145332e+01      
1.9418054e+02 7.1951579e+01      
1.9416569e+02 7.1868515e+01      
1.9491149e+02 7.1925202e+01      
1.9558433e+02 7.2343790e+01      
1.9375103e+02 7.3426537e+01      
1.9170022e+02 7.4847307e+01      
2.0155476e+02 7.2061186e+01      
2.0332480e+02 6.8904717e+01      
2.0560455e+02 6.5664886e+01      
2.0847776e+02 6.2480862e+01      
2.1052558e+02 6.0892758e+01      
2.1152975e+02 6.1066452e+01      
2.1318683e+02 6.0754409e+01      
2.1355619e+02 5.9507964e+01      
2.1202895e+02 5.7452909e+01      
2.0894023e+02 5.4696197e+01      
2.0632926e+02 5.1533191e+01      
2.0472363e+02 4.8140387e+01      
2.0420582e+02 4.4639551e+01      
2.0400732e+02 4.2241466e+01      
2.0421957e+02 4.0985834e+01      
2.0498346e+02 4.0780243e+01      
2.0665534e+02 4.0648513e+01      
2.0684657e+02 4.1233187e+01      
2.0497661e+02 4.2635725e+01      
2.0150841e+02 4.4704235e+01      
2.0891511e+02 4.3395388e+01      
2.1105730e+02 3.9442604e+01      
2.1317624e+02 3.5755488e+01      
2.1522266e+02 3.2505786e+01      
2.1636873e+02 3.0773973e+01      
2.1635061e+02 3.0800820e+01      
2.1676229e+02 3.0169607e+01      
2.1704462e+02 2.8599567e+01      
2.1509117e+02 2.6338842e+01      
2.1279499e+02 2.3477098e+01      
2.1082701e+02 2.0257951e+01      
2.0947891e+02 1.6933301e+01      
2.0879426e+02 1.3861983e+01      
2.0861218e+02 1.1615914e+01      
2.0912634e+02 1.0284930e+01      
2.1088106e+02 9.3977071e+00      
2.1221432e+02 9.2018696e+00      
2.1209904e+02 9.9338196e+00      
2.1016156e+02 1.1663793e+01      
2.0675312e+02 1.4150945e+01      
2.1191193e+02 1.5078208e+01      
2.1331730e+02 1.1582805e+01      
2.1494648e+02 7.8392923e+00      
2.1670724e+02 3.8911117e+00      
2.1741782e+02 1.5552502e+00      
2.1689225e+02 1.1122498e+00      
2.1648197e+02 1.4234857e-02      
2.1589880e+02 -1.9581360e+00      
2.1453418e+02 -4.6034847e+00      
2.1287337e+02 -7.7640996e+00      
2.1135035e+02 -1.1226071e+01      
2.1019173e+02 -1.4700770e+01      
2.0948198e+02 -1.7790062e+01      
2.0915811e+02 -1.9935875e+01      
2.0916965e+02 -2.0732872e+01      
2.0994181e+02 -2.1054182e+01      
2.1125698e+02 -2.1323034e+01      
2.1104663e+02 -2.0487049e+01      
2.0891383e+02 -1.8342987e+01      
2.0526433e+02 -1.5281444e+01      
2.1094375e+02 -1.2809694e+01      
2.1174175e+02 -1.5948428e+01      
2.1270608e+02 -1.9382939e+01      
2.1365879e+02 -2.2961402e+01      
2.1420871e+02 -2.6189838e+01      
2.1358964e+02 -2.7483208e+01      
2.1284963e+02 -2.9275135e+01      
2.1195618e+02 -3.1799593e+01      
2.1077462e+02 -3.4942580e+01      
2.0942987e+02 -3.8572388e+01      
2.0814854e+02 -4.2501206e+01      
2.0711579e+02 -4.6464874e+01      
2.0642829e+02 -5.0025338e+01      
2.0598257e+02 -5.2366765e+01      
2.0493281e+02 -5.1676981e+01      
2.0449337e+02 -5.0876181e+01      
2.0451398e+02 -5.0237419e+01      
2.0428007e+02 -4.9328825e+01      
2.0193343e+02 -4.6689512e+01      
1.9931157e+02 -4.3831778e+01      
2.0633828e+02 -4.0073538e+01      
2.0666482e+02 -4.2949914e+01      
2.0705297e+02 -4.6066549e+01      
2.0735661e+02 -4.9276603e+01      
2.0735251e+02 -5.2283042e+01      
2.0682920e+02 -5.4765809e+01      
2.0601716e+02 -5.7385105e+01      
2.0502021e+02 -6.0517224e+01      
2.0385779e+02 -6.4233849e+01      
2.0260657e+02 -6.8462651e+01      
2.0139989e+02 -7.3049635e+01      
2.0038698e+02 -7.7795896e+01      
1.9961941e+02 -8.2062009e+01      
1.9840915e+02 -8.3344388e+01      
1.9663951e+02 -8.1445881e+01      
1.9526720e+02 -7.9687300e+01      
1.9422044e+02 -7.8231928e+01      
1.9310797e+02 -7.6546898e+01      
1.9146312e+02 -7.4125563e+01      
1.8971609e+02 -7.1402843e+01      
1.9830608e+02 -6.6359439e+01      
1.9825570e+02 -6.9027269e+01      
1.9820419e+02 -7.1914763e+01      
1.9804837e+02 -7.4914753e+01      
1.9767293e+02 -7.7906951e+01      
1.9701334e+02 -8.0879060e+01      
1.9610940e+02 -8.4046843e+01      
1.9502549e+02 -8.7674490e+01      
1.9381869e+02 -9.1975061e+01      
1.9254576e+02 -9.6942929e+01      
1.9125853e+02 -1.0216019e+02      
1.9008684e+02 -1.0769447e+02      
1.8866754e+02 -1.1122095e+02      
1.8685457e+02 -1.1174181e+02      
1.8464570e+02 -1.0917252e+02      
1.8262459e+02 -1.0693776e+02      
1.8082162e+02 -1.0513760e+02      
1.7922951e+02 -1.0319305e+02      
1.7796313e+02 -1.0059938e+02      
1.7688175e+02 -9.7725883e+01      
1.8706181e+02 -9.1292911e+01      
1.8671224e+02 -9.3791207e+01      
1.8632612e+02 -9.6510519e+01      
1.8583712e+02 -9.9388078e+01      
1.8518264e+02 -1.0238169e+02      
1.8432849e+02 -1.0551649e+02      
1.8328185e+02 -1.0891307e+02      
1.8207714e+02 -1.1276760e+02      
1.8077058e+02 -1.1741027e+02      
1.7942883e+02 -1.2323307e+02      
1.7788311e+02 -1.2842960e+02      
1.7617677e+02 -1.3308612e+02      
1.7420609e+02 -1.3630286e+02      
1.7194910e+02 -1.3674080e+02      
1.6944235e+02 -1.3420313e+02      
1.6688597e+02 -1.3207172e+02      
1.6441473e+02 -1.3046400e+02      
1.6233529e+02 -1.2879295e+02      
1.6152493e+02 -1.2569007e+02      
1.6109853e+02 -1.2239020e+02      
1.7284190e+02 -1.1450270e+02      
1.7225452e+02 -1.1685264e+02      
1.7160831e+02 -1.1942679e+02      
1.7086102e+02 -1.2218751e+02      
1.6997519e+02 -1.2511728e+02      
1.6892873e+02 -1.2823723e+02      
1.6771986e+02 -1.3161606e+02      
1.6636317e+02 -1.3536400e+02      
1.6488124e+02 -1.3961363e+02      
1.6327275e+02 -1.4428497e+02      
1.6146946e+02 -1.4875668e+02      
1.5941967e+02 -1.5288922e+02      
1.5704271e+02 -1.5663955e+02      
1.5442840e+02 -1.5767765e+02      
1.5158693e+02 -1.5611804e+02      
1.4847991e+02 -1.5457048e+02      
1.4532474e+02 -1.5345345e+02      
1.4324781e+02 -1.5159562e+02      
1.4245288e+02 -1.4865311e+02      
1.4273710e+02 -1.4485795e+02      
1.5591163e+02 -1.3563727e+02      
1.5513429e+02 -1.3784572e+02      
1.5428193e+02 -1.4027413e+02      
1.5332753e+02 -1.4289541e+02      
1.5224735e+02 -1.4569581e+02      
1.5102594e+02 -1.4868145e+02      
1.4965808e+02 -1.5187777e+02      
1.4814595e+02 -1.5531532e+02      
1.4649121e+02 -1.5898882e+02      
1.4468116e+02 -1.6277465e+02      
1.4268223e+02 -1.6643422e+02      
1.4044903e+02 -1.6977969e+02      
1.3793445e+02 -1.7251614e+02      
1.3508898e+02 -1.7406005e+02      
1.3175313e+02 -1.7477985e+02      
1.2816228e+02 -1.7373688e+02      
1.2498625e+02 -1.7256053e+02      
1.2289184e+02 -1.7073015e+02      
1.2211595e+02 -1.6796679e+02      
1.2246131e+02 -1.6442586e+02      
1.3656794e+02 -1.5437765e+02      
1.3563855e+02 -1.5644337e+02      
1.3462140e+02 -1.5871608e+02      
1.3349954e+02 -1.6117151e+02      
1.3225784e+02 -1.6379226e+02      
1.3088554e+02 -1.6656897e+02      
1.2937682e+02 -1.6949603e+02      
1.2772899e+02 -1.7255863e+02      
1.2593790e+02 -1.7570907e+02      
1.2399253e+02 -1.7884288e+02      
1.2187275e+02 -1.8180588e+02      
1.1955165e+02 -1.8442310e+02      
1.1699829e+02 -1.8648963e+02      
1.1417069e+02 -1.8785032e+02      
1.1103622e+02 -1.8845707e+02      
1.0766016e+02 -1.8816880e+02      
1.0417358e+02 -1.8752934e+02      
1.0193821e+02 -1.8595056e+02      
1.0125807e+02 -1.8333949e+02      
1.0182877e+02 -1.7990092e+02      
1.1513866e+02 -1.7044578e+02      
1.1408806e+02 -1.7236454e+02      
1.1293963e+02 -1.7447049e+02      
1.1168355e+02 -1.7673891e+02      
1.1031085e+02 -1.7914738e+02      
1.0881476e+02 -1.8167479e+02      
1.0719096e+02 -1.8429710e+02      
1.0543654e+02 -1.8697877e+02      
1.0354790e+02 -1.8966140e+02      
1.0151861e+02 -1.9225586e+02      
9.9338860e+01 -1.9464570e+02      
9.6996955e+01 -1.9669889e+02      
9.4482229e+01 -1.9828335e+02      
9.1790421e+01 -1.9929760e+02      
8.8939842e+01 -1.9968675e+02      
8.5986588e+01 -1.9947461e+02      
8.3071908e+01 -1.9876857e+02      
8.0633571e+01 -1.9747462e+02      
8.0100998e+01 -1.9500109e+02      
8.0045756e+01 -1.9214197e+02      
9.1979340e+01 -1.8360945e+02      
9.0833275e+01 -1.8537719e+02      
8.9581792e+01 -1.8730797e+02      
8.8220504e+01 -1.8937584e+02      
8.6745306e+01 -1.9155432e+02      
8.5153181e+01 -1.9381505e+02      
8.3442445e+01 -1.9612462e+02      
8.1612343e+01 -1.9843963e+02      
7.9662266e+01 -2.0070158e+02      
7.7591187e+01 -2.0283428e+02      
7.5398047e+01 -2.0474670e+02      
7.3083579e+01 -2.0634092e+02      
7.0653930e+01 -2.0752441e+02      
6.8127205e+01 -2.0822510e+02      
6.5544492e+01 -2.0840353e+02      
6.2985569e+01 -2.0805905e+02      
6.0595828e+01 -2.0720722e+02      
5.8677639e+01 -2.0579703e+02      
5.7610127e+01 -2.0373972e+02      
5.7018638e+01 -2.0131565e+02      
