2.7006986e+01 2.2259001e+02      
2.6324027e+01 2.2126086e+02      
2.5567305e+01 2.2016837e+02      
2.4665281e+01 2.1935340e+02      
2.3657532e+01 2.1883605e+02      
2.2649718e+01 2.1861927e+02      
2.1746629e+01 2.1869739e+02      
2.1023923e+01 2.1906278e+02      
2.0529489e+01 2.1970665e+02      
2.0296743e+01 2.2061520e+02      
2.0357275e+01 2.2176530e+02      
2.0745985e+01 2.2312343e+02      
2.1499460e+01 2.2464789e+02      
2.2652037e+01 2.2629240e+02      
2.4232567e+01 2.2800907e+02      
2.6262693e+01 2.2975041e+02      
2.8756415e+01 2.3147017e+02      
3.1720475e+01 2.3312354e+02      
3.5155104e+01 2.3466704e+02      
3.9054812e+01 2.3605838e+02      
5.8366511e+01 2.1187060e+02      
5.8153467e+01 2.1046372e+02      
5.7680327e+01 2.0930845e+02      
5.6779353e+01 2.0845706e+02      
5.5582384e+01 2.0792422e+02      
5.4324425e+01 2.0769703e+02      
5.3174177e+01 2.0775652e+02      
5.2220420e+01 2.0809221e+02      
5.1497168e+01 2.0870127e+02      
5.1019707e+01 2.0957680e+02      
5.0812392e+01 2.1069667e+02      
5.0914364e+01 2.1202184e+02      
5.1370859e+01 2.1350240e+02      
5.2223997e+01 2.1508434e+02      
5.3507631e+01 2.1671427e+02      
5.5245522e+01 2.1834151e+02      
5.7451562e+01 2.1991855e+02      
6.0131012e+01 2.2140052e+02      
6.3281983e+01 2.2274437e+02      
6.6896703e+01 2.2390841e+02      
8.8777335e+01 1.9763239e+02      
8.9331257e+01 1.9608717e+02      
8.9387583e+01 1.9483299e+02      
8.8298831e+01 1.9394600e+02      
8.6675906e+01 1.9342322e+02      
8.5019815e+01 1.9321070e+02      
8.3556547e+01 1.9326079e+02      
8.2359447e+01 1.9356205e+02      
8.1408731e+01 1.9413133e+02      
8.0670389e+01 1.9498196e+02      
8.0157541e+01 1.9609405e+02      
7.9924440e+01 1.9741636e+02      
8.0033925e+01 1.9888422e+02      
8.0540119e+01 2.0043225e+02      
8.1482952e+01 2.0200025e+02      
8.2887536e+01 2.0353496e+02      
8.4766064e+01 2.0498902e+02      
8.7120686e+01 2.0631900e+02      
8.9946142e+01 2.0748356e+02      
9.3231596e+01 2.0844243e+02      
1.1770956e+02 1.8010980e+02      
1.1945483e+02 1.7831401e+02      
1.2061503e+02 1.7690350e+02      
1.1881568e+02 1.7599852e+02      
1.1640150e+02 1.7556096e+02      
1.1415444e+02 1.7541812e+02      
1.1233767e+02 1.7546795e+02      
1.1094978e+02 1.7570730e+02      
1.0983358e+02 1.7620808e+02      
1.0882948e+02 1.7704154e+02      
1.0795854e+02 1.7818301e+02      
1.0732890e+02 1.7954807e+02      
1.0703493e+02 1.8104622e+02      
1.0714629e+02 1.8259615e+02      
1.0770875e+02 1.8413038e+02      
1.0874620e+02 1.8559517e+02      
1.1026586e+02 1.8694630e+02      
1.1226402e+02 1.8814434e+02      
1.1473031e+02 1.8915134e+02      
1.1765000e+02 1.8992938e+02      
1.4442468e+02 1.5962635e+02      
1.4758801e+02 1.5740751e+02      
1.4874770e+02 1.5578464e+02      
1.4738418e+02 1.5487268e+02      
1.4400535e+02 1.5465811e+02      
1.4102202e+02 1.5467919e+02      
1.3888976e+02 1.5472853e+02      
1.3750839e+02 1.5482067e+02      
1.3646235e+02 1.5514516e+02      
1.3514533e+02 1.5599021e+02      
1.3380971e+02 1.5723497e+02      
1.3269951e+02 1.5871322e+02      
1.3193732e+02 1.6029987e+02      
1.3160671e+02 1.6189446e+02      
1.3175703e+02 1.6342352e+02      
1.3240482e+02 1.6483848e+02      
1.3354599e+02 1.6610413e+02      
1.3516683e+02 1.6718893e+02      
1.3724987e+02 1.6806027e+02      
1.3977583e+02 1.6868329e+02      
1.6772750e+02 1.3673066e+02      
1.7088437e+02 1.3420792e+02      
1.7216962e+02 1.3236835e+02      
1.7117588e+02 1.3141611e+02      
1.6827944e+02 1.3126700e+02      
1.6467962e+02 1.3152870e+02      
1.6248349e+02 1.3151769e+02      
1.6142700e+02 1.3131974e+02      
1.6106895e+02 1.3116321e+02      
1.5926038e+02 1.3210291e+02      
1.5731152e+02 1.3357568e+02      
1.5562224e+02 1.3526732e+02      
1.5431977e+02 1.3701891e+02      
1.5350319e+02 1.3870589e+02      
1.5322506e+02 1.4025171e+02      
1.5347895e+02 1.4162796e+02      
1.5423815e+02 1.4281891e+02      
1.5547383e+02 1.4380566e+02      
1.5715991e+02 1.4456248e+02      
1.5927296e+02 1.4505738e+02      
1.8502179e+02 1.1267862e+02      
1.8859062e+02 1.0973889e+02      
1.9023408e+02 1.0760689e+02      
1.8945709e+02 1.0664828e+02      
1.8666997e+02 1.0667114e+02      
1.8414198e+02 1.0663591e+02      
1.8246490e+02 1.0639169e+02      
1.8179704e+02 1.0586791e+02      
1.8188930e+02 1.0521358e+02      
1.8056108e+02 1.0583395e+02      
1.7799782e+02 1.0764034e+02      
1.7571725e+02 1.0961660e+02      
1.7376599e+02 1.1165190e+02      
1.7242831e+02 1.1347572e+02      
1.7174018e+02 1.1503542e+02      
1.7162526e+02 1.1636484e+02      
1.7201984e+02 1.1748062e+02      
1.7287681e+02 1.1837961e+02      
1.7416231e+02 1.1904229e+02      
1.7585119e+02 1.1943751e+02      
1.9833707e+02 8.7365720e+01      
2.0105130e+02 8.4701147e+01      
2.0319005e+02 8.2177853e+01      
2.0261939e+02 8.1220094e+01      
2.0122279e+02 8.0678922e+01      
1.9972665e+02 8.0285943e+01      
1.9858067e+02 7.9852336e+01      
1.9815667e+02 7.9122960e+01      
1.9840702e+02 7.8141156e+01      
1.9734186e+02 7.8575280e+01      
1.9507272e+02 8.0249645e+01      
1.9247661e+02 8.2380357e+01      
1.8974700e+02 8.4822239e+01      
1.8797916e+02 8.6718487e+01      
1.8697459e+02 8.8228351e+01      
1.8655581e+02 8.9473799e+01      
1.8662602e+02 9.0500496e+01      
1.8712369e+02 9.1317762e+01      
1.8801249e+02 9.1907881e+01      
1.8927145e+02 9.2235285e+01      
2.0817700e+02 6.0947803e+01      
2.1028687e+02 5.8545445e+01      
2.1206582e+02 5.6208481e+01      
2.1282369e+02 5.4422256e+01      
2.1261992e+02 5.3284831e+01      
2.1180777e+02 5.2686521e+01      
2.1083081e+02 5.2347715e+01      
2.1033928e+02 5.1695749e+01      
2.1046177e+02 5.0697697e+01      
2.0937628e+02 5.1283503e+01      
2.0684065e+02 5.3294686e+01      
2.0411755e+02 5.5331217e+01      
2.0165012e+02 5.7290204e+01      
1.9983795e+02 5.8943269e+01      
1.9868149e+02 6.0282334e+01      
1.9805787e+02 6.1382330e+01      
1.9786291e+02 6.2295428e+01      
1.9802794e+02 6.3037324e+01      
1.9852499e+02 6.3582892e+01      
1.9934914e+02 6.3881582e+01      
2.1458456e+02 3.3755675e+01      
2.1640553e+02 3.1500136e+01      
2.1830563e+02 2.9038913e+01      
2.2024880e+02 2.6408605e+01      
2.2086740e+02 2.4813931e+01      
2.2039659e+02 2.4209389e+01      
2.1909961e+02 2.4428155e+01      
2.1822492e+02 2.4167193e+01      
2.1800063e+02 2.3506750e+01      
2.1699371e+02 2.4434844e+01      
2.1484861e+02 2.5961521e+01      
2.1193895e+02 2.7696292e+01      
2.0959454e+02 2.9247514e+01      
2.0788332e+02 3.0551421e+01      
2.0672324e+02 3.1618418e+01      
2.0601042e+02 3.2501833e+01      
2.0562388e+02 3.3269639e+01      
2.0547748e+02 3.3952926e+01      
2.0557582e+02 3.4499488e+01      
2.0595438e+02 3.4822021e+01      
2.1746221e+02 6.2297267e+00      
2.1907495e+02 4.1318754e+00      
2.2089452e+02 1.7431112e+00      
2.2294203e+02 -9.7600131e-01      
2.2383946e+02 -2.6747202e+00      
2.2367889e+02 -3.3445602e+00      
2.2263611e+02 -3.0642646e+00      
2.2173662e+02 -3.0456581e+00      
2.2093056e+02 -3.0256057e+00      
2.2012158e+02 -2.5472074e+00      
2.1828553e+02 -1.4964396e+00      
2.1568232e+02 -1.5448373e-01      
2.1360379e+02 9.9754128e-01      
2.1209017e+02 1.9211931e+00      
2.1105092e+02 2.6409184e+00      
2.1038687e+02 3.2192594e+00      
2.0992173e+02 3.7822498e+00      
2.0943986e+02 4.4650800e+00      
2.0909661e+02 5.0971624e+00      
2.0900695e+02 5.5164709e+00      
2.1675849e+02 -2.1189460e+01      
2.1812326e+02 -2.3051337e+01      
2.1955867e+02 -2.5056391e+01      
2.2089318e+02 -2.7037014e+01      
2.2167781e+02 -2.8526668e+01      
2.2184294e+02 -2.9392684e+01      
2.2157904e+02 -2.9772558e+01      
2.2090789e+02 -2.9861753e+01      
2.1999109e+02 -2.9725797e+01      
2.1885077e+02 -2.9321566e+01      
2.1717284e+02 -2.8582767e+01      
2.1531415e+02 -2.7756833e+01      
2.1369192e+02 -2.7041539e+01      
2.1247075e+02 -2.6528307e+01      
2.1166258e+02 -2.6229190e+01      
2.1119827e+02 -2.6070391e+01      
2.1085548e+02 -2.5840428e+01      
2.0991205e+02 -2.5014164e+01      
2.0905335e+02 -2.4166071e+01      
2.0846538e+02 -2.3555215e+01      
2.1252699e+02 -4.8108231e+01      
2.1364926e+02 -4.9719200e+01      
2.1474207e+02 -5.1368261e+01      
2.1567810e+02 -5.2921796e+01      
2.1630750e+02 -5.4209975e+01      
2.1660272e+02 -5.5167006e+01      
2.1662466e+02 -5.5833092e+01      
2.1607999e+02 -5.6049619e+01      
2.1508925e+02 -5.5916928e+01      
2.1394626e+02 -5.5638601e+01      
2.1260919e+02 -5.5222886e+01      
2.1122287e+02 -5.4779713e+01      
2.0999042e+02 -5.4442692e+01      
2.0907420e+02 -5.4333162e+01      
2.0855601e+02 -5.4511189e+01      
2.0835465e+02 -5.4846258e+01      
2.0781504e+02 -5.4690271e+01      
2.0678703e+02 -5.3948015e+01      
2.0540726e+02 -5.2778278e+01      
2.0431430e+02 -5.1881383e+01      
2.0489452e+02 -7.4155641e+01      
2.0582057e+02 -7.5552738e+01      
2.0667892e+02 -7.6950289e+01      
2.0739096e+02 -7.8260224e+01      
2.0788656e+02 -7.9397186e+01      
2.0815002e+02 -8.0326032e+01      
2.0817382e+02 -8.1038191e+01      
2.0762761e+02 -8.1280378e+01      
2.0680795e+02 -8.1306365e+01      
2.0582631e+02 -8.1200908e+01      
2.0473693e+02 -8.1015492e+01      
2.0363289e+02 -8.0829452e+01      
2.0264820e+02 -8.0753783e+01      
2.0194256e+02 -8.0944539e+01      
2.0166546e+02 -8.1570588e+01      
2.0132492e+02 -8.2012734e+01      
2.0064076e+02 -8.1930149e+01      
1.9952209e+02 -8.1235241e+01      
1.9806104e+02 -8.0083528e+01      
1.9654064e+02 -7.8879918e+01      
1.9402890e+02 -9.8960847e+01      
1.9480551e+02 -1.0018853e+02      
1.9549815e+02 -1.0140383e+02      
1.9605439e+02 -1.0254426e+02      
1.9642871e+02 -1.0355319e+02      
1.9659134e+02 -1.0439183e+02      
1.9649682e+02 -1.0501776e+02      
1.9607271e+02 -1.0537381e+02      
1.9540490e+02 -1.0553437e+02      
1.9457619e+02 -1.0556868e+02      
1.9365223e+02 -1.0553376e+02      
1.9270977e+02 -1.0549761e+02      
1.9184009e+02 -1.0554481e+02      
1.9113859e+02 -1.0577628e+02      
1.9065400e+02 -1.0626348e+02      
1.9027773e+02 -1.0690753e+02      
1.8951265e+02 -1.0693606e+02      
1.8827765e+02 -1.0620868e+02      
1.8666535e+02 -1.0493620e+02      
1.8517660e+02 -1.0394843e+02      
1.8013333e+02 -1.2215716e+02      
1.8079678e+02 -1.2325327e+02      
1.8136711e+02 -1.2433148e+02      
1.8180653e+02 -1.2534366e+02      
1.8208076e+02 -1.2624611e+02      
1.8216091e+02 -1.2700317e+02      
1.8202037e+02 -1.2758617e+02      
1.8164829e+02 -1.2798387e+02      
1.8107481e+02 -1.2822106e+02      
1.8035081e+02 -1.2834057e+02      
1.7953051e+02 -1.2838942e+02      
1.7867157e+02 -1.2841955e+02      
1.7783223e+02 -1.2848667e+02      
1.7705910e+02 -1.2864107e+02      
1.7636351e+02 -1.2890504e+02      
1.7568736e+02 -1.2922601e+02      
1.7486607e+02 -1.2937565e+02      
1.7352102e+02 -1.2855864e+02      
1.7204211e+02 -1.2763424e+02      
1.7060431e+02 -1.2689097e+02      
1.6344863e+02 -1.4339428e+02      
1.6402544e+02 -1.4438917e+02      
1.6450305e+02 -1.4536223e+02      
1.6485343e+02 -1.4627462e+02      
1.6505099e+02 -1.4709132e+02      
1.6507472e+02 -1.4778396e+02      
1.6491068e+02 -1.4833341e+02      
1.6455827e+02 -1.4873472e+02      
1.6403540e+02 -1.4900060e+02      
1.6337401e+02 -1.4915706e+02      
1.6261247e+02 -1.4923699e+02      
1.6179062e+02 -1.4927606e+02      
1.6094420e+02 -1.4930799e+02      
1.6009571e+02 -1.4935548e+02      
1.5924172e+02 -1.4941514e+02      
1.5834169e+02 -1.4943757e+02      
1.5730532e+02 -1.4927841e+02      
1.5603302e+02 -1.4874908e+02      
1.5463535e+02 -1.4809752e+02      
1.5321425e+02 -1.4752649e+02      
1.4425347e+02 -1.6234874e+02      
1.4476261e+02 -1.6326669e+02      
1.4516841e+02 -1.6415854e+02      
1.4545011e+02 -1.6499209e+02      
1.4558910e+02 -1.6573881e+02      
1.4557102e+02 -1.6637602e+02      
1.4538808e+02 -1.6688917e+02      
1.4504184e+02 -1.6727397e+02      
1.4454456e+02 -1.6753721e+02      
1.4391730e+02 -1.6769483e+02      
1.4318599e+02 -1.6776829e+02      
1.4237700e+02 -1.6778063e+02      
1.4151222e+02 -1.6775167e+02      
1.4060305e+02 -1.6769143e+02      
1.3964435e+02 -1.6759187e+02      
1.3861134e+02 -1.6741920e+02      
1.3746539e+02 -1.6711659e+02      
1.3618593e+02 -1.6666099e+02      
1.3480360e+02 -1.6613076e+02      
1.3336759e+02 -1.6563736e+02      
1.2286210e+02 -1.7873159e+02      
1.2331673e+02 -1.7959211e+02      
1.2366536e+02 -1.8042116e+02      
1.2389279e+02 -1.8119152e+02      
1.2398572e+02 -1.8187942e+02      
1.2393440e+02 -1.8246609e+02      
1.2373423e+02 -1.8293929e+02      
1.2338703e+02 -1.8329435e+02      
1.2290144e+02 -1.8353428e+02      
1.2229166e+02 -1.8366852e+02      
1.2157502e+02 -1.8371061e+02      
1.2076884e+02 -1.8367516e+02      
1.1988687e+02 -1.8357434e+02      
1.1893583e+02 -1.8341391e+02      
1.1791288e+02 -1.8318987e+02      
1.1680611e+02 -1.8288842e+02      
1.1560084e+02 -1.8249511e+02      
1.1429232e+02 -1.8201716e+02      
1.1289381e+02 -1.8149848e+02      
1.1142867e+02 -1.8100390e+02      
9.9620395e+01 -1.9229431e+02      
1.0002914e+02 -1.9311303e+02      
1.0033055e+02 -1.9389359e+02      
1.0051364e+02 -1.9461260e+02      
1.0056903e+02 -1.9524977e+02      
1.0049013e+02 -1.9578904e+02      
1.0027412e+02 -1.9621950e+02      
9.9922644e+01 -1.9653600e+02      
9.9441808e+01 -1.9673901e+02      
9.8841311e+01 -1.9683375e+02      
9.8132814e+01 -1.9682862e+02      
9.7327825e+01 -1.9673315e+02      
9.6435436e+01 -1.9655568e+02      
9.5460391e+01 -1.9630141e+02      
9.4402187e+01 -1.9597145e+02      
9.3256185e+01 -1.9556463e+02      
9.2017326e+01 -1.9508348e+02      
9.0685263e+01 -1.9454299e+02      
8.9266949e+01 -1.9397501e+02      
8.7774005e+01 -1.9342305e+02      
