4.0358777e+01 2.4230995e+02      
4.0062687e+01 2.4191751e+02      
4.0237439e+01 2.4156536e+02      
4.0838298e+01 2.4125685e+02      
4.1748076e+01 2.4093386e+02      
4.2719942e+01 2.4041421e+02      
4.3439563e+01 2.3944190e+02      
4.3768230e+01 2.3791812e+02      
4.3852608e+01 2.3600029e+02      
4.4014458e+01 2.3399702e+02      
4.4504824e+01 2.3213980e+02      
4.5434439e+01 2.3053454e+02      
4.6813626e+01 2.2922191e+02      
4.8560504e+01 2.2821077e+02      
5.0479712e+01 2.2748230e+02      
5.2184339e+01 2.2694988e+02      
5.3222302e+01 2.2646703e+02      
5.4045755e+01 2.2613265e+02      
5.5043164e+01 2.2598288e+02      
5.6416405e+01 2.2598705e+02      
6.8838963e+01 2.3423326e+02      
6.8779475e+01 2.3396045e+02      
6.9282850e+01 2.3377033e+02      
7.0353457e+01 2.3371773e+02      
7.1935884e+01 2.3382029e+02      
7.3676082e+01 2.3381815e+02      
7.4738129e+01 2.3295492e+02      
7.4829631e+01 2.3100139e+02      
7.4260283e+01 2.2826146e+02      
7.3886960e+01 2.2554128e+02      
7.4088744e+01 2.2315286e+02      
7.4948140e+01 2.2113456e+02      
7.6472667e+01 2.1948780e+02      
7.8587470e+01 2.1821114e+02      
8.1041159e+01 2.1729396e+02      
8.3215315e+01 2.1664403e+02      
8.3422165e+01 2.1572571e+02      
8.3335796e+01 2.1502483e+02      
8.3558813e+01 2.1456680e+02      
8.4326220e+01 2.1429001e+02      
9.5689977e+01 2.2243274e+02      
9.5846685e+01 2.2222616e+02      
9.6661332e+01 2.2214300e+02      
9.8217113e+01 2.2230862e+02      
1.0065120e+02 2.2293291e+02      
1.0382592e+02 2.2403510e+02      
1.0537822e+02 2.2338443e+02      
1.0504951e+02 2.2087006e+02      
1.0312123e+02 2.1671527e+02      
1.0198973e+02 2.1316888e+02      
1.0183830e+02 2.1026930e+02      
1.0260253e+02 2.0787174e+02      
1.0431190e+02 2.0591880e+02      
1.0694959e+02 2.0439392e+02      
1.1010565e+02 2.0328404e+02      
1.1195157e+02 2.0226644e+02      
1.1210122e+02 2.0123839e+02      
1.1091534e+02 2.0026604e+02      
1.1018880e+02 1.9958167e+02      
1.1028975e+02 1.9909981e+02      
1.2043494e+02 2.0709016e+02      
1.2074773e+02 2.0686442e+02      
1.2178105e+02 2.0677013e+02      
1.2367659e+02 2.0696815e+02      
1.2668056e+02 2.0771761e+02      
1.3062793e+02 2.0896474e+02      
1.3248823e+02 2.0827990e+02      
1.3187718e+02 2.0544923e+02      
1.2920317e+02 2.0081683e+02      
1.2753164e+02 1.9682157e+02      
1.2708088e+02 1.9357555e+02      
1.2770210e+02 1.9088920e+02      
1.2947618e+02 1.8867405e+02      
1.3260145e+02 1.8688701e+02      
1.3542973e+02 1.8537414e+02      
1.3701514e+02 1.8407220e+02      
1.3703865e+02 1.8295627e+02      
1.3578236e+02 1.8201591e+02      
1.3415040e+02 1.8124578e+02      
1.3372666e+02 1.8065786e+02      
1.4265105e+02 1.8846124e+02      
1.4303153e+02 1.8811228e+02      
1.4413399e+02 1.8785524e+02      
1.4610782e+02 1.8783986e+02      
1.4922729e+02 1.8828087e+02      
1.5335255e+02 1.8908402e+02      
1.5526696e+02 1.8813074e+02      
1.5458300e+02 1.8521395e+02      
1.5170648e+02 1.8067830e+02      
1.4987879e+02 1.7664927e+02      
1.4927949e+02 1.7328164e+02      
1.4969987e+02 1.7043207e+02      
1.5109560e+02 1.6801461e+02      
1.5341574e+02 1.6594846e+02      
1.5623430e+02 1.6412456e+02      
1.5771973e+02 1.6260594e+02      
1.5748090e+02 1.6144660e+02      
1.5586090e+02 1.6057926e+02      
1.5463326e+02 1.5985727e+02      
1.5417645e+02 1.5926940e+02      
1.6198701e+02 1.6687906e+02      
1.6234572e+02 1.6630379e+02      
1.6336090e+02 1.6574289e+02      
1.6512715e+02 1.6530760e+02      
1.6783655e+02 1.6512566e+02      
1.7141989e+02 1.6510963e+02      
1.7308920e+02 1.6373839e+02      
1.7259572e+02 1.6088581e+02      
1.7019273e+02 1.5680964e+02      
1.6867586e+02 1.5304504e+02      
1.6813040e+02 1.4974385e+02      
1.6837513e+02 1.4685481e+02      
1.6930772e+02 1.4433705e+02      
1.7080722e+02 1.4213688e+02      
1.7260649e+02 1.4018927e+02      
1.7407998e+02 1.3848254e+02      
1.7353722e+02 1.3733774e+02      
1.7258901e+02 1.3645191e+02      
1.7180301e+02 1.3579368e+02      
1.7144468e+02 1.3529520e+02      
1.7816572e+02 1.4274923e+02      
1.7844815e+02 1.4185615e+02      
1.7927182e+02 1.4088949e+02      
1.8063799e+02 1.3992006e+02      
1.8251144e+02 1.3895699e+02      
1.8451385e+02 1.3780021e+02      
1.8566436e+02 1.3594207e+02      
1.8561640e+02 1.3323494e+02      
1.8469741e+02 1.2992221e+02      
1.8387854e+02 1.2657089e+02      
1.8354890e+02 1.2343110e+02      
1.8370289e+02 1.2058555e+02      
1.8426212e+02 1.1805978e+02      
1.8511741e+02 1.1583400e+02      
1.8608414e+02 1.1387204e+02      
1.8678959e+02 1.1218648e+02      
1.8676655e+02 1.1086965e+02      
1.8636209e+02 1.0992686e+02      
1.8580953e+02 1.0942043e+02      
1.8545734e+02 1.0913469e+02      
1.9095572e+02 1.1655009e+02      
1.9115259e+02 1.1526788e+02      
1.9175533e+02 1.1384188e+02      
1.9270772e+02 1.1232972e+02      
1.9390115e+02 1.1070995e+02      
1.9507501e+02 1.0886209e+02      
1.9586929e+02 1.0662089e+02      
1.9610771e+02 1.0393640e+02      
1.9592407e+02 1.0094221e+02      
1.9564119e+02 9.7877148e+01      
1.9558068e+02 9.4865896e+01      
1.9572215e+02 9.2084993e+01      
1.9599902e+02 8.9615455e+01      
1.9637062e+02 8.7443876e+01      
1.9678275e+02 8.5514498e+01      
1.9712259e+02 8.3797786e+01      
1.9729034e+02 8.2335625e+01      
1.9725896e+02 8.1281761e+01      
1.9662468e+02 8.1130680e+01      
1.9612230e+02 8.1234157e+01      
2.0015763e+02 8.8816273e+01      
2.0011019e+02 8.7221827e+01      
2.0049690e+02 8.5326471e+01      
2.0110606e+02 8.3320257e+01      
2.0185960e+02 8.1194734e+01      
2.0262408e+02 7.8894878e+01      
2.0324031e+02 7.6366657e+01      
2.0362393e+02 7.3604314e+01      
2.0382223e+02 7.0665391e+01      
2.0404644e+02 6.7580879e+01      
2.0432086e+02 6.4553644e+01      
2.0452308e+02 6.1802596e+01      
2.0454397e+02 5.9451178e+01      
2.0446926e+02 5.7436446e+01      
2.0444253e+02 5.5606538e+01      
2.0454108e+02 5.3857018e+01      
2.0473565e+02 5.2273192e+01      
2.0457450e+02 5.1463689e+01      
2.0402875e+02 5.1484369e+01      
2.0329180e+02 5.2127775e+01      
2.0571841e+02 6.0036987e+01      
2.0540666e+02 5.8149173e+01      
2.0549755e+02 5.5881620e+01      
2.0580454e+02 5.3448961e+01      
2.0625327e+02 5.0912465e+01      
2.0677856e+02 4.8266520e+01      
2.0730998e+02 4.5497455e+01      
2.0780866e+02 4.2609629e+01      
2.0841380e+02 3.9465150e+01      
2.0914633e+02 3.6165881e+01      
2.0990148e+02 3.2933602e+01      
2.1033041e+02 3.0101845e+01      
2.0995498e+02 2.8001471e+01      
2.0928006e+02 2.6340777e+01      
2.0872454e+02 2.4788489e+01      
2.0851049e+02 2.3101106e+01      
2.0831686e+02 2.1851014e+01      
2.0796584e+02 2.1348084e+01      
2.0741411e+02 2.1640790e+01      
2.0674640e+02 2.2526438e+01      
2.0763122e+02 3.0705503e+01      
2.0703015e+02 2.8562215e+01      
2.0676830e+02 2.6031206e+01      
2.0680651e+02 2.3199129e+01      
2.0701026e+02 2.0315095e+01      
2.0736720e+02 1.7391854e+01      
2.0787254e+02 1.4398845e+01      
2.0855569e+02 1.1271464e+01      
2.0956399e+02 7.8160593e+00      
2.1089153e+02 4.1257317e+00      
2.1237056e+02 4.4590124e-01      
2.1344156e+02 -2.7223881e+00      
2.1223287e+02 -4.2812453e+00      
2.1065682e+02 -5.2870043e+00      
2.0931796e+02 -6.2125485e+00      
2.0841497e+02 -7.2237507e+00      
2.0788507e+02 -8.2000378e+00      
2.0736499e+02 -8.3837849e+00      
2.0676362e+02 -7.6770499e+00      
2.0609134e+02 -6.3513706e+00      
2.0593473e+02 1.3107392e+00      
2.0503401e+02 -1.0786467e+00      
2.0443136e+02 -3.8686158e+00      
2.0414767e+02 -6.9908438e+00      
2.0410397e+02 -1.0154053e+01      
2.0430600e+02 -1.3280674e+01      
2.0478486e+02 -1.6436974e+01      
2.0566315e+02 -1.9877918e+01      
2.0706915e+02 -2.3707878e+01      
2.0906878e+02 -2.7923517e+01      
2.1135980e+02 -3.2209052e+01      
2.1213308e+02 -3.5219862e+01      
2.1099868e+02 -3.6692773e+01      
2.0838795e+02 -3.6840095e+01      
2.0612221e+02 -3.6973720e+01      
2.0453147e+02 -3.7261216e+01      
2.0353606e+02 -3.7488640e+01      
2.0290361e+02 -3.7322189e+01      
2.0229937e+02 -3.6063886e+01      
2.0182891e+02 -3.4666977e+01      
2.0072160e+02 -2.7662795e+01      
1.9950326e+02 -3.0304120e+01      
1.9853298e+02 -3.3346214e+01      
1.9787098e+02 -3.6673139e+01      
1.9755991e+02 -4.0098935e+01      
1.9759459e+02 -4.3335905e+01      
1.9805031e+02 -4.6677259e+01      
1.9899709e+02 -5.0313860e+01      
2.0062334e+02 -5.4395535e+01      
2.0318368e+02 -5.9035050e+01      
2.0518462e+02 -6.3089954e+01      
2.0575700e+02 -6.5894909e+01      
2.0461249e+02 -6.7232350e+01      
2.0202868e+02 -6.7361881e+01      
1.9890278e+02 -6.6906180e+01      
1.9680464e+02 -6.6756880e+01      
1.9553285e+02 -6.6382820e+01      
1.9482430e+02 -6.5421701e+01      
1.9443834e+02 -6.3782792e+01      
1.9418910e+02 -6.2134272e+01      
1.9214382e+02 -5.5728705e+01      
1.9057748e+02 -5.8643697e+01      
1.8918683e+02 -6.1998068e+01      
1.8809424e+02 -6.5615444e+01      
1.8745238e+02 -6.9236435e+01      
1.8732459e+02 -7.2537730e+01      
1.8771299e+02 -7.5877559e+01      
1.8856904e+02 -7.9504114e+01      
1.8994658e+02 -8.3456518e+01      
1.9192114e+02 -8.7111200e+01      
1.9395773e+02 -9.0992277e+01      
1.9450799e+02 -9.3591619e+01      
1.9324919e+02 -9.4607711e+01      
1.9040981e+02 -9.4531034e+01      
1.8744761e+02 -9.5108818e+01      
1.8529194e+02 -9.5149702e+01      
1.8398482e+02 -9.4470044e+01      
1.8340636e+02 -9.2885164e+01      
1.8340489e+02 -9.0346369e+01      
1.8340116e+02 -8.8263388e+01      
1.8042344e+02 -8.2392074e+01      
1.7847756e+02 -8.5600690e+01      
1.7656693e+02 -8.9391380e+01      
1.7487563e+02 -9.3515246e+01      
1.7382306e+02 -9.7308369e+01      
1.7356482e+02 -1.0054715e+02      
1.7397496e+02 -1.0354692e+02      
1.7470686e+02 -1.0688013e+02      
1.7579962e+02 -1.1005633e+02      
1.7718449e+02 -1.1289979e+02      
1.7858759e+02 -1.1538276e+02      
1.7922783e+02 -1.1772426e+02      
1.7787629e+02 -1.1822430e+02      
1.7557212e+02 -1.1886294e+02      
1.7287543e+02 -1.2008365e+02      
1.7085193e+02 -1.2037443e+02      
1.6965074e+02 -1.1960958e+02      
1.6926015e+02 -1.1773579e+02      
1.6957027e+02 -1.1482580e+02      
1.6975779e+02 -1.1247661e+02      
1.6585759e+02 -1.0715038e+02      
1.6353918e+02 -1.1060507e+02      
1.6102709e+02 -1.1488918e+02      
1.5841047e+02 -1.1997071e+02      
1.5687598e+02 -1.2398415e+02      
1.5657805e+02 -1.2686694e+02      
1.5734364e+02 -1.2888690e+02      
1.5815798e+02 -1.3127589e+02      
1.5904281e+02 -1.3367095e+02      
1.6002137e+02 -1.3573573e+02      
1.6089561e+02 -1.3735007e+02      
1.6120099e+02 -1.3847913e+02      
1.6028815e+02 -1.3932164e+02      
1.5843282e+02 -1.4035559e+02      
1.5599934e+02 -1.4177877e+02      
1.5416852e+02 -1.4215174e+02      
1.5310622e+02 -1.4139634e+02      
1.5284683e+02 -1.3952096e+02      
1.5332909e+02 -1.3664639e+02      
1.5358800e+02 -1.3429461e+02      
1.4880132e+02 -1.2953016e+02      
1.4620209e+02 -1.3306448e+02      
1.4323183e+02 -1.3750293e+02      
1.3998263e+02 -1.4275060e+02      
1.3809583e+02 -1.4669669e+02      
1.3781142e+02 -1.4913899e+02      
1.3891668e+02 -1.5031335e+02      
1.3968552e+02 -1.5213891e+02      
1.4036554e+02 -1.5395825e+02      
1.4110694e+02 -1.5536393e+02      
1.4175967e+02 -1.5625428e+02      
1.4178132e+02 -1.5710268e+02      
1.4102670e+02 -1.5795161e+02      
1.3953038e+02 -1.5894579e+02      
1.3746285e+02 -1.6014262e+02      
1.3589917e+02 -1.6039665e+02      
1.3495560e+02 -1.5967655e+02      
1.3467975e+02 -1.5801420e+02      
1.3506774e+02 -1.5551557e+02      
1.3521420e+02 -1.5340299e+02      
1.2962558e+02 -1.4914963e+02      
1.2690991e+02 -1.5254629e+02      
1.2374535e+02 -1.5675857e+02      
1.2019824e+02 -1.6165672e+02      
1.1813694e+02 -1.6527724e+02      
1.1781630e+02 -1.6737407e+02      
1.1903829e+02 -1.6813337e+02      
1.1985063e+02 -1.6934762e+02      
1.2025396e+02 -1.7083811e+02      
1.2083632e+02 -1.7175707e+02      
1.2112099e+02 -1.7253643e+02      
1.2094626e+02 -1.7326691e+02      
1.2026420e+02 -1.7396228e+02      
1.1912362e+02 -1.7462973e+02      
1.1773118e+02 -1.7514591e+02      
1.1650704e+02 -1.7512590e+02      
1.1564516e+02 -1.7443664e+02      
1.1519112e+02 -1.7311346e+02      
1.1504887e+02 -1.7136183e+02      
1.1490867e+02 -1.6964160e+02      
1.0867610e+02 -1.6575098e+02      
1.0603626e+02 -1.6882351e+02      
1.0302260e+02 -1.7250692e+02      
9.9654287e+01 -1.7667868e+02      
9.7637440e+01 -1.7980999e+02      
9.7140381e+01 -1.8170868e+02      
9.8058123e+01 -1.8246458e+02      
9.8635713e+01 -1.8343458e+02      
9.8906595e+01 -1.8451513e+02      
9.9081362e+01 -1.8539452e+02      
9.9050844e+01 -1.8611936e+02      
9.8722340e+01 -1.8673535e+02      
9.8076613e+01 -1.8724268e+02      
9.7165077e+01 -1.8761000e+02      
9.6122705e+01 -1.8774383e+02      
9.5131639e+01 -1.8750697e+02      
9.4319680e+01 -1.8682667e+02      
9.3723291e+01 -1.8573653e+02      
9.3287871e+01 -1.8437666e+02      
9.2901162e+01 -1.8295142e+02      
8.6253448e+01 -1.7919038e+02      
8.3832560e+01 -1.8183766e+02      
8.1275516e+01 -1.8481674e+02      
7.8814481e+01 -1.8786884e+02      
7.7057337e+01 -1.9042648e+02      
7.6227369e+01 -1.9225458e+02      
7.6132635e+01 -1.9346772e+02      
7.6171260e+01 -1.9449077e+02      
7.6131255e+01 -1.9542929e+02      
7.5995690e+01 -1.9622680e+02      
7.5722782e+01 -1.9686770e+02      
7.5267430e+01 -1.9735910e+02      
7.4619835e+01 -1.9769478e+02      
7.3815262e+01 -1.9784680e+02      
7.2930496e+01 -1.9776349e+02      
7.2059361e+01 -1.9738754e+02      
7.1273951e+01 -1.9669349e+02      
7.0600044e+01 -1.9571232e+02      
7.0015186e+01 -1.9453110e+02      
6.9467887e+01 -1.9326725e+02      
