2.7788424e+01 2.4325450e+02      
2.6426964e+01 2.4210790e+02      
2.5532177e+01 2.4098047e+02      
2.5108841e+01 2.3994095e+02      
2.5157837e+01 2.3907352e+02      
2.5676287e+01 2.3848464e+02      
2.6658320e+01 2.3832267e+02      
2.8048197e+01 2.3863612e+02      
2.9526610e+01 2.3840883e+02      
3.1036627e+01 2.3763044e+02      
3.2575187e+01 2.3631762e+02      
3.4194074e+01 2.3451408e+02      
3.6233895e+01 2.3325313e+02      
3.8744175e+01 2.3251920e+02      
4.1708048e+01 2.3219461e+02      
4.5078859e+01 2.3218703e+02      
4.8761710e+01 2.3239685e+02      
5.2608867e+01 2.3270463e+02      
5.6414190e+01 2.3295196e+02      
5.9836767e+01 2.3283367e+02      
5.6072661e+01 2.3408326e+02      
5.4798926e+01 2.3286173e+02      
5.4002180e+01 2.3162188e+02      
5.3691069e+01 2.3044038e+02      
5.3871833e+01 2.2941768e+02      
5.4550939e+01 2.2869169e+02      
5.5741312e+01 2.2846182e+02      
5.7384541e+01 2.2877560e+02      
5.8994364e+01 2.2848724e+02      
6.0506126e+01 2.2755945e+02      
6.1923776e+01 2.2600746e+02      
6.3319591e+01 2.2390343e+02      
6.5215864e+01 2.2241631e+02      
6.7679779e+01 2.2155091e+02      
7.0698655e+01 2.2116588e+02      
7.4242425e+01 2.2116503e+02      
7.8201203e+01 2.2143954e+02      
8.2389192e+01 2.2186513e+02      
8.6558289e+01 2.2229703e+02      
9.0102085e+01 2.2229429e+02      
8.3006910e+01 2.2129608e+02      
8.1829196e+01 2.1995892e+02      
8.1134555e+01 2.1855104e+02      
8.0934747e+01 2.1714816e+02      
8.1238954e+01 2.1585260e+02      
8.2056985e+01 2.1480879e+02      
8.3410240e+01 2.1422647e+02      
8.5238047e+01 2.1417810e+02      
8.6920528e+01 2.1363105e+02      
8.8392175e+01 2.1256480e+02      
8.9673964e+01 2.1098015e+02      
9.0858433e+01 2.0892298e+02      
9.2604457e+01 2.0746383e+02      
9.4991406e+01 2.0661238e+02      
9.8035739e+01 2.0625858e+02      
1.0179738e+02 2.0636711e+02      
1.0619485e+02 2.0685046e+02      
1.1078330e+02 2.0744291e+02      
1.1542477e+02 2.0811074e+02      
1.1805716e+02 2.0732303e+02      
1.0816286e+02 2.0514510e+02      
1.0708485e+02 2.0365569e+02      
1.0649161e+02 2.0202801e+02      
1.0639750e+02 2.0032637e+02      
1.0681210e+02 1.9863825e+02      
1.0773918e+02 1.9708911e+02      
1.0918312e+02 1.9586713e+02      
1.1107404e+02 1.9510460e+02      
1.1274657e+02 1.9410371e+02      
1.1411626e+02 1.9293293e+02      
1.1525447e+02 1.9153552e+02      
1.1629280e+02 1.8984619e+02      
1.1790126e+02 1.8864659e+02      
1.2015563e+02 1.8792756e+02      
1.2310846e+02 1.8763756e+02      
1.2695318e+02 1.8784578e+02      
1.3196305e+02 1.8868549e+02      
1.3660614e+02 1.8918987e+02      
1.4065512e+02 1.8924297e+02      
1.4269364e+02 1.8804464e+02      
1.3114460e+02 1.8594379e+02      
1.3016529e+02 1.8427636e+02      
1.2966829e+02 1.8239194e+02      
1.2967156e+02 1.8033358e+02      
1.3018650e+02 1.7815803e+02      
1.3120931e+02 1.7594841e+02      
1.3269781e+02 1.7382564e+02      
1.3448561e+02 1.7188743e+02      
1.3613986e+02 1.7019702e+02      
1.3726716e+02 1.6904991e+02      
1.3819313e+02 1.6809732e+02      
1.3923515e+02 1.6715697e+02      
1.4070496e+02 1.6638935e+02      
1.4274219e+02 1.6586250e+02      
1.4541034e+02 1.6559716e+02      
1.4877991e+02 1.6562959e+02      
1.5277402e+02 1.6590018e+02      
1.5696986e+02 1.6610574e+02      
1.6126880e+02 1.6612428e+02      
1.6336776e+02 1.6496721e+02      
1.5159511e+02 1.6405891e+02      
1.5070854e+02 1.6220438e+02      
1.5029731e+02 1.6005104e+02      
1.5038527e+02 1.5761399e+02      
1.5099302e+02 1.5490551e+02      
1.5212821e+02 1.5194673e+02      
1.5375645e+02 1.4880364e+02      
1.5573185e+02 1.4566092e+02      
1.5765286e+02 1.4299766e+02      
1.5823268e+02 1.4220000e+02      
1.5872501e+02 1.4188746e+02      
1.5949668e+02 1.4160321e+02      
1.6071399e+02 1.4126374e+02      
1.6244884e+02 1.4092158e+02      
1.6471476e+02 1.4064275e+02      
1.6747885e+02 1.4046089e+02      
1.7062311e+02 1.4033515e+02      
1.7396144e+02 1.4015368e+02      
1.7724988e+02 1.3975637e+02      
1.7982236e+02 1.3883126e+02      
1.6920236e+02 1.3989937e+02      
1.6839744e+02 1.3786824e+02      
1.6805455e+02 1.3546479e+02      
1.6820404e+02 1.3267664e+02      
1.6888258e+02 1.2946346e+02      
1.7013833e+02 1.2574361e+02      
1.7198599e+02 1.2150033e+02      
1.7424672e+02 1.1710216e+02      
1.7582290e+02 1.1417848e+02      
1.7646397e+02 1.1306928e+02      
1.7643396e+02 1.1350074e+02      
1.7678052e+02 1.1388173e+02      
1.7765943e+02 1.1391110e+02      
1.7905467e+02 1.1368676e+02      
1.8090688e+02 1.1335799e+02      
1.8313292e+02 1.1300028e+02      
1.8560457e+02 1.1261666e+02      
1.8814268e+02 1.1215007e+02      
1.9050714e+02 1.1149595e+02      
1.9228254e+02 1.1050020e+02      
1.8370502e+02 1.1390321e+02      
1.8296642e+02 1.1172381e+02      
1.8266763e+02 1.0911851e+02      
1.8284108e+02 1.0606007e+02      
1.8353074e+02 1.0247714e+02      
1.8482633e+02 9.8177617e+01      
1.8682778e+02 9.2909193e+01      
1.8870896e+02 8.8218223e+01      
1.9003167e+02 8.5020533e+01      
1.9066085e+02 8.3648259e+01      
1.9074216e+02 8.3860893e+01      
1.9070361e+02 8.4816959e+01      
1.9128294e+02 8.5004599e+01      
1.9237346e+02 8.4747482e+01      
1.9386101e+02 8.4299690e+01      
1.9564119e+02 8.3770748e+01      
1.9758033e+02 8.3195176e+01      
1.9950859e+02 8.2555164e+01      
2.0122511e+02 8.1795304e+01      
2.0252414e+02 8.0841727e+01      
1.9489719e+02 8.6524824e+01      
1.9420764e+02 8.4236600e+01      
1.9392645e+02 8.1494519e+01      
1.9408094e+02 7.8276417e+01      
1.9470002e+02 7.4533201e+01      
1.9581148e+02 7.0178034e+01      
1.9736696e+02 6.5190377e+01      
1.9908068e+02 5.9948308e+01      
2.0026257e+02 5.6347531e+01      
2.0080884e+02 5.4856501e+01      
2.0082007e+02 5.5129618e+01      
2.0092704e+02 5.5333676e+01      
2.0139441e+02 5.5142845e+01      
2.0225749e+02 5.4640772e+01      
2.0345620e+02 5.3979236e+01      
2.0489498e+02 5.3256235e+01      
2.0644138e+02 5.2517854e+01      
2.0793150e+02 5.1772155e+01      
2.0919724e+02 5.0999745e+01      
2.1011927e+02 5.0160198e+01      
2.0263136e+02 5.8224692e+01      
2.0197453e+02 5.5869294e+01      
2.0168842e+02 5.3054002e+01      
2.0179300e+02 4.9773113e+01      
2.0229962e+02 4.6018447e+01      
2.0319603e+02 4.1798615e+01      
2.0440934e+02 3.7194885e+01      
2.0574737e+02 3.2483630e+01      
2.0686069e+02 2.8380405e+01      
2.0731523e+02 2.6850123e+01      
2.0743042e+02 2.6100912e+01      
2.0755622e+02 2.5472025e+01      
2.0792269e+02 2.4716802e+01      
2.0860736e+02 2.3820080e+01      
2.0959246e+02 2.2858728e+01      
2.1079978e+02 2.1909845e+01      
2.1209689e+02 2.1014121e+01      
2.1330197e+02 2.0194332e+01      
2.1422856e+02 1.9464419e+01      
2.1476943e+02 1.8802743e+01      
2.0681937e+02 2.9462827e+01      
2.0618138e+02 2.7077356e+01      
2.0587438e+02 2.4239243e+01      
2.0591408e+02 2.0957930e+01      
2.0630614e+02 1.7251952e+01      
2.0703695e+02 1.3167582e+01      
2.0805782e+02 8.8158203e+00      
2.0925894e+02 4.4351142e+00      
2.1034689e+02 5.9628489e-01      
2.1079897e+02 -1.8519690e+00      
2.1071506e+02 -3.3623625e+00      
2.1064187e+02 -4.6324981e+00      
2.1083511e+02 -5.9437411e+00      
2.1135399e+02 -7.3137931e+00      
2.1218831e+02 -8.6434937e+00      
2.1327646e+02 -9.8379291e+00      
2.1449222e+02 -1.0897092e+01      
2.1559595e+02 -1.1798606e+01      
2.1628597e+02 -1.2456052e+01      
2.1640690e+02 -1.2852808e+01      
2.0743188e+02 6.9471360e-01      
2.0680114e+02 -1.6905947e+00      
2.0646175e+02 -4.5150663e+00      
2.0642883e+02 -7.7606041e+00      
2.0671106e+02 -1.1399470e+01      
2.0730969e+02 -1.5384679e+01      
2.0822238e+02 -1.9637024e+01      
2.0946996e+02 -2.4038994e+01      
2.1094765e+02 -2.8294337e+01      
2.1129604e+02 -3.1224414e+01      
2.1055516e+02 -3.2909565e+01      
2.1011405e+02 -3.4586850e+01      
2.1008316e+02 -3.6432484e+01      
2.1043986e+02 -3.8369412e+01      
2.1117158e+02 -4.0174295e+01      
2.1223689e+02 -4.1555830e+01      
2.1359132e+02 -4.2774284e+01      
2.1493189e+02 -4.3866629e+01      
2.1553918e+02 -4.4465759e+01      
2.1514349e+02 -4.4462699e+01      
2.0449733e+02 -2.7632314e+01      
2.0386360e+02 -2.9993208e+01      
2.0348187e+02 -3.2776637e+01      
2.0336793e+02 -3.5961210e+01      
2.0353490e+02 -3.9520027e+01      
2.0399713e+02 -4.3420129e+01      
2.0478178e+02 -4.7627575e+01      
2.0595735e+02 -5.2127863e+01      
2.0739793e+02 -5.6709994e+01      
2.0759731e+02 -5.9914003e+01      
2.0658191e+02 -6.1767919e+01      
2.0587511e+02 -6.3814499e+01      
2.0562821e+02 -6.6236009e+01      
2.0581679e+02 -6.8882871e+01      
2.0646845e+02 -7.1390634e+01      
2.0752487e+02 -7.2697381e+01      
2.0917898e+02 -7.3982865e+01      
2.1132066e+02 -7.5541075e+01      
2.1199115e+02 -7.6112991e+01      
2.1099449e+02 -7.5574391e+01      
1.9810068e+02 -5.5083652e+01      
1.9745463e+02 -5.7400106e+01      
1.9702093e+02 -6.0119567e+01      
1.9681520e+02 -6.3219506e+01      
1.9685165e+02 -6.6675525e+01      
1.9714744e+02 -7.0465727e+01      
1.9773259e+02 -7.4584255e+01      
1.9866963e+02 -7.9075215e+01      
1.9983173e+02 -8.3792215e+01      
1.9986309e+02 -8.7154999e+01      
1.9878219e+02 -8.9200383e+01      
1.9794457e+02 -9.1653510e+01      
1.9750295e+02 -9.4716851e+01      
1.9747830e+02 -9.8124882e+01      
1.9794076e+02 -1.0073986e+02      
1.9896050e+02 -1.0239627e+02      
2.0070521e+02 -1.0347738e+02      
2.0298375e+02 -1.0505844e+02      
2.0357101e+02 -1.0548303e+02      
2.0218544e+02 -1.0449155e+02      
1.8838168e+02 -8.1243024e+01      
1.8771504e+02 -8.3498081e+01      
1.8722089e+02 -8.6133195e+01      
1.8691307e+02 -8.9124464e+01      
1.8680285e+02 -9.2446885e+01      
1.8690075e+02 -9.6078337e+01      
1.8722011e+02 -1.0001010e+02      
1.8778766e+02 -1.0428021e+02      
1.8850581e+02 -1.0881481e+02      
1.8836374e+02 -1.1221919e+02      
1.8737169e+02 -1.1454208e+02      
1.8651884e+02 -1.1738666e+02      
1.8588823e+02 -1.2104075e+02      
1.8561816e+02 -1.2446438e+02      
1.8583914e+02 -1.2711356e+02      
1.8666107e+02 -1.2889028e+02      
1.8819324e+02 -1.3016616e+02      
1.9020350e+02 -1.3144835e+02      
1.9053988e+02 -1.3168000e+02      
1.8897194e+02 -1.3044389e+02      
1.7553215e+02 -1.0571847e+02      
1.7483839e+02 -1.0789793e+02      
1.7427790e+02 -1.1043111e+02      
1.7386187e+02 -1.1329198e+02      
1.7359679e+02 -1.1645189e+02      
1.7348308e+02 -1.1987992e+02      
1.7351062e+02 -1.2354107e+02      
1.7364135e+02 -1.2737959e+02      
1.7371714e+02 -1.3118784e+02      
1.7340783e+02 -1.3451048e+02      
1.7271221e+02 -1.3738878e+02      
1.7194828e+02 -1.4037894e+02      
1.7125946e+02 -1.4373235e+02      
1.7070302e+02 -1.4728024e+02      
1.7061049e+02 -1.4992558e+02      
1.7111972e+02 -1.5150832e+02      
1.7222265e+02 -1.5240336e+02      
1.7349114e+02 -1.5375802e+02      
1.7340373e+02 -1.5392943e+02      
1.7180388e+02 -1.5275986e+02      
1.5979230e+02 -1.2814803e+02      
1.5906700e+02 -1.3024051e+02      
1.5843779e+02 -1.3265780e+02      
1.5791348e+02 -1.3537174e+02      
1.5749671e+02 -1.3834997e+02      
1.5718128e+02 -1.4155387e+02      
1.5694564e+02 -1.4493118e+02      
1.5673787e+02 -1.4839444e+02      
1.5645518e+02 -1.5178585e+02      
1.5598424e+02 -1.5493493e+02      
1.5532293e+02 -1.5785066e+02      
1.5457936e+02 -1.6071105e+02      
1.5385199e+02 -1.6363433e+02      
1.5320416e+02 -1.6655277e+02      
1.5274451e+02 -1.6912550e+02      
1.5290272e+02 -1.7030794e+02      
1.5320959e+02 -1.7116472e+02      
1.5333695e+02 -1.7184706e+02      
1.5273291e+02 -1.7185665e+02      
1.5120573e+02 -1.7102091e+02      
1.4144606e+02 -1.4820481e+02      
1.4068693e+02 -1.5020172e+02      
1.3998997e+02 -1.5249297e+02      
1.3936260e+02 -1.5504911e+02      
1.3880600e+02 -1.5783621e+02      
1.3831301e+02 -1.6081433e+02      
1.3786486e+02 -1.6393375e+02      
1.3742629e+02 -1.6712574e+02      
1.3693530e+02 -1.7026900e+02      
1.3631183e+02 -1.7318500e+02      
1.3555535e+02 -1.7585569e+02      
1.3474462e+02 -1.7841380e+02      
1.3394451e+02 -1.8089649e+02      
1.3320495e+02 -1.8322042e+02      
1.3260102e+02 -1.8515598e+02      
1.3221458e+02 -1.8640381e+02      
1.3185905e+02 -1.8718705e+02      
1.3129792e+02 -1.8758501e+02      
1.3030013e+02 -1.8749746e+02      
1.2876077e+02 -1.8689345e+02      
1.2081576e+02 -1.6560143e+02      
1.2002222e+02 -1.6749666e+02      
1.1926092e+02 -1.6965500e+02      
1.1853895e+02 -1.7204661e+02      
1.1785787e+02 -1.7463781e+02      
1.1721301e+02 -1.7739141e+02      
1.1659356e+02 -1.8026878e+02      
1.1598714e+02 -1.8324034e+02      
1.1537236e+02 -1.8624985e+02      
1.1460683e+02 -1.8890288e+02      
1.1369225e+02 -1.9116330e+02      
1.1276940e+02 -1.9335652e+02      
1.1186254e+02 -1.9544223e+02      
1.1099261e+02 -1.9731585e+02      
1.1018286e+02 -1.9884720e+02      
1.0942212e+02 -1.9993926e+02      
1.0862156e+02 -2.0060317e+02      
1.0764876e+02 -2.0086583e+02      
1.0638330e+02 -2.0072572e+02      
1.0476780e+02 -2.0020966e+02      
9.8256452e+01 -1.8009385e+02      
9.7429146e+01 -1.8188339e+02      
9.6608329e+01 -1.8390446e+02      
9.5801427e+01 -1.8612737e+02      
9.5011248e+01 -1.8851911e+02      
9.4235951e+01 -1.9104441e+02      
9.3470109e+01 -1.9366924e+02      
9.2708793e+01 -1.9637295e+02      
9.1936888e+01 -1.9911164e+02      
9.1042346e+01 -2.0148934e+02      
9.0026921e+01 -2.0346388e+02      
8.9000372e+01 -2.0535280e+02      
8.7977783e+01 -2.0710657e+02      
8.6963800e+01 -2.0863747e+02      
8.5957428e+01 -2.0986710e+02      
8.4935251e+01 -2.1074108e+02      
8.3841930e+01 -2.1124376e+02      
8.2602946e+01 -2.1138197e+02      
8.1151294e+01 -2.1117244e+02      
7.9452242e+01 -2.1065271e+02      
