1.1782147e+01 2.5034283e+02      
9.3815532e+00 2.4774989e+02      
7.5946696e+00 2.4515316e+02      
6.4440201e+00 2.4262475e+02      
5.9532746e+00 2.4023375e+02      
6.1423004e+00 2.3804601e+02      
7.0177322e+00 2.3612471e+02      
8.5584455e+00 2.3453077e+02      
1.0695203e+01 2.3332165e+02      
1.3286222e+01 2.3254640e+02      
1.6097532e+01 2.3223382e+02      
1.8822225e+01 2.3237810e+02      
2.1280631e+01 2.3296987e+02      
2.3650761e+01 2.3404779e+02      
2.6236454e+01 2.3563782e+02      
2.9256484e+01 2.3771381e+02      
3.2804988e+01 2.4020332e+02      
3.6873697e+01 2.4302549e+02      
4.1180812e+01 2.4582089e+02      
4.4024424e+01 2.4613470e+02      
3.8863271e+01 2.4009334e+02      
3.6528349e+01 2.3725805e+02      
3.4805696e+01 2.3439960e+02      
3.3724709e+01 2.3159623e+02      
3.3324755e+01 2.2892129e+02      
3.3650000e+01 2.2644396e+02      
3.4738158e+01 2.2423178e+02      
3.6602251e+01 2.2235355e+02      
3.9199984e+01 2.2088099e+02      
4.2384872e+01 2.1988607e+02      
4.5845046e+01 2.1942534e+02      
4.8957038e+01 2.1946407e+02      
5.0981173e+01 2.1986723e+02      
5.2670959e+01 2.2083529e+02      
5.4677166e+01 2.2245691e+02      
5.7342294e+01 2.2471560e+02      
6.0802571e+01 2.2754808e+02      
6.4939880e+01 2.3077152e+02      
6.9084352e+01 2.3364731e+02      
7.1286658e+01 2.3380466e+02      
6.4740994e+01 2.2615666e+02      
6.2489240e+01 2.2304182e+02      
6.0828923e+01 2.1988847e+02      
5.9794526e+01 2.1678142e+02      
5.9445758e+01 2.1379623e+02      
5.9861601e+01 2.1100159e+02      
6.1127472e+01 2.0846520e+02      
6.3319417e+01 2.0626057e+02      
6.6472317e+01 2.0447393e+02      
7.0503438e+01 2.0321194e+02      
7.5052597e+01 2.0259236e+02      
7.9160042e+01 2.0263242e+02      
8.0049917e+01 2.0266519e+02      
8.0509128e+01 2.0347334e+02      
8.1563358e+01 2.0512117e+02      
8.3695661e+01 2.0758583e+02      
8.7063089e+01 2.1082438e+02      
9.1338848e+01 2.1453571e+02      
9.4711756e+01 2.1696208e+02      
9.6742048e+01 2.1756475e+02      
8.9022116e+01 2.0877794e+02      
8.6876934e+01 2.0534044e+02      
8.5271809e+01 2.0185690e+02      
8.4239622e+01 1.9842030e+02      
8.3866437e+01 1.9510459e+02      
8.4278769e+01 1.9197042e+02      
8.5622449e+01 1.8907763e+02      
8.8059729e+01 1.8649678e+02      
9.1782505e+01 1.8431897e+02      
9.6855283e+01 1.8267561e+02      
1.0271025e+02 1.8173690e+02      
1.0646714e+02 1.8128479e+02      
1.0748170e+02 1.8132777e+02      
1.0635458e+02 1.8205296e+02      
1.0605814e+02 1.8374164e+02      
1.0737677e+02 1.8634526e+02      
1.1051135e+02 1.8988867e+02      
1.1369597e+02 1.9307113e+02      
1.1635284e+02 1.9531188e+02      
1.1814282e+02 1.9626558e+02      
1.1135475e+02 1.8825389e+02      
1.0936072e+02 1.8443977e+02      
1.0780650e+02 1.8058714e+02      
1.0670407e+02 1.7680269e+02      
1.0618180e+02 1.7315063e+02      
1.0643801e+02 1.6966871e+02      
1.0768056e+02 1.6639622e+02      
1.1013006e+02 1.6339132e+02      
1.1413982e+02 1.6073510e+02      
1.2011537e+02 1.5852359e+02      
1.2558274e+02 1.5684181e+02      
1.2907544e+02 1.5588935e+02      
1.3004946e+02 1.5585094e+02      
1.2891554e+02 1.5679465e+02      
1.2716322e+02 1.5860715e+02      
1.2739257e+02 1.6110972e+02      
1.2905981e+02 1.6407246e+02      
1.3119256e+02 1.6690267e+02      
1.3327649e+02 1.6918699e+02      
1.3510003e+02 1.7070205e+02      
1.3143116e+02 1.6492837e+02      
1.2969046e+02 1.6066022e+02      
1.2821168e+02 1.5638909e+02      
1.2691629e+02 1.5225626e+02      
1.2604336e+02 1.4829321e+02      
1.2593246e+02 1.4448215e+02      
1.2684831e+02 1.4082418e+02      
1.2898321e+02 1.3736091e+02      
1.3249199e+02 1.3416775e+02      
1.3734956e+02 1.3131225e+02      
1.4288480e+02 1.2884105e+02      
1.4636535e+02 1.2730354e+02      
1.4709429e+02 1.2711031e+02      
1.4533714e+02 1.2833632e+02      
1.4402212e+02 1.3028203e+02      
1.4387656e+02 1.3274756e+02      
1.4474240e+02 1.3552053e+02      
1.4618405e+02 1.3830507e+02      
1.4787028e+02 1.4082896e+02      
1.4967442e+02 1.4291572e+02      
1.4896742e+02 1.3919338e+02      
1.4771785e+02 1.3434096e+02      
1.4649348e+02 1.2955690e+02      
1.4470773e+02 1.2512997e+02      
1.4313812e+02 1.2094657e+02      
1.4240132e+02 1.1686862e+02      
1.4279205e+02 1.1284038e+02      
1.4442357e+02 1.0889266e+02      
1.4724160e+02 1.0512697e+02      
1.5098020e+02 1.0168264e+02      
1.5512115e+02 9.8695029e+01      
1.5873389e+02 9.6404396e+01      
1.5930720e+02 9.5930016e+01      
1.5817165e+02 9.7234713e+01      
1.5723930e+02 9.9365140e+01      
1.5704846e+02 1.0196170e+02      
1.5759320e+02 1.0482640e+02      
1.5865881e+02 1.0779951e+02      
1.6005019e+02 1.1070831e+02      
1.6170830e+02 1.1337088e+02      
1.6363396e+02 1.1150643e+02      
1.6323040e+02 1.0585978e+02      
1.6278282e+02 1.0036603e+02      
1.5983348e+02 9.5809755e+01      
1.5710437e+02 9.1596963e+01      
1.5546743e+02 8.7375290e+01      
1.5521758e+02 8.3006348e+01      
1.5636434e+02 7.8529813e+01      
1.5870674e+02 7.4104293e+01      
1.6174172e+02 6.9991235e+01      
1.6468793e+02 6.6532186e+01      
1.6724454e+02 6.3893287e+01      
1.6815284e+02 6.3094023e+01      
1.6788383e+02 6.4050951e+01      
1.6714242e+02 6.6453125e+01      
1.6697427e+02 6.9300889e+01      
1.6744194e+02 7.2365821e+01      
1.6833039e+02 7.5651498e+01      
1.6945766e+02 7.9094345e+01      
1.7086856e+02 8.2429572e+01      
1.7491733e+02 8.2456879e+01      
1.7546978e+02 7.5803790e+01      
1.7443674e+02 6.9841699e+01      
1.7148448e+02 6.4887885e+01      
1.6737897e+02 6.0870056e+01      
1.6465748e+02 5.6676185e+01      
1.6376560e+02 5.1988479e+01      
1.6460558e+02 4.6887147e+01      
1.6684205e+02 4.1646956e+01      
1.6980939e+02 3.6689977e+01      
1.7158728e+02 3.2909038e+01      
1.7287988e+02 3.0464959e+01      
1.7356428e+02 2.9570654e+01      
1.7371024e+02 3.0256080e+01      
1.7358405e+02 3.2350225e+01      
1.7357147e+02 3.5393789e+01      
1.7423115e+02 3.8526098e+01      
1.7516618e+02 4.2097780e+01      
1.7590752e+02 4.6350574e+01      
1.7692682e+02 5.0573354e+01      
1.8189051e+02 5.2966583e+01      
1.8175846e+02 4.5832525e+01      
1.8020242e+02 3.9419432e+01      
1.7707793e+02 3.4098137e+01      
1.7300192e+02 2.9745123e+01      
1.6930024e+02 2.5679340e+01      
1.6798399e+02 2.0577094e+01      
1.6878136e+02 1.4690253e+01      
1.7114535e+02 8.5251644e+00      
1.7328394e+02 3.3842166e+00      
1.7459247e+02 -3.9896917e-01      
1.7499248e+02 -2.7217958e+00      
1.7531532e+02 -3.6507177e+00      
1.7563635e+02 -3.1744930e+00      
1.7594721e+02 -1.3438960e+00      
1.7667066e+02 9.3816337e-01      
1.7790486e+02 3.6735591e+00      
1.7926940e+02 7.3236855e+00      
1.7914890e+02 1.3056550e+01      
1.7965927e+02 1.8429999e+01      
1.8231156e+02 2.5010772e+01      
1.8188104e+02 1.7239746e+01      
1.7995905e+02 1.0304904e+01      
1.7642743e+02 4.7564019e+00      
1.7195319e+02 3.5283438e-01      
1.6870721e+02 -4.5666375e+00      
1.6742580e+02 -1.0339369e+01      
1.6833043e+02 -1.7094000e+01      
1.7001270e+02 -2.3493892e+01      
1.7161417e+02 -2.8709172e+01      
1.7268587e+02 -3.2389465e+01      
1.7313477e+02 -3.4593511e+01      
1.7326747e+02 -3.5661244e+01      
1.7388486e+02 -3.5656565e+01      
1.7495809e+02 -3.5196000e+01      
1.7635229e+02 -3.3839943e+01      
1.7817489e+02 -3.1638424e+01      
1.7903738e+02 -2.6869015e+01      
1.7859574e+02 -1.9709915e+01      
1.7885079e+02 -1.3224165e+01      
1.7869322e+02 -2.0303762e+00      
1.7677819e+02 -9.3432308e+00      
1.7449112e+02 -1.6867497e+01      
1.7039872e+02 -2.2577373e+01      
1.6638970e+02 -2.8111524e+01      
1.6339333e+02 -3.3868768e+01      
1.6191153e+02 -4.0005373e+01      
1.6207819e+02 -4.6579281e+01      
1.6351881e+02 -5.3351510e+01      
1.6494944e+02 -5.8670309e+01      
1.6598815e+02 -6.2115529e+01      
1.6654347e+02 -6.3983621e+01      
1.6742762e+02 -6.5835921e+01      
1.6881016e+02 -6.7585755e+01      
1.7072104e+02 -6.8984369e+01      
1.7240010e+02 -6.8136027e+01      
1.7383182e+02 -6.5085180e+01      
1.7447820e+02 -5.9283567e+01      
1.7415093e+02 -5.0976412e+01      
1.7444696e+02 -4.3598227e+01      
1.7189371e+02 -2.8159169e+01      
1.6874621e+02 -3.5034345e+01      
1.6524637e+02 -4.2268112e+01      
1.6109201e+02 -4.9224461e+01      
1.5708759e+02 -5.5852454e+01      
1.5394536e+02 -6.2260690e+01      
1.5207553e+02 -6.8535505e+01      
1.5161159e+02 -7.4712736e+01      
1.5238307e+02 -8.0696610e+01      
1.5388790e+02 -8.6054553e+01      
1.5516362e+02 -8.9120047e+01      
1.5667096e+02 -9.1845366e+01      
1.5834519e+02 -9.4739725e+01      
1.6034068e+02 -9.8068423e+01      
1.6223612e+02 -9.9608980e+01      
1.6389572e+02 -9.8792647e+01      
1.6521528e+02 -9.5350197e+01      
1.6595945e+02 -8.8951033e+01      
1.6604029e+02 -7.9925172e+01      
1.6658692e+02 -7.1982740e+01      
1.6233498e+02 -5.3106535e+01      
1.5832692e+02 -5.9685892e+01      
1.5397945e+02 -6.6964032e+01      
1.4914515e+02 -7.4998179e+01      
1.4459359e+02 -8.2526492e+01      
1.4095909e+02 -8.9399839e+01      
1.3861355e+02 -9.5675347e+01      
1.3768275e+02 -1.0139738e+02      
1.3808550e+02 -1.0650257e+02      
1.3952596e+02 -1.1076117e+02      
1.4159478e+02 -1.1404118e+02      
1.4417267e+02 -1.1744755e+02      
1.4631605e+02 -1.2079284e+02      
1.4827152e+02 -1.2397456e+02      
1.5005731e+02 -1.2558621e+02      
1.5164671e+02 -1.2493196e+02      
1.5299918e+02 -1.2157934e+02      
1.5400801e+02 -1.1511967e+02      
1.5463875e+02 -1.0589029e+02      
1.5554582e+02 -9.7787549e+01      
1.5030060e+02 -7.6478849e+01      
1.4573793e+02 -8.2744871e+01      
1.4088608e+02 -8.9767231e+01      
1.3564788e+02 -9.7549346e+01      
1.3024212e+02 -1.0576593e+02      
1.2598214e+02 -1.1292255e+02      
1.2319526e+02 -1.1908576e+02      
1.2200372e+02 -1.2433690e+02      
1.2240271e+02 -1.2861960e+02      
1.2419827e+02 -1.3185627e+02      
1.2693862e+02 -1.3425900e+02      
1.2945241e+02 -1.3711366e+02      
1.3159865e+02 -1.4035884e+02      
1.3344894e+02 -1.4408304e+02      
1.3510104e+02 -1.4600156e+02      
1.3657681e+02 -1.4596051e+02      
1.3795289e+02 -1.4319652e+02      
1.3922808e+02 -1.3724017e+02      
1.4040689e+02 -1.2838263e+02      
1.4168237e+02 -1.2056971e+02      
1.3603118e+02 -9.7899774e+01      
1.3113819e+02 -1.0375740e+02      
1.2599926e+02 -1.1032087e+02      
1.2049111e+02 -1.1762198e+02      
1.1460933e+02 -1.2558028e+02      
1.0976405e+02 -1.3268111e+02      
1.0658122e+02 -1.3862549e+02      
1.0527151e+02 -1.4340034e+02      
1.0588287e+02 -1.4693481e+02      
1.0829033e+02 -1.4915705e+02      
1.1079359e+02 -1.5132006e+02      
1.1303794e+02 -1.5371122e+02      
1.1500853e+02 -1.5629065e+02      
1.1674211e+02 -1.5878837e+02      
1.1825758e+02 -1.6055746e+02      
1.1953224e+02 -1.6159942e+02      
1.2085799e+02 -1.5974854e+02      
1.2225120e+02 -1.5495600e+02      
1.2383715e+02 -1.4711793e+02      
1.2539331e+02 -1.4005991e+02      
1.1975984e+02 -1.1706300e+02      
1.1471082e+02 -1.2243227e+02      
1.0947365e+02 -1.2841796e+02      
1.0398674e+02 -1.3498110e+02      
9.8265472e+01 -1.4198133e+02      
9.2736654e+01 -1.4893881e+02      
8.9214352e+01 -1.5457339e+02      
8.7902589e+01 -1.5886423e+02      
8.8684261e+01 -1.6185426e+02      
9.1053569e+01 -1.6373766e+02      
9.3209809e+01 -1.6568631e+02      
9.5114279e+01 -1.6770213e+02      
9.6838791e+01 -1.6964258e+02      
9.8408744e+01 -1.7128704e+02      
9.9836289e+01 -1.7236331e+02      
1.0114891e+02 -1.7252995e+02      
1.0242110e+02 -1.7115905e+02      
1.0366780e+02 -1.6825383e+02      
1.0539935e+02 -1.6207119e+02      
1.0706928e+02 -1.5619047e+02      
1.0172703e+02 -1.3372789e+02      
9.6658033e+01 -1.3855920e+02      
9.1471026e+01 -1.4390535e+02      
8.6146416e+01 -1.4968861e+02      
8.0643813e+01 -1.5581108e+02      
7.5082337e+01 -1.6205296e+02      
7.1423594e+01 -1.6718809e+02      
7.0270846e+01 -1.7095592e+02      
7.1308946e+01 -1.7345228e+02      
7.2821721e+01 -1.7550428e+02      
7.4374212e+01 -1.7737778e+02      
7.5864322e+01 -1.7910420e+02      
7.7292073e+01 -1.8059016e+02      
7.8661317e+01 -1.8168137e+02      
7.9979366e+01 -1.8217706e+02      
8.1265603e+01 -1.8183334e+02      
8.2550847e+01 -1.8042524e+02      
8.3903456e+01 -1.7774922e+02      
8.5445862e+01 -1.7361586e+02      
8.7053292e+01 -1.6910770e+02      
8.2185744e+01 -1.4770671e+02      
7.7196444e+01 -1.5198169e+02      
7.2161307e+01 -1.5667846e+02      
6.7100205e+01 -1.6170054e+02      
6.2051056e+01 -1.6691846e+02      
5.7190583e+01 -1.7209972e+02      
5.3274687e+01 -1.7675541e+02      
5.2459017e+01 -1.7998673e+02      
5.2757800e+01 -1.8250679e+02      
5.3489973e+01 -1.8460819e+02      
5.4430963e+01 -1.8640239e+02      
5.5478260e+01 -1.8790738e+02      
5.6583505e+01 -1.8907176e+02      
5.7724691e+01 -1.8979448e+02      
5.8894423e+01 -1.8994274e+02      
6.0097780e+01 -1.8937245e+02      
6.1352212e+01 -1.8796202e+02      
6.2688532e+01 -1.8564933e+02      
6.4127025e+01 -1.8254924e+02      
6.5642407e+01 -1.7905631e+02      
6.1405524e+01 -1.5885525e+02      
5.6562574e+01 -1.6257977e+02      
5.1739968e+01 -1.6664773e+02      
4.6991374e+01 -1.7095416e+02      
4.2397664e+01 -1.7536220e+02      
3.8060690e+01 -1.7969791e+02      
3.4340778e+01 -1.8369169e+02      
3.3323125e+01 -1.8662923e+02      
3.3017238e+01 -1.8905844e+02      
3.3118158e+01 -1.9109013e+02      
3.3531206e+01 -1.9275981e+02      
3.4162017e+01 -1.9407465e+02      
3.4947697e+01 -1.9500268e+02      
3.5850046e+01 -1.9548083e+02      
3.6847849e+01 -1.9542899e+02      
3.7932351e+01 -1.9476880e+02      
3.9104042e+01 -1.9344925e+02      
4.0367605e+01 -1.9148037e+02      
4.1721382e+01 -1.8897502e+02      
4.3150124e+01 -1.8614992e+02      
