2.4278209e+01 2.4696457e+02      
2.1998737e+01 2.4582639e+02      
2.0051515e+01 2.4472941e+02      
1.8404793e+01 2.4374920e+02      
1.7033473e+01 2.4294976e+02      
1.5938587e+01 2.4236762e+02      
1.5157262e+01 2.4200408e+02      
1.4751935e+01 2.4183288e+02      
1.4790351e+01 2.4181561e+02      
1.5331709e+01 2.4191336e+02      
1.6421645e+01 2.4209179e+02      
1.8092381e+01 2.4232162e+02      
2.0364646e+01 2.4257726e+02      
2.3249169e+01 2.4283549e+02      
2.6745797e+01 2.4307581e+02      
3.0835610e+01 2.4328419e+02      
3.5444366e+01 2.4346575e+02      
4.0229630e+01 2.4369186e+02      
4.4577127e+01 2.4408690e+02      
4.8815384e+01 2.4455580e+02      
5.2608807e+01 2.3710263e+02      
5.0465767e+01 2.3578630e+02      
4.8645242e+01 2.3449600e+02      
4.7083798e+01 2.3333899e+02      
4.5716021e+01 2.3241454e+02      
4.4523077e+01 2.3177665e+02      
4.3565641e+01 2.3141108e+02      
4.2949709e+01 2.3125919e+02      
4.2777519e+01 2.3125478e+02      
4.3127896e+01 2.3134241e+02      
4.4055937e+01 2.3148042e+02      
4.5598948e+01 2.3163708e+02      
4.7783170e+01 2.3178545e+02      
5.0629885e+01 2.3189917e+02      
5.4161435e+01 2.3195015e+02      
5.8409595e+01 2.3190878e+02      
6.3441919e+01 2.3174790e+02      
6.9024914e+01 2.3154293e+02      
7.2819323e+01 2.3182802e+02      
7.6364334e+01 2.3229454e+02      
7.9741573e+01 2.2356839e+02      
7.7810036e+01 2.2199903e+02      
7.6210920e+01 2.2042570e+02      
7.4833863e+01 2.1900416e+02      
7.3518493e+01 2.1790978e+02      
7.2177099e+01 2.1724623e+02      
7.0943667e+01 2.1694988e+02      
7.0022251e+01 2.1688849e+02      
6.9563858e+01 2.1695251e+02      
6.9663883e+01 2.1706944e+02      
7.0379314e+01 2.1719557e+02      
7.1745059e+01 2.1730276e+02      
7.3786470e+01 2.1736738e+02      
7.6529340e+01 2.1736279e+02      
8.0010961e+01 2.1725384e+02      
8.4298057e+01 2.1699176e+02      
8.9522927e+01 2.1650795e+02      
9.5465273e+01 2.1586079e+02      
9.9661410e+01 2.1585897e+02      
1.0234170e+02 2.1647827e+02      
1.0522072e+02 2.0663146e+02      
1.0358482e+02 2.0471639e+02      
1.0234077e+02 2.0272793e+02      
1.0134429e+02 2.0087700e+02      
1.0024527e+02 1.9949240e+02      
9.8586775e+01 1.9891195e+02      
9.6878778e+01 1.9883371e+02      
9.5517718e+01 1.9897417e+02      
9.4688339e+01 1.9917617e+02      
9.4482377e+01 1.9936176e+02      
9.4941121e+01 1.9950020e+02      
9.6084310e+01 1.9957859e+02      
9.7926635e+01 1.9958418e+02      
1.0048786e+02 1.9949557e+02      
1.0380341e+02 1.9927611e+02      
1.0794155e+02 1.9886434e+02      
1.1303235e+02 1.9815811e+02      
1.1886369e+02 1.9720211e+02      
1.2309476e+02 1.9703517e+02      
1.2585455e+02 1.9757581e+02      
1.2858567e+02 1.8664696e+02      
1.2731814e+02 1.8428727e+02      
1.2658496e+02 1.8170588e+02      
1.2623985e+02 1.7916972e+02      
1.2577263e+02 1.7721331e+02      
1.2337069e+02 1.7699483e+02      
1.2091446e+02 1.7737531e+02      
1.1895923e+02 1.7786992e+02      
1.1768770e+02 1.7827841e+02      
1.1714260e+02 1.7855525e+02      
1.1732027e+02 1.7871394e+02      
1.1820969e+02 1.7877369e+02      
1.1980572e+02 1.7874057e+02      
1.2211222e+02 1.7860439e+02      
1.2514595e+02 1.7833657e+02      
1.2894738e+02 1.7787961e+02      
1.3360505e+02 1.7711978e+02      
1.3889074e+02 1.7610207e+02      
1.4265718e+02 1.7604943e+02      
1.4502999e+02 1.7677835e+02      
1.4937097e+02 1.6406389e+02      
1.4849149e+02 1.6118957e+02      
1.4836449e+02 1.5783806e+02      
1.4874980e+02 1.5441896e+02      
1.4798398e+02 1.5240403e+02      
1.4574773e+02 1.5204954e+02      
1.4246192e+02 1.5307271e+02      
1.3982338e+02 1.5406442e+02      
1.3809692e+02 1.5470553e+02      
1.3723161e+02 1.5504661e+02      
1.3713797e+02 1.5520146e+02      
1.3776496e+02 1.5523544e+02      
1.3908612e+02 1.5517421e+02      
1.4108642e+02 1.5501954e+02      
1.4375383e+02 1.5476063e+02      
1.4707770e+02 1.5437086e+02      
1.5106384e+02 1.5377331e+02      
1.5546749e+02 1.5301303e+02      
1.5849547e+02 1.5332666e+02      
1.6121495e+02 1.5373110e+02      
1.6712958e+02 1.3941166e+02      
1.6649141e+02 1.3611928e+02      
1.6684990e+02 1.3198215e+02      
1.6687704e+02 1.2846869e+02      
1.6589289e+02 1.2637904e+02      
1.6373293e+02 1.2592454e+02      
1.6068310e+02 1.2681541e+02      
1.5749414e+02 1.2827231e+02      
1.5547223e+02 1.2898447e+02      
1.5439083e+02 1.2926588e+02      
1.5407511e+02 1.2935189e+02      
1.5445404e+02 1.2933677e+02      
1.5549303e+02 1.2924871e+02      
1.5716698e+02 1.2908876e+02      
1.5943842e+02 1.2886427e+02      
1.6223486e+02 1.2861058e+02      
1.6543865e+02 1.2836315e+02      
1.6876772e+02 1.2821195e+02      
1.7175196e+02 1.2837716e+02      
1.7461170e+02 1.2856329e+02      
1.8154825e+02 1.1317219e+02      
1.8073722e+02 1.0987543e+02      
1.8046237e+02 1.0614825e+02      
1.8039030e+02 1.0231779e+02      
1.7929451e+02 1.0009376e+02      
1.7708225e+02 9.9675535e+01      
1.7402622e+02 1.0063724e+02      
1.7138569e+02 1.0133247e+02      
1.6950016e+02 1.0160281e+02      
1.6836145e+02 1.0161920e+02      
1.6789161e+02 1.0154983e+02      
1.6804709e+02 1.0146387e+02      
1.6880912e+02 1.0135500e+02      
1.7016348e+02 1.0118955e+02      
1.7207330e+02 1.0096464e+02      
1.7441455e+02 1.0080108e+02      
1.7695744e+02 1.0092341e+02      
1.7963933e+02 1.0117239e+02      
1.8235953e+02 1.0144202e+02      
1.8512294e+02 1.0160545e+02      
1.9251982e+02 8.5710974e+01      
1.9143067e+02 8.2538598e+01      
1.9055769e+02 7.9336661e+01      
1.8972183e+02 7.6315856e+01      
1.8850237e+02 7.4028884e+01      
1.8621292e+02 7.3714889e+01      
1.8381456e+02 7.3599404e+01      
1.8172379e+02 7.3296141e+01      
1.8010907e+02 7.2855401e+01      
1.7901286e+02 7.2435563e+01      
1.7843726e+02 7.2147434e+01      
1.7838234e+02 7.2006442e+01      
1.7886496e+02 7.1922724e+01      
1.7990906e+02 7.1765338e+01      
1.8151333e+02 7.1475762e+01      
1.8358099e+02 7.1184662e+01      
1.8549892e+02 7.1828184e+01      
1.8767458e+02 7.2490639e+01      
1.9005273e+02 7.3010716e+01      
1.9258307e+02 7.3305100e+01      
1.9976066e+02 5.7904108e+01      
1.9839959e+02 5.4919199e+01      
1.9709793e+02 5.2143605e+01      
1.9574002e+02 4.9761508e+01      
1.9411562e+02 4.8099470e+01      
1.9220887e+02 4.6911818e+01      
1.9032726e+02 4.5687272e+01      
1.8870189e+02 4.4244760e+01      
1.8735076e+02 4.2926485e+01      
1.8631851e+02 4.1959003e+01      
1.8564912e+02 4.1439280e+01      
1.8536817e+02 4.1341571e+01      
1.8552835e+02 4.1449386e+01      
1.8625496e+02 4.1344479e+01      
1.8754028e+02 4.1004325e+01      
1.8922044e+02 4.0788037e+01      
1.9077807e+02 4.1716807e+01      
1.9256313e+02 4.2790712e+01      
1.9460122e+02 4.3651016e+01      
1.9684726e+02 4.4172107e+01      
2.0336849e+02 3.0144317e+01      
2.0177397e+02 2.7389555e+01      
2.0019685e+02 2.4900133e+01      
1.9857293e+02 2.2809130e+01      
1.9683585e+02 2.1232428e+01      
1.9509985e+02 1.9515568e+01      
1.9352304e+02 1.7407078e+01      
1.9231414e+02 1.4649022e+01      
1.9117728e+02 1.2303931e+01      
1.9018623e+02 1.0698040e+01      
1.8941383e+02 9.9764151e+00      
1.8889107e+02 1.0078870e+01      
1.8865448e+02 1.0654316e+01      
1.8908740e+02 1.0556865e+01      
1.9009276e+02 1.0080420e+01      
1.9135146e+02 1.0200071e+01      
1.9270190e+02 1.1120322e+01      
1.9415239e+02 1.2670425e+01      
1.9587371e+02 1.3946054e+01      
1.9782625e+02 1.4748108e+01      
2.0348155e+02 2.8312217e+00      
2.0171288e+02 3.5080335e-01      
1.9996677e+02 -1.9543144e+00      
1.9821681e+02 -4.0050529e+00      
1.9646062e+02 -5.7656791e+00      
1.9477268e+02 -7.8488401e+00      
1.9324781e+02 -1.0377913e+01      
1.9197276e+02 -1.3424384e+01      
1.9093575e+02 -1.6802482e+01      
1.8994492e+02 -1.9148044e+01      
1.8907554e+02 -2.0053995e+01      
1.8836780e+02 -1.9692334e+01      
1.8809103e+02 -1.9478478e+01      
1.8834015e+02 -1.9803033e+01      
1.8900844e+02 -1.9893159e+01      
1.8995612e+02 -1.9499715e+01      
1.9108743e+02 -1.8550249e+01      
1.9237015e+02 -1.7120637e+01      
1.9382333e+02 -1.5458797e+01      
1.9549772e+02 -1.4414649e+01      
2.0024397e+02 -2.3654453e+01      
1.9836552e+02 -2.5823149e+01      
1.9652001e+02 -2.7998668e+01      
1.9469955e+02 -3.0132918e+01      
1.9291666e+02 -3.2280822e+01      
1.9121207e+02 -3.4665791e+01      
1.8963816e+02 -3.7414355e+01      
1.8823840e+02 -4.0572125e+01      
1.8702011e+02 -4.4060448e+01      
1.8595532e+02 -4.7335457e+01      
1.8502657e+02 -4.8498031e+01      
1.8432504e+02 -4.8667539e+01      
1.8399125e+02 -4.8616810e+01      
1.8406867e+02 -4.8586413e+01      
1.8450155e+02 -4.8339069e+01      
1.8521072e+02 -4.7718354e+01      
1.8613074e+02 -4.6692643e+01      
1.8722531e+02 -4.5347530e+01      
1.8848398e+02 -4.3922926e+01      
1.8990988e+02 -4.2817295e+01      
1.9378388e+02 -4.9527123e+01      
1.9184648e+02 -5.1446423e+01      
1.8994177e+02 -5.3509679e+01      
1.8807156e+02 -5.5685036e+01      
1.8624936e+02 -5.8007876e+01      
1.8450037e+02 -6.0565795e+01      
1.8285429e+02 -6.3438708e+01      
1.8133437e+02 -6.6672202e+01      
1.7994731e+02 -7.0298987e+01      
1.7870524e+02 -7.4174408e+01      
1.7775934e+02 -7.6523916e+01      
1.7697055e+02 -7.6936924e+01      
1.7655833e+02 -7.6859532e+01      
1.7651553e+02 -7.6626396e+01      
1.7678982e+02 -7.6165597e+01      
1.7731647e+02 -7.5362781e+01      
1.7804414e+02 -7.4190018e+01      
1.7894232e+02 -7.2752795e+01      
1.7999272e+02 -7.1290777e+01      
1.8117900e+02 -7.0069445e+01      
1.8422527e+02 -7.4391564e+01      
1.8226651e+02 -7.6123856e+01      
1.8033149e+02 -7.8075403e+01      
1.7842783e+02 -8.0222899e+01      
1.7656855e+02 -8.2580370e+01      
1.7477121e+02 -8.5189023e+01      
1.7305398e+02 -8.8096399e+01      
1.7143043e+02 -9.1342283e+01      
1.6990829e+02 -9.4952137e+01      
1.6850813e+02 -9.8842537e+01      
1.6730295e+02 -1.0248074e+02      
1.6642803e+02 -1.0403954e+02      
1.6596895e+02 -1.0393410e+02      
1.6585399e+02 -1.0370057e+02      
1.6603838e+02 -1.0314048e+02      
1.6642519e+02 -1.0221146e+02      
1.6697780e+02 -1.0080572e+02      
1.6768216e+02 -9.9041040e+01      
1.6852167e+02 -9.7270015e+01      
1.6947379e+02 -9.5789998e+01      
1.7173765e+02 -9.7809361e+01      
1.6978506e+02 -9.9386255e+01      
1.6784304e+02 -1.0121929e+02      
1.6592288e+02 -1.0328942e+02      
1.6403765e+02 -1.0559892e+02      
1.6220128e+02 -1.0816729e+02      
1.6042593e+02 -1.1102349e+02      
1.5871846e+02 -1.1420079e+02      
1.5707753e+02 -1.1773717e+02      
1.5549178e+02 -1.2169377e+02      
1.5400521e+02 -1.2585291e+02      
1.5301157e+02 -1.2812270e+02      
1.5250563e+02 -1.2887903e+02      
1.5233204e+02 -1.2916616e+02      
1.5248709e+02 -1.2878286e+02      
1.5274034e+02 -1.2798131e+02      
1.5312308e+02 -1.2624134e+02      
1.5363771e+02 -1.2374859e+02      
1.5427620e+02 -1.2139579e+02      
1.5500674e+02 -1.1954395e+02      
1.5653741e+02 -1.1939118e+02      
1.5461196e+02 -1.2082691e+02      
1.5268249e+02 -1.2253199e+02      
1.5076296e+02 -1.2448900e+02      
1.4886720e+02 -1.2669310e+02      
1.4700804e+02 -1.2915080e+02      
1.4519525e+02 -1.3187768e+02      
1.4343202e+02 -1.3489915e+02      
1.4170855e+02 -1.3826133e+02      
1.3998743e+02 -1.4207003e+02      
1.3830696e+02 -1.4615551e+02      
1.3729199e+02 -1.4844987e+02      
1.3685852e+02 -1.4931480e+02      
1.3654717e+02 -1.5057472e+02      
1.3642999e+02 -1.5229130e+02      
1.3647024e+02 -1.5216607e+02      
1.3669083e+02 -1.5005609e+02      
1.3703507e+02 -1.4615676e+02      
1.3750398e+02 -1.4307644e+02      
1.3803347e+02 -1.4085925e+02      
1.3888308e+02 -1.3879188e+02      
1.3700113e+02 -1.4009265e+02      
1.3510082e+02 -1.4166052e+02      
1.3319830e+02 -1.4347808e+02      
1.3130879e+02 -1.4553498e+02      
1.2944589e+02 -1.4782761e+02      
1.2762019e+02 -1.5035820e+02      
1.2583673e+02 -1.5313547e+02      
1.2408993e+02 -1.5618069e+02      
1.2234751e+02 -1.5955253e+02      
1.2064868e+02 -1.6307621e+02      
1.1974236e+02 -1.6491475e+02      
1.1906291e+02 -1.6645770e+02      
1.1846822e+02 -1.6847916e+02      
1.1794493e+02 -1.7113013e+02      
1.1772215e+02 -1.7148346e+02      
1.1781000e+02 -1.6933718e+02      
1.1815225e+02 -1.6504510e+02      
1.1850610e+02 -1.6167817e+02      
1.1885258e+02 -1.5929289e+02      
1.1907059e+02 -1.5571164e+02      
1.1724491e+02 -1.5688062e+02      
1.1538764e+02 -1.5830410e+02      
1.1351691e+02 -1.5996372e+02      
1.1164969e+02 -1.6184434e+02      
1.0980153e+02 -1.6393351e+02      
1.0798598e+02 -1.6621991e+02      
1.0621420e+02 -1.6869075e+02      
1.0449566e+02 -1.7132531e+02      
1.0284721e+02 -1.7406774e+02      
1.0136510e+02 -1.7666218e+02      
1.0023535e+02 -1.7866795e+02      
9.9320308e+01 -1.8046628e+02      
9.8486683e+01 -1.8254838e+02      
9.7659801e+01 -1.8504878e+02      
9.7221507e+01 -1.8544664e+02      
9.7156000e+01 -1.8361781e+02      
9.7433163e+01 -1.7984798e+02      
9.7639336e+01 -1.7679927e+02      
9.7798149e+01 -1.7453019e+02      
9.7428176e+01 -1.6989778e+02      
9.5668446e+01 -1.7093772e+02      
9.3865460e+01 -1.7221271e+02      
9.2039057e+01 -1.7370319e+02      
9.0208040e+01 -1.7539002e+02      
8.8390174e+01 -1.7725360e+02      
8.6602366e+01 -1.7927166e+02      
8.4861549e+01 -1.8141490e+02      
8.3187739e+01 -1.8363752e+02      
8.1612603e+01 -1.8585656e+02      
8.0190834e+01 -1.8793057e+02      
7.8967838e+01 -1.8974747e+02      
7.7920070e+01 -1.9137091e+02      
7.6997265e+01 -1.9290959e+02      
7.6203865e+01 -1.9413759e+02      
7.5655656e+01 -1.9423320e+02      
7.5375131e+01 -1.9295862e+02      
7.5297188e+01 -1.9069141e+02      
7.5264314e+01 -1.8839074e+02      
7.5221263e+01 -1.8643393e+02      
