6.7243089e+00 2.3580687e+02      
5.3991413e+00 2.3278180e+02      
4.6230179e+00 2.2980412e+02      
4.3794010e+00 2.2693853e+02      
4.6470382e+00 2.2425200e+02      
5.4010769e+00 2.2181348e+02      
6.6141870e+00 2.1969298e+02      
8.2574731e+00 2.1795936e+02      
1.0300907e+01 2.1667603e+02      
1.2712580e+01 2.1589454e+02      
1.5455099e+01 2.1564798e+02      
1.8477754e+01 2.1594924e+02      
2.1710497e+01 2.1680496e+02      
2.5007909e+01 2.1814856e+02      
2.7847043e+01 2.1928732e+02      
3.0111279e+01 2.2012497e+02      
3.1917104e+01 2.2069432e+02      
3.3477734e+01 2.2104970e+02      
3.5325731e+01 2.2175624e+02      
3.7578374e+01 2.2275745e+02      
3.5502163e+01 2.2469335e+02      
3.4416677e+01 2.2152093e+02      
3.3884657e+01 2.1836501e+02      
3.3886685e+01 2.1529337e+02      
3.4398341e+01 2.1237769e+02      
3.5391913e+01 2.0969422e+02      
3.6838219e+01 2.0732418e+02      
3.8708304e+01 2.0535272e+02      
4.0975126e+01 2.0386429e+02      
4.3615268e+01 2.0293282e+02      
4.6607563e+01 2.0260862e+02      
4.9919786e+01 2.0291153e+02      
5.3483472e+01 2.0384123e+02      
5.7108272e+01 2.0529863e+02      
6.0028406e+01 2.0649756e+02      
6.1791738e+01 2.0706598e+02      
6.2856438e+01 2.0730154e+02      
6.3636762e+01 2.0739056e+02      
6.4766614e+01 2.0787048e+02      
6.6369087e+01 2.0868119e+02      
6.3153079e+01 2.1007971e+02      
6.2337616e+01 2.0674581e+02      
6.2077691e+01 2.0339396e+02      
6.2349980e+01 2.0009344e+02      
6.3125526e+01 1.9691870e+02      
6.4372325e+01 1.9395151e+02      
6.6058128e+01 1.9128376e+02      
6.8152788e+01 1.8901968e+02      
7.0630629e+01 1.8727346e+02      
7.3476661e+01 1.8615507e+02      
7.6698357e+01 1.8574002e+02      
8.0314056e+01 1.8604612e+02      
8.4273912e+01 1.8703359e+02      
8.8283299e+01 1.8852723e+02      
9.1561712e+01 1.8999958e+02      
9.2377717e+01 1.9003426e+02      
9.2403450e+01 1.8991730e+02      
9.2366930e+01 1.8997377e+02      
9.2712164e+01 1.9037920e+02      
9.3600563e+01 1.9110648e+02      
8.9235332e+01 1.9223197e+02      
8.8718755e+01 1.8872423e+02      
8.8758596e+01 1.8516049e+02      
8.9326171e+01 1.8160928e+02      
9.0385771e+01 1.7814459e+02      
9.1898661e+01 1.7484935e+02      
9.3827698e+01 1.7182188e+02      
9.6140274e+01 1.6918497e+02      
9.8807585e+01 1.6709320e+02      
1.0180729e+02 1.6572505e+02      
1.0517490e+02 1.6521028e+02      
1.0906546e+02 1.6555138e+02      
1.1355656e+02 1.6667753e+02      
1.1821536e+02 1.6836948e+02      
1.2107590e+02 1.6947640e+02      
1.2168314e+02 1.6968020e+02      
1.2039251e+02 1.6922633e+02      
1.1919741e+02 1.6915537e+02      
1.1863577e+02 1.6955176e+02      
1.1877509e+02 1.7030597e+02      
1.1333243e+02 1.7146925e+02      
1.1314225e+02 1.6777872e+02      
1.1351023e+02 1.6399123e+02      
1.1440043e+02 1.6017216e+02      
1.1576682e+02 1.5639062e+02      
1.1755952e+02 1.5272290e+02      
1.1973369e+02 1.4926253e+02      
1.2225576e+02 1.4614011e+02      
1.2509856e+02 1.4354848e+02      
1.2819330e+02 1.4179325e+02      
1.3147072e+02 1.4121585e+02      
1.3536793e+02 1.4162915e+02      
1.4031752e+02 1.4288787e+02      
1.4458734e+02 1.4416568e+02      
1.4709289e+02 1.4501889e+02      
1.4741503e+02 1.4532699e+02      
1.4583090e+02 1.4524460e+02      
1.4338977e+02 1.4515744e+02      
1.4198605e+02 1.4568819e+02      
1.4142484e+02 1.4661404e+02      
1.3505781e+02 1.4815805e+02      
1.3522008e+02 1.4428077e+02      
1.3594661e+02 1.4026422e+02      
1.3719236e+02 1.3616913e+02      
1.3889533e+02 1.3205590e+02      
1.4098557e+02 1.2798375e+02      
1.4340337e+02 1.2401951e+02      
1.4611881e+02 1.2027139e+02      
1.4912068e+02 1.1696042e+02      
1.5231475e+02 1.1453876e+02      
1.5508037e+02 1.1408115e+02      
1.5829935e+02 1.1457451e+02      
1.6219004e+02 1.1555283e+02      
1.6637914e+02 1.1660916e+02      
1.6871113e+02 1.1725947e+02      
1.6861599e+02 1.1755527e+02      
1.6639498e+02 1.1768017e+02      
1.6411048e+02 1.1817550e+02      
1.6231245e+02 1.1915071e+02      
1.6115710e+02 1.2043569e+02      
1.5405831e+02 1.2270556e+02      
1.5459651e+02 1.1864343e+02      
1.5571521e+02 1.1440037e+02      
1.5736002e+02 1.1003338e+02      
1.5944569e+02 1.0559517e+02      
1.6186388e+02 1.0112204e+02      
1.6451809e+02 9.6617471e+01      
1.6737107e+02 9.2123923e+01      
1.7040865e+02 8.7957240e+01      
1.7316054e+02 8.5341266e+01      
1.7560042e+02 8.4517209e+01      
1.7792427e+02 8.5231561e+01      
1.8062784e+02 8.6155313e+01      
1.8349880e+02 8.6849777e+01      
1.8580389e+02 8.7186150e+01      
1.8534434e+02 8.7308080e+01      
1.8387113e+02 8.7656976e+01      
1.8164233e+02 8.8782668e+01      
1.7942716e+02 9.0426273e+01      
1.7768086e+02 9.2262843e+01      
1.7001638e+02 9.5552185e+01      
1.7094796e+02 9.1313099e+01      
1.7249453e+02 8.6852961e+01      
1.7459831e+02 8.2228531e+01      
1.7714714e+02 7.7495571e+01      
1.7996379e+02 7.2689144e+01      
1.8283941e+02 6.7751982e+01      
1.8567402e+02 6.2548391e+01      
1.8818926e+02 5.8232072e+01      
1.9040280e+02 5.5441878e+01      
1.9238870e+02 5.4354029e+01      
1.9421471e+02 5.4693478e+01      
1.9593338e+02 5.5693881e+01      
1.9767256e+02 5.6028525e+01      
1.9904252e+02 5.5837287e+01      
1.9943384e+02 5.5456920e+01      
1.9892093e+02 5.5553438e+01      
1.9614856e+02 5.7524695e+01      
1.9320454e+02 6.0092266e+01      
1.9074972e+02 6.2680479e+01      
1.8265194e+02 6.7164109e+01      
1.8398028e+02 6.2761830e+01      
1.8598483e+02 5.8097979e+01      
1.8862386e+02 5.3230921e+01      
1.9177436e+02 4.8234159e+01      
1.9518259e+02 4.3193234e+01      
1.9834787e+02 3.8182483e+01      
2.0063760e+02 3.3281034e+01      
2.0246807e+02 2.8694009e+01      
2.0403795e+02 2.5725347e+01      
2.0551149e+02 2.4591454e+01      
2.0688297e+02 2.4908175e+01      
2.0810429e+02 2.5141098e+01      
2.0895427e+02 2.4842735e+01      
2.0983521e+02 2.3881244e+01      
2.1063014e+02 2.2687189e+01      
2.0980012e+02 2.3011235e+01      
2.0719169e+02 2.5180420e+01      
2.0335028e+02 2.8866607e+01      
2.0008289e+02 3.2385832e+01      
1.9172608e+02 3.8025930e+01      
1.9342620e+02 3.3481729e+01      
1.9589200e+02 2.8630878e+01      
1.9913844e+02 2.3524814e+01      
2.0308741e+02 1.8253079e+01      
2.0743133e+02 1.2981836e+01      
2.1137057e+02 7.9736486e+00      
2.1265848e+02 3.5450626e+00      
2.1337405e+02 -3.1738298e-01      
2.1412911e+02 -3.3829085e+00      
2.1510790e+02 -4.3776065e+00      
2.1624996e+02 -4.8104641e+00      
2.1718216e+02 -5.2009054e+00      
2.1668483e+02 -5.9368355e+00      
2.1699926e+02 -7.6846643e+00      
2.1691726e+02 -8.8214984e+00      
2.1564110e+02 -8.3721962e+00      
2.1298248e+02 -6.0305386e+00      
2.0925961e+02 -2.1439465e+00      
2.0528781e+02 2.2899651e+00      
1.9705085e+02 8.6324524e+00      
1.9905060e+02 3.9802001e+00      
2.0191249e+02 -1.0278362e+00      
2.0577706e+02 -6.3755179e+00      
2.1068704e+02 -1.1989494e+01      
2.1616314e+02 -1.7594863e+01      
2.1986132e+02 -2.2567780e+01      
2.2122824e+02 -2.6642317e+01      
2.2071814e+02 -2.9680342e+01      
2.2059302e+02 -3.1995205e+01      
2.2102194e+02 -3.3409707e+01      
2.2194111e+02 -3.4375593e+01      
2.2158973e+02 -3.4931411e+01      
2.1972318e+02 -3.5384591e+01      
2.1857464e+02 -3.6436524e+01      
2.1792504e+02 -3.7848507e+01      
2.1629630e+02 -3.7476033e+01      
2.1341832e+02 -3.4871149e+01      
2.0953142e+02 -3.0546215e+01      
2.0598178e+02 -2.6600910e+01      
1.9850901e+02 -2.0522585e+01      
2.0067939e+02 -2.5230784e+01      
2.0374777e+02 -3.0329406e+01      
2.0799372e+02 -3.5856284e+01      
2.1375803e+02 -4.1862193e+01      
2.1903137e+02 -4.7633728e+01      
2.2256793e+02 -5.2593310e+01      
2.2388869e+02 -5.6376298e+01      
2.2342715e+02 -5.8948235e+01      
2.2261424e+02 -6.0709761e+01      
2.2235359e+02 -6.2091367e+01      
2.2222107e+02 -6.3112798e+01      
2.2091613e+02 -6.3556639e+01      
2.1806574e+02 -6.3472684e+01      
2.1581951e+02 -6.3682132e+01      
2.1408270e+02 -6.4063567e+01      
2.1220868e+02 -6.3901108e+01      
2.0910220e+02 -6.0987308e+01      
2.0574928e+02 -5.7543742e+01      
2.0261348e+02 -5.4258587e+01      
1.9607963e+02 -4.8961239e+01      
1.9826091e+02 -5.3659127e+01      
2.0125766e+02 -5.8745058e+01      
2.0521419e+02 -6.4228339e+01      
2.1016594e+02 -7.0099847e+01      
2.1560339e+02 -7.6170941e+01      
2.1918926e+02 -8.1244008e+01      
2.2023159e+02 -8.4725720e+01      
2.1892807e+02 -8.6553429e+01      
2.1775229e+02 -8.7959915e+01      
2.1704914e+02 -8.9161435e+01      
2.1677886e+02 -9.0276819e+01      
2.1518163e+02 -9.0628075e+01      
2.1193277e+02 -9.0095659e+01      
2.0910771e+02 -8.9651200e+01      
2.0668825e+02 -8.9181203e+01      
2.0424301e+02 -8.8176355e+01      
2.0141061e+02 -8.6044721e+01      
1.9843808e+02 -8.3375796e+01      
1.9558607e+02 -8.0645882e+01      
1.8985093e+02 -7.6234353e+01      
1.9190577e+02 -8.0856075e+01      
1.9463409e+02 -8.5838989e+01      
1.9806608e+02 -9.1165174e+01      
2.0213348e+02 -9.6788312e+01      
2.0651222e+02 -1.0254760e+02      
2.1032771e+02 -1.0792835e+02      
2.1117695e+02 -1.1122035e+02      
2.1000727e+02 -1.1286851e+02      
2.0854741e+02 -1.1390273e+02      
2.0727139e+02 -1.1468824e+02      
2.0616110e+02 -1.1534418e+02      
2.0472082e+02 -1.1571911e+02      
2.0161987e+02 -1.1499693e+02      
1.9869697e+02 -1.1421242e+02      
1.9601775e+02 -1.1329291e+02      
1.9336778e+02 -1.1198157e+02      
1.9063143e+02 -1.1014284e+02      
1.8786008e+02 -1.0792462e+02      
1.8517781e+02 -1.0557166e+02      
1.8000721e+02 -1.0192764e+02      
1.8184574e+02 -1.0641622e+02      
1.8422013e+02 -1.1123129e+02      
1.8712134e+02 -1.1635241e+02      
1.9047917e+02 -1.2174975e+02      
1.9406332e+02 -1.2728885e+02      
1.9720688e+02 -1.3244828e+02      
1.9830749e+02 -1.3590346e+02      
1.9763358e+02 -1.3772263e+02      
1.9580250e+02 -1.3825321e+02      
1.9394553e+02 -1.3848170e+02      
1.9217021e+02 -1.3862038e+02      
1.9018518e+02 -1.3852996e+02      
1.8762873e+02 -1.3795908e+02      
1.8491476e+02 -1.3710508e+02      
1.8223377e+02 -1.3601530e+02      
1.7956473e+02 -1.3461814e+02      
1.7688477e+02 -1.3288613e+02      
1.7422217e+02 -1.3089108e+02      
1.7164208e+02 -1.2876531e+02      
1.6680399e+02 -1.2566390e+02      
1.6837515e+02 -1.2997064e+02      
1.7036205e+02 -1.3456115e+02      
1.7274679e+02 -1.3941883e+02      
1.7551434e+02 -1.4457042e+02      
1.7860528e+02 -1.5003882e+02      
1.8095033e+02 -1.5478787e+02      
1.8190141e+02 -1.5815369e+02      
1.8138102e+02 -1.5996181e+02      
1.7969853e+02 -1.6042974e+02      
1.7740120e+02 -1.6010197e+02      
1.7527535e+02 -1.5987797e+02      
1.7309136e+02 -1.5954426e+02      
1.7069832e+02 -1.5894046e+02      
1.6815795e+02 -1.5805593e+02      
1.6556198e+02 -1.5690490e+02      
1.6294760e+02 -1.5548307e+02      
1.6033379e+02 -1.5380334e+02      
1.5775062e+02 -1.5191963e+02      
1.5524182e+02 -1.4991838e+02      
1.5054913e+02 -1.4710622e+02      
1.5182763e+02 -1.5119082e+02      
1.5341464e+02 -1.5550411e+02      
1.5527747e+02 -1.6001445e+02      
1.5736328e+02 -1.6469862e+02      
1.5953975e+02 -1.6948755e+02      
1.6145199e+02 -1.7409165e+02      
1.6218032e+02 -1.7733854e+02      
1.6156814e+02 -1.7893610e+02      
1.5981864e+02 -1.7911576e+02      
1.5779221e+02 -1.7899256e+02      
1.5570120e+02 -1.7875144e+02      
1.5352381e+02 -1.7834149e+02      
1.5121464e+02 -1.7768968e+02      
1.4878939e+02 -1.7677171e+02      
1.4629163e+02 -1.7559021e+02      
1.4375923e+02 -1.7415767e+02      
1.4122285e+02 -1.7250088e+02      
1.3871404e+02 -1.7066757e+02      
1.3626772e+02 -1.6872371e+02      
1.3159170e+02 -1.6596151e+02      
1.3257163e+02 -1.6979584e+02      
1.3376634e+02 -1.7379654e+02      
1.3512823e+02 -1.7791010e+02      
1.3657742e+02 -1.8206788e+02      
1.3798012e+02 -1.8616240e+02      
1.3911532e+02 -1.8999419e+02      
1.3963166e+02 -1.9314403e+02      
1.3885107e+02 -1.9443422e+02      
1.3743810e+02 -1.9497446e+02      
1.3569483e+02 -1.9511604e+02      
1.3375918e+02 -1.9497565e+02      
1.3167635e+02 -1.9457340e+02      
1.2946278e+02 -1.9390214e+02      
1.2714129e+02 -1.9295956e+02      
1.2474418e+02 -1.9175528e+02      
1.2230491e+02 -1.9030941e+02      
1.1985490e+02 -1.8865352e+02      
1.1742453e+02 -1.8683192e+02      
1.1504367e+02 -1.8490007e+02      
1.1031340e+02 -1.8198199e+02      
1.1100430e+02 -1.8555257e+02      
1.1183384e+02 -1.8922974e+02      
1.1274902e+02 -1.9294582e+02      
1.1366843e+02 -1.9661349e+02      
1.1447317e+02 -2.0011056e+02      
1.1500123e+02 -2.0325937e+02      
1.1503461e+02 -2.0576498e+02      
1.1436748e+02 -2.0728703e+02      
1.1317515e+02 -2.0809892e+02      
1.1163281e+02 -2.0842715e+02      
1.0984736e+02 -2.0837790e+02      
1.0788201e+02 -2.0800252e+02      
1.0577580e+02 -2.0732516e+02      
1.0356071e+02 -2.0636275e+02      
1.0126830e+02 -2.0513489e+02      
9.8929679e+01 -2.0366743e+02      
9.6574548e+01 -2.0199406e+02      
9.4230922e+01 -2.0015680e+02      
9.1924868e+01 -1.9820484e+02      
8.7120301e+01 -1.9496468e+02      
8.7542216e+01 -1.9827097e+02      
8.8045174e+01 -2.0163265e+02      
8.8578676e+01 -2.0497713e+02      
8.9071177e+01 -2.0821505e+02      
8.9428123e+01 -2.1123325e+02      
8.9534759e+01 -2.1388866e+02      
8.9271491e+01 -2.1601582e+02      
8.8569484e+01 -2.1750704e+02      
8.7465359e+01 -2.1840601e+02      
8.6042568e+01 -2.1881402e+02      
8.4376343e+01 -2.1881034e+02      
8.2523629e+01 -2.1844711e+02      
8.0527092e+01 -2.1775891e+02      
7.8421701e+01 -2.1677280e+02      
7.6238954e+01 -2.1551522e+02      
7.4008305e+01 -2.1401584e+02      
7.1757273e+01 -2.1230933e+02      
6.9511241e+01 -2.1043587e+02      
6.7293052e+01 -2.0844045e+02      
