1.3033876e+01 2.3068006e+02      
1.2440797e+01 2.2770115e+02      
1.2269673e+01 2.2483737e+02      
1.2391249e+01 2.2213638e+02      
1.2652072e+01 2.1963372e+02      
1.2939323e+01 2.1737239e+02      
1.3246316e+01 2.1542185e+02      
1.3654077e+01 2.1386247e+02      
1.4268289e+01 2.1276046e+02      
1.5161170e+01 2.1215432e+02      
1.6310810e+01 2.1203464e+02      
1.7519927e+01 2.1227473e+02      
1.8154152e+01 2.1231529e+02      
1.8885950e+01 2.1269124e+02      
1.9951881e+01 2.1350383e+02      
2.1412729e+01 2.1474148e+02      
2.3242810e+01 2.1635445e+02      
2.5404099e+01 2.1827887e+02      
2.7893760e+01 2.2044431e+02      
3.0749487e+01 2.2277457e+02      
4.2568715e+01 2.1965555e+02      
4.2488581e+01 2.1653949e+02      
4.2885497e+01 2.1353692e+02      
4.3583697e+01 2.1069698e+02      
4.4298538e+01 2.0802318e+02      
4.4781385e+01 2.0552383e+02      
4.5070047e+01 2.0330811e+02      
4.5370679e+01 2.0151030e+02      
4.5909792e+01 2.0023153e+02      
4.6849904e+01 1.9953477e+02      
4.8135870e+01 1.9939612e+02      
4.9090901e+01 1.9937707e+02      
4.9603122e+01 1.9936204e+02      
4.9822794e+01 1.9944176e+02      
5.0469597e+01 2.0002132e+02      
5.1629736e+01 2.0109611e+02      
5.3172876e+01 2.0258868e+02      
5.4964557e+01 2.0441387e+02      
5.6985870e+01 2.0649326e+02      
5.9308417e+01 2.0874502e+02      
7.0851705e+01 2.0511915e+02      
7.1377140e+01 2.0184190e+02      
7.2501863e+01 1.9869309e+02      
7.4063836e+01 1.9575869e+02      
7.5552081e+01 1.9298404e+02      
7.6130109e+01 1.9014555e+02      
7.6171373e+01 1.8755998e+02      
7.6128968e+01 1.8545431e+02      
7.6373351e+01 1.8394252e+02      
7.7230907e+01 1.8310278e+02      
7.8151744e+01 1.8264726e+02      
7.8828311e+01 1.8241069e+02      
7.9174024e+01 1.8233123e+02      
7.9320964e+01 1.8244157e+02      
7.9623626e+01 1.8287093e+02      
8.0654946e+01 1.8385930e+02      
8.2039165e+01 1.8529348e+02      
8.3443632e+01 1.8706630e+02      
8.4880781e+01 1.8910741e+02      
8.6530392e+01 1.9133694e+02      
9.7340469e+01 1.8731268e+02      
9.8528815e+01 1.8382845e+02      
1.0050032e+02 1.8048632e+02      
1.0324995e+02 1.7746927e+02      
1.0634018e+02 1.7484677e+02      
1.0671387e+02 1.7143376e+02      
1.0614901e+02 1.6835971e+02      
1.0541128e+02 1.6588017e+02      
1.0494031e+02 1.6404643e+02      
1.0500340e+02 1.6283707e+02      
1.0560322e+02 1.6214017e+02      
1.0601855e+02 1.6173221e+02      
1.0611568e+02 1.6158301e+02      
1.0607491e+02 1.6169556e+02      
1.0669883e+02 1.6224428e+02      
1.0806598e+02 1.6328142e+02      
1.0967655e+02 1.6474413e+02      
1.1059047e+02 1.6649268e+02      
1.1121857e+02 1.6854260e+02      
1.1199707e+02 1.7082175e+02      
1.2149666e+02 1.6653882e+02      
1.2334219e+02 1.6277730e+02      
1.2614999e+02 1.5912695e+02      
1.2999466e+02 1.5578640e+02      
1.3443063e+02 1.5283652e+02      
1.3591308e+02 1.4940911e+02      
1.3453216e+02 1.4587370e+02      
1.3275124e+02 1.4303749e+02      
1.3125786e+02 1.4091169e+02      
1.3034801e+02 1.3940915e+02      
1.3007983e+02 1.3842564e+02      
1.3023732e+02 1.3786194e+02      
1.3003505e+02 1.3766569e+02      
1.3026002e+02 1.3788093e+02      
1.3126102e+02 1.3854417e+02      
1.3329518e+02 1.3966740e+02      
1.3605830e+02 1.4125791e+02      
1.3615053e+02 1.4294923e+02      
1.3563395e+02 1.4508113e+02      
1.3527584e+02 1.4751538e+02      
1.4281272e+02 1.4316949e+02      
1.4525128e+02 1.3905376e+02      
1.4879615e+02 1.3496181e+02      
1.5349077e+02 1.3106434e+02      
1.5883686e+02 1.2746521e+02      
1.6120279e+02 1.2379014e+02      
1.6052691e+02 1.2026049e+02      
1.5760641e+02 1.1721692e+02      
1.5489401e+02 1.1492870e+02      
1.5293636e+02 1.1325789e+02      
1.5183965e+02 1.1207820e+02      
1.5139987e+02 1.1135215e+02      
1.5126197e+02 1.1112484e+02      
1.5158716e+02 1.1143021e+02      
1.5272666e+02 1.1220924e+02      
1.5514482e+02 1.1334435e+02      
1.5863854e+02 1.1479111e+02      
1.5944202e+02 1.1665395e+02      
1.5764275e+02 1.1902640e+02      
1.5588984e+02 1.2178203e+02      
1.6083279e+02 1.1764662e+02      
1.6375606e+02 1.1311847e+02      
1.6795654e+02 1.0847828e+02      
1.7333337e+02 1.0387610e+02      
1.7892704e+02 9.9510055e+01      
1.8159483e+02 9.5453491e+01      
1.8145831e+02 9.1824520e+01      
1.7908909e+02 8.8794955e+01      
1.7522395e+02 8.6527906e+01      
1.7221273e+02 8.4842748e+01      
1.7046993e+02 8.3527446e+01      
1.6982796e+02 8.2573516e+01      
1.6963201e+02 8.2279269e+01      
1.6973985e+02 8.2731162e+01      
1.7050465e+02 8.3763336e+01      
1.7277763e+02 8.4948116e+01      
1.7644157e+02 8.6180247e+01      
1.7771485e+02 8.8117031e+01      
1.7640295e+02 9.0785055e+01      
1.7324895e+02 9.4064316e+01      
1.7516638e+02 9.0471048e+01      
1.7838665e+02 8.5515041e+01      
1.8310983e+02 8.0275085e+01      
1.8935634e+02 7.4854538e+01      
1.9407046e+02 6.9873489e+01      
1.9636506e+02 6.5486386e+01      
1.9634448e+02 6.1731906e+01      
1.9448273e+02 5.8642965e+01      
1.9127470e+02 5.6303011e+01      
1.8739255e+02 5.4759784e+01      
1.8514812e+02 5.3395952e+01      
1.8485147e+02 5.2001034e+01      
1.8460553e+02 5.1618862e+01      
1.8426484e+02 5.2305834e+01      
1.8395735e+02 5.3921986e+01      
1.8561732e+02 5.5294901e+01      
1.8887549e+02 5.6437955e+01      
1.9012489e+02 5.8497181e+01      
1.8918417e+02 6.1406259e+01      
1.8645143e+02 6.4992691e+01      
1.8552533e+02 6.2179474e+01      
1.8874887e+02 5.6838113e+01      
1.9341073e+02 5.1081062e+01      
1.9935770e+02 4.4996689e+01      
2.0330820e+02 3.9602343e+01      
2.0494045e+02 3.5042913e+01      
2.0454464e+02 3.1298394e+01      
2.0289952e+02 2.8144334e+01      
2.0039937e+02 2.5627053e+01      
1.9739034e+02 2.3846524e+01      
1.9459212e+02 2.2686574e+01      
1.9394988e+02 2.1292814e+01      
1.9346596e+02 2.0984678e+01      
1.9288095e+02 2.1814129e+01      
1.9230416e+02 2.3629645e+01      
1.9339895e+02 2.5155241e+01      
1.9554338e+02 2.6645560e+01      
1.9619948e+02 2.9077009e+01      
1.9533419e+02 3.2233276e+01      
1.9304485e+02 3.5995565e+01      
1.9177145e+02 3.3316879e+01      
1.9473318e+02 2.7663404e+01      
1.9881661e+02 2.1562497e+01      
2.0348467e+02 1.5292685e+01      
2.0636797e+02 9.7856453e+00      
2.0725752e+02 5.1588816e+00      
2.0601525e+02 1.6366730e+00      
2.0446483e+02 -1.6408245e+00      
2.0254295e+02 -4.4113542e+00      
2.0035829e+02 -6.4863096e+00      
1.9835822e+02 -7.8938042e+00      
1.9713218e+02 -8.7738172e+00      
1.9630448e+02 -8.8060529e+00      
1.9568511e+02 -7.9321492e+00      
1.9555480e+02 -6.4771270e+00      
1.9647412e+02 -5.0149164e+00      
1.9638719e+02 -2.2149491e+00      
1.9611358e+02 8.3127767e-01      
1.9519474e+02 4.2170379e+00      
1.9354213e+02 7.9215576e+00      
1.9389988e+02 4.4232533e+00      
1.9639298e+02 -1.4235001e+00      
1.9985203e+02 -7.8169163e+00      
2.0202472e+02 -1.3371336e+01      
2.0368885e+02 -1.8771453e+01      
2.0428428e+02 -2.3678348e+01      
2.0373761e+02 -2.7928146e+01      
2.0262856e+02 -3.1682156e+01      
2.0117416e+02 -3.4832493e+01      
1.9950191e+02 -3.7187187e+01      
1.9787640e+02 -3.8692305e+01      
1.9652404e+02 -3.9333890e+01      
1.9546207e+02 -3.9068162e+01      
1.9468018e+02 -3.7953414e+01      
1.9426542e+02 -3.6191562e+01      
1.9412662e+02 -3.3897634e+01      
1.9368980e+02 -3.0875629e+01      
1.9303792e+02 -2.7476004e+01      
1.9211515e+02 -2.3871395e+01      
1.9091847e+02 -2.0162122e+01      
1.9204608e+02 -2.4013171e+01      
1.9372197e+02 -2.9780887e+01      
1.9570583e+02 -3.5797172e+01      
1.9725424e+02 -4.1609706e+01      
1.9834347e+02 -4.7239909e+01      
1.9882813e+02 -5.2567849e+01      
1.9864209e+02 -5.7443575e+01      
1.9794353e+02 -6.1817158e+01      
1.9688287e+02 -6.5537671e+01      
1.9544731e+02 -6.8152648e+01      
1.9394008e+02 -6.9723977e+01      
1.9252817e+02 -7.0203430e+01      
1.9127627e+02 -6.9587400e+01      
1.9023758e+02 -6.8030663e+01      
1.8942297e+02 -6.5713115e+01      
1.8873758e+02 -6.2764998e+01      
1.8802245e+02 -5.9311225e+01      
1.8721727e+02 -5.5559770e+01      
1.8631654e+02 -5.1701055e+01      
1.8536221e+02 -4.7873889e+01      
1.8652344e+02 -5.1610603e+01      
1.8749151e+02 -5.7300813e+01      
1.8864166e+02 -6.3247250e+01      
1.8970132e+02 -6.9277759e+01      
1.9050652e+02 -7.5273489e+01      
1.9094948e+02 -8.1101058e+01      
1.9092609e+02 -8.6556721e+01      
1.9041068e+02 -9.1484934e+01      
1.8974446e+02 -9.6114257e+01      
1.8830690e+02 -9.8987002e+01      
1.8683632e+02 -1.0076814e+02      
1.8533497e+02 -1.0109434e+02      
1.8384969e+02 -9.9943198e+01      
1.8254924e+02 -9.7783707e+01      
1.8143679e+02 -9.4816782e+01      
1.8043426e+02 -9.1176372e+01      
1.7947560e+02 -8.7095321e+01      
1.7854339e+02 -8.2863375e+01      
1.7764577e+02 -7.8683295e+01      
1.7681499e+02 -7.4667291e+01      
1.7764352e+02 -7.7987562e+01      
1.7809575e+02 -8.3647417e+01      
1.7872746e+02 -8.9637467e+01      
1.7940682e+02 -9.5877445e+01      
1.8002802e+02 -1.0227844e+02      
1.8049636e+02 -1.0868687e+02      
1.8064460e+02 -1.1478532e+02      
1.7986860e+02 -1.1976224e+02      
1.7894337e+02 -1.2447582e+02      
1.7799242e+02 -1.2886593e+02      
1.7665093e+02 -1.3127284e+02      
1.7507098e+02 -1.3155726e+02      
1.7327838e+02 -1.2960445e+02      
1.7178359e+02 -1.2680636e+02      
1.7047740e+02 -1.2311375e+02      
1.6925013e+02 -1.1860639e+02      
1.6806970e+02 -1.1363000e+02      
1.6701927e+02 -1.0879120e+02      
1.6611016e+02 -1.0425671e+02      
1.6534367e+02 -1.0003174e+02      
1.6565393e+02 -1.0272651e+02      
1.6570505e+02 -1.0834274e+02      
1.6594980e+02 -1.1436324e+02      
1.6634137e+02 -1.2079441e+02      
1.6684050e+02 -1.2761880e+02      
1.6733234e+02 -1.3460944e+02      
1.6720962e+02 -1.4080423e+02      
1.6639216e+02 -1.4604776e+02      
1.6511616e+02 -1.5065742e+02      
1.6401303e+02 -1.5553493e+02      
1.6264602e+02 -1.5840974e+02      
1.6110044e+02 -1.5899864e+02      
1.5950015e+02 -1.5744472e+02      
1.5801695e+02 -1.5429928e+02      
1.5663598e+02 -1.4983529e+02      
1.5526388e+02 -1.4427949e+02      
1.5384705e+02 -1.3808188e+02      
1.5272031e+02 -1.3269146e+02      
1.5181442e+02 -1.2787970e+02      
1.5109226e+02 -1.2348905e+02      
1.5079555e+02 -1.2541928e+02      
1.5050602e+02 -1.3092916e+02      
1.5041093e+02 -1.3687894e+02      
1.5052146e+02 -1.4335535e+02      
1.5087617e+02 -1.5049818e+02      
1.5097978e+02 -1.5740538e+02      
1.5057978e+02 -1.6354740e+02      
1.4962964e+02 -1.6879019e+02      
1.4827118e+02 -1.7345661e+02      
1.4677109e+02 -1.7807642e+02      
1.4525712e+02 -1.8128329e+02      
1.4373615e+02 -1.8219334e+02      
1.4226630e+02 -1.8073305e+02      
1.4087927e+02 -1.7720237e+02      
1.3953131e+02 -1.7194947e+02      
1.3813881e+02 -1.6546004e+02      
1.3687108e+02 -1.5940384e+02      
1.3580589e+02 -1.5397430e+02      
1.3494365e+02 -1.4907873e+02      
1.3426928e+02 -1.4461673e+02      
1.3333848e+02 -1.4570379e+02      
1.3274037e+02 -1.5101941e+02      
1.3230976e+02 -1.5674254e+02      
1.3203792e+02 -1.6290341e+02      
1.3188883e+02 -1.6951160e+02      
1.3170719e+02 -1.7636602e+02      
1.3106761e+02 -1.8235974e+02      
1.2992236e+02 -1.8725387e+02      
1.2835322e+02 -1.9131631e+02      
1.2672455e+02 -1.9560307e+02      
1.2510761e+02 -1.9956944e+02      
1.2359917e+02 -2.0071257e+02      
1.2224622e+02 -1.9904481e+02      
1.2101257e+02 -1.9496873e+02      
1.1980420e+02 -1.8904720e+02      
1.1860686e+02 -1.8311028e+02      
1.1750299e+02 -1.7750473e+02      
1.1654638e+02 -1.7230589e+02      
1.1575715e+02 -1.6750212e+02      
1.1514044e+02 -1.6307069e+02      
1.1359331e+02 -1.6328263e+02      
1.1271281e+02 -1.6832397e+02      
1.1196147e+02 -1.7369958e+02      
1.1131268e+02 -1.7938021e+02      
1.1071616e+02 -1.8530850e+02      
1.1007316e+02 -1.9133737e+02      
1.0921819e+02 -1.9709047e+02      
1.0788832e+02 -2.0142281e+02      
1.0632142e+02 -2.0547193e+02      
1.0462007e+02 -2.0962337e+02      
1.0286112e+02 -2.1360125e+02      
1.0138646e+02 -2.1454888e+02      
1.0020614e+02 -2.1240699e+02      
9.9194108e+01 -2.0779963e+02      
9.8139274e+01 -2.0266718e+02      
9.7095686e+01 -1.9746810e+02      
9.6127000e+01 -1.9238901e+02      
9.5277074e+01 -1.8752095e+02      
9.4570430e+01 -1.8291213e+02      
9.4018655e+01 -1.7858894e+02      
9.1907482e+01 -1.7792390e+02      
9.0775200e+01 -1.8263703e+02      
8.9739050e+01 -1.8760508e+02      
8.8770180e+01 -1.9276631e+02      
8.7821697e+01 -1.9802741e+02      
8.6823219e+01 -2.0323799e+02      
8.5678294e+01 -2.0812401e+02      
8.4295953e+01 -2.1235948e+02      
8.2721127e+01 -2.1623540e+02      
8.0977006e+01 -2.2003343e+02      
7.9131570e+01 -2.2350036e+02      
7.7775560e+01 -2.2382569e+02      
7.6834122e+01 -2.2111208e+02      
7.5879741e+01 -2.1734899e+02      
7.4910461e+01 -2.1308102e+02      
7.3972818e+01 -2.0857973e+02      
7.3111116e+01 -2.0401689e+02      
7.2358087e+01 -1.9951261e+02      
7.1734728e+01 -1.9514821e+02      
7.1252323e+01 -1.9098079e+02      
6.8655962e+01 -1.8945292e+02      
6.7306296e+01 -1.9380948e+02      
6.6029342e+01 -1.9835015e+02      
6.4801272e+01 -2.0299913e+02      
6.3586556e+01 -2.0765556e+02      
6.2338248e+01 -2.1218398e+02      
6.1004462e+01 -2.1641797e+02      
5.9549666e+01 -2.2023813e+02      
5.7971094e+01 -2.2366774e+02      
5.6260578e+01 -2.2679984e+02      
5.4475483e+01 -2.2935921e+02      
5.3346691e+01 -2.2887115e+02      
5.2350465e+01 -2.2684559e+02      
5.1389118e+01 -2.2389578e+02      
5.0465496e+01 -2.2035410e+02      
4.9604012e+01 -2.1644977e+02      
4.8830218e+01 -2.1235798e+02      
4.8165435e+01 -2.0821003e+02      
4.7624424e+01 -2.0410405e+02      
4.7215149e+01 -2.0011484e+02      
