1.7587869e+01 2.4681455e+02      
1.5883458e+01 2.4472795e+02      
1.4704365e+01 2.4262581e+02      
1.4028617e+01 2.4056243e+02      
1.3824857e+01 2.3858854e+02      
1.4056969e+01 2.3674816e+02      
1.4690693e+01 2.3507524e+02      
1.5701014e+01 2.3359068e+02      
1.7082736e+01 2.3230284e+02      
1.8868292e+01 2.3121483e+02      
2.1129675e+01 2.3033004e+02      
2.3944367e+01 2.2964758e+02      
2.7359576e+01 2.2916685e+02      
3.1344503e+01 2.2890800e+02      
3.5674158e+01 2.2892781e+02      
3.9686230e+01 2.2929314e+02      
4.1368430e+01 2.2988615e+02      
4.2734677e+01 2.3077202e+02      
4.4462554e+01 2.3180603e+02      
4.6796651e+01 2.3285616e+02      
4.5426270e+01 2.3695042e+02      
4.3898312e+01 2.3475119e+02      
4.2914276e+01 2.3251753e+02      
4.2444041e+01 2.3031167e+02      
4.2442284e+01 2.2819283e+02      
4.2854846e+01 2.2621298e+02      
4.3629254e+01 2.2441155e+02      
4.4722777e+01 2.2280829e+02      
4.6106122e+01 2.2139682e+02      
4.7818895e+01 2.2016534e+02      
5.0023893e+01 2.1912467e+02      
5.2885862e+01 2.1826520e+02      
5.6554874e+01 2.1755380e+02      
6.1117986e+01 2.1700070e+02      
6.6221601e+01 2.1671442e+02      
6.9835952e+01 2.1684397e+02      
7.1524578e+01 2.1739073e+02      
7.1707614e+01 2.1832940e+02      
7.2439990e+01 2.1940025e+02      
7.4106751e+01 2.2040810e+02      
7.1988926e+01 2.2344088e+02      
7.0674535e+01 2.2110153e+02      
6.9931353e+01 2.1870904e+02      
6.9720305e+01 2.1633577e+02      
6.9976545e+01 2.1405273e+02      
7.0617025e+01 2.1192421e+02      
7.1562040e+01 2.1000138e+02      
7.2755471e+01 2.0831270e+02      
7.4108533e+01 2.0682469e+02      
7.5514427e+01 2.0544192e+02      
7.7467998e+01 2.0427198e+02      
8.0199769e+01 2.0329500e+02      
8.3853309e+01 2.0237457e+02      
8.8825010e+01 2.0148197e+02      
9.3428629e+01 2.0091785e+02      
9.6678641e+01 2.0087259e+02      
9.8244907e+01 2.0140173e+02      
9.8434422e+01 2.0240772e+02      
9.8228779e+01 2.0362693e+02      
9.9383044e+01 2.0462319e+02      
9.6827761e+01 2.0652619e+02      
9.5760611e+01 2.0401361e+02      
9.5308840e+01 2.0142728e+02      
9.5425967e+01 1.9885228e+02      
9.6022805e+01 1.9637600e+02      
9.6965373e+01 1.9407998e+02      
9.8120887e+01 1.9203501e+02      
9.9411754e+01 1.9028946e+02      
1.0072287e+02 1.8881786e+02      
1.0134513e+02 1.8721219e+02      
1.0288335e+02 1.8597194e+02      
1.0535598e+02 1.8502222e+02      
1.0831162e+02 1.8397974e+02      
1.1217356e+02 1.8304063e+02      
1.1655603e+02 1.8220534e+02      
1.1956187e+02 1.8201426e+02      
1.2080557e+02 1.8260941e+02      
1.2063532e+02 1.8379604e+02      
1.2093509e+02 1.8489796e+02      
1.2211954e+02 1.8581126e+02      
1.1951144e+02 1.8650326e+02      
1.1871393e+02 1.8377851e+02      
1.1860650e+02 1.8095372e+02      
1.1913893e+02 1.7812900e+02      
1.2020100e+02 1.7541591e+02      
1.2159909e+02 1.7291936e+02      
1.2294618e+02 1.7072099e+02      
1.2418436e+02 1.6889047e+02      
1.2415169e+02 1.6712396e+02      
1.2448578e+02 1.6560205e+02      
1.2569619e+02 1.6440784e+02      
1.2774767e+02 1.6349723e+02      
1.2997336e+02 1.6254313e+02      
1.3269261e+02 1.6173222e+02      
1.3576601e+02 1.6110320e+02      
1.3856437e+02 1.6078543e+02      
1.3939748e+02 1.6153600e+02      
1.3991227e+02 1.6250535e+02      
1.4072944e+02 1.6345214e+02      
1.4209411e+02 1.6427700e+02      
1.3963040e+02 1.6372347e+02      
1.3909335e+02 1.6074311e+02      
1.3937643e+02 1.5762470e+02      
1.4045257e+02 1.5448137e+02      
1.4204164e+02 1.5145942e+02      
1.4412599e+02 1.4871199e+02      
1.4540011e+02 1.4627197e+02      
1.4569468e+02 1.4420984e+02      
1.4479389e+02 1.4244592e+02      
1.4468791e+02 1.4101724e+02      
1.4557200e+02 1.3990948e+02      
1.4719131e+02 1.3907685e+02      
1.4891108e+02 1.3833116e+02      
1.5065159e+02 1.3770884e+02      
1.5260010e+02 1.3735674e+02      
1.5440810e+02 1.3737239e+02      
1.5560068e+02 1.3790597e+02      
1.5658765e+02 1.3869871e+02      
1.5772926e+02 1.3954899e+02      
1.5921189e+02 1.4033648e+02      
1.5681335e+02 1.3858995e+02      
1.5645594e+02 1.3530970e+02      
1.5704142e+02 1.3183891e+02      
1.5878860e+02 1.2829211e+02      
1.6061164e+02 1.2485197e+02      
1.6245049e+02 1.2168095e+02      
1.6351496e+02 1.1895838e+02      
1.6335272e+02 1.1679351e+02      
1.6201713e+02 1.1517964e+02      
1.6159583e+02 1.1388380e+02      
1.6225859e+02 1.1288429e+02      
1.6334963e+02 1.1212427e+02      
1.6460537e+02 1.1156985e+02      
1.6587809e+02 1.1122524e+02      
1.6705225e+02 1.1112913e+02      
1.6828358e+02 1.1135560e+02      
1.6945914e+02 1.1189368e+02      
1.7061588e+02 1.1265196e+02      
1.7188167e+02 1.1350783e+02      
1.7337535e+02 1.1434173e+02      
1.7076621e+02 1.1155360e+02      
1.7044972e+02 1.0793179e+02      
1.7094848e+02 1.0405513e+02      
1.7222035e+02 1.0006502e+02      
1.7392468e+02 9.6160774e+01      
1.7598221e+02 9.2511274e+01      
1.7708513e+02 8.9486106e+01      
1.7685191e+02 8.7256230e+01      
1.7541591e+02 8.5822087e+01      
1.7481644e+02 8.4649320e+01      
1.7514190e+02 8.3719742e+01      
1.7582344e+02 8.3067321e+01      
1.7672161e+02 8.2709633e+01      
1.7771534e+02 8.2637812e+01      
1.7869253e+02 8.2823413e+01      
1.7959316e+02 8.3248632e+01      
1.8067228e+02 8.3892879e+01      
1.8183732e+02 8.4729953e+01      
1.8308651e+02 8.5695766e+01      
1.8448200e+02 8.6682304e+01      
1.8130033e+02 8.3108795e+01      
1.8093368e+02 7.9110307e+01      
1.8126343e+02 7.4756399e+01      
1.8224529e+02 7.0180442e+01      
1.8363609e+02 6.5710640e+01      
1.8499797e+02 6.1861009e+01      
1.8620799e+02 5.8565312e+01      
1.8612627e+02 5.6250765e+01      
1.8482903e+02 5.4954408e+01      
1.8423943e+02 5.3838637e+01      
1.8409923e+02 5.2949632e+01      
1.8445681e+02 5.2393038e+01      
1.8510730e+02 5.2251522e+01      
1.8592779e+02 5.2492553e+01      
1.8685602e+02 5.2987501e+01      
1.8786797e+02 5.3607161e+01      
1.8897341e+02 5.4367641e+01      
1.9011172e+02 5.5333981e+01      
1.9125684e+02 5.6503037e+01      
1.9244778e+02 5.7775051e+01      
1.8831057e+02 5.3788253e+01      
1.8785362e+02 4.9401339e+01      
1.8803665e+02 4.4520078e+01      
1.8890156e+02 3.9187630e+01      
1.9030269e+02 3.3711550e+01      
1.9080284e+02 2.9852467e+01      
1.9117705e+02 2.6808045e+01      
1.9127018e+02 2.4422655e+01      
1.9022780e+02 2.3207333e+01      
1.8962928e+02 2.2076733e+01      
1.8953484e+02 2.0997070e+01      
1.8978798e+02 2.0457580e+01      
1.9029123e+02 2.0571897e+01      
1.9098372e+02 2.1257946e+01      
1.9188160e+02 2.2234588e+01      
1.9305593e+02 2.2981176e+01      
1.9427008e+02 2.3764036e+01      
1.9538829e+02 2.4844600e+01      
1.9637170e+02 2.6297300e+01      
1.9723897e+02 2.8036885e+01      
1.9174897e+02 2.4150489e+01      
1.9116668e+02 1.9406931e+01      
1.9116968e+02 1.4027586e+01      
1.9182612e+02 7.9849262e+00      
1.9300508e+02 1.5807798e+00      
1.9338202e+02 -3.0532326e+00      
1.9302986e+02 -5.7841125e+00      
1.9260077e+02 -7.7305612e+00      
1.9188501e+02 -8.8261615e+00      
1.9142933e+02 -9.9250533e+00      
1.9151553e+02 -1.1518111e+01      
1.9175328e+02 -1.2013423e+01      
1.9216342e+02 -1.1563756e+01      
1.9273423e+02 -1.0292577e+01      
1.9348643e+02 -8.3590578e+00      
1.9496344e+02 -7.7423602e+00      
1.9635141e+02 -7.1596045e+00      
1.9746667e+02 -6.0582689e+00      
1.9825152e+02 -4.2578722e+00      
1.9870298e+02 -1.8593627e+00      
1.9162492e+02 -5.2425321e+00      
1.9087934e+02 -1.0262797e+01      
1.9064119e+02 -1.6032556e+01      
1.9096505e+02 -2.2625983e+01      
1.9174232e+02 -2.9756910e+01      
1.9194535e+02 -3.5104353e+01      
1.9160936e+02 -3.8499563e+01      
1.9099125e+02 -4.0315832e+01      
1.9011704e+02 -4.0603646e+01      
1.8959598e+02 -4.0977723e+01      
1.8953936e+02 -4.1966459e+01      
1.8967917e+02 -4.1924018e+01      
1.8999818e+02 -4.1026212e+01      
1.9049071e+02 -3.9395302e+01      
1.9117910e+02 -3.7103721e+01      
1.9236585e+02 -3.6023202e+01      
1.9387769e+02 -3.5841677e+01      
1.9498072e+02 -3.4866582e+01      
1.9554852e+02 -3.2687574e+01      
1.9562946e+02 -2.9619854e+01      
1.8801161e+02 -3.3850262e+01      
1.8707319e+02 -3.9028046e+01      
1.8654582e+02 -4.5026511e+01      
1.8645688e+02 -5.1950969e+01      
1.8671671e+02 -5.9523863e+01      
1.8662863e+02 -6.5289814e+01      
1.8621157e+02 -6.9026651e+01      
1.8559379e+02 -7.0950258e+01      
1.8487638e+02 -7.1264705e+01      
1.8423163e+02 -7.0407796e+01      
1.8396911e+02 -6.9725073e+01      
1.8396448e+02 -6.8602312e+01      
1.8417990e+02 -6.7156756e+01      
1.8460181e+02 -6.5462510e+01      
1.8524549e+02 -6.3704732e+01      
1.8617036e+02 -6.2474631e+01      
1.8730325e+02 -6.1839563e+01      
1.8836719e+02 -6.1185568e+01      
1.8873998e+02 -5.8572407e+01      
1.8899775e+02 -5.5899905e+01      
1.8104526e+02 -6.1174602e+01      
1.7990278e+02 -6.6364880e+01      
1.7906825e+02 -7.2395375e+01      
1.7853698e+02 -7.9388706e+01      
1.7823466e+02 -8.7073859e+01      
1.7779129e+02 -9.2906189e+01      
1.7722038e+02 -9.6648747e+01      
1.7659594e+02 -9.8531065e+01      
1.7598776e+02 -9.8783080e+01      
1.7548855e+02 -9.7775223e+01      
1.7518850e+02 -9.6223575e+01      
1.7506547e+02 -9.3938380e+01      
1.7519485e+02 -9.2020056e+01      
1.7553793e+02 -9.0246855e+01      
1.7607349e+02 -8.8604997e+01      
1.7678551e+02 -8.7252259e+01      
1.7762464e+02 -8.6289222e+01      
1.7845663e+02 -8.5497035e+01      
1.7884805e+02 -8.3001295e+01      
1.7920373e+02 -8.0693918e+01      
1.7091754e+02 -8.6775824e+01      
1.6958222e+02 -9.1823216e+01      
1.6845840e+02 -9.7671719e+01      
1.6751008e+02 -1.0444485e+02      
1.6667458e+02 -1.1188093e+02      
1.6589162e+02 -1.1742620e+02      
1.6516498e+02 -1.2086131e+02      
1.6451765e+02 -1.2241371e+02      
1.6394817e+02 -1.2245901e+02      
1.6352812e+02 -1.2096405e+02      
1.6324666e+02 -1.1928437e+02      
1.6314114e+02 -1.1732009e+02      
1.6323653e+02 -1.1536185e+02      
1.6351211e+02 -1.1350872e+02      
1.6393682e+02 -1.1179310e+02      
1.6447801e+02 -1.1026429e+02      
1.6508588e+02 -1.0891565e+02      
1.6566526e+02 -1.0751249e+02      
1.6610699e+02 -1.0564646e+02      
1.6649890e+02 -1.0377073e+02      
1.5786485e+02 -1.1028343e+02      
1.5636866e+02 -1.1504082e+02      
1.5500784e+02 -1.2049730e+02      
1.5372379e+02 -1.2674899e+02      
1.5246624e+02 -1.3352828e+02      
1.5144692e+02 -1.3838213e+02      
1.5058773e+02 -1.4134425e+02      
1.4992235e+02 -1.4233414e+02      
1.4929540e+02 -1.4254340e+02      
1.4881097e+02 -1.4181111e+02      
1.4851686e+02 -1.4047470e+02      
1.4842671e+02 -1.3873119e+02      
1.4852115e+02 -1.3678483e+02      
1.4875550e+02 -1.3484549e+02      
1.4909200e+02 -1.3301990e+02      
1.4950114e+02 -1.3133189e+02      
1.4994639e+02 -1.2974473e+02      
1.5038038e+02 -1.2815705e+02      
1.5077100e+02 -1.2650471e+02      
1.5113269e+02 -1.2490203e+02      
1.4215725e+02 -1.3140045e+02      
1.4054515e+02 -1.3575194e+02      
1.3902309e+02 -1.4064424e+02      
1.3753529e+02 -1.4609107e+02      
1.3604723e+02 -1.5179861e+02      
1.3497596e+02 -1.5550432e+02      
1.3394179e+02 -1.5833771e+02      
1.3297254e+02 -1.6019385e+02      
1.3214881e+02 -1.6105381e+02      
1.3155308e+02 -1.6091331e+02      
1.3123185e+02 -1.5988355e+02      
1.3117783e+02 -1.5815377e+02      
1.3132405e+02 -1.5601709e+02      
1.3154931e+02 -1.5392693e+02      
1.3181872e+02 -1.5199999e+02      
1.3212476e+02 -1.5021185e+02      
1.3245110e+02 -1.4852297e+02      
1.3277595e+02 -1.4689293e+02      
1.3308411e+02 -1.4531463e+02      
1.3337534e+02 -1.4384155e+02      
1.2408997e+02 -1.4989794e+02      
1.2240744e+02 -1.5378140e+02      
1.2079712e+02 -1.5802984e+02      
1.1924313e+02 -1.6251934e+02      
1.1777079e+02 -1.6686460e+02      
1.1646277e+02 -1.7041802e+02      
1.1519467e+02 -1.7341969e+02      
1.1387174e+02 -1.7615638e+02      
1.1277302e+02 -1.7772868e+02      
1.1202949e+02 -1.7803748e+02      
1.1169357e+02 -1.7714735e+02      
1.1172819e+02 -1.7523353e+02      
1.1200406e+02 -1.7262738e+02      
1.1222193e+02 -1.7040619e+02      
1.1242520e+02 -1.6843979e+02      
1.1264041e+02 -1.6661938e+02      
1.1286672e+02 -1.6490230e+02      
1.1309442e+02 -1.6327014e+02      
1.1331386e+02 -1.6172990e+02      
1.1351976e+02 -1.6031730e+02      
1.0397997e+02 -1.6559873e+02      
1.0226290e+02 -1.6901041e+02      
1.0060941e+02 -1.7265210e+02      
9.9022623e+01 -1.7637408e+02      
9.7515230e+01 -1.7994115e+02      
9.6091850e+01 -1.8313588e+02      
9.4711425e+01 -1.8595104e+02      
9.3322869e+01 -1.8846180e+02      
9.1944394e+01 -1.9055452e+02      
9.1032408e+01 -1.9121195e+02      
9.0705610e+01 -1.9034353e+02      
9.0850634e+01 -1.8822214e+02      
9.1002325e+01 -1.8602017e+02      
9.1125205e+01 -1.8397435e+02      
9.1240690e+01 -1.8208124e+02      
9.1364768e+01 -1.8029572e+02      
9.1498659e+01 -1.7859693e+02      
9.1636002e+01 -1.7698257e+02      
9.1768184e+01 -1.7546699e+02      
9.1886951e+01 -1.7408008e+02      
8.2166184e+01 -1.7835894e+02      
8.0439806e+01 -1.8133183e+02      
7.8768365e+01 -1.8445082e+02      
7.7160291e+01 -1.8759063e+02      
7.5623353e+01 -1.9060238e+02      
7.4158532e+01 -1.9335778e+02      
7.2754939e+01 -1.9579179e+02      
7.1400560e+01 -1.9787360e+02      
7.0113268e+01 -1.9951400e+02      
6.9026418e+01 -2.0040329e+02      
6.8734911e+01 -1.9950436e+02      
6.8641364e+01 -1.9798165e+02      
6.8604426e+01 -1.9625384e+02      
6.8593360e+01 -1.9448831e+02      
6.8604176e+01 -1.9274427e+02      
6.8635282e+01 -1.9104110e+02      
6.8681867e+01 -1.8938963e+02      
6.8735721e+01 -1.8780426e+02      
6.8786754e+01 -1.8630653e+02      
6.8824079e+01 -1.8492548e+02      
