4.2097859e+01 2.3076392e+02      
4.2549528e+01 2.3007645e+02      
4.3070099e+01 2.2948434e+02      
4.3184912e+01 2.2894944e+02      
4.2341938e+01 2.2837067e+02      
4.1071992e+01 2.2790635e+02      
3.9835612e+01 2.2765009e+02      
3.8884400e+01 2.2763051e+02      
3.8367207e+01 2.2786284e+02      
3.8368689e+01 2.2835728e+02      
3.8931019e+01 2.2911723e+02      
4.0052228e+01 2.3013185e+02      
4.1650383e+01 2.3135719e+02      
4.3495625e+01 2.3268217e+02      
4.5256211e+01 2.3394478e+02      
4.6724749e+01 2.3503102e+02      
4.7904681e+01 2.3590733e+02      
4.9012435e+01 2.3662115e+02      
5.0392136e+01 2.3726961e+02      
5.2285737e+01 2.3790169e+02      
7.2157177e+01 2.2219170e+02      
7.3376100e+01 2.2154604e+02      
7.4833521e+01 2.2102323e+02      
7.5788775e+01 2.2060272e+02      
7.4216603e+01 2.1977925e+02      
7.2107342e+01 2.1912352e+02      
7.0169208e+01 2.1871617e+02      
6.8695426e+01 2.1855927e+02      
6.7812559e+01 2.1866013e+02      
6.7589232e+01 2.1903585e+02      
6.8075446e+01 2.1970504e+02      
6.9311739e+01 2.2068424e+02      
7.1293507e+01 2.2197479e+02      
7.3708792e+01 2.2344383e+02      
7.5703750e+01 2.2470085e+02      
7.6939851e+01 2.2558958e+02      
7.7414290e+01 2.2607523e+02      
7.7465779e+01 2.2624511e+02      
7.7962504e+01 2.2642234e+02      
7.9221192e+01 2.2667565e+02      
1.0051799e+02 2.1004785e+02      
1.0270158e+02 2.0938355e+02      
1.0532071e+02 2.0884517e+02      
1.0619514e+02 2.0820698e+02      
1.0486190e+02 2.0742489e+02      
1.0173483e+02 2.0662172e+02      
9.8912300e+01 2.0608165e+02      
9.6823412e+01 2.0578095e+02      
9.5526907e+01 2.0573015e+02      
9.5033928e+01 2.0596238e+02      
9.5392548e+01 2.0651284e+02      
9.6704840e+01 2.0743033e+02      
9.9179853e+01 2.0881381e+02      
1.0280675e+02 2.1069864e+02      
1.0517303e+02 2.1200299e+02      
1.0615707e+02 2.1271512e+02      
1.0574812e+02 2.1279874e+02      
1.0404945e+02 2.1219434e+02      
1.0351239e+02 2.1191345e+02      
1.0413971e+02 2.1185487e+02      
1.2627473e+02 1.9454955e+02      
1.2936218e+02 1.9375539e+02      
1.3191378e+02 1.9291377e+02      
1.3281633e+02 1.9206636e+02      
1.3168962e+02 1.9126661e+02      
1.2885270e+02 1.9056186e+02      
1.2526929e+02 1.8996871e+02      
1.2263811e+02 1.8950520e+02      
1.2093692e+02 1.8926864e+02      
1.2013679e+02 1.8932077e+02      
1.2026694e+02 1.8969954e+02      
1.2145028e+02 1.9045924e+02      
1.2397726e+02 1.9170156e+02      
1.2784475e+02 1.9341446e+02      
1.3020251e+02 1.9458330e+02      
1.3090562e+02 1.9514450e+02      
1.2994478e+02 1.9505957e+02      
1.2745004e+02 1.9431694e+02      
1.2630445e+02 1.9386028e+02      
1.2649570e+02 1.9363411e+02      
1.4846465e+02 1.7600645e+02      
1.5086238e+02 1.7501467e+02      
1.5371896e+02 1.7386481e+02      
1.5485904e+02 1.7278600e+02      
1.5381573e+02 1.7192680e+02      
1.5100664e+02 1.7127792e+02      
1.4844259e+02 1.7069399e+02      
1.4558296e+02 1.6998776e+02      
1.4355000e+02 1.6952891e+02      
1.4242883e+02 1.6936620e+02      
1.4221641e+02 1.6951747e+02      
1.4299128e+02 1.7001569e+02      
1.4495277e+02 1.7090700e+02      
1.4809483e+02 1.7213422e+02      
1.4991264e+02 1.7301540e+02      
1.5031181e+02 1.7345494e+02      
1.4929419e+02 1.7341154e+02      
1.4695567e+02 1.7290058e+02      
1.4582009e+02 1.7253309e+02      
1.4586872e+02 1.7229805e+02      
1.6727662e+02 1.5480612e+02      
1.6891326e+02 1.5367706e+02      
1.7084389e+02 1.5238422e+02      
1.7233573e+02 1.5101446e+02      
1.7134929e+02 1.5006882e+02      
1.6977938e+02 1.4919033e+02      
1.6797910e+02 1.4837354e+02      
1.6522922e+02 1.4748967e+02      
1.6300736e+02 1.4682140e+02      
1.6157637e+02 1.4642583e+02      
1.6095160e+02 1.4631438e+02      
1.6113518e+02 1.4649775e+02      
1.6208092e+02 1.4696571e+02      
1.6343615e+02 1.4761107e+02      
1.6431141e+02 1.4817759e+02      
1.6438481e+02 1.4852823e+02      
1.6367946e+02 1.4861805e+02      
1.6255171e+02 1.4849865e+02      
1.6189352e+02 1.4835236e+02      
1.6201669e+02 1.4822154e+02      
1.8285215e+02 1.3133476e+02      
1.8389697e+02 1.3008534e+02      
1.8511092e+02 1.2867599e+02      
1.8604781e+02 1.2721181e+02      
1.8612138e+02 1.2587282e+02      
1.8565282e+02 1.2464358e+02      
1.8409550e+02 1.2348014e+02      
1.8148543e+02 1.2239789e+02      
1.7910351e+02 1.2152437e+02      
1.7736574e+02 1.2088978e+02      
1.7633392e+02 1.2050412e+02      
1.7594709e+02 1.2037119e+02      
1.7603850e+02 1.2047544e+02      
1.7628673e+02 1.2075663e+02      
1.7634320e+02 1.2110123e+02      
1.7606287e+02 1.2140271e+02      
1.7550326e+02 1.2160894e+02      
1.7490067e+02 1.2172888e+02      
1.7460121e+02 1.2180255e+02      
1.7483627e+02 1.2183750e+02      
1.9514705e+02 1.0599052e+02      
1.9577883e+02 1.0460567e+02      
1.9660856e+02 1.0302915e+02      
1.9746761e+02 1.0133201e+02      
1.9811033e+02 9.9623860e+01      
1.9778247e+02 9.8008508e+01      
1.9647464e+02 9.6500580e+01      
1.9430803e+02 9.5159211e+01      
1.9165797e+02 9.4073584e+01      
1.8964002e+02 9.3194619e+01      
1.8827228e+02 9.2536030e+01      
1.8747180e+02 9.2100235e+01      
1.8704647e+02 9.1892935e+01      
1.8659677e+02 9.1934995e+01      
1.8595685e+02 9.2165992e+01      
1.8526962e+02 9.2465796e+01      
1.8463083e+02 9.2773621e+01      
1.8415281e+02 9.3074226e+01      
1.8399103e+02 9.3359497e+01      
1.8427472e+02 9.3602735e+01      
2.0405768e+02 7.9203897e+01      
2.0436470e+02 7.7669080e+01      
2.0493263e+02 7.5891065e+01      
2.0579187e+02 7.3895512e+01      
2.0611226e+02 7.1883966e+01      
2.0571874e+02 6.9912037e+01      
2.0460805e+02 6.8032910e+01      
2.0281863e+02 6.6333731e+01      
2.0041267e+02 6.4942162e+01      
1.9828536e+02 6.3802863e+01      
1.9665811e+02 6.2883812e+01      
1.9559050e+02 6.2157744e+01      
1.9500972e+02 6.1630347e+01      
1.9405081e+02 6.1497178e+01      
1.9263962e+02 6.1725545e+01      
1.9151353e+02 6.2067099e+01      
1.9069189e+02 6.2481525e+01      
1.9017516e+02 6.2961231e+01      
1.9001899e+02 6.3479222e+01      
1.9028362e+02 6.3981135e+01      
2.0949261e+02 5.1431796e+01      
2.0948942e+02 4.9744488e+01      
2.0965860e+02 4.7787748e+01      
2.0988483e+02 4.5612474e+01      
2.0983759e+02 4.3319518e+01      
2.0936013e+02 4.0986470e+01      
2.0842270e+02 3.8691417e+01      
2.0708031e+02 3.6525107e+01      
2.0548143e+02 3.4586605e+01      
2.0325790e+02 3.3197423e+01      
2.0138799e+02 3.2042252e+01      
2.0001547e+02 3.1070579e+01      
1.9909606e+02 3.0282018e+01      
1.9772731e+02 3.0008214e+01      
1.9589029e+02 3.0235889e+01      
1.9445030e+02 3.0614697e+01      
1.9344589e+02 3.1134205e+01      
1.9283471e+02 3.1810744e+01      
1.9262192e+02 3.2608503e+01      
1.9282544e+02 3.3440321e+01      
2.1141943e+02 2.3144867e+01      
2.1113027e+02 2.1304596e+01      
2.1093887e+02 1.9164563e+01      
2.1075414e+02 1.6766030e+01      
2.1044597e+02 1.4166568e+01      
2.0991940e+02 1.1434888e+01      
2.0913398e+02 8.6629009e+00      
2.0807565e+02 5.9857398e+00      
2.0662917e+02 3.6296896e+00      
2.0456830e+02 1.8652375e+00      
2.0246240e+02 4.9955652e-01      
2.0066976e+02 -6.2738083e-01      
1.9925201e+02 -1.5675246e+00      
1.9752360e+02 -1.9661728e+00      
1.9549962e+02 -1.8189084e+00      
1.9389810e+02 -1.4685208e+00      
1.9276006e+02 -8.7030431e-01      
1.9205331e+02 2.7537482e-02      
1.9176618e+02 1.1841222e+00      
1.9189327e+02 2.4527480e+00      
2.0986218e+02 -5.1798508e+00      
2.0933167e+02 -7.1706024e+00      
2.0886979e+02 -9.4998874e+00      
2.0842911e+02 -1.2144187e+01      
2.0795908e+02 -1.5074612e+01      
2.0742687e+02 -1.8249696e+01      
2.0681361e+02 -2.1587953e+01      
2.0606064e+02 -2.4914432e+01      
2.0493285e+02 -2.7889830e+01      
2.0255778e+02 -2.9840503e+01      
2.0001416e+02 -3.1288794e+01      
1.9766389e+02 -3.2444769e+01      
1.9554734e+02 -3.3340568e+01      
1.9348266e+02 -3.3864770e+01      
1.9149409e+02 -3.3992975e+01      
1.8983029e+02 -3.3784524e+01      
1.8860255e+02 -3.3175304e+01      
1.8782156e+02 -3.2035765e+01      
1.8746814e+02 -3.0375968e+01      
1.8752458e+02 -2.8495516e+01      
2.0488780e+02 -3.3065421e+01      
2.0415582e+02 -3.5194186e+01      
2.0347992e+02 -3.7699299e+01      
2.0284566e+02 -4.0575858e+01      
2.0225332e+02 -4.3827569e+01      
2.0173674e+02 -4.7469895e+01      
2.0132656e+02 -5.1469476e+01      
2.0089608e+02 -5.5579523e+01      
1.9957677e+02 -5.8968808e+01      
1.9723939e+02 -6.1384107e+01      
1.9415700e+02 -6.2835394e+01      
1.9123962e+02 -6.3970936e+01      
1.8860823e+02 -6.4894559e+01      
1.8621929e+02 -6.5559524e+01      
1.8408766e+02 -6.5927539e+01      
1.8231876e+02 -6.5956340e+01      
1.8101502e+02 -6.5499838e+01      
1.8020047e+02 -6.4191413e+01      
1.7979860e+02 -6.1665082e+01      
1.7980718e+02 -5.8867381e+01      
1.9660588e+02 -6.0045001e+01      
1.9569977e+02 -6.2287160e+01      
1.9483725e+02 -6.4934245e+01      
1.9402308e+02 -6.7995144e+01      
1.9328471e+02 -7.1498663e+01      
1.9271437e+02 -7.5529453e+01      
1.9244353e+02 -8.0195559e+01      
1.9175129e+02 -8.4719295e+01      
1.9026494e+02 -8.8584143e+01      
1.8790276e+02 -9.1515773e+01      
1.8483597e+02 -9.3468897e+01      
1.8146800e+02 -9.4652977e+01      
1.7846911e+02 -9.5694168e+01      
1.7577787e+02 -9.6516663e+01      
1.7340856e+02 -9.7138847e+01      
1.7145393e+02 -9.7546517e+01      
1.7004640e+02 -9.7513459e+01      
1.6928330e+02 -9.6333121e+01      
1.6885895e+02 -9.2023357e+01      
1.6888215e+02 -8.7986412e+01      
1.8517323e+02 -8.5673045e+01      
1.8411062e+02 -8.7993960e+01      
1.8307272e+02 -9.0733892e+01      
1.8206934e+02 -9.3906170e+01      
1.8112381e+02 -9.7540004e+01      
1.8027939e+02 -1.0168776e+02      
1.7954318e+02 -1.0637847e+02      
1.7873392e+02 -1.1145014e+02      
1.7715513e+02 -1.1590415e+02      
1.7472511e+02 -1.1939404e+02      
1.7160131e+02 -1.2189867e+02      
1.6841400e+02 -1.2396485e+02      
1.6523472e+02 -1.2523070e+02      
1.6224994e+02 -1.2614142e+02      
1.5958382e+02 -1.2700343e+02      
1.5734207e+02 -1.2791462e+02      
1.5573113e+02 -1.2840841e+02      
1.5493906e+02 -1.2584724e+02      
1.5479269e+02 -1.2012736e+02      
1.5496689e+02 -1.1504011e+02      
1.7079577e+02 -1.0953524e+02      
1.6959016e+02 -1.1189464e+02      
1.6838476e+02 -1.1467196e+02      
1.6718649e+02 -1.1787812e+02      
1.6600360e+02 -1.2153168e+02      
1.6483787e+02 -1.2565414e+02      
1.6366012e+02 -1.3024995e+02      
1.6236650e+02 -1.3525095e+02      
1.6072790e+02 -1.4036707e+02      
1.5824208e+02 -1.4451499e+02      
1.5547263e+02 -1.4846704e+02      
1.5259036e+02 -1.5188523e+02      
1.4916577e+02 -1.5301379e+02      
1.4583303e+02 -1.5383840e+02      
1.4285508e+02 -1.5466335e+02      
1.4023790e+02 -1.5591863e+02      
1.3850069e+02 -1.5522266e+02      
1.3778067e+02 -1.5159672e+02      
1.3800471e+02 -1.4503454e+02      
1.3838645e+02 -1.3930162e+02      
1.5372638e+02 -1.3125610e+02      
1.5239149e+02 -1.3361247e+02      
1.5103086e+02 -1.3637275e+02      
1.4964753e+02 -1.3954326e+02      
1.4823986e+02 -1.4313403e+02      
1.4679450e+02 -1.4715601e+02      
1.4527440e+02 -1.5161459e+02      
1.4360735e+02 -1.5650216e+02      
1.4167260e+02 -1.6175077e+02      
1.3935840e+02 -1.6715946e+02      
1.3683671e+02 -1.7259177e+02      
1.3392637e+02 -1.7618858e+02      
1.3059269e+02 -1.7788346e+02      
1.2691097e+02 -1.7855886e+02      
1.2382290e+02 -1.7844335e+02      
1.2122391e+02 -1.7816474e+02      
1.1930575e+02 -1.7678169e+02      
1.1854799e+02 -1.7284746e+02      
1.1901397e+02 -1.6615949e+02      
1.1953528e+02 -1.6025772e+02      
1.3425996e+02 -1.5050433e+02      
1.3281157e+02 -1.5281805e+02      
1.3131378e+02 -1.5551142e+02      
1.2976781e+02 -1.5858579e+02      
1.2816870e+02 -1.6204498e+02      
1.2650121e+02 -1.6589616e+02      
1.2473505e+02 -1.7015450e+02      
1.2282366e+02 -1.7486450e+02      
1.2071742e+02 -1.8020151e+02      
1.1839916e+02 -1.8646909e+02      
1.1577873e+02 -1.9182796e+02      
1.1291043e+02 -1.9530840e+02      
1.0987240e+02 -1.9670959e+02      
1.0680137e+02 -1.9633280e+02      
1.0398032e+02 -1.9465545e+02      
1.0141995e+02 -1.9351699e+02      
9.9060383e+01 -1.9253797e+02      
9.8011564e+01 -1.8911684e+02      
9.8277063e+01 -1.8328006e+02      
9.8803556e+01 -1.7763836e+02      
1.1272712e+02 -1.6699667e+02      
1.1118289e+02 -1.6923194e+02      
1.0957000e+02 -1.7181461e+02      
1.0789007e+02 -1.7474056e+02      
1.0613909e+02 -1.7800689e+02      
1.0430555e+02 -1.8161389e+02      
1.0236903e+02 -1.8557092e+02      
1.0030157e+02 -1.8991225e+02      
9.8072818e+01 -1.9472395e+02      
9.5641824e+01 -2.0003988e+02      
9.2949136e+01 -2.0544672e+02      
9.0167164e+01 -2.0874975e+02      
8.7474622e+01 -2.0948895e+02      
8.4928915e+01 -2.0802180e+02      
8.2459584e+01 -2.0637073e+02      
8.0177679e+01 -2.0480776e+02      
7.8227827e+01 -2.0299233e+02      
7.6898414e+01 -2.0018873e+02      
7.6081682e+01 -1.9660619e+02      
7.6625879e+01 -1.9125566e+02      
8.9487663e+01 -1.8050066e+02      
8.7866183e+01 -1.8262682e+02      
8.6161815e+01 -1.8506223e+02      
8.4378075e+01 -1.8779672e+02      
8.2514099e+01 -1.9081914e+02      
8.0563947e+01 -1.9411800e+02      
7.8516561e+01 -1.9768258e+02      
7.6356926e+01 -2.0150254e+02      
7.4067594e+01 -2.0555342e+02      
7.1627778e+01 -2.0974313e+02      
6.9020711e+01 -2.1378175e+02      
6.6305260e+01 -2.1691476e+02      
6.3950864e+01 -2.1697577e+02      
6.1644968e+01 -2.1600657e+02      
5.9435507e+01 -2.1462064e+02      
5.7426228e+01 -2.1294534e+02      
5.5731780e+01 -2.1085985e+02      
5.4448385e+01 -2.0820146e+02      
5.3665291e+01 -2.0489192e+02      
5.3536471e+01 -2.0083417e+02      
