2.4153882e+01 2.3331515e+02      
2.3589586e+01 2.3115035e+02      
2.3492804e+01 2.2901382e+02      
2.3793717e+01 2.2695134e+02      
2.4367216e+01 2.2499586e+02      
2.5010659e+01 2.2315370e+02      
2.5538733e+01 2.2143395e+02      
2.5949197e+01 2.1990368e+02      
2.6340338e+01 2.1864042e+02      
2.6810098e+01 2.1769364e+02      
2.7434765e+01 2.1708765e+02      
2.8264972e+01 2.1682867e+02      
2.9327736e+01 2.1691010e+02      
3.0633484e+01 2.1731484e+02      
3.2186325e+01 2.1801518e+02      
3.3992803e+01 2.1897208e+02      
3.6064643e+01 2.2013669e+02      
3.8416862e+01 2.2145401e+02      
4.1066823e+01 2.2286623e+02      
4.4036240e+01 2.2431417e+02      
5.3519702e+01 2.2372050e+02      
5.3307847e+01 2.2149543e+02      
5.3631175e+01 2.1927812e+02      
5.4438812e+01 2.1712848e+02      
5.5617555e+01 2.1510046e+02      
5.6814609e+01 2.1316648e+02      
5.7448309e+01 2.1120101e+02      
5.7737195e+01 2.0939642e+02      
5.7931236e+01 2.0788792e+02      
5.8184070e+01 2.0672801e+02      
5.8600011e+01 2.0593549e+02      
5.9237863e+01 2.0550976e+02      
6.0116864e+01 2.0543967e+02      
6.1229297e+01 2.0570711e+02      
6.2561357e+01 2.0628356e+02      
6.4111994e+01 2.0712472e+02      
6.5894340e+01 2.0817220e+02      
6.7924177e+01 2.0936208e+02      
7.0215744e+01 2.1063107e+02      
7.2790034e+01 2.1191667e+02      
8.1480679e+01 2.1064232e+02      
8.1646297e+01 2.0833547e+02      
8.2431317e+01 2.0601190e+02      
8.3828559e+01 2.0374894e+02      
8.5836352e+01 2.0165560e+02      
8.8158799e+01 1.9977716e+02      
8.8724754e+01 1.9742556e+02      
8.8700034e+01 1.9527806e+02      
8.8540347e+01 1.9349934e+02      
8.8468898e+01 1.9212808e+02      
8.8611720e+01 1.9116371e+02      
8.9029949e+01 1.9058971e+02      
8.9722764e+01 1.9038660e+02      
9.0641849e+01 1.9053969e+02      
9.1733234e+01 1.9102763e+02      
9.2987717e+01 1.9179977e+02      
9.4435845e+01 1.9277844e+02      
9.6098943e+01 1.9388511e+02      
9.7976580e+01 1.9505275e+02      
1.0007918e+02 1.9621889e+02      
1.0753632e+02 1.9431923e+02      
1.0807611e+02 1.9190410e+02      
1.0931861e+02 1.8943592e+02      
1.1129460e+02 1.8699592e+02      
1.1406786e+02 1.8469695e+02      
1.1734859e+02 1.8258724e+02      
1.1876241e+02 1.8017155e+02      
1.1833439e+02 1.7768668e+02      
1.1765382e+02 1.7564413e+02      
1.1713181e+02 1.7408543e+02      
1.1693887e+02 1.7298322e+02      
1.1713338e+02 1.7229127e+02      
1.1768433e+02 1.7197115e+02      
1.1846069e+02 1.7202331e+02      
1.1930219e+02 1.7246599e+02      
1.2019856e+02 1.7324045e+02      
1.2126639e+02 1.7421514e+02      
1.2254430e+02 1.7528610e+02      
1.2397309e+02 1.7639473e+02      
1.2552163e+02 1.7748874e+02      
1.3121675e+02 1.7504685e+02      
1.3209886e+02 1.7249741e+02      
1.3375242e+02 1.6984494e+02      
1.3622218e+02 1.6715920e+02      
1.3958294e+02 1.6452442e+02      
1.4355460e+02 1.6198771e+02      
1.4569999e+02 1.5934774e+02      
1.4591556e+02 1.5677239e+02      
1.4468721e+02 1.5452400e+02      
1.4360494e+02 1.5283542e+02      
1.4301800e+02 1.5166252e+02      
1.4301394e+02 1.5090842e+02      
1.4354918e+02 1.5047659e+02      
1.4437937e+02 1.5038250e+02      
1.4496375e+02 1.5083232e+02      
1.4531635e+02 1.5175548e+02      
1.4595218e+02 1.5281320e+02      
1.4691100e+02 1.5388154e+02      
1.4791280e+02 1.5496222e+02      
1.4880444e+02 1.5603566e+02      
1.5209634e+02 1.5317334e+02      
1.5326609e+02 1.5047097e+02      
1.5526344e+02 1.4760739e+02      
1.5812557e+02 1.4463463e+02      
1.6186977e+02 1.4160595e+02      
1.6618605e+02 1.3856107e+02      
1.6873855e+02 1.3557784e+02      
1.6950031e+02 1.3278697e+02      
1.6884755e+02 1.3039982e+02      
1.6724992e+02 1.2865381e+02      
1.6624136e+02 1.2752797e+02      
1.6608117e+02 1.2683183e+02      
1.6673096e+02 1.2634098e+02      
1.6802858e+02 1.2594834e+02      
1.6832461e+02 1.2647002e+02      
1.6770224e+02 1.2781642e+02      
1.6795560e+02 1.2900256e+02      
1.6895248e+02 1.3002725e+02      
1.6967982e+02 1.3107923e+02      
1.6975492e+02 1.3219354e+02      
1.6980314e+02 1.2909134e+02      
1.7118483e+02 1.2622937e+02      
1.7345315e+02 1.2314842e+02      
1.7666366e+02 1.1987907e+02      
1.8066018e+02 1.1646614e+02      
1.8478628e+02 1.1299850e+02      
1.8728958e+02 1.0965669e+02      
1.8828762e+02 1.0652460e+02      
1.8815256e+02 1.0381424e+02      
1.8724010e+02 1.0185937e+02      
1.8589353e+02 1.0096466e+02      
1.8576858e+02 1.0053549e+02      
1.8642564e+02 1.0026064e+02      
1.8750831e+02 9.9991452e+01      
1.8742077e+02 1.0066754e+02      
1.8632242e+02 1.0217345e+02      
1.8631973e+02 1.0333884e+02      
1.8809797e+02 1.0415013e+02      
1.8872902e+02 1.0515044e+02      
1.8791941e+02 1.0636425e+02      
1.8402741e+02 1.0322724e+02      
1.8551406e+02 1.0021127e+02      
1.8794257e+02 9.6930673e+01      
1.9149837e+02 9.3399059e+01      
1.9604034e+02 8.9625125e+01      
1.9916645e+02 8.6038474e+01      
2.0126927e+02 8.2364860e+01      
2.0214440e+02 7.8764924e+01      
2.0213313e+02 7.5500862e+01      
2.0192863e+02 7.3051846e+01      
2.0101245e+02 7.2416038e+01      
2.0142793e+02 7.2470866e+01      
2.0205188e+02 7.2730779e+01      
2.0235297e+02 7.3187965e+01      
2.0173149e+02 7.4114483e+01      
2.0036570e+02 7.5387177e+01      
1.9938692e+02 7.6464014e+01      
2.0060091e+02 7.7175583e+01      
2.0084442e+02 7.8181556e+01      
1.9969645e+02 7.9446781e+01      
1.9453684e+02 7.6030124e+01      
1.9598310e+02 7.2872515e+01      
1.9835826e+02 6.9420661e+01      
2.0192237e+02 6.5723348e+01      
2.0678051e+02 6.1879594e+01      
2.1038711e+02 5.7877744e+01      
2.1232406e+02 5.3756162e+01      
2.1275231e+02 4.9561704e+01      
2.1215263e+02 4.5587154e+01      
2.1162613e+02 4.3121576e+01      
2.1097708e+02 4.2380067e+01      
2.1054368e+02 4.3076485e+01      
2.1118607e+02 4.3925971e+01      
2.1115624e+02 4.4896777e+01      
2.0990235e+02 4.6152843e+01      
2.0772340e+02 4.7579583e+01      
2.0649977e+02 4.8845273e+01      
2.0625184e+02 4.9948801e+01      
2.0591406e+02 5.1088941e+01      
2.0499392e+02 5.2294556e+01      
2.0119722e+02 4.7963621e+01      
2.0244536e+02 4.4677131e+01      
2.0450722e+02 4.1067289e+01      
2.0751283e+02 3.7177684e+01      
2.1142683e+02 3.3043412e+01      
2.1547730e+02 2.8694473e+01      
2.1702375e+02 2.4295430e+01      
2.1678971e+02 1.9629014e+01      
2.1637076e+02 1.5698668e+01      
2.1583440e+02 1.3242172e+01      
2.1513480e+02 1.2504251e+01      
2.1442037e+02 1.3247814e+01      
2.1401045e+02 1.4767115e+01      
2.1403317e+02 1.5965540e+01      
2.1214479e+02 1.7595819e+01      
2.1028488e+02 1.9202911e+01      
2.0902365e+02 2.0678572e+01      
2.0826734e+02 2.2036664e+01      
2.0765654e+02 2.3316238e+01      
2.0696346e+02 2.4508861e+01      
2.0398134e+02 1.9500566e+01      
2.0490447e+02 1.6099611e+01      
2.0647946e+02 1.2345715e+01      
2.0876250e+02 8.2726976e+00      
2.1179509e+02 3.8954621e+00      
2.1507395e+02 -6.8489636e-01      
2.1536345e+02 -4.8303814e+00      
2.1514420e+02 -9.0615557e+00      
2.1511567e+02 -1.3188515e+01      
2.1470779e+02 -1.5718259e+01      
2.1389072e+02 -1.6305271e+01      
2.1281516e+02 -1.5254345e+01      
2.1225889e+02 -1.4042548e+01      
2.1211056e+02 -1.2890468e+01      
2.1034341e+02 -1.1089126e+01      
2.0880799e+02 -9.3342881e+00      
2.0769017e+02 -7.6900985e+00      
2.0688630e+02 -6.1571170e+00      
2.0625840e+02 -4.7510528e+00      
2.0571525e+02 -3.5061844e+00      
2.0295729e+02 -8.8829617e+00      
2.0347703e+02 -1.2379990e+01      
2.0447938e+02 -1.6254962e+01      
2.0597665e+02 -2.0468692e+01      
2.0799360e+02 -2.4988208e+01      
2.1018009e+02 -2.9674370e+01      
2.0989984e+02 -3.3581230e+01      
2.0951501e+02 -3.7317374e+01      
2.0926183e+02 -4.0749131e+01      
2.0893450e+02 -4.3401407e+01      
2.0799891e+02 -4.3769703e+01      
2.0707555e+02 -4.3297893e+01      
2.0638194e+02 -4.2395447e+01      
2.0573920e+02 -4.1130295e+01      
2.0469080e+02 -3.9450170e+01      
2.0362366e+02 -3.7624733e+01      
2.0275126e+02 -3.5826648e+01      
2.0207190e+02 -3.4130420e+01      
2.0154077e+02 -3.2587691e+01      
2.0112586e+02 -3.1246952e+01      
1.9826874e+02 -3.6714791e+01      
1.9835270e+02 -4.0286050e+01      
1.9875540e+02 -4.4260811e+01      
1.9943886e+02 -4.8590411e+01      
2.0030520e+02 -5.3178422e+01      
2.0097668e+02 -5.7771108e+01      
2.0084613e+02 -6.1871946e+01      
2.0042770e+02 -6.5233254e+01      
1.9996523e+02 -6.8011142e+01      
1.9939247e+02 -7.0045982e+01      
1.9859696e+02 -7.0948862e+01      
1.9777117e+02 -7.1019354e+01      
1.9704460e+02 -7.0388227e+01      
1.9638237e+02 -6.9070818e+01      
1.9569072e+02 -6.7274784e+01      
1.9500887e+02 -6.5283854e+01      
1.9441140e+02 -6.3292600e+01      
1.9392121e+02 -6.1411347e+01      
1.9353271e+02 -5.9709422e+01      
1.9324042e+02 -5.8239984e+01      
1.9011749e+02 -6.3533204e+01      
1.8977382e+02 -6.7150792e+01      
1.8960510e+02 -7.1207027e+01      
1.8954271e+02 -7.5668785e+01      
1.8947250e+02 -8.0443863e+01      
1.8923122e+02 -8.5298213e+01      
1.8874534e+02 -8.9748743e+01      
1.8819346e+02 -9.2607789e+01      
1.8758644e+02 -9.4830714e+01      
1.8687317e+02 -9.6560740e+01      
1.8605039e+02 -9.7728711e+01      
1.8521788e+02 -9.8296745e+01      
1.8450908e+02 -9.8011909e+01      
1.8399858e+02 -9.6406768e+01      
1.8358843e+02 -9.4209993e+01      
1.8321933e+02 -9.1898334e+01      
1.8288984e+02 -8.9643143e+01      
1.8260702e+02 -8.7541240e+01      
1.8237532e+02 -8.5655707e+01      
1.8220059e+02 -8.4033171e+01      
1.7874912e+02 -8.8894538e+01      
1.7801820e+02 -9.2515597e+01      
1.7734725e+02 -9.6615310e+01      
1.7664932e+02 -1.0121915e+02      
1.7582763e+02 -1.0630055e+02      
1.7485932e+02 -1.1157764e+02      
1.7392571e+02 -1.1585833e+02      
1.7308400e+02 -1.1882004e+02      
1.7236523e+02 -1.2058832e+02      
1.7153630e+02 -1.2214007e+02      
1.7057683e+02 -1.2354339e+02      
1.6961713e+02 -1.2469269e+02      
1.6886209e+02 -1.2521707e+02      
1.6863274e+02 -1.2262311e+02      
1.6855434e+02 -1.1974266e+02      
1.6849701e+02 -1.1699509e+02      
1.6843272e+02 -1.1441986e+02      
1.6835830e+02 -1.1207032e+02      
1.6828199e+02 -1.0998594e+02      
1.6821636e+02 -1.0819712e+02      
1.6444111e+02 -1.1238578e+02      
1.6338546e+02 -1.1594528e+02      
1.6230985e+02 -1.1999576e+02      
1.6111046e+02 -1.2463158e+02      
1.5965178e+02 -1.2997723e+02      
1.5816730e+02 -1.3503435e+02      
1.5681110e+02 -1.3921011e+02      
1.5564927e+02 -1.4227722e+02      
1.5464840e+02 -1.4435095e+02      
1.5366072e+02 -1.4588624e+02      
1.5241042e+02 -1.4770192e+02      
1.5117046e+02 -1.4936740e+02      
1.5035491e+02 -1.4988189e+02      
1.5052306e+02 -1.4673971e+02      
1.5084421e+02 -1.4327424e+02      
1.5112474e+02 -1.4007100e+02      
1.5132738e+02 -1.3716176e+02      
1.5145331e+02 -1.3456361e+02      
1.5152068e+02 -1.3228396e+02      
1.5155074e+02 -1.3033078e+02      
1.4749365e+02 -1.3364143e+02      
1.4618574e+02 -1.3706260e+02      
1.4481794e+02 -1.4092958e+02      
1.4331537e+02 -1.4527342e+02      
1.4159296e+02 -1.5007771e+02      
1.3963349e+02 -1.5508218e+02      
1.3788545e+02 -1.5923088e+02      
1.3645998e+02 -1.6231587e+02      
1.3522801e+02 -1.6454844e+02      
1.3367144e+02 -1.6694630e+02      
1.3185573e+02 -1.6960590e+02      
1.3013441e+02 -1.7201358e+02      
1.2946832e+02 -1.7175105e+02      
1.3001399e+02 -1.6827437e+02      
1.3079796e+02 -1.6429046e+02      
1.3145091e+02 -1.6063648e+02      
1.3191106e+02 -1.5742610e+02      
1.3221521e+02 -1.5461444e+02      
1.3240329e+02 -1.5216789e+02      
1.3250915e+02 -1.5006983e+02      
1.2822423e+02 -1.5235531e+02      
1.2673266e+02 -1.5557461e+02      
1.2516898e+02 -1.5916400e+02      
1.2348997e+02 -1.6309835e+02      
1.2165168e+02 -1.6731277e+02      
1.1963852e+02 -1.7164665e+02      
1.1755050e+02 -1.7575189e+02      
1.1595625e+02 -1.7875072e+02      
1.1414387e+02 -1.8167363e+02      
1.1190538e+02 -1.8495686e+02      
1.0941587e+02 -1.8847513e+02      
1.0773654e+02 -1.9026863e+02      
1.0708464e+02 -1.8978319e+02      
1.0753850e+02 -1.8689474e+02      
1.0889794e+02 -1.8223607e+02      
1.0989907e+02 -1.7821669e+02      
1.1056685e+02 -1.7481004e+02      
1.1100378e+02 -1.7186224e+02      
1.1127555e+02 -1.6930327e+02      
1.1142988e+02 -1.6709664e+02      
1.0696671e+02 -1.6827971e+02      
1.0534818e+02 -1.7125946e+02      
1.0365797e+02 -1.7453456e+02      
1.0187564e+02 -1.7805531e+02      
9.9986487e+01 -1.8173986e+02      
9.7995930e+01 -1.8545833e+02      
9.5972311e+01 -1.8900065e+02      
9.4006967e+01 -1.9217515e+02      
9.1784415e+01 -1.9542456e+02      
8.8990819e+01 -1.9922909e+02      
8.6704645e+01 -2.0197615e+02      
8.5154077e+01 -2.0321226e+02      
8.4430298e+01 -2.0272802e+02      
8.4614579e+01 -2.0042886e+02      
8.5812479e+01 -1.9635214e+02      
8.6920217e+01 -1.9241772e+02      
8.7703911e+01 -1.8898418e+02      
8.8200945e+01 -1.8601352e+02      
8.8504948e+01 -1.8341704e+02      
8.8674210e+01 -1.8115009e+02      
8.4072583e+01 -1.8121813e+02      
8.2370897e+01 -1.8394254e+02      
8.0602612e+01 -1.8689850e+02      
7.8762193e+01 -1.9002863e+02      
7.6849789e+01 -1.9325413e+02      
7.4878015e+01 -1.9647227e+02      
7.2872540e+01 -1.9957024e+02      
7.0829639e+01 -2.0250061e+02      
6.8669445e+01 -2.0534992e+02      
6.6425029e+01 -2.0804957e+02      
6.4494753e+01 -2.0998278e+02      
6.3082854e+01 -2.1080737e+02      
6.2246641e+01 -2.1041089e+02      
6.1911001e+01 -2.0890282e+02      
6.1852274e+01 -2.0667891e+02      
6.2980553e+01 -2.0298504e+02      
6.3737217e+01 -1.9971923e+02      
6.4191135e+01 -1.9686201e+02      
6.4467136e+01 -1.9430986e+02      
6.4616563e+01 -1.9203334e+02      
