2.5014923e+01 2.4793252e+02      
2.4105606e+01 2.4710429e+02      
2.3719526e+01 2.4638486e+02      
2.3742827e+01 2.4575711e+02      
2.3900902e+01 2.4505943e+02      
2.3501447e+01 2.4361138e+02      
2.3209317e+01 2.4215747e+02      
2.3260054e+01 2.4091447e+02      
2.3717143e+01 2.3994723e+02      
2.4546824e+01 2.3925749e+02      
2.5646743e+01 2.3880675e+02      
2.6905238e+01 2.3853504e+02      
2.8429763e+01 2.3845207e+02      
3.0275560e+01 2.3854158e+02      
3.2446724e+01 2.3876578e+02      
3.4944271e+01 2.3908332e+02      
3.7773046e+01 2.3945168e+02      
4.0941068e+01 2.3982773e+02      
4.4457095e+01 2.4016819e+02      
4.8328087e+01 2.4043000e+02      
5.2687513e+01 2.3804654e+02      
5.2077377e+01 2.3725773e+02      
5.2133319e+01 2.3665677e+02      
5.2676001e+01 2.3620212e+02      
5.2917146e+01 2.3529957e+02      
5.2701563e+01 2.3384727e+02      
5.2173144e+01 2.3202967e+02      
5.2078308e+01 2.3050134e+02      
5.2537096e+01 2.2935791e+02      
5.3460689e+01 2.2857086e+02      
5.4639355e+01 2.2806461e+02      
5.5658593e+01 2.2765287e+02      
5.7001940e+01 2.2746737e+02      
5.8692214e+01 2.2746861e+02      
6.0697328e+01 2.2760145e+02      
6.3007870e+01 2.2781677e+02      
6.5628252e+01 2.2806720e+02      
6.8570404e+01 2.2830596e+02      
7.1848184e+01 2.2848681e+02      
7.5473021e+01 2.2856425e+02      
7.8879890e+01 2.2429158e+02      
7.8512113e+01 2.2344925e+02      
7.9009089e+01 2.2288309e+02      
7.9641741e+01 2.2216222e+02      
7.9998050e+01 2.2106832e+02      
7.9951634e+01 2.1956592e+02      
7.9648331e+01 2.1778892e+02      
7.9475568e+01 2.1603709e+02      
8.0042416e+01 2.1478697e+02      
8.1160761e+01 2.1395865e+02      
8.2243283e+01 2.1336639e+02      
8.3127897e+01 2.1292323e+02      
8.4334617e+01 2.1270712e+02      
8.5871396e+01 2.1267283e+02      
8.7687040e+01 2.1276069e+02      
8.9768627e+01 2.1291753e+02      
9.2126395e+01 2.1309269e+02      
9.4781656e+01 2.1323657e+02      
9.7757553e+01 2.1330040e+02      
1.0107264e+02 2.1323654e+02      
1.0312331e+02 2.0687808e+02      
1.0277162e+02 2.0578855e+02      
1.0310560e+02 2.0481773e+02      
1.0396659e+02 2.0389362e+02      
1.0450111e+02 2.0262964e+02      
1.0454512e+02 2.0101570e+02      
1.0432203e+02 1.9918179e+02      
1.0473415e+02 1.9760587e+02      
1.0559996e+02 1.9639471e+02      
1.0681053e+02 1.9554129e+02      
1.0796092e+02 1.9495928e+02      
1.0886129e+02 1.9458026e+02      
1.1001578e+02 1.9440871e+02      
1.1142256e+02 1.9439753e+02      
1.1303050e+02 1.9449150e+02      
1.1483803e+02 1.9463769e+02      
1.1687316e+02 1.9478426e+02      
1.1917544e+02 1.9487967e+02      
1.2178335e+02 1.9487308e+02      
1.2472588e+02 1.9471498e+02      
1.2508360e+02 1.8614034e+02      
1.2467764e+02 1.8472319e+02      
1.2481284e+02 1.8332712e+02      
1.2538711e+02 1.8194510e+02      
1.2612085e+02 1.8048890e+02      
1.2618547e+02 1.7873005e+02      
1.2644501e+02 1.7702520e+02      
1.2716994e+02 1.7557063e+02      
1.2836074e+02 1.7445029e+02      
1.2996659e+02 1.7367107e+02      
1.3143105e+02 1.7319049e+02      
1.3252239e+02 1.7294748e+02      
1.3371884e+02 1.7288058e+02      
1.3502189e+02 1.7294777e+02      
1.3639470e+02 1.7309889e+02      
1.3786861e+02 1.7328367e+02      
1.3950747e+02 1.7345085e+02      
1.4138066e+02 1.7354712e+02      
1.4354977e+02 1.7351967e+02      
1.4605795e+02 1.7331742e+02      
1.4450304e+02 1.6248393e+02      
1.4406426e+02 1.6071179e+02      
1.4407043e+02 1.5890520e+02      
1.4442528e+02 1.5709545e+02      
1.4493909e+02 1.5528306e+02      
1.4539388e+02 1.5346549e+02      
1.4603133e+02 1.5179437e+02      
1.4704416e+02 1.5040618e+02      
1.4850707e+02 1.4938632e+02      
1.5040422e+02 1.4877063e+02      
1.5244904e+02 1.4849134e+02      
1.5388511e+02 1.4840881e+02      
1.5521694e+02 1.4848621e+02      
1.5643192e+02 1.4868373e+02      
1.5750880e+02 1.4893871e+02      
1.5855791e+02 1.4921020e+02      
1.5970369e+02 1.4944912e+02      
1.6105469e+02 1.4959753e+02      
1.6270694e+02 1.4960063e+02      
1.6472187e+02 1.4940643e+02      
1.6114703e+02 1.3634542e+02      
1.6072316e+02 1.3419320e+02      
1.6069415e+02 1.3197289e+02      
1.6097566e+02 1.2975355e+02      
1.6145441e+02 1.2760693e+02      
1.6207197e+02 1.2561518e+02      
1.6292025e+02 1.2387657e+02      
1.6413936e+02 1.2249154e+02      
1.6583468e+02 1.2154879e+02      
1.6809289e+02 1.2113487e+02      
1.7085797e+02 1.2128448e+02      
1.7277022e+02 1.2132761e+02      
1.7440863e+02 1.2162868e+02      
1.7553876e+02 1.2202122e+02      
1.7615853e+02 1.2240601e+02      
1.7664443e+02 1.2281147e+02      
1.7717234e+02 1.2317854e+02      
1.7787812e+02 1.2343075e+02      
1.7892542e+02 1.2351595e+02      
1.8039794e+02 1.2338357e+02      
1.7479994e+02 1.0818974e+02      
1.7444368e+02 1.0562340e+02      
1.7446399e+02 1.0295571e+02      
1.7479110e+02 1.0029147e+02      
1.7532103e+02 9.7765022e+01      
1.7596311e+02 9.5528700e+01      
1.7685863e+02 9.3647426e+01      
1.7816192e+02 9.2199087e+01      
1.7999413e+02 9.1273828e+01      
1.8244631e+02 9.0945148e+01      
1.8549921e+02 9.1208542e+01      
1.8880808e+02 9.1911686e+01      
1.9105140e+02 9.2646822e+01      
1.9215084e+02 9.3349697e+01      
1.9206674e+02 9.3882410e+01      
1.9190905e+02 9.4514516e+01      
1.9167790e+02 9.5083439e+01      
1.9153080e+02 9.5479935e+01      
1.9188061e+02 9.5697159e+01      
1.9279369e+02 9.5683308e+01      
1.8527107e+02 7.8513904e+01      
1.8502880e+02 7.5489948e+01      
1.8516857e+02 7.2313078e+01      
1.8562781e+02 6.9120451e+01      
1.8628468e+02 6.6108924e+01      
1.8680633e+02 6.3591209e+01      
1.8759347e+02 6.1508860e+01      
1.8883881e+02 5.9926184e+01      
1.9068443e+02 5.8955051e+01      
1.9324153e+02 5.8679712e+01      
1.9660283e+02 5.9109043e+01      
2.0057615e+02 6.0142335e+01      
2.0325170e+02 6.1324957e+01      
2.0449509e+02 6.2524009e+01      
2.0454832e+02 6.3660256e+01      
2.0389883e+02 6.4726557e+01      
2.0280011e+02 6.5606921e+01      
2.0154286e+02 6.6178387e+01      
2.0123732e+02 6.6598924e+01      
2.0165553e+02 6.6768640e+01      
1.9240148e+02 4.7850293e+01      
1.9230641e+02 4.4323161e+01      
1.9261665e+02 4.0558396e+01      
1.9324445e+02 3.6742080e+01      
1.9384039e+02 3.3258764e+01      
1.9434547e+02 3.0284433e+01      
1.9489722e+02 2.7914687e+01      
1.9593067e+02 2.6090686e+01      
1.9764840e+02 2.4996684e+01      
2.0019116e+02 2.4774656e+01      
2.0367776e+02 2.5416579e+01      
2.0787631e+02 2.6742550e+01      
2.1069203e+02 2.8408335e+01      
2.1191570e+02 3.0191712e+01      
2.1176270e+02 3.1960766e+01      
2.1053332e+02 3.3588620e+01      
2.0862159e+02 3.4922157e+01      
2.0730558e+02 3.5960624e+01      
2.0673534e+02 3.6710131e+01      
2.0680790e+02 3.7130700e+01      
1.9607106e+02 1.6766071e+01      
1.9612568e+02 1.2715896e+01      
1.9662314e+02 8.2954417e+00      
1.9724395e+02 3.9129884e+00      
1.9778631e+02 -1.1254698e-01      
1.9819102e+02 -3.6089762e+00      
1.9856959e+02 -6.5613220e+00      
1.9923013e+02 -8.8953659e+00      
2.0066523e+02 -1.0255100e+01      
2.0304177e+02 -1.0410751e+01      
2.0646840e+02 -9.3978706e+00      
2.1065113e+02 -7.4905220e+00      
2.1337557e+02 -5.1847971e+00      
2.1433317e+02 -2.7503617e+00      
2.1368930e+02 -2.9002098e-01      
2.1184108e+02 2.0037744e+00      
2.1017154e+02 3.9193824e+00      
2.0898200e+02 5.4436544e+00      
2.0833413e+02 6.5713312e+00      
2.0819121e+02 7.2856127e+00      
1.9621689e+02 -1.4155443e+01      
1.9637540e+02 -1.8689171e+01      
1.9690938e+02 -2.3640062e+01      
1.9764264e+02 -2.8744124e+01      
1.9817739e+02 -3.3389204e+01      
1.9839767e+02 -3.7358870e+01      
1.9838838e+02 -4.0857673e+01      
1.9860228e+02 -4.4360009e+01      
1.9960447e+02 -4.6078001e+01      
2.0166646e+02 -4.6119052e+01      
2.0489808e+02 -4.4574998e+01      
2.0894860e+02 -4.1488424e+01      
2.1143990e+02 -3.8448550e+01      
2.1199114e+02 -3.5389739e+01      
2.1076549e+02 -3.2154338e+01      
2.0924172e+02 -2.9233574e+01      
2.0786342e+02 -2.6759577e+01      
2.0680647e+02 -2.4765751e+01      
2.0613456e+02 -2.3259611e+01      
2.0585034e+02 -2.2240550e+01      
1.9284739e+02 -4.4336702e+01      
1.9311824e+02 -4.9348870e+01      
1.9379603e+02 -5.4942724e+01      
1.9469402e+02 -6.0806516e+01      
1.9530576e+02 -6.6152833e+01      
1.9530130e+02 -7.0398843e+01      
1.9484868e+02 -7.4122560e+01      
1.9426418e+02 -7.7647342e+01      
1.9463537e+02 -7.9230374e+01      
1.9624503e+02 -7.9039781e+01      
1.9915022e+02 -7.7164471e+01      
2.0298738e+02 -7.3688607e+01      
2.0515844e+02 -7.0303896e+01      
2.0540100e+02 -6.6927983e+01      
2.0439956e+02 -6.3095284e+01      
2.0313157e+02 -5.9554281e+01      
2.0193912e+02 -5.6533226e+01      
2.0097045e+02 -5.4096494e+01      
2.0028747e+02 -5.2237715e+01      
1.9990177e+02 -5.0930316e+01      
1.8601468e+02 -7.3189638e+01      
1.8638846e+02 -7.8622734e+01      
1.8728852e+02 -8.4941022e+01      
1.8870078e+02 -9.2044897e+01      
1.8937402e+02 -9.7911888e+01      
1.8923259e+02 -1.0235019e+02      
1.8827372e+02 -1.0563776e+02      
1.8660181e+02 -1.0789469e+02      
1.8627742e+02 -1.0877404e+02      
1.8735877e+02 -1.0825713e+02      
1.8976641e+02 -1.0630695e+02      
1.9315947e+02 -1.0299189e+02      
1.9490344e+02 -9.9728675e+01      
1.9536753e+02 -9.6313609e+01      
1.9485473e+02 -9.2495240e+01      
1.9370678e+02 -8.8376346e+01      
1.9259000e+02 -8.4822242e+01      
1.9166746e+02 -8.1993562e+01      
1.9097636e+02 -7.9842155e+01      
1.9051439e+02 -7.8290354e+01      
1.7581551e+02 -1.0013592e+02      
1.7620956e+02 -1.0579366e+02      
1.7713531e+02 -1.1250984e+02      
1.7854164e+02 -1.2017006e+02      
1.7917186e+02 -1.2623663e+02      
1.7893758e+02 -1.3047553e+02      
1.7779988e+02 -1.3299191e+02      
1.7583725e+02 -1.3395429e+02      
1.7514801e+02 -1.3398994e+02      
1.7574079e+02 -1.3316389e+02      
1.7745161e+02 -1.3135304e+02      
1.7997914e+02 -1.2859369e+02      
1.8154363e+02 -1.2580859e+02      
1.8211096e+02 -1.2268631e+02      
1.8187515e+02 -1.1902924e+02      
1.8105688e+02 -1.1497220e+02      
1.7997920e+02 -1.1099281e+02      
1.7910350e+02 -1.0792425e+02      
1.7841884e+02 -1.0559317e+02      
1.7790287e+02 -1.0386720e+02      
1.6242553e+02 -1.2467817e+02      
1.6273295e+02 -1.3026721e+02      
1.6347946e+02 -1.3690309e+02      
1.6458774e+02 -1.4448259e+02      
1.6505434e+02 -1.5031129e+02      
1.6479717e+02 -1.5411091e+02      
1.6384692e+02 -1.5578866e+02      
1.6242678e+02 -1.5524410e+02      
1.6176206e+02 -1.5455219e+02      
1.6199006e+02 -1.5354609e+02      
1.6295175e+02 -1.5200754e+02      
1.6430708e+02 -1.5007237e+02      
1.6544164e+02 -1.4817895e+02      
1.6592228e+02 -1.4556450e+02      
1.6576250e+02 -1.4209424e+02      
1.6508521e+02 -1.3803062e+02      
1.6428270e+02 -1.3441893e+02      
1.6352937e+02 -1.3144655e+02      
1.6287564e+02 -1.2908251e+02      
1.6232630e+02 -1.2726360e+02      
1.4611074e+02 -1.4645733e+02      
1.4625456e+02 -1.5167419e+02      
1.4670375e+02 -1.5770727e+02      
1.4737638e+02 -1.6448510e+02      
1.4761458e+02 -1.6963891e+02      
1.4735924e+02 -1.7294299e+02      
1.4666349e+02 -1.7424221e+02      
1.4570460e+02 -1.7341421e+02      
1.4517658e+02 -1.7258102e+02      
1.4518371e+02 -1.7160558e+02      
1.4562461e+02 -1.7029912e+02      
1.4628423e+02 -1.6870781e+02      
1.4688119e+02 -1.6694620e+02      
1.4718051e+02 -1.6487688e+02      
1.4699721e+02 -1.6158539e+02      
1.4652082e+02 -1.5817726e+02      
1.4590998e+02 -1.5503087e+02      
1.4526999e+02 -1.5228941e+02      
1.4465482e+02 -1.4999418e+02      
1.4408591e+02 -1.4814804e+02      
1.2720881e+02 -1.6526650e+02      
1.2716174e+02 -1.6990597e+02      
1.2728533e+02 -1.7493050e+02      
1.2746582e+02 -1.7997135e+02      
1.2746839e+02 -1.8412903e+02      
1.2720611e+02 -1.8697582e+02      
1.2671461e+02 -1.8838046e+02      
1.2614177e+02 -1.8851934e+02      
1.2574580e+02 -1.8809272e+02      
1.2563172e+02 -1.8732241e+02      
1.2576318e+02 -1.8621089e+02      
1.2602241e+02 -1.8478333e+02      
1.2625593e+02 -1.8306609e+02      
1.2632396e+02 -1.8097287e+02      
1.2614267e+02 -1.7833773e+02      
1.2576054e+02 -1.7551314e+02      
1.2525382e+02 -1.7277742e+02      
1.2468641e+02 -1.7027633e+02      
1.2410069e+02 -1.6808820e+02      
1.2351855e+02 -1.6625171e+02      
1.0609998e+02 -1.8100885e+02      
1.0587986e+02 -1.8504236e+02      
1.0575512e+02 -1.8918318e+02      
1.0565185e+02 -1.9313313e+02      
1.0547671e+02 -1.9648926e+02      
1.0518034e+02 -1.9895737e+02      
1.0478209e+02 -2.0043560e+02      
1.0436279e+02 -2.0102487e+02      
1.0402775e+02 -2.0096425e+02      
1.0383716e+02 -2.0042943e+02      
1.0378174e+02 -1.9949905e+02      
1.0379982e+02 -1.9821571e+02      
1.0380541e+02 -1.9660147e+02      
1.0371861e+02 -1.9465223e+02      
1.0349435e+02 -1.9239601e+02      
1.0313642e+02 -1.8997270e+02      
1.0267615e+02 -1.8755023e+02      
1.0214851e+02 -1.8525568e+02      
1.0158066e+02 -1.8317398e+02      
1.0098858e+02 -1.8135904e+02      
8.3182155e+01 -1.9362165e+02      
8.2823545e+01 -1.9712394e+02      
8.2527207e+01 -2.0060898e+02      
8.2251504e+01 -2.0386752e+02      
8.1952329e+01 -2.0666540e+02      
8.1606034e+01 -2.0881906e+02      
8.1222594e+01 -2.1024786e+02      
8.0841319e+01 -2.1098105e+02      
8.0510310e+01 -2.1111802e+02      
8.0259057e+01 -2.1076163e+02      
8.0083891e+01 -2.0998605e+02      
7.9951578e+01 -2.0884197e+02      
7.9813399e+01 -2.0736659e+02      
7.9622531e+01 -2.0559475e+02      
7.9349044e+01 -2.0358255e+02      
7.8985852e+01 -2.0142308e+02      
7.8542682e+01 -1.9922641e+02      
7.8035539e+01 -1.9709197e+02      
7.7478804e+01 -1.9509768e+02      
7.6881222e+01 -1.9330059e+02      
