2.7301228e+01 2.3905229e+02      
2.7191832e+01 2.3707964e+02      
2.7999781e+01 2.3517556e+02      
3.0021626e+01 2.3350178e+02      
3.3388380e+01 2.3218632e+02      
3.5379135e+01 2.3022255e+02      
3.6008436e+01 2.2774507e+02      
3.5263687e+01 2.2484016e+02      
3.3096345e+01 2.2152987e+02      
3.2085285e+01 2.1884337e+02      
3.2038507e+01 2.1673224e+02      
3.2610202e+01 2.1510773e+02      
3.3603808e+01 2.1393417e+02      
3.4872665e+01 2.1318783e+02      
3.6294519e+01 2.1284312e+02      
3.7777643e+01 2.1286739e+02      
3.9280494e+01 2.1322035e+02      
4.0823864e+01 2.1385536e+02      
4.2483703e+01 2.1472105e+02      
4.4365078e+01 2.1576251e+02      
5.5366532e+01 2.3000339e+02      
5.5379436e+01 2.2794996e+02      
5.6331106e+01 2.2591917e+02      
5.8526805e+01 2.2405191e+02      
6.2114430e+01 2.2241767e+02      
6.4334459e+01 2.2019204e+02      
6.5213337e+01 2.1746109e+02      
6.4731410e+01 2.1432306e+02      
6.2811395e+01 2.1087460e+02      
6.2055539e+01 2.0797100e+02      
6.2261964e+01 2.0562605e+02      
6.3082899e+01 2.0377119e+02      
6.4310191e+01 2.0237676e+02      
6.5769872e+01 2.0142293e+02      
6.7290604e+01 2.0088428e+02      
6.8722877e+01 2.0072394e+02      
6.9993747e+01 2.0089536e+02      
7.1137438e+01 2.0134558e+02      
7.2285229e+01 2.0201818e+02      
7.3615159e+01 2.0285463e+02      
8.1774547e+01 2.1739218e+02      
8.1777210e+01 2.1520512e+02      
8.2599838e+01 2.1295072e+02      
8.4290873e+01 2.1068130e+02      
8.6560349e+01 2.0834322e+02      
8.8458359e+01 2.0569598e+02      
8.9636952e+01 2.0270782e+02      
9.0059067e+01 1.9947288e+02      
8.9965501e+01 1.9620209e+02      
9.0151906e+01 1.9327197e+02      
9.0906743e+01 1.9078940e+02      
9.2158524e+01 1.8875873e+02      
9.3768250e+01 1.8718271e+02      
9.5569552e+01 1.8606083e+02      
9.7326254e+01 1.8537407e+02      
9.8762685e+01 1.8507863e+02      
9.9745685e+01 1.8511916e+02      
1.0033249e+02 1.8543402e+02      
1.0075762e+02 1.8596093e+02      
1.0135752e+02 1.8664079e+02      
1.0614727e+02 2.0147644e+02      
1.0606566e+02 1.9912877e+02      
1.0667173e+02 1.9662494e+02      
1.0790249e+02 1.9398048e+02      
1.0953261e+02 1.9116324e+02      
1.1121188e+02 1.8811237e+02      
1.1271192e+02 1.8482624e+02      
1.1399127e+02 1.8140007e+02      
1.1515257e+02 1.7803775e+02      
1.1621152e+02 1.7507254e+02      
1.1761470e+02 1.7248943e+02      
1.1941921e+02 1.7031174e+02      
1.2154272e+02 1.6857643e+02      
1.2388610e+02 1.6732102e+02      
1.2618071e+02 1.6654525e+02      
1.2772745e+02 1.6617424e+02      
1.2834786e+02 1.6614567e+02      
1.2813396e+02 1.6638434e+02      
1.2743472e+02 1.6681231e+02      
1.2706944e+02 1.6739124e+02      
1.2816377e+02 1.8257101e+02      
1.2798311e+02 1.8006037e+02      
1.2840763e+02 1.7732569e+02      
1.2937557e+02 1.7437900e+02      
1.3076273e+02 1.7121208e+02      
1.3242127e+02 1.6780864e+02      
1.3424902e+02 1.6418723e+02      
1.3619442e+02 1.6046073e+02      
1.3807858e+02 1.5693302e+02      
1.3998009e+02 1.5377063e+02      
1.4203942e+02 1.5106766e+02      
1.4447716e+02 1.4873395e+02      
1.4717821e+02 1.4682507e+02      
1.5011746e+02 1.4543798e+02      
1.5341799e+02 1.4463626e+02      
1.5505239e+02 1.4424388e+02      
1.5520624e+02 1.4422390e+02      
1.5401727e+02 1.4447763e+02      
1.5157031e+02 1.4486346e+02      
1.5013544e+02 1.4542317e+02      
1.4753610e+02 1.6103192e+02      
1.4726757e+02 1.5836928e+02      
1.4756167e+02 1.5543361e+02      
1.4838142e+02 1.5224117e+02      
1.4966854e+02 1.4879719e+02      
1.5137623e+02 1.4509358e+02      
1.5349486e+02 1.4112881e+02      
1.5580755e+02 1.3715985e+02      
1.5825152e+02 1.3338824e+02      
1.6086894e+02 1.2995932e+02      
1.6375284e+02 1.2695660e+02      
1.6698398e+02 1.2439685e+02      
1.7038327e+02 1.2222875e+02      
1.7329157e+02 1.2065412e+02      
1.7619074e+02 1.1970483e+02      
1.7727557e+02 1.1934330e+02      
1.7682151e+02 1.1943460e+02      
1.7501270e+02 1.1984179e+02      
1.7195513e+02 1.2044651e+02      
1.6993627e+02 1.2111125e+02      
1.6400378e+02 1.3724657e+02      
1.6366044e+02 1.3444787e+02      
1.6385677e+02 1.3134101e+02      
1.6457856e+02 1.2794825e+02      
1.6580418e+02 1.2428682e+02      
1.6751840e+02 1.2037140e+02      
1.6971144e+02 1.1623194e+02      
1.7234433e+02 1.1196134e+02      
1.7525251e+02 1.0788501e+02      
1.7847109e+02 1.0415227e+02      
1.8211187e+02 1.0081508e+02      
1.8646795e+02 9.7736231e+01      
1.9124639e+02 9.5091527e+01      
1.9327974e+02 9.3315046e+01      
1.9423536e+02 9.2430578e+01      
1.9406105e+02 9.2258675e+01      
1.9283002e+02 9.2593737e+01      
1.9075265e+02 9.3248472e+01      
1.8823953e+02 9.4062473e+01      
1.8613525e+02 9.4896681e+01      
1.7734056e+02 1.1162761e+02      
1.7692797e+02 1.0870967e+02      
1.7703857e+02 1.0545849e+02      
1.7767523e+02 1.0190208e+02      
1.7883749e+02 9.8067667e+01      
1.8052684e+02 9.3985844e+01      
1.8274806e+02 8.9699548e+01      
1.8550204e+02 8.5280897e+01      
1.8877071e+02 8.0867848e+01      
1.9246831e+02 7.6805231e+01      
1.9683895e+02 7.2901885e+01      
2.0207798e+02 6.9170790e+01      
2.0780453e+02 6.5811422e+01      
2.1042946e+02 6.3699461e+01      
2.0986322e+02 6.3026477e+01      
2.0827081e+02 6.3248345e+01      
2.0607305e+02 6.4011119e+01      
2.0352615e+02 6.5054123e+01      
2.0094235e+02 6.6184089e+01      
1.9868090e+02 6.7259447e+01      
1.8736368e+02 8.4607812e+01      
1.8687823e+02 8.1586691e+01      
1.8689921e+02 7.8214718e+01      
1.8744222e+02 7.4524339e+01      
1.8852158e+02 7.0548507e+01      
1.9015389e+02 6.6323868e+01      
1.9236047e+02 6.1896222e+01      
1.9516804e+02 5.7327475e+01      
1.9860439e+02 5.2712975e+01      
2.0270869e+02 4.8168083e+01      
2.0760319e+02 4.3677974e+01      
2.1338805e+02 3.9270496e+01      
2.1960425e+02 3.5182469e+01      
2.2273750e+02 3.2693261e+01      
2.2258143e+02 3.1934323e+01      
2.1973585e+02 3.2736050e+01      
2.1643027e+02 3.4145890e+01      
2.1314254e+02 3.5754249e+01      
2.1011429e+02 3.7323271e+01      
2.0752350e+02 3.8714332e+01      
1.9394145e+02 5.6634628e+01      
1.9337140e+02 5.3525055e+01      
1.9328739e+02 5.0053343e+01      
1.9371450e+02 4.6254919e+01      
1.9467780e+02 4.2164848e+01      
1.9620613e+02 3.7819628e+01      
1.9833662e+02 3.3259948e+01      
2.0111939e+02 2.8532192e+01      
2.0462292e+02 2.3683928e+01      
2.0894538e+02 1.8739318e+01      
2.1420586e+02 1.3683441e+01      
2.2033156e+02 8.6166415e+00      
2.2646258e+02 4.0536639e+00      
2.2966753e+02 1.3880268e+00      
2.2990938e+02 5.7356761e-01      
2.2758142e+02 1.4027298e+00      
2.2328370e+02 3.5963057e+00      
2.1913415e+02 5.9406951e+00      
2.1551770e+02 8.0614882e+00      
2.1253118e+02 9.8174933e+00      
1.9699843e+02 2.8164147e+01      
1.9632557e+02 2.4979199e+01      
1.9611328e+02 2.1427241e+01      
1.9639340e+02 1.7546104e+01      
1.9719745e+02 1.3370508e+01      
1.9856136e+02 8.9330907e+00      
2.0053293e+02 4.2667236e+00      
2.0318030e+02 -5.9624299e-01      
2.0660081e+02 -5.6346627e+00      
2.1093381e+02 -1.0867279e+01      
2.1640603e+02 -1.6411142e+01      
2.2301786e+02 -2.2252089e+01      
2.2815910e+02 -2.6607638e+01      
2.3092982e+02 -2.9057361e+01      
2.3127081e+02 -2.9722172e+01      
2.2947207e+02 -2.8884927e+01      
2.2588803e+02 -2.6775458e+01      
2.2105894e+02 -2.3677533e+01      
2.1687982e+02 -2.0949582e+01      
2.1355228e+02 -1.8838237e+01      
1.9651840e+02 -3.4551054e-01      
1.9571954e+02 -3.5954012e+00      
1.9535083e+02 -7.2095361e+00      
1.9544886e+02 -1.1146524e+01      
1.9604641e+02 -1.5373738e+01      
1.9717819e+02 -1.9865997e+01      
1.9889310e+02 -2.4599151e+01      
2.0126794e+02 -2.9546228e+01      
2.0441701e+02 -3.4685185e+01      
2.0849162e+02 -4.0025930e+01      
2.1368519e+02 -4.5678553e+01      
2.1982297e+02 -5.1576046e+01      
2.2419227e+02 -5.5545398e+01      
2.2637544e+02 -5.7466400e+01      
2.2646431e+02 -5.7619210e+01      
2.2497528e+02 -5.6645558e+01      
2.2217456e+02 -5.4770427e+01      
2.1830959e+02 -5.2096698e+01      
2.1388194e+02 -4.8924105e+01      
2.1048050e+02 -4.6649110e+01      
1.9254568e+02 -2.8440736e+01      
1.9159300e+02 -3.1750621e+01      
1.9103695e+02 -3.5412118e+01      
1.9091965e+02 -3.9375084e+01      
1.9126880e+02 -4.3610947e+01      
1.9210428e+02 -4.8110292e+01      
1.9346059e+02 -5.2863474e+01      
1.9541145e+02 -5.7842792e+01      
1.9808604e+02 -6.3000044e+01      
2.0166097e+02 -6.8284793e+01      
2.0619313e+02 -7.3611469e+01      
2.1119506e+02 -7.8636235e+01      
2.1467690e+02 -8.1744214e+01      
2.1628358e+02 -8.2942931e+01      
2.1578526e+02 -8.2160055e+01      
2.1450914e+02 -8.1032840e+01      
2.1239612e+02 -7.9442901e+01      
2.0954077e+02 -7.7374663e+01      
2.0632200e+02 -7.5087594e+01      
2.0339176e+02 -7.3123870e+01      
1.8518574e+02 -5.5677507e+01      
1.8404412e+02 -5.9054831e+01      
1.8326562e+02 -6.2758961e+01      
1.8290832e+02 -6.6713423e+01      
1.8298795e+02 -7.0896504e+01      
1.8348393e+02 -7.5338157e+01      
1.8438948e+02 -8.0063447e+01      
1.8575724e+02 -8.5047306e+01      
1.8772525e+02 -9.0199408e+01      
1.9057311e+02 -9.5346657e+01      
1.9449787e+02 -1.0014180e+02      
1.9768571e+02 -1.0282953e+02      
2.0029358e+02 -1.0469694e+02      
2.0172610e+02 -1.0544884e+02      
2.0183916e+02 -1.0509870e+02      
2.0104301e+02 -1.0418619e+02      
1.9952553e+02 -1.0289345e+02      
1.9743939e+02 -1.0130269e+02      
1.9504671e+02 -9.9594447e+01      
1.9264439e+02 -9.7997108e+01      
1.7460825e+02 -8.1620866e+01      
1.7322599e+02 -8.5100567e+01      
1.7217145e+02 -8.8876093e+01      
1.7156491e+02 -9.2780824e+01      
1.7140487e+02 -9.6802847e+01      
1.7156793e+02 -1.0108415e+02      
1.7195979e+02 -1.0572970e+02      
1.7258769e+02 -1.1073132e+02      
1.7359029e+02 -1.1593530e+02      
1.7528813e+02 -1.2087469e+02      
1.7829177e+02 -1.2386695e+02      
1.8120161e+02 -1.2562001e+02      
1.8354715e+02 -1.2664089e+02      
1.8501156e+02 -1.2702259e+02      
1.8549836e+02 -1.2678744e+02      
1.8513531e+02 -1.2608037e+02      
1.8409272e+02 -1.2503629e+02      
1.8254032e+02 -1.2376446e+02      
1.8066975e+02 -1.2239322e+02      
1.7866989e+02 -1.2105939e+02      
1.6106035e+02 -1.0582853e+02      
1.5935489e+02 -1.0949305e+02      
1.5788389e+02 -1.1349674e+02      
1.5703837e+02 -1.1730191e+02      
1.5680387e+02 -1.2090684e+02      
1.5673172e+02 -1.2485110e+02      
1.5659762e+02 -1.2935278e+02      
1.5636734e+02 -1.3440134e+02      
1.5627160e+02 -1.3969785e+02      
1.5728405e+02 -1.4381347e+02      
1.5946040e+02 -1.4622900e+02      
1.6239435e+02 -1.4696597e+02      
1.6483192e+02 -1.4723994e+02      
1.6639726e+02 -1.4723884e+02      
1.6707293e+02 -1.4693274e+02      
1.6698120e+02 -1.4631522e+02      
1.6626654e+02 -1.4543686e+02      
1.6507633e+02 -1.4437333e+02      
1.6355883e+02 -1.4321552e+02      
1.6185210e+02 -1.4205825e+02      
1.4489237e+02 -1.2781789e+02      
1.4282966e+02 -1.3168400e+02      
1.4065260e+02 -1.3627189e+02      
1.3959481e+02 -1.3992040e+02      
1.3965944e+02 -1.4263336e+02      
1.3949113e+02 -1.4607919e+02      
1.3892707e+02 -1.5032193e+02      
1.3785193e+02 -1.5535324e+02      
1.3726843e+02 -1.5998927e+02      
1.3773608e+02 -1.6349880e+02      
1.3936963e+02 -1.6552601e+02      
1.4185700e+02 -1.6610441e+02      
1.4447282e+02 -1.6573090e+02      
1.4605603e+02 -1.6545061e+02      
1.4677647e+02 -1.6507728e+02      
1.4681142e+02 -1.6450283e+02      
1.4628950e+02 -1.6372812e+02      
1.4533034e+02 -1.6279709e+02      
1.4404879e+02 -1.6177329e+02      
1.4255012e+02 -1.6072667e+02      
1.2652021e+02 -1.4712183e+02      
1.2435516e+02 -1.5083521e+02      
1.2199379e+02 -1.5520385e+02      
1.2078426e+02 -1.5864249e+02      
1.2073146e+02 -1.6114575e+02      
1.2037952e+02 -1.6427556e+02      
1.1966043e+02 -1.6803485e+02      
1.1860783e+02 -1.7224155e+02      
1.1742183e+02 -1.7649458e+02      
1.1736782e+02 -1.7960293e+02      
1.1869344e+02 -1.8124805e+02      
1.2103692e+02 -1.8151369e+02      
1.2297840e+02 -1.8141164e+02      
1.2423901e+02 -1.8118681e+02      
1.2484113e+02 -1.8083009e+02      
1.2487754e+02 -1.8029858e+02      
1.2443774e+02 -1.7959273e+02      
1.2360925e+02 -1.7874342e+02      
1.2247746e+02 -1.7779826e+02      
1.2112180e+02 -1.7681182e+02      
1.0627791e+02 -1.6347163e+02      
1.0430621e+02 -1.6671109e+02      
1.0245342e+02 -1.7018644e+02      
1.0115182e+02 -1.7337573e+02      
1.0039066e+02 -1.7625277e+02      
9.9696086e+01 -1.7928013e+02      
9.8884961e+01 -1.8258139e+02      
9.7957505e+01 -1.8604367e+02      
9.7024181e+01 -1.8941357e+02      
9.6467263e+01 -1.9222790e+02      
9.7630197e+01 -1.9352496e+02      
9.9067915e+01 -1.9410090e+02      
1.0029239e+02 -1.9427857e+02      
1.0111805e+02 -1.9419913e+02      
1.0149742e+02 -1.9390950e+02      
1.0144636e+02 -1.9342576e+02      
1.0100819e+02 -1.9276689e+02      
1.0023763e+02 -1.9196365e+02      
9.9193395e+01 -1.9105646e+02      
9.7932917e+01 -1.9009080e+02      
8.4396746e+01 -1.7678862e+02      
8.2602472e+01 -1.7959439e+02      
8.0960540e+01 -1.8254375e+02      
7.9598088e+01 -1.8545918e+02      
7.8511952e+01 -1.8830002e+02      
7.7570112e+01 -1.9115624e+02      
7.6675399e+01 -1.9406536e+02      
7.5825419e+01 -1.9694790e+02      
7.5109531e+01 -1.9962502e+02      
7.4776019e+01 -2.0180930e+02      
7.5147869e+01 -2.0319666e+02      
7.5813377e+01 -2.0397228e+02      
7.6438442e+01 -2.0432093e+02      
7.6855408e+01 -2.0434963e+02      
7.6984026e+01 -2.0412150e+02      
7.6800884e+01 -2.0367518e+02      
7.6315616e+01 -2.0304242e+02      
7.5555749e+01 -2.0225681e+02      
7.4557535e+01 -2.0135581e+02      
7.3359886e+01 -2.0037954e+02      
