1.3950960e+01 2.2851232e+02      
1.3471929e+01 2.2580013e+02      
1.3326587e+01 2.2324210e+02      
1.3449042e+01 2.2088924e+02      
1.3824367e+01 2.1878457e+02      
1.4510817e+01 2.1696080e+02      
1.5633750e+01 2.1543641e+02      
1.7371165e+01 2.1421436e+02      
1.9976100e+01 2.1328966e+02      
2.3485011e+01 2.1272774e+02      
2.5744466e+01 2.1289596e+02      
2.6683140e+01 2.1387854e+02      
2.6295171e+01 2.1565789e+02      
2.4651110e+01 2.1810990e+02      
2.3971470e+01 2.2078014e+02      
2.4285801e+01 2.2354129e+02      
2.5433113e+01 2.2634029e+02      
2.7341482e+01 2.2912179e+02      
2.9972309e+01 2.3182600e+02      
3.3298207e+01 2.3439102e+02      
4.3540476e+01 2.1754378e+02      
4.3459924e+01 2.1471748e+02      
4.3650247e+01 2.1203453e+02      
4.3978683e+01 2.0954923e+02      
4.4397594e+01 2.0730712e+02      
4.5004086e+01 2.0534382e+02      
4.6007489e+01 2.0367176e+02      
4.7682978e+01 2.0226757e+02      
5.0388423e+01 2.0106784e+02      
5.4130121e+01 2.0010164e+02      
5.6454807e+01 2.0004503e+02      
5.7207333e+01 2.0097617e+02      
5.6367934e+01 2.0287890e+02      
5.4066349e+01 2.0563513e+02      
5.2810538e+01 2.0848006e+02      
5.2667373e+01 2.1131425e+02      
5.3414563e+01 2.1413057e+02      
5.4956614e+01 2.1688900e+02      
5.7248247e+01 2.1953295e+02      
6.0258210e+01 2.2200036e+02      
7.2029058e+01 2.0305942e+02      
7.2490534e+01 2.0009920e+02      
7.3161032e+01 1.9727977e+02      
7.3751832e+01 1.9465637e+02      
7.4101144e+01 1.9227369e+02      
7.4399590e+01 1.9018725e+02      
7.4996140e+01 1.8841675e+02      
7.6240989e+01 1.8691585e+02      
7.8508612e+01 1.8556159e+02      
8.1799820e+01 1.8432670e+02      
8.3810291e+01 1.8413642e+02      
8.4366048e+01 1.8503267e+02      
8.3432767e+01 1.8699862e+02      
8.1123461e+01 1.8995233e+02      
7.9745666e+01 1.9289018e+02      
7.9349011e+01 1.9576233e+02      
7.9766833e+01 1.9859440e+02      
8.0958005e+01 2.0134445e+02      
8.2903494e+01 2.0394911e+02      
8.5580228e+01 2.0634203e+02      
9.8934153e+01 1.8530193e+02      
1.0015321e+02 1.8217688e+02      
1.0160573e+02 1.7920974e+02      
1.0269075e+02 1.7645679e+02      
1.0270010e+02 1.7389972e+02      
1.0231911e+02 1.7170078e+02      
1.0215670e+02 1.6990551e+02      
1.0259128e+02 1.6844803e+02      
1.0393240e+02 1.6718303e+02      
1.0619929e+02 1.6601861e+02      
1.0757875e+02 1.6588522e+02      
1.0794448e+02 1.6676026e+02      
1.0725312e+02 1.6862516e+02      
1.0553692e+02 1.7146450e+02      
1.0449745e+02 1.7429509e+02      
1.0398128e+02 1.7714903e+02      
1.0408999e+02 1.8000088e+02      
1.0492745e+02 1.8276498e+02      
1.0651862e+02 1.8535626e+02      
1.0885175e+02 1.8770011e+02      
1.2371197e+02 1.6456637e+02      
1.2596643e+02 1.6121708e+02      
1.2866120e+02 1.5805498e+02      
1.3085450e+02 1.5521445e+02      
1.2992003e+02 1.5237324e+02      
1.2838124e+02 1.5008659e+02      
1.2709585e+02 1.4836319e+02      
1.2642422e+02 1.4710583e+02      
1.2649888e+02 1.4620824e+02      
1.2712797e+02 1.4569211e+02      
1.2767491e+02 1.4582975e+02      
1.2786990e+02 1.4669574e+02      
1.2767848e+02 1.4826508e+02      
1.2726457e+02 1.5042911e+02      
1.2701473e+02 1.5291411e+02      
1.2629985e+02 1.5574040e+02      
1.2603448e+02 1.5865228e+02      
1.2648190e+02 1.6147372e+02      
1.2770799e+02 1.6408473e+02      
1.2969640e+02 1.6640583e+02      
1.4570102e+02 1.4121216e+02      
1.4921692e+02 1.3752819e+02      
1.5341931e+02 1.3400653e+02      
1.5553368e+02 1.3072380e+02      
1.5493399e+02 1.2780986e+02      
1.5204719e+02 1.2553183e+02      
1.4939161e+02 1.2401049e+02      
1.4747821e+02 1.2309296e+02      
1.4636189e+02 1.2263345e+02      
1.4586630e+02 1.2258846e+02      
1.4572183e+02 1.2299841e+02      
1.4577137e+02 1.2386985e+02      
1.4600554e+02 1.2516110e+02      
1.4641742e+02 1.2685822e+02      
1.4639238e+02 1.2912528e+02      
1.4591431e+02 1.3185969e+02      
1.4523451e+02 1.3490446e+02      
1.4525188e+02 1.3784839e+02      
1.4611550e+02 1.4051417e+02      
1.4777859e+02 1.4283322e+02      
1.6399051e+02 1.1570700e+02      
1.6865869e+02 1.1155677e+02      
1.7277579e+02 1.0745857e+02      
1.7497029e+02 1.0371948e+02      
1.7477307e+02 1.0058344e+02      
1.7237429e+02 9.8292167e+01      
1.6847430e+02 9.7110329e+01      
1.6538060e+02 9.6697901e+01      
1.6326923e+02 9.6728722e+01      
1.6198012e+02 9.7083006e+01      
1.6130676e+02 9.7751075e+01      
1.6117448e+02 9.8685280e+01      
1.6164810e+02 9.9778592e+01      
1.6206746e+02 1.0134544e+02      
1.6212553e+02 1.0349581e+02      
1.6177744e+02 1.0618539e+02      
1.6120401e+02 1.0924022e+02      
1.6083634e+02 1.1235288e+02      
1.6141938e+02 1.1507076e+02      
1.6281509e+02 1.1739028e+02      
1.7761352e+02 8.8626690e+01      
1.8141026e+02 8.4197105e+01      
1.8587210e+02 7.9502859e+01      
1.8838048e+02 7.5268582e+01      
1.8851505e+02 7.1822618e+01      
1.8673211e+02 6.9225806e+01      
1.8357722e+02 6.8085948e+01      
1.7961247e+02 6.8408680e+01      
1.7677918e+02 6.8985186e+01      
1.7494341e+02 6.9724583e+01      
1.7384898e+02 7.0672356e+01      
1.7337729e+02 7.1814735e+01      
1.7345889e+02 7.3103978e+01      
1.7390555e+02 7.4552181e+01      
1.7400814e+02 7.6621706e+01      
1.7365673e+02 7.9349023e+01      
1.7301357e+02 8.2517366e+01      
1.7285721e+02 8.5514664e+01      
1.7338737e+02 8.8194665e+01      
1.7459733e+02 9.0502466e+01      
1.8705689e+02 6.0439948e+01      
1.8988005e+02 5.5884335e+01      
1.9313031e+02 5.1114341e+01      
1.9596028e+02 4.6364958e+01      
1.9610337e+02 4.2726092e+01      
1.9575044e+02 3.9438602e+01      
1.9345408e+02 3.8191497e+01      
1.8959407e+02 3.8972619e+01      
1.8654165e+02 3.9977790e+01      
1.8442525e+02 4.1047791e+01      
1.8304012e+02 4.2273842e+01      
1.8225293e+02 4.3679530e+01      
1.8195541e+02 4.5248929e+01      
1.8200202e+02 4.6980735e+01      
1.8212678e+02 4.8986677e+01      
1.8170929e+02 5.1818553e+01      
1.8137763e+02 5.4792693e+01      
1.8140991e+02 5.7662931e+01      
1.8193815e+02 6.0295648e+01      
1.8300472e+02 6.2598131e+01      
1.9275139e+02 3.1572216e+01      
1.9480051e+02 2.6931944e+01      
1.9705283e+02 2.2157031e+01      
1.9897458e+02 1.7476561e+01      
1.9997834e+02 1.3185260e+01      
2.0044040e+02 9.3386653e+00      
1.9878107e+02 7.9759865e+00      
1.9536158e+02 9.0100827e+00      
1.9244325e+02 1.0260606e+01      
1.9027725e+02 1.1555474e+01      
1.8874865e+02 1.3021434e+01      
1.8775783e+02 1.4691622e+01      
1.8720364e+02 1.6541910e+01      
1.8695767e+02 1.8563422e+01      
1.8682848e+02 2.0836868e+01      
1.8661559e+02 2.3494064e+01      
1.8647783e+02 2.6329739e+01      
1.8659005e+02 2.9142098e+01      
1.8707105e+02 3.1776853e+01      
1.8798731e+02 3.4109901e+01      
1.9489702e+02 2.4537863e+00      
1.9641150e+02 -2.2989243e+00      
1.9806275e+02 -7.1713225e+00      
1.9956805e+02 -1.1982504e+01      
2.0074086e+02 -1.6572948e+01      
2.0141183e+02 -2.0620782e+01      
2.0006249e+02 -2.1967487e+01      
1.9716790e+02 -2.0934389e+01      
1.9455847e+02 -1.9679147e+01      
1.9249163e+02 -1.8306547e+01      
1.9094012e+02 -1.6651448e+01      
1.8985724e+02 -1.4704323e+01      
1.8918035e+02 -1.2584931e+01      
1.8881154e+02 -1.0355975e+01      
1.8861604e+02 -7.9686221e+00      
1.8847315e+02 -5.3469528e+00      
1.8837731e+02 -2.5220154e+00      
1.8844621e+02 3.4352730e-01      
1.8880785e+02 3.0619765e+00      
1.8954088e+02 5.4829800e+00      
1.9360540e+02 -2.6454894e+01      
1.9476861e+02 -3.1362692e+01      
1.9609539e+02 -3.6442706e+01      
1.9742208e+02 -4.1519706e+01      
1.9855317e+02 -4.6282750e+01      
1.9905003e+02 -5.0012343e+01      
1.9761135e+02 -5.1031723e+01      
1.9532643e+02 -5.0468828e+01      
1.9305413e+02 -4.9426962e+01      
1.9114940e+02 -4.8194494e+01      
1.8964764e+02 -4.6383572e+01      
1.8854644e+02 -4.4021658e+01      
1.8785515e+02 -4.1601370e+01      
1.8750966e+02 -3.9262042e+01      
1.8739552e+02 -3.6904371e+01      
1.8733466e+02 -3.4335125e+01      
1.8713485e+02 -3.1374491e+01      
1.8702486e+02 -2.8306330e+01      
1.8718453e+02 -2.5397490e+01      
1.8769374e+02 -2.2819737e+01      
1.8895525e+02 -5.4662656e+01      
1.8988043e+02 -5.9747977e+01      
1.9103129e+02 -6.5124602e+01      
1.9232029e+02 -7.0646421e+01      
1.9350976e+02 -7.5825449e+01      
1.9363776e+02 -7.9174801e+01      
1.9244539e+02 -8.0266610e+01      
1.9023655e+02 -7.9457333e+01      
1.8808749e+02 -7.8421878e+01      
1.8633802e+02 -7.7669144e+01      
1.8491849e+02 -7.5711988e+01      
1.8382817e+02 -7.2573755e+01      
1.8321218e+02 -6.9853703e+01      
1.8301048e+02 -6.7556546e+01      
1.8311953e+02 -6.5432111e+01      
1.8330656e+02 -6.3108896e+01      
1.8279751e+02 -5.9795317e+01      
1.8236906e+02 -5.6338186e+01      
1.8224771e+02 -5.3115065e+01      
1.8250140e+02 -5.0315229e+01      
1.8103744e+02 -8.1665595e+01      
1.8176922e+02 -8.6895185e+01      
1.8277761e+02 -9.2548120e+01      
1.8406816e+02 -9.8624929e+01      
1.8489272e+02 -1.0370462e+02      
1.8482662e+02 -1.0687853e+02      
1.8375293e+02 -1.0785657e+02      
1.8187371e+02 -1.0704479e+02      
1.7968763e+02 -1.0554991e+02      
1.7793990e+02 -1.0475813e+02      
1.7662109e+02 -1.0269007e+02      
1.7571391e+02 -9.9316582e+01      
1.7526311e+02 -9.6588949e+01      
1.7528265e+02 -9.4574307e+01      
1.7566563e+02 -9.2880412e+01      
1.7572142e+02 -9.0469757e+01      
1.7528064e+02 -8.7168082e+01      
1.7449334e+02 -8.3200929e+01      
1.7405049e+02 -7.9557203e+01      
1.7404585e+02 -7.6500578e+01      
1.6998910e+02 -1.0698060e+02      
1.7052999e+02 -1.1227679e+02      
1.7129200e+02 -1.1796399e+02      
1.7216532e+02 -1.2380138e+02      
1.7284284e+02 -1.2914089e+02      
1.7268144e+02 -1.3225872e+02      
1.7160853e+02 -1.3279682e+02      
1.6980434e+02 -1.3133253e+02      
1.6794545e+02 -1.2983147e+02      
1.6630418e+02 -1.2880028e+02      
1.6510245e+02 -1.2668070e+02      
1.6436847e+02 -1.2351097e+02      
1.6404956e+02 -1.2105117e+02      
1.6425537e+02 -1.1950065e+02      
1.6448879e+02 -1.1780114e+02      
1.6445328e+02 -1.1538751e+02      
1.6404332e+02 -1.1210067e+02      
1.6334275e+02 -1.0814875e+02      
1.6263657e+02 -1.0409603e+02      
1.6244383e+02 -1.0086639e+02      
1.5600722e+02 -1.3016503e+02      
1.5637021e+02 -1.3547327e+02      
1.5693409e+02 -1.4126229e+02      
1.5756516e+02 -1.4716868e+02      
1.5790653e+02 -1.5209853e+02      
1.5767320e+02 -1.5520581e+02      
1.5652715e+02 -1.5496272e+02      
1.5491925e+02 -1.5318141e+02      
1.5329523e+02 -1.5124677e+02      
1.5187465e+02 -1.4944350e+02      
1.5077667e+02 -1.4730126e+02      
1.5004225e+02 -1.4483774e+02      
1.4966676e+02 -1.4262600e+02      
1.4964175e+02 -1.4089339e+02      
1.4982810e+02 -1.3945200e+02      
1.4975282e+02 -1.3717801e+02      
1.4932700e+02 -1.3386099e+02      
1.4861479e+02 -1.2978529e+02      
1.4808934e+02 -1.2608265e+02      
1.4788771e+02 -1.2297497e+02      
1.3933600e+02 -1.5080513e+02      
1.3953041e+02 -1.5601971e+02      
1.3996069e+02 -1.6197353e+02      
1.4061575e+02 -1.6868188e+02      
1.4075370e+02 -1.7341093e+02      
1.4030694e+02 -1.7578335e+02      
1.3919709e+02 -1.7534749e+02      
1.3752213e+02 -1.7245143e+02      
1.3602060e+02 -1.6997641e+02      
1.3475315e+02 -1.6783506e+02      
1.3373994e+02 -1.6569663e+02      
1.3300084e+02 -1.6350550e+02      
1.3253246e+02 -1.6139648e+02      
1.3230332e+02 -1.5946438e+02      
1.3222602e+02 -1.5764045e+02      
1.3212637e+02 -1.5559141e+02      
1.3168163e+02 -1.5222606e+02      
1.3119795e+02 -1.4870767e+02      
1.3084003e+02 -1.4543037e+02      
1.3068419e+02 -1.4255202e+02      
1.2026186e+02 -1.6854751e+02      
1.2026631e+02 -1.7342099e+02      
1.2045787e+02 -1.7896204e+02      
1.2079388e+02 -1.8520243e+02      
1.2071090e+02 -1.8940260e+02      
1.2015872e+02 -1.9136388e+02      
1.1913242e+02 -1.9093403e+02      
1.1769562e+02 -1.8813736e+02      
1.1637795e+02 -1.8572876e+02      
1.1524741e+02 -1.8362436e+02      
1.1431318e+02 -1.8156899e+02      
1.1358551e+02 -1.7949375e+02      
1.1305820e+02 -1.7741703e+02      
1.1270062e+02 -1.7535166e+02      
1.1245146e+02 -1.7323880e+02      
1.1221261e+02 -1.7088045e+02      
1.1188796e+02 -1.6801814e+02      
1.1155966e+02 -1.6498887e+02      
1.1131323e+02 -1.6207112e+02      
1.1119729e+02 -1.5941514e+02      
9.9122919e+01 -1.8317873e+02      
9.8923579e+01 -1.8747815e+02      
9.8817393e+01 -1.9201972e+02      
9.8710507e+01 -1.9642740e+02      
9.8398200e+01 -1.9969153e+02      
9.7794872e+01 -2.0136989e+02      
9.6902616e+01 -2.0138134e+02      
9.5810173e+01 -2.0004333e+02      
9.4716913e+01 -1.9830519e+02      
9.3725320e+01 -1.9649261e+02      
9.2872173e+01 -1.9460924e+02      
9.2172542e+01 -1.9264673e+02      
9.1623828e+01 -1.9061133e+02      
9.1204869e+01 -1.8850035e+02      
9.0876768e+01 -1.8627721e+02      
9.0590913e+01 -1.8387080e+02      
9.0317400e+01 -1.8125425e+02      
9.0072731e+01 -1.7853865e+02      
8.9892671e+01 -1.7588094e+02      
8.9803852e+01 -1.7340607e+02      
7.6300755e+01 -1.9462766e+02      
7.5918401e+01 -1.9830645e+02      
7.5575987e+01 -2.0194648e+02      
7.5207472e+01 -2.0523829e+02      
7.4728091e+01 -2.0775587e+02      
7.4086166e+01 -2.0920877e+02      
7.3283827e+01 -2.0954325e+02      
7.2376347e+01 -2.0895489e+02      
7.1451715e+01 -2.0779897e+02      
7.0582009e+01 -2.0633063e+02      
6.9808490e+01 -2.0465855e+02      
6.9150303e+01 -2.0282848e+02      
6.8609971e+01 -2.0086462e+02      
6.8176048e+01 -1.9877655e+02      
6.7826768e+01 -1.9655904e+02      
6.7537704e+01 -1.9420361e+02      
6.7293847e+01 -1.9172935e+02      
6.7096888e+01 -1.8920426e+02      
6.6958476e+01 -1.8672454e+02      
6.6888681e+01 -1.8438358e+02      
