2.1877290e+01 2.5752684e+02      
1.9817741e+01 2.5593523e+02      
1.8346633e+01 2.5426282e+02      
1.7451638e+01 2.5256234e+02      
1.7083090e+01 2.5088922e+02      
1.7145978e+01 2.4930083e+02      
1.7530583e+01 2.4785224e+02      
1.8176983e+01 2.4658854e+02      
1.9106548e+01 2.4553921e+02      
2.0386061e+01 2.4471826e+02      
2.2060139e+01 2.4412745e+02      
2.4119705e+01 2.4375716e+02      
2.6515476e+01 2.4358599e+02      
2.9188395e+01 2.4358346e+02      
3.2096299e+01 2.4371403e+02      
3.5224261e+01 2.4393832e+02      
3.8581217e+01 2.4421259e+02      
4.2191218e+01 2.4448944e+02      
4.6083988e+01 2.4471943e+02      
5.0287006e+01 2.4485295e+02      
4.8480128e+01 2.4815638e+02      
4.6532658e+01 2.4642954e+02      
4.5229602e+01 2.4459348e+02      
4.4577967e+01 2.4270438e+02      
4.4531328e+01 2.4082358e+02      
4.4928507e+01 2.3902113e+02      
4.5528936e+01 2.3737094e+02      
4.6212733e+01 2.3593234e+02      
4.7065199e+01 2.3473757e+02      
4.8283910e+01 2.3379558e+02      
4.9973777e+01 2.3310627e+02      
5.2104026e+01 2.3265917e+02      
5.4569156e+01 2.3242531e+02      
5.7254846e+01 2.3236358e+02      
6.0093899e+01 2.3243337e+02      
6.3073924e+01 2.3259276e+02      
6.6220231e+01 2.3279357e+02      
6.9578372e+01 2.3298238e+02      
7.3198564e+01 2.3310356e+02      
7.7124492e+01 2.3310219e+02      
7.3700117e+01 2.3502941e+02      
7.1867260e+01 2.3314151e+02      
7.0740980e+01 2.3111509e+02      
7.0376730e+01 2.2900687e+02      
7.0809111e+01 2.2687802e+02      
7.1829659e+01 2.2481186e+02      
7.2762301e+01 2.2292508e+02      
7.3379636e+01 2.2130226e+02      
7.3888780e+01 2.1997624e+02      
7.4925597e+01 2.1892711e+02      
7.6646732e+01 2.1815860e+02      
7.8929696e+01 2.1767186e+02      
8.1551127e+01 2.1742328e+02      
8.4273642e+01 2.1734267e+02      
8.7008084e+01 2.1739138e+02      
8.9764993e+01 2.1753179e+02      
9.2602811e+01 2.1770980e+02      
9.5604173e+01 2.1786356e+02      
9.8849822e+01 2.1792912e+02      
1.0240629e+02 2.1784519e+02      
9.7104239e+01 2.1838433e+02      
9.5362996e+01 2.1630995e+02      
9.4374417e+01 2.1406888e+02      
9.4250311e+01 2.1171590e+02      
9.5208758e+01 2.0929862e+02      
9.7347981e+01 2.0688993e+02      
9.8690831e+01 2.0472052e+02      
9.9160580e+01 2.0289903e+02      
9.8845953e+01 2.0147668e+02      
9.9677018e+01 2.0031997e+02      
1.0153331e+02 1.9947618e+02      
1.0415859e+02 1.9900071e+02      
1.0718759e+02 1.9883325e+02      
1.0995927e+02 1.9875717e+02      
1.1253491e+02 1.9882199e+02      
1.1496158e+02 1.9899679e+02      
1.1735900e+02 1.9921169e+02      
1.1987425e+02 1.9939267e+02      
1.2262583e+02 1.9946300e+02      
1.2571339e+02 1.9935415e+02      
1.1830143e+02 1.9851385e+02      
1.1660719e+02 1.9622825e+02      
1.1566904e+02 1.9375242e+02      
1.1560203e+02 1.9114353e+02      
1.1662338e+02 1.8844039e+02      
1.1882079e+02 1.8568236e+02      
1.2027148e+02 1.8322388e+02      
1.2089562e+02 1.8115648e+02      
1.2080049e+02 1.7957007e+02      
1.2187651e+02 1.7823208e+02      
1.2404800e+02 1.7726518e+02      
1.2718374e+02 1.7680965e+02      
1.3117056e+02 1.7691870e+02      
1.3400968e+02 1.7683813e+02      
1.3647730e+02 1.7700735e+02      
1.3836673e+02 1.7727661e+02      
1.4013917e+02 1.7760100e+02      
1.4201414e+02 1.7788505e+02      
1.4412236e+02 1.7802703e+02      
1.4663282e+02 1.7795425e+02      
1.3695705e+02 1.7575937e+02      
1.3526090e+02 1.7323683e+02      
1.3428160e+02 1.7050664e+02      
1.3408606e+02 1.6763740e+02      
1.3471982e+02 1.6469659e+02      
1.3599057e+02 1.6178215e+02      
1.3725658e+02 1.5906647e+02      
1.3831267e+02 1.5666109e+02      
1.3938266e+02 1.5462257e+02      
1.4110928e+02 1.5295042e+02      
1.4369430e+02 1.5175181e+02      
1.4713214e+02 1.5116583e+02      
1.5133091e+02 1.5121329e+02      
1.5578958e+02 1.5170704e+02      
1.5855417e+02 1.5223152e+02      
1.5956841e+02 1.5267100e+02      
1.6060981e+02 1.5322994e+02      
1.6169690e+02 1.5371607e+02      
1.6291652e+02 1.5399499e+02      
1.6474091e+02 1.5401896e+02      
1.5279858e+02 1.5050543e+02      
1.5106451e+02 1.4771664e+02      
1.4999099e+02 1.4470631e+02      
1.4960598e+02 1.4155648e+02      
1.4988695e+02 1.3835313e+02      
1.5070114e+02 1.3519299e+02      
1.5184061e+02 1.3217944e+02      
1.5321716e+02 1.2939610e+02      
1.5494474e+02 1.2690398e+02      
1.5724322e+02 1.2478404e+02      
1.6022643e+02 1.2321646e+02      
1.6389441e+02 1.2243585e+02      
1.6830840e+02 1.2252626e+02      
1.7328247e+02 1.2332870e+02      
1.7630368e+02 1.2437905e+02      
1.7754333e+02 1.2546108e+02      
1.7799744e+02 1.2648962e+02      
1.7831423e+02 1.2730397e+02      
1.7837528e+02 1.2777595e+02      
1.7958913e+02 1.2796397e+02      
1.6561242e+02 1.2317498e+02      
1.6382134e+02 1.2008510e+02      
1.6263780e+02 1.1676027e+02      
1.6207957e+02 1.1329523e+02      
1.6213177e+02 1.0978448e+02      
1.6273763e+02 1.0631749e+02      
1.6382700e+02 1.0297069e+02      
1.6537999e+02 9.9797594e+01      
1.6746160e+02 9.6830016e+01      
1.7018568e+02 9.4115130e+01      
1.7355928e+02 9.1915114e+01      
1.7736396e+02 9.0863260e+01      
1.8164902e+02 9.1140710e+01      
1.8629181e+02 9.2459172e+01      
1.8894643e+02 9.4238727e+01      
1.8970268e+02 9.6072990e+01      
1.8923643e+02 9.7716725e+01      
1.8927648e+02 9.8971393e+01      
1.8971001e+02 9.9811834e+01      
1.9082749e+02 1.0024875e+02      
1.7523888e+02 9.4225027e+01      
1.7338239e+02 9.0792244e+01      
1.7208707e+02 8.7110070e+01      
1.7137658e+02 8.3289612e+01      
1.7126012e+02 7.9436432e+01      
1.7173140e+02 7.5638940e+01      
1.7277996e+02 7.1958183e+01      
1.7441428e+02 6.8418109e+01      
1.7668402e+02 6.4994709e+01      
1.7970694e+02 6.1588167e+01      
1.8355904e+02 5.8276316e+01      
1.8733853e+02 5.6898478e+01      
1.9112358e+02 5.7582643e+01      
1.9468769e+02 6.0090435e+01      
1.9642365e+02 6.2871261e+01      
1.9636424e+02 6.5562936e+01      
1.9627275e+02 6.7760601e+01      
1.9653574e+02 6.9456040e+01      
1.9722141e+02 7.0660934e+01      
1.9838233e+02 7.1378014e+01      
1.8157057e+02 6.4142883e+01      
1.7964404e+02 6.0315462e+01      
1.7823295e+02 5.6221159e+01      
1.7737170e+02 5.1998381e+01      
1.7709652e+02 4.7773798e+01      
1.7744062e+02 4.3643265e+01      
1.7842712e+02 3.9661198e+01      
1.8007009e+02 3.5831137e+01      
1.8238761e+02 3.2090457e+01      
1.8543023e+02 2.8272413e+01      
1.8914336e+02 2.4484562e+01      
1.9260637e+02 2.3049041e+01      
1.9572990e+02 2.4213398e+01      
1.9833389e+02 2.7595201e+01      
1.9911549e+02 3.1344414e+01      
1.9943617e+02 3.4573171e+01      
1.9976150e+02 3.7233753e+01      
2.0029515e+02 3.9332338e+01      
2.0112799e+02 4.0877960e+01      
2.0230858e+02 4.1874678e+01      
1.8455418e+02 3.3444888e+01      
1.8255466e+02 2.9154664e+01      
1.8101624e+02 2.4570350e+01      
1.7998075e+02 1.9882340e+01      
1.7951657e+02 1.5256006e+01      
1.7970505e+02 1.0801956e+01      
1.8060203e+02 6.5756819e+00      
1.8221414e+02 2.5736848e+00      
1.8450081e+02 -1.2748762e+00      
1.8739563e+02 -5.1088793e+00      
1.9072965e+02 -8.8056148e+00      
1.9376936e+02 -1.0061173e+01      
1.9612614e+02 -8.2914575e+00      
1.9772378e+02 -4.1489444e+00      
1.9865324e+02 -2.6732350e-02      
1.9927988e+02 3.6147382e+00      
1.9987530e+02 6.6782092e+00      
2.0058758e+02 9.1383043e+00      
2.0150515e+02 1.0995867e+01      
2.0267462e+02 1.2258146e+01      
1.8419273e+02 2.6824746e+00      
1.8212410e+02 -2.1668828e+00      
1.8044468e+02 -7.3704965e+00      
1.7918089e+02 -1.2619316e+01      
1.7844565e+02 -1.7683355e+01      
1.7841595e+02 -2.2446639e+01      
1.7920317e+02 -2.6849272e+01      
1.8080329e+02 -3.0887571e+01      
1.8309403e+02 -3.4651012e+01      
1.8586692e+02 -3.8224730e+01      
1.8887188e+02 -4.1231456e+01      
1.9168860e+02 -4.2404223e+01      
1.9328577e+02 -3.9735083e+01      
1.9441617e+02 -3.5403017e+01      
1.9527488e+02 -3.0882699e+01      
1.9599569e+02 -2.6815010e+01      
1.9670595e+02 -2.3377030e+01      
1.9750091e+02 -2.0598376e+01      
1.9844361e+02 -1.8466633e+01      
1.9956971e+02 -1.6964315e+01      
1.8054266e+02 -2.7533853e+01      
1.7842868e+02 -3.3074462e+01      
1.7662702e+02 -3.9174385e+01      
1.7504147e+02 -4.5128000e+01      
1.7383531e+02 -5.0651048e+01      
1.7347457e+02 -5.5709456e+01      
1.7414331e+02 -6.0232522e+01      
1.7582851e+02 -6.4148207e+01      
1.7832058e+02 -6.7608520e+01      
1.8112542e+02 -7.1036483e+01      
1.8394666e+02 -7.3956587e+01      
1.8615917e+02 -7.4176363e+01      
1.8757360e+02 -7.1321702e+01      
1.8829567e+02 -6.6031433e+01      
1.8895010e+02 -6.0745344e+01      
1.8962038e+02 -5.6171591e+01      
1.9034032e+02 -5.2400452e+01      
1.9114338e+02 -4.9364321e+01      
1.9206133e+02 -4.7010582e+01      
1.9311470e+02 -4.5305357e+01      
1.7370265e+02 -5.6497185e+01      
1.7156899e+02 -6.2732284e+01      
1.6974452e+02 -7.0179207e+01      
1.6776109e+02 -7.6894049e+01      
1.6573592e+02 -8.2822947e+01      
1.6496173e+02 -8.8186426e+01      
1.6552480e+02 -9.2849488e+01      
1.6741362e+02 -9.6553691e+01      
1.7049567e+02 -9.9242372e+01      
1.7344074e+02 -1.0264250e+02      
1.7560380e+02 -1.0436972e+02      
1.7722166e+02 -1.0364895e+02      
1.7839529e+02 -1.0035862e+02      
1.7914445e+02 -9.4982285e+01      
1.7961502e+02 -8.8788745e+01      
1.8020322e+02 -8.3834994e+01      
1.8088535e+02 -7.9867486e+01      
1.8165060e+02 -7.6673196e+01      
1.8250838e+02 -7.4167338e+01      
1.8346635e+02 -7.2306704e+01      
1.6381881e+02 -8.3489485e+01      
1.6163475e+02 -8.9886992e+01      
1.5962514e+02 -9.7588377e+01      
1.5742005e+02 -1.0466905e+02      
1.5509499e+02 -1.1106729e+02      
1.5414051e+02 -1.1684204e+02      
1.5468101e+02 -1.2179192e+02      
1.5674364e+02 -1.2560625e+02      
1.6019490e+02 -1.2804417e+02      
1.6313314e+02 -1.3049194e+02      
1.6427779e+02 -1.3100263e+02      
1.6521784e+02 -1.2942558e+02      
1.6608709e+02 -1.2546782e+02      
1.6674761e+02 -1.1956012e+02      
1.6729130e+02 -1.1399647e+02      
1.6785915e+02 -1.0925280e+02      
1.6849294e+02 -1.0531735e+02      
1.6919626e+02 -1.0209047e+02      
1.6997180e+02 -9.9512103e+01      
1.7081952e+02 -9.7548636e+01      
1.5110411e+02 -1.0804605e+02      
1.4891301e+02 -1.1402305e+02      
1.4685212e+02 -1.2074903e+02      
1.4475435e+02 -1.2769622e+02      
1.4260847e+02 -1.3483184e+02      
1.4178594e+02 -1.4108334e+02      
1.4237334e+02 -1.4649880e+02      
1.4442682e+02 -1.5090880e+02      
1.4779792e+02 -1.5378886e+02      
1.4981975e+02 -1.5464606e+02      
1.5023555e+02 -1.5305212e+02      
1.5058994e+02 -1.5096156e+02      
1.5119852e+02 -1.4635187e+02      
1.5175232e+02 -1.4128859e+02      
1.5226720e+02 -1.3646368e+02      
1.5279689e+02 -1.3214342e+02      
1.5337054e+02 -1.2840492e+02      
1.5399736e+02 -1.2525283e+02      
1.5467793e+02 -1.2267423e+02      
1.5540766e+02 -1.2065741e+02      
1.3580343e+02 -1.2998308e+02      
1.3368468e+02 -1.3544961e+02      
1.3175431e+02 -1.4148479e+02      
1.3002851e+02 -1.4792460e+02      
1.2871339e+02 -1.5462157e+02      
1.2830488e+02 -1.6111875e+02      
1.2893164e+02 -1.6695028e+02      
1.3068225e+02 -1.7218494e+02      
1.3257428e+02 -1.7499506e+02      
1.3365363e+02 -1.7497499e+02      
1.3362733e+02 -1.7203379e+02      
1.3370606e+02 -1.6874457e+02      
1.3400950e+02 -1.6474714e+02      
1.3439710e+02 -1.6044755e+02      
1.3481839e+02 -1.5624843e+02      
1.3527447e+02 -1.5235563e+02      
1.3577185e+02 -1.4887813e+02      
1.3631211e+02 -1.4586568e+02      
1.3689142e+02 -1.4333942e+02      
1.3750131e+02 -1.4130891e+02      
1.1816676e+02 -1.4916470e+02      
1.1615715e+02 -1.5415257e+02      
1.1439136e+02 -1.5961526e+02      
1.1295791e+02 -1.6547081e+02      
1.1206582e+02 -1.7174271e+02      
1.1200766e+02 -1.7853757e+02      
1.1243444e+02 -1.8419314e+02      
1.1335730e+02 -1.8874937e+02      
1.1434156e+02 -1.9148641e+02      
1.1482509e+02 -1.9129797e+02      
1.1460397e+02 -1.8796929e+02      
1.1452774e+02 -1.8439951e+02      
1.1464987e+02 -1.8072413e+02      
1.1489149e+02 -1.7695200e+02      
1.1520598e+02 -1.7324368e+02      
1.1557349e+02 -1.6973795e+02      
1.1598534e+02 -1.6653206e+02      
1.1643446e+02 -1.6368841e+02      
1.1691181e+02 -1.6124585e+02      
1.1740520e+02 -1.5922904e+02      
9.8465084e+01 -1.6542736e+02      
9.6558237e+01 -1.6994624e+02      
9.4909521e+01 -1.7484577e+02      
9.3600571e+01 -1.8004771e+02      
9.2746500e+01 -1.8548545e+02      
9.2415444e+01 -1.9093586e+02      
9.2492359e+01 -1.9576606e+02      
9.2894667e+01 -1.9981509e+02      
9.3470339e+01 -2.0304866e+02      
9.3682897e+01 -2.0332922e+02      
9.3473463e+01 -2.0066290e+02      
9.3346170e+01 -1.9734716e+02      
9.3366907e+01 -1.9395591e+02      
9.3503435e+01 -1.9059199e+02      
9.3722872e+01 -1.8729360e+02      
9.4003223e+01 -1.8413477e+02      
9.4329572e+01 -1.8119093e+02      
9.4689327e+01 -1.7852381e+02      
9.5069276e+01 -1.7617985e+02      
9.5454103e+01 -1.7419293e+02      
7.7007969e+01 -1.7861924e+02      
7.5181327e+01 -1.8267565e+02      
7.3596959e+01 -1.8701689e+02      
7.2312226e+01 -1.9154406e+02      
7.1380503e+01 -1.9612295e+02      
7.0817397e+01 -2.0053256e+02      
7.0579304e+01 -2.0448187e+02      
7.0588274e+01 -2.0775412e+02      
7.0711322e+01 -2.1004843e+02      
7.0750067e+01 -2.1078515e+02      
7.0681550e+01 -2.1017612e+02      
7.0534235e+01 -2.0712774e+02      
7.0495288e+01 -2.0410831e+02      
7.0558123e+01 -2.0116287e+02      
7.0700067e+01 -1.9824596e+02      
7.0902866e+01 -1.9540663e+02      
7.1150654e+01 -1.9270974e+02      
7.1428319e+01 -1.9021550e+02      
7.1720027e+01 -1.8797389e+02      
7.2008228e+01 -1.8602427e+02      
