1.7252567e+01 2.5388988e+02      
1.4557011e+01 2.5187035e+02      
1.2380122e+01 2.4976881e+02      
1.0730189e+01 2.4764874e+02      
9.6141218e+00 2.4557340e+02      
9.0384163e+00 2.4360420e+02      
9.0083549e+00 2.4179994e+02      
9.5250256e+00 2.4021709e+02      
1.0580953e+01 2.3891095e+02      
1.2156437e+01 2.3793660e+02      
1.4219877e+01 2.3734857e+02      
1.6735562e+01 2.3719789e+02      
1.9678378e+01 2.3752613e+02      
2.3043033e+01 2.3835601e+02      
2.6804909e+01 2.3966290e+02      
3.0613062e+01 2.4117275e+02      
3.3548644e+01 2.4218581e+02      
3.5651890e+01 2.4263473e+02      
3.7934218e+01 2.4308319e+02      
4.0814201e+01 2.4368413e+02      
4.4470795e+01 2.4411356e+02      
4.1843060e+01 2.4188938e+02      
3.9736064e+01 2.3955207e+02      
3.8154755e+01 2.3717222e+02      
3.7104612e+01 2.3481981e+02      
3.6594541e+01 2.3256165e+02      
3.6636538e+01 2.3046041e+02      
3.7240736e+01 2.2857599e+02      
3.8406841e+01 2.2696877e+02      
4.0115027e+01 2.2570349e+02      
4.2322061e+01 2.2485189e+02      
4.4973224e+01 2.2449137e+02      
4.8040643e+01 2.2469975e+02      
5.1582710e+01 2.2555570e+02      
5.5818699e+01 2.2718125e+02      
6.0709517e+01 2.2952153e+02      
6.3319117e+01 2.3050667e+02      
6.3682632e+01 2.3006317e+02      
6.4905541e+01 2.3008631e+02      
6.7132915e+01 2.3048682e+02      
7.0474405e+01 2.3066384e+02      
6.7948379e+01 2.2820165e+02      
6.5940282e+01 2.2559453e+02      
6.4447665e+01 2.2292223e+02      
6.3471134e+01 2.2026309e+02      
6.3021936e+01 2.1768935e+02      
6.3123710e+01 2.1526517e+02      
6.3804535e+01 2.1304942e+02      
6.5081228e+01 2.1110241e+02      
6.6939831e+01 2.0949451e+02      
6.9316686e+01 2.0831447e+02      
7.2099858e+01 2.0767151e+02      
7.5195783e+01 2.0768257e+02      
7.8662690e+01 2.0845571e+02      
8.2847221e+01 2.1011538e+02      
8.7766455e+01 2.1250300e+02      
8.9926012e+01 2.1353455e+02      
8.9388058e+01 2.1311470e+02      
8.9885908e+01 2.1311528e+02      
9.1584118e+01 2.1351322e+02      
9.4848867e+01 2.1379308e+02      
9.2463235e+01 2.1105523e+02      
9.0589504e+01 2.0813913e+02      
8.9210005e+01 2.0513751e+02      
8.8311725e+01 2.0214122e+02      
8.7905500e+01 1.9922906e+02      
8.8034698e+01 1.9646268e+02      
8.8761331e+01 1.9389193e+02      
9.0138843e+01 1.9156719e+02      
9.2180615e+01 1.8955430e+02      
9.4811828e+01 1.8795324e+02      
9.7801817e+01 1.8691706e+02      
1.0084158e+02 1.8662565e+02      
1.0385371e+02 1.8719784e+02      
1.0718825e+02 1.8865244e+02      
1.1109716e+02 1.9072995e+02      
1.1267008e+02 1.9189714e+02      
1.1199159e+02 1.9203375e+02      
1.1229849e+02 1.9241054e+02      
1.1369523e+02 1.9303231e+02      
1.1720390e+02 1.9381164e+02      
1.1500552e+02 1.9075475e+02      
1.1331570e+02 1.8748178e+02      
1.1208781e+02 1.8410568e+02      
1.1127312e+02 1.8073996e+02      
1.1087026e+02 1.7747491e+02      
1.1095810e+02 1.7436252e+02      
1.1166092e+02 1.7142954e+02      
1.1309700e+02 1.6870110e+02      
1.1534980e+02 1.6621948e+02      
1.1842368e+02 1.6406868e+02      
1.2196139e+02 1.6245432e+02      
1.2499455e+02 1.6174090e+02      
1.2717503e+02 1.6209299e+02      
1.2876835e+02 1.6337468e+02      
1.3032307e+02 1.6504115e+02      
1.3118117e+02 1.6644330e+02      
1.3136715e+02 1.6746379e+02      
1.3189295e+02 1.6843277e+02      
1.3314929e+02 1.6943780e+02      
1.3717332e+02 1.7108662e+02      
1.3521998e+02 1.6765991e+02      
1.3379023e+02 1.6396699e+02      
1.3279133e+02 1.6015204e+02      
1.3208286e+02 1.5637644e+02      
1.3160232e+02 1.5276134e+02      
1.3151386e+02 1.4932983e+02      
1.3206005e+02 1.4605864e+02      
1.3344463e+02 1.4293063e+02      
1.3584414e+02 1.3994473e+02      
1.3947814e+02 1.3711539e+02      
1.4427711e+02 1.3461406e+02      
1.4743162e+02 1.3335855e+02      
1.4862053e+02 1.3357153e+02      
1.4788948e+02 1.3509412e+02      
1.4772344e+02 1.3687037e+02      
1.4785440e+02 1.3859293e+02      
1.4808565e+02 1.4020436e+02      
1.4864207e+02 1.4174181e+02      
1.4974925e+02 1.4320552e+02      
1.5441023e+02 1.4604268e+02      
1.5276724e+02 1.4218845e+02      
1.5171175e+02 1.3798837e+02      
1.5111296e+02 1.3362560e+02      
1.5063918e+02 1.2935947e+02      
1.4986969e+02 1.2544676e+02      
1.4935054e+02 1.2178103e+02      
1.4953207e+02 1.1824124e+02      
1.5067618e+02 1.1476359e+02      
1.5299671e+02 1.1130670e+02      
1.5675770e+02 1.0780891e+02      
1.6177239e+02 1.0442568e+02      
1.6482504e+02 1.0262313e+02      
1.6540384e+02 1.0272167e+02      
1.6368183e+02 1.0456058e+02      
1.6260840e+02 1.0661600e+02      
1.6217919e+02 1.0868722e+02      
1.6212319e+02 1.1079144e+02      
1.6246862e+02 1.1287454e+02      
1.6333360e+02 1.1484465e+02      
1.6857901e+02 1.1916549e+02      
1.6730002e+02 1.1482732e+02      
1.6675945e+02 1.1000353e+02      
1.6681243e+02 1.0492117e+02      
1.6694384e+02 9.9991286e+01      
1.6540716e+02 9.5930849e+01      
1.6410930e+02 9.2191643e+01      
1.6367398e+02 8.8499170e+01      
1.6436226e+02 8.4759054e+01      
1.6632553e+02 8.0943905e+01      
1.6974440e+02 7.6934115e+01      
1.7435872e+02 7.2832312e+01      
1.7715710e+02 7.0517261e+01      
1.7755494e+02 7.0401933e+01      
1.7568427e+02 7.2413922e+01      
1.7434188e+02 7.4657106e+01      
1.7363056e+02 7.7014967e+01      
1.7320896e+02 7.9645636e+01      
1.7320091e+02 8.2336639e+01      
1.7373537e+02 8.4881347e+01      
1.7935054e+02 9.1005942e+01      
1.7843474e+02 8.6155042e+01      
1.7849850e+02 8.0587548e+01      
1.7928186e+02 7.4627258e+01      
1.7906625e+02 6.9276951e+01      
1.7758394e+02 6.4803441e+01      
1.7533744e+02 6.1150586e+01      
1.7409758e+02 5.7420129e+01      
1.7418722e+02 5.3467295e+01      
1.7559552e+02 4.9476084e+01      
1.7833981e+02 4.5264885e+01      
1.8215904e+02 4.0838493e+01      
1.8471197e+02 3.8060008e+01      
1.8539151e+02 3.7410471e+01      
1.8387071e+02 3.9230283e+01      
1.8267218e+02 4.1419996e+01      
1.8200300e+02 4.3899872e+01      
1.8110984e+02 4.7213581e+01      
1.8064832e+02 5.0652301e+01      
1.8078890e+02 5.3871743e+01      
1.8642008e+02 6.2170934e+01      
1.8568392e+02 5.6909983e+01      
1.8622556e+02 5.0589188e+01      
1.8660776e+02 4.4220808e+01      
1.8610211e+02 3.8462412e+01      
1.8456077e+02 3.3601699e+01      
1.8235539e+02 2.9546645e+01      
1.8036003e+02 2.5785674e+01      
1.7994006e+02 2.1415287e+01      
1.8076985e+02 1.7466074e+01      
1.8271165e+02 1.3356311e+01      
1.8531134e+02 9.3261652e+00      
1.8771072e+02 6.1164916e+00      
1.8933809e+02 4.3118453e+00      
1.8833431e+02 5.4542795e+00      
1.8740936e+02 7.4131774e+00      
1.8651178e+02 1.0327416e+01      
1.8553438e+02 1.4105276e+01      
1.8461425e+02 1.8425468e+01      
1.8434252e+02 2.2425894e+01      
1.8962345e+02 3.3237967e+01      
1.8857885e+02 2.7919270e+01      
1.8835988e+02 2.1704541e+01      
1.8862164e+02 1.4807644e+01      
1.8795694e+02 8.5993108e+00      
1.8621788e+02 3.4749178e+00      
1.8377553e+02 -7.7984018e-01      
1.8205729e+02 -5.4215081e+00      
1.8145650e+02 -1.0323479e+01      
1.8194579e+02 -1.4529546e+01      
1.8338353e+02 -1.8698557e+01      
1.8547781e+02 -2.2868704e+01      
1.8780897e+02 -2.6667864e+01      
1.8964434e+02 -2.9210202e+01      
1.8913369e+02 -2.8590203e+01      
1.8806265e+02 -2.6256189e+01      
1.8693369e+02 -2.2764234e+01      
1.8583473e+02 -1.8404126e+01      
1.8486587e+02 -1.3546073e+01      
1.8425304e+02 -8.7413874e+00      
1.8905967e+02 4.6455592e+00      
1.8756592e+02 -5.6443151e-01      
1.8659448e+02 -6.5082932e+00      
1.8595059e+02 -1.3034548e+01      
1.8516715e+02 -1.9694197e+01      
1.8318215e+02 -2.4976781e+01      
1.8116938e+02 -3.0314060e+01      
1.7967876e+02 -3.5957269e+01      
1.7903118e+02 -4.1271041e+01      
1.7930198e+02 -4.6061001e+01      
1.8049090e+02 -5.0395688e+01      
1.8243310e+02 -5.4957467e+01      
1.8492801e+02 -5.9692367e+01      
1.8629708e+02 -6.2126975e+01      
1.8613128e+02 -6.1746053e+01      
1.8477991e+02 -5.8836328e+01      
1.8336587e+02 -5.4591370e+01      
1.8207754e+02 -4.9450683e+01      
1.8098304e+02 -4.3880149e+01      
1.8042984e+02 -3.8861987e+01      
1.8494816e+02 -2.3238896e+01      
1.8304597e+02 -2.8294891e+01      
1.8148483e+02 -3.3974700e+01      
1.8012681e+02 -4.0126455e+01      
1.7870909e+02 -4.6434621e+01      
1.7694621e+02 -5.2523640e+01      
1.7515929e+02 -5.8799277e+01      
1.7381611e+02 -6.4874034e+01      
1.7312522e+02 -7.0619819e+01      
1.7319668e+02 -7.5957530e+01      
1.7408662e+02 -8.0912426e+01      
1.7578375e+02 -8.5650403e+01      
1.7779574e+02 -9.0371043e+01      
1.7878696e+02 -9.2592078e+01      
1.7869645e+02 -9.2249447e+01      
1.7768818e+02 -8.9491669e+01      
1.7604039e+02 -8.4506319e+01      
1.7457434e+02 -7.8466871e+01      
1.7357041e+02 -7.2727948e+01      
1.7309778e+02 -6.7588564e+01      
1.7751473e+02 -5.0048237e+01      
1.7528005e+02 -5.4944574e+01      
1.7329063e+02 -6.0415770e+01      
1.7146125e+02 -6.6336711e+01      
1.6967939e+02 -7.2538418e+01      
1.6789552e+02 -7.8897493e+01      
1.6623402e+02 -8.5374936e+01      
1.6492587e+02 -9.1775162e+01      
1.6414478e+02 -9.7937854e+01      
1.6400081e+02 -1.0374628e+02      
1.6454665e+02 -1.0913601e+02      
1.6572243e+02 -1.1412174e+02      
1.6674869e+02 -1.1753631e+02      
1.6724938e+02 -1.1914299e+02      
1.6710357e+02 -1.1876785e+02      
1.6636206e+02 -1.1634419e+02      
1.6515851e+02 -1.1184726e+02      
1.6374318e+02 -1.0556100e+02      
1.6287199e+02 -9.9800111e+01      
1.6250105e+02 -9.4589692e+01      
1.6698601e+02 -7.5408163e+01      
1.6449355e+02 -8.0145732e+01      
1.6219395e+02 -8.5444941e+01      
1.6004649e+02 -9.1220938e+01      
1.5801205e+02 -9.7380364e+01      
1.5609306e+02 -1.0384220e+02      
1.5436446e+02 -1.1052250e+02      
1.5295411e+02 -1.1727777e+02      
1.5199331e+02 -1.2389614e+02      
1.5157738e+02 -1.3008055e+02      
1.5170362e+02 -1.3541339e+02      
1.5189315e+02 -1.3812237e+02      
1.5217248e+02 -1.4012417e+02      
1.5225003e+02 -1.4112997e+02      
1.5198624e+02 -1.4080398e+02      
1.5139010e+02 -1.3886701e+02      
1.5056399e+02 -1.3522166e+02      
1.4970554e+02 -1.3021632e+02      
1.4912075e+02 -1.2481145e+02      
1.4889506e+02 -1.1953562e+02      
1.5360174e+02 -9.8948135e+01      
1.5091341e+02 -1.0351761e+02      
1.4838366e+02 -1.0864719e+02      
1.4599839e+02 -1.1428503e+02      
1.4374815e+02 -1.2038518e+02      
1.4164564e+02 -1.2691536e+02      
1.3973894e+02 -1.3383982e+02      
1.3811342e+02 -1.4105663e+02      
1.3688149e+02 -1.4827332e+02      
1.3612810e+02 -1.5474675e+02      
1.3562325e+02 -1.5813012e+02      
1.3537356e+02 -1.5984225e+02      
1.3523301e+02 -1.6088551e+02      
1.3501632e+02 -1.6155007e+02      
1.3461947e+02 -1.6160469e+02      
1.3406808e+02 -1.6030839e+02      
1.3346835e+02 -1.5738890e+02      
1.3295783e+02 -1.5303251e+02      
1.3265028e+02 -1.4772546e+02      
1.3258787e+02 -1.4211297e+02      
1.3762512e+02 -1.2031725e+02      
1.3479027e+02 -1.2469529e+02      
1.3208650e+02 -1.2962766e+02      
1.2951377e+02 -1.3508610e+02      
1.2707304e+02 -1.4106097e+02      
1.2477246e+02 -1.4758053e+02      
1.2263122e+02 -1.5472772e+02      
1.2070012e+02 -1.6250634e+02      
1.1909663e+02 -1.7042181e+02      
1.1788760e+02 -1.7617349e+02      
1.1706255e+02 -1.7909034e+02      
1.1658671e+02 -1.7942541e+02      
1.1625355e+02 -1.7945963e+02      
1.1585524e+02 -1.7984794e+02      
1.1530967e+02 -1.8078862e+02      
1.1469799e+02 -1.8032757e+02      
1.1418843e+02 -1.7799899e+02      
1.1389795e+02 -1.7382148e+02      
1.1383782e+02 -1.6817100e+02      
1.1393164e+02 -1.6174567e+02      
1.1934782e+02 -1.3919913e+02      
1.1640681e+02 -1.4335167e+02      
1.1357285e+02 -1.4803920e+02      
1.1085347e+02 -1.5324492e+02      
1.0825314e+02 -1.5897616e+02      
1.0577254e+02 -1.6529544e+02      
1.0339768e+02 -1.7241751e+02      
1.0110158e+02 -1.8063283e+02      
9.9080331e+01 -1.8795440e+02      
9.7515732e+01 -1.9314059e+02      
9.6478807e+01 -1.9568249e+02      
9.5895092e+01 -1.9584762e+02      
9.5536721e+01 -1.9477835e+02      
9.5028479e+01 -1.9458375e+02      
9.4366963e+01 -1.9497631e+02      
9.3578148e+01 -1.9536381e+02      
9.3034220e+01 -1.9362007e+02      
9.2909308e+01 -1.8941779e+02      
9.3091694e+01 -1.8333913e+02      
9.3309669e+01 -1.7755790e+02      
9.9090171e+01 -1.5532315e+02      
9.6077395e+01 -1.5921200e+02      
9.3150894e+01 -1.6359968e+02      
9.0323369e+01 -1.6846757e+02      
8.7602587e+01 -1.7381350e+02      
8.4989107e+01 -1.7966718e+02      
8.2469413e+01 -1.8610455e+02      
8.0009951e+01 -1.9311376e+02      
7.7603982e+01 -2.0018039e+02      
7.5745186e+01 -2.0500206e+02      
7.4613794e+01 -2.0700969e+02      
7.4061243e+01 -2.0658434e+02      
7.3493573e+01 -2.0596350e+02      
7.2843546e+01 -2.0562525e+02      
7.2108090e+01 -2.0551113e+02      
7.1298852e+01 -2.0532762e+02      
7.0580729e+01 -2.0424393e+02      
7.0656176e+01 -1.9986075e+02      
7.0870832e+01 -1.9472703e+02      
7.1116944e+01 -1.8973656e+02      
7.7198277e+01 -1.6847142e+02      
7.4143830e+01 -1.7206153e+02      
7.1158380e+01 -1.7610016e+02      
6.8259319e+01 -1.8055801e+02      
6.5459375e+01 -1.8540838e+02      
6.2765723e+01 -1.9062424e+02      
6.0178636e+01 -1.9615634e+02      
5.7692028e+01 -2.0186905e+02      
5.5316304e+01 -2.0740831e+02      
5.3190610e+01 -2.1195707e+02      
5.2068559e+01 -2.1335393e+02      
5.1193048e+01 -2.1362249e+02      
5.0383202e+01 -2.1347935e+02      
4.9591073e+01 -2.1318730e+02      
4.8800289e+01 -2.1277403e+02      
4.7987568e+01 -2.1217737e+02      
4.7218455e+01 -2.1104884e+02      
4.7329300e+01 -2.0712201e+02      
4.7512710e+01 -2.0278648e+02      
4.7729708e+01 -1.9849093e+02      
