3.2574888e+01 2.3320162e+02      
3.2342071e+01 2.3188220e+02      
3.2345973e+01 2.3058506e+02      
3.2377134e+01 2.2929107e+02      
3.2173675e+01 2.2794554e+02      
3.1593766e+01 2.2652904e+02      
3.0806954e+01 2.2515139e+02      
3.0099290e+01 2.2395572e+02      
2.9700466e+01 2.2304724e+02      
2.9763312e+01 2.2249882e+02      
3.0379982e+01 2.2236327e+02      
3.1603762e+01 2.2268135e+02      
3.3465487e+01 2.2348536e+02      
3.5969755e+01 2.2478630e+02      
3.8945159e+01 2.2639464e+02      
4.1934528e+01 2.2780660e+02      
4.4948418e+01 2.2913322e+02      
4.7863493e+01 2.3030240e+02      
5.0557128e+01 2.3117573e+02      
5.3048707e+01 2.3170436e+02      
6.2379658e+01 2.2415079e+02      
6.2675436e+01 2.2289543e+02      
6.3301277e+01 2.2167647e+02      
6.3967051e+01 2.2047231e+02      
6.4131823e+01 2.1912662e+02      
6.3186049e+01 2.1738744e+02      
6.1778215e+01 2.1560800e+02      
6.0478824e+01 2.1404164e+02      
5.9600226e+01 2.1280500e+02      
5.9310689e+01 2.1197130e+02      
5.9691327e+01 2.1159644e+02      
6.0786176e+01 2.1173384e+02      
6.2640217e+01 2.1244985e+02      
6.5356500e+01 2.1387797e+02      
6.8990197e+01 2.1608951e+02      
7.2129256e+01 2.1740784e+02      
7.5377956e+01 2.1881703e+02      
7.8300600e+01 2.1995754e+02      
8.0659043e+01 2.2058791e+02      
8.2439332e+01 2.2061312e+02      
9.0708216e+01 2.1154340e+02      
9.1665514e+01 2.1034552e+02      
9.3187486e+01 2.0923855e+02      
9.4917698e+01 2.0823031e+02      
9.5987960e+01 2.0711850e+02      
9.4110421e+01 2.0476921e+02      
9.1634892e+01 2.0243316e+02      
8.9459064e+01 2.0041181e+02      
8.7957053e+01 1.9879764e+02      
8.7247300e+01 1.9763822e+02      
8.7347715e+01 1.9697870e+02      
8.8257973e+01 1.9687244e+02      
8.9998170e+01 1.9738727e+02      
9.2628850e+01 1.9860947e+02      
9.6190813e+01 2.0054382e+02      
1.0057724e+02 2.0299171e+02      
1.0455074e+02 2.0496656e+02      
1.0763259e+02 2.0626262e+02      
1.0962545e+02 2.0673591e+02      
1.1050072e+02 2.0625153e+02      
1.1692424e+02 1.9556220e+02      
1.1861015e+02 1.9437893e+02      
1.2127174e+02 1.9335771e+02      
1.2433550e+02 1.9249490e+02      
1.2522209e+02 1.9095910e+02      
1.2345362e+02 1.8859838e+02      
1.1962219e+02 1.8570894e+02      
1.1632000e+02 1.8320780e+02      
1.1411898e+02 1.8119707e+02      
1.1299647e+02 1.7968689e+02      
1.1282060e+02 1.7870063e+02      
1.1351551e+02 1.7828633e+02      
1.1505391e+02 1.7850245e+02      
1.1744752e+02 1.7939922e+02      
1.2074012e+02 1.8099329e+02      
1.2496859e+02 1.8323305e+02      
1.2977868e+02 1.8579222e+02      
1.3300921e+02 1.8730888e+02      
1.3455255e+02 1.8772727e+02      
1.3461890e+02 1.8704408e+02      
1.4035541e+02 1.7644296e+02      
1.4255338e+02 1.7515811e+02      
1.4630844e+02 1.7406782e+02      
1.4925119e+02 1.7267435e+02      
1.5002225e+02 1.7076329e+02      
1.4825070e+02 1.6831465e+02      
1.4447310e+02 1.6548204e+02      
1.4009544e+02 1.6260420e+02      
1.3740776e+02 1.6024167e+02      
1.3602767e+02 1.5837955e+02      
1.3565112e+02 1.5703178e+02      
1.3614564e+02 1.5625496e+02      
1.3744451e+02 1.5611344e+02      
1.3952199e+02 1.5665440e+02      
1.4239328e+02 1.5788620e+02      
1.4615762e+02 1.5978468e+02      
1.5076205e+02 1.6217738e+02      
1.5383099e+02 1.6375049e+02      
1.5474967e+02 1.6417671e+02      
1.5396622e+02 1.6348532e+02      
1.6047588e+02 1.5451584e+02      
1.6245977e+02 1.5292300e+02      
1.6541354e+02 1.5127380e+02      
1.6870061e+02 1.4944630e+02      
1.6951782e+02 1.4721468e+02      
1.6748722e+02 1.4462891e+02      
1.6332845e+02 1.4174046e+02      
1.5974918e+02 1.3887267e+02      
1.5730012e+02 1.3627552e+02      
1.5593109e+02 1.3406367e+02      
1.5548011e+02 1.3231481e+02      
1.5582979e+02 1.3111950e+02      
1.5689415e+02 1.3057133e+02      
1.5861121e+02 1.3073870e+02      
1.6094680e+02 1.3162791e+02      
1.6388840e+02 1.3315151e+02      
1.6728069e+02 1.3504556e+02      
1.7027171e+02 1.3673559e+02      
1.7036485e+02 1.3727704e+02      
1.6997502e+02 1.3726666e+02      
1.7711490e+02 1.3023501e+02      
1.7867607e+02 1.2828052e+02      
1.8079884e+02 1.2613056e+02      
1.8298332e+02 1.2377771e+02      
1.8382067e+02 1.2123301e+02      
1.8135251e+02 1.1853644e+02      
1.7829500e+02 1.1561510e+02      
1.7560454e+02 1.1263505e+02      
1.7363521e+02 1.0977308e+02      
1.7246509e+02 1.0717173e+02      
1.7205990e+02 1.0495716e+02      
1.7234383e+02 1.0326405e+02      
1.7321979e+02 1.0224288e+02      
1.7458402e+02 1.0202287e+02      
1.7634907e+02 1.0263701e+02      
1.7844532e+02 1.0396620e+02      
1.8081832e+02 1.0572801e+02      
1.8312498e+02 1.0748154e+02      
1.8302223e+02 1.0850444e+02      
1.8286257e+02 1.0910977e+02      
1.9024406e+02 1.0411143e+02      
1.9145159e+02 1.0180501e+02      
1.9298625e+02 9.9219720e+01      
1.9404097e+02 9.6502113e+01      
1.9395033e+02 9.3681931e+01      
1.9217915e+02 9.0794235e+01      
1.8994666e+02 8.7713826e+01      
1.8793067e+02 8.4494345e+01      
1.8641391e+02 8.1274312e+01      
1.8550736e+02 7.8203372e+01      
1.8523157e+02 7.5425818e+01      
1.8554394e+02 7.3105808e+01      
1.8632647e+02 7.1483571e+01      
1.8740386e+02 7.0837642e+01      
1.8863464e+02 7.1282533e+01      
1.8992705e+02 7.2689765e+01      
1.9121118e+02 7.4687530e+01      
1.9222760e+02 7.6732254e+01      
1.9249508e+02 7.8379552e+01      
1.9256877e+02 7.9570926e+01      
1.9977574e+02 7.6682264e+01      
2.0070841e+02 7.4053372e+01      
2.0158904e+02 7.1173429e+01      
2.0196709e+02 6.8158185e+01      
2.0150351e+02 6.5063050e+01      
2.0014311e+02 6.1891050e+01      
1.9832260e+02 5.8584410e+01      
1.9676633e+02 5.5018679e+01      
1.9562596e+02 5.1341834e+01      
1.9498179e+02 4.7709333e+01      
1.9487898e+02 4.4260480e+01      
1.9532942e+02 4.1115218e+01      
1.9620894e+02 3.8582605e+01      
1.9711993e+02 3.7403963e+01      
1.9788513e+02 3.7800397e+01      
1.9841169e+02 3.9637899e+01      
1.9868104e+02 4.2427901e+01      
1.9887136e+02 4.5184049e+01      
1.9896346e+02 4.7463956e+01      
1.9904366e+02 4.9201595e+01      
2.0558362e+02 4.8499680e+01      
2.0598168e+02 4.5747765e+01      
2.0649033e+02 4.2587980e+01      
2.0651930e+02 3.9298897e+01      
2.0586911e+02 3.5965033e+01      
2.0459702e+02 3.2550698e+01      
2.0324614e+02 2.8813497e+01      
2.0207951e+02 2.4780109e+01      
2.0124616e+02 2.0552997e+01      
2.0083276e+02 1.6272702e+01      
2.0088794e+02 1.2100534e+01      
2.0150229e+02 8.0372848e+00      
2.0275988e+02 4.0555901e+00      
2.0357883e+02 2.2955600e+00      
2.0395565e+02 2.7709583e+00      
2.0380810e+02 5.3460878e+00      
2.0299328e+02 9.7219520e+00      
2.0252841e+02 1.3444177e+01      
2.0230301e+02 1.6350348e+01      
2.0222807e+02 1.8570944e+01      
2.0779725e+02 2.0001943e+01      
2.0774759e+02 1.7193303e+01      
2.0775212e+02 1.3977670e+01      
2.0758352e+02 1.0442732e+01      
2.0679408e+02 6.9187244e+00      
2.0577749e+02 3.0934507e+00      
2.0474534e+02 -1.1012198e+00      
2.0386248e+02 -5.6524989e+00      
2.0326166e+02 -1.0500541e+01      
2.0304476e+02 -1.5541424e+01      
2.0321180e+02 -2.0463548e+01      
2.0368644e+02 -2.4892387e+01      
2.0467498e+02 -2.9329089e+01      
2.0522774e+02 -3.1245029e+01      
2.0528099e+02 -3.0563891e+01      
2.0475815e+02 -2.7407971e+01      
2.0359646e+02 -2.2120975e+01      
2.0279117e+02 -1.7714724e+01      
2.0231326e+02 -1.4343109e+01      
2.0205189e+02 -1.1757744e+01      
2.0653835e+02 -8.3790810e+00      
2.0615420e+02 -1.1214040e+01      
2.0578597e+02 -1.4446103e+01      
2.0530099e+02 -1.8015872e+01      
2.0457025e+02 -2.1845353e+01      
2.0370958e+02 -2.6028004e+01      
2.0285790e+02 -3.0636107e+01      
2.0214009e+02 -3.5693888e+01      
2.0167610e+02 -4.1182081e+01      
2.0159879e+02 -4.7072596e+01      
2.0194862e+02 -5.3056202e+01      
2.0187330e+02 -5.6707980e+01      
2.0225889e+02 -6.0627622e+01      
2.0241928e+02 -6.2153611e+01      
2.0221118e+02 -6.1165134e+01      
2.0155571e+02 -5.7752071e+01      
2.0043665e+02 -5.2196681e+01      
1.9954972e+02 -4.7593858e+01      
1.9892576e+02 -4.4043393e+01      
1.9850163e+02 -4.1262292e+01      
2.0190699e+02 -3.6204238e+01      
2.0128376e+02 -3.9044790e+01      
2.0066714e+02 -4.2284128e+01      
1.9999327e+02 -4.5900051e+01      
1.9922961e+02 -4.9891326e+01      
1.9841544e+02 -5.4308519e+01      
1.9763212e+02 -5.9231100e+01      
1.9697245e+02 -6.4734990e+01      
1.9653383e+02 -7.0842090e+01      
1.9640221e+02 -7.7380286e+01      
1.9649680e+02 -8.3473183e+01      
1.9613965e+02 -8.6386154e+01      
1.9598475e+02 -8.8985518e+01      
1.9577225e+02 -8.9554906e+01      
1.9536527e+02 -8.8204554e+01      
1.9468979e+02 -8.4965450e+01      
1.9375019e+02 -7.9934871e+01      
1.9290243e+02 -7.5713216e+01      
1.9220422e+02 -7.2303325e+01      
1.9164516e+02 -6.9498519e+01      
1.9402051e+02 -6.3039943e+01      
1.9322621e+02 -6.5860223e+01      
1.9244000e+02 -6.9080713e+01      
1.9163354e+02 -7.2697565e+01      
1.9079853e+02 -7.6728178e+01      
1.8995844e+02 -8.1227579e+01      
1.8916259e+02 -8.6302875e+01      
1.8847425e+02 -9.2131659e+01      
1.8796557e+02 -9.8825995e+01      
1.8768849e+02 -1.0598967e+02      
1.8735121e+02 -1.1112814e+02      
1.8686412e+02 -1.1367188e+02      
1.8632906e+02 -1.1372948e+02      
1.8585255e+02 -1.1288467e+02      
1.8530498e+02 -1.1119742e+02      
1.8462994e+02 -1.0857906e+02      
1.8384839e+02 -1.0520974e+02      
1.8305820e+02 -1.0187372e+02      
1.8231071e+02 -9.8836963e+01      
1.8162643e+02 -9.6117935e+01      
1.8302906e+02 -8.8469819e+01      
1.8210936e+02 -9.1237379e+01      
1.8119735e+02 -9.4394431e+01      
1.8028195e+02 -9.7940870e+01      
1.7936377e+02 -1.0189397e+02      
1.7845948e+02 -1.0630196e+02      
1.7759965e+02 -1.1127177e+02      
1.7682258e+02 -1.1707369e+02      
1.7615987e+02 -1.2404789e+02      
1.7555238e+02 -1.2997214e+02      
1.7493623e+02 -1.3418766e+02      
1.7429008e+02 -1.3637616e+02      
1.7364560e+02 -1.3641783e+02      
1.7304830e+02 -1.3453497e+02      
1.7241000e+02 -1.3277520e+02      
1.7173373e+02 -1.3081994e+02      
1.7103307e+02 -1.2858795e+02      
1.7027716e+02 -1.2611145e+02      
1.6947642e+02 -1.2350199e+02      
1.6865446e+02 -1.2086483e+02      
1.6912385e+02 -1.1210607e+02      
1.6810952e+02 -1.1478649e+02      
1.6709858e+02 -1.1783186e+02      
1.6608896e+02 -1.2123677e+02      
1.6508500e+02 -1.2500543e+02      
1.6409911e+02 -1.2915695e+02      
1.6314976e+02 -1.3373062e+02      
1.6225560e+02 -1.3877178e+02      
1.6142140e+02 -1.4405680e+02      
1.6062357e+02 -1.4867526e+02      
1.5984073e+02 -1.5209016e+02      
1.5906468e+02 -1.5405569e+02      
1.5830423e+02 -1.5451367e+02      
1.5756564e+02 -1.5375098e+02      
1.5683336e+02 -1.5256860e+02      
1.5613144e+02 -1.5126106e+02      
1.5551367e+02 -1.5000163e+02      
1.5477575e+02 -1.4827846e+02      
1.5391255e+02 -1.4605198e+02      
1.5293896e+02 -1.4340870e+02      
1.5253925e+02 -1.3359758e+02      
1.5145191e+02 -1.3615968e+02      
1.5036075e+02 -1.3905142e+02      
1.4926879e+02 -1.4225773e+02      
1.4818225e+02 -1.4576437e+02      
1.4711095e+02 -1.4955498e+02      
1.4606662e+02 -1.5359791e+02      
1.4505887e+02 -1.5780258e+02      
1.4408968e+02 -1.6192352e+02      
1.4315180e+02 -1.6555731e+02      
1.4223609e+02 -1.6835555e+02      
1.4133799e+02 -1.7013003e+02      
1.4045840e+02 -1.7086592e+02      
1.3959876e+02 -1.7075092e+02      
1.3876091e+02 -1.7011033e+02      
1.3795781e+02 -1.6921478e+02      
1.3719874e+02 -1.6823460e+02      
1.3644232e+02 -1.6716728e+02      
1.3551666e+02 -1.6531523e+02      
1.3441496e+02 -1.6259893e+02      
1.3355084e+02 -1.5263465e+02      
1.3240657e+02 -1.5505397e+02      
1.3124974e+02 -1.5776151e+02      
1.3008656e+02 -1.6073238e+02      
1.2892454e+02 -1.6393631e+02      
1.2777238e+02 -1.6733170e+02      
1.2663889e+02 -1.7085237e+02      
1.2553089e+02 -1.7438379e+02      
1.2445110e+02 -1.7774060e+02      
1.2339809e+02 -1.8068754e+02      
1.2236871e+02 -1.8301271e+02      
1.2136076e+02 -1.8458975e+02      
1.2037375e+02 -1.8540462e+02      
1.1940804e+02 -1.8555541e+02      
1.1846467e+02 -1.8521049e+02      
1.1754504e+02 -1.8453989e+02      
1.1664441e+02 -1.8367322e+02      
1.1573756e+02 -1.8265933e+02      
1.1476777e+02 -1.8129922e+02      
1.1366136e+02 -1.7881401e+02      
1.1247148e+02 -1.6895163e+02      
1.1128284e+02 -1.7121165e+02      
1.1007254e+02 -1.7371673e+02      
1.0884905e+02 -1.7643455e+02      
1.0762100e+02 -1.7932459e+02      
1.0639702e+02 -1.8233306e+02      
1.0518510e+02 -1.8538490e+02      
1.0399153e+02 -1.8837465e+02      
1.0282015e+02 -1.9116428e+02      
1.0167229e+02 -1.9359979e+02      
1.0054780e+02 -1.9554500e+02      
9.9446158e+01 -1.9691441e+02      
9.8366926e+01 -1.9769070e+02      
9.7309609e+01 -1.9792270e+02      
9.6273066e+01 -1.9770327e+02      
9.5254085e+01 -1.9713692e+02      
9.4244114e+01 -1.9631483e+02      
9.3225683e+01 -1.9531684e+02      
9.2173318e+01 -1.9411271e+02      
9.1075572e+01 -1.9190670e+02      
8.9646060e+01 -1.8232853e+02      
8.8423265e+01 -1.8442019e+02      
8.7170209e+01 -1.8671508e+02      
8.5897112e+01 -1.8917652e+02      
8.4613698e+01 -1.9175929e+02      
8.3329086e+01 -1.9440647e+02      
8.2051414e+01 -1.9704570e+02      
8.0787343e+01 -1.9958691e+02      
7.9541697e+01 -2.0192526e+02      
7.8317480e+01 -2.0395254e+02      
7.7116271e+01 -2.0557531e+02      
7.5938700e+01 -2.0673249e+02      
7.4784705e+01 -2.0740532e+02      
7.3653420e+01 -2.0761623e+02      
7.2542706e+01 -2.0741710e+02      
7.1448245e+01 -2.0687177e+02      
7.0362382e+01 -2.0603963e+02      
6.9273903e+01 -2.0496027e+02      
6.8171506e+01 -2.0358159e+02      
6.7052918e+01 -2.0178125e+02      
