3.8656162e+01 2.2687221e+02      
3.8772527e+01 2.2545301e+02      
3.8264710e+01 2.2420991e+02      
3.7308169e+01 2.2321390e+02      
3.6325050e+01 2.2254613e+02      
3.5631374e+01 2.2225247e+02      
3.5359010e+01 2.2233782e+02      
3.5525635e+01 2.2278078e+02      
3.5834360e+01 2.2352112e+02      
3.5461669e+01 2.2443528e+02      
3.4422409e+01 2.2547281e+02      
3.3572821e+01 2.2666644e+02      
3.3244349e+01 2.2799845e+02      
3.3475284e+01 2.2943051e+02      
3.4272193e+01 2.3092419e+02      
3.5637103e+01 2.3243933e+02      
3.7568259e+01 2.3393328e+02      
4.0059427e+01 2.3536146e+02      
4.3099669e+01 2.3667819e+02      
4.6673360e+01 2.3783760e+02      
7.0417011e+01 2.1729009e+02      
7.1192177e+01 2.1583304e+02      
7.0525429e+01 2.1447924e+02      
6.8816568e+01 2.1333303e+02      
6.7257923e+01 2.1257957e+02      
6.6308071e+01 2.1227148e+02      
6.6029349e+01 2.1239407e+02      
6.6545433e+01 2.1291813e+02      
6.7821443e+01 2.1380142e+02      
6.7249406e+01 2.1475621e+02      
6.4833894e+01 2.1571034e+02      
6.3205452e+01 2.1684425e+02      
6.2394043e+01 2.1810229e+02      
6.2249630e+01 2.1943886e+02      
6.2728702e+01 2.2081690e+02      
6.3813531e+01 2.2219619e+02      
6.5491074e+01 2.2353277e+02      
6.7747248e+01 2.2478017e+02      
7.0565145e+01 2.2589084e+02      
7.3924260e+01 2.2681720e+02      
1.0154132e+02 2.0410832e+02      
1.0321412e+02 2.0255889e+02      
1.0220400e+02 2.0105235e+02      
9.8814117e+01 1.9964534e+02      
9.6485449e+01 1.9880650e+02      
9.5278278e+01 1.9850556e+02      
9.4920990e+01 1.9869876e+02      
9.5378148e+01 1.9931620e+02      
9.6535352e+01 2.0021861e+02      
9.5758268e+01 2.0125866e+02      
9.3053039e+01 2.0234454e+02      
9.1077049e+01 2.0348148e+02      
8.9906081e+01 2.0468387e+02      
8.9422172e+01 2.0593967e+02      
8.9590874e+01 2.0722046e+02      
9.0390786e+01 2.0848625e+02      
9.1802029e+01 2.0969089e+02      
9.3804326e+01 2.1078543e+02      
9.6375768e+01 2.1172011e+02      
9.9491641e+01 2.1244547e+02      
1.2821479e+02 1.8690512e+02      
1.3050970e+02 1.8510695e+02      
1.2950402e+02 1.8349965e+02      
1.2567009e+02 1.8218876e+02      
1.2311724e+02 1.8136935e+02      
1.2192620e+02 1.8110564e+02      
1.2157112e+02 1.8142978e+02      
1.2163614e+02 1.8226700e+02      
1.2162085e+02 1.8338274e+02      
1.2063545e+02 1.8456737e+02      
1.1869538e+02 1.8571911e+02      
1.1675610e+02 1.8683681e+02      
1.1532157e+02 1.8797689e+02      
1.1453277e+02 1.8916137e+02      
1.1440876e+02 1.9036548e+02      
1.1493077e+02 1.9154439e+02      
1.1607344e+02 1.9264717e+02      
1.1781188e+02 1.9362140e+02      
1.2012078e+02 1.9441477e+02      
1.2297236e+02 1.9497588e+02      
1.4984111e+02 1.6644064e+02      
1.5241441e+02 1.6429878e+02      
1.5181942e+02 1.6255243e+02      
1.4850916e+02 1.6134409e+02      
1.4648438e+02 1.6051415e+02      
1.4582385e+02 1.6024499e+02      
1.4590802e+02 1.6073980e+02      
1.4586710e+02 1.6207724e+02      
1.4538436e+02 1.6361703e+02      
1.4419970e+02 1.6502474e+02      
1.4227825e+02 1.6620912e+02      
1.4004372e+02 1.6720834e+02      
1.3825378e+02 1.6824892e+02      
1.3716674e+02 1.6937340e+02      
1.3677505e+02 1.7052851e+02      
1.3703696e+02 1.7165335e+02      
1.3791750e+02 1.7268932e+02      
1.3938950e+02 1.7358014e+02      
1.4142692e+02 1.7427108e+02      
1.4400047e+02 1.7470884e+02      
1.6606216e+02 1.4361846e+02      
1.6854309e+02 1.4116435e+02      
1.6875322e+02 1.3911186e+02      
1.6699461e+02 1.3762921e+02      
1.6622204e+02 1.3654531e+02      
1.6653113e+02 1.3613601e+02      
1.6771303e+02 1.3668736e+02      
1.6776673e+02 1.3908385e+02      
1.6719843e+02 1.4122233e+02      
1.6589106e+02 1.4290630e+02      
1.6364109e+02 1.4412235e+02      
1.6051336e+02 1.4482867e+02      
1.5827501e+02 1.4577278e+02      
1.5693850e+02 1.4687986e+02      
1.5633141e+02 1.4802917e+02      
1.5636341e+02 1.4914053e+02      
1.5699371e+02 1.5014931e+02      
1.5820125e+02 1.5099720e+02      
1.5996407e+02 1.5162806e+02      
1.6225278e+02 1.5198691e+02      
1.7674287e+02 1.1921664e+02      
1.7873154e+02 1.1659200e+02      
1.7989772e+02 1.1412268e+02      
1.8098152e+02 1.1167379e+02      
1.8181021e+02 1.1006838e+02      
1.8304760e+02 1.0935830e+02      
1.8423206e+02 1.1024949e+02      
1.8455604e+02 1.1314201e+02      
1.8417503e+02 1.1565319e+02      
1.8296016e+02 1.1757454e+02      
1.8065308e+02 1.1895354e+02      
1.7728360e+02 1.1981168e+02      
1.7492045e+02 1.2084929e+02      
1.7351699e+02 1.2202990e+02      
1.7278999e+02 1.2323229e+02      
1.7262671e+02 1.2437565e+02      
1.7301429e+02 1.2539879e+02      
1.7395937e+02 1.2624627e+02      
1.7544938e+02 1.2686206e+02      
1.7745352e+02 1.2718949e+02      
1.8480637e+02 9.2919430e+01      
1.8630082e+02 9.0153960e+01      
1.8764816e+02 8.7535700e+01      
1.8905846e+02 8.5159747e+01      
1.9068899e+02 8.3256416e+01      
1.9300875e+02 8.1814516e+01      
1.9473053e+02 8.2351271e+01      
1.9556151e+02 8.5132638e+01      
1.9557095e+02 8.7675838e+01      
1.9471803e+02 8.9729228e+01      
1.9280347e+02 9.1352044e+01      
1.8984875e+02 9.2586890e+01      
1.8788182e+02 9.3886480e+01      
1.8670984e+02 9.5237375e+01      
1.8597488e+02 9.6551328e+01      
1.8561595e+02 9.7767159e+01      
1.8574209e+02 9.8842865e+01      
1.8642372e+02 9.9732520e+01      
1.8764975e+02 1.0038044e+02      
1.8937832e+02 1.0072684e+02      
1.9009230e+02 6.5075257e+01      
1.9114888e+02 6.2133462e+01      
1.9228715e+02 5.9404799e+01      
1.9357736e+02 5.7036046e+01      
1.9516341e+02 5.5163046e+01      
1.9717424e+02 5.3915498e+01      
1.9941347e+02 5.3696816e+01      
2.0070690e+02 5.5872257e+01      
2.0114799e+02 5.8146270e+01      
2.0085969e+02 6.0216329e+01      
1.9978895e+02 6.2077496e+01      
1.9800230e+02 6.3744968e+01      
1.9714129e+02 6.5393263e+01      
1.9656933e+02 6.6982546e+01      
1.9588532e+02 6.8447967e+01      
1.9517278e+02 6.9752537e+01      
1.9496792e+02 7.0909781e+01      
1.9539710e+02 7.1884224e+01      
1.9638501e+02 7.2614453e+01      
1.9785860e+02 7.3033881e+01      
1.9227059e+02 3.6126951e+01      
1.9291935e+02 3.2920603e+01      
1.9374339e+02 2.9980239e+01      
1.9476543e+02 2.7496426e+01      
1.9603320e+02 2.5645161e+01      
1.9755402e+02 2.4590431e+01      
1.9915199e+02 2.4582204e+01      
2.0038425e+02 2.5850410e+01      
2.0113291e+02 2.7718650e+01      
2.0145735e+02 2.9762980e+01      
2.0148426e+02 3.1827729e+01      
2.0166025e+02 3.3859318e+01      
2.0271283e+02 3.5882155e+01      
2.0300617e+02 3.7736238e+01      
2.0242333e+02 3.9382181e+01      
2.0098373e+02 4.0764579e+01      
2.0046866e+02 4.2037292e+01      
2.0073056e+02 4.3143399e+01      
2.0153742e+02 4.4011818e+01      
2.0278777e+02 4.4564303e+01      
1.9121667e+02 6.5290201e+00      
1.9147804e+02 2.9243138e+00      
1.9194746e+02 -3.7620787e-01      
1.9262746e+02 -3.1120459e+00      
1.9353153e+02 -5.0672540e+00      
1.9463727e+02 -6.0818807e+00      
1.9583575e+02 -6.0539570e+00      
1.9696448e+02 -5.0353960e+00      
1.9793436e+02 -3.3086349e+00      
1.9876738e+02 -1.1857803e+00      
1.9960731e+02 1.1093473e+00      
2.0081836e+02 3.4279939e+00      
2.0273010e+02 5.6618247e+00      
2.0365440e+02 7.7430411e+00      
2.0353164e+02 9.6005071e+00      
2.0241283e+02 1.1223915e+01      
2.0207762e+02 1.2669502e+01      
2.0236919e+02 1.3955912e+01      
2.0307160e+02 1.5029305e+01      
2.0412727e+02 1.5786248e+01      
1.8691634e+02 -2.3222277e+01      
1.8680991e+02 -2.7417104e+01      
1.8691333e+02 -3.1300114e+01      
1.8721816e+02 -3.4459330e+01      
1.8775642e+02 -3.6645236e+01      
1.8853843e+02 -3.7717597e+01      
1.8951653e+02 -3.7641889e+01      
1.9061207e+02 -3.6542517e+01      
1.9176481e+02 -3.4661515e+01      
1.9296650e+02 -3.2275235e+01      
1.9427495e+02 -2.9641904e+01      
1.9579520e+02 -2.6978266e+01      
1.9744360e+02 -2.4444148e+01      
1.9868245e+02 -2.2134906e+01      
1.9933374e+02 -2.0100808e+01      
1.9957520e+02 -1.8333575e+01      
1.9992474e+02 -1.6751493e+01      
2.0042706e+02 -1.5249328e+01      
2.0105132e+02 -1.3873767e+01      
2.0190338e+02 -1.2816761e+01      
1.7943004e+02 -5.2549078e+01      
1.7898221e+02 -5.7609141e+01      
1.7874018e+02 -6.2505502e+01      
1.7861262e+02 -6.6239283e+01      
1.7876193e+02 -6.8772999e+01      
1.7926057e+02 -6.9932735e+01      
1.8009111e+02 -6.9677167e+01      
1.8120157e+02 -6.8256288e+01      
1.8252931e+02 -6.5967176e+01      
1.8402314e+02 -6.3094359e+01      
1.8565281e+02 -5.9945869e+01      
1.8738719e+02 -5.6816520e+01      
1.8912744e+02 -5.3918837e+01      
1.9071277e+02 -5.1366937e+01      
1.9207391e+02 -4.9199728e+01      
1.9329931e+02 -4.7403257e+01      
1.9447998e+02 -4.5863707e+01      
1.9523461e+02 -4.4121279e+01      
1.9561291e+02 -4.2224653e+01      
1.9617772e+02 -4.0729604e+01      
1.6887229e+02 -8.0729307e+01      
1.6807885e+02 -8.6807577e+01      
1.6756593e+02 -9.3546572e+01      
1.6686112e+02 -9.8009732e+01      
1.6658646e+02 -1.0123981e+02      
1.6681484e+02 -1.0252156e+02      
1.6754071e+02 -1.0176700e+02      
1.6871499e+02 -9.9755727e+01      
1.7024979e+02 -9.6819838e+01      
1.7203981e+02 -9.3191230e+01      
1.7398267e+02 -8.9268003e+01      
1.7599303e+02 -8.5508563e+01      
1.7800512e+02 -8.2186515e+01      
1.7997556e+02 -7.9388176e+01      
1.8190967e+02 -7.7117412e+01      
1.8383272e+02 -7.5325550e+01      
1.8608932e+02 -7.4217986e+01      
1.8704772e+02 -7.2214603e+01      
1.8674838e+02 -6.9376550e+01      
1.8699188e+02 -6.7371864e+01      
1.5543063e+02 -1.0698861e+02      
1.5418284e+02 -1.1363506e+02      
1.5303362e+02 -1.2108945e+02      
1.5196420e+02 -1.2865407e+02      
1.5127292e+02 -1.3338690e+02      
1.5122898e+02 -1.3500716e+02      
1.5189018e+02 -1.3329553e+02      
1.5320129e+02 -1.3061963e+02      
1.5502753e+02 -1.2686757e+02      
1.5718990e+02 -1.2213452e+02      
1.5950148e+02 -1.1696957e+02      
1.6182021e+02 -1.1238318e+02      
1.6411987e+02 -1.0861825e+02      
1.6640568e+02 -1.0557772e+02      
1.6859160e+02 -1.0303264e+02      
1.7081665e+02 -1.0105740e+02      
1.7318684e+02 -9.9720429e+01      
1.7427873e+02 -9.7458158e+01      
1.7412917e+02 -9.4344841e+01      
1.7440973e+02 -9.2148242e+01      
1.3940419e+02 -1.3074234e+02      
1.3771899e+02 -1.3769723e+02      
1.3597759e+02 -1.4579684e+02      
1.3419187e+02 -1.5482951e+02      
1.3298125e+02 -1.6080483e+02      
1.3265413e+02 -1.6330589e+02      
1.3330664e+02 -1.6265646e+02      
1.3485974e+02 -1.5979903e+02      
1.3711372e+02 -1.5514286e+02      
1.3978225e+02 -1.4898341e+02      
1.4252457e+02 -1.4198739e+02      
1.4511031e+02 -1.3663671e+02      
1.4762497e+02 -1.3255262e+02      
1.5001518e+02 -1.2919818e+02      
1.5226284e+02 -1.2633929e+02      
1.5438007e+02 -1.2388192e+02      
1.5623842e+02 -1.2164292e+02      
1.5741887e+02 -1.1916206e+02      
1.5807009e+02 -1.1665310e+02      
1.5870197e+02 -1.1464420e+02      
1.2115069e+02 -1.5154884e+02      
1.1912985e+02 -1.5849196e+02      
1.1693335e+02 -1.6659887e+02      
1.1447646e+02 -1.7585416e+02      
1.1265143e+02 -1.8263304e+02      
1.1201647e+02 -1.8588102e+02      
1.1271434e+02 -1.8568195e+02      
1.1460230e+02 -1.8252439e+02      
1.1737482e+02 -1.7689089e+02      
1.2057429e+02 -1.6945013e+02      
1.2348165e+02 -1.6288005e+02      
1.2616098e+02 -1.5753857e+02      
1.2870182e+02 -1.5326367e+02      
1.3112674e+02 -1.4979191e+02      
1.3335422e+02 -1.4672472e+02      
1.3534512e+02 -1.4389557e+02      
1.3701653e+02 -1.4119891e+02      
1.3835316e+02 -1.3871495e+02      
1.3940464e+02 -1.3648297e+02      
1.4032687e+02 -1.3465593e+02      
1.0103211e+02 -1.6909876e+02      
9.8814752e+01 -1.7568120e+02      
9.6415969e+01 -1.8310170e+02      
9.3763829e+01 -1.9120400e+02      
9.1154498e+01 -1.9886386e+02      
9.0243336e+01 -2.0249500e+02      
9.1113076e+01 -2.0216204e+02      
9.3465078e+01 -1.9839834e+02      
9.6777561e+01 -1.9194379e+02      
9.9879359e+01 -1.8556119e+02      
1.0271219e+02 -1.7983210e+02      
1.0534226e+02 -1.7489215e+02      
1.0782319e+02 -1.7069585e+02      
1.1016899e+02 -1.6712754e+02      
1.1234905e+02 -1.6401484e+02      
1.1427214e+02 -1.6100842e+02      
1.1596021e+02 -1.5828271e+02      
1.1741067e+02 -1.5585121e+02      
1.1865073e+02 -1.5373877e+02      
1.1974165e+02 -1.5201034e+02      
7.9395865e+01 -1.8323998e+02      
7.7116357e+01 -1.8924607e+02      
7.4678485e+01 -1.9582349e+02      
7.1933891e+01 -2.0298094e+02      
6.9008610e+01 -2.1019537e+02      
6.8104223e+01 -2.1346930e+02      
6.9344838e+01 -2.1257243e+02      
7.2203882e+01 -2.0820221e+02      
7.5123232e+01 -2.0309666e+02      
7.7897683e+01 -1.9797170e+02      
8.0516871e+01 -1.9313746e+02      
8.3002355e+01 -1.8873218e+02      
8.5367294e+01 -1.8479473e+02      
8.7608024e+01 -1.8129330e+02      
8.9699476e+01 -1.7814038e+02      
9.1603628e+01 -1.7522470e+02      
9.3314031e+01 -1.7257425e+02      
9.4831566e+01 -1.7021761e+02      
9.6169582e+01 -1.6818265e+02      
9.7353796e+01 -1.6651048e+02      
5.6573605e+01 -1.9392577e+02      
5.4349610e+01 -1.9924718e+02      
5.2042797e+01 -2.0489836e+02      
4.9528818e+01 -2.1086733e+02      
4.6861940e+01 -2.1678694e+02      
4.6237637e+01 -2.1922996e+02      
4.7911497e+01 -2.1770958e+02      
5.0118073e+01 -2.1468067e+02      
5.2469728e+01 -2.1094951e+02      
5.4840486e+01 -2.0694892e+02      
5.7181966e+01 -2.0294744e+02      
5.9468878e+01 -1.9911362e+02      
6.1683723e+01 -1.9553320e+02      
6.3806967e+01 -1.9223070e+02      
6.5813864e+01 -1.8919146e+02      
6.7679790e+01 -1.8639523e+02      
6.9389354e+01 -1.8384948e+02      
7.0936406e+01 -1.8157781e+02      
7.2322674e+01 -1.7960880e+02      
7.3555295e+01 -1.7797484e+02      
