2.0163355e+01 2.4961960e+02      
1.7616736e+01 2.4736696e+02      
1.5584949e+01 2.4492139e+02      
1.4076808e+01 2.4233217e+02      
1.3095012e+01 2.3965219e+02      
1.2637733e+01 2.3693714e+02      
1.2700964e+01 2.3424463e+02      
1.3280212e+01 2.3163394e+02      
1.4369099e+01 2.2916724e+02      
1.5952557e+01 2.2691293e+02      
1.7995925e+01 2.2494963e+02      
2.0441932e+01 2.2336380e+02      
2.3232617e+01 2.2223201e+02      
2.6325878e+01 2.2160187e+02      
2.9654149e+01 2.2149697e+02      
3.3053213e+01 2.2193056e+02      
3.6129177e+01 2.2289793e+02      
3.8382062e+01 2.2434405e+02      
4.0400139e+01 2.2614064e+02      
4.2664613e+01 2.2812101e+02      
4.8302566e+01 2.4060163e+02      
4.5844398e+01 2.3823706e+02      
4.3912295e+01 2.3563381e+02      
4.2513787e+01 2.3284293e+02      
4.1648313e+01 2.2991987e+02      
4.1309796e+01 2.2692318e+02      
4.1491812e+01 2.2391273e+02      
4.2193463e+01 2.2094830e+02      
4.3420847e+01 2.1809084e+02      
4.5177065e+01 2.1540907e+02      
4.7433716e+01 2.1299404e+02      
5.0095467e+01 2.1097323e+02      
5.3066529e+01 2.0947049e+02      
5.6373820e+01 2.0853294e+02      
6.0045372e+01 2.0816967e+02      
6.3928363e+01 2.0841066e+02      
6.7428731e+01 2.0931562e+02      
6.8543359e+01 2.1084671e+02      
6.9380854e+01 2.1281779e+02      
7.0659985e+01 2.1494915e+02      
7.5168955e+01 2.2806885e+02      
7.2821950e+01 2.2558373e+02      
7.1012560e+01 2.2281289e+02      
6.9746740e+01 2.1980892e+02      
6.9018221e+01 2.1663020e+02      
6.8811346e+01 2.1333920e+02      
6.9110622e+01 2.0999883e+02      
6.9916052e+01 2.0666774e+02      
7.1254860e+01 2.0339851e+02      
7.3175882e+01 2.0024459e+02      
7.5709941e+01 1.9728499e+02      
7.8687971e+01 1.9471320e+02      
8.1721893e+01 1.9283294e+02      
8.5145028e+01 1.9160111e+02      
8.9179081e+01 1.9096813e+02      
9.3580350e+01 1.9099216e+02      
9.6412139e+01 1.9191242e+02      
9.7300377e+01 1.9364130e+02      
9.6723898e+01 1.9599799e+02      
9.6805217e+01 1.9844536e+02      
1.0032773e+02 2.1226661e+02      
9.8111364e+01 2.0965388e+02      
9.6447097e+01 2.0670672e+02      
9.5340573e+01 2.0347864e+02      
9.4777707e+01 2.0003154e+02      
9.4724027e+01 1.9643455e+02      
9.5138234e+01 1.9275802e+02      
9.6006890e+01 1.8906144e+02      
9.7381957e+01 1.8538221e+02      
9.9388689e+01 1.8173706e+02      
1.0221887e+02 1.7813458e+02      
1.0584978e+02 1.7474104e+02      
1.0861429e+02 1.7253168e+02      
1.1187166e+02 1.7107065e+02      
1.1597701e+02 1.7024439e+02      
1.1951691e+02 1.7030630e+02      
1.2164530e+02 1.7139766e+02      
1.2211868e+02 1.7344244e+02      
1.2131103e+02 1.7615377e+02      
1.2024271e+02 1.7905793e+02      
1.2337026e+02 1.9349257e+02      
1.2129826e+02 1.9074792e+02      
1.1979887e+02 1.8761777e+02      
1.1888275e+02 1.8415471e+02      
1.1853071e+02 1.8042380e+02      
1.1867853e+02 1.7650527e+02      
1.1922211e+02 1.7248901e+02      
1.2008956e+02 1.6844821e+02      
1.2135014e+02 1.6440328e+02      
1.2322824e+02 1.6031676e+02      
1.2603351e+02 1.5611721e+02      
1.2979176e+02 1.5193789e+02      
1.3286475e+02 1.4902954e+02      
1.3560941e+02 1.4740153e+02      
1.3815112e+02 1.4700581e+02      
1.4108309e+02 1.4713899e+02      
1.4252093e+02 1.4856100e+02      
1.4230645e+02 1.5112610e+02      
1.4085663e+02 1.5439701e+02      
1.4007377e+02 1.5736992e+02      
1.4391980e+02 1.7209180e+02      
1.4199570e+02 1.6921557e+02      
1.4067219e+02 1.6589995e+02      
1.3997709e+02 1.6219238e+02      
1.3990448e+02 1.5815616e+02      
1.4036726e+02 1.5388382e+02      
1.4112749e+02 1.4951050e+02      
1.4191292e+02 1.4516805e+02      
1.4279706e+02 1.4086477e+02      
1.4420776e+02 1.3647345e+02      
1.4657444e+02 1.3183564e+02      
1.4993084e+02 1.2707264e+02      
1.5271896e+02 1.2372452e+02      
1.5495138e+02 1.2191809e+02      
1.5682044e+02 1.2147479e+02      
1.5840265e+02 1.2215261e+02      
1.5906813e+02 1.2409682e+02      
1.5808170e+02 1.2732507e+02      
1.5695502e+02 1.3071151e+02      
1.5645353e+02 1.3371149e+02      
1.6163851e+02 1.4845066e+02      
1.5984957e+02 1.4545055e+02      
1.5869232e+02 1.4195555e+02      
1.5822796e+02 1.3800105e+02      
1.5850692e+02 1.3363457e+02      
1.5951832e+02 1.2893728e+02      
1.6085702e+02 1.2411415e+02      
1.6147531e+02 1.1952739e+02      
1.6144538e+02 1.1518967e+02      
1.6194017e+02 1.1072117e+02      
1.6350908e+02 1.0586913e+02      
1.6608056e+02 1.0078591e+02      
1.6822166e+02 9.7265071e+01      
1.6983354e+02 9.5460104e+01      
1.7099591e+02 9.5198707e+01      
1.7165092e+02 9.6333626e+01      
1.7161026e+02 9.8689824e+01      
1.7085956e+02 1.0185141e+02      
1.6978992e+02 1.0548061e+02      
1.6945825e+02 1.0846517e+02      
1.7623671e+02 1.2298900e+02      
1.7454901e+02 1.1988291e+02      
1.7351411e+02 1.1622933e+02      
1.7323240e+02 1.1204572e+02      
1.7383992e+02 1.0734670e+02      
1.7556706e+02 1.0214494e+02      
1.7830830e+02 9.6619208e+01      
1.7867874e+02 9.1846487e+01      
1.7677025e+02 8.7889795e+01      
1.7601392e+02 8.3608886e+01      
1.7660378e+02 7.8775487e+01      
1.7820811e+02 7.3638823e+01      
1.7954854e+02 7.0209091e+01      
1.8045902e+02 6.8640164e+01      
1.8093491e+02 6.8744315e+01      
1.8089175e+02 7.0398670e+01      
1.8027299e+02 7.3318476e+01      
1.7964411e+02 7.6315057e+01      
1.7911011e+02 7.9334716e+01      
1.7902798e+02 8.2042397e+01      
1.8748432e+02 9.6150401e+01      
1.8584363e+02 9.2967740e+01      
1.8484977e+02 8.9195652e+01      
1.8462585e+02 8.4834695e+01      
1.8535397e+02 7.9864504e+01      
1.8733687e+02 7.4226236e+01      
1.9033973e+02 6.8108929e+01      
1.9042281e+02 6.3236476e+01      
1.8766933e+02 5.9694334e+01      
1.8600975e+02 5.5716428e+01      
1.8570764e+02 5.1080862e+01      
1.8634638e+02 4.6142486e+01      
1.8686624e+02 4.3090038e+01      
1.8707800e+02 4.2024329e+01      
1.8696819e+02 4.2534369e+01      
1.8641915e+02 4.4639840e+01      
1.8582510e+02 4.7138272e+01      
1.8533580e+02 4.9750319e+01      
1.8506758e+02 5.2343149e+01      
1.8516435e+02 5.4761038e+01      
1.9522178e+02 6.8391156e+01      
1.9356269e+02 6.5170736e+01      
1.9250729e+02 6.1337401e+01      
1.9217257e+02 5.6885330e+01      
1.9272658e+02 5.1777230e+01      
1.9443561e+02 4.5902939e+01      
1.9703420e+02 3.9421634e+01      
1.9681009e+02 3.4514261e+01      
1.9383045e+02 3.1288931e+01      
1.9175029e+02 2.7577698e+01      
1.9081068e+02 2.3237833e+01      
1.9062218e+02 1.8721616e+01      
1.9040954e+02 1.6316678e+01      
1.8997122e+02 1.6050964e+01      
1.8947677e+02 1.6649268e+01      
1.8887968e+02 1.8143119e+01      
1.8831412e+02 2.0149610e+01      
1.8789693e+02 2.2397540e+01      
1.8772652e+02 2.4710054e+01      
1.8789516e+02 2.6929173e+01      
1.9936670e+02 4.0169736e+01      
1.9762688e+02 3.6953891e+01      
1.9641375e+02 3.3122936e+01      
1.9581343e+02 2.8681028e+01      
1.9593201e+02 2.3611961e+01      
1.9692526e+02 1.7833462e+01      
1.9860051e+02 1.1434608e+01      
1.9807525e+02 6.5315083e+00      
1.9539385e+02 3.2550095e+00      
1.9334984e+02 -4.0983059e-01      
1.9207218e+02 -4.4319635e+00      
1.9127608e+02 -8.3440918e+00      
1.9051982e+02 -1.0021935e+01      
1.8976249e+02 -1.0536287e+01      
1.8901780e+02 -1.0182670e+01      
1.8830285e+02 -9.0719508e+00      
1.8768099e+02 -7.3915799e+00      
1.8724442e+02 -5.3716153e+00      
1.8707814e+02 -3.2158008e+00      
1.8724626e+02 -1.0958944e+00      
1.9991339e+02 1.1938608e+01      
1.9804656e+02 8.7658961e+00      
1.9661026e+02 4.9918726e+00      
1.9565081e+02 6.4135407e-01      
1.9519430e+02 -4.2505203e+00      
1.9519524e+02 -9.6085835e+00      
1.9526021e+02 -1.5108909e+01      
1.9446933e+02 -1.9995578e+01      
1.9281334e+02 -2.4144907e+01      
1.9114885e+02 -2.8080858e+01      
1.8977847e+02 -3.1847439e+01      
1.8863100e+02 -3.5024223e+01      
1.8756235e+02 -3.6950887e+01      
1.8653315e+02 -3.7764438e+01      
1.8555810e+02 -3.7643157e+01      
1.8466316e+02 -3.6713974e+01      
1.8389731e+02 -3.5149156e+01      
1.8336154e+02 -3.3186095e+01      
1.8313782e+02 -3.1050112e+01      
1.8326270e+02 -2.8921640e+01      
1.9692607e+02 -1.5860625e+01      
1.9490831e+02 -1.8960130e+01      
1.9322352e+02 -2.2641692e+01      
1.9188819e+02 -2.6864260e+01      
1.9088282e+02 -3.1558841e+01      
1.9011041e+02 -3.6593202e+01      
1.8933999e+02 -4.1718855e+01      
1.8830281e+02 -4.6632947e+01      
1.8698655e+02 -5.1202606e+01      
1.8559722e+02 -5.5434558e+01      
1.8424714e+02 -5.9215362e+01      
1.8292698e+02 -6.2274009e+01      
1.8160802e+02 -6.4337583e+01      
1.8030533e+02 -6.5328148e+01      
1.7908815e+02 -6.5321221e+01      
1.7799605e+02 -6.4428517e+01      
1.7697179e+02 -6.2742344e+01      
1.7626355e+02 -6.0640894e+01      
1.7595397e+02 -5.8381220e+01      
1.7602370e+02 -5.6132647e+01      
1.9052906e+02 -4.2799969e+01      
1.8835727e+02 -4.5804217e+01      
1.8643140e+02 -4.9373996e+01      
1.8475434e+02 -5.3465380e+01      
1.8329971e+02 -5.8008828e+01      
1.8200044e+02 -6.2888165e+01      
1.8075603e+02 -6.7922595e+01      
1.7949327e+02 -7.2914350e+01      
1.7824459e+02 -7.7752947e+01      
1.7705656e+02 -8.2336706e+01      
1.7577410e+02 -8.6360371e+01      
1.7434303e+02 -8.9583681e+01      
1.7277969e+02 -9.1799554e+01      
1.7115005e+02 -9.2868749e+01      
1.6960251e+02 -9.2811568e+01      
1.6833998e+02 -9.1831365e+01      
1.6685811e+02 -8.9697446e+01      
1.6597733e+02 -8.7289330e+01      
1.6561301e+02 -8.4775535e+01      
1.6565282e+02 -8.2298433e+01      
1.8089745e+02 -6.8468122e+01      
1.7858335e+02 -7.1358747e+01      
1.7644214e+02 -7.4802370e+01      
1.7447381e+02 -7.8763739e+01      
1.7265958e+02 -8.3195378e+01      
1.7096457e+02 -8.8028149e+01      
1.6935755e+02 -9.3117313e+01      
1.6785078e+02 -9.8211412e+01      
1.6655269e+02 -1.0325741e+02      
1.6563532e+02 -1.0831985e+02      
1.6445419e+02 -1.1271024e+02      
1.6292483e+02 -1.1626448e+02      
1.6108314e+02 -1.1874646e+02      
1.5902388e+02 -1.1987713e+02      
1.5689330e+02 -1.1951318e+02      
1.5485253e+02 -1.1779306e+02      
1.5340506e+02 -1.1543131e+02      
1.5257526e+02 -1.1268041e+02      
1.5225965e+02 -1.0979204e+02      
1.5233049e+02 -1.0698012e+02      
1.6825019e+02 -9.2475706e+01      
1.6581417e+02 -9.5233442e+01      
1.6349076e+02 -9.8531106e+01      
1.6128109e+02 -1.0234613e+02      
1.5917357e+02 -1.0666045e+02      
1.5714871e+02 -1.1147779e+02      
1.5520250e+02 -1.1675726e+02      
1.5339004e+02 -1.2190262e+02      
1.5179087e+02 -1.2690913e+02      
1.5047103e+02 -1.3179373e+02      
1.4933870e+02 -1.3644447e+02      
1.4769901e+02 -1.4048677e+02      
1.4553898e+02 -1.4347086e+02      
1.4298284e+02 -1.4485142e+02      
1.4023939e+02 -1.4418741e+02      
1.3815039e+02 -1.4239853e+02      
1.3686085e+02 -1.3971349e+02      
1.3625491e+02 -1.3642571e+02      
1.3612462e+02 -1.3298726e+02      
1.3630700e+02 -1.2973051e+02      
1.5284525e+02 -1.1446256e+02      
1.5031200e+02 -1.1706536e+02      
1.4784177e+02 -1.2018831e+02      
1.4543783e+02 -1.2381700e+02      
1.4309238e+02 -1.2794984e+02      
1.4078588e+02 -1.3262122e+02      
1.3850997e+02 -1.3780167e+02      
1.3637413e+02 -1.4281606e+02      
1.3440808e+02 -1.4763451e+02      
1.3262763e+02 -1.5226042e+02      
1.3098211e+02 -1.5669176e+02      
1.2914038e+02 -1.6141712e+02      
1.2657705e+02 -1.6531133e+02      
1.2346203e+02 -1.6759445e+02      
1.2044139e+02 -1.6740718e+02      
1.1842121e+02 -1.6566728e+02      
1.1745490e+02 -1.6243860e+02      
1.1732195e+02 -1.5812961e+02      
1.1754216e+02 -1.5386995e+02      
1.1791054e+02 -1.5008353e+02      
1.3497560e+02 -1.3410551e+02      
1.3237147e+02 -1.3653011e+02      
1.2979003e+02 -1.3944484e+02      
1.2723752e+02 -1.4283494e+02      
1.2471038e+02 -1.4669452e+02      
1.2219067e+02 -1.5104259e+02      
1.1966038e+02 -1.5585181e+02      
1.1725237e+02 -1.6054128e+02      
1.1496000e+02 -1.6508186e+02      
1.1276381e+02 -1.6947604e+02      
1.1060465e+02 -1.7376205e+02      
1.0814422e+02 -1.7852974e+02      
1.0508552e+02 -1.8362284e+02      
1.0106152e+02 -1.8760143e+02      
9.7905929e+01 -1.8861705e+02      
9.6034328e+01 -1.8709368e+02      
9.5536895e+01 -1.8317739e+02      
9.6283477e+01 -1.7702470e+02      
9.6973017e+01 -1.7181688e+02      
9.7543887e+01 -1.6755627e+02      
1.1496514e+02 -1.5112479e+02      
1.1231644e+02 -1.5335014e+02      
1.0965816e+02 -1.5602636e+02      
1.0700048e+02 -1.5913236e+02      
1.0434683e+02 -1.6264529e+02      
1.0169537e+02 -1.6653325e+02      
9.9055414e+01 -1.7069633e+02      
9.6466103e+01 -1.7491452e+02      
9.3926024e+01 -1.7909876e+02      
9.1395833e+01 -1.8325200e+02      
8.8774348e+01 -1.8748735e+02      
8.5853305e+01 -1.9213897e+02      
8.2325149e+01 -1.9746198e+02      
7.7855560e+01 -2.0206126e+02      
7.4615618e+01 -2.0366601e+02      
7.2873321e+01 -2.0237862e+02      
7.2697451e+01 -1.9830711e+02      
7.3994513e+01 -1.9170131e+02      
7.4976583e+01 -1.8616192e+02      
7.5653311e+01 -1.8171544e+02      
9.3164338e+01 -1.6528811e+02      
9.0496108e+01 -1.6729840e+02      
8.7792791e+01 -1.6971503e+02      
8.5068584e+01 -1.7251010e+02      
8.2333352e+01 -1.7564748e+02      
7.9594878e+01 -1.7907413e+02      
7.6863231e+01 -1.8270509e+02      
7.4147669e+01 -1.8643565e+02      
7.1439501e+01 -1.9019633e+02      
6.8699507e+01 -1.9397667e+02      
6.5844613e+01 -1.9783528e+02      
6.2732406e+01 -2.0189645e+02      
5.9108226e+01 -2.0625860e+02      
5.4838419e+01 -2.1059626e+02      
5.1802161e+01 -2.1215878e+02      
5.0153943e+01 -2.1107596e+02      
4.9953661e+01 -2.0748646e+02      
5.1183103e+01 -2.0162654e+02      
5.2065753e+01 -1.9654228e+02      
5.2666986e+01 -1.9229391e+02      
