2.0977409e+01 2.3341060e+02      
2.1365807e+01 2.3107152e+02      
2.1950812e+01 2.2840538e+02      
2.2618873e+01 2.2546268e+02      
2.3286579e+01 2.2237688e+02      
2.3749928e+01 2.1938175e+02      
2.3745870e+01 2.1682440e+02      
2.3829196e+01 2.1484217e+02      
2.4267877e+01 2.1342724e+02      
2.5042311e+01 2.1256014e+02      
2.5986207e+01 2.1223777e+02      
2.6713896e+01 2.1243938e+02      
2.6752717e+01 2.1309564e+02      
2.6581809e+01 2.1419528e+02      
2.6605233e+01 2.1567451e+02      
2.7031905e+01 2.1744325e+02      
2.7971718e+01 2.1941820e+02      
2.9474840e+01 2.2152576e+02      
3.1561407e+01 2.2369836e+02      
3.4237501e+01 2.2587147e+02      
5.0467410e+01 2.2361067e+02      
5.1584138e+01 2.2144119e+02      
5.2787722e+01 2.1867398e+02      
5.3960117e+01 2.1537214e+02      
5.5113200e+01 2.1171812e+02      
5.6142433e+01 2.0803132e+02      
5.5484095e+01 2.0507222e+02      
5.5280586e+01 2.0287680e+02      
5.5753335e+01 2.0129816e+02      
5.6834692e+01 2.0027546e+02      
5.8294356e+01 1.9982837e+02      
5.9507448e+01 1.9999555e+02      
5.8672790e+01 2.0056861e+02      
5.7561498e+01 2.0167058e+02      
5.6781307e+01 2.0317117e+02      
5.6566728e+01 2.0493838e+02      
5.6986131e+01 2.0687652e+02      
5.8044321e+01 2.0891234e+02      
5.9730030e+01 2.1098047e+02      
6.2031100e+01 2.1301769e+02      
7.7502099e+01 2.0897543e+02      
7.9376300e+01 2.0691600e+02      
8.1273066e+01 2.0403747e+02      
8.2971451e+01 2.0031350e+02      
8.4527149e+01 1.9604776e+02      
8.6116869e+01 1.9227963e+02      
8.5573926e+01 1.8932772e+02      
8.5200715e+01 1.8710972e+02      
8.5725543e+01 1.8544911e+02      
8.7262850e+01 1.8426471e+02      
8.9410764e+01 1.8363647e+02      
9.0276317e+01 1.8367243e+02      
8.9426057e+01 1.8433124e+02      
8.7216160e+01 1.8557100e+02      
8.5475093e+01 1.8720009e+02      
8.4566093e+01 1.8903017e+02      
8.4461889e+01 1.9097136e+02      
8.5071423e+01 1.9296769e+02      
8.6341709e+01 1.9496163e+02      
8.8243003e+01 1.9689300e+02      
1.0219052e+02 1.9073971e+02      
1.0414915e+02 1.8811902e+02      
1.0678584e+02 1.8510577e+02      
1.0897450e+02 1.8090421e+02      
1.1161680e+02 1.7657651e+02      
1.1320488e+02 1.7286030e+02      
1.1344059e+02 1.6993336e+02      
1.1279309e+02 1.6785817e+02      
1.1322361e+02 1.6623633e+02      
1.1520085e+02 1.6487395e+02      
1.1702670e+02 1.6406957e+02      
1.1766452e+02 1.6402631e+02      
1.1674554e+02 1.6478585e+02      
1.1452481e+02 1.6623138e+02      
1.1189013e+02 1.6810210e+02      
1.1043228e+02 1.7002746e+02      
1.0989916e+02 1.7199465e+02      
1.1009966e+02 1.7397758e+02      
1.1096194e+02 1.7592611e+02      
1.1245228e+02 1.7778234e+02      
1.2431401e+02 1.6953192e+02      
1.2624300e+02 1.6644490e+02      
1.2910210e+02 1.6304998e+02      
1.3191717e+02 1.5862208e+02      
1.3431099e+02 1.5444313e+02      
1.3599538e+02 1.5080776e+02      
1.3686143e+02 1.4785005e+02      
1.3708359e+02 1.4565913e+02      
1.3715194e+02 1.4421311e+02      
1.3849869e+02 1.4292268e+02      
1.4044738e+02 1.4189532e+02      
1.4107692e+02 1.4177011e+02      
1.3997079e+02 1.4269034e+02      
1.3744251e+02 1.4442855e+02      
1.3521044e+02 1.4632469e+02      
1.3368745e+02 1.4828685e+02      
1.3288401e+02 1.5028303e+02      
1.3273447e+02 1.5227314e+02      
1.3320523e+02 1.5420401e+02      
1.3428024e+02 1.5601637e+02      
1.4360281e+02 1.4580096e+02      
1.4528528e+02 1.4232536e+02      
1.4756041e+02 1.3856818e+02      
1.4999497e+02 1.3448074e+02      
1.5222755e+02 1.3049997e+02      
1.5407887e+02 1.2692410e+02      
1.5548080e+02 1.2391017e+02      
1.5649851e+02 1.2154966e+02      
1.5738552e+02 1.1982290e+02      
1.5857563e+02 1.1855182e+02      
1.5988409e+02 1.1772246e+02      
1.6063849e+02 1.1750007e+02      
1.5930012e+02 1.1866301e+02      
1.5740505e+02 1.2030930e+02      
1.5558322e+02 1.2217983e+02      
1.5411733e+02 1.2416709e+02      
1.5312444e+02 1.2620195e+02      
1.5265707e+02 1.2822209e+02      
1.5274278e+02 1.3016462e+02      
1.5339617e+02 1.3196572e+02      
1.5988708e+02 1.1996868e+02      
1.6134844e+02 1.1619936e+02      
1.6327765e+02 1.1224238e+02      
1.6545451e+02 1.0819149e+02      
1.6765764e+02 1.0425426e+02      
1.6972909e+02 1.0064845e+02      
1.7158324e+02 9.7536637e+01      
1.7320800e+02 9.5022114e+01      
1.7465467e+02 9.3142457e+01      
1.7594486e+02 9.1892540e+01      
1.7690827e+02 9.1292384e+01      
1.7713253e+02 9.1447454e+01      
1.7621758e+02 9.2491712e+01      
1.7472423e+02 9.4094587e+01      
1.7312259e+02 9.5992429e+01      
1.7163185e+02 9.8039826e+01      
1.7041923e+02 1.0014223e+02      
1.6961526e+02 1.0222332e+02      
1.6930017e+02 1.0421083e+02      
1.6951807e+02 1.0603534e+02      
1.7303390e+02 9.2457390e+01      
1.7437672e+02 8.8433333e+01      
1.7617217e+02 8.4267674e+01      
1.7828895e+02 8.0076008e+01      
1.8058421e+02 7.6020919e+01      
1.8292919e+02 7.2280780e+01      
1.8521784e+02 6.9015319e+01      
1.8736296e+02 6.6349683e+01      
1.8927937e+02 6.4370744e+01      
1.9082884e+02 6.3142019e+01      
1.9179646e+02 6.2718705e+01      
1.9188372e+02 6.3137706e+01      
1.9082632e+02 6.4362145e+01      
1.8935027e+02 6.6113629e+01      
1.8781995e+02 6.8148807e+01      
1.8614984e+02 7.0311532e+01      
1.8460632e+02 7.2522666e+01      
1.8340143e+02 7.4703962e+01      
1.8264820e+02 7.6774522e+01      
1.8240953e+02 7.8659201e+01      
1.8289684e+02 6.3703808e+01      
1.8419232e+02 5.9419227e+01      
1.8596231e+02 5.4997543e+01      
1.8813268e+02 5.0562162e+01      
1.9061344e+02 4.6269134e+01      
1.9329990e+02 4.2292209e+01      
1.9607198e+02 3.8799023e+01      
1.9877957e+02 3.5939815e+01      
2.0125899e+02 3.3835795e+01      
2.0328995e+02 3.2583743e+01      
2.0443657e+02 3.2320149e+01      
2.0463199e+02 3.3021370e+01      
2.0267121e+02 3.4720151e+01      
2.0092298e+02 3.6814371e+01      
1.9959846e+02 3.9097808e+01      
1.9754844e+02 4.1418932e+01      
1.9552895e+02 4.3787960e+01      
1.9383261e+02 4.6116315e+01      
1.9259284e+02 4.8312382e+01      
1.9187545e+02 5.0295232e+01      
1.8934089e+02 3.4175381e+01      
1.9062227e+02 2.9609173e+01      
1.9241386e+02 2.4878448e+01      
1.9469330e+02 2.0111106e+01      
1.9742501e+02 1.5470033e+01      
2.0052826e+02 1.1149492e+01      
2.0388514e+02 7.3358927e+00      
2.0730338e+02 4.1946203e+00      
2.1038866e+02 1.9490457e+00      
2.1314238e+02 6.1582351e-01      
2.1417601e+02 6.0770254e-01      
2.1341595e+02 1.8656523e+00      
2.1076127e+02 4.2231607e+00      
2.0872699e+02 6.7495287e+00      
2.0745839e+02 9.2651493e+00      
2.0554327e+02 1.1820376e+01      
2.0300192e+02 1.4404678e+01      
2.0074004e+02 1.6934085e+01      
1.9896835e+02 1.9301937e+01      
1.9775867e+02 2.1420498e+01      
1.9226784e+02 4.3704371e+00      
1.9353223e+02 -4.9876178e-01      
1.9533895e+02 -5.5910800e+00      
1.9772064e+02 -1.0777879e+01      
2.0073565e+02 -1.5890845e+01      
2.0435070e+02 -2.0693155e+01      
2.0830376e+02 -2.4867475e+01      
2.1262588e+02 -2.8382077e+01      
2.1594472e+02 -3.0621749e+01      
2.1816870e+02 -3.1603751e+01      
2.1879890e+02 -3.1215284e+01      
2.1751302e+02 -2.9401899e+01      
2.1448088e+02 -2.6363011e+01      
2.1225446e+02 -2.3394421e+01      
2.1096646e+02 -2.0664572e+01      
2.0916153e+02 -1.7908072e+01      
2.0674313e+02 -1.5121439e+01      
2.0395243e+02 -1.2346832e+01      
2.0163532e+02 -9.7619469e+00      
1.9993819e+02 -7.4732122e+00      
1.9163434e+02 -2.5187830e+01      
1.9284753e+02 -3.0369418e+01      
1.9461099e+02 -3.5870487e+01      
1.9699532e+02 -4.1567681e+01      
2.0016712e+02 -4.7254549e+01      
2.0435892e+02 -5.2689339e+01      
2.0850266e+02 -5.7004895e+01      
2.1258513e+02 -6.0279353e+01      
2.1581902e+02 -6.2276252e+01      
2.1777823e+02 -6.2932190e+01      
2.1816793e+02 -6.2174958e+01      
2.1670737e+02 -5.9889707e+01      
2.1359067e+02 -5.6254532e+01      
2.1127456e+02 -5.2888528e+01      
2.0990323e+02 -4.9956321e+01      
2.0811949e+02 -4.7020501e+01      
2.0584850e+02 -4.4081833e+01      
2.0322987e+02 -4.1182159e+01      
2.0046436e+02 -3.8363677e+01      
1.9832792e+02 -3.5882677e+01      
1.8746505e+02 -5.3960243e+01      
1.8857341e+02 -5.9433118e+01      
1.9020188e+02 -6.5369132e+01      
1.9241974e+02 -7.1714353e+01      
1.9530812e+02 -7.8097040e+01      
1.9879750e+02 -8.3519626e+01      
2.0262526e+02 -8.7472078e+01      
2.0681822e+02 -9.0330327e+01      
2.1008474e+02 -9.1941185e+01      
2.1203401e+02 -9.2325911e+01      
2.1244360e+02 -9.1346089e+01      
2.1107815e+02 -8.8772024e+01      
2.0812502e+02 -8.4721391e+01      
2.0581960e+02 -8.1059480e+01      
2.0419996e+02 -7.7872236e+01      
2.0230704e+02 -7.4745288e+01      
2.0013458e+02 -7.1699438e+01      
1.9775578e+02 -6.8754939e+01      
1.9526484e+02 -6.5930026e+01      
1.9285042e+02 -6.3282351e+01      
1.7985970e+02 -8.1408045e+01      
1.8080729e+02 -8.7092359e+01      
1.8220781e+02 -9.3399162e+01      
1.8411526e+02 -1.0048032e+02      
1.8659788e+02 -1.0820286e+02      
1.8942686e+02 -1.1378950e+02      
1.9257841e+02 -1.1686225e+02      
1.9590810e+02 -1.1758865e+02      
1.9921293e+02 -1.1859908e+02      
2.0123684e+02 -1.1875706e+02      
2.0191042e+02 -1.1785799e+02      
2.0087778e+02 -1.1530651e+02      
1.9829175e+02 -1.1110335e+02      
1.9619597e+02 -1.0736481e+02      
1.9396999e+02 -1.0373843e+02      
1.9190738e+02 -1.0044065e+02      
1.8982147e+02 -9.7351417e+01      
1.8767246e+02 -9.4426009e+01      
1.8551666e+02 -9.1675085e+01      
1.8350339e+02 -8.9161146e+01      
1.6899182e+02 -1.0702391e+02      
1.6973750e+02 -1.1276637e+02      
1.7084118e+02 -1.1921537e+02      
1.7230170e+02 -1.2660946e+02      
1.7412207e+02 -1.3474342e+02      
1.7630829e+02 -1.4023864e+02      
1.7883659e+02 -1.4254648e+02      
1.8154295e+02 -1.4192264e+02      
1.8404423e+02 -1.4159985e+02      
1.8589851e+02 -1.4138889e+02      
1.8706535e+02 -1.4103294e+02      
1.8653873e+02 -1.3890512e+02      
1.8438999e+02 -1.3483136e+02      
1.8230839e+02 -1.3101717e+02      
1.8028034e+02 -1.2751130e+02      
1.7830691e+02 -1.2425318e+02      
1.7635762e+02 -1.2120239e+02      
1.7441550e+02 -1.1833386e+02      
1.7252432e+02 -1.1566224e+02      
1.7077800e+02 -1.1323496e+02      
1.5509926e+02 -1.3037198e+02      
1.5562942e+02 -1.3597372e+02      
1.5642107e+02 -1.4224160e+02      
1.5741075e+02 -1.4940583e+02      
1.5854576e+02 -1.5725035e+02      
1.6013572e+02 -1.6236799e+02      
1.6215921e+02 -1.6420451e+02      
1.6445622e+02 -1.6300690e+02      
1.6641788e+02 -1.6206728e+02      
1.6786764e+02 -1.6141348e+02      
1.6871184e+02 -1.6064626e+02      
1.6869517e+02 -1.5923063e+02      
1.6713378e+02 -1.5571778e+02      
1.6539248e+02 -1.5224765e+02      
1.6364245e+02 -1.4899685e+02      
1.6187849e+02 -1.4590504e+02      
1.6011218e+02 -1.4296429e+02      
1.5836230e+02 -1.4018220e+02      
1.5666895e+02 -1.3758363e+02      
1.5509090e+02 -1.3520874e+02      
1.3846815e+02 -1.5111651e+02      
1.3879711e+02 -1.5638791e+02      
1.3932086e+02 -1.6216307e+02      
1.3995407e+02 -1.6856562e+02      
1.4060385e+02 -1.7542829e+02      
1.4173247e+02 -1.7990389e+02      
1.4329563e+02 -1.8159778e+02      
1.4518107e+02 -1.8063646e+02      
1.4669047e+02 -1.7975560e+02      
1.4773617e+02 -1.7894951e+02      
1.4825447e+02 -1.7790693e+02      
1.4811044e+02 -1.7628582e+02      
1.4719258e+02 -1.7375948e+02      
1.4589004e+02 -1.7088573e+02      
1.4443295e+02 -1.6797509e+02      
1.4289718e+02 -1.6510423e+02      
1.4132592e+02 -1.6231325e+02      
1.3975536e+02 -1.5963640e+02      
1.3822467e+02 -1.5711044e+02      
1.3677644e+02 -1.5477643e+02      
1.1941657e+02 -1.6902438e+02      
1.1957180e+02 -1.7383955e+02      
1.1989245e+02 -1.7893112e+02      
1.2033935e+02 -1.8419082e+02      
1.2091974e+02 -1.8915842e+02      
1.2176104e+02 -1.9277864e+02      
1.2285824e+02 -1.9461316e+02      
1.2406694e+02 -1.9490728e+02      
1.2509555e+02 -1.9456576e+02      
1.2579136e+02 -1.9389669e+02      
1.2607390e+02 -1.9284904e+02      
1.2588096e+02 -1.9131035e+02      
1.2522152e+02 -1.8925301e+02      
1.2422176e+02 -1.8684045e+02      
1.2301693e+02 -1.8425720e+02      
1.2169364e+02 -1.8161565e+02      
1.2030789e+02 -1.7898566e+02      
1.1890237e+02 -1.7641991e+02      
1.1751465e+02 -1.7396497e+02      
1.1617890e+02 -1.7166530e+02      
9.8285318e+01 -1.8394140e+02      
9.8290395e+01 -1.8826297e+02      
9.8445869e+01 -1.9267180e+02      
9.8738282e+01 -1.9698002e+02      
9.9171955e+01 -2.0084294e+02      
9.9761859e+01 -2.0382520e+02      
1.0047909e+02 -2.0568563e+02      
1.0122570e+02 -2.0651134e+02      
1.0186232e+02 -2.0659560e+02      
1.0227342e+02 -2.0615073e+02      
1.0238509e+02 -2.0524340e+02      
1.0215998e+02 -2.0388357e+02      
1.0160789e+02 -2.0210548e+02      
1.0078664e+02 -2.0000035e+02      
9.9771588e+01 -1.9768122e+02      
9.8628577e+01 -1.9524492e+02      
9.7408934e+01 -1.9276655e+02      
9.6153443e+01 -1.9030655e+02      
9.4896010e+01 -1.8791705e+02      
9.3664920e+01 -1.8564523e+02      
7.5436551e+01 -1.9575792e+02      
7.5306445e+01 -1.9961355e+02      
7.5311142e+01 -2.0344203e+02      
7.5442041e+01 -2.0707296e+02      
7.5691960e+01 -2.1027973e+02      
7.6047755e+01 -2.1283133e+02      
7.6473519e+01 -2.1459045e+02      
7.6902996e+01 -2.1556521e+02      
7.7252395e+01 -2.1586400e+02      
7.7444337e+01 -2.1560161e+02      
7.7423279e+01 -2.1485282e+02      
7.7161229e+01 -2.1366653e+02      
7.6660611e+01 -2.1209556e+02      
7.5950785e+01 -2.1021134e+02      
7.5075644e+01 -2.0809638e+02      
7.4080652e+01 -2.0583038e+02      
7.3006349e+01 -2.0348356e+02      
7.1887080e+01 -2.0111674e+02      
7.0751414e+01 -1.9878351e+02      
6.9622330e+01 -1.9653204e+02      
