2.9780238e+01 2.3603548e+02      
2.8949746e+01 2.3442219e+02      
2.8444755e+01 2.3278775e+02      
2.8194866e+01 2.3117034e+02      
2.8183732e+01 2.2960687e+02      
2.8447262e+01 2.2813278e+02      
2.9019451e+01 2.2678280e+02      
2.9895130e+01 2.2559290e+02      
3.1023321e+01 2.2460189e+02      
3.2308769e+01 2.2385052e+02      
3.3628550e+01 2.2337659e+02      
3.4891330e+01 2.2320553e+02      
3.6096523e+01 2.2334059e+02      
3.7315370e+01 2.2375934e+02      
3.8640436e+01 2.2441852e+02      
4.0158667e+01 2.2526260e+02      
4.1943147e+01 2.2623118e+02      
4.4051892e+01 2.2726391e+02      
4.6528764e+01 2.2830317e+02      
4.9404888e+01 2.2929496e+02      
5.9109952e+01 2.2709909e+02      
5.8598451e+01 2.2545598e+02      
5.8394201e+01 2.2376037e+02      
5.8326776e+01 2.2205261e+02      
5.8383132e+01 2.2037114e+02      
5.8704835e+01 2.1875156e+02      
5.9394162e+01 2.1722721e+02      
6.0456652e+01 2.1583477e+02      
6.1829800e+01 2.1461935e+02      
6.3375936e+01 2.1363614e+02      
6.4851987e+01 2.1294521e+02      
6.6039217e+01 2.1259402e+02      
6.6975602e+01 2.1259386e+02      
6.7826944e+01 2.1291236e+02      
6.8744049e+01 2.1348746e+02      
6.9844312e+01 2.1424510e+02      
7.1216261e+01 2.1511040e+02      
7.2925306e+01 2.1601337e+02      
7.5018153e+01 2.1689091e+02      
7.7526202e+01 2.1768672e+02      
8.7046986e+01 2.1467103e+02      
8.7000152e+01 2.1298109e+02      
8.7321778e+01 2.1121128e+02      
8.7450237e+01 2.0940146e+02      
8.7379737e+01 2.0759283e+02      
8.7651348e+01 2.0582138e+02      
8.8448849e+01 2.0411102e+02      
8.9742486e+01 2.0249334e+02      
9.1466622e+01 2.0101709e+02      
9.3502802e+01 1.9975464e+02      
9.5409527e+01 1.9880550e+02      
9.6407302e+01 1.9826697e+02      
9.6876626e+01 1.9816698e+02      
9.7195930e+01 1.9844533e+02      
9.7574566e+01 1.9900289e+02      
9.8152179e+01 1.9973765e+02      
9.9025400e+01 2.0055618e+02      
1.0026175e+02 2.0137795e+02      
1.0190659e+02 2.0213585e+02      
1.0398877e+02 2.0277359e+02      
1.1301191e+02 1.9898415e+02      
1.1352437e+02 1.9721846e+02      
1.1482189e+02 1.9535082e+02      
1.1514934e+02 1.9342619e+02      
1.1451846e+02 1.9149528e+02      
1.1466916e+02 1.8958192e+02      
1.1560899e+02 1.8768176e+02      
1.1717700e+02 1.8581689e+02      
1.1931612e+02 1.8403225e+02      
1.2208174e+02 1.8240801e+02      
1.2517322e+02 1.8110267e+02      
1.2566589e+02 1.8035340e+02      
1.2538157e+02 1.8022837e+02      
1.2495919e+02 1.8056595e+02      
1.2465904e+02 1.8120039e+02      
1.2461048e+02 1.8199456e+02      
1.2490481e+02 1.8283381e+02      
1.2560476e+02 1.8362778e+02      
1.2674734e+02 1.8430960e+02      
1.2835538e+02 1.8482771e+02      
1.3640200e+02 1.8033352e+02      
1.3720995e+02 1.7845133e+02      
1.3888410e+02 1.7637286e+02      
1.3940502e+02 1.7432442e+02      
1.3880463e+02 1.7236466e+02      
1.3911214e+02 1.7033919e+02      
1.4033277e+02 1.6825675e+02      
1.4220890e+02 1.6613143e+02      
1.4468343e+02 1.6399106e+02      
1.4794530e+02 1.6189700e+02      
1.5180064e+02 1.6002531e+02      
1.5308885e+02 1.5901538e+02      
1.5194976e+02 1.5899483e+02      
1.5061429e+02 1.5954328e+02      
1.4951935e+02 1.6038025e+02      
1.4875391e+02 1.6133664e+02      
1.4840245e+02 1.6227338e+02      
1.4852076e+02 1.6309204e+02      
1.4912052e+02 1.6373710e+02      
1.5021667e+02 1.6417049e+02      
1.5675926e+02 1.5907594e+02      
1.5750088e+02 1.5709455e+02      
1.5904841e+02 1.5483650e+02      
1.5973325e+02 1.5265155e+02      
1.5962147e+02 1.5060866e+02      
1.6046520e+02 1.4845494e+02      
1.6222405e+02 1.4622227e+02      
1.6443939e+02 1.4384333e+02      
1.6702596e+02 1.4131935e+02      
1.7029265e+02 1.3869544e+02      
1.7436807e+02 1.3621941e+02      
1.7620896e+02 1.3491675e+02      
1.7570711e+02 1.3483994e+02      
1.7355150e+02 1.3575491e+02      
1.7171879e+02 1.3690146e+02      
1.7012054e+02 1.3816154e+02      
1.6908019e+02 1.3927509e+02      
1.6861418e+02 1.4015633e+02      
1.6864283e+02 1.4079035e+02      
1.6919529e+02 1.4116534e+02      
1.7384546e+02 1.3559487e+02      
1.7424501e+02 1.3357203e+02      
1.7507465e+02 1.3131515e+02      
1.7585810e+02 1.2897506e+02      
1.7669758e+02 1.2662217e+02      
1.7829741e+02 1.2425709e+02      
1.8092769e+02 1.2194155e+02      
1.8345869e+02 1.1931368e+02      
1.8588777e+02 1.1642857e+02      
1.8848351e+02 1.1328856e+02      
1.9224422e+02 1.1038075e+02      
1.9421675e+02 1.0896775e+02      
1.9418940e+02 1.0894846e+02      
1.9266665e+02 1.0993216e+02      
1.9063871e+02 1.1132181e+02      
1.8809419e+02 1.1302398e+02      
1.8651620e+02 1.1430886e+02      
1.8558365e+02 1.1525587e+02      
1.8497215e+02 1.1587628e+02      
1.8494106e+02 1.1620680e+02      
1.8757787e+02 1.1027789e+02      
1.8768128e+02 1.0820225e+02      
1.8815955e+02 1.0586399e+02      
1.8893108e+02 1.0333775e+02      
1.9011655e+02 1.0068860e+02      
1.9208109e+02 9.7988803e+01      
1.9501574e+02 9.5301420e+01      
1.9759446e+02 9.2353511e+01      
1.9977724e+02 8.9240848e+01      
2.0182083e+02 8.6036530e+01      
2.0495563e+02 8.3181306e+01      
2.0663472e+02 8.2113780e+01      
2.0687354e+02 8.2394636e+01      
2.0544869e+02 8.3785657e+01      
2.0383300e+02 8.5182538e+01      
2.0198653e+02 8.6590625e+01      
2.0034867e+02 8.7827845e+01      
1.9916343e+02 8.8830927e+01      
1.9769579e+02 8.9402643e+01      
1.9711483e+02 8.9707264e+01      
1.9788364e+02 8.3542253e+01      
1.9776962e+02 8.1390245e+01      
1.9802379e+02 7.8924715e+01      
1.9865691e+02 7.6189706e+01      
1.9976953e+02 7.3229429e+01      
2.0158334e+02 7.0098752e+01      
2.0422451e+02 6.6859872e+01      
2.0652813e+02 6.3484788e+01      
2.0848274e+02 6.0205572e+01      
2.1016492e+02 5.7270122e+01      
2.1236306e+02 5.5198111e+01      
2.1322216e+02 5.5164206e+01      
2.1414210e+02 5.5704375e+01      
2.1410853e+02 5.6687671e+01      
2.1335697e+02 5.7834884e+01      
2.1202799e+02 5.9024882e+01      
2.1019922e+02 6.0162499e+01      
2.0790415e+02 6.1112605e+01      
2.0626398e+02 6.1760345e+01      
2.0543879e+02 6.2096490e+01      
2.0467815e+02 5.5840737e+01      
2.0437062e+02 5.3606525e+01      
2.0439939e+02 5.1007325e+01      
2.0478779e+02 4.8064182e+01      
2.0559114e+02 4.4790505e+01      
2.0687881e+02 4.1189393e+01      
2.0858241e+02 3.7263928e+01      
2.1034326e+02 3.3227194e+01      
2.1208281e+02 2.9746481e+01      
2.1395940e+02 2.7125329e+01      
2.1482376e+02 2.6870859e+01      
2.1561338e+02 2.7283397e+01      
2.1654090e+02 2.7909673e+01      
2.1754587e+02 2.8639452e+01      
2.1764386e+02 2.9529316e+01      
2.1672551e+02 3.0573115e+01      
2.1483510e+02 3.1696647e+01      
2.1235271e+02 3.2719602e+01      
2.1069420e+02 3.3439311e+01      
2.0980596e+02 3.3830749e+01      
2.0791116e+02 2.7645274e+01      
2.0741139e+02 2.5339870e+01      
2.0719454e+02 2.2626106e+01      
2.0727527e+02 1.9507378e+01      
2.0767218e+02 1.5969447e+01      
2.0838836e+02 1.1960481e+01      
2.0937843e+02 7.3389418e+00      
2.1056673e+02 2.1560398e+00      
2.1175507e+02 -1.3993636e+00      
2.1288402e+02 -2.9145384e+00      
2.1363269e+02 -2.0522730e+00      
2.1433959e+02 -1.1714303e+00      
2.1512393e+02 -4.3564775e-01      
2.1599498e+02 2.5077745e-01      
2.1676992e+02 9.1280242e-01      
2.1627681e+02 1.8368778e+00      
2.1433175e+02 3.0613761e+00      
2.1243248e+02 4.1313761e+00      
2.1105385e+02 4.9144927e+00      
2.1024110e+02 5.3735823e+00      
2.0758828e+02 -5.6852208e-01      
2.0689538e+02 -2.9209016e+00      
2.0642199e+02 -5.7112312e+00      
2.0617227e+02 -8.9450124e+00      
2.0614552e+02 -1.2646407e+01      
2.0632673e+02 -1.6881031e+01      
2.0667558e+02 -2.1814847e+01      
2.0714096e+02 -2.7308443e+01      
2.0772240e+02 -3.0761359e+01      
2.0837562e+02 -3.1800643e+01      
2.0902682e+02 -3.0547088e+01      
2.0960303e+02 -2.9498971e+01      
2.1017341e+02 -2.8736512e+01      
2.1077658e+02 -2.8063468e+01      
2.1134374e+02 -2.7411696e+01      
2.1146624e+02 -2.6668736e+01      
2.0996617e+02 -2.5374758e+01      
2.0854604e+02 -2.4225940e+01      
2.0750943e+02 -2.3364263e+01      
2.0685947e+02 -2.2819618e+01      
2.0377387e+02 -2.8333516e+01      
2.0289282e+02 -3.0700180e+01      
2.0216585e+02 -3.3518891e+01      
2.0158870e+02 -3.6795770e+01      
2.0115124e+02 -4.0545293e+01      
2.0083519e+02 -4.4794361e+01      
2.0060318e+02 -4.9608365e+01      
2.0041448e+02 -5.4762578e+01      
2.0049287e+02 -5.7880654e+01      
2.0077347e+02 -5.8858455e+01      
2.0121596e+02 -5.7899014e+01      
2.0155230e+02 -5.7116598e+01      
2.0185979e+02 -5.6516199e+01      
2.0220192e+02 -5.5910773e+01      
2.0259515e+02 -5.5247422e+01      
2.0288421e+02 -5.4503832e+01      
2.0190993e+02 -5.3143202e+01      
2.0098319e+02 -5.1917030e+01      
2.0029632e+02 -5.0957676e+01      
1.9984773e+02 -5.0304454e+01      
1.9658774e+02 -5.5200582e+01      
1.9553156e+02 -5.7544859e+01      
1.9456666e+02 -6.0341623e+01      
1.9368100e+02 -6.3595787e+01      
1.9285693e+02 -6.7309689e+01      
1.9207922e+02 -7.1457934e+01      
1.9135243e+02 -7.5910287e+01      
1.9074732e+02 -8.0119036e+01      
1.9047396e+02 -8.2600553e+01      
1.9038746e+02 -8.3709557e+01      
1.9037380e+02 -8.3833214e+01      
1.9033539e+02 -8.3683458e+01      
1.9031379e+02 -8.3427582e+01      
1.9038874e+02 -8.2958070e+01      
1.9056936e+02 -8.2205248e+01      
1.9067573e+02 -8.1158334e+01      
1.9040359e+02 -7.9830824e+01      
1.9001476e+02 -7.8527383e+01      
1.8968031e+02 -7.7439896e+01      
1.8944469e+02 -7.6649733e+01      
1.8620030e+02 -8.0746125e+01      
1.8499007e+02 -8.3030285e+01      
1.8381462e+02 -8.5755317e+01      
1.8265342e+02 -8.8929143e+01      
1.8147313e+02 -9.2565676e+01      
1.8025126e+02 -9.6631460e+01      
1.7903966e+02 -1.0088575e+02      
1.7807400e+02 -1.0440715e+02      
1.7740784e+02 -1.0674258e+02      
1.7700503e+02 -1.0786997e+02      
1.7658912e+02 -1.0853214e+02      
1.7609919e+02 -1.0900710e+02      
1.7565328e+02 -1.0924610e+02      
1.7544005e+02 -1.0899656e+02      
1.7552132e+02 -1.0812759e+02      
1.7575441e+02 -1.0675598e+02      
1.7592523e+02 -1.0517665e+02      
1.7597992e+02 -1.0366952e+02      
1.7596659e+02 -1.0239769e+02      
1.7593251e+02 -1.0143905e+02      
1.7282703e+02 -1.0457857e+02      
1.7149060e+02 -1.0676589e+02      
1.7014309e+02 -1.0936867e+02      
1.6875904e+02 -1.1239505e+02      
1.6728486e+02 -1.1588608e+02      
1.6565005e+02 -1.1988235e+02      
1.6410109e+02 -1.2370260e+02      
1.6278815e+02 -1.2688131e+02      
1.6175602e+02 -1.2917663e+02      
1.6093430e+02 -1.3063364e+02      
1.6013173e+02 -1.3162473e+02      
1.5905375e+02 -1.3280247e+02      
1.5795846e+02 -1.3386047e+02      
1.5738857e+02 -1.3397644e+02      
1.5752616e+02 -1.3288221e+02      
1.5816711e+02 -1.3086717e+02      
1.5879686e+02 -1.2876532e+02      
1.5923141e+02 -1.2692610e+02      
1.5949175e+02 -1.2542041e+02      
1.5962935e+02 -1.2427242e+02      
1.5672277e+02 -1.2634421e+02      
1.5529170e+02 -1.2840237e+02      
1.5381719e+02 -1.3083610e+02      
1.5227877e+02 -1.3363933e+02      
1.5064099e+02 -1.3680885e+02      
1.4886735e+02 -1.4029746e+02      
1.4698035e+02 -1.4389041e+02      
1.4534202e+02 -1.4688953e+02      
1.4402326e+02 -1.4912221e+02      
1.4289150e+02 -1.5071353e+02      
1.4147166e+02 -1.5236935e+02      
1.3961192e+02 -1.5444487e+02      
1.3742762e+02 -1.5694681e+02      
1.3640403e+02 -1.5755247e+02      
1.3673034e+02 -1.5610524e+02      
1.3820910e+02 -1.5281472e+02      
1.3937796e+02 -1.5003394e+02      
1.4014455e+02 -1.4784032e+02      
1.4061852e+02 -1.4610405e+02      
1.4088203e+02 -1.4477402e+02      
1.3817638e+02 -1.4573143e+02      
1.3668186e+02 -1.4763690e+02      
1.3512331e+02 -1.4986968e+02      
1.3349011e+02 -1.5240648e+02      
1.3176698e+02 -1.5521029e+02      
1.2994095e+02 -1.5821050e+02      
1.2802188e+02 -1.6126903e+02      
1.2610101e+02 -1.6413198e+02      
1.2459355e+02 -1.6624659e+02      
1.2297914e+02 -1.6818824e+02      
1.2102361e+02 -1.7028682e+02      
1.1851541e+02 -1.7287867e+02      
1.1555790e+02 -1.7590850e+02      
1.1416621e+02 -1.7676240e+02      
1.1460866e+02 -1.7518131e+02      
1.1660723e+02 -1.7150039e+02      
1.1815099e+02 -1.6838282e+02      
1.1913245e+02 -1.6597357e+02      
1.1973048e+02 -1.6407940e+02      
1.2005760e+02 -1.6260833e+02      
1.1750663e+02 -1.6247261e+02      
1.1597621e+02 -1.6421266e+02      
1.1436899e+02 -1.6623134e+02      
1.1268329e+02 -1.6849505e+02      
1.1091682e+02 -1.7095506e+02      
1.0907222e+02 -1.7353791e+02      
1.0716616e+02 -1.7613695e+02      
1.0525807e+02 -1.7859649e+02      
1.0342316e+02 -1.8076914e+02      
1.0147330e+02 -1.8284124e+02      
9.9201097e+01 -1.8504786e+02      
9.6357256e+01 -1.8766488e+02      
9.3001641e+01 -1.9060619e+02      
9.1399916e+01 -1.9145216e+02      
9.1819057e+01 -1.8995176e+02      
9.3977875e+01 -1.8644289e+02      
9.5601669e+01 -1.8339747e+02      
9.6610837e+01 -1.8098748e+02      
9.7215186e+01 -1.7904900e+02      
9.7532161e+01 -1.7749926e+02      
9.5058628e+01 -1.7634450e+02      
9.3515035e+01 -1.7791581e+02      
9.1886582e+01 -1.7972101e+02      
9.0178190e+01 -1.8172280e+02      
8.8395201e+01 -1.8387172e+02      
8.6546451e+01 -1.8610300e+02      
8.4647678e+01 -1.8833664e+02      
8.2719863e+01 -1.9048842e+02      
8.0756143e+01 -1.9251790e+02      
7.8677817e+01 -1.9448147e+02      
7.6356878e+01 -1.9649660e+02      
7.3600712e+01 -1.9872222e+02      
7.0407044e+01 -2.0108419e+02      
6.8826998e+01 -2.0171234e+02      
6.9019876e+01 -2.0045268e+02      
7.0809034e+01 -1.9754376e+02      
7.2127306e+01 -1.9490529e+02      
7.2953160e+01 -1.9268564e+02      
7.3443788e+01 -1.9080986e+02      
7.3679810e+01 -1.8924284e+02      
