2.8933937e+01 2.5149562e+02      
2.6772397e+01 2.5001480e+02      
2.3866145e+01 2.4866396e+02      
2.0250085e+01 2.4747904e+02      
1.6273760e+01 2.4645572e+02      
1.2797397e+01 2.4556895e+02      
1.0128464e+01 2.4482391e+02      
8.2628791e+00 2.4425046e+02      
7.1456071e+00 2.4388526e+02      
6.7075017e+00 2.4376350e+02      
6.8744686e+00 2.4391365e+02      
7.5797791e+00 2.4435191e+02      
8.7816411e+00 2.4507659e+02      
1.0472362e+01 2.4606535e+02      
1.2668537e+01 2.4727719e+02      
1.5393160e+01 2.4865757e+02      
1.8664109e+01 2.5014359e+02      
2.2491032e+01 2.5166776e+02      
2.6876125e+01 2.5316032e+02      
3.1815040e+01 2.5455073e+02      
5.8333525e+01 2.4125644e+02      
5.6756690e+01 2.3949851e+02      
5.3838406e+01 2.3794603e+02      
4.9630566e+01 2.3662378e+02      
4.4242129e+01 2.3549927e+02      
4.0080468e+01 2.3445169e+02      
3.7132296e+01 2.3349310e+02      
3.5170577e+01 2.3267871e+02      
3.4054795e+01 2.3206361e+02      
3.3663915e+01 2.3169916e+02      
3.3874223e+01 2.3163036e+02      
3.4567800e+01 2.3188849e+02      
3.5673767e+01 2.3247975e+02      
3.7197458e+01 2.3337848e+02      
3.9187706e+01 2.3453269e+02      
4.1691143e+01 2.3587520e+02      
4.4735876e+01 2.3733205e+02      
4.8334438e+01 2.3882701e+02      
5.2490490e+01 2.4028338e+02      
5.7201795e+01 2.4162467e+02      
8.4290353e+01 2.2735815e+02      
8.2949774e+01 2.2528105e+02      
8.0050389e+01 2.2348060e+02      
7.5654142e+01 2.2198186e+02      
6.9922326e+01 2.2078203e+02      
6.5560261e+01 2.1954534e+02      
6.2576999e+01 2.1833062e+02      
6.0681529e+01 2.1723305e+02      
5.9701983e+01 2.1632623e+02      
5.9488871e+01 2.1567874e+02      
5.9864825e+01 2.1535871e+02      
6.0614106e+01 2.1542498e+02      
6.1593122e+01 2.1590034e+02      
6.2868315e+01 2.1674876e+02      
6.4572583e+01 2.1789556e+02      
6.6788197e+01 2.1925346e+02      
6.9547458e+01 2.2073442e+02      
7.2857641e+01 2.2225310e+02      
7.6721018e+01 2.2372670e+02      
8.1138869e+01 2.2507338e+02      
1.0628054e+02 2.1039008e+02      
1.0471898e+02 2.0803545e+02      
1.0186891e+02 2.0593905e+02      
9.7790379e+01 2.0414027e+02      
9.2632724e+01 2.0268662e+02      
8.8676423e+01 2.0114163e+02      
8.5965869e+01 1.9960017e+02      
8.4323268e+01 1.9816594e+02      
8.3636563e+01 1.9691420e+02      
8.3777870e+01 1.9592455e+02      
8.4541793e+01 1.9529536e+02      
8.5530006e+01 1.9513894e+02      
8.6247573e+01 1.9553336e+02      
8.7107431e+01 1.9639678e+02      
8.8418970e+01 1.9760685e+02      
9.0284293e+01 1.9904699e+02      
9.2710993e+01 2.0061368e+02      
9.5678600e+01 2.0221437e+02      
9.9185814e+01 2.0376344e+02      
1.0324459e+02 2.0517567e+02      
1.2430307e+02 1.9088751e+02      
1.2222371e+02 1.8832912e+02      
1.1945339e+02 1.8588682e+02      
1.1603706e+02 1.8362623e+02      
1.1233260e+02 1.8154926e+02      
1.0918342e+02 1.7954273e+02      
1.0694080e+02 1.7760697e+02      
1.0567709e+02 1.7578837e+02      
1.0541141e+02 1.7413475e+02      
1.0610118e+02 1.7271929e+02      
1.0755186e+02 1.7167890e+02      
1.0920365e+02 1.7122881e+02      
1.0928887e+02 1.7161202e+02      
1.0949627e+02 1.7259866e+02      
1.1030035e+02 1.7397049e+02      
1.1179031e+02 1.7557259e+02      
1.1387637e+02 1.7729225e+02      
1.1645274e+02 1.7903353e+02      
1.1953209e+02 1.8071818e+02      
1.2316348e+02 1.8226162e+02      
1.4042467e+02 1.6850105e+02      
1.3798411e+02 1.6568558e+02      
1.3529789e+02 1.6286506e+02      
1.3239861e+02 1.6012869e+02      
1.2952249e+02 1.5751875e+02      
1.2703704e+02 1.5503913e+02      
1.2524562e+02 1.5269117e+02      
1.2435742e+02 1.5047408e+02      
1.2454952e+02 1.4837771e+02      
1.2591013e+02 1.4643716e+02      
1.2816947e+02 1.4485959e+02      
1.2965721e+02 1.4417247e+02      
1.2998723e+02 1.4447608e+02      
1.2947759e+02 1.4571377e+02      
1.2973061e+02 1.4736302e+02      
1.3092863e+02 1.4920884e+02      
1.3278934e+02 1.5115542e+02      
1.3488668e+02 1.5307886e+02      
1.3743317e+02 1.5495750e+02      
1.4056588e+02 1.5670681e+02      
1.5443638e+02 1.4358370e+02      
1.5184558e+02 1.4042297e+02      
1.4925328e+02 1.3717940e+02      
1.4667988e+02 1.3396697e+02      
1.4425473e+02 1.3087314e+02      
1.4217581e+02 1.2795499e+02      
1.4066803e+02 1.2523125e+02      
1.3999487e+02 1.2266379e+02      
1.4046945e+02 1.2016959e+02      
1.4239108e+02 1.1765699e+02      
1.4443209e+02 1.1574521e+02      
1.4584081e+02 1.1482126e+02      
1.4636173e+02 1.1503504e+02      
1.4620703e+02 1.1629892e+02      
1.4607630e+02 1.1827571e+02      
1.4725744e+02 1.2035666e+02      
1.4928724e+02 1.2261462e+02      
1.5065955e+02 1.2472178e+02      
1.5256896e+02 1.2687627e+02      
1.5514582e+02 1.2892809e+02      
1.6593820e+02 1.1661031e+02      
1.6332892e+02 1.1302271e+02      
1.6085203e+02 1.0929180e+02      
1.5850969e+02 1.0556562e+02      
1.5636287e+02 1.0198156e+02      
1.5451192e+02 9.8642093e+01      
1.5303605e+02 9.5635263e+01      
1.5231281e+02 9.2824820e+01      
1.5258897e+02 9.0141247e+01      
1.5392424e+02 8.7570649e+01      
1.5599370e+02 8.5229194e+01      
1.5744654e+02 8.4014879e+01      
1.5804209e+02 8.4177326e+01      
1.5801495e+02 8.5545118e+01      
1.5868477e+02 8.7279126e+01      
1.6026732e+02 8.9347826e+01      
1.6229503e+02 9.1773671e+01      
1.6332720e+02 9.4297334e+01      
1.6464201e+02 9.6901866e+01      
1.6662462e+02 9.9387071e+01      
1.7465087e+02 8.8077443e+01      
1.7210895e+02 8.3982109e+01      
1.6978334e+02 7.9674987e+01      
1.6766065e+02 7.5339957e+01      
1.6566266e+02 7.1259056e+01      
1.6394193e+02 6.7500685e+01      
1.6217114e+02 6.4374709e+01      
1.6122034e+02 6.1391275e+01      
1.6114336e+02 5.8604647e+01      
1.6188000e+02 5.6083833e+01      
1.6323585e+02 5.3913721e+01      
1.6475376e+02 5.2365624e+01      
1.6537260e+02 5.2497873e+01      
1.6620893e+02 5.3298792e+01      
1.6772604e+02 5.4597057e+01      
1.6989231e+02 5.6524376e+01      
1.7163011e+02 5.9177690e+01      
1.7271483e+02 6.2277709e+01      
1.7339024e+02 6.5525663e+01      
1.7474829e+02 6.8602724e+01      
1.8038715e+02 5.8501750e+01      
1.7796334e+02 5.3826524e+01      
1.7578585e+02 4.8875333e+01      
1.7393781e+02 4.3771460e+01      
1.7186629e+02 3.9255497e+01      
1.6962338e+02 3.5503228e+01      
1.6783161e+02 3.2017552e+01      
1.6671351e+02 2.8778548e+01      
1.6632084e+02 2.5876718e+01      
1.6659502e+02 2.3400142e+01      
1.6739759e+02 2.1413908e+01      
1.6846803e+02 2.0073823e+01      
1.6953472e+02 1.9619844e+01      
1.7097456e+02 1.9788414e+01      
1.7315002e+02 2.0488441e+01      
1.7517826e+02 2.2239832e+01      
1.7661513e+02 2.5413519e+01      
1.7762203e+02 2.9313076e+01      
1.7840431e+02 3.3350736e+01      
1.7923177e+02 3.7179334e+01      
1.8293696e+02 2.8543179e+01      
1.8061042e+02 2.3289572e+01      
1.7846822e+02 1.7710091e+01      
1.7642994e+02 1.2149456e+01      
1.7428942e+02 7.0813643e+00      
1.7200222e+02 2.8339522e+00      
1.7011603e+02 -1.0605572e+00      
1.6883878e+02 -4.6312951e+00      
1.6819364e+02 -7.6904520e+00      
1.6813616e+02 -1.0133453e+01      
1.6859323e+02 -1.1996866e+01      
1.6944567e+02 -1.3309387e+01      
1.7061894e+02 -1.4110324e+01      
1.7219237e+02 -1.4500289e+01      
1.7419245e+02 -1.4384657e+01      
1.7621085e+02 -1.3115061e+01      
1.7714270e+02 -8.8554061e+00      
1.7791174e+02 -3.7566586e+00      
1.7874339e+02 1.2765191e+00      
1.7983342e+02 5.8037312e+00      
1.8149496e+02 -3.7393234e-01      
1.7912842e+02 -5.9849792e+00      
1.7709608e+02 -1.2303496e+01      
1.7504771e+02 -1.8563053e+01      
1.7299093e+02 -2.4451874e+01      
1.7105118e+02 -2.9871801e+01      
1.6905209e+02 -3.4367290e+01      
1.6766400e+02 -3.8509205e+01      
1.6682156e+02 -4.1784313e+01      
1.6649695e+02 -4.4073630e+01      
1.6673498e+02 -4.5765655e+01      
1.6746739e+02 -4.7018624e+01      
1.6861258e+02 -4.8001442e+01      
1.7014640e+02 -4.8921325e+01      
1.7201995e+02 -4.9510326e+01      
1.7356774e+02 -4.7675613e+01      
1.7452575e+02 -4.3134406e+01      
1.7502759e+02 -3.6515704e+01      
1.7577849e+02 -3.0228535e+01      
1.7691309e+02 -2.4891396e+01      
1.7680037e+02 -2.8491134e+01      
1.7427371e+02 -3.4186440e+01      
1.7203486e+02 -4.0609872e+01      
1.7001435e+02 -4.7606285e+01      
1.6799080e+02 -5.4290404e+01      
1.6605973e+02 -6.0499642e+01      
1.6452644e+02 -6.7044901e+01      
1.6318566e+02 -7.2267533e+01      
1.6220726e+02 -7.5907814e+01      
1.6162719e+02 -7.7797718e+01      
1.6175340e+02 -7.9272278e+01      
1.6244571e+02 -8.0287898e+01      
1.6355815e+02 -8.1075356e+01      
1.6497154e+02 -8.2216187e+01      
1.6635752e+02 -8.2103729e+01      
1.6749298e+02 -7.9662304e+01      
1.6835013e+02 -7.4662761e+01      
1.6900898e+02 -6.7712345e+01      
1.6965085e+02 -6.0168006e+01      
1.7071673e+02 -5.4185998e+01      
1.6903143e+02 -5.5420037e+01      
1.6635443e+02 -6.1085558e+01      
1.6393212e+02 -6.7468947e+01      
1.6173923e+02 -7.4503218e+01      
1.5971811e+02 -8.1970212e+01      
1.5783033e+02 -8.9150939e+01      
1.5627609e+02 -9.6993303e+01      
1.5488345e+02 -1.0317869e+02      
1.5387354e+02 -1.0747610e+02      
1.5341972e+02 -1.1009738e+02      
1.5362785e+02 -1.1157317e+02      
1.5441252e+02 -1.1212509e+02      
1.5557594e+02 -1.1193280e+02      
1.5683046e+02 -1.1127778e+02      
1.5788250e+02 -1.1095247e+02      
1.5848310e+02 -1.0796067e+02      
1.5904716e+02 -1.0218708e+02      
1.5965855e+02 -9.4479676e+01      
1.6038238e+02 -8.7392735e+01      
1.6140195e+02 -8.1436366e+01      
1.5833703e+02 -8.0731724e+01      
1.5555065e+02 -8.6300953e+01      
1.5299844e+02 -9.2577143e+01      
1.5068210e+02 -9.9535681e+01      
1.4859824e+02 -1.0710463e+02      
1.4670949e+02 -1.1516106e+02      
1.4491803e+02 -1.2363847e+02      
1.4328550e+02 -1.3042045e+02      
1.4221147e+02 -1.3521098e+02      
1.4188834e+02 -1.3815734e+02      
1.4231684e+02 -1.3950242e+02      
1.4336971e+02 -1.3944961e+02      
1.4480588e+02 -1.3827295e+02      
1.4629455e+02 -1.3734869e+02      
1.4744161e+02 -1.3603411e+02      
1.4704868e+02 -1.3222079e+02      
1.4719038e+02 -1.2547038e+02      
1.4759968e+02 -1.1846284e+02      
1.4824538e+02 -1.1197785e+02      
1.4917809e+02 -1.0630486e+02      
1.4491648e+02 -1.0404449e+02      
1.4205536e+02 -1.0944741e+02      
1.3941287e+02 -1.1554111e+02      
1.3700980e+02 -1.2233934e+02      
1.3488863e+02 -1.2992375e+02      
1.3306822e+02 -1.3835360e+02      
1.3105144e+02 -1.4645690e+02      
1.2895163e+02 -1.5356122e+02      
1.2778576e+02 -1.5854120e+02      
1.2765078e+02 -1.6144589e+02      
1.2842735e+02 -1.6247872e+02      
1.2989396e+02 -1.6197005e+02      
1.3162645e+02 -1.6155729e+02      
1.3340787e+02 -1.6098159e+02      
1.3396919e+02 -1.5823525e+02      
1.3317104e+02 -1.5273603e+02      
1.3282945e+02 -1.4633983e+02      
1.3297709e+02 -1.3994054e+02      
1.3347428e+02 -1.3395724e+02      
1.3428369e+02 -1.2859864e+02      
1.2900771e+02 -1.2501927e+02      
1.2609860e+02 -1.3017928e+02      
1.2338935e+02 -1.3598616e+02      
1.2090436e+02 -1.4245888e+02      
1.1867957e+02 -1.4969118e+02      
1.1670141e+02 -1.5773035e+02      
1.1451095e+02 -1.6542321e+02      
1.1223062e+02 -1.7240303e+02      
1.1113349e+02 -1.7721442e+02      
1.1132690e+02 -1.7984175e+02      
1.1256487e+02 -1.8068064e+02      
1.1411954e+02 -1.8120037e+02      
1.1600485e+02 -1.8182750e+02      
1.1725370e+02 -1.8079668e+02      
1.1741811e+02 -1.7728057e+02      
1.1646909e+02 -1.7107544e+02      
1.1593759e+02 -1.6477489e+02      
1.1591781e+02 -1.5877155e+02      
1.1628579e+02 -1.5318013e+02      
1.1697498e+02 -1.4812458e+02      
1.1088553e+02 -1.4336918e+02      
1.0795100e+02 -1.4821373e+02      
1.0519500e+02 -1.5362962e+02      
1.0263597e+02 -1.5960223e+02      
1.0027764e+02 -1.6611717e+02      
9.8057816e+01 -1.7304717e+02      
9.5797631e+01 -1.8006542e+02      
9.3609332e+01 -1.8685469e+02      
9.2763745e+01 -1.9113960e+02      
9.3330976e+01 -1.9329220e+02      
9.4616367e+01 -1.9547433e+02      
9.5903102e+01 -1.9663103e+02      
9.7174905e+01 -1.9703425e+02      
9.8051160e+01 -1.9604300e+02      
9.8083145e+01 -1.9256203e+02      
9.7230677e+01 -1.8640683e+02      
9.6719393e+01 -1.8034205e+02      
9.6650761e+01 -1.7468114e+02      
9.6944109e+01 -1.6944218e+02      
9.7540925e+01 -1.6468573e+02      
9.0858034e+01 -1.5886467e+02      
8.7919613e+01 -1.6333879e+02      
8.5141136e+01 -1.6829307e+02      
8.2539674e+01 -1.7367718e+02      
8.0116011e+01 -1.7941502e+02      
7.7840542e+01 -1.8537865e+02      
7.5648603e+01 -1.9144189e+02      
7.3651364e+01 -1.9727376e+02      
7.3112299e+01 -2.0060834e+02      
7.3275322e+01 -2.0297661e+02      
7.3894562e+01 -2.0485842e+02      
7.4683300e+01 -2.0599919e+02      
7.5524673e+01 -2.0644613e+02      
7.6323007e+01 -2.0626814e+02      
7.6434249e+01 -2.0351361e+02      
7.5904487e+01 -1.9826192e+02      
7.5539356e+01 -1.9269336e+02      
7.5499648e+01 -1.8741377e+02      
7.5770918e+01 -1.8254617e+02      
7.6310272e+01 -1.7810564e+02      
6.9260847e+01 -1.7133178e+02      
6.6338926e+01 -1.7540395e+02      
6.3563710e+01 -1.7986642e+02      
6.0957346e+01 -1.8464692e+02      
5.8534547e+01 -1.8964577e+02      
5.6306230e+01 -1.9472419e+02      
5.4304876e+01 -1.9968749e+02      
5.2709312e+01 -2.0411359e+02      
5.1854485e+01 -2.0735833e+02      
5.1572353e+01 -2.0969650e+02      
5.1676120e+01 -2.1133441e+02      
5.2011207e+01 -2.1226643e+02      
5.2453450e+01 -2.1247555e+02      
5.2863456e+01 -2.1180261e+02      
5.3038810e+01 -2.0978852e+02      
5.3038037e+01 -2.0669979e+02      
5.2814854e+01 -2.0158530e+02      
5.2845065e+01 -1.9677725e+02      
5.3134470e+01 -1.9234572e+02      
5.3647880e+01 -1.8825243e+02      
