2.9903233e+01 2.1147402e+02      
3.0906629e+01 2.0938627e+02      
3.1590633e+01 2.0759057e+02      
3.1435933e+01 2.0608243e+02      
3.0919773e+01 2.0500190e+02      
3.0477108e+01 2.0442300e+02      
3.0380819e+01 2.0437146e+02      
3.0833784e+01 2.0487638e+02      
3.2005004e+01 2.0599396e+02      
3.4083032e+01 2.0785016e+02      
3.6995010e+01 2.1048633e+02      
3.8594536e+01 2.1252765e+02      
3.8700747e+01 2.1395599e+02      
3.7307709e+01 2.1473655e+02      
3.4592644e+01 2.1482349e+02      
3.2764683e+01 2.1558195e+02      
3.1941319e+01 2.1692078e+02      
3.1999192e+01 2.1865084e+02      
3.2872698e+01 2.2064497e+02      
3.4519840e+01 2.2279847e+02      
6.2016252e+01 2.0098993e+02      
6.4041618e+01 1.9880373e+02      
6.5643047e+01 1.9696307e+02      
6.4948645e+01 1.9522589e+02      
6.3750548e+01 1.9400890e+02      
6.2708229e+01 1.9334584e+02      
6.2165297e+01 1.9322355e+02      
6.2346450e+01 1.9365605e+02      
6.3453319e+01 1.9470524e+02      
6.5751084e+01 1.9650959e+02      
6.9127574e+01 1.9905732e+02      
7.0877506e+01 2.0100595e+02      
7.0734255e+01 2.0227725e+02      
6.8679802e+01 2.0283722e+02      
6.4956861e+01 2.0270447e+02      
6.2310505e+01 2.0322723e+02      
6.0880013e+01 2.0437155e+02      
6.0444669e+01 2.0593158e+02      
6.0886212e+01 2.0776249e+02      
6.2136685e+01 2.0974792e+02      
9.2781651e+01 1.8709115e+02      
9.6049743e+01 1.8467724e+02      
9.7749546e+01 1.8252099e+02      
9.7411281e+01 1.8070623e+02      
9.5343337e+01 1.7939776e+02      
9.3437212e+01 1.7868149e+02      
9.2241279e+01 1.7847845e+02      
9.1961408e+01 1.7877399e+02      
9.2738984e+01 1.7961072e+02      
9.4815876e+01 1.8107643e+02      
9.8062257e+01 1.8311765e+02      
9.9630484e+01 1.8473950e+02      
9.9241017e+01 1.8584329e+02      
9.6863059e+01 1.8640312e+02      
9.2729027e+01 1.8647212e+02      
8.9690617e+01 1.8706326e+02      
8.7880606e+01 1.8818931e+02      
8.7068690e+01 1.8969426e+02      
8.7134968e+01 1.9144711e+02      
8.8011223e+01 1.9333354e+02      
1.2109814e+02 1.7007361e+02      
1.2452698e+02 1.6725357e+02      
1.2647528e+02 1.6474652e+02      
1.2653556e+02 1.6274936e+02      
1.2478621e+02 1.6139851e+02      
1.2188161e+02 1.6070761e+02      
1.1995007e+02 1.6042414e+02      
1.1908538e+02 1.6053637e+02      
1.1929684e+02 1.6106096e+02      
1.2070585e+02 1.6202959e+02      
1.2318567e+02 1.6338204e+02      
1.2423669e+02 1.6455462e+02      
1.2362886e+02 1.6547345e+02      
1.2131004e+02 1.6613096e+02      
1.1743185e+02 1.6658231e+02      
1.1446403e+02 1.6741710e+02      
1.1251473e+02 1.6866140e+02      
1.1144962e+02 1.7021664e+02      
1.1120333e+02 1.7197688e+02      
1.1173419e+02 1.7383696e+02      
1.4468285e+02 1.5059088e+02      
1.4864042e+02 1.4731408e+02      
1.5108349e+02 1.4436609e+02      
1.5156128e+02 1.4208841e+02      
1.5009297e+02 1.4062174e+02      
1.4717781e+02 1.3982141e+02      
1.4474245e+02 1.3943986e+02      
1.4326571e+02 1.3935617e+02      
1.4280698e+02 1.3952548e+02      
1.4325891e+02 1.3994457e+02      
1.4415924e+02 1.4056473e+02      
1.4448650e+02 1.4124166e+02      
1.4372331e+02 1.4194381e+02      
1.4176382e+02 1.4270042e+02      
1.3901026e+02 1.4357274e+02      
1.3644626e+02 1.4471494e+02      
1.3449854e+02 1.4615880e+02      
1.3325727e+02 1.4784667e+02      
1.3274187e+02 1.4969189e+02      
1.3294981e+02 1.5159708e+02      
1.6503350e+02 1.2902178e+02      
1.6843085e+02 1.2562080e+02      
1.7143674e+02 1.2210245e+02      
1.7226525e+02 1.1945435e+02      
1.7135360e+02 1.1756379e+02      
1.6913416e+02 1.1642560e+02      
1.6622278e+02 1.1597977e+02      
1.6414980e+02 1.1572979e+02      
1.6311739e+02 1.1553313e+02      
1.6290308e+02 1.1541203e+02      
1.6305820e+02 1.1541548e+02      
1.6301869e+02 1.1558463e+02      
1.6225314e+02 1.1601481e+02      
1.6040919e+02 1.1683689e+02      
1.5800277e+02 1.1798419e+02      
1.5562531e+02 1.1941549e+02      
1.5364505e+02 1.2110056e+02      
1.5223355e+02 1.2298327e+02      
1.5146126e+02 1.2498295e+02      
1.5135547e+02 1.2700263e+02      
1.8253866e+02 1.0573046e+02      
1.8540488e+02 1.0229709e+02      
1.8778932e+02 9.8517255e+01      
1.8867616e+02 9.5322690e+01      
1.8812473e+02 9.2959617e+01      
1.8635907e+02 9.1455076e+01      
1.8382564e+02 9.0676047e+01      
1.8131055e+02 9.0269220e+01      
1.8000930e+02 8.9637814e+01      
1.7957527e+02 8.8928570e+01      
1.7960186e+02 8.8288131e+01      
1.7966812e+02 8.7868183e+01      
1.7922508e+02 8.7903526e+01      
1.7704378e+02 8.8831357e+01      
1.7442869e+02 9.0246819e+01      
1.7191635e+02 9.1972262e+01      
1.6978279e+02 9.3928524e+01      
1.6816194e+02 9.6058154e+01      
1.6712079e+02 9.8279644e+01      
1.6669780e+02 1.0048463e+02      
1.9718535e+02 8.1080535e+01      
1.9940186e+02 7.7753304e+01      
1.9989805e+02 7.4012730e+01      
2.0053690e+02 7.0334024e+01      
2.0015497e+02 6.7533231e+01      
1.9856958e+02 6.5754569e+01      
1.9614583e+02 6.4760295e+01      
1.9426193e+02 6.3670038e+01      
1.9321758e+02 6.2386340e+01      
1.9294840e+02 6.0972930e+01      
1.9323599e+02 5.9572499e+01      
1.9366791e+02 5.8465003e+01      
1.9299329e+02 5.8284841e+01      
1.9098183e+02 5.9093445e+01      
1.8793852e+02 6.0803277e+01      
1.8509410e+02 6.2847515e+01      
1.8271743e+02 6.5095126e+01      
1.8085274e+02 6.7519120e+01      
1.7952148e+02 7.0040230e+01      
1.7876863e+02 7.2511644e+01      
2.0693968e+02 5.5025612e+01      
2.0856525e+02 5.1856491e+01      
2.0802792e+02 4.8432956e+01      
2.0779681e+02 4.4999605e+01      
2.0756104e+02 4.1826527e+01      
2.0604652e+02 3.9882545e+01      
2.0443775e+02 3.8135531e+01      
2.0321809e+02 3.6293339e+01      
2.0259653e+02 3.4279750e+01      
2.0266376e+02 3.2088593e+01      
2.0338925e+02 2.9809928e+01      
2.0352173e+02 2.8416204e+01      
2.0266174e+02 2.8064195e+01      
2.0074910e+02 2.8708037e+01      
1.9797099e+02 3.0270780e+01      
1.9482580e+02 3.2563053e+01      
1.9226180e+02 3.5040088e+01      
1.9016052e+02 3.7803812e+01      
1.8850737e+02 4.0746712e+01      
1.8740049e+02 4.3593520e+01      
2.1166866e+02 2.8206315e+01      
2.1281976e+02 2.5198595e+01      
2.1204045e+02 2.2109139e+01      
2.1147030e+02 1.8969043e+01      
2.1092837e+02 1.6003573e+01      
2.1001213e+02 1.3462266e+01      
2.0904691e+02 1.1047991e+01      
2.0834936e+02 8.5248366e+00      
2.0810248e+02 5.7987831e+00      
2.0837366e+02 2.9097219e+00      
2.0897593e+02 1.5537265e-01      
2.0888813e+02 -1.4094059e+00      
2.0788044e+02 -1.8508310e+00      
2.0600046e+02 -1.3844101e+00      
2.0341912e+02 -1.6064618e-01      
2.0081794e+02 1.6180461e+00      
1.9835348e+02 4.0896361e+00      
1.9604083e+02 7.2743529e+00      
1.9395859e+02 1.0930169e+01      
1.9245402e+02 1.4306541e+01      
2.1148545e+02 1.2924133e+00      
2.1226596e+02 -1.5600804e+00      
2.1214593e+02 -4.5020471e+00      
2.1174908e+02 -7.4795085e+00      
2.1125224e+02 -1.0401965e+01      
2.1064876e+02 -1.3233224e+01      
2.1007125e+02 -1.6088697e+01      
2.0972439e+02 -1.9157472e+01      
2.0976662e+02 -2.2558347e+01      
2.1018006e+02 -2.6113113e+01      
2.1028397e+02 -2.8750121e+01      
2.0981953e+02 -3.0231954e+01      
2.0866275e+02 -3.0602012e+01      
2.0677163e+02 -3.0208821e+01      
2.0517533e+02 -3.0505882e+01      
2.0314389e+02 -2.9439069e+01      
2.0086897e+02 -2.7085016e+01      
1.9839443e+02 -2.3467349e+01      
1.9567074e+02 -1.8589379e+01      
1.9379685e+02 -1.4663374e+01      
2.0845116e+02 -2.5456657e+01      
2.0894492e+02 -2.8173304e+01      
2.0900048e+02 -3.0993199e+01      
2.0876852e+02 -3.3870925e+01      
2.0838625e+02 -3.6771562e+01      
2.0794052e+02 -3.9703823e+01      
2.0754350e+02 -4.2756418e+01      
2.0736151e+02 -4.6131412e+01      
2.0756413e+02 -5.0074209e+01      
2.0767550e+02 -5.3586391e+01      
2.0741311e+02 -5.6079230e+01      
2.0663022e+02 -5.7338803e+01      
2.0528280e+02 -5.7482395e+01      
2.0354351e+02 -5.7125211e+01      
2.0217683e+02 -5.7760594e+01      
2.0040184e+02 -5.6994724e+01      
1.9829987e+02 -5.4852736e+01      
1.9592145e+02 -5.1363052e+01      
1.9328307e+02 -4.6514910e+01      
1.9135276e+02 -4.2615904e+01      
2.0254366e+02 -5.1651656e+01      
2.0281079e+02 -5.4239768e+01      
2.0282579e+02 -5.6937612e+01      
2.0263080e+02 -5.9711731e+01      
2.0229964e+02 -6.2543344e+01      
2.0190786e+02 -6.5442957e+01      
2.0153856e+02 -6.8464075e+01      
2.0128282e+02 -7.1705318e+01      
2.0118349e+02 -7.5229273e+01      
2.0111666e+02 -7.8827883e+01      
2.0062341e+02 -8.1246143e+01      
1.9960881e+02 -8.2189263e+01      
1.9809237e+02 -8.1889701e+01      
1.9648200e+02 -8.1601124e+01      
1.9489085e+02 -8.1379897e+01      
1.9313337e+02 -8.0477600e+01      
1.9117426e+02 -7.8624132e+01      
1.8907000e+02 -7.5837444e+01      
1.8697417e+02 -7.2407788e+01      
1.8523327e+02 -6.9137951e+01      
1.9365979e+02 -7.6882371e+01      
1.9374225e+02 -7.9341113e+01      
1.9366116e+02 -8.1908965e+01      
1.9342795e+02 -8.4557095e+01      
1.9308032e+02 -8.7267043e+01      
1.9266629e+02 -9.0035674e+01      
1.9223527e+02 -9.2875165e+01      
1.9182555e+02 -9.5798450e+01      
1.9143802e+02 -9.8779318e+01      
1.9100019e+02 -1.0167248e+02      
1.9034348e+02 -1.0405535e+02      
1.8917582e+02 -1.0464728e+02      
1.8774636e+02 -1.0466157e+02      
1.8618757e+02 -1.0444033e+02      
1.8454569e+02 -1.0396617e+02      
1.8280167e+02 -1.0302689e+02      
1.8095863e+02 -1.0148118e+02      
1.7907630e+02 -9.9345029e+01      
1.7727529e+02 -9.6795557e+01      
1.7570781e+02 -9.4125215e+01      
1.8185705e+02 -1.0075626e+02      
1.8178489e+02 -1.0308150e+02      
1.8159413e+02 -1.0550842e+02      
1.8128592e+02 -1.0800811e+02      
1.8087837e+02 -1.1055697e+02      
1.8039764e+02 -1.1313678e+02      
1.7986887e+02 -1.1572999e+02      
1.7930520e+02 -1.1830586e+02      
1.7869402e+02 -1.2079509e+02      
1.7798612e+02 -1.2305602e+02      
1.7709227e+02 -1.2479884e+02      
1.7592290e+02 -1.2566294e+02      
1.7454254e+02 -1.2594045e+02      
1.7302065e+02 -1.2584064e+02      
1.7139664e+02 -1.2540081e+02      
1.6969175e+02 -1.2458161e+02      
1.6793504e+02 -1.2335157e+02      
1.6618421e+02 -1.2172786e+02      
1.6452899e+02 -1.1975396e+02      
1.6306771e+02 -1.1749845e+02      
1.6728299e+02 -1.2290555e+02      
1.6707901e+02 -1.2509313e+02      
1.6677930e+02 -1.2736997e+02      
1.6638136e+02 -1.2970541e+02      
1.6589278e+02 -1.3207043e+02      
1.6532611e+02 -1.3443600e+02      
1.6469239e+02 -1.3676828e+02      
1.6399409e+02 -1.3901927e+02      
1.6321842e+02 -1.4111357e+02      
1.6233470e+02 -1.4293544e+02      
1.6130109e+02 -1.4433221e+02      
1.6009101e+02 -1.4519986e+02      
1.5871905e+02 -1.4558449e+02      
1.5721925e+02 -1.4557833e+02      
1.5562321e+02 -1.4523664e+02      
1.5395886e+02 -1.4458878e+02      
1.5225950e+02 -1.4367124e+02      
1.5057488e+02 -1.4253600e+02      
1.4898380e+02 -1.4112441e+02      
1.4758611e+02 -1.3914824e+02      
1.5014957e+02 -1.4299295e+02      
1.4983222e+02 -1.4504048e+02      
1.4943035e+02 -1.4716190e+02      
1.4894049e+02 -1.4932496e+02      
1.4836501e+02 -1.5149696e+02      
1.4770910e+02 -1.5364312e+02      
1.4697682e+02 -1.5572321e+02      
1.4616704e+02 -1.5768658e+02      
1.4527062e+02 -1.5946731e+02      
1.4427072e+02 -1.6098408e+02      
1.4314864e+02 -1.6215413e+02      
1.4189466e+02 -1.6292749e+02      
1.4051555e+02 -1.6331086e+02      
1.3903009e+02 -1.6334677e+02      
1.3746110e+02 -1.6308597e+02      
1.3583227e+02 -1.6258641e+02      
1.3416920e+02 -1.6193292e+02      
1.3250278e+02 -1.6127353e+02      
1.3089913e+02 -1.6065201e+02      
1.2954209e+02 -1.5885819e+02      
1.3071980e+02 -1.6071621e+02      
1.3030475e+02 -1.6262360e+02      
1.2981031e+02 -1.6458823e+02      
1.2923339e+02 -1.6657708e+02      
1.2857423e+02 -1.6855589e+02      
1.2783469e+02 -1.7048803e+02      
1.2701600e+02 -1.7233267e+02      
1.2611666e+02 -1.7404287e+02      
1.2513132e+02 -1.7556493e+02      
1.2405178e+02 -1.7684170e+02      
1.2287029e+02 -1.7782237e+02      
1.2158433e+02 -1.7847695e+02      
1.2019952e+02 -1.7880508e+02      
1.1872861e+02 -1.7883217e+02      
1.1718816e+02 -1.7860213e+02      
1.1559546e+02 -1.7817928e+02      
1.1396525e+02 -1.7766490e+02      
1.1230248e+02 -1.7723528e+02      
1.1064757e+02 -1.7690170e+02      
1.0932047e+02 -1.7522484e+02      
1.0929837e+02 -1.7581198e+02      
1.0879933e+02 -1.7758130e+02      
1.0822309e+02 -1.7939098e+02      
1.0756769e+02 -1.8120819e+02      
1.0683301e+02 -1.8299879e+02      
1.0601992e+02 -1.8472673e+02      
1.0512905e+02 -1.8635344e+02      
1.0415978e+02 -1.8783746e+02      
1.0310990e+02 -1.8913546e+02      
1.0197637e+02 -1.9020550e+02      
1.0075722e+02 -1.9101300e+02      
9.9453710e+01 -1.9153781e+02      
9.8071752e+01 -1.9177856e+02      
9.6621606e+01 -1.9175283e+02      
9.5116288e+01 -1.9149563e+02      
9.3569189e+01 -1.9106100e+02      
9.1990025e+01 -1.9053008e+02      
9.0372832e+01 -1.9003473e+02      
8.8729397e+01 -1.8958793e+02      
8.7430610e+01 -1.8797773e+02      
8.6223983e+01 -1.8805914e+02      
8.5653074e+01 -1.8969416e+02      
8.5006073e+01 -1.9135299e+02      
8.4282472e+01 -1.9300382e+02      
8.3482804e+01 -1.9461374e+02      
8.2608191e+01 -1.9614862e+02      
8.1659763e+01 -1.9757317e+02      
8.0638198e+01 -1.9885133e+02      
7.9543692e+01 -1.9994764e+02      
7.8376487e+01 -2.0082980e+02      
7.7137906e+01 -2.0147232e+02      
7.5831480e+01 -2.0186032e+02      
7.4463671e+01 -2.0199199e+02      
7.3043832e+01 -2.0187911e+02      
7.1583501e+01 -2.0154613e+02      
7.0095337e+01 -2.0102860e+02      
6.8592200e+01 -2.0036887e+02      
6.7089605e+01 -1.9959550e+02      
6.5641383e+01 -1.9859475e+02      
6.4375500e+01 -1.9701388e+02      
