1.9871737e+01 2.3507363e+02      
1.9071422e+01 2.3235792e+02      
1.8773960e+01 2.2971110e+02      
1.8590140e+01 2.2730498e+02      
1.7819260e+01 2.2535027e+02      
1.6775977e+01 2.2391297e+02      
1.5751838e+01 2.2299206e+02      
1.4899620e+01 2.2255748e+02      
1.4347416e+01 2.2255834e+02      
1.4196889e+01 2.2294031e+02      
1.4502225e+01 2.2366395e+02      
1.5263338e+01 2.2471177e+02      
1.6432009e+01 2.2608454e+02      
1.7938634e+01 2.2778452e+02      
1.9749053e+01 2.2978661e+02      
2.1904372e+01 2.3201964e+02      
2.4488637e+01 2.3438039e+02      
2.7578572e+01 2.3675895e+02      
3.1222737e+01 2.3905380e+02      
3.5440776e+01 2.4117661e+02      
4.8816774e+01 2.2473894e+02      
4.8539052e+01 2.2167983e+02      
4.9081476e+01 2.1858091e+02      
5.0170768e+01 2.1564983e+02      
4.9210391e+01 2.1340187e+02      
4.7804073e+01 2.1182847e+02      
4.6411453e+01 2.1085816e+02      
4.5179477e+01 2.1043174e+02      
4.4278836e+01 2.1045214e+02      
4.3863810e+01 2.1082258e+02      
4.4002184e+01 2.1148665e+02      
4.4676591e+01 2.1243410e+02      
4.5781588e+01 2.1369868e+02      
4.7135959e+01 2.1533844e+02      
4.8620331e+01 2.1736612e+02      
5.0341785e+01 2.1968068e+02      
5.2480220e+01 2.2212764e+02      
5.5158853e+01 2.2456218e+02      
5.8438908e+01 2.2686535e+02      
6.2336166e+01 2.2894312e+02      
7.6250556e+01 2.1099677e+02      
7.6439536e+01 2.0754895e+02      
7.7664775e+01 2.0390278e+02      
7.9672288e+01 2.0026328e+02      
7.9718289e+01 1.9750566e+02      
7.7978785e+01 1.9581608e+02      
7.6208674e+01 1.9483610e+02      
7.4405655e+01 1.9454003e+02      
7.3011193e+01 1.9468062e+02      
7.2272391e+01 1.9509030e+02      
7.2257886e+01 1.9569458e+02      
7.2939555e+01 1.9649051e+02      
7.4160996e+01 1.9755896e+02      
7.5520507e+01 1.9907703e+02      
7.6490802e+01 2.0122050e+02      
7.7556251e+01 2.0374311e+02      
7.9093667e+01 2.0638403e+02      
8.1260687e+01 2.0895433e+02      
8.4111921e+01 2.1132204e+02      
8.7642071e+01 2.1339612e+02      
1.0161270e+02 1.9418015e+02      
1.0211866e+02 1.9034120e+02      
1.0375087e+02 1.8612838e+02      
1.0628228e+02 1.8174108e+02      
1.0711776e+02 1.7838910e+02      
1.0632455e+02 1.7623586e+02      
1.0457516e+02 1.7517013e+02      
1.0194250e+02 1.7518293e+02      
9.9918416e+01 1.7557810e+02      
9.8803215e+01 1.7609396e+02      
9.8656942e+01 1.7663562e+02      
9.9483151e+01 1.7718583e+02      
1.0110754e+02 1.7788431e+02      
1.0291975e+02 1.7909942e+02      
1.0293787e+02 1.8155019e+02      
1.0305064e+02 1.8447938e+02      
1.0381306e+02 1.8746164e+02      
1.0538723e+02 1.9025543e+02      
1.0777501e+02 1.9273790e+02      
1.1091950e+02 1.9484157e+02      
1.2443277e+02 1.7467838e+02      
1.2507554e+02 1.7049849e+02      
1.2684149e+02 1.6578364e+02      
1.2951856e+02 1.6073171e+02      
1.3072726e+02 1.5686234e+02      
1.3044417e+02 1.5434627e+02      
1.2905161e+02 1.5307147e+02      
1.2683583e+02 1.5291766e+02      
1.2427367e+02 1.5363527e+02      
1.2281866e+02 1.5428849e+02      
1.2249870e+02 1.5480768e+02      
1.2356724e+02 1.5499256e+02      
1.2572614e+02 1.5513089e+02      
1.2707384e+02 1.5632445e+02      
1.2711929e+02 1.5878021e+02      
1.2618315e+02 1.6229963e+02      
1.2606341e+02 1.6578403e+02      
1.2702892e+02 1.6887113e+02      
1.2898000e+02 1.7149004e+02      
1.3176174e+02 1.7363744e+02      
1.4434356e+02 1.5291237e+02      
1.4494704e+02 1.4849114e+02      
1.4659871e+02 1.4341200e+02      
1.4909627e+02 1.3787343e+02      
1.5030306e+02 1.3366627e+02      
1.5016124e+02 1.3095213e+02      
1.4900463e+02 1.2954621e+02      
1.4715102e+02 1.2924560e+02      
1.4506180e+02 1.2973383e+02      
1.4355011e+02 1.3037807e+02      
1.4283643e+02 1.3103387e+02      
1.4414075e+02 1.3072627e+02      
1.4579965e+02 1.3074372e+02      
1.4681933e+02 1.3185918e+02      
1.4683194e+02 1.3432409e+02      
1.4602034e+02 1.3792066e+02      
1.4514933e+02 1.4196351e+02      
1.4568686e+02 1.4528636e+02      
1.4732672e+02 1.4800069e+02      
1.4981498e+02 1.5017976e+02      
1.6107924e+02 1.2931026e+02      
1.6149151e+02 1.2478586e+02      
1.6282130e+02 1.1954070e+02      
1.6487484e+02 1.1377417e+02      
1.6579695e+02 1.0948043e+02      
1.6552087e+02 1.0679477e+02      
1.6432956e+02 1.0548165e+02      
1.6259615e+02 1.0515159e+02      
1.6048752e+02 1.0575163e+02      
1.5912493e+02 1.0615691e+02      
1.5865838e+02 1.0634673e+02      
1.5937921e+02 1.0611113e+02      
1.6094638e+02 1.0568183e+02      
1.6183470e+02 1.0656224e+02      
1.6170357e+02 1.0911646e+02      
1.6074135e+02 1.1300113e+02      
1.6038857e+02 1.1672601e+02      
1.6099659e+02 1.1997646e+02      
1.6251471e+02 1.2269883e+02      
1.6480205e+02 1.2488427e+02      
1.7446823e+02 1.0428531e+02      
1.7457612e+02 9.9815480e+01      
1.7542773e+02 9.4647815e+01      
1.7682743e+02 8.9000429e+01      
1.7723813e+02 8.4973780e+01      
1.7668010e+02 8.2472943e+01      
1.7521925e+02 8.1492606e+01      
1.7368084e+02 8.0892056e+01      
1.7216317e+02 8.0717365e+01      
1.7105730e+02 8.0655555e+01      
1.7058268e+02 8.0552329e+01      
1.7081543e+02 8.0377025e+01      
1.7160411e+02 8.0286968e+01      
1.7244886e+02 8.0805249e+01      
1.7216054e+02 8.3503109e+01      
1.7186115e+02 8.6817147e+01      
1.7202852e+02 9.0180972e+01      
1.7285718e+02 9.3296087e+01      
1.7437484e+02 9.5992104e+01      
1.7653497e+02 9.8174378e+01      
1.8442266e+02 7.8218960e+01      
1.8416541e+02 7.3946693e+01      
1.8444950e+02 6.9114009e+01      
1.8506692e+02 6.3977898e+01      
1.8479405e+02 6.0645913e+01      
1.8411530e+02 5.8067686e+01      
1.8304052e+02 5.6315865e+01      
1.8181843e+02 5.5133651e+01      
1.8062617e+02 5.4386639e+01      
1.7965525e+02 5.3921224e+01      
1.7906727e+02 5.3589456e+01      
1.7891801e+02 5.3366314e+01      
1.7912753e+02 5.3441384e+01      
1.7944029e+02 5.4280311e+01      
1.7954143e+02 5.6372732e+01      
1.7972913e+02 5.9271547e+01      
1.8026813e+02 6.2476751e+01      
1.8128911e+02 6.5573349e+01      
1.8283800e+02 6.8287699e+01      
1.8490670e+02 7.0484334e+01      
1.9092157e+02 5.1458781e+01      
1.9030412e+02 4.7454556e+01      
1.9003618e+02 4.3110316e+01      
1.8989576e+02 3.8795520e+01      
1.8950454e+02 3.5167179e+01      
1.8888197e+02 3.2160916e+01      
1.8806104e+02 2.9773438e+01      
1.8707638e+02 2.8040439e+01      
1.8600613e+02 2.6921782e+01      
1.8501631e+02 2.6221734e+01      
1.8426297e+02 2.5708860e+01      
1.8381329e+02 2.5260781e+01      
1.8365232e+02 2.5066696e+01      
1.8371253e+02 2.5768225e+01      
1.8393868e+02 2.7619736e+01      
1.8439129e+02 3.0479895e+01      
1.8516560e+02 3.3926137e+01      
1.8632276e+02 3.7219941e+01      
1.8789098e+02 4.0031310e+01      
1.8987381e+02 4.2268619e+01      
1.9398620e+02 2.4346057e+01      
1.9306998e+02 2.0578651e+01      
1.9241603e+02 1.6544591e+01      
1.9190597e+02 1.2471308e+01      
1.9141075e+02 8.6125004e+00      
1.9087600e+02 5.1128580e+00      
1.9027353e+02 2.1071430e+00      
1.8949261e+02 -1.5106820e-01      
1.8836196e+02 -1.3868177e+00      
1.8720288e+02 -2.0604185e+00      
1.8623138e+02 -2.6053778e+00      
1.8551045e+02 -3.3458808e+00      
1.8506008e+02 -4.3445862e+00      
1.8495996e+02 -3.9814873e+00      
1.8521090e+02 -2.2138776e+00      
1.8581196e+02 8.8306414e-01      
1.8675183e+02 5.1338608e+00      
1.8799992e+02 8.7839217e+00      
1.8955960e+02 1.1721311e+01      
1.9144380e+02 1.4001609e+01      
1.9365883e+02 -2.7442275e+00      
1.9251427e+02 -6.3385292e+00      
1.9160704e+02 -1.0229848e+01      
1.9089310e+02 -1.4300654e+01      
1.9033527e+02 -1.8431064e+01      
1.8991625e+02 -2.2495323e+01      
1.8959520e+02 -2.6267198e+01      
1.8916580e+02 -2.9249201e+01      
1.8769947e+02 -3.0162370e+01      
1.8622653e+02 -3.0424470e+01      
1.8499771e+02 -3.0689657e+01      
1.8402993e+02 -3.1382802e+01      
1.8329366e+02 -3.2546996e+01      
1.8306054e+02 -3.2304658e+01      
1.8330124e+02 -3.0564288e+01      
1.8398749e+02 -2.7367769e+01      
1.8509874e+02 -2.2887981e+01      
1.8639651e+02 -1.9102901e+01      
1.8790745e+02 -1.6124277e+01      
1.8966870e+02 -1.3840745e+01      
1.9000304e+02 -2.9397141e+01      
1.8867863e+02 -3.2854497e+01      
1.8758050e+02 -3.6663719e+01      
1.8671474e+02 -4.0789297e+01      
1.8611546e+02 -4.5237680e+01      
1.8582432e+02 -4.9971181e+01      
1.8576421e+02 -5.4611501e+01      
1.8513700e+02 -5.7618476e+01      
1.8381010e+02 -5.8707648e+01      
1.8202081e+02 -5.8241096e+01      
1.8056584e+02 -5.7869447e+01      
1.7946901e+02 -5.8098931e+01      
1.7862141e+02 -5.8879768e+01      
1.7835287e+02 -5.8481603e+01      
1.7857575e+02 -5.6748635e+01      
1.7925005e+02 -5.3697879e+01      
1.8038467e+02 -4.9508201e+01      
1.8162854e+02 -4.5912957e+01      
1.8303298e+02 -4.3033027e+01      
1.8464051e+02 -4.0808854e+01      
1.8311802e+02 -5.5183315e+01      
1.8163863e+02 -5.8502722e+01      
1.8036479e+02 -6.2210943e+01      
1.7932906e+02 -6.6319655e+01      
1.7862003e+02 -7.0954918e+01      
1.7836297e+02 -7.6309563e+01      
1.7797217e+02 -8.0920794e+01      
1.7718055e+02 -8.3926476e+01      
1.7594636e+02 -8.5050924e+01      
1.7440906e+02 -8.4597846e+01      
1.7288221e+02 -8.3457239e+01      
1.7188538e+02 -8.3099582e+01      
1.7131707e+02 -8.3043646e+01      
1.7117381e+02 -8.2395946e+01      
1.7138728e+02 -8.0675224e+01      
1.7191946e+02 -7.7886855e+01      
1.7276179e+02 -7.4501895e+01      
1.7381794e+02 -7.1304007e+01      
1.7506001e+02 -6.8613546e+01      
1.7648702e+02 -6.6497162e+01      
1.7315091e+02 -7.9687496e+01      
1.7152766e+02 -8.2844248e+01      
1.7007062e+02 -8.6390777e+01      
1.6880953e+02 -9.0329468e+01      
1.6779441e+02 -9.4697420e+01      
1.6704602e+02 -9.9475087e+01      
1.6643132e+02 -1.0428661e+02      
1.6552398e+02 -1.0737097e+02      
1.6433852e+02 -1.0832869e+02      
1.6297687e+02 -1.0754180e+02      
1.6188626e+02 -1.0677828e+02      
1.6121377e+02 -1.0638664e+02      
1.6096751e+02 -1.0623721e+02      
1.6107163e+02 -1.0578808e+02      
1.6130624e+02 -1.0409776e+02      
1.6163883e+02 -1.0117885e+02      
1.6222804e+02 -9.7981887e+01      
1.6307698e+02 -9.5037021e+01      
1.6413591e+02 -9.2532830e+01      
1.6537120e+02 -9.0542073e+01      
1.6030157e+02 -1.0252692e+02      
1.5854403e+02 -1.0549204e+02      
1.5689910e+02 -1.0882176e+02      
1.5538113e+02 -1.1248914e+02      
1.5400699e+02 -1.1644731e+02      
1.5278560e+02 -1.2057609e+02      
1.5169362e+02 -1.2457778e+02      
1.5065029e+02 -1.2779142e+02      
1.4951332e+02 -1.2846204e+02      
1.4854060e+02 -1.2829483e+02      
1.4787687e+02 -1.2793441e+02      
1.4757342e+02 -1.2771321e+02      
1.4766936e+02 -1.2788035e+02      
1.4818184e+02 -1.2841068e+02      
1.4846559e+02 -1.2676376e+02      
1.4848945e+02 -1.2297555e+02      
1.4887393e+02 -1.1962192e+02      
1.4955471e+02 -1.1681258e+02      
1.5044457e+02 -1.1447313e+02      
1.5149483e+02 -1.1261182e+02      
1.4481986e+02 -1.2335815e+02      
1.4294477e+02 -1.2611040e+02      
1.4112394e+02 -1.2919525e+02      
1.3935436e+02 -1.3257092e+02      
1.3763104e+02 -1.3616375e+02      
1.3596322e+02 -1.3981677e+02      
1.3441506e+02 -1.4320561e+02      
1.3309367e+02 -1.4576358e+02      
1.3206465e+02 -1.4692312e+02      
1.3142360e+02 -1.4714035e+02      
1.3117122e+02 -1.4691725e+02      
1.3122130e+02 -1.4666838e+02      
1.3154160e+02 -1.4676750e+02      
1.3210860e+02 -1.4729019e+02      
1.3244886e+02 -1.4569787e+02      
1.3254835e+02 -1.4203045e+02      
1.3288959e+02 -1.3887733e+02      
1.3346720e+02 -1.3628342e+02      
1.3421913e+02 -1.3412965e+02      
1.3510248e+02 -1.3240582e+02      
1.2699802e+02 -1.4187765e+02      
1.2503308e+02 -1.4440409e+02      
1.2306837e+02 -1.4723391e+02      
1.2108209e+02 -1.5032995e+02      
1.1903558e+02 -1.5364125e+02      
1.1688921e+02 -1.5707435e+02      
1.1476458e+02 -1.6032027e+02      
1.1311496e+02 -1.6269673e+02      
1.1211810e+02 -1.6392305e+02      
1.1182063e+02 -1.6410376e+02      
1.1210860e+02 -1.6358597e+02      
1.1254534e+02 -1.6299075e+02      
1.1301117e+02 -1.6253293e+02      
1.1349115e+02 -1.6194340e+02      
1.1387709e+02 -1.6041170e+02      
1.1418740e+02 -1.5795897e+02      
1.1457771e+02 -1.5543448e+02      
1.1510089e+02 -1.5317637e+02      
1.1574400e+02 -1.5124237e+02      
1.1648124e+02 -1.4966409e+02      
1.0716081e+02 -1.5782224e+02      
1.0514431e+02 -1.6011388e+02      
1.0308769e+02 -1.6267990e+02      
1.0095541e+02 -1.6549511e+02      
9.8671637e+01 -1.6855046e+02      
9.6069342e+01 -1.7190351e+02      
9.3066397e+01 -1.7552719e+02      
9.1053854e+01 -1.7790459e+02      
9.0054548e+01 -1.7902416e+02      
9.0106402e+01 -1.7891638e+02      
9.1249703e+01 -1.7761464e+02      
9.2068991e+01 -1.7656219e+02      
9.2644414e+01 -1.7565722e+02      
9.3117294e+01 -1.7460191e+02      
9.3525076e+01 -1.7313447e+02      
9.3905493e+01 -1.7126277e+02      
9.4316914e+01 -1.6924960e+02      
9.4795861e+01 -1.6732578e+02      
9.5346659e+01 -1.6561172e+02      
9.5955441e+01 -1.6417401e+02      
8.5655385e+01 -1.7097232e+02      
8.3631703e+01 -1.7302175e+02      
8.1548438e+01 -1.7531025e+02      
7.9372802e+01 -1.7781512e+02      
7.7032503e+01 -1.8053417e+02      
7.4358738e+01 -1.8353420e+02      
7.1251704e+01 -1.8679330e+02      
6.9199785e+01 -1.8891652e+02      
6.8201038e+01 -1.8988403e+02      
6.8285118e+01 -1.8969870e+02      
6.9503573e+01 -1.8836871e+02      
7.0341501e+01 -1.8721080e+02      
7.0899706e+01 -1.8614584e+02      
7.1341183e+01 -1.8497402e+02      
7.1729901e+01 -1.8358400e+02      
7.2103587e+01 -1.8198312e+02      
7.2493538e+01 -1.8028261e+02      
7.2919355e+01 -1.7861585e+02      
7.3384378e+01 -1.7708702e+02      
7.3878453e+01 -1.7576891e+02      
