7.0608741e+00 2.4258977e+02      
5.6760251e+00 2.3943426e+02      
4.9805552e+00 2.3627590e+02      
4.9737402e+00 2.3318015e+02      
5.6447693e+00 2.3021323e+02      
6.9711100e+00 2.2744198e+02      
8.9169338e+00 2.2493362e+02      
1.1432054e+01 2.2275494e+02      
1.4452576e+01 2.2097026e+02      
1.7907100e+01 2.1963721e+02      
2.1737844e+01 2.1879969e+02      
2.5941015e+01 2.1848089e+02      
3.0583443e+01 2.1868661e+02      
3.5759149e+01 2.1942594e+02      
4.1559432e+01 2.2075545e+02      
4.7590958e+01 2.2251708e+02      
5.0724062e+01 2.2270870e+02      
5.2727472e+01 2.2271469e+02      
5.4352295e+01 2.2283279e+02      
5.5993268e+01 2.2309143e+02      
3.4823918e+01 2.3221449e+02      
3.3597341e+01 2.2893243e+02      
3.3080025e+01 2.2562103e+02      
3.3274871e+01 2.2234857e+02      
3.4174247e+01 2.1918461e+02      
3.5757347e+01 2.1620051e+02      
3.7987197e+01 2.1347024e+02      
4.0807266e+01 2.1107087e+02      
4.4137195e+01 2.0908196e+02      
4.7869592e+01 2.0758152e+02      
5.1885387e+01 2.0663486e+02      
5.6169729e+01 2.0627252e+02      
6.0923539e+01 2.0648674e+02      
6.6400666e+01 2.0728407e+02      
7.2845327e+01 2.0874109e+02      
7.9902555e+01 2.1070039e+02      
8.3907036e+01 2.1135733e+02      
8.4836329e+01 2.1093014e+02      
8.5215409e+01 2.1065463e+02      
8.5736840e+01 2.1060461e+02      
6.1339850e+01 2.1826838e+02      
6.0279279e+01 2.1484465e+02      
5.9945062e+01 2.1136439e+02      
6.0345656e+01 2.0789767e+02      
6.1479421e+01 2.0451561e+02      
6.3330623e+01 2.0129209e+02      
6.5864931e+01 1.9830609e+02      
6.9024786e+01 1.9564408e+02      
7.2719272e+01 1.9340275e+02      
7.6804038e+01 1.9168979e+02      
8.1002967e+01 1.9061418e+02      
8.5041012e+01 1.9023513e+02      
8.9574750e+01 1.9045557e+02      
9.5043999e+01 1.9123192e+02      
1.0172462e+02 1.9260382e+02      
1.0929906e+02 1.9442455e+02      
1.1394525e+02 1.9534389e+02      
1.1544114e+02 1.9538317e+02      
1.1448423e+02 1.9489598e+02      
1.1366353e+02 1.9464427e+02      
8.6177618e+01 2.0100090e+02      
8.5283588e+01 1.9742044e+02      
8.5128920e+01 1.9375646e+02      
8.5729871e+01 1.9007952e+02      
8.7095008e+01 1.8645958e+02      
8.9218723e+01 1.8296909e+02      
9.2073442e+01 1.7968876e+02      
9.5610127e+01 1.7671026e+02      
9.9751636e+01 1.7414246e+02      
1.0432179e+02 1.7213642e+02      
1.0885244e+02 1.7089989e+02      
1.1192568e+02 1.7062107e+02      
1.1586669e+02 1.7087425e+02      
1.2100278e+02 1.7157575e+02      
1.2743656e+02 1.7274310e+02      
1.3484499e+02 1.7424847e+02      
1.3955541e+02 1.7524153e+02      
1.4147216e+02 1.7566634e+02      
1.4106340e+02 1.7565909e+02      
1.3897544e+02 1.7541845e+02      
1.0893771e+02 1.8071348e+02      
1.0820282e+02 1.7696169e+02      
1.0821360e+02 1.7310135e+02      
1.0899580e+02 1.6920301e+02      
1.1057456e+02 1.6533131e+02      
1.1296514e+02 1.6154882e+02      
1.1614440e+02 1.5793488e+02      
1.2007252e+02 1.5458197e+02      
1.2471035e+02 1.5159367e+02      
1.2975370e+02 1.4919895e+02      
1.3350666e+02 1.4794933e+02      
1.3583019e+02 1.4785958e+02      
1.3916207e+02 1.4815303e+02      
1.4379508e+02 1.4874468e+02      
1.4955519e+02 1.4967253e+02      
1.5573405e+02 1.5086998e+02      
1.5971002e+02 1.5189189e+02      
1.6161584e+02 1.5261075e+02      
1.6175632e+02 1.5303481e+02      
1.6047639e+02 1.5322297e+02      
1.2925999e+02 1.5775388e+02      
1.2866937e+02 1.5381606e+02      
1.2882005e+02 1.4974934e+02      
1.2974512e+02 1.4562691e+02      
1.3149152e+02 1.4150581e+02      
1.3413144e+02 1.3741516e+02      
1.3765598e+02 1.3341680e+02      
1.4185856e+02 1.2968926e+02      
1.4684593e+02 1.2623831e+02      
1.5120001e+02 1.2373228e+02      
1.5431598e+02 1.2247442e+02      
1.5616279e+02 1.2251775e+02      
1.5898509e+02 1.2279004e+02      
1.6304905e+02 1.2323261e+02      
1.6815532e+02 1.2392752e+02      
1.7145602e+02 1.2503686e+02      
1.7410097e+02 1.2617254e+02      
1.7565394e+02 1.2717832e+02      
1.7608272e+02 1.2797652e+02      
1.7562726e+02 1.2853943e+02      
1.4683096e+02 1.3251013e+02      
1.4636499e+02 1.2836910e+02      
1.4662183e+02 1.2408545e+02      
1.4763137e+02 1.1974446e+02      
1.4944307e+02 1.1541105e+02      
1.5219438e+02 1.1107840e+02      
1.5608974e+02 1.0666600e+02      
1.6009124e+02 1.0278159e+02      
1.6428277e+02 9.9366935e+01      
1.6814873e+02 9.6678748e+01      
1.7097593e+02 9.5245825e+01      
1.7266630e+02 9.5210515e+01      
1.7512621e+02 9.5300762e+01      
1.7838207e+02 9.5529019e+01      
1.8181193e+02 9.6123286e+01      
1.8437987e+02 9.7212561e+01      
1.8620440e+02 9.8572266e+01      
1.8733130e+02 9.9931726e+01      
1.8779519e+02 1.0111522e+02      
1.8778536e+02 1.0203098e+02      
1.6138919e+02 1.0540502e+02      
1.6102838e+02 1.0103683e+02      
1.6135976e+02 9.6516356e+01      
1.6239613e+02 9.1954368e+01      
1.6414366e+02 8.7459859e+01      
1.6660293e+02 8.3123890e+01      
1.6968451e+02 7.9035884e+01      
1.7306197e+02 7.5350078e+01      
1.7667613e+02 7.2013300e+01      
1.8049237e+02 6.8926822e+01      
1.8336181e+02 6.7081684e+01      
1.8533067e+02 6.6504095e+01      
1.8768621e+02 6.6164793e+01      
1.9049662e+02 6.5957529e+01      
1.9319306e+02 6.6268300e+01      
1.9498329e+02 6.7597757e+01      
1.9609002e+02 6.9432076e+01      
1.9673906e+02 7.1296999e+01      
1.9704155e+02 7.2933603e+01      
1.9713471e+02 7.4217507e+01      
1.7272764e+02 7.6892526e+01      
1.7245705e+02 7.2262117e+01      
1.7284513e+02 6.7464366e+01      
1.7388631e+02 6.2642072e+01      
1.7554045e+02 5.7962164e+01      
1.7766547e+02 5.3647794e+01      
1.8001812e+02 4.9923752e+01      
1.8269023e+02 4.6597250e+01      
1.8560494e+02 4.3621367e+01      
1.8860579e+02 4.1011212e+01      
1.9146110e+02 3.8836708e+01      
1.9431095e+02 3.6885209e+01      
1.9671773e+02 3.5965051e+01      
1.9958607e+02 3.4924055e+01      
2.0232868e+02 3.4488870e+01      
2.0309124e+02 3.6509041e+01      
2.0332678e+02 3.9192623e+01      
2.0339176e+02 4.1787148e+01      
2.0339473e+02 4.3965368e+01      
2.0339723e+02 4.5631073e+01      
1.8069291e+02 4.7456757e+01      
1.8050229e+02 4.2516712e+01      
1.8094424e+02 3.7375369e+01      
1.8200871e+02 3.2202875e+01      
1.8363285e+02 2.7227469e+01      
1.8559210e+02 2.2817185e+01      
1.8710116e+02 1.9716305e+01      
1.8914188e+02 1.6803089e+01      
1.9138740e+02 1.4297592e+01      
1.9367788e+02 1.2219187e+01      
1.9621459e+02 1.0142558e+01      
1.9899926e+02 7.9085691e+00      
2.0197622e+02 5.5922802e+00      
2.0522810e+02 3.2558641e+00      
2.0741269e+02 2.8338942e+00      
2.0809014e+02 4.7336266e+00      
2.0746757e+02 8.5275990e+00      
2.0689258e+02 1.2064957e+01      
2.0653970e+02 1.4829229e+01      
2.0637551e+02 1.6836371e+01      
1.8518342e+02 1.7612557e+01      
1.8506243e+02 1.2306547e+01      
1.8555982e+02 6.7325687e+00      
1.8666382e+02 1.0982056e+00      
1.8825611e+02 -4.2378705e+00      
1.8956546e+02 -8.2057204e+00      
1.9048724e+02 -1.0745803e+01      
1.9196768e+02 -1.3242726e+01      
1.9366177e+02 -1.5245417e+01      
1.9543784e+02 -1.6744666e+01      
1.9758011e+02 -1.8472265e+01      
2.0017046e+02 -2.0805273e+01      
2.0333411e+02 -2.4108226e+01      
2.0609009e+02 -2.6523757e+01      
2.0787661e+02 -2.6981288e+01      
2.0845588e+02 -2.5135960e+01      
2.0793974e+02 -2.1391941e+01      
2.0685268e+02 -1.6938975e+01      
2.0624499e+02 -1.3788885e+01      
2.0594530e+02 -1.1600525e+01      
1.8614897e+02 -1.2093527e+01      
1.8608102e+02 -1.7824448e+01      
1.8661599e+02 -2.3913389e+01      
1.8769746e+02 -3.0031171e+01      
1.8873483e+02 -3.5043563e+01      
1.8952036e+02 -3.8587884e+01      
1.9005422e+02 -4.0699811e+01      
1.9111674e+02 -4.2946005e+01      
1.9236401e+02 -4.4414226e+01      
1.9369939e+02 -4.5113811e+01      
1.9542200e+02 -4.6259116e+01      
1.9753331e+02 -4.8061298e+01      
1.9995903e+02 -5.0539517e+01      
2.0238453e+02 -5.3278953e+01      
2.0389069e+02 -5.3909659e+01      
2.0429706e+02 -5.1925543e+01      
2.0368980e+02 -4.7871293e+01      
2.0296737e+02 -4.4178800e+01      
2.0242550e+02 -4.1299605e+01      
2.0208311e+02 -3.9180948e+01      
1.8359273e+02 -4.1083424e+01      
1.8354258e+02 -4.7270490e+01      
1.8403413e+02 -5.3837977e+01      
1.8462674e+02 -5.9631015e+01      
1.8517993e+02 -6.4305907e+01      
1.8559880e+02 -6.7590178e+01      
1.8588817e+02 -6.9433914e+01      
1.8656252e+02 -7.1224916e+01      
1.8744360e+02 -7.2109570e+01      
1.8846736e+02 -7.2154980e+01      
1.8979971e+02 -7.2681488e+01      
1.9139327e+02 -7.3773741e+01      
1.9313239e+02 -7.5270987e+01      
1.9480793e+02 -7.6855531e+01      
1.9606104e+02 -7.7732584e+01      
1.9628893e+02 -7.5502314e+01      
1.9603441e+02 -7.2583810e+01      
1.9561786e+02 -6.9785555e+01      
1.9521155e+02 -6.7406090e+01      
1.9487960e+02 -6.5524517e+01      
1.7756889e+02 -6.8723230e+01      
1.7745799e+02 -7.5257449e+01      
1.7753340e+02 -8.1374982e+01      
1.7769187e+02 -8.6776741e+01      
1.7787317e+02 -9.1223618e+01      
1.7804342e+02 -9.4466402e+01      
1.7822661e+02 -9.6455972e+01      
1.7853408e+02 -9.7469715e+01      
1.7911865e+02 -9.7772800e+01      
1.7991249e+02 -9.7345164e+01      
1.8091593e+02 -9.7393944e+01      
1.8207157e+02 -9.7899838e+01      
1.8327664e+02 -9.8617343e+01      
1.8437970e+02 -9.9233581e+01      
1.8517257e+02 -9.9202065e+01      
1.8546473e+02 -9.7880280e+01      
1.8540168e+02 -9.5915176e+01      
1.8515240e+02 -9.3844604e+01      
1.8483264e+02 -9.1939031e+01      
1.8450944e+02 -9.0336902e+01      
1.6817485e+02 -9.4208109e+01      
1.6774252e+02 -1.0006116e+02      
1.6746812e+02 -1.0559412e+02      
1.6729560e+02 -1.1066548e+02      
1.6718947e+02 -1.1506366e+02      
1.6714621e+02 -1.1831574e+02      
1.6717684e+02 -1.2023798e+02      
1.6730956e+02 -1.2086015e+02      
1.6769322e+02 -1.2086061e+02      
1.6829521e+02 -1.2028988e+02      
1.6901722e+02 -1.2011790e+02      
1.6981658e+02 -1.2025708e+02      
1.7062042e+02 -1.2048219e+02      
1.7132664e+02 -1.2054824e+02      
1.7182372e+02 -1.2017627e+02      
1.7204486e+02 -1.1920992e+02      
1.7201943e+02 -1.1780651e+02      
1.7182448e+02 -1.1623502e+02      
1.7153226e+02 -1.1470502e+02      
1.7119451e+02 -1.1335338e+02      
1.5551815e+02 -1.1612401e+02      
1.5484413e+02 -1.2117089e+02      
1.5432684e+02 -1.2608519e+02      
1.5392101e+02 -1.3081247e+02      
1.5358865e+02 -1.3537868e+02      
1.5335950e+02 -1.3862458e+02      
1.5324166e+02 -1.4054849e+02      
1.5328715e+02 -1.4102049e+02      
1.5352313e+02 -1.4100169e+02      
1.5390228e+02 -1.4077369e+02      
1.5436516e+02 -1.4064431e+02      
1.5487037e+02 -1.4062451e+02      
1.5536464e+02 -1.4059371e+02      
1.5578197e+02 -1.4040568e+02      
1.5605928e+02 -1.3992671e+02      
1.5615993e+02 -1.3910079e+02      
1.5608799e+02 -1.3799176e+02      
1.5587624e+02 -1.3673585e+02      
1.5556481e+02 -1.3547260e+02      
1.5518792e+02 -1.3431416e+02      
1.4014795e+02 -1.3583084e+02      
1.3929744e+02 -1.4017048e+02      
1.3859742e+02 -1.4446400e+02      
1.3801763e+02 -1.4858802e+02      
1.3753891e+02 -1.5235312e+02      
1.3716321e+02 -1.5533074e+02      
1.3688361e+02 -1.5745538e+02      
1.3669742e+02 -1.5889556e+02      
1.3681602e+02 -1.5888947e+02      
1.3699937e+02 -1.5885030e+02      
1.3722986e+02 -1.5882874e+02      
1.3748690e+02 -1.5877837e+02      
1.3773218e+02 -1.5864251e+02      
1.3792136e+02 -1.5834897e+02      
1.3801431e+02 -1.5783736e+02      
1.3798596e+02 -1.5708941e+02      
1.3783189e+02 -1.5614339e+02      
1.3756452e+02 -1.5507934e+02      
1.3720403e+02 -1.5399081e+02      
1.3677037e+02 -1.5296430e+02      
1.2238027e+02 -1.5326054e+02      
1.2140162e+02 -1.5701587e+02      
1.2056052e+02 -1.6073558e+02      
1.1984025e+02 -1.6427295e+02      
1.1922941e+02 -1.6745704e+02      
1.1872306e+02 -1.7010872e+02      
1.1831859e+02 -1.7215153e+02      
1.1803309e+02 -1.7353848e+02      
1.1790929e+02 -1.7415282e+02      
1.1787863e+02 -1.7441808e+02      
1.1789849e+02 -1.7452781e+02      
1.1794283e+02 -1.7450714e+02      
1.1798119e+02 -1.7434501e+02      
1.1798129e+02 -1.7401646e+02      
1.1791449e+02 -1.7350158e+02      
1.1776118e+02 -1.7280208e+02      
1.1751332e+02 -1.7194877e+02      
1.1717307e+02 -1.7099664e+02      
1.1674859e+02 -1.7001249e+02      
1.1624954e+02 -1.6906328e+02      
1.0252467e+02 -1.6815425e+02      
1.0145150e+02 -1.7141940e+02      
1.0050010e+02 -1.7464646e+02      
9.9662627e+01 -1.7770724e+02      
9.8932755e+01 -1.8047264e+02      
9.8306925e+01 -1.8282840e+02      
9.7784965e+01 -1.8470014e+02      
9.7371767e+01 -1.8604898e+02      
9.7066607e+01 -1.8689715e+02      
9.6845882e+01 -1.8737323e+02      
9.6679798e+01 -1.8759549e+02      
9.6541787e+01 -1.8761874e+02      
9.6405772e+01 -1.8746105e+02      
9.6246282e+01 -1.8712552e+02      
9.6040878e+01 -1.8661515e+02      
9.5772757e+01 -1.8594342e+02      
9.5432077e+01 -1.8513917e+02      
9.5015370e+01 -1.8424528e+02      
9.4523438e+01 -1.8331313e+02      
9.3958773e+01 -1.8239602e+02      
8.0921256e+01 -1.8030393e+02      
7.9777565e+01 -1.8315360e+02      
7.8739199e+01 -1.8596446e+02      
7.7804277e+01 -1.8863147e+02      
7.6970411e+01 -1.9105476e+02      
7.6235701e+01 -1.9314964e+02      
7.5598934e+01 -1.9485747e+02      
7.5058312e+01 -1.9615267e+02      
7.4607060e+01 -1.9705169e+02      
7.4229904e+01 -1.9761070e+02      
7.3906240e+01 -1.9789340e+02      
7.3614165e+01 -1.9794553e+02      
7.3331785e+01 -1.9779408e+02      
7.3038088e+01 -1.9745568e+02      
7.2714314e+01 -1.9694532e+02      
7.2345319e+01 -1.9628290e+02      
7.1920285e+01 -1.9549658e+02      
7.1432445e+01 -1.9462270e+02      
7.0877963e+01 -1.9370323e+02      
7.0254412e+01 -1.9278209e+02      
