1.1277460e+01 2.3288624e+02      
1.0463660e+01 2.2946310e+02      
1.0239644e+01 2.2607692e+02      
1.0426499e+01 2.2286612e+02      
1.0756136e+01 2.2000386e+02      
1.1054630e+01 2.1763105e+02      
1.1296850e+01 2.1582924e+02      
1.1600553e+01 2.1461609e+02      
1.2169156e+01 2.1396540e+02      
1.3121519e+01 2.1387058e+02      
1.4471452e+01 2.1434980e+02      
1.6195404e+01 2.1541293e+02      
1.8264788e+01 2.1703350e+02      
2.0636819e+01 2.1912031e+02      
2.3219995e+01 2.2148187e+02      
2.5832062e+01 2.2372615e+02      
2.8265937e+01 2.2535864e+02      
3.0690267e+01 2.2675969e+02      
3.3284812e+01 2.2820708e+02      
3.6186764e+01 2.2977413e+02      
4.0148771e+01 2.2215555e+02      
3.9771626e+01 2.1844383e+02      
4.0184895e+01 2.1465762e+02      
4.1170535e+01 2.1095641e+02      
4.2035555e+01 2.0767169e+02      
4.2536997e+01 2.0499090e+02      
4.2656665e+01 2.0301227e+02      
4.2582858e+01 2.0173739e+02      
4.2911169e+01 2.0100381e+02      
4.3781382e+01 2.0081131e+02      
4.5112768e+01 2.0123741e+02      
4.6833175e+01 2.0234401e+02      
4.8919794e+01 2.0415287e+02      
5.1371770e+01 2.0661392e+02      
5.4093474e+01 2.0952670e+02      
5.6772542e+01 2.1233781e+02      
5.8685456e+01 2.1331156e+02      
6.0446238e+01 2.1406552e+02      
6.2338927e+01 2.1504396e+02      
6.4546682e+01 2.1631748e+02      
6.7623270e+01 2.0805571e+02      
6.7644577e+01 2.0405786e+02      
6.8747136e+01 1.9982528e+02      
7.1037373e+01 1.9541219e+02      
7.2514206e+01 1.9162356e+02      
7.3235128e+01 1.8858052e+02      
7.3198014e+01 1.8640109e+02      
7.2322500e+01 1.8519449e+02      
7.2419333e+01 1.8433382e+02      
7.3293415e+01 1.8396011e+02      
7.4663100e+01 1.8426201e+02      
7.6373282e+01 1.8536779e+02      
7.8423485e+01 1.8737875e+02      
8.0972711e+01 1.9031847e+02      
8.3917872e+01 1.9389477e+02      
8.6369395e+01 1.9648113e+02      
8.8097748e+01 1.9764265e+02      
8.9083979e+01 1.9768574e+02      
9.0093643e+01 1.9816809e+02      
9.1416612e+01 1.9923722e+02      
9.3179494e+01 1.9088969e+02      
9.3420671e+01 1.8666853e+02      
9.4733535e+01 1.8214226e+02      
9.7199479e+01 1.7731847e+02      
9.8908855e+01 1.7313559e+02      
9.9900338e+01 1.6967785e+02      
1.0017290e+02 1.6707688e+02      
9.9662346e+01 1.6551028e+02      
1.0005889e+02 1.6424835e+02      
1.0116917e+02 1.6352050e+02      
1.0271083e+02 1.6357092e+02      
1.0443108e+02 1.6455950e+02      
1.0610697e+02 1.6664624e+02      
1.0858838e+02 1.6997950e+02      
1.1120299e+02 1.7328722e+02      
1.1342951e+02 1.7575341e+02      
1.1507828e+02 1.7702401e+02      
1.1603451e+02 1.7731589e+02      
1.1609052e+02 1.7748555e+02      
1.1627325e+02 1.7867322e+02      
1.1641318e+02 1.7097962e+02      
1.1669770e+02 1.6661248e+02      
1.1776913e+02 1.6200505e+02      
1.1941914e+02 1.5730965e+02      
1.2100709e+02 1.5289872e+02      
1.2231981e+02 1.4897168e+02      
1.2334584e+02 1.4566188e+02      
1.2423580e+02 1.4303857e+02      
1.2545520e+02 1.4100821e+02      
1.2703460e+02 1.3971033e+02      
1.2884452e+02 1.3935560e+02      
1.3063099e+02 1.4010909e+02      
1.3100563e+02 1.4192650e+02      
1.3251121e+02 1.4467448e+02      
1.3488846e+02 1.4800534e+02      
1.3689309e+02 1.5054168e+02      
1.3844275e+02 1.5181473e+02      
1.3976019e+02 1.5196562e+02      
1.3968555e+02 1.5294640e+02      
1.3840555e+02 1.5496789e+02      
1.3704198e+02 1.4865620e+02      
1.3732926e+02 1.4417208e+02      
1.3820453e+02 1.3947732e+02      
1.3950294e+02 1.3470044e+02      
1.4101356e+02 1.3000927e+02      
1.4264242e+02 1.2554581e+02      
1.4439486e+02 1.2143759e+02      
1.4634946e+02 1.1780544e+02      
1.4853483e+02 1.1480184e+02      
1.5057948e+02 1.1277031e+02      
1.5246771e+02 1.1188775e+02      
1.5223198e+02 1.1255857e+02      
1.5234074e+02 1.1396947e+02      
1.5325968e+02 1.1609167e+02      
1.5447031e+02 1.1901758e+02      
1.5606292e+02 1.2185381e+02      
1.5707578e+02 1.2326077e+02      
1.5871437e+02 1.2407090e+02      
1.5859107e+02 1.2591674e+02      
1.5679626e+02 1.2887371e+02      
1.5484265e+02 1.2427852e+02      
1.5518861e+02 1.1967313e+02      
1.5601785e+02 1.1484012e+02      
1.5720498e+02 1.0986814e+02      
1.5869265e+02 1.0483667e+02      
1.6059217e+02 9.9786649e+01      
1.6300067e+02 9.4804422e+01      
1.6573369e+02 9.0165779e+01      
1.6902073e+02 8.5979859e+01      
1.7104070e+02 8.3197251e+01      
1.7160812e+02 8.2067136e+01      
1.7031088e+02 8.2659930e+01      
1.7012737e+02 8.3587861e+01      
1.7107082e+02 8.4900529e+01      
1.7071098e+02 8.8036107e+01      
1.7094413e+02 9.1088968e+01      
1.7172560e+02 9.3301808e+01      
1.7315163e+02 9.4838161e+01      
1.7291727e+02 9.7468837e+01      
1.7108111e+02 1.0122142e+02      
1.6960745e+02 9.8246043e+01      
1.7010855e+02 9.3513373e+01      
1.7102015e+02 8.8527092e+01      
1.7215869e+02 8.3352357e+01      
1.7347791e+02 7.8020410e+01      
1.7534560e+02 7.2469353e+01      
1.7834751e+02 6.6547316e+01      
1.8114298e+02 6.1090987e+01      
1.8389249e+02 5.6202908e+01      
1.8559548e+02 5.2684560e+01      
1.8565223e+02 5.1067103e+01      
1.8409622e+02 5.1358027e+01      
1.8377871e+02 5.1720939e+01      
1.8429662e+02 5.2613382e+01      
1.8325951e+02 5.5926768e+01      
1.8250014e+02 5.9624764e+01      
1.8249251e+02 6.2803564e+01      
1.8319425e+02 6.5267231e+01      
1.8276727e+02 6.8589939e+01      
1.8121890e+02 7.2781427e+01      
1.8113127e+02 7.0991490e+01      
1.8192215e+02 6.6128374e+01      
1.8310845e+02 6.0998130e+01      
1.8429916e+02 5.5666927e+01      
1.8505819e+02 5.0145564e+01      
1.8602256e+02 4.4461681e+01      
1.8762572e+02 3.8638390e+01      
1.8973648e+02 3.2815618e+01      
1.9250735e+02 2.6902719e+01      
1.9420647e+02 2.2425669e+01      
1.9435768e+02 2.0007454e+01      
1.9313721e+02 1.9623578e+01      
1.9309266e+02 1.9132022e+01      
1.9294915e+02 2.0178011e+01      
1.9203012e+02 2.3177791e+01      
1.9041814e+02 2.7833500e+01      
1.8938319e+02 3.2276334e+01      
1.8884316e+02 3.6224123e+01      
1.8818730e+02 4.0140033e+01      
1.8736955e+02 4.4090728e+01      
1.8919268e+02 4.2971090e+01      
1.9044495e+02 3.7964523e+01      
1.9219457e+02 3.2686330e+01      
1.9380246e+02 2.7260324e+01      
1.9340364e+02 2.1614795e+01      
1.9293735e+02 1.5970117e+01      
1.9304349e+02 1.0305393e+01      
1.9389001e+02 4.6037892e+00      
1.9542462e+02 -1.1195143e+00      
1.9722262e+02 -6.5875148e+00      
1.9772714e+02 -9.9674957e+00      
1.9711373e+02 -1.1273571e+01      
1.9672825e+02 -1.1489058e+01      
1.9637345e+02 -1.0441416e+01      
1.9566593e+02 -7.8396459e+00      
1.9440381e+02 -3.6136467e+00      
1.9259986e+02 1.9833338e+00      
1.9139509e+02 6.8735920e+00      
1.9056764e+02 1.1246002e+01      
1.8999779e+02 1.5251092e+01      
1.9351897e+02 1.4665596e+01      
1.9536820e+02 9.4788039e+00      
1.9782771e+02 3.9927229e+00      
1.9890264e+02 -1.6284260e+00      
1.9819037e+02 -7.2578191e+00      
1.9611820e+02 -1.2737123e+01      
1.9467336e+02 -1.8166520e+01      
1.9418640e+02 -2.3590638e+01      
1.9449909e+02 -2.8898781e+01      
1.9526745e+02 -3.3848643e+01      
1.9595110e+02 -3.7870836e+01      
1.9539555e+02 -3.8932809e+01      
1.9502534e+02 -3.9123020e+01      
1.9478941e+02 -3.8328515e+01      
1.9444633e+02 -3.6284657e+01      
1.9373206e+02 -3.2762516e+01      
1.9197939e+02 -2.7344887e+01      
1.9061613e+02 -2.2148384e+01      
1.8973134e+02 -1.7504443e+01      
1.8923260e+02 -1.3364261e+01      
1.9368957e+02 -1.3391961e+01      
1.9603725e+02 -1.8793166e+01      
1.9800873e+02 -2.4503438e+01      
1.9860143e+02 -3.0253568e+01      
1.9749247e+02 -3.5843583e+01      
1.9501307e+02 -4.1178746e+01      
1.9215608e+02 -4.6312730e+01      
1.9061058e+02 -5.1520186e+01      
1.8998651e+02 -5.6504914e+01      
1.8990230e+02 -6.0908228e+01      
1.8998535e+02 -6.4241545e+01      
1.8986726e+02 -6.5962351e+01      
1.8982088e+02 -6.6576612e+01      
1.8991783e+02 -6.6250648e+01      
1.8999539e+02 -6.4767537e+01      
1.8926125e+02 -6.1117289e+01      
1.8765732e+02 -5.5605157e+01      
1.8637045e+02 -5.0274111e+01      
1.8553279e+02 -4.5490349e+01      
1.8508928e+02 -4.1252758e+01      
1.8927145e+02 -4.0627750e+01      
1.9063901e+02 -4.5993640e+01      
1.9243432e+02 -5.1907604e+01      
1.9270390e+02 -5.7755112e+01      
1.9105559e+02 -6.3232040e+01      
1.8788583e+02 -6.8340223e+01      
1.8512061e+02 -7.3598463e+01      
1.8315686e+02 -7.8860143e+01      
1.8193769e+02 -8.3790871e+01      
1.8130699e+02 -8.7952894e+01      
1.8109794e+02 -9.0981215e+01      
1.8115776e+02 -9.2870487e+01      
1.8144533e+02 -9.3855147e+01      
1.8189358e+02 -9.3948141e+01      
1.8189926e+02 -9.2098774e+01      
1.8121172e+02 -8.8170282e+01      
1.7984220e+02 -8.2470662e+01      
1.7873919e+02 -7.7053217e+01      
1.7801862e+02 -7.2216138e+01      
1.7764920e+02 -6.7940904e+01      
1.8091278e+02 -6.6630743e+01      
1.8124819e+02 -7.1812987e+01      
1.8176446e+02 -7.7476227e+01      
1.8179553e+02 -8.3413673e+01      
1.7957054e+02 -8.8709448e+01      
1.7683865e+02 -9.4108274e+01      
1.7424695e+02 -9.9682317e+01      
1.7206987e+02 -1.0526797e+02      
1.7042835e+02 -1.1051996e+02      
1.6941923e+02 -1.1481936e+02      
1.6911970e+02 -1.1747936e+02      
1.6934649e+02 -1.1913924e+02      
1.6991000e+02 -1.2014726e+02      
1.7031157e+02 -1.1954074e+02      
1.7032187e+02 -1.1722726e+02      
1.6979713e+02 -1.1313057e+02      
1.6875940e+02 -1.0741600e+02      
1.6790739e+02 -1.0204231e+02      
1.6734578e+02 -9.7243576e+01      
1.6706936e+02 -9.2998632e+01      
1.6922783e+02 -9.1050662e+01      
1.6871893e+02 -9.5991941e+01      
1.6817985e+02 -1.0133186e+02      
1.6718295e+02 -1.0690065e+02      
1.6523068e+02 -1.1245314e+02      
1.6276929e+02 -1.1817138e+02      
1.6018901e+02 -1.2415291e+02      
1.5772676e+02 -1.3031420e+02      
1.5561646e+02 -1.3631443e+02      
1.5418858e+02 -1.4130502e+02      
1.5396837e+02 -1.4291532e+02      
1.5445692e+02 -1.4375064e+02      
1.5508290e+02 -1.4340084e+02      
1.5552903e+02 -1.4189360e+02      
1.5564219e+02 -1.3920691e+02      
1.5535742e+02 -1.3525793e+02      
1.5471212e+02 -1.3001315e+02      
1.5413571e+02 -1.2485987e+02      
1.5374577e+02 -1.2018352e+02      
1.5357028e+02 -1.1604219e+02      
1.5465914e+02 -1.1355958e+02      
1.5353026e+02 -1.1824736e+02      
1.5229474e+02 -1.2329834e+02      
1.5073119e+02 -1.2862914e+02      
1.4868945e+02 -1.3419635e+02      
1.4623120e+02 -1.4008249e+02      
1.4348081e+02 -1.4644919e+02      
1.4057502e+02 -1.5334596e+02      
1.3785306e+02 -1.6026595e+02      
1.3621106e+02 -1.6467947e+02      
1.3585618e+02 -1.6603681e+02      
1.3663734e+02 -1.6471856e+02      
1.3751934e+02 -1.6274929e+02      
1.3811679e+02 -1.6036573e+02      
1.3836596e+02 -1.5744651e+02      
1.3831612e+02 -1.5394260e+02      
1.3807513e+02 -1.5006770e+02      
1.3773359e+02 -1.4514270e+02      
1.3750172e+02 -1.4069212e+02      
1.3742256e+02 -1.3674098e+02      
1.3757705e+02 -1.3384541e+02      
1.3601161e+02 -1.3826882e+02      
1.3433617e+02 -1.4304074e+02      
1.3243247e+02 -1.4812149e+02      
1.3021765e+02 -1.5351256e+02      
1.2766442e+02 -1.5930355e+02      
1.2472075e+02 -1.6576540e+02      
1.2129234e+02 -1.7324749e+02      
1.1833912e+02 -1.7957101e+02      
1.1651624e+02 -1.8345814e+02      
1.1607415e+02 -1.8443284e+02      
1.1681705e+02 -1.8274874e+02      
1.1808799e+02 -1.7942787e+02      
1.1881227e+02 -1.7647306e+02      
1.1914347e+02 -1.7346164e+02      
1.1922716e+02 -1.7016451e+02      
1.1916040e+02 -1.6653053e+02      
1.1902714e+02 -1.6248473e+02      
1.1893269e+02 -1.5851014e+02      
1.1893526e+02 -1.5483233e+02      
1.1831903e+02 -1.5162120e+02      
1.1645191e+02 -1.5575978e+02      
1.1448996e+02 -1.6022254e+02      
1.1236544e+02 -1.6497986e+02      
1.1002586e+02 -1.7002894e+02      
1.0743659e+02 -1.7541359e+02      
1.0455833e+02 -1.8123422e+02      
1.0137068e+02 -1.8748586e+02      
9.8062696e+01 -1.9360108e+02      
9.6019853e+01 -1.9717603e+02      
9.5634657e+01 -1.9766730e+02      
9.6586259e+01 -1.9543593e+02      
9.7442225e+01 -1.9271531e+02      
9.7992695e+01 -1.8994492e+02      
9.8283232e+01 -1.8706218e+02      
9.8399518e+01 -1.8395688e+02      
9.8412743e+01 -1.8060294e+02      
9.8387700e+01 -1.7706356e+02      
9.8384392e+01 -1.7351666e+02      
9.8445921e+01 -1.7012544e+02      
9.7218489e+01 -1.6663929e+02      
9.5147256e+01 -1.7046908e+02      
9.3000757e+01 -1.7458461e+02      
9.0742307e+01 -1.7894962e+02      
8.8344746e+01 -1.8353636e+02      
8.5795151e+01 -1.8832295e+02      
8.3098118e+01 -1.9326640e+02      
8.0291952e+01 -1.9822710e+02      
7.7515484e+01 -2.0282579e+02      
7.5216044e+01 -2.0620689e+02      
7.4992876e+01 -2.0621070e+02      
7.5277760e+01 -2.0485688e+02      
7.5620184e+01 -2.0287445e+02      
7.5882311e+01 -2.0054427e+02      
7.6042041e+01 -1.9794579e+02      
7.6119563e+01 -1.9510047e+02      
7.6149378e+01 -1.9204168e+02      
7.6169220e+01 -1.8884283e+02      
7.6214296e+01 -1.8561549e+02      
7.6311530e+01 -1.8247462e+02      
7.4618944e+01 -1.7870020e+02      
7.2415167e+01 -1.8220197e+02      
7.0156234e+01 -1.8594232e+02      
6.7827389e+01 -1.8987373e+02      
6.5422589e+01 -1.9394405e+02      
6.2950842e+01 -1.9808676e+02      
6.0445005e+01 -2.0219643e+02      
5.7979010e+01 -2.0608560e+02      
5.5699582e+01 -2.0943399e+02      
5.3930947e+01 -2.1168798e+02      
5.3096140e+01 -2.1222567e+02      
5.2789574e+01 -2.1156114e+02      
5.2697416e+01 -2.1015039e+02      
5.2682267e+01 -2.0823577e+02      
5.2683783e+01 -2.0595282e+02      
5.2685515e+01 -2.0338295e+02      
5.2693024e+01 -2.0059523e+02      
5.2721182e+01 -1.9766813e+02      
5.2786595e+01 -1.9469221e+02      
5.2902515e+01 -1.9175951e+02      
