1.1306305e+01 2.2931744e+02      
1.1326059e+01 2.2530226e+02      
1.2082478e+01 2.2130175e+02      
1.3489262e+01 2.1738839e+02      
1.5383914e+01 2.1363186e+02      
1.7507675e+01 2.1008914e+02      
1.9526069e+01 2.0679323e+02      
2.1227294e+01 2.0379174e+02      
2.2746335e+01 2.0120339e+02      
2.4334549e+01 1.9914535e+02      
2.6157399e+01 1.9768646e+02      
2.8273737e+01 1.9685463e+02      
3.0664902e+01 1.9664580e+02      
3.3284557e+01 1.9703256e+02      
3.6107298e+01 1.9797427e+02      
3.9135802e+01 1.9942238e+02      
4.2335249e+01 2.0131515e+02      
4.5618467e+01 2.0358777e+02      
4.8825209e+01 2.0616182e+02      
5.1305511e+01 2.0874110e+02      
4.0399610e+01 2.1930230e+02      
4.0874470e+01 2.1516372e+02      
4.2211816e+01 2.1100746e+02      
4.4351789e+01 2.0691444e+02      
4.7126119e+01 2.0296887e+02      
5.0193325e+01 1.9924500e+02      
5.2899718e+01 1.9573234e+02      
5.4481067e+01 1.9233621e+02      
5.5632936e+01 1.8936156e+02      
5.6927559e+01 1.8699616e+02      
5.8605915e+01 1.8530765e+02      
6.0708733e+01 1.8431711e+02      
6.3141946e+01 1.8400651e+02      
6.5776226e+01 1.8432885e+02      
6.8567908e+01 1.8523105e+02      
7.1628759e+01 1.8667329e+02      
7.5014521e+01 1.8859643e+02      
7.8405715e+01 1.9088703e+02      
8.1855312e+01 1.9354201e+02      
8.2888730e+01 1.9556957e+02      
6.7986919e+01 2.0591738e+02      
6.8908576e+01 2.0164586e+02      
7.0856440e+01 1.9731857e+02      
7.3851909e+01 1.9302480e+02      
7.7794803e+01 1.8887258e+02      
8.2287828e+01 1.8498063e+02      
8.6320437e+01 1.8136935e+02      
8.7141910e+01 1.7735255e+02      
8.7458457e+01 1.7390946e+02      
8.8204990e+01 1.7121184e+02      
8.9682167e+01 1.6929958e+02      
9.1848398e+01 1.6818521e+02      
9.4437208e+01 1.6782923e+02      
9.7101566e+01 1.6813859e+02      
9.9697827e+01 1.6902670e+02      
1.0248524e+02 1.7046068e+02      
1.0606063e+02 1.7245663e+02      
1.0893112e+02 1.7457530e+02      
1.1113595e+02 1.7672558e+02      
1.1109652e+02 1.7847943e+02      
9.3532796e+01 1.8941472e+02      
9.4827054e+01 1.8500099e+02      
9.7318288e+01 1.8048320e+02      
1.0120096e+02 1.7595025e+02      
1.0654246e+02 1.7152019e+02      
1.1272783e+02 1.6732827e+02      
1.1678610e+02 1.6306597e+02      
1.1811718e+02 1.5881869e+02      
1.1732854e+02 1.5495415e+02      
1.1731485e+02 1.5193905e+02      
1.1861729e+02 1.4981262e+02      
1.2109157e+02 1.4862832e+02      
1.2421168e+02 1.4834189e+02      
1.2702251e+02 1.4872340e+02      
1.2918202e+02 1.4962979e+02      
1.3077446e+02 1.5096041e+02      
1.3209760e+02 1.5261298e+02      
1.3357756e+02 1.5448193e+02      
1.3548588e+02 1.5641365e+02      
1.3515925e+02 1.5812065e+02      
1.1655137e+02 1.7010013e+02      
1.1806519e+02 1.6554040e+02      
1.2086093e+02 1.6081733e+02      
1.2532347e+02 1.5600246e+02      
1.3193079e+02 1.5116570e+02      
1.3806120e+02 1.4623459e+02      
1.4222313e+02 1.4136375e+02      
1.4395177e+02 1.3677725e+02      
1.4375215e+02 1.3271087e+02      
1.4309196e+02 1.2939975e+02      
1.4449581e+02 1.2700502e+02      
1.4760076e+02 1.2577059e+02      
1.5198063e+02 1.2574255e+02      
1.5506606e+02 1.2629505e+02      
1.5665573e+02 1.2730277e+02      
1.5670265e+02 1.2861046e+02      
1.5525492e+02 1.2999309e+02      
1.5469058e+02 1.3172380e+02      
1.5483506e+02 1.3355106e+02      
1.5474381e+02 1.3525171e+02      
1.3664727e+02 1.4832693e+02      
1.3818477e+02 1.4362926e+02      
1.4092343e+02 1.3870673e+02      
1.4506746e+02 1.3359839e+02      
1.5069527e+02 1.2829214e+02      
1.5720605e+02 1.2271528e+02      
1.6166857e+02 1.1727435e+02      
1.6353551e+02 1.1231646e+02      
1.6346389e+02 1.0790740e+02      
1.6432284e+02 1.0389694e+02      
1.6653438e+02 1.0100945e+02      
1.7017092e+02 9.9633003e+01      
1.7497524e+02 9.9700059e+01      
1.7801105e+02 1.0047713e+02      
1.7900070e+02 1.0170927e+02      
1.7785355e+02 1.0324906e+02      
1.7471526e+02 1.0491864e+02      
1.7254869e+02 1.0679643e+02      
1.7123957e+02 1.0872653e+02      
1.7005270e+02 1.1059036e+02      
1.5353933e+02 1.2448601e+02      
1.5493535e+02 1.1967256e+02      
1.5736446e+02 1.1458553e+02      
1.6086724e+02 1.0925322e+02      
1.6536687e+02 1.0367544e+02      
1.7049691e+02 9.7834255e+01      
1.7529759e+02 9.1836228e+01      
1.7712672e+02 8.6558491e+01      
1.7878764e+02 8.1204962e+01      
1.8132179e+02 7.5850068e+01      
1.8437400e+02 7.2223538e+01      
1.8821608e+02 7.0660681e+01      
1.9266079e+02 7.1139752e+01      
1.9526996e+02 7.2242076e+01      
1.9569613e+02 7.3796975e+01      
1.9383634e+02 7.5737306e+01      
1.8987031e+02 7.7937924e+01      
1.8684069e+02 8.0142650e+01      
1.8470216e+02 8.2281346e+01      
1.8296869e+02 8.4307602e+01      
1.6704861e+02 9.8994115e+01      
1.6820536e+02 9.4096549e+01      
1.7023119e+02 8.8894528e+01      
1.7309353e+02 8.3420968e+01      
1.7665713e+02 7.7698491e+01      
1.8062292e+02 7.1753217e+01      
1.8439812e+02 6.5693724e+01      
1.8730823e+02 5.9699312e+01      
1.9016602e+02 5.3486974e+01      
1.9358237e+02 4.7148065e+01      
1.9709195e+02 4.2813160e+01      
2.0084361e+02 4.0922621e+01      
2.0470017e+02 4.1435234e+01      
2.0664124e+02 4.2803016e+01      
2.0655125e+02 4.4715058e+01      
2.0445293e+02 4.7067940e+01      
2.0051180e+02 4.9753649e+01      
1.9732268e+02 5.2286325e+01      
1.9487653e+02 5.4652015e+01      
1.9290347e+02 5.6843318e+01      
1.7706895e+02 7.2283907e+01      
1.7794427e+02 6.7336559e+01      
1.7955859e+02 6.2068411e+01      
1.8185900e+02 5.6519252e+01      
1.8472186e+02 5.0723351e+01      
1.8793493e+02 4.4715037e+01      
1.9122129e+02 3.8532292e+01      
1.9443913e+02 3.2158779e+01      
1.9780310e+02 2.5425520e+01      
2.0153983e+02 1.8449126e+01      
2.0522655e+02 1.3469277e+01      
2.0873713e+02 1.1031664e+01      
2.1145367e+02 1.1419596e+01      
2.1242698e+02 1.3064463e+01      
2.1176249e+02 1.5397437e+01      
2.0974324e+02 1.8117970e+01      
2.0683321e+02 2.0989163e+01      
2.0398213e+02 2.3758376e+01      
2.0152481e+02 2.6331689e+01      
1.9946125e+02 2.8682283e+01      
1.8354531e+02 4.4796868e+01      
1.8412838e+02 3.9832122e+01      
1.8535417e+02 3.4541269e+01      
1.8717604e+02 2.8970880e+01      
1.8950547e+02 2.3160839e+01      
1.9221700e+02 1.7140516e+01      
1.9518519e+02 1.0917654e+01      
1.9836209e+02 4.4499258e+00      
2.0181920e+02 -2.3983935e+00      
2.0561541e+02 -9.5845409e+00      
2.0947518e+02 -1.5188358e+01      
2.1315903e+02 -1.8677812e+01      
2.1594871e+02 -1.9385651e+01      
2.1580790e+02 -1.7356341e+01      
2.1439277e+02 -1.4402708e+01      
2.1220438e+02 -1.1161011e+01      
2.0961135e+02 -7.9564692e+00      
2.0699591e+02 -4.9442350e+00      
2.0459810e+02 -2.1822454e+00      
2.0250602e+02 3.1178944e-01      
1.8646561e+02 1.6977732e+01      
1.8675791e+02 1.2023248e+01      
1.8762077e+02 6.7463307e+00      
1.8902391e+02 1.2024044e+00      
1.9091364e+02 -4.5607165e+00      
1.9322078e+02 -1.0510627e+01      
1.9588356e+02 -1.6640159e+01      
1.9888003e+02 -2.2975840e+01      
2.0224374e+02 -2.9562641e+01      
2.0602761e+02 -3.6276376e+01      
2.1017627e+02 -4.2494513e+01      
2.1432274e+02 -4.7462134e+01      
2.1662528e+02 -4.9208178e+01      
2.1656172e+02 -4.7901723e+01      
2.1437066e+02 -4.4175077e+01      
2.1174100e+02 -4.0206836e+01      
2.0906459e+02 -3.6566569e+01      
2.0649744e+02 -3.3313791e+01      
2.0412756e+02 -3.0394321e+01      
2.0201744e+02 -2.7784628e+01      
1.8586115e+02 -1.0730398e+01      
1.8586528e+02 -1.5654181e+01      
1.8638139e+02 -2.0890051e+01      
1.8739829e+02 -2.6368943e+01      
1.8889132e+02 -3.2028119e+01      
1.9082552e+02 -3.7822617e+01      
1.9316629e+02 -4.3735037e+01      
1.9589680e+02 -4.9778465e+01      
1.9903953e+02 -5.5990962e+01      
2.0271297e+02 -6.2476310e+01      
2.0707391e+02 -6.9358870e+01      
2.1068186e+02 -7.4537532e+01      
2.1269166e+02 -7.6873659e+01      
2.1276644e+02 -7.6156904e+01      
2.1099064e+02 -7.2867506e+01      
2.0791514e+02 -6.8153781e+01      
2.0510606e+02 -6.4214345e+01      
2.0253602e+02 -6.0831084e+01      
2.0017001e+02 -5.7820729e+01      
1.9803936e+02 -5.5137317e+01      
1.8181044e+02 -3.7889982e+01      
1.8152467e+02 -4.2772621e+01      
1.8169678e+02 -4.7955100e+01      
1.8233637e+02 -5.3347052e+01      
1.8344579e+02 -5.8859534e+01      
1.8501407e+02 -6.4425073e+01      
1.8701598e+02 -7.0012667e+01      
1.8942036e+02 -7.5629686e+01      
1.9220668e+02 -8.1313563e+01      
1.9537936e+02 -8.7127773e+01      
1.9886623e+02 -9.3057613e+01      
2.0224173e+02 -9.8641686e+01      
2.0413926e+02 -1.0144179e+02      
2.0431948e+02 -1.0099523e+02      
2.0291394e+02 -9.7875860e+01      
2.0037217e+02 -9.4025917e+01      
1.9771138e+02 -9.0360017e+01      
1.9517928e+02 -8.7032513e+01      
1.9281576e+02 -8.4013021e+01      
1.9066430e+02 -8.1301907e+01      
1.7444387e+02 -6.4070986e+01      
1.7386032e+02 -6.8914287e+01      
1.7367540e+02 -7.4053864e+01      
1.7392391e+02 -7.9366228e+01      
1.7464292e+02 -8.4714969e+01      
1.7584707e+02 -8.9994862e+01      
1.7751245e+02 -9.5160109e+01      
1.7957685e+02 -1.0022386e+02      
1.8195494e+02 -1.0522657e+02      
1.8455057e+02 -1.1017710e+02      
1.8722379e+02 -1.1499068e+02      
1.8970904e+02 -1.1938128e+02      
1.9152346e+02 -1.2257649e+02      
1.9170947e+02 -1.2212956e+02      
1.9117596e+02 -1.2056373e+02      
1.8949388e+02 -1.1795139e+02      
1.8703476e+02 -1.1471733e+02      
1.8458212e+02 -1.1156674e+02      
1.8220063e+02 -1.0856939e+02      
1.8002810e+02 -1.0586384e+02      
1.6394852e+02 -8.8849807e+01      
1.6305519e+02 -9.3665879e+01      
1.6248002e+02 -9.8807540e+01      
1.6229131e+02 -1.0410177e+02      
1.6259133e+02 -1.0931186e+02      
1.6343618e+02 -1.1426838e+02      
1.6480350e+02 -1.1891159e+02      
1.6658446e+02 -1.2329065e+02      
1.6860653e+02 -1.2751416e+02      
1.7071198e+02 -1.3159912e+02      
1.7275244e+02 -1.3541993e+02      
1.7453891e+02 -1.3871209e+02      
1.7580323e+02 -1.4096071e+02      
1.7630951e+02 -1.4157497e+02      
1.7626641e+02 -1.4119472e+02      
1.7512297e+02 -1.3950922e+02      
1.7316508e+02 -1.3693845e+02      
1.7090027e+02 -1.3407578e+02      
1.6845527e+02 -1.3107328e+02      
1.6630359e+02 -1.2843504e+02      
1.5057213e+02 -1.1180643e+02      
1.4936559e+02 -1.1659894e+02      
1.4834376e+02 -1.2182995e+02      
1.4759585e+02 -1.2729687e+02      
1.4741521e+02 -1.3245417e+02      
1.4790829e+02 -1.3706858e+02      
1.4906322e+02 -1.4106755e+02      
1.5072902e+02 -1.4454240e+02      
1.5251440e+02 -1.4790216e+02      
1.5423410e+02 -1.5118438e+02      
1.5579662e+02 -1.5421179e+02      
1.5709135e+02 -1.5674697e+02      
1.5799811e+02 -1.5852884e+02      
1.5847836e+02 -1.5946075e+02      
1.5853429e+02 -1.5964450e+02      
1.5756953e+02 -1.5840741e+02      
1.5577324e+02 -1.5611054e+02      
1.5378267e+02 -1.5363064e+02      
1.5170914e+02 -1.5109289e+02      
1.4972767e+02 -1.4868547e+02      
1.3461941e+02 -1.3253132e+02      
1.3314071e+02 -1.3724013e+02      
1.3166715e+02 -1.4256590e+02      
1.3014974e+02 -1.4853930e+02      
1.2945779e+02 -1.5368004e+02      
1.2961009e+02 -1.5794851e+02      
1.3061524e+02 -1.6126117e+02      
1.3245561e+02 -1.6349229e+02      
1.3408442e+02 -1.6601217e+02      
1.3547209e+02 -1.6862782e+02      
1.3664412e+02 -1.7105189e+02      
1.3755951e+02 -1.7307346e+02      
1.3816518e+02 -1.7453730e+02      
1.3844416e+02 -1.7540593e+02      
1.3834821e+02 -1.7566057e+02      
1.3735553e+02 -1.7451225e+02      
1.3589965e+02 -1.7275100e+02      
1.3421407e+02 -1.7070803e+02      
1.3242810e+02 -1.6854704e+02      
1.3063916e+02 -1.6638911e+02      
1.1642639e+02 -1.5066429e+02      
1.1478577e+02 -1.5513466e+02      
1.1309945e+02 -1.6018568e+02      
1.1128987e+02 -1.6583005e+02      
1.1032217e+02 -1.7063695e+02      
1.1018792e+02 -1.7455085e+02      
1.1089718e+02 -1.7748891e+02      
1.1246231e+02 -1.7934519e+02      
1.1375189e+02 -1.8143875e+02      
1.1477600e+02 -1.8360830e+02      
1.1558752e+02 -1.8559908e+02      
1.1617028e+02 -1.8724163e+02      
1.1648969e+02 -1.8841841e+02      
1.1650947e+02 -1.8905939e+02      
1.1615208e+02 -1.8906097e+02      
1.1529969e+02 -1.8826236e+02      
1.1407884e+02 -1.8690383e+02      
1.1262828e+02 -1.8520933e+02      
1.1105010e+02 -1.8332754e+02      
1.0942283e+02 -1.8137176e+02      
9.6321139e+01 -1.6594799e+02      
9.4635779e+01 -1.7003293e+02      
9.3013511e+01 -1.7446529e+02      
9.1550240e+01 -1.7903971e+02      
9.0577799e+01 -1.8322460e+02      
9.0211383e+01 -1.8678517e+02      
9.0444384e+01 -1.8964741e+02      
9.1129678e+01 -1.9190372e+02      
9.1857932e+01 -1.9395676e+02      
9.2470126e+01 -1.9587873e+02      
9.2931158e+01 -1.9757035e+02      
9.3209842e+01 -1.9892649e+02      
9.3271072e+01 -1.9986114e+02      
9.3076745e+01 -2.0030812e+02      
9.2584006e+01 -2.0021103e+02      
9.1771392e+01 -1.9955616e+02      
9.0680978e+01 -1.9843137e+02      
8.9387528e+01 -1.9696718e+02      
8.7963275e+01 -1.9528201e+02      
8.6468593e+01 -1.9347476e+02      
7.4615579e+01 -1.7822959e+02      
7.2935395e+01 -1.8188566e+02      
7.1388333e+01 -1.8572759e+02      
7.0058002e+01 -1.8957985e+02      
6.9067409e+01 -1.9320440e+02      
6.8487826e+01 -1.9642721e+02      
6.8304715e+01 -1.9918178e+02      
6.8411096e+01 -2.0151152e+02      
6.8637418e+01 -2.0352873e+02      
6.8853841e+01 -2.0528647e+02      
6.8988357e+01 -2.0675966e+02      
6.8994043e+01 -2.0789401e+02      
6.8833058e+01 -2.0863493e+02      
6.8472842e+01 -2.0893904e+02      
6.7888770e+01 -2.0878156e+02      
6.7074797e+01 -2.0817118e+02      
6.6052508e+01 -2.0716065e+02      
6.4863514e+01 -2.0583149e+02      
6.3555064e+01 -2.0427117e+02      
6.2170810e+01 -2.0256119e+02      
