1.8302088e+01 2.4006624e+02      
1.7146448e+01 2.3854909e+02      
1.6422424e+01 2.3715279e+02      
1.6105791e+01 2.3592715e+02      
1.6170577e+01 2.3491477e+02      
1.6592103e+01 2.3414734e+02      
1.7348903e+01 2.3364311e+02      
1.8422063e+01 2.3340625e+02      
1.9792292e+01 2.3342791e+02      
2.1436973e+01 2.3368706e+02      
2.3328890e+01 2.3414912e+02      
2.5436286e+01 2.3476261e+02      
2.7725998e+01 2.3545997e+02      
3.0175828e+01 2.3617398e+02      
3.2787679e+01 2.3685786e+02      
3.5583440e+01 2.3748316e+02      
3.8593765e+01 2.3802902e+02      
4.1851027e+01 2.3847728e+02      
4.5384830e+01 2.3881034e+02      
4.9218642e+01 2.3900931e+02      
4.6717137e+01 2.2951105e+02      
4.5754035e+01 2.2791193e+02      
4.5220057e+01 2.2642709e+02      
4.5083322e+01 2.2511706e+02      
4.5309742e+01 2.2403478e+02      
4.5868963e+01 2.2321952e+02      
4.6738975e+01 2.2269234e+02      
4.7904733e+01 2.2245593e+02      
4.9350636e+01 2.2249870e+02      
5.1053691e+01 2.2279861e+02      
5.2982391e+01 2.2332110e+02      
5.5095567e+01 2.2400691e+02      
5.7334939e+01 2.2475289e+02      
5.9650346e+01 2.2544615e+02      
6.2053585e+01 2.2604261e+02      
6.4589377e+01 2.2653102e+02      
6.7305598e+01 2.2689949e+02      
7.0248946e+01 2.2713692e+02      
7.3460726e+01 2.2723207e+02      
7.6972265e+01 2.2717063e+02      
7.3939589e+01 2.1528031e+02      
7.3209923e+01 2.1356116e+02      
7.2906931e+01 2.1194998e+02      
7.2987323e+01 2.1052237e+02      
7.3403008e+01 2.0934725e+02      
7.4112852e+01 2.0847600e+02      
7.5095835e+01 2.0793237e+02      
7.6350010e+01 2.0771246e+02      
7.7871679e+01 2.0779743e+02      
7.9637872e+01 2.0816598e+02      
8.1611930e+01 2.0879526e+02      
8.3756646e+01 2.0964681e+02      
8.5979705e+01 2.1057006e+02      
8.8098444e+01 2.1125658e+02      
9.0207408e+01 2.1176475e+02      
9.2395246e+01 2.1212136e+02      
9.4727097e+01 2.1231741e+02      
9.7267998e+01 2.1235087e+02      
1.0007542e+02 2.1222060e+02      
1.0319026e+02 2.1191861e+02      
9.9534139e+01 1.9761754e+02      
9.9082219e+01 1.9573031e+02      
9.9059070e+01 1.9394160e+02      
9.9405293e+01 1.9234829e+02      
1.0004745e+02 1.9104563e+02      
1.0091786e+02 1.9010834e+02      
1.0199586e+02 1.8956332e+02      
1.0331868e+02 1.8938462e+02      
1.0491641e+02 1.8953174e+02      
1.0675802e+02 1.8998414e+02      
1.0878063e+02 1.9074139e+02      
1.1096480e+02 1.9182557e+02      
1.1329866e+02 1.9319494e+02      
1.1513582e+02 1.9386132e+02      
1.1685749e+02 1.9429412e+02      
1.1859895e+02 1.9452373e+02      
1.2044278e+02 1.9454454e+02      
1.2248214e+02 1.9437322e+02      
1.2479987e+02 1.9402744e+02      
1.2744709e+02 1.9350639e+02      
1.2308547e+02 1.7682663e+02      
1.2295891e+02 1.7471154e+02      
1.2327574e+02 1.7267552e+02      
1.2395828e+02 1.7084370e+02      
1.2489255e+02 1.6935409e+02      
1.2593525e+02 1.6833643e+02      
1.2703896e+02 1.6783325e+02      
1.2836849e+02 1.6774555e+02      
1.3005413e+02 1.6797208e+02      
1.3201994e+02 1.6849901e+02      
1.3408886e+02 1.6936396e+02      
1.3620164e+02 1.7057776e+02      
1.3830986e+02 1.7205849e+02      
1.4031986e+02 1.7346616e+02      
1.4160854e+02 1.7393202e+02      
1.4284100e+02 1.7407560e+02      
1.4405570e+02 1.7388790e+02      
1.4547933e+02 1.7349690e+02      
1.4721999e+02 1.7294250e+02      
1.4933566e+02 1.7222646e+02      
1.4419920e+02 1.5327309e+02      
1.4444655e+02 1.5085822e+02      
1.4517491e+02 1.4848114e+02      
1.4629517e+02 1.4629980e+02      
1.4766480e+02 1.4450615e+02      
1.4896511e+02 1.4335559e+02      
1.4983332e+02 1.4304425e+02      
1.5099676e+02 1.4316110e+02      
1.5283025e+02 1.4347153e+02      
1.5513631e+02 1.4400656e+02      
1.5722481e+02 1.4495901e+02      
1.5911548e+02 1.4633203e+02      
1.6086676e+02 1.4805483e+02      
1.6260406e+02 1.4991627e+02      
1.6386839e+02 1.5088675e+02      
1.6470274e+02 1.5110344e+02      
1.6512346e+02 1.5064062e+02      
1.6586923e+02 1.5004744e+02      
1.6693053e+02 1.4928228e+02      
1.6846573e+02 1.4840118e+02      
1.6250020e+02 1.2738833e+02      
1.6316661e+02 1.2459135e+02      
1.6438359e+02 1.2175142e+02      
1.6605573e+02 1.1906583e+02      
1.6805523e+02 1.1677651e+02      
1.6988188e+02 1.1535326e+02      
1.6977405e+02 1.1566825e+02      
1.7051969e+02 1.1615242e+02      
1.7253506e+02 1.1653422e+02      
1.7569941e+02 1.1689488e+02      
1.7763204e+02 1.1794310e+02      
1.7831672e+02 1.1969107e+02      
1.7950012e+02 1.2165212e+02      
1.8107201e+02 1.2368072e+02      
1.8220189e+02 1.2486041e+02      
1.8275221e+02 1.2521699e+02      
1.8291924e+02 1.2493985e+02      
1.8316128e+02 1.2431412e+02      
1.8345995e+02 1.2334043e+02      
1.8446602e+02 1.2237483e+02      
1.7762517e+02 9.9679791e+01      
1.7874490e+02 9.6417799e+01      
1.8056344e+02 9.2931339e+01      
1.8277158e+02 8.9631270e+01      
1.8538286e+02 8.6690425e+01      
1.8646574e+02 8.5613874e+01      
1.8577302e+02 8.6546338e+01      
1.8614568e+02 8.7405600e+01      
1.8802850e+02 8.7893604e+01      
1.9117078e+02 8.8142316e+01      
1.9278322e+02 8.9300770e+01      
1.9273999e+02 9.1418121e+01      
1.9358092e+02 9.3472397e+01      
1.9522587e+02 9.5353208e+01      
1.9617964e+02 9.6497277e+01      
1.9634542e+02 9.6879421e+01      
1.9599059e+02 9.6622235e+01      
1.9600197e+02 9.6123342e+01      
1.9631319e+02 9.5400321e+01      
1.9705105e+02 9.4539568e+01      
1.8921935e+02 7.0735427e+01      
1.9067076e+02 6.7070952e+01      
1.9321253e+02 6.2746551e+01      
1.9553237e+02 5.9018324e+01      
1.9754365e+02 5.6109433e+01      
1.9819521e+02 5.5170977e+01      
1.9729799e+02 5.6484835e+01      
1.9739133e+02 5.7618536e+01      
1.9882886e+02 5.8291828e+01      
2.0136465e+02 5.8632729e+01      
2.0267842e+02 5.9859094e+01      
2.0265797e+02 6.2000291e+01      
2.0348031e+02 6.3911125e+01      
2.0503334e+02 6.5529329e+01      
2.0568874e+02 6.6526338e+01      
2.0543399e+02 6.6871240e+01      
2.0524932e+02 6.6832519e+01      
2.0529321e+02 6.6540801e+01      
2.0557251e+02 6.6047807e+01      
2.0610854e+02 6.5370359e+01      
1.9704619e+02 4.1117030e+01      
1.9835682e+02 3.7450558e+01      
2.0022590e+02 3.3536614e+01      
2.0226025e+02 2.9750270e+01      
2.0436508e+02 2.6186132e+01      
2.0506217e+02 2.4856903e+01      
2.0429097e+02 2.6133897e+01      
2.0422300e+02 2.7335138e+01      
2.0506948e+02 2.8250865e+01      
2.0643376e+02 2.9137494e+01      
2.0751562e+02 3.0388991e+01      
2.0822579e+02 3.1991152e+01      
2.0921503e+02 3.3543125e+01      
2.1055427e+02 3.4840060e+01      
2.1086104e+02 3.5673663e+01      
2.1092776e+02 3.6096899e+01      
2.1099389e+02 3.6214355e+01      
2.1112384e+02 3.6108770e+01      
2.1132636e+02 3.5826737e+01      
2.1162552e+02 3.5370794e+01      
2.0112936e+02 1.1216077e+01      
2.0221565e+02 7.6061682e+00      
2.0360418e+02 3.9366338e+00      
2.0510233e+02 4.3031899e-01      
2.0650502e+02 -2.6713255e+00      
2.0741558e+02 -4.7846950e+00      
2.0697595e+02 -4.0664359e+00      
2.0690103e+02 -3.1209864e+00      
2.0739236e+02 -2.1288699e+00      
2.0823846e+02 -1.0048129e+00      
2.0916255e+02 2.6938797e-01      
2.1007462e+02 1.6180046e+00      
2.1106324e+02 2.8780768e+00      
2.1203728e+02 3.9084309e+00      
2.1265149e+02 4.6249824e+00      
2.1304730e+02 5.0469111e+00      
2.1333753e+02 5.2410595e+00      
2.1354851e+02 5.2764551e+00      
2.1366203e+02 5.2010280e+00      
2.1362521e+02 5.0349122e+00      
2.0159718e+02 -1.8616871e+01      
2.0255879e+02 -2.2282375e+01      
2.0367855e+02 -2.5910499e+01      
2.0473264e+02 -2.9212716e+01      
2.0550699e+02 -3.1894233e+01      
2.0586093e+02 -3.3618130e+01      
2.0574876e+02 -3.4007983e+01      
2.0572161e+02 -3.3621859e+01      
2.0606324e+02 -3.2603931e+01      
2.0672125e+02 -3.1301931e+01      
2.0756288e+02 -2.9949895e+01      
2.0849815e+02 -2.8681538e+01      
2.0948198e+02 -2.7599312e+01      
2.1043320e+02 -2.6767567e+01      
2.1124464e+02 -2.6198116e+01      
2.1189649e+02 -2.5853907e+01      
2.1239395e+02 -2.5665619e+01      
2.1265522e+02 -2.5517180e+01      
2.1270815e+02 -2.5393209e+01      
2.1209662e+02 -2.5122072e+01      
1.9856241e+02 -4.7966353e+01      
1.9953056e+02 -5.1842149e+01      
2.0059900e+02 -5.5669341e+01      
2.0143999e+02 -5.9033627e+01      
2.0163690e+02 -6.1446066e+01      
2.0142245e+02 -6.3040265e+01      
2.0107037e+02 -6.3927404e+01      
2.0089557e+02 -6.4092255e+01      
2.0115549e+02 -6.2777126e+01      
2.0176693e+02 -6.1145867e+01      
2.0260277e+02 -5.9608922e+01      
2.0357181e+02 -5.8335890e+01      
2.0461327e+02 -5.7382658e+01      
2.0567006e+02 -5.6747910e+01      
2.0667136e+02 -5.6384616e+01      
2.0750797e+02 -5.6165052e+01      
2.0822866e+02 -5.6064514e+01      
2.0837783e+02 -5.5756375e+01      
2.0795282e+02 -5.5230743e+01      
2.0689771e+02 -5.4504751e+01      
1.9211393e+02 -7.6341392e+01      
1.9323141e+02 -8.0610366e+01      
1.9449811e+02 -8.4936554e+01      
1.9549518e+02 -8.8756207e+01      
1.9493020e+02 -9.0773094e+01      
1.9397629e+02 -9.2169099e+01      
1.9307410e+02 -9.3232798e+01      
1.9263885e+02 -9.3182901e+01      
1.9276367e+02 -9.1962490e+01      
1.9341643e+02 -8.9877715e+01      
1.9431571e+02 -8.8048775e+01      
1.9535590e+02 -8.6738677e+01      
1.9650337e+02 -8.5943203e+01      
1.9768187e+02 -8.5524808e+01      
1.9891506e+02 -8.5457734e+01      
1.9975764e+02 -8.5312566e+01      
2.0020960e+02 -8.5045311e+01      
2.0012027e+02 -8.4527304e+01      
1.9938784e+02 -8.3674638e+01      
1.9805153e+02 -8.2544554e+01      
1.8231227e+02 -1.0316180e+02      
1.8367639e+02 -1.0797697e+02      
1.8525550e+02 -1.1298531e+02      
1.8588419e+02 -1.1669562e+02      
1.8523299e+02 -1.1884800e+02      
1.8347429e+02 -1.1982135e+02      
1.8203898e+02 -1.2018479e+02      
1.8129228e+02 -1.1981404e+02      
1.8127306e+02 -1.1858485e+02      
1.8186528e+02 -1.1664220e+02      
1.8284790e+02 -1.1452262e+02      
1.8391307e+02 -1.1321944e+02      
1.8517986e+02 -1.1267807e+02      
1.8633661e+02 -1.1240637e+02      
1.8739271e+02 -1.1236582e+02      
1.8810963e+02 -1.1225742e+02      
1.8837008e+02 -1.1192131e+02      
1.8809399e+02 -1.1125906e+02      
1.8719529e+02 -1.1017465e+02      
1.8572180e+02 -1.0872643e+02      
1.6916158e+02 -1.2768842e+02      
1.7072081e+02 -1.3301834e+02      
1.7195980e+02 -1.3788177e+02      
1.7235701e+02 -1.4143214e+02      
1.7171103e+02 -1.4338681e+02      
1.7014585e+02 -1.4397462e+02      
1.6819348e+02 -1.4377911e+02      
1.6718364e+02 -1.4324718e+02      
1.6709707e+02 -1.4196748e+02      
1.6770122e+02 -1.3999215e+02      
1.6846037e+02 -1.3830228e+02      
1.6931650e+02 -1.3714270e+02      
1.7026677e+02 -1.3650557e+02      
1.7123593e+02 -1.3626611e+02      
1.7222787e+02 -1.3643358e+02      
1.7284869e+02 -1.3645076e+02      
1.7299829e+02 -1.3615305e+02      
1.7262434e+02 -1.3545789e+02      
1.7166381e+02 -1.3425619e+02      
1.7016449e+02 -1.3259630e+02      
1.5268920e+02 -1.4913707e+02      
1.5376028e+02 -1.5380745e+02      
1.5486434e+02 -1.5872882e+02      
1.5516942e+02 -1.6217163e+02      
1.5452582e+02 -1.6369857e+02      
1.5307140e+02 -1.6359565e+02      
1.5163233e+02 -1.6343990e+02      
1.5058937e+02 -1.6320965e+02      
1.5054821e+02 -1.6197108e+02      
1.5085811e+02 -1.6056605e+02      
1.5133404e+02 -1.5931072e+02      
1.5191395e+02 -1.5834234e+02      
1.5256030e+02 -1.5769607e+02      
1.5323333e+02 -1.5736429e+02      
1.5388737e+02 -1.5733070e+02      
1.5441080e+02 -1.5748841e+02      
1.5447855e+02 -1.5727472e+02      
1.5408322e+02 -1.5668840e+02      
1.5314627e+02 -1.5551457e+02      
1.5170678e+02 -1.5376931e+02      
1.3345285e+02 -1.6757089e+02      
1.3408357e+02 -1.7146700e+02      
1.3467947e+02 -1.7540983e+02      
1.3494040e+02 -1.7879705e+02      
1.3430241e+02 -1.7983987e+02      
1.3334217e+02 -1.8017257e+02      
1.3238588e+02 -1.8023401e+02      
1.3168463e+02 -1.8001203e+02      
1.3143849e+02 -1.7931912e+02      
1.3149177e+02 -1.7841081e+02      
1.3171580e+02 -1.7750289e+02      
1.3204314e+02 -1.7671075e+02      
1.3242321e+02 -1.7608973e+02      
1.3280768e+02 -1.7565321e+02      
1.3314024e+02 -1.7538338e+02      
1.3333284e+02 -1.7519687e+02      
1.3326331e+02 -1.7493686e+02      
1.3291178e+02 -1.7462213e+02      
1.3205478e+02 -1.7363044e+02      
1.3073316e+02 -1.7194054e+02      
1.1197518e+02 -1.8305984e+02      
1.1228465e+02 -1.8629056e+02      
1.1251693e+02 -1.8937951e+02      
1.1250678e+02 -1.9190417e+02      
1.1209988e+02 -1.9334519e+02      
1.1147230e+02 -1.9408277e+02      
1.1082068e+02 -1.9439521e+02      
1.1029880e+02 -1.9435612e+02      
1.0999268e+02 -1.9399822e+02      
1.0988492e+02 -1.9342609e+02      
1.0991696e+02 -1.9276609e+02      
1.1003461e+02 -1.9211091e+02      
1.1018942e+02 -1.9151422e+02      
1.1033283e+02 -1.9099536e+02      
1.1041034e+02 -1.9054220e+02      
1.1035756e+02 -1.9011074e+02      
1.1011349e+02 -1.8965196e+02      
1.0963355e+02 -1.8912843e+02      
1.0885415e+02 -1.8839192e+02      
1.0767229e+02 -1.8689689e+02      
8.8691242e+01 -1.9556188e+02      
8.8781643e+01 -1.9829043e+02      
8.8795139e+01 -2.0081443e+02      
8.8654545e+01 -2.0290254e+02      
8.8324467e+01 -2.0439128e+02      
8.7861707e+01 -2.0532670e+02      
8.7367083e+01 -2.0582639e+02      
8.6931328e+01 -2.0597211e+02      
8.6608208e+01 -2.0582752e+02      
8.6404979e+01 -2.0546767e+02      
8.6297863e+01 -2.0497361e+02      
8.6251291e+01 -2.0441317e+02      
8.6225851e+01 -2.0383161e+02      
8.6179304e+01 -2.0325000e+02      
8.6065912e+01 -2.0266673e+02      
8.5837599e+01 -2.0206166e+02      
8.5449300e+01 -2.0140522e+02      
8.4863403e+01 -2.0066008e+02      
8.4045440e+01 -1.9974135e+02      
8.2981697e+01 -1.9855880e+02      
