3.0540653e+01 2.2948209e+02      
2.9847836e+01 2.2788819e+02      
2.9502462e+01 2.2624301e+02      
2.9509103e+01 2.2457126e+02      
2.9877480e+01 2.2290667e+02      
3.0593885e+01 2.2129708e+02      
3.1556003e+01 2.1980283e+02      
3.2449649e+01 2.1845854e+02      
3.2304316e+01 2.1708072e+02      
3.2215609e+01 2.1592460e+02      
3.2603954e+01 2.1502017e+02      
3.3643739e+01 2.1437285e+02      
3.5334298e+01 2.1401765e+02      
3.7456460e+01 2.1404104e+02      
3.9383711e+01 2.1455840e+02      
3.9247633e+01 2.1554212e+02      
3.8912510e+01 2.1696821e+02      
3.9008799e+01 2.1866565e+02      
3.9771173e+01 2.2049303e+02      
4.1257107e+01 2.2235800e+02      
6.0723069e+01 2.2057423e+02      
6.0235470e+01 2.1901718e+02      
6.0081764e+01 2.1735872e+02      
6.0282674e+01 2.1561646e+02      
6.0905790e+01 2.1381923e+02      
6.2004423e+01 2.1202060e+02      
6.3410747e+01 2.1030624e+02      
6.4104216e+01 2.0865517e+02      
6.3952705e+01 2.0708016e+02      
6.3281471e+01 2.0565277e+02      
6.3282716e+01 2.0445320e+02      
6.4311397e+01 2.0344324e+02      
6.6407536e+01 2.0264254e+02      
6.9159206e+01 2.0220570e+02      
7.0644557e+01 2.0240979e+02      
7.0444314e+01 2.0326553e+02      
6.8944293e+01 2.0471400e+02      
6.8044367e+01 2.0641561e+02      
6.8109070e+01 2.0816191e+02      
6.9093150e+01 2.0987369e+02      
8.9607505e+01 2.0829696e+02      
8.9343351e+01 2.0678923e+02      
8.9367119e+01 2.0512718e+02      
8.9690831e+01 2.0331464e+02      
9.0439423e+01 2.0136666e+02      
9.1825235e+01 1.9931677e+02      
9.2963128e+01 1.9726669e+02      
9.3415429e+01 1.9531120e+02      
9.3122916e+01 1.9351660e+02      
9.2383327e+01 1.9191151e+02      
9.1880251e+01 1.9047811e+02      
9.2798596e+01 1.8912915e+02      
9.5266183e+01 1.8782122e+02      
9.7545125e+01 1.8699737e+02      
9.8669490e+01 1.8692136e+02      
9.8316714e+01 1.8766267e+02      
9.6769554e+01 1.8909472e+02      
9.4940275e+01 1.9089881e+02      
9.4458684e+01 1.9257902e+02      
9.5043672e+01 1.9414853e+02      
1.1676258e+02 1.9288439e+02      
1.1675888e+02 1.9144983e+02      
1.1695806e+02 1.8980846e+02      
1.1730202e+02 1.8793924e+02      
1.1782063e+02 1.8584281e+02      
1.1860293e+02 1.8355536e+02      
1.1955579e+02 1.8113960e+02      
1.1975522e+02 1.7885917e+02      
1.1912833e+02 1.7684296e+02      
1.1801263e+02 1.7507819e+02      
1.1757090e+02 1.7340037e+02      
1.1814806e+02 1.7182521e+02      
1.1974871e+02 1.7036253e+02      
1.2190556e+02 1.6909231e+02      
1.2283434e+02 1.6872373e+02      
1.2217441e+02 1.6942108e+02      
1.2025744e+02 1.7094872e+02      
1.1883208e+02 1.7253366e+02      
1.1830849e+02 1.7404995e+02      
1.1866941e+02 1.7546698e+02      
1.4178949e+02 1.7461231e+02      
1.4213028e+02 1.7329198e+02      
1.4257297e+02 1.7172313e+02      
1.4290966e+02 1.6983027e+02      
1.4302532e+02 1.6757573e+02      
1.4303360e+02 1.6505040e+02      
1.4304627e+02 1.6238726e+02      
1.4291369e+02 1.5973898e+02      
1.4181157e+02 1.5750652e+02      
1.4081249e+02 1.5542078e+02      
1.4032699e+02 1.5347503e+02      
1.4050257e+02 1.5170978e+02      
1.4128835e+02 1.5017590e+02      
1.4240292e+02 1.4895799e+02      
1.4321504e+02 1.4828271e+02      
1.4218456e+02 1.4902215e+02      
1.4085175e+02 1.5020550e+02      
1.3983673e+02 1.5153124e+02      
1.3940955e+02 1.5286815e+02      
1.3965152e+02 1.5413931e+02      
1.6430351e+02 1.5378344e+02      
1.6514502e+02 1.5263826e+02      
1.6604973e+02 1.5124988e+02      
1.6654358e+02 1.4943555e+02      
1.6607297e+02 1.4693243e+02      
1.6513937e+02 1.4407760e+02      
1.6412139e+02 1.4113037e+02      
1.6306644e+02 1.3825743e+02      
1.6185824e+02 1.3561452e+02      
1.6081949e+02 1.3317668e+02      
1.6017865e+02 1.3094626e+02      
1.5999654e+02 1.2897021e+02      
1.6018546e+02 1.2733114e+02      
1.6049780e+02 1.2616219e+02      
1.6050681e+02 1.2567484e+02      
1.5979217e+02 1.2606431e+02      
1.5882038e+02 1.2698187e+02      
1.5802023e+02 1.2813042e+02      
1.5762832e+02 1.2934040e+02      
1.5776058e+02 1.3050315e+02      
1.8389364e+02 1.3070748e+02      
1.8546103e+02 1.2980304e+02      
1.8719938e+02 1.2873579e+02      
1.8833323e+02 1.2725420e+02      
1.8683730e+02 1.2424192e+02      
1.8468183e+02 1.2091170e+02      
1.8256419e+02 1.1758832e+02      
1.8069885e+02 1.1439590e+02      
1.7911506e+02 1.1139984e+02      
1.7786824e+02 1.0862705e+02      
1.7701861e+02 1.0610130e+02      
1.7656582e+02 1.0386696e+02      
1.7640685e+02 1.0201476e+02      
1.7628689e+02 1.0073899e+02      
1.7586886e+02 1.0028207e+02      
1.7504838e+02 1.0064891e+02      
1.7408447e+02 1.0153874e+02      
1.7328046e+02 1.0265471e+02      
1.7282265e+02 1.0382187e+02      
1.7280961e+02 1.0493284e+02      
2.0006790e+02 1.0568501e+02      
2.0256699e+02 1.0503705e+02      
2.0538718e+02 1.0429400e+02      
2.0625439e+02 1.0254013e+02      
2.0469800e+02 9.9603499e+01      
2.0115530e+02 9.5790718e+01      
1.9784435e+02 9.2054979e+01      
1.9521402e+02 8.8521904e+01      
1.9320549e+02 8.5204581e+01      
1.9170138e+02 8.2118744e+01      
1.9065094e+02 7.9296207e+01      
1.9002679e+02 7.6760796e+01      
1.8977725e+02 7.4533753e+01      
1.8963262e+02 7.2859946e+01      
1.8894466e+02 7.2409241e+01      
1.8767392e+02 7.3139534e+01      
1.8641710e+02 7.4289566e+01      
1.8544484e+02 7.5516845e+01      
1.8483548e+02 7.6723919e+01      
1.8463614e+02 7.7841982e+01      
2.1212706e+02 7.8989946e+01      
2.1550397e+02 7.8486416e+01      
2.1814244e+02 7.7416216e+01      
2.1883670e+02 7.5458376e+01      
2.1718660e+02 7.2553537e+01      
2.1357661e+02 6.8881383e+01      
2.0918943e+02 6.4843385e+01      
2.0603883e+02 6.1039461e+01      
2.0375405e+02 5.7436134e+01      
2.0205792e+02 5.4049253e+01      
2.0084496e+02 5.0948266e+01      
2.0009436e+02 4.8151222e+01      
1.9989854e+02 4.5493631e+01      
2.0025564e+02 4.2914006e+01      
1.9935604e+02 4.2515115e+01      
1.9718503e+02 4.4223933e+01      
1.9550716e+02 4.5810866e+01      
1.9431521e+02 4.7208577e+01      
1.9351728e+02 4.8503351e+01      
1.9310665e+02 4.9676192e+01      
2.1931899e+02 5.0931029e+01      
2.2184945e+02 5.0046489e+01      
2.2468425e+02 4.8786305e+01      
2.2541065e+02 4.6705156e+01      
2.2351654e+02 4.3805250e+01      
2.1951648e+02 4.0194702e+01      
2.1579981e+02 3.6324909e+01      
2.1282050e+02 3.2417141e+01      
2.1051936e+02 2.8553983e+01      
2.0875335e+02 2.4833856e+01      
2.0742173e+02 2.1461638e+01      
2.0648784e+02 1.8589168e+01      
2.0605841e+02 1.5990774e+01      
2.0612732e+02 1.3462581e+01      
2.0506121e+02 1.3183142e+01      
2.0284473e+02 1.5062585e+01      
2.0106603e+02 1.6753348e+01      
1.9973455e+02 1.8243227e+01      
1.9875862e+02 1.9633864e+01      
1.9812961e+02 2.0898767e+01      
2.2214878e+02 2.2198059e+01      
2.2372554e+02 2.1015198e+01      
2.2534716e+02 1.9418232e+01      
2.2621271e+02 1.7236298e+01      
2.2400887e+02 1.4375840e+01      
2.2105144e+02 1.0978118e+01      
2.1813847e+02 7.2279501e+00      
2.1557150e+02 3.2466761e+00      
2.1343374e+02 -8.9955088e-01      
2.1172481e+02 -5.1140299e+00      
2.1035523e+02 -8.9511209e+00      
2.0914678e+02 -1.1599662e+01      
2.0821252e+02 -1.3489863e+01      
2.0741768e+02 -1.4759721e+01      
2.0623257e+02 -1.4841995e+01      
2.0461948e+02 -1.3815102e+01      
2.0303896e+02 -1.2423355e+01      
2.0165634e+02 -1.0928490e+01      
2.0051723e+02 -9.4246119e+00      
1.9966632e+02 -8.0224150e+00      
2.2109910e+02 -6.5929255e+00      
2.2190796e+02 -7.9584750e+00      
2.2252943e+02 -9.7407250e+00      
2.2244588e+02 -1.2012271e+01      
2.2104105e+02 -1.4808700e+01      
2.1893719e+02 -1.8082090e+01      
2.1665910e+02 -2.1762434e+01      
2.1447800e+02 -2.5808857e+01      
2.1254365e+02 -3.0236189e+01      
2.1095869e+02 -3.5139523e+01      
2.0973736e+02 -4.0196881e+01      
2.0816526e+02 -4.2211762e+01      
2.0680695e+02 -4.3162643e+01      
2.0559899e+02 -4.3565340e+01      
2.0435230e+02 -4.3371722e+01      
2.0300738e+02 -4.2646954e+01      
2.0160922e+02 -4.1512420e+01      
2.0015013e+02 -3.9938992e+01      
1.9881859e+02 -3.8229504e+01      
1.9773122e+02 -3.6616464e+01      
2.1646486e+02 -3.4932333e+01      
2.1674255e+02 -3.6393654e+01      
2.1676433e+02 -3.8252736e+01      
2.1627942e+02 -4.0543619e+01      
2.1514340e+02 -4.3281687e+01      
2.1350994e+02 -4.6456610e+01      
2.1164079e+02 -5.0053632e+01      
2.0974257e+02 -5.4088227e+01      
2.0795719e+02 -5.8646234e+01      
2.0639089e+02 -6.3945284e+01      
2.0505939e+02 -6.9726554e+01      
2.0353314e+02 -7.2470712e+01      
2.0196039e+02 -7.2539871e+01      
2.0060507e+02 -7.2348364e+01      
1.9937352e+02 -7.1761937e+01      
1.9819646e+02 -7.1132847e+01      
1.9699330e+02 -7.0291623e+01      
1.9531642e+02 -6.8401898e+01      
1.9372833e+02 -6.6322539e+01      
1.9238174e+02 -6.4396639e+01      
2.0846390e+02 -6.2359857e+01      
2.0839628e+02 -6.3857565e+01      
2.0808899e+02 -6.5726723e+01      
2.0742438e+02 -6.7983108e+01      
2.0635211e+02 -7.0634557e+01      
2.0493347e+02 -7.3681449e+01      
2.0329771e+02 -7.7129163e+01      
2.0157588e+02 -8.1011780e+01      
1.9986951e+02 -8.5429658e+01      
1.9824057e+02 -9.0618972e+01      
1.9669769e+02 -9.6355356e+01      
1.9517808e+02 -9.9225495e+01      
1.9368991e+02 -1.0007134e+02      
1.9234615e+02 -9.9955901e+01      
1.9118962e+02 -9.8837471e+01      
1.9014594e+02 -9.8451856e+01      
1.8882507e+02 -9.7535911e+01      
1.8716904e+02 -9.5719933e+01      
1.8531611e+02 -9.3169820e+01      
1.8370728e+02 -9.0840920e+01      
1.9728613e+02 -8.8450356e+01      
1.9699669e+02 -8.9942288e+01      
1.9649514e+02 -9.1775010e+01      
1.9572267e+02 -9.3953329e+01      
1.9465893e+02 -9.6478078e+01      
1.9333608e+02 -9.9347378e+01      
1.9182443e+02 -1.0256315e+02      
1.9020394e+02 -1.0614277e+02      
1.8854000e+02 -1.1013714e+02      
1.8686005e+02 -1.1467467e+02      
1.8516443e+02 -1.1947954e+02      
1.8370080e+02 -1.2131091e+02      
1.8225492e+02 -1.2234088e+02      
1.8091814e+02 -1.2283413e+02      
1.7978341e+02 -1.2313926e+02      
1.7856961e+02 -1.2306051e+02      
1.7713785e+02 -1.2225578e+02      
1.7546628e+02 -1.2053192e+02      
1.7363368e+02 -1.1805422e+02      
1.7181896e+02 -1.1534450e+02      
1.8313258e+02 -1.1281094e+02      
1.8269913e+02 -1.1426640e+02      
1.8207516e+02 -1.1602850e+02      
1.8123026e+02 -1.1809367e+02      
1.8015678e+02 -1.2045482e+02      
1.7887511e+02 -1.2310126e+02      
1.7742776e+02 -1.2601972e+02      
1.7586593e+02 -1.2919404e+02      
1.7423597e+02 -1.3259564e+02      
1.7257139e+02 -1.3613145e+02      
1.7091722e+02 -1.3933531e+02      
1.6935112e+02 -1.4134443e+02      
1.6784298e+02 -1.4257452e+02      
1.6640946e+02 -1.4336931e+02      
1.6506636e+02 -1.4395877e+02      
1.6374112e+02 -1.4441927e+02      
1.6222382e+02 -1.4388177e+02      
1.6051020e+02 -1.4220477e+02      
1.5864887e+02 -1.3965436e+02      
1.5687707e+02 -1.3729085e+02      
1.6623584e+02 -1.3508280e+02      
1.6570805e+02 -1.3647975e+02      
1.6500411e+02 -1.3814671e+02      
1.6410883e+02 -1.4007321e+02      
1.6302104e+02 -1.4224435e+02      
1.6175595e+02 -1.4463946e+02      
1.6034231e+02 -1.4722962e+02      
1.5881598e+02 -1.4997147e+02      
1.5721332e+02 -1.5279008e+02      
1.5556879e+02 -1.5553811e+02      
1.5391866e+02 -1.5794700e+02      
1.5229417e+02 -1.5976437e+02      
1.5070570e+02 -1.6100671e+02      
1.4915742e+02 -1.6181556e+02      
1.4764320e+02 -1.6231535e+02      
1.4612501e+02 -1.6254122e+02      
1.4453010e+02 -1.6227940e+02      
1.4278194e+02 -1.6060058e+02      
1.4098845e+02 -1.5858250e+02      
1.3924752e+02 -1.5660887e+02      
1.4686653e+02 -1.5494445e+02      
1.4627707e+02 -1.5626793e+02      
1.4552052e+02 -1.5782365e+02      
1.4459060e+02 -1.5959570e+02      
1.4349001e+02 -1.6156287e+02      
1.4223161e+02 -1.6369676e+02      
1.4083706e+02 -1.6595853e+02      
1.3933349e+02 -1.6829297e+02      
1.3775003e+02 -1.7061822e+02      
1.3611558e+02 -1.7281417e+02      
1.3445733e+02 -1.7473027e+02      
1.3279698e+02 -1.7624456e+02      
1.3114688e+02 -1.7732486e+02      
1.2951053e+02 -1.7800530e+02      
1.2788096e+02 -1.7832526e+02      
1.2623771e+02 -1.7827813e+02      
1.2455120e+02 -1.7773484e+02      
1.2280395e+02 -1.7650208e+02      
1.2103720e+02 -1.7491187e+02      
1.1930168e+02 -1.7323707e+02      
1.2533268e+02 -1.7211504e+02      
1.2470364e+02 -1.7335599e+02      
1.2391330e+02 -1.7479157e+02      
1.2296093e+02 -1.7640201e+02      
1.2185182e+02 -1.7816197e+02      
1.2059782e+02 -1.8003874e+02      
1.1921668e+02 -1.8198978e+02      
1.1773018e+02 -1.8395916e+02      
1.1616198e+02 -1.8587393e+02      
1.1453568e+02 -1.8764411e+02      
1.1287289e+02 -1.8917378e+02      
1.1119105e+02 -1.9038583e+02      
1.0950157e+02 -1.9124174e+02      
1.0780908e+02 -1.9173575e+02      
1.0611110e+02 -1.9187019e+02      
1.0439910e+02 -1.9163042e+02      
1.0266346e+02 -1.9097699e+02      
1.0090462e+02 -1.8990973e+02      
9.9141029e+01 -1.8854904e+02      
9.7399625e+01 -1.8705279e+02      
1.0197581e+02 -1.8635742e+02      
1.0132245e+02 -1.8751152e+02      
1.0051181e+02 -1.8882379e+02      
9.9546899e+01 -1.9027219e+02      
9.8434789e+01 -1.9182933e+02      
9.7186988e+01 -1.9346122e+02      
9.5818970e+01 -1.9512578e+02      
9.4349081e+01 -1.9677149e+02      
9.2797092e+01 -1.9833697e+02      
9.1182670e+01 -1.9975376e+02      
8.9523862e+01 -2.0095397e+02      
8.7835638e+01 -2.0188163e+02      
8.6128783e+01 -2.0250072e+02      
8.4409392e+01 -2.0279370e+02      
8.2679146e+01 -2.0275254e+02      
8.0936821e+01 -2.0237088e+02      
7.9181628e+01 -2.0164820e+02      
7.7417716e+01 -2.0061263e+02      
7.5656261e+01 -1.9933694e+02      
7.3912359e+01 -1.9791847e+02      
