3.0688528e+01 2.4313560e+02      
2.9865389e+01 2.4175180e+02      
2.9560866e+01 2.4030987e+02      
2.9764859e+01 2.3883867e+02      
3.0449322e+01 2.3736628e+02      
3.1554098e+01 2.3591927e+02      
3.2954900e+01 2.3451906e+02      
3.4418667e+01 2.3317307e+02      
3.5685912e+01 2.3187844e+02      
3.6728780e+01 2.3065024e+02      
3.7752249e+01 2.2952017e+02      
3.8937760e+01 2.2850887e+02      
4.0359558e+01 2.2762348e+02      
4.2025489e+01 2.2686594e+02      
4.3906447e+01 2.2623548e+02      
4.5954449e+01 2.2572773e+02      
4.8123614e+01 2.2533397e+02      
5.0394710e+01 2.2504164e+02      
5.2788167e+01 2.2483436e+02      
5.5354061e+01 2.2469002e+02      
5.8970634e+01 2.3452733e+02      
5.8327527e+01 2.3316161e+02      
5.8245421e+01 2.3171225e+02      
5.8728977e+01 2.3020938e+02      
5.9771817e+01 2.2868327e+02      
6.1347307e+01 2.2716608e+02      
6.3372450e+01 2.2569221e+02      
6.5486609e+01 2.2426853e+02      
6.6896720e+01 2.2283271e+02      
6.7570695e+01 2.2140356e+02      
6.8239097e+01 2.2007016e+02      
6.9208201e+01 2.1885287e+02      
7.0511516e+01 2.1774764e+02      
7.2119994e+01 2.1675413e+02      
7.3966856e+01 2.1587345e+02      
7.5955367e+01 2.1510320e+02      
7.7984962e+01 2.1443460e+02      
8.0006153e+01 2.1385572e+02      
8.2057307e+01 2.1335438e+02      
8.4230785e+01 2.1291161e+02      
8.5773082e+01 2.2232921e+02      
8.5307815e+01 2.2097255e+02      
8.5444243e+01 2.1950872e+02      
8.6204874e+01 2.1796798e+02      
8.7612325e+01 2.1638060e+02      
8.9696583e+01 2.1478127e+02      
9.2528519e+01 2.1322489e+02      
9.5922159e+01 2.1177688e+02      
9.7485629e+01 2.1020381e+02      
9.7181036e+01 2.0854003e+02      
9.7322739e+01 2.0702843e+02      
9.8044545e+01 2.0562984e+02      
9.9239470e+01 2.0432187e+02      
1.0083229e+02 2.0310611e+02      
1.0271612e+02 2.0199083e+02      
1.0472441e+02 2.0097966e+02      
1.0664086e+02 2.0005979e+02      
1.0833335e+02 1.9921389e+02      
1.0990770e+02 1.9844431e+02      
1.1155744e+02 1.9774174e+02      
1.1064480e+02 2.0675796e+02      
1.1034042e+02 2.0540046e+02      
1.1067105e+02 2.0391526e+02      
1.1167510e+02 2.0233137e+02      
1.1339839e+02 2.0067510e+02      
1.1590736e+02 1.9897187e+02      
1.1932348e+02 1.9725306e+02      
1.2335642e+02 1.9555644e+02      
1.2509323e+02 1.9386125e+02      
1.2447694e+02 1.9220622e+02      
1.2431766e+02 1.9061503e+02      
1.2486348e+02 1.8907215e+02      
1.2599743e+02 1.8757847e+02      
1.2765127e+02 1.8614972e+02      
1.2970815e+02 1.8481130e+02      
1.3193734e+02 1.8358824e+02      
1.3389770e+02 1.8245976e+02      
1.3507431e+02 1.8134568e+02      
1.3593718e+02 1.8032856e+02      
1.3688852e+02 1.7941578e+02      
1.3317180e+02 1.8808019e+02      
1.3299750e+02 1.8671150e+02      
1.3347947e+02 1.8519941e+02      
1.3466725e+02 1.8357140e+02      
1.3661798e+02 1.8184799e+02      
1.3940298e+02 1.8003927e+02      
1.4312574e+02 1.7813527e+02      
1.4744188e+02 1.7614384e+02      
1.4939113e+02 1.7434225e+02      
1.4887007e+02 1.7277027e+02      
1.4867506e+02 1.7114741e+02      
1.4913107e+02 1.6948167e+02      
1.5023807e+02 1.6780974e+02      
1.5203262e+02 1.6616394e+02      
1.5445484e+02 1.6459418e+02      
1.5722846e+02 1.6316979e+02      
1.5966231e+02 1.6191515e+02      
1.5988978e+02 1.6048025e+02      
1.5970832e+02 1.5925389e+02      
1.5975042e+02 1.5820696e+02      
1.5298666e+02 1.6660703e+02      
1.5290037e+02 1.6521611e+02      
1.5347718e+02 1.6367332e+02      
1.5477388e+02 1.6200593e+02      
1.5685245e+02 1.6023122e+02      
1.5977385e+02 1.5835170e+02      
1.6358244e+02 1.5633894e+02      
1.6791978e+02 1.5416992e+02      
1.7016770e+02 1.5228093e+02      
1.7012167e+02 1.5070981e+02      
1.7007109e+02 1.4901357e+02      
1.7039853e+02 1.4722052e+02      
1.7140301e+02 1.4536801e+02      
1.7335705e+02 1.4348314e+02      
1.7631634e+02 1.4162854e+02      
1.7983600e+02 1.3992107e+02      
1.8190174e+02 1.3829857e+02      
1.8205003e+02 1.3678647e+02      
1.8064189e+02 1.3547667e+02      
1.7960533e+02 1.3442773e+02      
1.6977641e+02 1.4268780e+02      
1.6972804e+02 1.4126186e+02      
1.7033411e+02 1.3968506e+02      
1.7165675e+02 1.3798675e+02      
1.7376604e+02 1.3618451e+02      
1.7673305e+02 1.3428371e+02      
1.8056151e+02 1.3228466e+02      
1.8466140e+02 1.3023459e+02      
1.8738034e+02 1.2828195e+02      
1.8839963e+02 1.2645226e+02      
1.8847078e+02 1.2460954e+02      
1.8827873e+02 1.2269327e+02      
1.8889354e+02 1.2066793e+02      
1.9082116e+02 1.1852206e+02      
1.9428731e+02 1.1628095e+02      
1.9747096e+02 1.1406362e+02      
1.9928082e+02 1.1206473e+02      
1.9930564e+02 1.1046174e+02      
1.9781001e+02 1.0930326e+02      
1.9576019e+02 1.0845419e+02      
1.8328866e+02 1.1670319e+02      
1.8322364e+02 1.1522567e+02      
1.8378779e+02 1.1360999e+02      
1.8504523e+02 1.1188993e+02      
1.8707520e+02 1.1008389e+02      
1.8999162e+02 1.0819637e+02      
1.9401273e+02 1.0622882e+02      
1.9910563e+02 1.0421773e+02      
2.0235733e+02 1.0220893e+02      
2.0380016e+02 1.0024937e+02      
2.0366683e+02 9.8313923e+01      
2.0215102e+02 9.6343930e+01      
2.0212442e+02 9.4186899e+01      
2.0356752e+02 9.1795570e+01      
2.0620389e+02 8.9162102e+01      
2.0945538e+02 8.6339688e+01      
2.1124461e+02 8.3849260e+01      
2.1103910e+02 8.2139680e+01      
2.0915251e+02 8.1263266e+01      
2.0750331e+02 8.0739117e+01      
1.9333594e+02 8.9058062e+01      
1.9319933e+02 8.7505471e+01      
1.9364982e+02 8.5842196e+01      
1.9474582e+02 8.4109352e+01      
1.9655866e+02 8.2324862e+01      
1.9919673e+02 8.0484449e+01      
2.0289434e+02 7.8559537e+01      
2.0770133e+02 7.6506876e+01      
2.1086399e+02 7.4507348e+01      
2.1239960e+02 7.2544979e+01      
2.1239083e+02 7.0609166e+01      
2.1092099e+02 6.8693448e+01      
2.1076587e+02 6.6453481e+01      
2.1181470e+02 6.3862618e+01      
2.1371019e+02 6.0886544e+01      
2.1605482e+02 5.7521126e+01      
2.1804010e+02 5.4168476e+01      
2.1761020e+02 5.2269740e+01      
2.1642526e+02 5.1596908e+01      
2.1516891e+02 5.1744886e+01      
1.9979795e+02 6.0174170e+01      
1.9953910e+02 5.8510699e+01      
1.9981168e+02 5.6784032e+01      
2.0066090e+02 5.5048259e+01      
2.0213041e+02 5.3318363e+01      
2.0425894e+02 5.1577634e+01      
2.0704621e+02 4.9794196e+01      
2.1015565e+02 4.7954756e+01      
2.1262688e+02 4.6104074e+01      
2.1412166e+02 4.4240646e+01      
2.1466372e+02 4.2335249e+01      
2.1461830e+02 4.0314003e+01      
2.1493050e+02 3.8009346e+01      
2.1586749e+02 3.5305737e+01      
2.1730440e+02 3.2079451e+01      
2.1901962e+02 2.8120430e+01      
2.2058206e+02 2.3527680e+01      
2.2080376e+02 2.1027219e+01      
2.2013909e+02 2.0699079e+01      
2.1898602e+02 2.2234807e+01      
2.0262107e+02 3.0483392e+01      
2.0219739e+02 2.8650130e+01      
2.0224265e+02 2.6830979e+01      
2.0278798e+02 2.5106472e+01      
2.0384978e+02 2.3478205e+01      
2.0541089e+02 2.1899115e+01      
2.0737313e+02 2.0319899e+01      
2.0947576e+02 1.8712597e+01      
2.1134400e+02 1.7067930e+01      
2.1274449e+02 1.5368517e+01      
2.1366907e+02 1.3573158e+01      
2.1432589e+02 1.1606284e+01      
2.1504156e+02 9.3578748e+00      
2.1599845e+02 6.7004651e+00      
2.1718549e+02 3.4633585e+00      
2.1848896e+02 -6.5338860e-01      
2.1967073e+02 -5.5898444e+00      
2.2006045e+02 -8.2804359e+00      
2.1973275e+02 -8.4545269e+00      
2.1891848e+02 -6.4588920e+00      
2.0181532e+02 4.2479144e-01      
2.0119335e+02 -1.6847092e+00      
2.0097893e+02 -3.6561443e+00      
2.0119249e+02 -5.3359539e+00      
2.0184005e+02 -6.7812759e+00      
2.0289032e+02 -8.1211348e+00      
2.0425110e+02 -9.4426829e+00      
2.0576088e+02 -1.0790487e+01      
2.0722901e+02 -1.2187224e+01      
2.0851951e+02 -1.3656508e+01      
2.0960255e+02 -1.5239956e+01      
2.1055084e+02 -1.7004480e+01      
2.1148217e+02 -1.9039438e+01      
2.1247260e+02 -2.1451499e+01      
2.1351650e+02 -2.4376857e+01      
2.1453928e+02 -2.8040040e+01      
2.1538540e+02 -3.2414052e+01      
2.1574765e+02 -3.4856169e+01      
2.1562751e+02 -3.5164171e+01      
2.1516389e+02 -3.3572703e+01      
1.9744915e+02 -2.9543242e+01      
1.9660223e+02 -3.2135164e+01      
1.9611382e+02 -3.4431962e+01      
1.9598001e+02 -3.5932322e+01      
1.9623095e+02 -3.7029413e+01      
1.9684291e+02 -3.8024085e+01      
1.9774797e+02 -3.9026214e+01      
1.9884883e+02 -4.0074723e+01      
2.0003768e+02 -4.1180829e+01      
2.0122691e+02 -4.2356512e+01      
2.0236938e+02 -4.3635712e+01      
2.0345853e+02 -4.5079306e+01      
2.0450879e+02 -4.6763930e+01      
2.0552651e+02 -4.8764085e+01      
2.0648907e+02 -5.1135642e+01      
2.0733837e+02 -5.3874226e+01      
2.0797721e+02 -5.6639256e+01      
2.0829622e+02 -5.8512138e+01      
2.0828199e+02 -5.9182181e+01      
2.0801169e+02 -5.8978606e+01      
1.8964419e+02 -5.8897888e+01      
1.8853197e+02 -6.2270764e+01      
1.8777485e+02 -6.5304712e+01      
1.8726997e+02 -6.6259127e+01      
1.8715788e+02 -6.6772062e+01      
1.8738888e+02 -6.7308533e+01      
1.8792452e+02 -6.7942739e+01      
1.8871248e+02 -6.8668903e+01      
1.8969419e+02 -6.9458871e+01      
1.9081046e+02 -7.0289331e+01      
1.9199730e+02 -7.1181226e+01      
1.9319023e+02 -7.2201285e+01      
1.9433289e+02 -7.3432338e+01      
1.9538361e+02 -7.4929456e+01      
1.9630764e+02 -7.6689669e+01      
1.9706387e+02 -7.8616928e+01      
1.9760213e+02 -8.0461133e+01      
1.9788103e+02 -8.1884683e+01      
1.9789726e+02 -8.2736589e+01      
1.9769115e+02 -8.3174036e+01      
1.7858441e+02 -8.6955368e+01      
1.7712504e+02 -9.1260729e+01      
1.7599453e+02 -9.4225329e+01      
1.7521365e+02 -9.5469290e+01      
1.7480112e+02 -9.5340135e+01      
1.7466281e+02 -9.5439347e+01      
1.7488313e+02 -9.5685496e+01      
1.7540223e+02 -9.6116641e+01      
1.7621974e+02 -9.6608095e+01      
1.7731011e+02 -9.7059288e+01      
1.7858827e+02 -9.7478132e+01      
1.7992423e+02 -9.7967143e+01      
1.8118098e+02 -9.8666089e+01      
1.8228011e+02 -9.9635131e+01      
1.8319132e+02 -1.0083872e+02      
1.8389532e+02 -1.0217223e+02      
1.8437275e+02 -1.0347641e+02      
1.8461069e+02 -1.0459008e+02      
1.8461343e+02 -1.0544228e+02      
1.8440527e+02 -1.0609784e+02      
1.6458579e+02 -1.1268891e+02      
1.6278525e+02 -1.1686008e+02      
1.6133357e+02 -1.1979993e+02      
1.6029345e+02 -1.2124355e+02      
1.5956481e+02 -1.2155841e+02      
1.5894103e+02 -1.2164888e+02      
1.5882108e+02 -1.2165017e+02      
1.5901105e+02 -1.2200739e+02      
1.5967988e+02 -1.2229055e+02      
1.6081423e+02 -1.2234548e+02      
1.6229608e+02 -1.2217842e+02      
1.6391069e+02 -1.2195603e+02      
1.6533282e+02 -1.2205648e+02      
1.6648633e+02 -1.2252274e+02      
1.6738815e+02 -1.2325528e+02      
1.6804954e+02 -1.2414099e+02      
1.6847368e+02 -1.2506438e+02      
1.6866314e+02 -1.2593005e+02      
1.6862658e+02 -1.2669549e+02      
1.6838117e+02 -1.2738627e+02      
1.4834244e+02 -1.3402300e+02      
1.4621164e+02 -1.3831673e+02      
1.4447930e+02 -1.4132585e+02      
1.4328952e+02 -1.4273780e+02      
1.4245449e+02 -1.4295666e+02      
1.4136274e+02 -1.4369220e+02      
1.4015923e+02 -1.4501758e+02      
1.3983600e+02 -1.4576769e+02      
1.4038403e+02 -1.4594638e+02      
1.4166505e+02 -1.4559133e+02      
1.4349693e+02 -1.4474317e+02      
1.4558283e+02 -1.4358141e+02      
1.4714594e+02 -1.4314637e+02      
1.4831227e+02 -1.4320863e+02      
1.4917985e+02 -1.4357157e+02      
1.4978638e+02 -1.4411454e+02      
1.5014924e+02 -1.4474427e+02      
1.5027897e+02 -1.4539367e+02      
1.5018604e+02 -1.4603114e+02      
1.4988349e+02 -1.4666431e+02      
1.2998391e+02 -1.5232286e+02      
1.2796479e+02 -1.5571479e+02      
1.2599116e+02 -1.5879586e+02      
1.2478226e+02 -1.6002277e+02      
1.2352175e+02 -1.6101059e+02      
1.2192870e+02 -1.6241503e+02      
1.2005668e+02 -1.6435638e+02      
1.1937884e+02 -1.6535922e+02      
1.1992781e+02 -1.6540562e+02      
1.2147304e+02 -1.6462754e+02      
1.2368208e+02 -1.6318752e+02      
1.2555635e+02 -1.6210229e+02      
1.2700332e+02 -1.6151778e+02      
1.2808646e+02 -1.6134171e+02      
1.2887304e+02 -1.6144463e+02      
1.2939977e+02 -1.6172972e+02      
1.2968618e+02 -1.6212479e+02      
1.2974415e+02 -1.6258002e+02      
1.2958318e+02 -1.6307020e+02      
1.2921274e+02 -1.6359481e+02      
1.0968345e+02 -1.6787529e+02      
1.0784481e+02 -1.7049927e+02      
1.0608250e+02 -1.7286199e+02      
1.0455005e+02 -1.7455587e+02      
1.0298301e+02 -1.7603979e+02      
1.0110775e+02 -1.7775847e+02      
9.8949034e+01 -1.7978805e+02      
9.8194105e+01 -1.8075121e+02      
9.8914798e+01 -1.8057551e+02      
1.0074864e+02 -1.7946055e+02      
1.0251416e+02 -1.7835476e+02      
1.0401239e+02 -1.7749375e+02      
1.0521142e+02 -1.7693627e+02      
1.0612833e+02 -1.7665439e+02      
1.0678752e+02 -1.7659018e+02      
1.0720816e+02 -1.7668473e+02      
1.0740257e+02 -1.7688911e+02      
1.0737877e+02 -1.7716827e+02      
1.0714288e+02 -1.7750304e+02      
1.0670048e+02 -1.7789008e+02      
8.7689994e+01 -1.8065482e+02      
8.5995863e+01 -1.8276434e+02      
8.4341352e+01 -1.8473346e+02      
8.2742959e+01 -1.8645824e+02      
8.1112153e+01 -1.8804910e+02      
7.9284321e+01 -1.8971171e+02      
7.7262598e+01 -1.9147168e+02      
7.6636255e+01 -1.9223032e+02      
7.7573178e+01 -1.9185064e+02      
7.8809650e+01 -1.9115089e+02      
8.0034407e+01 -1.9041166e+02      
8.1128251e+01 -1.8976862e+02      
8.2040365e+01 -1.8928097e+02      
8.2749940e+01 -1.8896060e+02      
8.3252298e+01 -1.8879042e+02      
8.3548418e+01 -1.8874224e+02      
8.3640164e+01 -1.8878803e+02      
8.3529080e+01 -1.8890585e+02      
8.3216483e+01 -1.8908280e+02      
8.2703701e+01 -1.8931560e+02      
