1.7085588e+01 2.4326526e+02      
1.5873832e+01 2.4053763e+02      
1.5317945e+01 2.3776106e+02      
1.5416908e+01 2.3499729e+02      
1.6158464e+01 2.3230999e+02      
1.7517399e+01 2.2976300e+02      
1.9452298e+01 2.2741774e+02      
2.1895833e+01 2.2533064e+02      
2.4714953e+01 2.2354799e+02      
2.7459309e+01 2.2205671e+02      
2.9416787e+01 2.2076322e+02      
3.1164072e+01 2.1975443e+02      
3.3096801e+01 2.1903333e+02      
3.5347764e+01 2.1855045e+02      
3.7957852e+01 2.1827332e+02      
4.0820847e+01 2.1821916e+02      
4.3694481e+01 2.1845513e+02      
4.6386773e+01 2.1903486e+02      
4.8842201e+01 2.1995385e+02      
5.1142689e+01 2.2113771e+02      
4.4988062e+01 2.3378164e+02      
4.3955646e+01 2.3094609e+02      
4.3614823e+01 2.2802961e+02      
4.3971854e+01 2.2509892e+02      
4.5022721e+01 2.2222522e+02      
4.6753705e+01 2.1948246e+02      
4.9144619e+01 2.1694368e+02      
5.2174350e+01 2.1467941e+02      
5.5851546e+01 2.1277133e+02      
5.9783853e+01 2.1126983e+02      
6.1024877e+01 2.0974007e+02      
6.2234058e+01 2.0860751e+02      
6.3806419e+01 2.0778429e+02      
6.5864152e+01 2.0714873e+02      
6.8543489e+01 2.0661477e+02      
7.1738781e+01 2.0619033e+02      
7.4775113e+01 2.0608491e+02      
7.7315572e+01 2.0643139e+02      
7.9283665e+01 2.0725169e+02      
8.0768321e+01 2.0845473e+02      
7.1504365e+01 2.2074938e+02      
7.0652002e+01 2.1778884e+02      
7.0525148e+01 2.1471198e+02      
7.1138658e+01 2.1158939e+02      
7.2496533e+01 2.0850019e+02      
7.4593126e+01 2.0553160e+02      
7.7425351e+01 2.0277042e+02      
8.1007156e+01 2.0029202e+02      
8.5373339e+01 1.9816490e+02      
8.9977246e+01 1.9641958e+02      
9.1298884e+01 1.9493639e+02      
9.1993911e+01 1.9386775e+02      
9.3022997e+01 1.9307129e+02      
9.4706050e+01 1.9238169e+02      
9.7338093e+01 1.9164724e+02      
1.0124300e+02 1.9072898e+02      
1.0461501e+02 1.9017993e+02      
1.0703771e+02 1.9026826e+02      
1.0839729e+02 1.9107428e+02      
1.0880034e+02 1.9246456e+02      
9.6190096e+01 2.0441160e+02      
9.5507599e+01 2.0130928e+02      
9.5581438e+01 1.9805061e+02      
9.6437632e+01 1.9470664e+02      
9.8088805e+01 1.9136231e+02      
1.0052468e+02 1.8812549e+02      
1.0373745e+02 1.8511142e+02      
1.0779028e+02 1.8239231e+02      
1.1267572e+02 1.8000994e+02      
1.1765304e+02 1.7803732e+02      
1.1986681e+02 1.7663925e+02      
1.1985420e+02 1.7580988e+02      
1.2012010e+02 1.7520704e+02      
1.2116661e+02 1.7460607e+02      
1.2313846e+02 1.7389672e+02      
1.2609186e+02 1.7300852e+02      
1.2969913e+02 1.7199321e+02      
1.3201418e+02 1.7180929e+02      
1.3267260e+02 1.7272202e+02      
1.3201126e+02 1.7441998e+02      
1.1863455e+02 1.8506568e+02      
1.1809950e+02 1.8180764e+02      
1.1834598e+02 1.7834875e+02      
1.1941639e+02 1.7475359e+02      
1.2134638e+02 1.7109873e+02      
1.2411031e+02 1.6751660e+02      
1.2758518e+02 1.6422409e+02      
1.3189682e+02 1.6130053e+02      
1.3724978e+02 1.5871944e+02      
1.4150430e+02 1.5687321e+02      
1.4406922e+02 1.5562770e+02      
1.4488157e+02 1.5490117e+02      
1.4444103e+02 1.5461623e+02      
1.4481646e+02 1.5417617e+02      
1.4590377e+02 1.5360178e+02      
1.4769554e+02 1.5290543e+02      
1.5007757e+02 1.5210816e+02      
1.5231126e+02 1.5157076e+02      
1.5219996e+02 1.5276059e+02      
1.5189508e+02 1.5413470e+02      
1.3846951e+02 1.6305768e+02      
1.3804668e+02 1.5963580e+02      
1.3841930e+02 1.5596769e+02      
1.3964723e+02 1.5210587e+02      
1.4181171e+02 1.4809412e+02      
1.4494738e+02 1.4403169e+02      
1.4851052e+02 1.4044966e+02      
1.5252592e+02 1.3745944e+02      
1.5677637e+02 1.3517267e+02      
1.6042102e+02 1.3376995e+02      
1.6337089e+02 1.3280663e+02      
1.6502103e+02 1.3217749e+02      
1.6548921e+02 1.3179504e+02      
1.6555484e+02 1.3142855e+02      
1.6563762e+02 1.3099865e+02      
1.6625997e+02 1.3053629e+02      
1.6751950e+02 1.3000264e+02      
1.6904057e+02 1.2951913e+02      
1.6880606e+02 1.3064694e+02      
1.6873563e+02 1.3173097e+02      
1.5537800e+02 1.3877480e+02      
1.5502128e+02 1.3518823e+02      
1.5545621e+02 1.3131567e+02      
1.5674876e+02 1.2720132e+02      
1.5898397e+02 1.2287188e+02      
1.6215662e+02 1.1844205e+02      
1.6562989e+02 1.1461710e+02      
1.6931905e+02 1.1156922e+02      
1.7306982e+02 1.0944108e+02      
1.7670898e+02 1.0833127e+02      
1.8056024e+02 1.0766483e+02      
1.8288470e+02 1.0717276e+02      
1.8373370e+02 1.0685855e+02      
1.8337836e+02 1.0662135e+02      
1.8206682e+02 1.0633792e+02      
1.8155634e+02 1.0615792e+02      
1.8175799e+02 1.0604118e+02      
1.8218817e+02 1.0613623e+02      
1.8228946e+02 1.0675929e+02      
1.8244865e+02 1.0749264e+02      
1.6910184e+02 1.1263645e+02      
1.6875923e+02 1.0888993e+02      
1.6918556e+02 1.0482829e+02      
1.7044129e+02 1.0049687e+02      
1.7259240e+02 9.5920771e+01      
1.7560644e+02 9.1220701e+01      
1.7890065e+02 8.7187378e+01      
1.8237053e+02 8.4019491e+01      
1.8594353e+02 8.1873731e+01      
1.8966329e+02 8.0822509e+01      
1.9384602e+02 8.0179089e+01      
1.9642204e+02 7.9813489e+01      
1.9729242e+02 7.9702606e+01      
1.9658128e+02 7.9756858e+01      
1.9453714e+02 7.9878378e+01      
1.9327879e+02 8.0064230e+01      
1.9278031e+02 8.0311016e+01      
1.9266901e+02 8.0676442e+01      
1.9271382e+02 8.1190314e+01      
1.9293220e+02 8.1730294e+01      
1.7944628e+02 8.5085792e+01      
1.7906552e+02 8.1185303e+01      
1.7941670e+02 7.6951440e+01      
1.8055079e+02 7.2442275e+01      
1.8251019e+02 6.7703832e+01      
1.8525682e+02 6.2851669e+01      
1.8834109e+02 5.8631324e+01      
1.9164148e+02 5.5259908e+01      
1.9507633e+02 5.2934326e+01      
1.9870991e+02 5.1739271e+01      
2.0275426e+02 5.1014621e+01      
2.0517933e+02 5.0819228e+01      
2.0590053e+02 5.1020167e+01      
2.0501612e+02 5.1474913e+01      
2.0274924e+02 5.2094023e+01      
2.0120309e+02 5.2659424e+01      
2.0038645e+02 5.3196608e+01      
2.0001387e+02 5.3750835e+01      
1.9992699e+02 5.4314866e+01      
2.0008564e+02 5.4817638e+01      
1.8628169e+02 5.6583029e+01      
1.8581328e+02 5.2531078e+01      
1.8603206e+02 4.8132649e+01      
1.8698400e+02 4.3465206e+01      
1.8869127e+02 3.8625484e+01      
1.9109676e+02 3.3800731e+01      
1.9400500e+02 2.9359658e+01      
1.9720240e+02 2.5649249e+01      
2.0047392e+02 2.2997122e+01      
2.0379224e+02 2.1480859e+01      
2.0717362e+02 2.0814913e+01      
2.0903745e+02 2.1005987e+01      
2.0947707e+02 2.1668095e+01      
2.0863073e+02 2.2551213e+01      
2.0664602e+02 2.3584419e+01      
2.0524358e+02 2.4447300e+01      
2.0440586e+02 2.5216237e+01      
2.0393718e+02 2.5953751e+01      
2.0374778e+02 2.6638530e+01      
2.0381249e+02 2.7201417e+01      
1.8954337e+02 2.7601082e+01      
1.8894010e+02 2.3394364e+01      
1.8897506e+02 1.8824345e+01      
1.8970128e+02 1.3982158e+01      
1.9115761e+02 8.9782209e+00      
1.9334905e+02 3.9483033e+00      
1.9622552e+02 -9.4177561e-01      
1.9953494e+02 -5.3166544e+00      
2.0265946e+02 -8.3850615e+00      
2.0533238e+02 -9.9056957e+00      
2.0729598e+02 -9.9669581e+00      
2.0812495e+02 -8.8877702e+00      
2.0812982e+02 -7.5343277e+00      
2.0748976e+02 -6.2494124e+00      
2.0642724e+02 -5.0783531e+00      
2.0550067e+02 -4.0692841e+00      
2.0484895e+02 -3.1482125e+00      
2.0437103e+02 -2.2075365e+00      
2.0410171e+02 -1.3383166e+00      
2.0406586e+02 -6.4151323e-01      
1.8923169e+02 -1.3773913e+00      
1.8844613e+02 -5.7467547e+00      
1.8824221e+02 -1.0506721e+01      
1.8868894e+02 -1.5556087e+01      
1.8986284e+02 -2.0780188e+01      
1.9184982e+02 -2.6096228e+01      
1.9477770e+02 -3.1572954e+01      
1.9862684e+02 -3.7171516e+01      
2.0168259e+02 -4.0682911e+01      
2.0379840e+02 -4.2040587e+01      
2.0474275e+02 -4.1296178e+01      
2.0423534e+02 -3.8614665e+01      
2.0374995e+02 -3.6415347e+01      
2.0323208e+02 -3.4758795e+01      
2.0266881e+02 -3.3463647e+01      
2.0219714e+02 -3.2416081e+01      
2.0185178e+02 -3.1458266e+01      
2.0135145e+02 -3.0247873e+01      
2.0099831e+02 -2.9119816e+01      
2.0085891e+02 -2.8222407e+01      
1.8541369e+02 -2.9862683e+01      
1.8439736e+02 -3.4403555e+01      
1.8388891e+02 -3.9380108e+01      
1.8397257e+02 -4.4677480e+01      
1.8476253e+02 -5.0141250e+01      
1.8640855e+02 -5.5626089e+01      
1.8909332e+02 -6.1240136e+01      
1.9272300e+02 -6.7083632e+01      
1.9552203e+02 -7.0546244e+01      
1.9725820e+02 -7.1604567e+01      
1.9774676e+02 -7.0320449e+01      
1.9688521e+02 -6.6875817e+01      
1.9624508e+02 -6.4214747e+01      
1.9584248e+02 -6.2370912e+01      
1.9558909e+02 -6.1057658e+01      
1.9547315e+02 -6.0061110e+01      
1.9526502e+02 -5.8945816e+01      
1.9491884e+02 -5.7629052e+01      
1.9449519e+02 -5.6194290e+01      
1.9425775e+02 -5.5042570e+01      
1.7822587e+02 -5.7360735e+01      
1.7693349e+02 -6.2076021e+01      
1.7604609e+02 -6.7304096e+01      
1.7565250e+02 -7.2924466e+01      
1.7589637e+02 -7.8719059e+01      
1.7699324e+02 -8.4275297e+01      
1.7917212e+02 -8.9199453e+01      
1.8217706e+02 -9.4067186e+01      
1.8457194e+02 -9.6764516e+01      
1.8607169e+02 -9.7393453e+01      
1.8652307e+02 -9.6024369e+01      
1.8591538e+02 -9.2760060e+01      
1.8544874e+02 -9.0240661e+01      
1.8522010e+02 -8.8469229e+01      
1.8521729e+02 -8.7267822e+01      
1.8523751e+02 -8.6169017e+01      
1.8516841e+02 -8.4938633e+01      
1.8496838e+02 -8.3516317e+01      
1.8466610e+02 -8.1987017e+01      
1.8436768e+02 -8.0577125e+01      
1.6787571e+02 -8.3376797e+01      
1.6627719e+02 -8.8247001e+01      
1.6494016e+02 -9.3757284e+01      
1.6393304e+02 -9.9825631e+01      
1.6342789e+02 -1.0617631e+02      
1.6374887e+02 -1.1207641e+02      
1.6542184e+02 -1.1528949e+02      
1.6768798e+02 -1.1763790e+02      
1.6971831e+02 -1.1891420e+02      
1.7109397e+02 -1.1900529e+02      
1.7169939e+02 -1.1794347e+02      
1.7168230e+02 -1.1603963e+02      
1.7151140e+02 -1.1415980e+02      
1.7143437e+02 -1.1258633e+02      
1.7151819e+02 -1.1130159e+02      
1.7171082e+02 -1.1021567e+02      
1.7180423e+02 -1.0892058e+02      
1.7173912e+02 -1.0736551e+02      
1.7152718e+02 -1.0567590e+02      
1.7134630e+02 -1.0430637e+02      
1.5463780e+02 -1.0742571e+02      
1.5274114e+02 -1.1237499e+02      
1.5091583e+02 -1.1814856e+02      
1.4916665e+02 -1.2476656e+02      
1.4774744e+02 -1.3177629e+02      
1.4750878e+02 -1.3692037e+02      
1.4857839e+02 -1.3957411e+02      
1.5067586e+02 -1.3989771e+02      
1.5262558e+02 -1.3973445e+02      
1.5396301e+02 -1.3926371e+02      
1.5463505e+02 -1.3841321e+02      
1.5480425e+02 -1.3724348e+02      
1.5475351e+02 -1.3595121e+02      
1.5475578e+02 -1.3462234e+02      
1.5493751e+02 -1.3326769e+02      
1.5525274e+02 -1.3191629e+02      
1.5554063e+02 -1.3055737e+02      
1.5561971e+02 -1.2884615e+02      
1.5558874e+02 -1.2725869e+02      
1.5551773e+02 -1.2595297e+02      
1.3883609e+02 -1.2906258e+02      
1.3671996e+02 -1.3391149e+02      
1.3449970e+02 -1.3971447e+02      
1.3199464e+02 -1.4674924e+02      
1.3009815e+02 -1.5310437e+02      
1.2938795e+02 -1.5763035e+02      
1.3003481e+02 -1.5983662e+02      
1.3176136e+02 -1.5986440e+02      
1.3383308e+02 -1.5857410e+02      
1.3508861e+02 -1.5774474e+02      
1.3565635e+02 -1.5705344e+02      
1.3569943e+02 -1.5636328e+02      
1.3546818e+02 -1.5562390e+02      
1.3542489e+02 -1.5456570e+02      
1.3574914e+02 -1.5312027e+02      
1.3634124e+02 -1.5140207e+02      
1.3683948e+02 -1.4970368e+02      
1.3711490e+02 -1.4803975e+02      
1.3722402e+02 -1.4652958e+02      
1.3722960e+02 -1.4526399e+02      
1.2080648e+02 -1.4794207e+02      
1.1860843e+02 -1.5244493e+02      
1.1633053e+02 -1.5766156e+02      
1.1389990e+02 -1.6356516e+02      
1.1145067e+02 -1.6963315e+02      
1.1029166e+02 -1.7377835e+02      
1.1074253e+02 -1.7549146e+02      
1.1242832e+02 -1.7502537e+02      
1.1385513e+02 -1.7428547e+02      
1.1474155e+02 -1.7368515e+02      
1.1506634e+02 -1.7323396e+02      
1.1481028e+02 -1.7297143e+02      
1.1401896e+02 -1.7296307e+02      
1.1382095e+02 -1.7218586e+02      
1.1431433e+02 -1.7063398e+02      
1.1545283e+02 -1.6835626e+02      
1.1620134e+02 -1.6640214e+02      
1.1660511e+02 -1.6471582e+02      
1.1679187e+02 -1.6323788e+02      
1.1683363e+02 -1.6198706e+02      
1.0086544e+02 -1.6385618e+02      
9.8695799e+01 -1.6786104e+02      
9.6522288e+01 -1.7230632e+02      
9.4348539e+01 -1.7705468e+02      
9.2270212e+01 -1.8175450e+02      
9.0681663e+01 -1.8564459e+02      
9.1100923e+01 -1.8687566e+02      
9.1935028e+01 -1.8711793e+02      
9.2679036e+01 -1.8699121e+02      
9.3135543e+01 -1.8675714e+02      
9.3212971e+01 -1.8653197e+02      
9.2809158e+01 -1.8643941e+02      
9.1901383e+01 -1.8653775e+02      
9.1652475e+01 -1.8585845e+02      
9.2130244e+01 -1.8437802e+02      
9.3296426e+01 -1.8216991e+02      
9.4051587e+01 -1.8024571e+02      
9.4462425e+01 -1.7859169e+02      
9.4655238e+01 -1.7714225e+02      
9.4692014e+01 -1.7589623e+02      
7.9318758e+01 -1.7669574e+02      
7.7230940e+01 -1.8017235e+02      
7.5199394e+01 -1.8389791e+02      
7.3273960e+01 -1.8769884e+02      
7.1568143e+01 -1.9128195e+02      
7.0364227e+01 -1.9415404e+02      
7.0037146e+01 -1.9576691e+02      
7.0146093e+01 -1.9653386e+02      
7.0338647e+01 -1.9683250e+02      
7.0436988e+01 -1.9687168e+02      
7.0342535e+01 -1.9677639e+02      
7.0015127e+01 -1.9661494e+02      
6.9575012e+01 -1.9631678e+02      
6.9417972e+01 -1.9557714e+02      
6.9680451e+01 -1.9431320e+02      
7.0243450e+01 -1.9266580e+02      
7.0733002e+01 -1.9099912e+02      
7.1037037e+01 -1.8945214e+02      
7.1175278e+01 -1.8804871e+02      
7.1173538e+01 -1.8680697e+02      
