2.4012237e+01 2.4900247e+02      
2.3352478e+01 2.4783618e+02      
2.3682032e+01 2.4690482e+02      
2.2196583e+01 2.4478114e+02      
1.8718048e+01 2.4144631e+02      
1.3561705e+01 2.3702080e+02      
9.4711731e+00 2.3304981e+02      
6.5079737e+00 2.2954776e+02      
4.4751904e+00 2.2643469e+02      
3.2789674e+00 2.2370199e+02      
2.8663697e+00 2.2136884e+02      
3.1986201e+00 2.1946913e+02      
4.2351111e+00 2.1804596e+02      
5.9219563e+00 2.1714825e+02      
8.1827201e+00 2.1682769e+02      
1.0915616e+01 2.1713249e+02      
1.4003434e+01 2.1809373e+02      
1.7305574e+01 2.1971429e+02      
2.0534646e+01 2.2197169e+02      
2.3365200e+01 2.2477770e+02      
5.2240451e+01 2.3889519e+02      
5.2011035e+01 2.3761185e+02      
5.2949537e+01 2.3648975e+02      
5.1730483e+01 2.3414154e+02      
4.8096534e+01 2.3049083e+02      
4.2460044e+01 2.2572590e+02      
3.8063774e+01 2.2135514e+02      
3.4966481e+01 2.1745496e+02      
3.2879221e+01 2.1393885e+02      
3.1674525e+01 2.1079039e+02      
3.1292230e+01 2.0802617e+02      
3.1695699e+01 2.0568233e+02      
3.2848649e+01 2.0380925e+02      
3.4699975e+01 2.0246827e+02      
3.7165568e+01 2.0173164e+02      
4.0107100e+01 2.0168423e+02      
4.3382811e+01 2.0239251e+02      
4.6872733e+01 2.0387664e+02      
5.0136884e+01 2.0618278e+02      
5.1542965e+01 2.0936005e+02      
7.8501545e+01 2.2491271e+02      
7.8072499e+01 2.2321132e+02      
7.8658509e+01 2.2145957e+02      
7.7354363e+01 2.1870524e+02      
7.3987830e+01 2.1489500e+02      
6.8864404e+01 2.1020796e+02      
6.4815066e+01 2.0571910e+02      
6.1889348e+01 2.0155528e+02      
5.9893738e+01 1.9770263e+02      
5.8753057e+01 1.9416972e+02      
5.8440042e+01 1.9098138e+02      
5.8942333e+01 1.8817951e+02      
6.0241804e+01 1.8582481e+02      
6.2307191e+01 1.8399073e+02      
6.5079441e+01 1.8276231e+02      
6.8361187e+01 1.8227937e+02      
7.1779777e+01 1.8274304e+02      
7.5376128e+01 1.8412005e+02      
7.7444201e+01 1.8678827e+02      
7.7785055e+01 1.9054202e+02      
1.0253702e+02 2.0742473e+02      
1.0144614e+02 2.0517279e+02      
1.0058081e+02 2.0257666e+02      
9.8932947e+01 1.9934669e+02      
9.6177620e+01 1.9542481e+02      
9.2686536e+01 1.9100769e+02      
8.9468436e+01 1.8651663e+02      
8.6923431e+01 1.8216554e+02      
8.5117053e+01 1.7802783e+02      
8.4080506e+01 1.7414174e+02      
8.3850347e+01 1.7053853e+02      
8.4460797e+01 1.6726110e+02      
8.5916651e+01 1.6438730e+02      
8.8213174e+01 1.6200873e+02      
9.1357014e+01 1.6020416e+02      
9.5153469e+01 1.5917150e+02      
9.8263969e+01 1.5954954e+02      
1.0066859e+02 1.6127904e+02      
1.0173517e+02 1.6444362e+02      
1.0138599e+02 1.6884358e+02      
1.2432148e+02 1.8689641e+02      
1.2275618e+02 1.8416441e+02      
1.2125754e+02 1.8100696e+02      
1.1944701e+02 1.7736041e+02      
1.1715295e+02 1.7324155e+02      
1.1454610e+02 1.6878948e+02      
1.1200852e+02 1.6421319e+02      
1.0984620e+02 1.5968153e+02      
1.0823007e+02 1.5528961e+02      
1.0727616e+02 1.5108312e+02      
1.0709275e+02 1.4708372e+02      
1.0779484e+02 1.4330618e+02      
1.0941627e+02 1.3984224e+02      
1.1182291e+02 1.3694117e+02      
1.1514635e+02 1.3458955e+02      
1.1818695e+02 1.3361896e+02      
1.2060180e+02 1.3415356e+02      
1.2219067e+02 1.3621131e+02      
1.2262720e+02 1.3984844e+02      
1.2192705e+02 1.4484923e+02      
1.4376757e+02 1.6378853e+02      
1.4202865e+02 1.6066381e+02      
1.4037989e+02 1.5708466e+02      
1.3861910e+02 1.5306651e+02      
1.3663931e+02 1.4867107e+02      
1.3449975e+02 1.4401795e+02      
1.3238111e+02 1.3925862e+02      
1.3048202e+02 1.3452832e+02      
1.2897282e+02 1.2991031e+02      
1.2801111e+02 1.2543097e+02      
1.2776006e+02 1.2108600e+02      
1.2842285e+02 1.1685503e+02      
1.3021628e+02 1.1271623e+02      
1.3230593e+02 1.0956556e+02      
1.3474436e+02 1.0739065e+02      
1.3698209e+02 1.0663989e+02      
1.3873714e+02 1.0739732e+02      
1.3980663e+02 1.0970836e+02      
1.3992744e+02 1.1369523e+02      
1.3914779e+02 1.1915905e+02      
1.6065871e+02 1.3854740e+02      
1.5896184e+02 1.3508080e+02      
1.5741467e+02 1.3112796e+02      
1.5585192e+02 1.2674243e+02      
1.5414970e+02 1.2201579e+02      
1.5230874e+02 1.1707473e+02      
1.5043741e+02 1.1206630e+02      
1.4866663e+02 1.0712817e+02      
1.4713387e+02 1.0233555e+02      
1.4601851e+02 9.7665917e+01      
1.4552692e+02 9.3042251e+01      
1.4580451e+02 8.8534404e+01      
1.4675896e+02 8.4616932e+01      
1.4816523e+02 8.1633639e+01      
1.5002242e+02 7.9516275e+01      
1.5155442e+02 7.9167620e+01      
1.5280653e+02 8.0103159e+01      
1.5355492e+02 8.2522019e+01      
1.5357462e+02 8.6652598e+01      
1.5291552e+02 9.2355191e+01      
1.7472320e+02 1.1163197e+02      
1.7322766e+02 1.0785394e+02      
1.7198497e+02 1.0353885e+02      
1.7078714e+02 9.8763110e+01      
1.6938483e+02 9.3651127e+01      
1.6774320e+02 8.8349228e+01      
1.6601661e+02 8.3023518e+01      
1.6427577e+02 7.7871982e+01      
1.6256021e+02 7.3010697e+01      
1.6109348e+02 6.8323277e+01      
1.6017673e+02 6.3534829e+01      
1.6001709e+02 5.8536298e+01      
1.6018673e+02 5.4763327e+01      
1.6069579e+02 5.2313075e+01      
1.6143211e+02 5.1325152e+01      
1.6208824e+02 5.2066079e+01      
1.6299872e+02 5.3035717e+01      
1.6353871e+02 5.5415915e+01      
1.6360753e+02 5.9347358e+01      
1.6320255e+02 6.4964305e+01      
1.8567373e+02 8.3527052e+01      
1.8448489e+02 7.9466542e+01      
1.8377419e+02 7.4783941e+01      
1.8328031e+02 6.9561721e+01      
1.8222957e+02 6.3998168e+01      
1.8058289e+02 5.8261918e+01      
1.7897241e+02 5.2488364e+01      
1.7732037e+02 4.7041234e+01      
1.7517475e+02 4.2339630e+01      
1.7307447e+02 3.7984803e+01      
1.7145657e+02 3.3478143e+01      
1.7048932e+02 2.8650566e+01      
1.6985541e+02 2.5223796e+01      
1.6953821e+02 2.3316040e+01      
1.6945231e+02 2.3074630e+01      
1.6946146e+02 2.4632831e+01      
1.6970616e+02 2.6474348e+01      
1.6996508e+02 2.8966191e+01      
1.7017536e+02 3.2243305e+01      
1.7007099e+02 3.7400732e+01      
1.9322924e+02 5.4742076e+01      
1.9232991e+02 5.0452485e+01      
1.9224812e+02 4.5419321e+01      
1.9306868e+02 3.9656460e+01      
1.9241707e+02 3.3567583e+01      
1.9031810e+02 2.7342612e+01      
1.8900226e+02 2.0872829e+01      
1.8787592e+02 1.4826037e+01      
1.8485711e+02 1.0705633e+01      
1.8182235e+02 7.1822598e+00      
1.7929106e+02 3.5626466e+00      
1.7737953e+02 -4.0873612e-01      
1.7594781e+02 -3.1932089e+00      
1.7493061e+02 -4.6806186e+00      
1.7425174e+02 -4.7043444e+00      
1.7382705e+02 -3.0518905e+00      
1.7362055e+02 -9.6065185e-01      
1.7354217e+02 1.8147985e+00      
1.7354942e+02 5.4186218e+00      
1.7365329e+02 9.8492273e+00      
1.9717294e+02 2.5794110e+01      
1.9637365e+02 2.1378740e+01      
1.9642592e+02 1.6137185e+01      
1.9745496e+02 9.9781347e+00      
1.9721515e+02 3.3722097e+00      
1.9582380e+02 -3.5929517e+00      
1.9535945e+02 -1.1050916e+01      
1.9396132e+02 -1.7116084e+01      
1.9110534e+02 -2.1253004e+01      
1.8711818e+02 -2.3584570e+01      
1.8362769e+02 -2.5788999e+01      
1.8085878e+02 -2.8134932e+01      
1.7873276e+02 -3.0091574e+01      
1.7713454e+02 -3.1316785e+01      
1.7598163e+02 -3.1615482e+01      
1.7520377e+02 -3.0888516e+01      
1.7469069e+02 -2.9175983e+01      
1.7427422e+02 -2.6115896e+01      
1.7404787e+02 -2.2161090e+01      
1.7409640e+02 -1.7776769e+01      
1.9743397e+02 -2.8232224e+00      
1.9651974e+02 -7.2272399e+00      
1.9617570e+02 -1.2421290e+01      
1.9625891e+02 -1.8442718e+01      
1.9625422e+02 -2.5328076e+01      
1.9646282e+02 -3.3355274e+01      
1.9613204e+02 -4.0970692e+01      
1.9477460e+02 -4.7122935e+01      
1.9220229e+02 -5.1323982e+01      
1.8855145e+02 -5.3562725e+01      
1.8426305e+02 -5.4331739e+01      
1.8083808e+02 -5.5545097e+01      
1.7816765e+02 -5.6872143e+01      
1.7609584e+02 -5.8002232e+01      
1.7455519e+02 -5.8777333e+01      
1.7350717e+02 -5.8989281e+01      
1.7285063e+02 -5.8106697e+01      
1.7203148e+02 -5.4431546e+01      
1.7153433e+02 -4.9842441e+01      
1.7142305e+02 -4.5092125e+01      
1.9409585e+02 -3.0662830e+01      
1.9297796e+02 -3.4934317e+01      
1.9222471e+02 -3.9925398e+01      
1.9175584e+02 -4.5663123e+01      
1.9148037e+02 -5.2210627e+01      
1.9143480e+02 -5.9631702e+01      
1.9147057e+02 -6.7623548e+01      
1.9037400e+02 -7.3990734e+01      
1.8813530e+02 -7.8207221e+01      
1.8501066e+02 -8.0495786e+01      
1.8092815e+02 -8.1303779e+01      
1.7724613e+02 -8.2037322e+01      
1.7420347e+02 -8.2973596e+01      
1.7175234e+02 -8.4123061e+01      
1.6987250e+02 -8.5496852e+01      
1.6856329e+02 -8.6688279e+01      
1.6752844e+02 -8.5718005e+01      
1.6663526e+02 -8.2261900e+01      
1.6592062e+02 -7.6812569e+01      
1.6564639e+02 -7.1438033e+01      
1.8732906e+02 -5.7323593e+01      
1.8600887e+02 -6.1372282e+01      
1.8494018e+02 -6.6057563e+01      
1.8408394e+02 -7.1374594e+01      
1.8339286e+02 -7.7310394e+01      
1.8282868e+02 -8.3812955e+01      
1.8227745e+02 -9.0672777e+01      
1.8139802e+02 -9.7221294e+01      
1.7933608e+02 -1.0119609e+02      
1.7713943e+02 -1.0475834e+02      
1.7392797e+02 -1.0653987e+02      
1.7016926e+02 -1.0697281e+02      
1.6691625e+02 -1.0759614e+02      
1.6413122e+02 -1.0857073e+02      
1.6190596e+02 -1.1046783e+02      
1.6016514e+02 -1.1145495e+02      
1.5883761e+02 -1.1044914e+02      
1.5786810e+02 -1.0714047e+02      
1.5720923e+02 -1.0193574e+02      
1.5684308e+02 -9.5950494e+01      
1.7734186e+02 -8.2442309e+01      
1.7584492e+02 -8.6205540e+01      
1.7452128e+02 -9.0515735e+01      
1.7334503e+02 -9.5336754e+01      
1.7227580e+02 -1.0060697e+02      
1.7125599e+02 -1.0621217e+02      
1.7018995e+02 -1.1194005e+02      
1.6890151e+02 -1.1734876e+02      
1.6724399e+02 -1.2194431e+02      
1.6547951e+02 -1.2619003e+02      
1.6277042e+02 -1.2844074e+02      
1.5957731e+02 -1.2944750e+02      
1.5640280e+02 -1.2996548e+02      
1.5329949e+02 -1.3008571e+02      
1.5081103e+02 -1.3106844e+02      
1.4875514e+02 -1.3227180e+02      
1.4720444e+02 -1.3143392e+02      
1.4618237e+02 -1.2812438e+02      
1.4556393e+02 -1.2283885e+02      
1.4517789e+02 -1.1771142e+02      
1.6437129e+02 -1.0568944e+02      
1.6272768e+02 -1.0912984e+02      
1.6119700e+02 -1.1303115e+02      
1.5975978e+02 -1.1733718e+02      
1.5838235e+02 -1.2196446e+02      
1.5701527e+02 -1.2678725e+02      
1.5559054e+02 -1.3162213e+02      
1.5403388e+02 -1.3624298e+02      
1.5234631e+02 -1.4057093e+02      
1.5053551e+02 -1.4456234e+02      
1.4785366e+02 -1.4632890e+02      
1.4498857e+02 -1.4744683e+02      
1.4211346e+02 -1.4809902e+02      
1.3935789e+02 -1.4843716e+02      
1.3693470e+02 -1.4884106e+02      
1.3485810e+02 -1.4913926e+02      
1.3312776e+02 -1.4860148e+02      
1.3211289e+02 -1.4522983e+02      
1.3138849e+02 -1.4107498e+02      
1.3091275e+02 -1.3687978e+02      
1.4868494e+02 -1.2676721e+02      
1.4692549e+02 -1.2986827e+02      
1.4523154e+02 -1.3335348e+02      
1.4358936e+02 -1.3715722e+02      
1.4197399e+02 -1.4119089e+02      
1.4034981e+02 -1.4533726e+02      
1.3867363e+02 -1.4945084e+02      
1.3690502e+02 -1.5337712e+02      
1.3501810e+02 -1.5698239e+02      
1.3293393e+02 -1.5999445e+02      
1.3049855e+02 -1.6193668e+02      
1.2789986e+02 -1.6315287e+02      
1.2529912e+02 -1.6387485e+02      
1.2281463e+02 -1.6422001e+02      
1.2055448e+02 -1.6426567e+02      
1.1857959e+02 -1.6390158e+02      
1.1695071e+02 -1.6272589e+02      
1.1575888e+02 -1.6023973e+02      
1.1489723e+02 -1.5702555e+02      
1.1430865e+02 -1.5358592e+02      
1.3058094e+02 -1.4540940e+02      
1.2873576e+02 -1.4816982e+02      
1.2691902e+02 -1.5124836e+02      
1.2512279e+02 -1.5457701e+02      
1.2333081e+02 -1.5806997e+02      
1.2151987e+02 -1.6162227e+02      
1.1966259e+02 -1.6511213e+02      
1.1773142e+02 -1.6840738e+02      
1.1569837e+02 -1.7136377e+02      
1.1352700e+02 -1.7380488e+02      
1.1120331e+02 -1.7559495e+02      
1.0879232e+02 -1.7677385e+02      
1.0639236e+02 -1.7744206e+02      
1.0409583e+02 -1.7766825e+02      
1.0198237e+02 -1.7746751e+02      
1.0011324e+02 -1.7676634e+02      
9.8537204e+01 -1.7541138e+02      
9.7280314e+01 -1.7332768e+02      
9.6323354e+01 -1.7069593e+02      
9.5637221e+01 -1.6779059e+02      
1.1038572e+02 -1.6138304e+02      
1.0848314e+02 -1.6381165e+02      
1.0658030e+02 -1.6650223e+02      
1.0467477e+02 -1.6938847e+02      
1.0275811e+02 -1.7239059e+02      
1.0081710e+02 -1.7541552e+02      
9.8835865e+01 -1.7835908e+02      
9.6798170e+01 -1.8110937e+02      
9.4689321e+01 -1.8355000e+02      
9.2500345e+01 -1.8556925e+02      
9.0241529e+01 -1.8709185e+02      
8.7954131e+01 -1.8810630e+02      
8.5700412e+01 -1.8864021e+02      
8.3546843e+01 -1.8872037e+02      
8.1554113e+01 -1.8834912e+02      
7.9772002e+01 -1.8749615e+02      
7.8236837e+01 -1.8612061e+02      
7.6966933e+01 -1.8423189e+02      
7.5960454e+01 -1.8193250e+02      
7.5204340e+01 -1.7938292e+02      
8.8450622e+01 -1.7449124e+02      
8.6516467e+01 -1.7660312e+02      
8.4560059e+01 -1.7892920e+02      
8.2583987e+01 -1.8140704e+02      
8.0586426e+01 -1.8396408e+02      
7.8562282e+01 -1.8651846e+02      
7.6504842e+01 -1.8898129e+02      
7.4407809e+01 -1.9125998e+02      
7.2267870e+01 -1.9326350e+02      
7.0088714e+01 -1.9491147e+02      
6.7886667e+01 -1.9614746e+02      
6.5693776e+01 -1.9694660e+02      
6.3554104e+01 -1.9730751e+02      
6.1516098e+01 -1.9723611e+02      
5.9625724e+01 -1.9673349e+02      
5.7921729e+01 -1.9579459e+02      
5.6432451e+01 -1.9442135e+02      
5.5173576e+01 -1.9264601e+02      
5.4148095e+01 -1.9054453e+02      
5.3349486e+01 -1.8822574e+02      
