3.3578817e+01 2.3832473e+02      
3.3446050e+01 2.3728367e+02      
3.3847353e+01 2.3632405e+02      
3.4762802e+01 2.3548893e+02      
3.6142174e+01 2.3481687e+02      
3.7887449e+01 2.3433590e+02      
3.9815988e+01 2.3404338e+02      
4.1697237e+01 2.3390817e+02      
4.3598636e+01 2.3399763e+02      
4.5542384e+01 2.3434426e+02      
4.7508672e+01 2.3495093e+02      
4.9513140e+01 2.3581544e+02      
5.1593315e+01 2.3691160e+02      
5.3754235e+01 2.3814959e+02      
5.5926530e+01 2.3933294e+02      
5.7927465e+01 2.4005525e+02      
5.9549200e+01 2.3981207e+02      
6.1074604e+01 2.3904196e+02      
6.2767149e+01 2.3808878e+02      
6.4782172e+01 2.3709402e+02      
6.1679218e+01 2.2970635e+02      
6.1695636e+01 2.2865389e+02      
6.2298595e+01 2.2766472e+02      
6.3491638e+01 2.2679125e+02      
6.5246644e+01 2.2608522e+02      
6.7462093e+01 2.2558989e+02      
6.9885309e+01 2.2530790e+02      
7.1840212e+01 2.2505365e+02      
7.3814056e+01 2.2506974e+02      
7.5814611e+01 2.2538039e+02      
7.7738146e+01 2.2597378e+02      
7.9640535e+01 2.2688963e+02      
8.1656571e+01 2.2816636e+02      
8.3853824e+01 2.2976318e+02      
8.6143527e+01 2.3146735e+02      
8.8185933e+01 2.3268369e+02      
8.9123505e+01 2.3158546e+02      
8.9887002e+01 2.2992442e+02      
9.0908783e+01 2.2822328e+02      
9.2385496e+01 2.2663261e+02      
8.8234670e+01 2.1744861e+02      
8.8384486e+01 2.1635023e+02      
8.9172522e+01 2.1529457e+02      
9.0647291e+01 2.1434441e+02      
9.2827576e+01 2.1356586e+02      
9.5578291e+01 2.1301199e+02      
9.8234779e+01 2.1258869e+02      
1.0062986e+02 2.1231523e+02      
1.0279804e+02 2.1228389e+02      
1.0501854e+02 2.1259307e+02      
1.0676862e+02 2.1310399e+02      
1.0838450e+02 2.1400750e+02      
1.1022632e+02 2.1547642e+02      
1.1247569e+02 2.1755719e+02      
1.1495338e+02 2.1992420e+02      
1.1657764e+02 2.2079957e+02      
1.1717054e+02 2.1975512e+02      
1.1696281e+02 2.1713358e+02      
1.1714072e+02 2.1462448e+02      
1.1800986e+02 2.1247530e+02      
1.1279868e+02 2.0177241e+02      
1.1304317e+02 2.0058811e+02      
1.1395424e+02 1.9942021e+02      
1.1562902e+02 1.9833938e+02      
1.1818787e+02 1.9742027e+02      
1.2107042e+02 1.9664788e+02      
1.2396923e+02 1.9605344e+02      
1.2680793e+02 1.9570585e+02      
1.2975046e+02 1.9572423e+02      
1.3283811e+02 1.9618243e+02      
1.3416327e+02 1.9643782e+02      
1.3518462e+02 1.9717912e+02      
1.3655818e+02 1.9868469e+02      
1.3873211e+02 2.0117050e+02      
1.4069701e+02 2.0317747e+02      
1.4186138e+02 2.0383235e+02      
1.4203710e+02 2.0281494e+02      
1.4144549e+02 2.0034520e+02      
1.4074851e+02 1.9719311e+02      
1.4109900e+02 1.9470662e+02      
1.3497130e+02 1.8295639e+02      
1.3525731e+02 1.8164302e+02      
1.3619517e+02 1.8031251e+02      
1.3784626e+02 1.7903328e+02      
1.4025068e+02 1.7786548e+02      
1.4331149e+02 1.7684414e+02      
1.4642791e+02 1.7603065e+02      
1.4955441e+02 1.7552414e+02      
1.5297850e+02 1.7542245e+02      
1.5710491e+02 1.7575290e+02      
1.5923838e+02 1.7604297e+02      
1.5946580e+02 1.7650390e+02      
1.5981266e+02 1.7763830e+02      
1.6079630e+02 1.7941165e+02      
1.6236412e+02 1.8137249e+02      
1.6312420e+02 1.8199069e+02      
1.6275724e+02 1.8092944e+02      
1.6156392e+02 1.7841472e+02      
1.6097202e+02 1.7584720e+02      
1.6118515e+02 1.7354100e+02      
1.5441020e+02 1.6133333e+02      
1.5468797e+02 1.5984728e+02      
1.5557616e+02 1.5830584e+02      
1.5709928e+02 1.5678025e+02      
1.5926264e+02 1.5533937e+02      
1.6202688e+02 1.5404119e+02      
1.6525026e+02 1.5294520e+02      
1.6843632e+02 1.5220294e+02      
1.7239820e+02 1.5180393e+02      
1.7713942e+02 1.5177469e+02      
1.7989019e+02 1.5191451e+02      
1.8057403e+02 1.5229841e+02      
1.7976278e+02 1.5304710e+02      
1.7934549e+02 1.5420408e+02      
1.7954440e+02 1.5542871e+02      
1.7995683e+02 1.5611507e+02      
1.7900493e+02 1.5502757e+02      
1.7814486e+02 1.5329013e+02      
1.7778053e+02 1.5136567e+02      
1.7801175e+02 1.4943471e+02      
1.7083248e+02 1.3728521e+02      
1.7106613e+02 1.3558335e+02      
1.7186385e+02 1.3378306e+02      
1.7322737e+02 1.3196458e+02      
1.7513451e+02 1.3021565e+02      
1.7754996e+02 1.2861777e+02      
1.8042470e+02 1.2723962e+02      
1.8372329e+02 1.2615106e+02      
1.8778050e+02 1.2537316e+02      
1.9254693e+02 1.2490735e+02      
1.9543769e+02 1.2480930e+02      
1.9644406e+02 1.2505148e+02      
1.9592324e+02 1.2561229e+02      
1.9429859e+02 1.2643296e+02      
1.9322950e+02 1.2720879e+02      
1.9260818e+02 1.2751044e+02      
1.9190111e+02 1.2696234e+02      
1.9135087e+02 1.2586065e+02      
1.9117339e+02 1.2447709e+02      
1.9144487e+02 1.2294502e+02      
1.8401086e+02 1.1123811e+02      
1.8417752e+02 1.0927829e+02      
1.8486875e+02 1.0716717e+02      
1.8607389e+02 1.0499505e+02      
1.8773835e+02 1.0287976e+02      
1.8978024e+02 1.0095048e+02      
1.9227618e+02 9.9246058e+01      
1.9533783e+02 9.7797250e+01      
1.9903121e+02 9.6652524e+01      
2.0299533e+02 9.5889201e+01      
2.0542804e+02 9.5631232e+01      
2.0644802e+02 9.5751866e+01      
2.0626518e+02 9.6162746e+01      
2.0507376e+02 9.6769674e+01      
2.0322781e+02 9.7418080e+01      
2.0217214e+02 9.7648070e+01      
2.0152517e+02 9.7382794e+01      
2.0114893e+02 9.6706872e+01      
2.0108878e+02 9.5754266e+01      
2.0138802e+02 9.4613309e+01      
1.9376982e+02 8.3657750e+01      
1.9385341e+02 8.1401789e+01      
1.9443607e+02 7.8923486e+01      
1.9550305e+02 7.6321104e+01      
1.9697230e+02 7.3748472e+01      
1.9854879e+02 7.1472156e+01      
2.0054454e+02 6.9426637e+01      
2.0312996e+02 6.7623444e+01      
2.0633883e+02 6.6114678e+01      
2.0832540e+02 6.5456241e+01      
2.0988232e+02 6.5197702e+01      
2.1070040e+02 6.5279196e+01      
2.1072911e+02 6.5613459e+01      
2.1008413e+02 6.6085923e+01      
2.0906636e+02 6.6542124e+01      
2.0824318e+02 6.6769938e+01      
2.0771479e+02 6.6679989e+01      
2.0745163e+02 6.6292759e+01      
2.0746480e+02 6.5693638e+01      
2.0777363e+02 6.4949549e+01      
1.9998414e+02 5.5044914e+01      
1.9996619e+02 5.2466584e+01      
2.0043535e+02 4.9569926e+01      
2.0135898e+02 4.6469679e+01      
2.0246363e+02 4.3460076e+01      
2.0368823e+02 4.0690018e+01      
2.0508328e+02 3.8264739e+01      
2.0687306e+02 3.6144821e+01      
2.0881246e+02 3.4540120e+01      
2.1027464e+02 3.3711322e+01      
2.1132011e+02 3.3477243e+01      
2.1192108e+02 3.3619536e+01      
2.1204170e+02 3.3983774e+01      
2.1175572e+02 3.4443827e+01      
2.1124454e+02 3.4879250e+01      
2.1073581e+02 3.5170306e+01      
2.1036838e+02 3.5232468e+01      
2.1020257e+02 3.5043602e+01      
2.1026840e+02 3.4712112e+01      
2.1056959e+02 3.4438708e+01      
2.0258177e+02 2.5927166e+01      
2.0242093e+02 2.3037203e+01      
2.0274194e+02 1.9705146e+01      
2.0333176e+02 1.6190543e+01      
2.0407321e+02 1.2685791e+01      
2.0492457e+02 9.3373576e+00      
2.0589939e+02 6.2738087e+00      
2.0702779e+02 3.6359903e+00      
2.0826475e+02 1.6527941e+00      
2.0921282e+02 8.7246907e-01      
2.0988296e+02 8.5970461e-01      
2.1029358e+02 1.2124435e+00      
2.1043056e+02 1.7223697e+00      
2.1032448e+02 2.2798922e+00      
2.1005900e+02 2.8167120e+00      
2.0974723e+02 3.2537634e+00      
2.0949632e+02 3.4931532e+00      
2.0939376e+02 3.4500141e+00      
2.0950293e+02 3.1911070e+00      
2.0977766e+02 3.6207056e+00      
2.0156136e+02 -3.1667144e+00      
2.0117547e+02 -6.2925889e+00      
2.0115240e+02 -9.8791074e+00      
2.0144290e+02 -1.3856281e+01      
2.0183818e+02 -1.7914427e+01      
2.0230812e+02 -2.1919233e+01      
2.0288389e+02 -2.5780473e+01      
2.0372156e+02 -2.9461074e+01      
2.0469278e+02 -3.2333407e+01      
2.0508183e+02 -3.2648799e+01      
2.0538955e+02 -3.2112269e+01      
2.0562683e+02 -3.1353715e+01      
2.0574826e+02 -3.0606853e+01      
2.0573617e+02 -2.9902411e+01      
2.0560039e+02 -2.9196148e+01      
2.0538143e+02 -2.8512184e+01      
2.0516652e+02 -2.8020745e+01      
2.0505417e+02 -2.7834546e+01      
2.0512975e+02 -2.7742084e+01      
2.0543335e+02 -2.6818502e+01      
1.9700984e+02 -3.1738290e+01      
1.9637429e+02 -3.5050421e+01      
1.9600583e+02 -3.8845487e+01      
1.9587851e+02 -4.3092891e+01      
1.9592767e+02 -4.7711208e+01      
1.9601297e+02 -5.2426372e+01      
1.9631694e+02 -5.7447878e+01      
1.9690289e+02 -6.2378196e+01      
1.9740166e+02 -6.5348317e+01      
1.9765895e+02 -6.5991051e+01      
1.9771517e+02 -6.4705231e+01      
1.9783552e+02 -6.3384944e+01      
1.9795430e+02 -6.2397274e+01      
1.9802501e+02 -6.1622216e+01      
1.9799040e+02 -6.0768417e+01      
1.9776696e+02 -5.9621389e+01      
1.9749733e+02 -5.8730193e+01      
1.9731196e+02 -5.8272622e+01      
1.9737229e+02 -5.7525308e+01      
1.9767891e+02 -5.6333878e+01      
1.8907905e+02 -5.9314072e+01      
1.8820152e+02 -6.2770977e+01      
1.8751297e+02 -6.6735750e+01      
1.8699411e+02 -7.1199858e+01      
1.8661238e+02 -7.6144496e+01      
1.8635098e+02 -8.1610651e+01      
1.8629572e+02 -8.7771645e+01      
1.8636245e+02 -9.2842908e+01      
1.8650565e+02 -9.5900501e+01      
1.8667079e+02 -9.6744341e+01      
1.8681472e+02 -9.5767169e+01      
1.8693050e+02 -9.3962625e+01      
1.8708378e+02 -9.2986663e+01      
1.8726171e+02 -9.2389429e+01      
1.8739633e+02 -9.1559157e+01      
1.8705427e+02 -8.9364023e+01      
1.8668797e+02 -8.7831317e+01      
1.8653988e+02 -8.6516095e+01      
1.8660271e+02 -8.5172722e+01      
1.8687787e+02 -8.3673073e+01      
1.7796625e+02 -8.5441283e+01      
1.7686564e+02 -8.8993041e+01      
1.7588785e+02 -9.3073611e+01      
1.7501450e+02 -9.7692970e+01      
1.7422485e+02 -1.0286965e+02      
1.7351868e+02 -1.0862371e+02      
1.7294902e+02 -1.1466992e+02      
1.7257537e+02 -1.2003658e+02      
1.7245921e+02 -1.2314908e+02      
1.7259542e+02 -1.2391820e+02      
1.7284761e+02 -1.2288633e+02      
1.7303286e+02 -1.2205120e+02      
1.7322896e+02 -1.2172839e+02      
1.7348855e+02 -1.2153864e+02      
1.7357278e+02 -1.1987407e+02      
1.7336511e+02 -1.1666258e+02      
1.7318118e+02 -1.1404191e+02      
1.7311513e+02 -1.1195221e+02      
1.7317721e+02 -1.1012694e+02      
1.7336356e+02 -1.0845271e+02      
1.6390976e+02 -1.0969709e+02      
1.6261242e+02 -1.1328310e+02      
1.6138008e+02 -1.1740556e+02      
1.6019005e+02 -1.2209000e+02      
1.5901307e+02 -1.2738188e+02      
1.5782084e+02 -1.3336010e+02      
1.5668086e+02 -1.3974106e+02      
1.5608325e+02 -1.4393959e+02      
1.5579485e+02 -1.4689691e+02      
1.5600798e+02 -1.4734113e+02      
1.5622503e+02 -1.4731172e+02      
1.5638310e+02 -1.4752387e+02      
1.5654854e+02 -1.4799441e+02      
1.5672861e+02 -1.4729214e+02      
1.5685161e+02 -1.4496758e+02      
1.5688092e+02 -1.4106891e+02      
1.5688357e+02 -1.3777910e+02      
1.5690392e+02 -1.3516676e+02      
1.5696481e+02 -1.3300247e+02      
1.5706917e+02 -1.3118000e+02      
1.4718560e+02 -1.3169967e+02      
1.4572458e+02 -1.3525110e+02      
1.4428026e+02 -1.3932613e+02      
1.4282297e+02 -1.4395795e+02      
1.4130686e+02 -1.4920903e+02      
1.3966629e+02 -1.5519372e+02      
1.3796641e+02 -1.6161358e+02      
1.3703809e+02 -1.6575022e+02      
1.3692052e+02 -1.6751000e+02      
1.3704165e+02 -1.6837836e+02      
1.3722412e+02 -1.6899569e+02      
1.3729493e+02 -1.6994340e+02      
1.3739541e+02 -1.7004058e+02      
1.3752811e+02 -1.6894016e+02      
1.3770232e+02 -1.6633952e+02      
1.3794148e+02 -1.6223095e+02      
1.3808676e+02 -1.5869070e+02      
1.3817115e+02 -1.5581994e+02      
1.3822640e+02 -1.5345563e+02      
1.3826553e+02 -1.5150718e+02      
1.2810250e+02 -1.5111790e+02      
1.2651648e+02 -1.5456363e+02      
1.2491219e+02 -1.5849573e+02      
1.2325583e+02 -1.6294281e+02      
1.2148889e+02 -1.6796327e+02      
1.1951392e+02 -1.7366826e+02      
1.1739477e+02 -1.7977806e+02      
1.1625163e+02 -1.8369721e+02      
1.1599315e+02 -1.8555142e+02      
1.1606721e+02 -1.8652247e+02      
1.1633434e+02 -1.8708795e+02      
1.1643454e+02 -1.8745711e+02      
1.1648490e+02 -1.8716890e+02      
1.1655217e+02 -1.8593661e+02      
1.1667816e+02 -1.8355313e+02      
1.1694622e+02 -1.7990324e+02      
1.1716362e+02 -1.7644969e+02      
1.1728293e+02 -1.7351749e+02      
1.1731815e+02 -1.7108182e+02      
1.1729583e+02 -1.6906213e+02      
1.0699559e+02 -1.6767809e+02      
1.0532591e+02 -1.7095273e+02      
1.0361944e+02 -1.7465336e+02      
1.0184628e+02 -1.7879087e+02      
9.9949737e+01 -1.8339680e+02      
9.7822021e+01 -1.8854699e+02      
9.5541798e+01 -1.9395440e+02      
9.4480867e+01 -1.9718486e+02      
9.4474828e+01 -1.9836419e+02      
9.4472652e+01 -1.9919094e+02      
9.4489634e+01 -1.9967620e+02      
9.4472164e+01 -1.9975689e+02      
9.4429727e+01 -1.9928363e+02      
9.4390443e+01 -1.9812832e+02      
9.4345502e+01 -1.9631856e+02      
9.4260272e+01 -1.9410728e+02      
9.4517983e+01 -1.9081373e+02      
9.4623565e+01 -1.8798391e+02      
9.4610969e+01 -1.8559987e+02      
9.4521994e+01 -1.8357380e+02      
8.4220259e+01 -1.8116692e+02      
8.2506109e+01 -1.8421877e+02      
8.0752658e+01 -1.8762017e+02      
7.8943697e+01 -1.9135476e+02      
7.7046663e+01 -1.9540621e+02      
7.4991943e+01 -1.9976892e+02      
7.2878098e+01 -2.0413811e+02      
7.2149798e+01 -2.0640593e+02      
7.1796217e+01 -2.0775865e+02      
7.1540896e+01 -2.0861733e+02      
7.1330884e+01 -2.0905745e+02      
7.1148161e+01 -2.0904682e+02      
7.0983020e+01 -2.0853372e+02      
7.0834536e+01 -2.0748798e+02      
7.0695910e+01 -2.0595482e+02      
7.0589978e+01 -2.0397962e+02      
7.0593446e+01 -2.0151892e+02      
7.0573565e+01 -1.9906790e+02      
7.0481675e+01 -1.9683728e+02      
7.0320425e+01 -1.9485692e+02      
