9.1709902e+00 2.4586135e+02      
8.1121868e+00 2.4359627e+02      
7.8029807e+00 2.4156295e+02      
8.2401859e+00 2.3986131e+02      
9.3491592e+00 2.3855005e+02      
1.0892861e+01 2.3756245e+02      
1.2332090e+01 2.3649596e+02      
1.2389722e+01 2.3374586e+02      
1.2145628e+01 2.3107049e+02      
1.1906275e+01 2.2898283e+02      
1.1642245e+01 2.2762771e+02      
1.1279675e+01 2.2700279e+02      
1.0972336e+01 2.2705955e+02      
1.0958353e+01 2.2771989e+02      
1.1415994e+01 2.2888646e+02      
1.2454901e+01 2.3045942e+02      
1.4133763e+01 2.3234377e+02      
1.6479228e+01 2.3444971e+02      
1.9499677e+01 2.3669092e+02      
2.3192980e+01 2.3898275e+02      
3.6302822e+01 2.3425686e+02      
3.5531203e+01 2.3176836e+02      
3.5615884e+01 2.2955597e+02      
3.6645135e+01 2.2780214e+02      
3.8631888e+01 2.2665468e+02      
4.1226800e+01 2.2597864e+02      
4.2971282e+01 2.2433707e+02      
4.3527047e+01 2.2149777e+02      
4.3044089e+01 2.1792199e+02      
4.2701467e+01 2.1516928e+02      
4.2341584e+01 2.1344906e+02      
4.1353816e+01 2.1262435e+02      
4.0271755e+01 2.1261425e+02      
3.9549676e+01 2.1329254e+02      
3.9406094e+01 2.1451250e+02      
3.9943443e+01 2.1614614e+02      
4.1195615e+01 2.1808521e+02      
4.3164699e+01 2.2023421e+02      
4.5841120e+01 2.2250402e+02      
4.9211479e+01 2.2480767e+02      
6.2073378e+01 2.1882830e+02      
6.1540064e+01 2.1601131e+02      
6.1925761e+01 2.1347160e+02      
6.3423063e+01 2.1147284e+02      
6.6275939e+01 2.1031974e+02      
6.9149810e+01 2.0892630e+02      
7.1276513e+01 2.0674864e+02      
7.2394651e+01 2.0370274e+02      
7.2675477e+01 2.0013728e+02      
7.2612019e+01 1.9683459e+02      
7.2796276e+01 1.9496785e+02      
7.0737351e+01 1.9404935e+02      
6.8550064e+01 1.9412480e+02      
6.6919931e+01 1.9496031e+02      
6.6083709e+01 1.9634174e+02      
6.6083472e+01 1.9811686e+02      
6.6890263e+01 2.0017414e+02      
6.8462548e+01 2.0242051e+02      
7.0766190e+01 2.0476946e+02      
7.3775817e+01 2.0713510e+02      
8.6042318e+01 1.9984388e+02      
8.5673084e+01 1.9657801e+02      
8.6196203e+01 1.9351707e+02      
8.7715271e+01 1.9084314e+02      
9.0287790e+01 1.8865913e+02      
9.3649804e+01 1.8673941e+02      
9.6251307e+01 1.8410366e+02      
9.7852709e+01 1.8070328e+02      
9.8827499e+01 1.7686445e+02      
1.0034126e+02 1.7381775e+02      
1.0038968e+02 1.7201325e+02      
9.8490464e+01 1.7139560e+02      
9.5086804e+01 1.7182397e+02      
9.2416783e+01 1.7301591e+02      
9.0872919e+01 1.7468421e+02      
9.0374167e+01 1.7668014e+02      
9.0766721e+01 1.7891423e+02      
9.1951350e+01 1.8130779e+02      
9.3870367e+01 1.8378401e+02      
9.6491450e+01 1.8626222e+02      
1.0783446e+02 1.7765992e+02      
1.0756949e+02 1.7384102e+02      
1.0811753e+02 1.7012024e+02      
1.0949042e+02 1.6662134e+02      
1.1165486e+02 1.6340623e+02      
1.1445611e+02 1.6039596e+02      
1.1745303e+02 1.5730492e+02      
1.1928106e+02 1.5351208e+02      
1.2182433e+02 1.4976993e+02      
1.2361519e+02 1.4689276e+02      
1.2375265e+02 1.4532900e+02      
1.2199763e+02 1.4515008e+02      
1.1877960e+02 1.4614111e+02      
1.1521292e+02 1.4790344e+02      
1.1319104e+02 1.4994634e+02      
1.1235887e+02 1.5221704e+02      
1.1242654e+02 1.5467008e+02      
1.1325971e+02 1.5724865e+02      
1.1479385e+02 1.5989282e+02      
1.1700330e+02 1.6253246e+02      
1.2713740e+02 1.5270828e+02      
1.2695475e+02 1.4826012e+02      
1.2750176e+02 1.4380578e+02      
1.2873231e+02 1.3946384e+02      
1.3055456e+02 1.3531266e+02      
1.3281496e+02 1.3135584e+02      
1.3522440e+02 1.2750022e+02      
1.3745494e+02 1.2364431e+02      
1.3988301e+02 1.2008129e+02      
1.4223113e+02 1.1718574e+02      
1.4256307e+02 1.1588290e+02      
1.4073039e+02 1.1631317e+02      
1.3732999e+02 1.1806079e+02      
1.3445874e+02 1.2021387e+02      
1.3260013e+02 1.2260443e+02      
1.3169178e+02 1.2516757e+02      
1.3155823e+02 1.2785790e+02      
1.3208666e+02 1.3063907e+02      
1.3323354e+02 1.3347789e+02      
1.3500254e+02 1.3632460e+02      
1.4368719e+02 1.2547891e+02      
1.4360214e+02 1.2034328e+02      
1.4418314e+02 1.1510167e+02      
1.4534085e+02 1.0990028e+02      
1.4694274e+02 1.0487390e+02      
1.4883956e+02 1.0010768e+02      
1.5089131e+02 9.5631926e+01      
1.5301640e+02 9.1513225e+01      
1.5519174e+02 8.7959758e+01      
1.5698550e+02 8.5392023e+01      
1.5730700e+02 8.4433629e+01      
1.5513756e+02 8.5725954e+01      
1.5258367e+02 8.7863033e+01      
1.5043297e+02 9.0403961e+01      
1.4896813e+02 9.3155236e+01      
1.4818449e+02 9.6016312e+01      
1.4796426e+02 9.8936969e+01      
1.4821895e+02 1.0190625e+02      
1.4895097e+02 1.0494023e+02      
1.5022826e+02 1.0803578e+02      
1.5725403e+02 9.6509860e+01      
1.5730950e+02 9.0634323e+01      
1.5800426e+02 8.4538450e+01      
1.5920820e+02 7.8417675e+01      
1.6071865e+02 7.2507029e+01      
1.6236328e+02 6.6992400e+01      
1.6413296e+02 6.1929156e+01      
1.6606261e+02 5.7391560e+01      
1.6815050e+02 5.3579701e+01      
1.7001240e+02 5.0976986e+01      
1.6890375e+02 5.1316565e+01      
1.6692707e+02 5.3220742e+01      
1.6491228e+02 5.5918518e+01      
1.6330447e+02 5.8968093e+01      
1.6228496e+02 6.2133436e+01      
1.6178285e+02 6.5295645e+01      
1.6157758e+02 6.8410717e+01      
1.6154658e+02 7.1497638e+01      
1.6177179e+02 7.4667348e+01      
1.6245933e+02 7.8050205e+01      
1.6763088e+02 6.6387308e+01      
1.6788331e+02 5.9722731e+01      
1.6880799e+02 5.2673322e+01      
1.7025307e+02 4.5483648e+01      
1.7186910e+02 3.8562457e+01      
1.7319801e+02 3.2377601e+01      
1.7461259e+02 2.6751668e+01      
1.7633745e+02 2.1644819e+01      
1.7828337e+02 1.7383143e+01      
1.7971311e+02 1.4873535e+01      
1.7818312e+02 1.6158277e+01      
1.7604218e+02 1.9157259e+01      
1.7419142e+02 2.2769905e+01      
1.7296647e+02 2.6504190e+01      
1.7248776e+02 3.0145543e+01      
1.7255750e+02 3.3599219e+01      
1.7250340e+02 3.6848752e+01      
1.7209630e+02 3.9892710e+01      
1.7156018e+02 4.2952467e+01      
1.7149005e+02 4.6660866e+01      
1.7462486e+02 3.5752043e+01      
1.7511956e+02 2.8269326e+01      
1.7640413e+02 2.0137736e+01      
1.7833365e+02 1.1635858e+01      
1.8043438e+02 3.3849028e+00      
1.8109953e+02 -3.2218601e+00      
1.8199263e+02 -9.3169489e+00      
1.8350870e+02 -1.5167711e+01      
1.8541446e+02 -2.0168491e+01      
1.8595256e+02 -2.2052355e+01      
1.8463199e+02 -2.0353215e+01      
1.8198272e+02 -1.5667445e+01      
1.8007488e+02 -1.0831274e+01      
1.7911834e+02 -6.2669710e+00      
1.7925182e+02 -2.1139759e+00      
1.8043224e+02 1.5828816e+00      
1.8064207e+02 4.9319371e+00      
1.7973101e+02 7.8067985e+00      
1.7794240e+02 1.0212076e+01      
1.7701257e+02 1.4290147e+01      
1.7805504e+02 5.3044947e+00      
1.7878568e+02 -2.9573156e+00      
1.8049912e+02 -1.2263842e+01      
1.8297083e+02 -2.2230588e+01      
1.8470403e+02 -3.1236160e+01      
1.8546299e+02 -3.8838797e+01      
1.8573595e+02 -4.5234009e+01      
1.8698280e+02 -5.1939091e+01      
1.8786508e+02 -5.6381423e+01      
1.8780692e+02 -5.7743450e+01      
1.8651968e+02 -5.5627252e+01      
1.8407500e+02 -5.0053515e+01      
1.8220270e+02 -4.4009583e+01      
1.8138019e+02 -3.8512072e+01      
1.8183497e+02 -3.3841001e+01      
1.8343154e+02 -2.9993147e+01      
1.8371138e+02 -2.6517248e+01      
1.8238430e+02 -2.3564400e+01      
1.7976868e+02 -2.1049510e+01      
1.7827384e+02 -1.6581812e+01      
1.7777064e+02 -2.4216004e+01      
1.7857446e+02 -3.2989089e+01      
1.8058801e+02 -4.3331578e+01      
1.8259700e+02 -5.3790924e+01      
1.8400859e+02 -6.3435595e+01      
1.8472022e+02 -7.1876794e+01      
1.8502913e+02 -7.9180375e+01      
1.8537765e+02 -8.5468674e+01      
1.8551808e+02 -8.9401311e+01      
1.8512140e+02 -9.0483050e+01      
1.8402129e+02 -8.8445933e+01      
1.8227877e+02 -8.3263666e+01      
1.8036658e+02 -7.5773964e+01      
1.7953252e+02 -6.9317209e+01      
1.7997084e+02 -6.4123611e+01      
1.8149634e+02 -6.0081998e+01      
1.8165349e+02 -5.6364167e+01      
1.8010095e+02 -5.3076996e+01      
1.7712372e+02 -5.0112166e+01      
1.7546384e+02 -4.5341354e+01      
1.7374918e+02 -5.2171431e+01      
1.7421349e+02 -6.0791524e+01      
1.7548721e+02 -7.0668997e+01      
1.7726018e+02 -8.1617512e+01      
1.7844316e+02 -9.1790380e+01      
1.7896683e+02 -1.0073721e+02      
1.7903922e+02 -1.0838757e+02      
1.7897546e+02 -1.1416256e+02      
1.7874402e+02 -1.1772469e+02      
1.7821927e+02 -1.1877650e+02      
1.7731818e+02 -1.1709165e+02      
1.7602775e+02 -1.1243633e+02      
1.7448288e+02 -1.0488344e+02      
1.7362769e+02 -9.7827503e+01      
1.7375011e+02 -9.2100961e+01      
1.7476235e+02 -8.7695753e+01      
1.7465899e+02 -8.3592687e+01      
1.7318430e+02 -7.9823407e+01      
1.7048555e+02 -7.6288010e+01      
1.6904816e+02 -7.1431545e+01      
1.6619556e+02 -7.8196425e+01      
1.6620268e+02 -8.6301002e+01      
1.6675609e+02 -9.5318049e+01      
1.6767972e+02 -1.0515369e+02      
1.6861838e+02 -1.1544510e+02      
1.6886365e+02 -1.2434343e+02      
1.6878561e+02 -1.3146712e+02      
1.6854654e+02 -1.3676599e+02      
1.6817746e+02 -1.4010102e+02      
1.6765578e+02 -1.4131539e+02      
1.6695353e+02 -1.4025541e+02      
1.6604391e+02 -1.3674018e+02      
1.6497486e+02 -1.3080824e+02      
1.6401253e+02 -1.2332145e+02      
1.6360061e+02 -1.1719020e+02      
1.6352044e+02 -1.1213078e+02      
1.6307076e+02 -1.0759276e+02      
1.6199040e+02 -1.0334166e+02      
1.6055680e+02 -9.9116585e+01      
1.5961175e+02 -9.4430519e+01      
1.5541889e+02 -1.0208555e+02      
1.5500228e+02 -1.0952639e+02      
1.5496926e+02 -1.1757097e+02      
1.5518907e+02 -1.2604459e+02      
1.5544102e+02 -1.3452566e+02      
1.5545505e+02 -1.4215450e+02      
1.5526462e+02 -1.4844331e+02      
1.5494964e+02 -1.5321914e+02      
1.5455329e+02 -1.5637935e+02      
1.5410407e+02 -1.5786710e+02      
1.5363128e+02 -1.5767358e+02      
1.5308140e+02 -1.5562895e+02      
1.5222598e+02 -1.5125358e+02      
1.5118643e+02 -1.4521220e+02      
1.5037957e+02 -1.3934682e+02      
1.4978383e+02 -1.3412853e+02      
1.4915068e+02 -1.2937387e+02      
1.4836181e+02 -1.2488140e+02      
1.4755082e+02 -1.2046689e+02      
1.4699986e+02 -1.1599504e+02      
1.4173622e+02 -1.2367049e+02      
1.4095906e+02 -1.3040506e+02      
1.4047121e+02 -1.3751499e+02      
1.4017727e+02 -1.4478301e+02      
1.3994886e+02 -1.5186060e+02      
1.3967381e+02 -1.5830698e+02      
1.3932051e+02 -1.6376733e+02      
1.3891016e+02 -1.6803678e+02      
1.3847876e+02 -1.7102448e+02      
1.3807984e+02 -1.7275380e+02      
1.3782373e+02 -1.7344450e+02      
1.3778383e+02 -1.7324783e+02      
1.3702442e+02 -1.6999629e+02      
1.3560369e+02 -1.6415779e+02      
1.3453927e+02 -1.5860354e+02      
1.3375183e+02 -1.5355543e+02      
1.3307644e+02 -1.4885308e+02      
1.3245003e+02 -1.4437112e+02      
1.3192255e+02 -1.4001641e+02      
1.3160736e+02 -1.3575301e+02      
1.2546648e+02 -1.4278881e+02      
1.2439405e+02 -1.4883621e+02      
1.2355504e+02 -1.5510705e+02      
1.2288626e+02 -1.6139943e+02      
1.2231307e+02 -1.6745102e+02      
1.2177261e+02 -1.7297250e+02      
1.2123462e+02 -1.7771197e+02      
1.2070028e+02 -1.8149831e+02      
1.2019257e+02 -1.8425414e+02      
1.1975764e+02 -1.8601644e+02      
1.1948820e+02 -1.8701735e+02      
1.1941077e+02 -1.8740854e+02      
1.1869447e+02 -1.8490422e+02      
1.1736981e+02 -1.7980994e+02      
1.1631305e+02 -1.7486298e+02      
1.1551241e+02 -1.7021716e+02      
1.1487276e+02 -1.6576645e+02      
1.1436004e+02 -1.6146250e+02      
1.1399333e+02 -1.5728134e+02      
1.1382219e+02 -1.5323300e+02      
1.0693784e+02 -1.5927794e+02      
1.0562774e+02 -1.6468430e+02      
1.0451554e+02 -1.7021699e+02      
1.0356115e+02 -1.7570118e+02      
1.0271937e+02 -1.8093303e+02      
1.0195131e+02 -1.8570082e+02      
1.0123373e+02 -1.8981604e+02      
1.0056105e+02 -1.9313909e+02      
9.9942206e+01 -1.9559283e+02      
9.9396141e+01 -1.9716662e+02      
9.8937637e+01 -1.9789062e+02      
9.8486244e+01 -1.9757742e+02      
9.7791855e+01 -1.9558192e+02      
9.6872412e+01 -1.9209558e+02      
9.6008082e+01 -1.8809367e+02      
9.5297724e+01 -1.8400161e+02      
9.4737876e+01 -1.7991896e+02      
9.4323892e+01 -1.7588714e+02      
9.4067816e+01 -1.7193801e+02      
9.3993527e+01 -1.6811278e+02      
8.6493238e+01 -1.7298092e+02      
8.4993651e+01 -1.7779955e+02      
8.3667090e+01 -1.8268184e+02      
8.2489337e+01 -1.8747821e+02      
8.1432810e+01 -1.9202458e+02      
8.0472691e+01 -1.9615586e+02      
7.9591748e+01 -1.9972313e+02      
7.8781783e+01 -2.0260820e+02      
7.8041395e+01 -2.0473027e+02      
7.7369590e+01 -2.0603924e+02      
7.6751177e+01 -2.0648178e+02      
7.6134374e+01 -2.0593821e+02      
7.5453915e+01 -2.0428558e+02      
7.4721588e+01 -2.0165582e+02      
7.4023947e+01 -1.9841329e+02      
7.3429114e+01 -1.9486408e+02      
7.2964695e+01 -1.9117825e+02      
7.2642856e+01 -1.8745343e+02      
7.2475126e+01 -1.8375908e+02      
7.2474378e+01 -1.8015798e+02      
6.4492409e+01 -1.8375690e+02      
6.2843271e+01 -1.8803974e+02      
6.1348323e+01 -1.9234476e+02      
5.9994416e+01 -1.9654357e+02      
5.8765448e+01 -2.0050038e+02      
5.7645851e+01 -2.0408100e+02      
5.6623252e+01 -2.0716304e+02      
5.5689241e+01 -2.0964439e+02      
5.4837799e+01 -2.1144641e+02      
5.4061191e+01 -2.1250951e+02      
5.3344070e+01 -2.1278099e+02      
5.2661567e+01 -2.1221089e+02      
5.1993580e+01 -2.1079120e+02      
5.1348231e+01 -2.0861839e+02      
5.0760800e+01 -2.0588070e+02      
5.0268765e+01 -2.0277454e+02      
4.9897275e+01 -1.9945318e+02      
4.9661302e+01 -1.9602816e+02      
4.9570856e+01 -1.9258582e+02      
4.9632824e+01 -1.8920058e+02      
