2.9265697e+01 2.3745228e+02      
2.8255191e+01 2.3665297e+02      
2.7670693e+01 2.3589149e+02      
2.7546322e+01 2.3519577e+02      
2.7952082e+01 2.3459321e+02      
2.8881777e+01 2.3412069e+02      
2.9468080e+01 2.3380734e+02      
2.9663688e+01 2.3368328e+02      
2.9437988e+01 2.3375543e+02      
2.8780846e+01 2.3400678e+02      
2.8516018e+01 2.3441751e+02      
2.8639098e+01 2.3496349e+02      
2.9108167e+01 2.3563194e+02      
2.9942730e+01 2.3641010e+02      
3.1181780e+01 2.3728166e+02      
3.2861579e+01 2.3822593e+02      
3.5007587e+01 2.3921701e+02      
3.7634942e+01 2.4022241e+02      
4.0752097e+01 2.4120196e+02      
4.4363239e+01 2.4210830e+02      
5.8145866e+01 2.2794675e+02      
5.7241470e+01 2.2712716e+02      
5.6766125e+01 2.2632090e+02      
5.6766511e+01 2.2555546e+02      
5.7341271e+01 2.2484855e+02      
5.8483485e+01 2.2422212e+02      
5.9211631e+01 2.2378574e+02      
5.9461640e+01 2.2355773e+02      
5.9188906e+01 2.2354596e+02      
5.8367700e+01 2.2374654e+02      
5.7898591e+01 2.2405811e+02      
5.7762986e+01 2.2447257e+02      
5.7916864e+01 2.2499126e+02      
5.8411502e+01 2.2560768e+02      
5.9314193e+01 2.2630904e+02      
6.0674078e+01 2.2707798e+02      
6.2516578e+01 2.2789226e+02      
6.4850793e+01 2.2872174e+02      
6.7680573e+01 2.2952488e+02      
7.1010364e+01 2.3024864e+02      
8.5704903e+01 2.1486030e+02      
8.4899296e+01 2.1400034e+02      
8.4498360e+01 2.1313392e+02      
8.4534732e+01 2.1229197e+02      
8.5078128e+01 2.1148921e+02      
8.6123874e+01 2.1073344e+02      
8.6845789e+01 2.1018705e+02      
8.7191734e+01 2.0985283e+02      
8.7105707e+01 2.0973944e+02      
8.6510132e+01 2.0985967e+02      
8.6067644e+01 2.1005595e+02      
8.5700931e+01 2.1033145e+02      
8.5472228e+01 2.1069886e+02      
8.5547091e+01 2.1115698e+02      
8.6049634e+01 2.1169433e+02      
8.7044212e+01 2.1229743e+02      
8.8547151e+01 2.1295138e+02      
9.0548665e+01 2.1363319e+02      
9.3041150e+01 2.1430110e+02      
9.6033938e+01 2.1489153e+02      
1.1152397e+02 1.9842415e+02      
1.1081530e+02 1.9749939e+02      
1.1046528e+02 1.9655437e+02      
1.1047578e+02 1.9563063e+02      
1.1084270e+02 1.9476127e+02      
1.1146937e+02 1.9398426e+02      
1.1208244e+02 1.9336356e+02      
1.1257316e+02 1.9292219e+02      
1.1289413e+02 1.9266900e+02      
1.1301175e+02 1.9260076e+02      
1.1287187e+02 1.9265638e+02      
1.1215642e+02 1.9277393e+02      
1.1136542e+02 1.9298685e+02      
1.1089467e+02 1.9329249e+02      
1.1092720e+02 1.9367083e+02      
1.1152806e+02 1.9411229e+02      
1.1268270e+02 1.9461639e+02      
1.1433103e+02 1.9518041e+02      
1.1643352e+02 1.9576878e+02      
1.1902772e+02 1.9629174e+02      
1.3522347e+02 1.7892044e+02      
1.3462412e+02 1.7789898e+02      
1.3432829e+02 1.7684793e+02      
1.3430921e+02 1.7582434e+02      
1.3453181e+02 1.7487762e+02      
1.3494140e+02 1.7404606e+02      
1.3548175e+02 1.7335323e+02      
1.3614855e+02 1.7280395e+02      
1.3695482e+02 1.7240233e+02      
1.3781433e+02 1.7217154e+02      
1.3830171e+02 1.7212679e+02      
1.3680933e+02 1.7205761e+02      
1.3515509e+02 1.7213430e+02      
1.3396929e+02 1.7230522e+02      
1.3347322e+02 1.7252753e+02      
1.3369019e+02 1.7279923e+02      
1.3454681e+02 1.7314387e+02      
1.3587763e+02 1.7360719e+02      
1.3749229e+02 1.7421077e+02      
1.3960438e+02 1.7475976e+02      
1.5646264e+02 1.5667955e+02      
1.5600328e+02 1.5551850e+02      
1.5579297e+02 1.5431984e+02      
1.5577700e+02 1.5316272e+02      
1.5590594e+02 1.5211548e+02      
1.5616637e+02 1.5121641e+02      
1.5661942e+02 1.5046181e+02      
1.5742457e+02 1.4981347e+02      
1.5872367e+02 1.4924678e+02      
1.6029148e+02 1.4881875e+02      
1.6045224e+02 1.4857122e+02      
1.5894871e+02 1.4845811e+02      
1.5625170e+02 1.4847711e+02      
1.5421351e+02 1.4855326e+02      
1.5318565e+02 1.4861411e+02      
1.5309330e+02 1.4868655e+02      
1.5376761e+02 1.4883263e+02      
1.5492337e+02 1.4917955e+02      
1.5581232e+02 1.4998901e+02      
1.5737678e+02 1.5067226e+02      
1.7493644e+02 1.3207882e+02      
1.7466812e+02 1.3072044e+02      
1.7460391e+02 1.2931161e+02      
1.7464591e+02 1.2796750e+02      
1.7469938e+02 1.2679572e+02      
1.7475111e+02 1.2584815e+02      
1.7494533e+02 1.2508724e+02      
1.7562671e+02 1.2440110e+02      
1.7721919e+02 1.2365921e+02      
1.7829797e+02 1.2303660e+02      
1.7809748e+02 1.2263528e+02      
1.7644211e+02 1.2247353e+02      
1.7372148e+02 1.2248178e+02      
1.7090777e+02 1.2250093e+02      
1.6955526e+02 1.2233743e+02      
1.6928336e+02 1.2217498e+02      
1.6986541e+02 1.2208847e+02      
1.7045350e+02 1.2256509e+02      
1.7084146e+02 1.2360943e+02      
1.7197140e+02 1.2447090e+02      
1.9036959e+02 1.0554391e+02      
1.9036546e+02 1.0391176e+02      
1.9055033e+02 1.0219630e+02      
1.9075847e+02 1.0057008e+02      
1.9076485e+02 9.9232723e+01      
1.9046256e+02 9.8294466e+01      
1.9007940e+02 9.7653209e+01      
1.8999068e+02 9.7107599e+01      
1.9044227e+02 9.6475353e+01      
1.9121400e+02 9.5671703e+01      
1.9070823e+02 9.5126399e+01      
1.8868954e+02 9.4949635e+01      
1.8559763e+02 9.4993705e+01      
1.8324311e+02 9.4763005e+01      
1.8211500e+02 9.4216520e+01      
1.8171589e+02 9.3853738e+01      
1.8188540e+02 9.3772093e+01      
1.8212178e+02 9.4335586e+01      
1.8224919e+02 9.5579940e+01      
1.8310654e+02 9.6626573e+01      
2.0250560e+02 7.7554709e+01      
2.0285551e+02 7.5554167e+01      
2.0345094e+02 7.3384725e+01      
2.0406815e+02 7.1286926e+01      
2.0421097e+02 6.9652598e+01      
2.0326128e+02 6.8881176e+01      
2.0190920e+02 6.8585232e+01      
2.0070035e+02 6.8382902e+01      
1.9984094e+02 6.8045898e+01      
1.9924653e+02 6.7477869e+01      
1.9842713e+02 6.6777587e+01      
1.9592685e+02 6.6622728e+01      
1.9333935e+02 6.6360453e+01      
1.9130429e+02 6.5894856e+01      
1.9005732e+02 6.5307630e+01      
1.8952651e+02 6.4805085e+01      
1.8964763e+02 6.4482318e+01      
1.8980511e+02 6.4998205e+01      
1.8988877e+02 6.6378495e+01      
1.9062243e+02 6.7609566e+01      
2.1109185e+02 4.8656272e+01      
2.1187580e+02 4.6190079e+01      
2.1308645e+02 4.3362175e+01      
2.1447755e+02 4.0484146e+01      
2.1529612e+02 3.8218179e+01      
2.1309744e+02 3.7973677e+01      
2.1036692e+02 3.8360406e+01      
2.0784907e+02 3.8732686e+01      
2.0572721e+02 3.8806790e+01      
2.0389501e+02 3.8532492e+01      
2.0201634e+02 3.8033693e+01      
1.9970069e+02 3.7527462e+01      
1.9739253e+02 3.6907182e+01      
1.9548193e+02 3.6153059e+01      
1.9415628e+02 3.5374615e+01      
1.9346046e+02 3.4757779e+01      
1.9332736e+02 3.4532538e+01      
1.9354973e+02 3.4952911e+01      
1.9374196e+02 3.6438028e+01      
1.9446890e+02 3.7876356e+01      
2.1586953e+02 1.9470574e+01      
2.1709851e+02 1.6486582e+01      
2.1906454e+02 1.2794497e+01      
2.2137212e+02 8.8815491e+00      
2.2164790e+02 6.5905760e+00      
2.1939968e+02 6.2883351e+00      
2.1517091e+02 7.6360219e+00      
2.1128062e+02 8.8017797e+00      
2.0804635e+02 9.3253525e+00      
2.0528479e+02 9.2548017e+00      
2.0272333e+02 8.7695145e+00      
2.0022731e+02 8.0056269e+00      
1.9790624e+02 7.0211861e+00      
1.9596203e+02 5.8798336e+00      
1.9455016e+02 4.7226711e+00      
1.9373896e+02 3.7933745e+00      
1.9346734e+02 3.5202157e+00      
1.9353692e+02 4.4330176e+00      
1.9390099e+02 6.1146215e+00      
1.9468745e+02 7.8716517e+00      
2.1659461e+02 -9.3163998e+00      
2.1803936e+02 -1.2643759e+01      
2.2061107e+02 -1.7201666e+01      
2.2236772e+02 -2.1194651e+01      
2.2222591e+02 -2.3530637e+01      
2.1985363e+02 -2.3838933e+01      
2.1562168e+02 -2.2469306e+01      
2.1060296e+02 -2.0496181e+01      
2.0660927e+02 -1.9707318e+01      
2.0325061e+02 -1.9760707e+01      
2.0022246e+02 -2.0376658e+01      
1.9742634e+02 -2.1418537e+01      
1.9490879e+02 -2.2805297e+01      
1.9280166e+02 -2.4453372e+01      
1.9125449e+02 -2.6211489e+01      
1.9037546e+02 -2.7781384e+01      
1.9014442e+02 -2.8538701e+01      
1.9010860e+02 -2.6758633e+01      
1.9053450e+02 -2.4295021e+01      
1.9138248e+02 -2.1919783e+01      
2.1318935e+02 -3.7102094e+01      
2.1422069e+02 -4.0171382e+01      
2.1578583e+02 -4.4071825e+01      
2.1737939e+02 -4.8431238e+01      
2.1703434e+02 -5.0949584e+01      
2.1441507e+02 -5.1091801e+01      
2.0990135e+02 -4.9380294e+01      
2.0539296e+02 -4.8110567e+01      
2.0134236e+02 -4.7650464e+01      
1.9770553e+02 -4.7921168e+01      
1.9435389e+02 -4.8785702e+01      
1.9124387e+02 -5.0160427e+01      
1.8842633e+02 -5.1999026e+01      
1.8603173e+02 -5.4272159e+01      
1.8425397e+02 -5.6841953e+01      
1.8327940e+02 -5.9210163e+01      
1.8298131e+02 -5.9572218e+01      
1.8316307e+02 -5.7704830e+01      
1.8373694e+02 -5.4136538e+01      
1.8469674e+02 -5.0873082e+01      
2.0590219e+02 -6.3550569e+01      
2.0634833e+02 -6.6130062e+01      
2.0693219e+02 -6.9191499e+01      
2.0734176e+02 -7.2484562e+01      
2.0688899e+02 -7.5262031e+01      
2.0401903e+02 -7.5125186e+01      
2.0028811e+02 -7.4471428e+01      
1.9635174e+02 -7.4050728e+01      
1.9248837e+02 -7.4119683e+01      
1.8876944e+02 -7.4742391e+01      
1.8519132e+02 -7.5921436e+01      
1.8176297e+02 -7.7651021e+01      
1.7855563e+02 -7.9934621e+01      
1.7572152e+02 -8.2832736e+01      
1.7353010e+02 -8.6297311e+01      
1.7243628e+02 -8.8230600e+01      
1.7226137e+02 -8.8108371e+01      
1.7274947e+02 -8.5966128e+01      
1.7367895e+02 -8.2287114e+01      
1.7484966e+02 -7.8126042e+01      
1.9511817e+02 -8.8450980e+01      
1.9504842e+02 -9.0539829e+01      
1.9488898e+02 -9.2878297e+01      
1.9440138e+02 -9.5227873e+01      
1.9317511e+02 -9.7081726e+01      
1.9077529e+02 -9.7808245e+01      
1.8762327e+02 -9.8045359e+01      
1.8410728e+02 -9.8309831e+01      
1.8043863e+02 -9.8856873e+01      
1.7671512e+02 -9.9828268e+01      
1.7296577e+02 -1.0131037e+02      
1.6920586e+02 -1.0336710e+02      
1.6550335e+02 -1.0603467e+02      
1.6206363e+02 -1.0925708e+02      
1.5933473e+02 -1.1258000e+02      
1.5837584e+02 -1.1402539e+02      
1.5855540e+02 -1.1333145e+02      
1.5951030e+02 -1.1061766e+02      
1.6086728e+02 -1.0644277e+02      
1.6216506e+02 -1.0273417e+02      
1.8120659e+02 -1.1158030e+02      
1.8073767e+02 -1.1325034e+02      
1.8007361e+02 -1.1505709e+02      
1.7904794e+02 -1.1681401e+02      
1.7745776e+02 -1.1827267e+02      
1.7518704e+02 -1.1928771e+02      
1.7233610e+02 -1.2001457e+02      
1.6908785e+02 -1.2071584e+02      
1.6558249e+02 -1.2160111e+02      
1.6189317e+02 -1.2282575e+02      
1.5802782e+02 -1.2452238e+02      
1.5393904e+02 -1.2683280e+02      
1.4963688e+02 -1.2984010e+02      
1.4547084e+02 -1.3329701e+02      
1.4277730e+02 -1.3562449e+02      
1.4183988e+02 -1.3628053e+02      
1.4253400e+02 -1.3499239e+02      
1.4413931e+02 -1.3154168e+02      
1.4564743e+02 -1.2792047e+02      
1.4695672e+02 -1.2473467e+02      
1.6451170e+02 -1.3268693e+02      
1.6375690e+02 -1.3402394e+02      
1.6276675e+02 -1.3545493e+02      
1.6143825e+02 -1.3685921e+02      
1.5967133e+02 -1.3811742e+02      
1.5741833e+02 -1.3917778e+02      
1.5471420e+02 -1.4010181e+02      
1.5164290e+02 -1.4102242e+02      
1.4828402e+02 -1.4208258e+02      
1.4468009e+02 -1.4341523e+02      
1.4081306e+02 -1.4515861e+02      
1.3654421e+02 -1.4752135e+02      
1.3167148e+02 -1.5073034e+02      
1.2751520e+02 -1.5349595e+02      
1.2487539e+02 -1.5506056e+02      
1.2405533e+02 -1.5503417e+02      
1.2491657e+02 -1.5326368e+02      
1.2684310e+02 -1.4997680e+02      
1.2834129e+02 -1.4685960e+02      
1.2953889e+02 -1.4412598e+02      
1.4536866e+02 -1.5150580e+02      
1.4442040e+02 -1.5258213e+02      
1.4322642e+02 -1.5373903e+02      
1.4172526e+02 -1.5490005e+02      
1.3986463e+02 -1.5600111e+02      
1.3762191e+02 -1.5701777e+02      
1.3501363e+02 -1.5798006e+02      
1.3208349e+02 -1.5896020e+02      
1.2887869e+02 -1.6004845e+02      
1.2542860e+02 -1.6133806e+02      
1.2172750e+02 -1.6292417e+02      
1.1772191e+02 -1.6490550e+02      
1.1339226e+02 -1.6728123e+02      
1.0903617e+02 -1.6968399e+02      
1.0633653e+02 -1.7079360e+02      
1.0571526e+02 -1.7027850e+02      
1.0686098e+02 -1.6819434e+02      
1.0814981e+02 -1.6565776e+02      
1.0926868e+02 -1.6311634e+02      
1.1021403e+02 -1.6078417e+02      
1.2411808e+02 -1.6777972e+02      
1.2304680e+02 -1.6864879e+02      
1.2173191e+02 -1.6959284e+02      
1.2013784e+02 -1.7056138e+02      
1.1823748e+02 -1.7151542e+02      
1.1602153e+02 -1.7243964e+02      
1.1350233e+02 -1.7334824e+02      
1.1070897e+02 -1.7427989e+02      
1.0767690e+02 -1.7528601e+02      
1.0443796e+02 -1.7641880e+02      
1.0101646e+02 -1.7771954e+02      
9.7440128e+01 -1.7919673e+02      
9.3780113e+01 -1.8077776e+02      
9.0246268e+01 -1.8222955e+02      
8.7405304e+01 -1.8306130e+02      
8.7019463e+01 -1.8221964e+02      
8.7391972e+01 -1.8061485e+02      
8.7997874e+01 -1.7864927e+02      
8.8642032e+01 -1.7658025e+02      
8.9257613e+01 -1.7458639e+02      
1.0111446e+02 -1.8127742e+02      
9.9972705e+01 -1.8197718e+02      
9.8594776e+01 -1.8274579e+02      
9.6961788e+01 -1.8354775e+02      
9.5061727e+01 -1.8435607e+02      
9.2894302e+01 -1.8515813e+02      
9.0473010e+01 -1.8595793e+02      
8.7823445e+01 -1.8677306e+02      
8.4979347e+01 -1.8762743e+02      
8.1979706e+01 -1.8854143e+02      
7.8871033e+01 -1.8951933e+02      
7.5719807e+01 -1.9053075e+02      
7.2639316e+01 -1.9148461e+02      
6.9829637e+01 -1.9220479e+02      
6.7682781e+01 -1.9239695e+02      
6.6679898e+01 -1.9174910e+02      
6.6382982e+01 -1.9050241e+02      
6.6433354e+01 -1.8891274e+02      
6.6651918e+01 -1.8717072e+02      
6.6939045e+01 -1.8542844e+02      
