2.2679107e+01 2.4494756e+02      
2.0632825e+01 2.4381174e+02      
1.8920690e+01 2.4284504e+02      
1.7523939e+01 2.4213843e+02      
1.6448462e+01 2.4175721e+02      
1.5719735e+01 2.4171712e+02      
1.5335398e+01 2.4195398e+02      
1.5247754e+01 2.4235181e+02      
1.5362518e+01 2.4276096e+02      
1.5378191e+01 2.4270656e+02      
1.4592037e+01 2.4061334e+02      
1.4247237e+01 2.3884665e+02      
1.4489247e+01 2.3763812e+02      
1.5258056e+01 2.3693074e+02      
1.6507438e+01 2.3669938e+02      
1.8218002e+01 2.3690898e+02      
2.0395729e+01 2.3750478e+02      
2.3059457e+01 2.3841527e+02      
2.6230076e+01 2.3955831e+02      
2.9924815e+01 2.4084638e+02      
5.1054913e+01 2.3431222e+02      
4.9211438e+01 2.3294173e+02      
4.7679065e+01 2.3176178e+02      
4.6411033e+01 2.3091427e+02      
4.5421368e+01 2.3051489e+02      
4.4819816e+01 2.3063280e+02      
4.4667866e+01 2.3119168e+02      
4.4790386e+01 2.3186774e+02      
4.5178916e+01 2.3261031e+02      
4.4739008e+01 2.3168037e+02      
4.3385432e+01 2.2881360e+02      
4.2667624e+01 2.2640890e+02      
4.2681996e+01 2.2470132e+02      
4.3262333e+01 2.2360550e+02      
4.4293613e+01 2.2308959e+02      
4.5738650e+01 2.2310671e+02      
4.7615769e+01 2.2358015e+02      
4.9959407e+01 2.2441507e+02      
5.2801240e+01 2.2550907e+02      
5.6165134e+01 2.2675792e+02      
7.8257922e+01 2.1992652e+02      
7.6702469e+01 2.1820454e+02      
7.5430903e+01 2.1668222e+02      
7.4307506e+01 2.1558769e+02      
7.3296147e+01 2.1510852e+02      
7.2663272e+01 2.1535336e+02      
7.2792682e+01 2.1641553e+02      
7.2896337e+01 2.1708099e+02      
7.2968162e+01 2.1717553e+02      
7.2249598e+01 2.1571913e+02      
7.0574479e+01 2.1251298e+02      
6.9688815e+01 2.0972645e+02      
6.9643781e+01 2.0761377e+02      
7.0149048e+01 2.0616617e+02      
7.0977046e+01 2.0541947e+02      
7.2107880e+01 2.0532312e+02      
7.3617750e+01 2.0576298e+02      
7.5572115e+01 2.0661219e+02      
7.8016400e+01 2.0774435e+02      
8.0981195e+01 2.0903700e+02      
1.0383610e+02 2.0206553e+02      
1.0269008e+02 1.9983040e+02      
1.0185129e+02 1.9775131e+02      
1.0098780e+02 1.9621068e+02      
9.9677919e+01 1.9562176e+02      
9.8486079e+01 1.9574414e+02      
9.7780533e+01 1.9624221e+02      
9.7515322e+01 1.9663268e+02      
9.7767406e+01 1.9674509e+02      
9.7171987e+01 1.9524700e+02      
9.5534588e+01 1.9206491e+02      
9.4769249e+01 1.8908580e+02      
9.4957002e+01 1.8659615e+02      
9.5660857e+01 1.8474691e+02      
9.6246725e+01 1.8384829e+02      
9.6956475e+01 1.8376091e+02      
9.8010364e+01 1.8428833e+02      
9.9500344e+01 1.8526486e+02      
1.0147853e+02 1.8653972e+02      
1.0397837e+02 1.8797252e+02      
1.2731859e+02 1.8111503e+02      
1.2672856e+02 1.7816278e+02      
1.2657404e+02 1.7522422e+02      
1.2634902e+02 1.7288558e+02      
1.2424998e+02 1.7239648e+02      
1.2215051e+02 1.7256788e+02      
1.2055827e+02 1.7282574e+02      
1.1958530e+02 1.7282555e+02      
1.1918158e+02 1.7234188e+02      
1.1898211e+02 1.7100625e+02      
1.1775901e+02 1.6806470e+02      
1.1739712e+02 1.6499825e+02      
1.1811512e+02 1.6207262e+02      
1.1963237e+02 1.5952422e+02      
1.1978162e+02 1.5859351e+02      
1.1991947e+02 1.5868528e+02      
1.2041386e+02 1.5945819e+02      
1.2136764e+02 1.6069571e+02      
1.2281616e+02 1.6223314e+02      
1.2478911e+02 1.6391455e+02      
1.4819283e+02 1.5760609e+02      
1.4825407e+02 1.5374227e+02      
1.4885923e+02 1.4971347e+02      
1.4833611e+02 1.4708493e+02      
1.4634675e+02 1.4615894e+02      
1.4329233e+02 1.4663559e+02      
1.4081286e+02 1.4697247e+02      
1.3912163e+02 1.4671336e+02      
1.3809945e+02 1.4574861e+02      
1.3747144e+02 1.4397782e+02      
1.3697394e+02 1.4130724e+02      
1.3712915e+02 1.3816666e+02      
1.3828890e+02 1.3480457e+02      
1.4028514e+02 1.3154627e+02      
1.4099784e+02 1.3007199e+02      
1.4057306e+02 1.3046612e+02      
1.4045267e+02 1.3165154e+02      
1.4082498e+02 1.3328983e+02      
1.4169068e+02 1.3522265e+02      
1.4307799e+02 1.3727320e+02      
1.6585167e+02 1.3231014e+02      
1.6646065e+02 1.2751600e+02      
1.6677111e+02 1.2319254e+02      
1.6606151e+02 1.2022959e+02      
1.6411462e+02 1.1891866e+02      
1.6117896e+02 1.1896744e+02      
1.5798238e+02 1.1948792e+02      
1.5578713e+02 1.1897777e+02      
1.5436928e+02 1.1760949e+02      
1.5353345e+02 1.1549317e+02      
1.5325075e+02 1.1269219e+02      
1.5368995e+02 1.0934786e+02      
1.5506330e+02 1.0557225e+02      
1.5722185e+02 1.0170099e+02      
1.5832080e+02 9.9709159e+01      
1.5833933e+02 9.9729981e+01      
1.5773291e+02 1.0137540e+02      
1.5758666e+02 1.0346189e+02      
1.5780471e+02 1.0596725e+02      
1.5854469e+02 1.0852071e+02      
1.7970852e+02 1.0613024e+02      
1.7980295e+02 1.0164102e+02      
1.8014147e+02 9.6745667e+01      
1.7943044e+02 9.3315149e+01      
1.7744576e+02 9.1770262e+01      
1.7440103e+02 9.1701644e+01      
1.7153302e+02 9.1282028e+01      
1.6925544e+02 9.0166016e+01      
1.6763853e+02 8.8352684e+01      
1.6666923e+02 8.5894031e+01      
1.6638523e+02 8.2829616e+01      
1.6688575e+02 7.9210246e+01      
1.6827854e+02 7.5085457e+01      
1.7036962e+02 7.0794803e+01      
1.7160284e+02 6.8512023e+01      
1.7190399e+02 6.8319629e+01      
1.7169362e+02 6.9565906e+01      
1.7135101e+02 7.1816078e+01      
1.7084195e+02 7.5090402e+01      
1.7093032e+02 7.8187463e+01      
1.8998535e+02 7.9127731e+01      
1.8966450e+02 7.5052606e+01      
1.8948246e+02 7.0702758e+01      
1.8890024e+02 6.6727387e+01      
1.8690713e+02 6.5047432e+01      
1.8432449e+02 6.3809834e+01      
1.8169223e+02 6.2413503e+01      
1.7939041e+02 6.0620385e+01      
1.7762408e+02 5.8341681e+01      
1.7650226e+02 5.5545868e+01      
1.7611081e+02 5.2213663e+01      
1.7654702e+02 4.8314624e+01      
1.7787617e+02 4.3914269e+01      
1.7982392e+02 3.9561692e+01      
1.8107274e+02 3.7223199e+01      
1.8136965e+02 3.7214875e+01      
1.8133514e+02 3.8222628e+01      
1.8102367e+02 4.0291342e+01      
1.8052055e+02 4.3304832e+01      
1.8009834e+02 4.6753514e+01      
1.9682829e+02 5.1423667e+01      
1.9632413e+02 4.7640934e+01      
1.9593202e+02 4.3704401e+01      
1.9526297e+02 4.0089713e+01      
1.9376808e+02 3.7381206e+01      
1.9133290e+02 3.5150000e+01      
1.8862371e+02 3.2973405e+01      
1.8614246e+02 3.0610795e+01      
1.8415904e+02 2.7926588e+01      
1.8282275e+02 2.4852609e+01      
1.8223041e+02 2.1337859e+01      
1.8248897e+02 1.7265275e+01      
1.8373071e+02 1.2544858e+01      
1.8556257e+02 8.8290393e+00      
1.8697870e+02 6.2111179e+00      
1.8766729e+02 5.2802633e+00      
1.8779589e+02 5.8323833e+00      
1.8749914e+02 7.7131417e+00      
1.8685620e+02 1.0754452e+01      
1.8590110e+02 1.4679312e+01      
2.0022083e+02 2.3323648e+01      
1.9974493e+02 1.9658009e+01      
1.9950409e+02 1.5812218e+01      
1.9921409e+02 1.2087638e+01      
1.9833332e+02 8.7662233e+00      
1.9549241e+02 5.9030048e+00      
1.9231818e+02 3.2161370e+00      
1.8943815e+02 4.5002324e-01      
1.8713198e+02 -2.5376155e+00      
1.8551502e+02 -5.8006811e+00      
1.8463824e+02 -9.3598708e+00      
1.8453994e+02 -1.3231911e+01      
1.8522349e+02 -1.7280662e+01      
1.8655457e+02 -2.1068190e+01      
1.8825859e+02 -2.4492420e+01      
1.8915940e+02 -2.6171137e+01      
1.8935199e+02 -2.6050794e+01      
1.8898414e+02 -2.4257295e+01      
1.8811126e+02 -2.0955819e+01      
1.8676887e+02 -1.6465240e+01      
2.0007870e+02 -4.7526989e+00      
1.9975391e+02 -8.4363965e+00      
1.9990838e+02 -1.2437336e+01      
2.0021333e+02 -1.6505916e+01      
1.9914851e+02 -2.0228589e+01      
1.9646791e+02 -2.3534759e+01      
1.9260504e+02 -2.6483385e+01      
1.8914746e+02 -2.9482473e+01      
1.8645216e+02 -3.2682058e+01      
1.8453860e+02 -3.6068674e+01      
1.8335407e+02 -3.9591639e+01      
1.8285879e+02 -4.3205540e+01      
1.8301575e+02 -4.6843001e+01      
1.8380775e+02 -5.0496970e+01      
1.8515773e+02 -5.4186936e+01      
1.8596854e+02 -5.6376897e+01      
1.8608618e+02 -5.6587454e+01      
1.8558397e+02 -5.4782210e+01      
1.8448414e+02 -5.1081179e+01      
1.8279336e+02 -4.5807981e+01      
1.9629873e+02 -3.2311257e+01      
1.9604698e+02 -3.6045097e+01      
1.9659349e+02 -4.0306992e+01      
1.9662231e+02 -4.4615375e+01      
1.9540998e+02 -4.8649579e+01      
1.9277412e+02 -5.2280490e+01      
1.8904005e+02 -5.5561052e+01      
1.8502743e+02 -5.8704481e+01      
1.8204829e+02 -6.2124441e+01      
1.7992373e+02 -6.5633540e+01      
1.7848721e+02 -6.9102175e+01      
1.7763813e+02 -7.2471459e+01      
1.7730772e+02 -7.5715041e+01      
1.7745563e+02 -7.8883959e+01      
1.7798861e+02 -8.2026255e+01      
1.7859988e+02 -8.4765462e+01      
1.7851831e+02 -8.5248855e+01      
1.7783165e+02 -8.3350505e+01      
1.7664976e+02 -7.9267702e+01      
1.7513583e+02 -7.3726830e+01      
1.8888303e+02 -5.8855106e+01      
1.8831960e+02 -6.2517818e+01      
1.8820345e+02 -6.6688754e+01      
1.8822023e+02 -7.1275948e+01      
1.8697807e+02 -7.5586064e+01      
1.8425264e+02 -7.9412566e+01      
1.8038915e+02 -8.2899586e+01      
1.7682843e+02 -8.6676076e+01      
1.7395442e+02 -9.0522030e+01      
1.7178698e+02 -9.4215159e+01      
1.7022083e+02 -9.7620503e+01      
1.6910078e+02 -1.0073420e+02      
1.6832179e+02 -1.0348014e+02      
1.6785720e+02 -1.0596977e+02      
1.6768181e+02 -1.0845215e+02      
1.6767959e+02 -1.1098078e+02      
1.6719286e+02 -1.1160445e+02      
1.6622657e+02 -1.0961554e+02      
1.6501903e+02 -1.0495324e+02      
1.6403258e+02 -9.9754226e+01      
1.7806273e+02 -8.3959322e+01      
1.7708419e+02 -8.7478863e+01      
1.7630318e+02 -9.1450589e+01      
1.7553295e+02 -9.5811801e+01      
1.7431344e+02 -1.0035458e+02      
1.7145052e+02 -1.0424167e+02      
1.6820304e+02 -1.0839086e+02      
1.6508196e+02 -1.1304504e+02      
1.6243166e+02 -1.1745292e+02      
1.6035507e+02 -1.2145843e+02      
1.5883316e+02 -1.2483074e+02      
1.5757300e+02 -1.2783625e+02      
1.5635907e+02 -1.2987885e+02      
1.5531810e+02 -1.3140653e+02      
1.5447294e+02 -1.3285057e+02      
1.5369404e+02 -1.3432565e+02      
1.5271504e+02 -1.3530767e+02      
1.5130285e+02 -1.3358232e+02      
1.5041636e+02 -1.2900463e+02      
1.4990042e+02 -1.2383706e+02      
1.6417910e+02 -1.0725833e+02      
1.6283577e+02 -1.1060471e+02      
1.6154108e+02 -1.1435121e+02      
1.6015170e+02 -1.1842971e+02      
1.5839223e+02 -1.2269043e+02      
1.5595444e+02 -1.2694727e+02      
1.5318951e+02 -1.3150972e+02      
1.5041397e+02 -1.3659024e+02      
1.4799317e+02 -1.4149484e+02      
1.4605903e+02 -1.4612365e+02      
1.4465326e+02 -1.5020467e+02      
1.4343213e+02 -1.5372817e+02      
1.4169784e+02 -1.5463527e+02      
1.4011515e+02 -1.5482360e+02      
1.3871825e+02 -1.5499481e+02      
1.3737306e+02 -1.5544020e+02      
1.3586768e+02 -1.5607147e+02      
1.3412471e+02 -1.5472533e+02      
1.3321003e+02 -1.5103714e+02      
1.3313914e+02 -1.4565704e+02      
1.4758052e+02 -1.2842055e+02      
1.4595396e+02 -1.3158077e+02      
1.4430659e+02 -1.3510705e+02      
1.4254349e+02 -1.3894199e+02      
1.4054280e+02 -1.4301608e+02      
1.3824842e+02 -1.4730651e+02      
1.3577326e+02 -1.5190521e+02      
1.3331705e+02 -1.5687899e+02      
1.3110297e+02 -1.6214182e+02      
1.2927775e+02 -1.6766167e+02      
1.2785530e+02 -1.7304555e+02      
1.2629719e+02 -1.7631928e+02      
1.2446969e+02 -1.7707138e+02      
1.2248597e+02 -1.7570701e+02      
1.2071194e+02 -1.7441653e+02      
1.1902439e+02 -1.7363336e+02      
1.1721854e+02 -1.7315216e+02      
1.1528360e+02 -1.7223076e+02      
1.1438867e+02 -1.6908363e+02      
1.1429228e+02 -1.6446605e+02      
1.2861191e+02 -1.4714540e+02      
1.2678085e+02 -1.5011127e+02      
1.2490235e+02 -1.5341823e+02      
1.2292701e+02 -1.5702523e+02      
1.2080941e+02 -1.6089786e+02      
1.1854648e+02 -1.6503158e+02      
1.1620485e+02 -1.6946616e+02      
1.1390470e+02 -1.7427611e+02      
1.1179189e+02 -1.7966027e+02      
1.0998797e+02 -1.8593235e+02      
1.0824471e+02 -1.9114930e+02      
1.0644755e+02 -1.9420519e+02      
1.0456570e+02 -1.9473762e+02      
1.0262752e+02 -1.9310669e+02      
1.0070289e+02 -1.9043962e+02      
9.8902936e+01 -1.8868206e+02      
9.7080133e+01 -1.8740508e+02      
9.5253575e+01 -1.8605807e+02      
9.4689681e+01 -1.8267621e+02      
9.4494841e+01 -1.7864688e+02      
1.0762195e+02 -1.6316797e+02      
1.0564998e+02 -1.6593013e+02      
1.0362209e+02 -1.6900792e+02      
1.0151823e+02 -1.7236876e+02      
9.9326625e+01 -1.7598717e+02      
9.7059848e+01 -1.7985451e+02      
9.4763639e+01 -1.8398604e+02      
9.2509216e+01 -1.8842789e+02      
9.0371458e+01 -1.9327491e+02      
8.8374787e+01 -1.9855599e+02      
8.6432094e+01 -2.0382217e+02      
8.4491759e+01 -2.0676652e+02      
8.2612671e+01 -2.0688735e+02      
8.0770307e+01 -2.0465076e+02      
7.8957281e+01 -2.0234528e+02      
7.7235249e+01 -2.0035985e+02      
7.5621793e+01 -1.9852661e+02      
7.4260810e+01 -1.9640742e+02      
7.3471833e+01 -1.9345614e+02      
7.3067904e+01 -1.8998435e+02      
8.4970441e+01 -1.7626571e+02      
8.2905554e+01 -1.7881366e+02      
8.0782358e+01 -1.8164733e+02      
7.8598023e+01 -1.8473616e+02      
7.6356282e+01 -1.8805309e+02      
7.4074344e+01 -1.9157811e+02      
7.1785192e+01 -1.9529937e+02      
6.9531476e+01 -1.9920899e+02      
6.7349966e+01 -2.0328344e+02      
6.5248099e+01 -2.0742507e+02      
6.3189477e+01 -2.1132851e+02      
6.1142686e+01 -2.1421060e+02      
5.9339998e+01 -2.1383083e+02      
5.7567893e+01 -2.1238328e+02      
5.5854560e+01 -2.1060110e+02      
5.4252302e+01 -2.0871177e+02      
5.2815424e+01 -2.0668591e+02      
5.1631157e+01 -2.0436386e+02      
5.0779140e+01 -2.0161733e+02      
5.0235051e+01 -1.9852081e+02      
