2.8347967e+01 2.3785194e+02      
2.7189584e+01 2.3695657e+02      
2.6384153e+01 2.3607078e+02      
2.5909659e+01 2.3522050e+02      
2.5728588e+01 2.3443067e+02      
2.5785094e+01 2.3372461e+02      
2.6011924e+01 2.3312342e+02      
2.6354293e+01 2.3264569e+02      
2.6801880e+01 2.3230798e+02      
2.7404413e+01 2.3212591e+02      
2.8257796e+01 2.3211592e+02      
2.9474615e+01 2.3229783e+02      
3.1159980e+01 2.3269658e+02      
3.3369836e+01 2.3332693e+02      
3.5807979e+01 2.3402400e+02      
3.7559194e+01 2.3427517e+02      
3.8634570e+01 2.3408037e+02      
3.9981992e+01 2.3394119e+02      
4.1938314e+01 2.3400328e+02      
4.4500878e+01 2.3422289e+02      
5.7476622e+01 2.2835223e+02      
5.6481759e+01 2.2745887e+02      
5.5854622e+01 2.2654800e+02      
5.5577458e+01 2.2564721e+02      
5.5609915e+01 2.2478360e+02      
5.5873914e+01 2.2398309e+02      
5.6249986e+01 2.2326888e+02      
5.6619981e+01 2.2266081e+02      
5.6947785e+01 2.2217654e+02      
5.7320628e+01 2.2183356e+02      
5.7912195e+01 2.2165252e+02      
5.8913335e+01 2.2166440e+02      
6.0519412e+01 2.2192852e+02      
6.3024563e+01 2.2258722e+02      
6.6488759e+01 2.2370171e+02      
6.7983974e+01 2.2367510e+02      
6.7505197e+01 2.2252707e+02      
6.8014847e+01 2.2184660e+02      
6.9485744e+01 2.2156306e+02      
7.1677178e+01 2.2150820e+02      
8.5323903e+01 2.1529160e+02      
8.4513393e+01 2.1438645e+02      
8.4090378e+01 2.1343735e+02      
8.4052337e+01 2.1247315e+02      
8.4373765e+01 2.1152328e+02      
8.4967029e+01 2.1061760e+02      
8.5621009e+01 2.0978218e+02      
8.6056599e+01 2.0903603e+02      
8.6165197e+01 2.0839592e+02      
8.6114133e+01 2.0787785e+02      
8.6241651e+01 2.0750033e+02      
8.6829804e+01 2.0728947e+02      
8.8081662e+01 2.0729880e+02      
9.0279942e+01 2.0765283e+02      
9.3484866e+01 2.0836220e+02      
9.4686777e+01 2.0805636e+02      
9.3875654e+01 2.0676866e+02      
9.4073880e+01 2.0588586e+02      
9.5235149e+01 2.0540317e+02      
9.7112821e+01 2.0517281e+02      
1.1144174e+02 1.9890361e+02      
1.1082293e+02 1.9797214e+02      
1.1061097e+02 1.9697119e+02      
1.1083216e+02 1.9592952e+02      
1.1151185e+02 1.9487791e+02      
1.1263413e+02 1.9385404e+02      
1.1389775e+02 1.9289378e+02      
1.1451027e+02 1.9200390e+02      
1.1422085e+02 1.9120340e+02      
1.1334746e+02 1.9049955e+02      
1.1273369e+02 1.8990922e+02      
1.1272233e+02 1.8943145e+02      
1.1336819e+02 1.8907774e+02      
1.1465820e+02 1.8886270e+02      
1.1623715e+02 1.8865496e+02      
1.1712493e+02 1.8805871e+02      
1.1730873e+02 1.8711790e+02      
1.1774942e+02 1.8629520e+02      
1.1878451e+02 1.8575234e+02      
1.2041060e+02 1.8545437e+02      
1.3541470e+02 1.7947272e+02      
1.3497777e+02 1.7850052e+02      
1.3495313e+02 1.7743524e+02      
1.3540048e+02 1.7630281e+02      
1.3642105e+02 1.7512908e+02      
1.3819762e+02 1.7395439e+02      
1.4068531e+02 1.7285540e+02      
1.4157978e+02 1.7180454e+02      
1.4071467e+02 1.7086314e+02      
1.3834676e+02 1.6999103e+02      
1.3681769e+02 1.6921107e+02      
1.3617539e+02 1.6846065e+02      
1.3619534e+02 1.6772054e+02      
1.3669407e+02 1.6697726e+02      
1.3739005e+02 1.6617480e+02      
1.3796275e+02 1.6525151e+02      
1.3838930e+02 1.6428355e+02      
1.3894575e+02 1.6346270e+02      
1.3986743e+02 1.6291649e+02      
1.4125101e+02 1.6264724e+02      
1.5687377e+02 1.5732879e+02      
1.5659406e+02 1.5630221e+02      
1.5669990e+02 1.5516388e+02      
1.5726972e+02 1.5393459e+02      
1.5845342e+02 1.5262423e+02      
1.6052159e+02 1.5123421e+02      
1.6338939e+02 1.4980352e+02      
1.6432231e+02 1.4855340e+02      
1.6305153e+02 1.4754015e+02      
1.5997138e+02 1.4671156e+02      
1.5787699e+02 1.4582081e+02      
1.5683021e+02 1.4482058e+02      
1.5637229e+02 1.4370911e+02      
1.5635037e+02 1.4250543e+02      
1.5656433e+02 1.4122258e+02      
1.5683606e+02 1.3990677e+02      
1.5713096e+02 1.3868948e+02      
1.5755797e+02 1.3775225e+02      
1.5827083e+02 1.3721641e+02      
1.5936931e+02 1.3707603e+02      
1.7551029e+02 1.3284009e+02      
1.7535967e+02 1.3174555e+02      
1.7552063e+02 1.3053089e+02      
1.7606202e+02 1.2921449e+02      
1.7713423e+02 1.2778890e+02      
1.7901389e+02 1.2620304e+02      
1.8162883e+02 1.2444509e+02      
1.8231715e+02 1.2301645e+02      
1.8083003e+02 1.2196287e+02      
1.7758276e+02 1.2121815e+02      
1.7536340e+02 1.2023541e+02      
1.7434466e+02 1.1899944e+02      
1.7359962e+02 1.1751490e+02      
1.7331170e+02 1.1586715e+02      
1.7323582e+02 1.1409011e+02      
1.7323684e+02 1.1226584e+02      
1.7326840e+02 1.1061327e+02      
1.7338259e+02 1.0944316e+02      
1.7378160e+02 1.0893249e+02      
1.7453571e+02 1.0906428e+02      
1.9108660e+02 1.0640547e+02      
1.9105348e+02 1.0522570e+02      
1.9120324e+02 1.0393383e+02      
1.9156471e+02 1.0255590e+02      
1.9224408e+02 1.0108303e+02      
1.9345679e+02 9.9444705e+01      
1.9520713e+02 9.7575951e+01      
1.9537180e+02 9.6078524e+01      
1.9383140e+02 9.4951947e+01      
1.9089276e+02 9.4146897e+01      
1.8882430e+02 9.2989505e+01      
1.8775784e+02 9.1476376e+01      
1.8743801e+02 8.9632947e+01      
1.8717419e+02 8.7552942e+01      
1.8692895e+02 8.5245870e+01      
1.8670215e+02 8.2728727e+01      
1.8646569e+02 8.0293301e+01      
1.8613244e+02 7.8717730e+01      
1.8619529e+02 7.8249415e+01      
1.8656663e+02 7.8883266e+01      
2.0344118e+02 7.8446717e+01      
2.0355709e+02 7.7152679e+01      
2.0366797e+02 7.5775563e+01      
2.0374158e+02 7.4363346e+01      
2.0381657e+02 7.2925959e+01      
2.0397412e+02 7.1433396e+01      
2.0407334e+02 6.9898954e+01      
2.0347431e+02 6.8489368e+01      
2.0199885e+02 6.7235518e+01      
1.9999155e+02 6.6029174e+01      
1.9828862e+02 6.4607668e+01      
1.9727805e+02 6.2846095e+01      
1.9702009e+02 6.0684776e+01      
1.9677348e+02 5.8226134e+01      
1.9638117e+02 5.5445875e+01      
1.9592922e+02 5.2151491e+01      
1.9559962e+02 4.8331685e+01      
1.9530797e+02 4.6147168e+01      
1.9519736e+02 4.5722552e+01      
1.9523391e+02 4.7047864e+01      
2.1249531e+02 4.9401881e+01      
2.1286385e+02 4.7940078e+01      
2.1296610e+02 4.6448974e+01      
2.1271073e+02 4.5013471e+01      
2.1207572e+02 4.3670789e+01      
2.1114445e+02 4.2394331e+01      
2.1009304e+02 4.1116202e+01      
2.0880049e+02 3.9832464e+01      
2.0719657e+02 3.8530486e+01      
2.0545838e+02 3.7138843e+01      
2.0391631e+02 3.5543143e+01      
2.0282704e+02 3.3639002e+01      
2.0226664e+02 3.1341277e+01      
2.0203587e+02 2.8613873e+01      
2.0142550e+02 2.5602833e+01      
2.0061583e+02 2.1948351e+01      
2.0023720e+02 1.7459263e+01      
1.9991956e+02 1.4931961e+01      
1.9971631e+02 1.4563371e+01      
1.9961749e+02 1.6332457e+01      
2.1805231e+02 1.9759785e+01      
2.1881744e+02 1.8043799e+01      
2.1900079e+02 1.6375705e+01      
2.1844421e+02 1.4901576e+01      
2.1707085e+02 1.3697790e+01      
2.1499346e+02 1.2711398e+01      
2.1306570e+02 1.1683177e+01      
2.1118576e+02 1.0553985e+01      
2.0929232e+02 9.2956548e+00      
2.0746179e+02 7.8709087e+00      
2.0584664e+02 6.2269804e+00      
2.0458881e+02 4.2989639e+00      
2.0377011e+02 2.0006937e+00      
2.0328231e+02 -7.1306953e-01      
2.0230375e+02 -3.5511865e+00      
2.0143330e+02 -7.1909345e+00      
2.0084953e+02 -1.1670803e+01      
2.0041758e+02 -1.4146386e+01      
2.0014671e+02 -1.4436221e+01      
2.0003860e+02 -1.2571033e+01      
2.1880885e+02 -9.7556284e+00      
2.2001527e+02 -1.1818452e+01      
2.2040870e+02 -1.3763344e+01      
2.1967822e+02 -1.5333357e+01      
2.1773891e+02 -1.6402342e+01      
2.1520476e+02 -1.7106608e+01      
2.1265701e+02 -1.7832320e+01      
2.1027257e+02 -1.8764243e+01      
2.0803418e+02 -1.9923056e+01      
2.0597084e+02 -2.1304233e+01      
2.0415758e+02 -2.2907016e+01      
2.0267417e+02 -2.4748192e+01      
2.0157645e+02 -2.6879541e+01      
2.0079040e+02 -2.9333257e+01      
1.9966479e+02 -3.1770513e+01      
1.9872095e+02 -3.4838668e+01      
1.9795495e+02 -3.8569755e+01      
1.9742255e+02 -4.0570187e+01      
1.9709545e+02 -4.0752365e+01      
1.9697692e+02 -3.9150696e+01      
2.1561688e+02 -3.8736971e+01      
2.1666636e+02 -4.1024429e+01      
2.1742770e+02 -4.3409258e+01      
2.1669682e+02 -4.5169801e+01      
2.1514824e+02 -4.6452890e+01      
2.1184773e+02 -4.6531369e+01      
2.0871886e+02 -4.6844430e+01      
2.0590431e+02 -4.7557294e+01      
2.0332467e+02 -4.8606209e+01      
2.0097808e+02 -4.9924767e+01      
1.9890996e+02 -5.1446706e+01      
1.9717163e+02 -5.3126421e+01      
1.9577836e+02 -5.4947367e+01      
1.9464238e+02 -5.6874670e+01      
1.9359238e+02 -5.8829989e+01      
1.9270142e+02 -6.0913428e+01      
1.9198052e+02 -6.2936513e+01      
1.9143257e+02 -6.4119676e+01      
1.9105581e+02 -6.4164403e+01      
1.9085486e+02 -6.3099331e+01      
2.0879301e+02 -6.6715497e+01      
2.0984873e+02 -6.9341693e+01      
2.1071048e+02 -7.2103701e+01      
2.1035368e+02 -7.4286658e+01      
2.0836270e+02 -7.5197500e+01      
2.0467399e+02 -7.4753177e+01      
2.0119081e+02 -7.4721663e+01      
1.9806239e+02 -7.5262781e+01      
1.9518027e+02 -7.6252153e+01      
1.9253445e+02 -7.7557934e+01      
1.9018619e+02 -7.9022407e+01      
1.8819809e+02 -8.0526385e+01      
1.8658508e+02 -8.2009053e+01      
1.8529262e+02 -8.3448950e+01      
1.8425508e+02 -8.4791927e+01      
1.8348253e+02 -8.5878763e+01      
1.8284532e+02 -8.6774769e+01      
1.8230693e+02 -8.7263306e+01      
1.8188140e+02 -8.7144186e+01      
1.8158105e+02 -8.6427596e+01      
1.9837462e+02 -9.3045881e+01      
1.9955546e+02 -9.6090928e+01      
2.0004896e+02 -9.8831407e+01      
1.9952164e+02 -1.0098849e+02      
1.9741790e+02 -1.0177833e+02      
1.9371625e+02 -1.0106471e+02      
1.9015124e+02 -1.0085793e+02      
1.8686271e+02 -1.0133088e+02      
1.8373284e+02 -1.0236849e+02      
1.8075109e+02 -1.0381926e+02      
1.7809120e+02 -1.0532152e+02      
1.7586530e+02 -1.0668287e+02      
1.7411499e+02 -1.0782261e+02      
1.7280414e+02 -1.0874087e+02      
1.7180423e+02 -1.0952576e+02      
1.7127361e+02 -1.0956201e+02      
1.7072642e+02 -1.0967593e+02      
1.7018883e+02 -1.0967256e+02      
1.6970843e+02 -1.0938198e+02      
1.6930809e+02 -1.0879207e+02      
1.8431384e+02 -1.1699145e+02      
1.8477329e+02 -1.1940210e+02      
1.8489142e+02 -1.2192621e+02      
1.8452790e+02 -1.2449440e+02      
1.8265169e+02 -1.2556098e+02      
1.7925560e+02 -1.2491761e+02      
1.7584419e+02 -1.2474105e+02      
1.7256440e+02 -1.2524055e+02      
1.6929246e+02 -1.2637695e+02      
1.6591308e+02 -1.2820025e+02      
1.6289757e+02 -1.2985656e+02      
1.6042620e+02 -1.3113639e+02      
1.5859324e+02 -1.3193908e+02      
1.5743563e+02 -1.3217256e+02      
1.5692182e+02 -1.3173110e+02      
1.5643634e+02 -1.3131605e+02      
1.5589152e+02 -1.3099536e+02      
1.5532283e+02 -1.3066176e+02      
1.5477355e+02 -1.3021351e+02      
1.5426971e+02 -1.2963323e+02      
1.6722536e+02 -1.3856317e+02      
1.6719540e+02 -1.4048178e+02      
1.6688170e+02 -1.4253433e+02      
1.6611900e+02 -1.4457102e+02      
1.6460307e+02 -1.4616128e+02      
1.6171512e+02 -1.4594322e+02      
1.5863158e+02 -1.4600713e+02      
1.5551965e+02 -1.4657513e+02      
1.5233799e+02 -1.4762642e+02      
1.4904558e+02 -1.4914791e+02      
1.4570178e+02 -1.5096049e+02      
1.4296391e+02 -1.5223393e+02      
1.4106037e+02 -1.5277647e+02      
1.4004856e+02 -1.5250926e+02      
1.3969867e+02 -1.5157244e+02      
1.3921172e+02 -1.5084896e+02      
1.3861582e+02 -1.5026869e+02      
1.3798146e+02 -1.4971706e+02      
1.3734696e+02 -1.4913374e+02      
1.3673535e+02 -1.4850732e+02      
1.4761487e+02 -1.5767805e+02      
1.4727334e+02 -1.5922507e+02      
1.4663545e+02 -1.6083360e+02      
1.4558118e+02 -1.6235965e+02      
1.4395115e+02 -1.6353200e+02      
1.4162783e+02 -1.6405856e+02      
1.3893972e+02 -1.6448644e+02      
1.3608365e+02 -1.6512083e+02      
1.3311280e+02 -1.6602567e+02      
1.3004699e+02 -1.6719452e+02      
1.2692776e+02 -1.6853921e+02      
1.2392050e+02 -1.6981954e+02      
1.2189943e+02 -1.7021179e+02      
1.2109163e+02 -1.6954762e+02      
1.2051146e+02 -1.6868042e+02      
1.1988150e+02 -1.6787590e+02      
1.1918580e+02 -1.6714719e+02      
1.1845873e+02 -1.6644812e+02      
1.1772663e+02 -1.6574972e+02      
1.1700575e+02 -1.6505014e+02      
1.2586242e+02 -1.7413225e+02      
1.2531881e+02 -1.7538720e+02      
1.2448538e+02 -1.7666299e+02      
1.2328655e+02 -1.7784924e+02      
1.2165579e+02 -1.7882058e+02      
1.1959281e+02 -1.7953683e+02      
1.1720445e+02 -1.8013868e+02      
1.1460850e+02 -1.8078003e+02      
1.1188113e+02 -1.8152939e+02      
1.0907587e+02 -1.8238579e+02      
1.0624791e+02 -1.8329047e+02      
1.0349793e+02 -1.8411038e+02      
1.0117100e+02 -1.8452821e+02      
1.0027034e+02 -1.8384375e+02      
9.9520148e+01 -1.8300334e+02      
9.8725106e+01 -1.8217413e+02      
9.7902931e+01 -1.8136003e+02      
9.7068558e+01 -1.8055461e+02      
9.6234506e+01 -1.7975392e+02      
9.5408361e+01 -1.7896617e+02      
1.0234045e+02 -1.8772621e+02      
1.0167298e+02 -1.8875472e+02      
1.0073442e+02 -1.8978733e+02      
9.9484126e+01 -1.9075233e+02      
9.7898259e+01 -1.9158972e+02      
9.5990432e+01 -1.9228652e+02      
9.3816783e+01 -1.9289029e+02      
9.1450819e+01 -1.9346574e+02      
8.8960808e+01 -1.9405006e+02      
8.6407864e+01 -1.9464002e+02      
8.3851800e+01 -1.9519415e+02      
8.1338696e+01 -1.9564929e+02      
7.9018664e+01 -1.9586831e+02      
7.7948130e+01 -1.9522897e+02      
7.6997043e+01 -1.9442514e+02      
7.6037183e+01 -1.9357772e+02      
7.5085587e+01 -1.9270079e+02      
7.4144255e+01 -1.9180723e+02      
7.3213802e+01 -1.9090899e+02      
7.2293323e+01 -1.9002239e+02      
