2.3577258e+01 2.2920374e+02      
2.3806628e+01 2.2743455e+02      
2.4358334e+01 2.2583475e+02      
2.4961945e+01 2.2445822e+02      
2.5292818e+01 2.2332957e+02      
2.5640629e+01 2.2246451e+02      
2.6237458e+01 2.2184444e+02      
2.7176616e+01 2.2143397e+02      
2.8467888e+01 2.2119181e+02      
3.0050480e+01 2.2106509e+02      
3.1804534e+01 2.2099125e+02      
3.3581228e+01 2.2093524e+02      
3.5252935e+01 2.2094032e+02      
3.6755018e+01 2.2110889e+02      
3.8113060e+01 2.2151729e+02      
3.9445963e+01 2.2216545e+02      
4.0922135e+01 2.2299377e+02      
4.2688008e+01 2.2392606e+02      
4.4834627e+01 2.2489498e+02      
4.7407538e+01 2.2584510e+02      
5.3248047e+01 2.1896955e+02      
5.4040206e+01 2.1715897e+02      
5.5258192e+01 2.1551521e+02      
5.6497930e+01 2.1413876e+02      
5.6590171e+01 2.1303133e+02      
5.6678874e+01 2.1224175e+02      
5.7137447e+01 2.1170892e+02      
5.8088367e+01 2.1137674e+02      
5.9528891e+01 2.1120074e+02      
6.1368611e+01 2.1111395e+02      
6.3412487e+01 2.1098509e+02      
6.5391128e+01 2.1068521e+02      
6.7081945e+01 2.1030000e+02      
6.8360006e+01 2.1010349e+02      
6.9247360e+01 2.1027063e+02      
6.9953920e+01 2.1077866e+02      
7.0803439e+01 2.1149106e+02      
7.2021587e+01 2.1228184e+02      
7.3697642e+01 2.1307090e+02      
7.5854633e+01 2.1380365e+02      
8.1483677e+01 2.0520314e+02      
8.2938976e+01 2.0329484e+02      
8.4927898e+01 2.0153660e+02      
8.6253860e+01 2.0011023e+02      
8.6662554e+01 1.9906337e+02      
8.6396773e+01 1.9841776e+02      
8.6627698e+01 1.9803238e+02      
8.7581253e+01 1.9782246e+02      
8.9234016e+01 1.9777279e+02      
9.1494344e+01 1.9786112e+02      
9.4100108e+01 1.9786447e+02      
9.6469082e+01 1.9723949e+02      
9.8290932e+01 1.9611988e+02      
9.9308569e+01 1.9538122e+02      
9.9499867e+01 1.9534065e+02      
9.9185947e+01 1.9586633e+02      
9.9174913e+01 1.9657879e+02      
9.9751438e+01 1.9729074e+02      
1.0091359e+02 1.9793953e+02      
1.0262488e+02 1.9848664e+02      
1.0759808e+02 1.8819225e+02      
1.0967007e+02 1.8613453e+02      
1.1172969e+02 1.8427549e+02      
1.1319385e+02 1.8280254e+02      
1.1386901e+02 1.8180523e+02      
1.1393500e+02 1.8127036e+02      
1.1396684e+02 1.8107549e+02      
1.1499433e+02 1.8098177e+02      
1.1690995e+02 1.8106577e+02      
1.1970997e+02 1.8143661e+02      
1.2330966e+02 1.8201431e+02      
1.2617346e+02 1.8099963e+02      
1.2826555e+02 1.7845101e+02      
1.2898666e+02 1.7703024e+02      
1.2831920e+02 1.7688024e+02      
1.2635756e+02 1.7774640e+02      
1.2536903e+02 1.7857574e+02      
1.2531923e+02 1.7924964e+02      
1.2598886e+02 1.7978398e+02      
1.2726301e+02 1.8017088e+02      
1.3089850e+02 1.6830838e+02      
1.3274311e+02 1.6628516e+02      
1.3507008e+02 1.6427749e+02      
1.3676923e+02 1.6273177e+02      
1.3761378e+02 1.6180203e+02      
1.3780329e+02 1.6141811e+02      
1.3842135e+02 1.6118554e+02      
1.3975019e+02 1.6110119e+02      
1.4188826e+02 1.6123306e+02      
1.4500001e+02 1.6168995e+02      
1.4902306e+02 1.6229196e+02      
1.5194712e+02 1.6102929e+02      
1.5371439e+02 1.5791780e+02      
1.5402345e+02 1.5614853e+02      
1.5282329e+02 1.5594823e+02      
1.5021820e+02 1.5701764e+02      
1.4868799e+02 1.5790040e+02      
1.4820462e+02 1.5851333e+02      
1.4847839e+02 1.5893406e+02      
1.4936137e+02 1.5917704e+02      
1.5132199e+02 1.4582850e+02      
1.5292126e+02 1.4388243e+02      
1.5490343e+02 1.4200098e+02      
1.5687838e+02 1.4034872e+02      
1.5785603e+02 1.3950504e+02      
1.5876182e+02 1.3896152e+02      
1.5992627e+02 1.3861567e+02      
1.6151261e+02 1.3846480e+02      
1.6368730e+02 1.3854241e+02      
1.6671885e+02 1.3890675e+02      
1.7058508e+02 1.3935039e+02      
1.7302579e+02 1.3813736e+02      
1.7398995e+02 1.3523137e+02      
1.7383911e+02 1.3355300e+02      
1.7256222e+02 1.3329380e+02      
1.7016971e+02 1.3424822e+02      
1.6866145e+02 1.3497914e+02      
1.6801560e+02 1.3545607e+02      
1.6802531e+02 1.3574729e+02      
1.6858043e+02 1.3585833e+02      
1.6879268e+02 1.2105332e+02      
1.7024898e+02 1.1916073e+02      
1.7200545e+02 1.1739428e+02      
1.7381514e+02 1.1589783e+02      
1.7538592e+02 1.1484799e+02      
1.7691062e+02 1.1413267e+02      
1.7849044e+02 1.1366630e+02      
1.8015417e+02 1.1341766e+02      
1.8207672e+02 1.1338294e+02      
1.8455079e+02 1.1356522e+02      
1.8762913e+02 1.1380165e+02      
1.8921072e+02 1.1294026e+02      
1.8903596e+02 1.1112274e+02      
1.8855102e+02 1.0990195e+02      
1.8758067e+02 1.0952730e+02      
1.8623278e+02 1.0978280e+02      
1.8514494e+02 1.1015302e+02      
1.8453333e+02 1.1043666e+02      
1.8438196e+02 1.1059281e+02      
1.8466020e+02 1.1059099e+02      
1.8315393e+02 9.4332643e+01      
1.8457493e+02 9.2436459e+01      
1.8628221e+02 9.0699998e+01      
1.8815804e+02 8.9223936e+01      
1.9012559e+02 8.8077881e+01      
1.9219426e+02 8.7257332e+01      
1.9419462e+02 8.6711288e+01      
1.9570422e+02 8.6365261e+01      
1.9706212e+02 8.6218880e+01      
1.9854492e+02 8.6207902e+01      
2.0002154e+02 8.6121924e+01      
2.0081684e+02 8.5601307e+01      
2.0078288e+02 8.4728604e+01      
2.0036718e+02 8.3997449e+01      
1.9971557e+02 8.3633380e+01      
1.9893289e+02 8.3585556e+01      
1.9821024e+02 8.3686107e+01      
1.9767840e+02 8.3800184e+01      
1.9740020e+02 8.3848250e+01      
1.9741743e+02 8.3769709e+01      
1.9423794e+02 6.6060013e+01      
1.9569527e+02 6.4094499e+01      
1.9745229e+02 6.2310933e+01      
1.9946625e+02 6.0792967e+01      
2.0174289e+02 5.9589391e+01      
2.0436911e+02 5.8715429e+01      
2.0718559e+02 5.8163076e+01      
2.0823034e+02 5.7727925e+01      
2.0877074e+02 5.7543539e+01      
2.0922600e+02 5.7494247e+01      
2.0961100e+02 5.7411573e+01      
2.0975519e+02 5.7160257e+01      
2.0960503e+02 5.6759684e+01      
2.0927012e+02 5.6360014e+01      
2.0885362e+02 5.6078084e+01      
2.0841040e+02 5.5933874e+01      
2.0794443e+02 5.5893633e+01      
2.0744659e+02 5.5908330e+01      
2.0700404e+02 5.5906463e+01      
2.0673201e+02 5.5807412e+01      
2.0189841e+02 3.6662545e+01      
2.0342776e+02 3.4556297e+01      
2.0525606e+02 3.2666748e+01      
2.0737632e+02 3.1081025e+01      
2.0984356e+02 2.9832935e+01      
2.1280674e+02 2.8904896e+01      
2.1610645e+02 2.8262066e+01      
2.1752525e+02 2.7901008e+01      
2.1717436e+02 2.7820106e+01      
2.1663634e+02 2.7906566e+01      
2.1616276e+02 2.7995353e+01      
2.1571321e+02 2.7994428e+01      
2.1528980e+02 2.7881618e+01      
2.1494275e+02 2.7696312e+01      
2.1471217e+02 2.7490852e+01      
2.1460832e+02 2.7295676e+01      
2.1445747e+02 2.7157245e+01      
2.1388317e+02 2.7149343e+01      
2.1316102e+02 2.7180139e+01      
2.1252870e+02 2.7136005e+01      
2.0603563e+02 6.5881744e+00      
2.0765430e+02 4.2507917e+00      
2.0953753e+02 2.1940837e+00      
2.1168087e+02 5.3198944e-01      
2.1415707e+02 -7.1760169e-01      
2.1714456e+02 -1.6397406e+00      
2.2052308e+02 -2.3311591e+00      
2.2209066e+02 -2.5790983e+00      
2.2187902e+02 -2.4621542e+00      
2.2047933e+02 -2.1019028e+00      
2.1930845e+02 -1.7655670e+00      
2.1824165e+02 -1.4882522e+00      
2.1749600e+02 -1.3633929e+00      
2.1710215e+02 -1.3903578e+00      
2.1703630e+02 -1.5409661e+00      
2.1734641e+02 -1.8068058e+00      
2.1788875e+02 -2.1198909e+00      
2.1701596e+02 -2.0680142e+00      
2.1584816e+02 -1.8976317e+00      
2.1475953e+02 -1.7938223e+00      
2.0660866e+02 -2.3700492e+01      
2.0834494e+02 -2.6411650e+01      
2.1026354e+02 -2.8723811e+01      
2.1232782e+02 -3.0454774e+01      
2.1460163e+02 -3.1597392e+01      
2.1726178e+02 -3.2327512e+01      
2.2024786e+02 -3.2870272e+01      
2.2151573e+02 -3.2855376e+01      
2.2118395e+02 -3.2438646e+01      
2.2004651e+02 -3.1903931e+01      
2.1864348e+02 -3.1356099e+01      
2.1689874e+02 -3.0758737e+01      
2.1592418e+02 -3.0436124e+01      
2.1551740e+02 -3.0335911e+01      
2.1557557e+02 -3.0435863e+01      
2.1615765e+02 -3.0762173e+01      
2.1710759e+02 -3.1253282e+01      
2.1664753e+02 -3.1266455e+01      
2.1498079e+02 -3.0852903e+01      
2.1341137e+02 -3.0521054e+01      
2.0362541e+02 -5.3706319e+01      
2.0557969e+02 -5.7081520e+01      
2.0754109e+02 -5.9798260e+01      
2.0942984e+02 -6.1577993e+01      
2.1130194e+02 -6.2424486e+01      
2.1325395e+02 -6.2580076e+01      
2.1522498e+02 -6.2541230e+01      
2.1575075e+02 -6.2047753e+01      
2.1477338e+02 -6.1163745e+01      
2.1366243e+02 -6.0440691e+01      
2.1245482e+02 -5.9808053e+01      
2.1124573e+02 -5.9235105e+01      
2.1042960e+02 -5.8822204e+01      
2.1008707e+02 -5.8609532e+01      
2.1020997e+02 -5.8629987e+01      
2.1086803e+02 -5.8952280e+01      
2.1190765e+02 -5.9526345e+01      
2.1161093e+02 -5.9511394e+01      
2.1016610e+02 -5.9025531e+01      
2.0835815e+02 -5.8490071e+01      
1.9703953e+02 -8.2724730e+01      
1.9940650e+02 -8.7256392e+01      
2.0139133e+02 -9.0498164e+01      
2.0301397e+02 -9.2288895e+01      
2.0434104e+02 -9.2645124e+01      
2.0535854e+02 -9.1703067e+01      
2.0550401e+02 -9.0447972e+01      
2.0532091e+02 -8.9469983e+01      
2.0457318e+02 -8.8582485e+01      
2.0360583e+02 -8.7828802e+01      
2.0261558e+02 -8.7176873e+01      
2.0174279e+02 -8.6586325e+01      
2.0114229e+02 -8.6083253e+01      
2.0088881e+02 -8.5731012e+01      
2.0100902e+02 -8.5605294e+01      
2.0156328e+02 -8.5805790e+01      
2.0238746e+02 -8.6282986e+01      
2.0187202e+02 -8.6021124e+01      
2.0015149e+02 -8.5184603e+01      
1.9838541e+02 -8.4554527e+01      
1.8668190e+02 -1.0968296e+02      
1.8896027e+02 -1.1479279e+02      
1.9076812e+02 -1.1833191e+02      
1.9204965e+02 -1.2006707e+02      
1.9277019e+02 -1.1995543e+02      
1.9276466e+02 -1.1807403e+02      
1.9248557e+02 -1.1645659e+02      
1.9199997e+02 -1.1529424e+02      
1.9126425e+02 -1.1442258e+02      
1.9036346e+02 -1.1373355e+02      
1.8946986e+02 -1.1312272e+02      
1.8875993e+02 -1.1248776e+02      
1.8832468e+02 -1.1183552e+02      
1.8815202e+02 -1.1127576e+02      
1.8821520e+02 -1.1091376e+02      
1.8852156e+02 -1.1083705e+02      
1.8889621e+02 -1.1098711e+02      
1.8797157e+02 -1.1030154e+02      
1.8658005e+02 -1.0955248e+02      
1.8505593e+02 -1.0896151e+02      
1.7274785e+02 -1.3386280e+02      
1.7465731e+02 -1.3903320e+02      
1.7613390e+02 -1.4256093e+02      
1.7707615e+02 -1.4421216e+02      
1.7741150e+02 -1.4392400e+02      
1.7706295e+02 -1.4180328e+02      
1.7657840e+02 -1.4014423e+02      
1.7594120e+02 -1.3902991e+02      
1.7510702e+02 -1.3826967e+02      
1.7411227e+02 -1.3775874e+02      
1.7313087e+02 -1.3733065e+02      
1.7249922e+02 -1.3665267e+02      
1.7227245e+02 -1.3572291e+02      
1.7221449e+02 -1.3486113e+02      
1.7221545e+02 -1.3419518e+02      
1.7221847e+02 -1.3372206e+02      
1.7202044e+02 -1.3330312e+02      
1.7126573e+02 -1.3266926e+02      
1.7013464e+02 -1.3199563e+02      
1.6881685e+02 -1.3143043e+02      
1.5564905e+02 -1.5483628e+02      
1.5707902e+02 -1.5948614e+02      
1.5817547e+02 -1.6267271e+02      
1.5883166e+02 -1.6423965e+02      
1.5898269e+02 -1.6413507e+02      
1.5860409e+02 -1.6242302e+02      
1.5804762e+02 -1.6110622e+02      
1.5731376e+02 -1.6023116e+02      
1.5636058e+02 -1.5968248e+02      
1.5516030e+02 -1.5945410e+02      
1.5381045e+02 -1.5948440e+02      
1.5320999e+02 -1.5877485e+02      
1.5338773e+02 -1.5732396e+02      
1.5350213e+02 -1.5610970e+02      
1.5347832e+02 -1.5515251e+02      
1.5330531e+02 -1.5436355e+02      
1.5290053e+02 -1.5364757e+02      
1.5218170e+02 -1.5293058e+02      
1.5117982e+02 -1.5223866e+02      
1.4998299e+02 -1.5164065e+02      
1.3587043e+02 -1.7252823e+02      
1.3681495e+02 -1.7588585e+02      
1.3755985e+02 -1.7846545e+02      
1.3798883e+02 -1.7994899e+02      
1.3804922e+02 -1.8030203e+02      
1.3775362e+02 -1.7978595e+02      
1.3720287e+02 -1.7911755e+02      
1.3642377e+02 -1.7859068e+02      
1.3538796e+02 -1.7827293e+02      
1.3403716e+02 -1.7823544e+02      
1.3248177e+02 -1.7840334e+02      
1.3188750e+02 -1.7767849e+02      
1.3226813e+02 -1.7606369e+02      
1.3249027e+02 -1.7464716e+02      
1.3245333e+02 -1.7348830e+02      
1.3219630e+02 -1.7249267e+02      
1.3171065e+02 -1.7159388e+02      
1.3098254e+02 -1.7075524e+02      
1.3002900e+02 -1.6998090e+02      
1.2889363e+02 -1.6930252e+02      
1.1391697e+02 -1.8737167e+02      
1.1454269e+02 -1.8998092e+02      
1.1501936e+02 -1.9209315e+02      
1.1526797e+02 -1.9350216e+02      
1.1524699e+02 -1.9418362e+02      
1.1495440e+02 -1.9430106e+02      
1.1441305e+02 -1.9414008e+02      
1.1363126e+02 -1.9392390e+02      
1.1258391e+02 -1.9377974e+02      
1.1120107e+02 -1.9380602e+02      
1.0957907e+02 -1.9394013e+02      
1.0898119e+02 -1.9321276e+02      
1.0941331e+02 -1.9163349e+02      
1.0963185e+02 -1.9017875e+02      
1.0954765e+02 -1.8892507e+02      
1.0922657e+02 -1.8780553e+02      
1.0868947e+02 -1.8677839e+02      
1.0794444e+02 -1.8582378e+02      
1.0700638e+02 -1.8494364e+02      
1.0590054e+02 -1.8415632e+02      
9.0209776e+01 -1.9941515e+02      
9.0615301e+01 -2.0159990e+02      
9.0896477e+01 -2.0342005e+02      
9.1002487e+01 -2.0475761e+02      
9.0901776e+01 -2.0559233e+02      
9.0583762e+01 -2.0600442e+02      
9.0050612e+01 -2.0613435e+02      
8.9302393e+01 -2.0611893e+02      
8.8324264e+01 -2.0606040e+02      
8.7066289e+01 -2.0603742e+02      
8.5580744e+01 -2.0601665e+02      
8.4977842e+01 -2.0529340e+02      
8.5259940e+01 -2.0388312e+02      
8.5329745e+01 -2.0251263e+02      
8.5141019e+01 -2.0124830e+02      
8.4745522e+01 -2.0006386e+02      
8.4160898e+01 -1.9894476e+02      
8.3396156e+01 -1.9788625e+02      
8.2461830e+01 -1.9689425e+02      
8.1372753e+01 -1.9598355e+02      
