2.8759655e+01 2.3320126e+02      
2.8771996e+01 2.3172303e+02      
2.9374434e+01 2.3036289e+02      
3.0570899e+01 2.2917845e+02      
3.2281960e+01 2.2822649e+02      
3.4205408e+01 2.2754028e+02      
3.5563323e+01 2.2701475e+02      
3.4202160e+01 2.2585059e+02      
3.2294339e+01 2.2489330e+02      
3.0621172e+01 2.2428624e+02      
2.9478843e+01 2.2403243e+02      
2.8931096e+01 2.2411091e+02      
2.8948996e+01 2.2449769e+02      
2.9483336e+01 2.2516483e+02      
3.0494174e+01 2.2607708e+02      
3.1958913e+01 2.2718922e+02      
3.3871764e+01 2.2844609e+02      
3.6238537e+01 2.2978526e+02      
3.9069517e+01 2.3114116e+02      
4.2373167e+01 2.3244888e+02      
5.7686258e+01 2.2354866e+02      
5.7983257e+01 2.2201310e+02      
5.8972818e+01 2.2058283e+02      
6.0788047e+01 2.1933421e+02      
6.3481535e+01 2.1835261e+02      
6.6581893e+01 2.1768219e+02      
6.7767144e+01 2.1683775e+02      
6.6581765e+01 2.1571048e+02      
6.3524028e+01 2.1446933e+02      
6.0917000e+01 2.1363547e+02      
5.9224522e+01 2.1320126e+02      
5.8373086e+01 2.1312307e+02      
5.8188305e+01 2.1336778e+02      
5.8545251e+01 2.1390710e+02      
5.9365556e+01 2.1470578e+02      
6.0611082e+01 2.1571455e+02      
6.2276171e+01 2.1686940e+02      
6.4375347e+01 2.1809643e+02      
6.6929173e+01 2.1931911e+02      
6.9953412e+01 2.2046448e+02      
8.5089870e+01 2.1032745e+02      
8.5599440e+01 2.0869364e+02      
8.6824381e+01 2.0714090e+02      
8.9034831e+01 2.0575471e+02      
9.2614586e+01 2.0462147e+02      
9.5522285e+01 2.0352870e+02      
9.6606473e+01 2.0240750e+02      
9.5512652e+01 2.0126431e+02      
9.2648905e+01 2.0015812e+02      
8.9203335e+01 1.9920904e+02      
8.7199742e+01 1.9865106e+02      
8.6237703e+01 1.9844822e+02      
8.5975956e+01 1.9857314e+02      
8.6227213e+01 1.9901008e+02      
8.6880874e+01 1.9973160e+02      
8.7891022e+01 2.0068579e+02      
8.9265033e+01 2.0179547e+02      
9.1041082e+01 2.0296833e+02      
9.3260917e+01 2.0411175e+02      
9.5952068e+01 2.0514296e+02      
1.1053264e+02 1.9377593e+02      
1.1117383e+02 1.9199911e+02      
1.1240186e+02 1.9026868e+02      
1.1430807e+02 1.8864790e+02      
1.1699358e+02 1.8714808e+02      
1.2005728e+02 1.8568720e+02      
1.2121337e+02 1.8431118e+02      
1.2002403e+02 1.8312295e+02      
1.1699127e+02 1.8209706e+02      
1.1443845e+02 1.8122419e+02      
1.1282703e+02 1.8061759e+02      
1.1206074e+02 1.8031397e+02      
1.1190595e+02 1.8032914e+02      
1.1215699e+02 1.8068199e+02      
1.1267783e+02 1.8136656e+02      
1.1342536e+02 1.8232996e+02      
1.1444346e+02 1.8347182e+02      
1.1582363e+02 1.8466614e+02      
1.1764654e+02 1.8579505e+02      
1.1995364e+02 1.8676560e+02      
1.3365185e+02 1.7419089e+02      
1.3441867e+02 1.7222514e+02      
1.3556113e+02 1.7027674e+02      
1.3686407e+02 1.6841083e+02      
1.3848318e+02 1.6663222e+02      
1.4029462e+02 1.6490750e+02      
1.4158719e+02 1.6324806e+02      
1.4021700e+02 1.6202670e+02      
1.3835550e+02 1.6096242e+02      
1.3678869e+02 1.6008500e+02      
1.3582626e+02 1.5943026e+02      
1.3550864e+02 1.5901595e+02      
1.3567620e+02 1.5889593e+02      
1.3606270e+02 1.5916124e+02      
1.3648463e+02 1.5985066e+02      
1.3690755e+02 1.6091188e+02      
1.3745025e+02 1.6220046e+02      
1.3832791e+02 1.6351764e+02      
1.3968573e+02 1.6470587e+02      
1.4156649e+02 1.6566973e+02      
1.5412629e+02 1.5192226e+02      
1.5511070e+02 1.4971251e+02      
1.5632548e+02 1.4751010e+02      
1.5685835e+02 1.4542018e+02      
1.5746845e+02 1.4343298e+02      
1.5818253e+02 1.4152235e+02      
1.5857803e+02 1.3974859e+02      
1.5804771e+02 1.3827144e+02      
1.5713104e+02 1.3709381e+02      
1.5633962e+02 1.3619049e+02      
1.5600371e+02 1.3549253e+02      
1.5630664e+02 1.3492504e+02      
1.5710948e+02 1.3455526e+02      
1.5781011e+02 1.3468809e+02      
1.5816145e+02 1.3542342e+02      
1.5813433e+02 1.3671164e+02      
1.5793100e+02 1.3835101e+02      
1.5815068e+02 1.3992650e+02      
1.5899020e+02 1.4124439e+02      
1.6042632e+02 1.4224524e+02      
1.7160423e+02 1.2737723e+02      
1.7286305e+02 1.2485888e+02      
1.7374398e+02 1.2239415e+02      
1.7402116e+02 1.2006358e+02      
1.7378913e+02 1.1790866e+02      
1.7375030e+02 1.1580461e+02      
1.7379551e+02 1.1378832e+02      
1.7365439e+02 1.1204768e+02      
1.7328443e+02 1.1077313e+02      
1.7294363e+02 1.0993848e+02      
1.7304362e+02 1.0930082e+02      
1.7397931e+02 1.0858972e+02      
1.7587418e+02 1.0773225e+02      
1.7699874e+02 1.0769516e+02      
1.7730286e+02 1.0851338e+02      
1.7675252e+02 1.1014380e+02      
1.7534587e+02 1.1246071e+02      
1.7483890e+02 1.1439611e+02      
1.7518688e+02 1.1587116e+02      
1.7620665e+02 1.1692585e+02      
1.8560008e+02 1.0106157e+02      
1.8660496e+02 9.8289434e+01      
1.8722490e+02 9.5560465e+01      
1.8729784e+02 9.2977660e+01      
1.8691654e+02 9.0554786e+01      
1.8643768e+02 8.8208403e+01      
1.8651507e+02 8.5759633e+01      
1.8679881e+02 8.3544080e+01      
1.8670490e+02 8.2217141e+01      
1.8636057e+02 8.1759804e+01      
1.8652627e+02 8.1458739e+01      
1.8767258e+02 8.0859127e+01      
1.8983725e+02 7.9872776e+01      
1.9110988e+02 7.9824309e+01      
1.9138249e+02 8.0751476e+01      
1.9060999e+02 8.2624324e+01      
1.8882649e+02 8.5340584e+01      
1.8794657e+02 8.7506235e+01      
1.8795764e+02 8.9082260e+01      
1.8864130e+02 9.0171317e+01      
1.9515415e+02 7.3746861e+01      
1.9606192e+02 7.0682908e+01      
1.9652173e+02 6.7670229e+01      
1.9637420e+02 6.4856555e+01      
1.9577745e+02 6.2204615e+01      
1.9554943e+02 5.9365212e+01      
1.9598550e+02 5.6271252e+01      
1.9711544e+02 5.3073081e+01      
1.9716099e+02 5.1728503e+01      
1.9619231e+02 5.2261037e+01      
1.9609915e+02 5.2623950e+01      
1.9702828e+02 5.2496326e+01      
1.9883993e+02 5.1871878e+01      
1.9994277e+02 5.2074066e+01      
2.0020746e+02 5.3119345e+01      
1.9957402e+02 5.4998875e+01      
1.9806599e+02 5.7672884e+01      
1.9723283e+02 5.9797095e+01      
1.9710388e+02 6.1361629e+01      
1.9755009e+02 6.2443826e+01      
2.0101578e+02 4.5708335e+01      
2.0137995e+02 4.2612588e+01      
2.0172177e+02 3.9301639e+01      
2.0134049e+02 3.6282609e+01      
2.0096039e+02 3.3144720e+01      
2.0090462e+02 2.9820195e+01      
2.0142300e+02 2.6276498e+01      
2.0256770e+02 2.2676098e+01      
2.0270618e+02 2.1276840e+01      
2.0180611e+02 2.2384658e+01      
2.0161029e+02 2.3401748e+01      
2.0215780e+02 2.3994570e+01      
2.0311722e+02 2.4382057e+01      
2.0388126e+02 2.5055886e+01      
2.0417753e+02 2.6204909e+01      
2.0392652e+02 2.7849949e+01      
2.0326248e+02 2.9835607e+01      
2.0272396e+02 3.1674496e+01      
2.0256998e+02 3.3145439e+01      
2.0284746e+02 3.4191345e+01      
2.0340877e+02 1.7324398e+01      
2.0332587e+02 1.4209821e+01      
2.0322380e+02 1.0843756e+01      
2.0291809e+02 7.3808206e+00      
2.0262003e+02 3.7602823e+00      
2.0253662e+02 -7.3904827e-03      
2.0279688e+02 -3.7859567e+00      
2.0330855e+02 -7.0950065e+00      
2.0357404e+02 -8.7545516e+00      
2.0324396e+02 -7.3118988e+00      
2.0320455e+02 -5.7674366e+00      
2.0356861e+02 -4.5721048e+00      
2.0415809e+02 -3.5556498e+00      
2.0473407e+02 -2.5069838e+00      
2.0513419e+02 -1.2938970e+00      
2.0525757e+02 1.3540041e-01      
2.0501215e+02 1.7781466e+00      
2.0460528e+02 3.4341585e+00      
2.0439764e+02 4.8337446e+00      
2.0452536e+02 5.8482964e+00      
2.0243035e+02 -1.0968882e+01      
2.0204181e+02 -1.4133093e+01      
2.0166235e+02 -1.7638826e+01      
2.0124748e+02 -2.1443289e+01      
2.0085870e+02 -2.5521111e+01      
2.0060662e+02 -2.9794430e+01      
2.0058063e+02 -3.4023580e+01      
2.0078311e+02 -3.7592535e+01      
2.0095380e+02 -3.8439577e+01      
2.0099431e+02 -3.6456134e+01      
2.0116579e+02 -3.4482046e+01      
2.0152300e+02 -3.2875061e+01      
2.0200998e+02 -3.1490633e+01      
2.0254602e+02 -3.0211124e+01      
2.0310027e+02 -2.8982017e+01      
2.0364531e+02 -2.7770879e+01      
2.0357466e+02 -2.6261746e+01      
2.0298872e+02 -2.4565184e+01      
2.0264840e+02 -2.3160429e+01      
2.0262642e+02 -2.2152460e+01      
1.9815752e+02 -3.8699683e+01      
1.9756162e+02 -4.1910865e+01      
1.9697771e+02 -4.5553817e+01      
1.9637842e+02 -4.9645086e+01      
1.9578518e+02 -5.4185609e+01      
1.9527353e+02 -5.9064388e+01      
1.9495448e+02 -6.3858544e+01      
1.9490406e+02 -6.6682479e+01      
1.9506393e+02 -6.6890584e+01      
1.9539169e+02 -6.4518284e+01      
1.9575091e+02 -6.2285986e+01      
1.9616050e+02 -6.0440703e+01      
1.9663130e+02 -5.8834793e+01      
1.9716207e+02 -5.7402906e+01      
1.9778394e+02 -5.6147399e+01      
1.9845475e+02 -5.5034846e+01      
1.9844758e+02 -5.3570028e+01      
1.9781726e+02 -5.1822187e+01      
1.9738444e+02 -5.0391247e+01      
1.9723422e+02 -4.9375831e+01      
1.9069294e+02 -6.5394591e+01      
1.8995294e+02 -6.8599057e+01      
1.8920686e+02 -7.2300989e+01      
1.8841054e+02 -7.6602767e+01      
1.8755284e+02 -8.1578369e+01      
1.8672600e+02 -8.6975420e+01      
1.8620892e+02 -9.1058822e+01      
1.8601468e+02 -9.3306257e+01      
1.8617102e+02 -9.3286395e+01      
1.8670017e+02 -9.0944274e+01      
1.8718582e+02 -8.8739814e+01      
1.8763689e+02 -8.6826007e+01      
1.8809295e+02 -8.5087218e+01      
1.8858638e+02 -8.3523005e+01      
1.8916724e+02 -8.2195012e+01      
1.8979479e+02 -8.1092224e+01      
1.8979049e+02 -7.9628506e+01      
1.8918719e+02 -7.7849728e+01      
1.8872534e+02 -7.6413337e+01      
1.8848416e+02 -7.5396865e+01      
1.8018056e+02 -9.0611692e+01      
1.7934989e+02 -9.3717722e+01      
1.7849896e+02 -9.7318814e+01      
1.7756100e+02 -1.0158897e+02      
1.7645404e+02 -1.0675722e+02      
1.7557441e+02 -1.1127019e+02      
1.7497541e+02 -1.1465821e+02      
1.7467084e+02 -1.1664009e+02      
1.7470327e+02 -1.1694323e+02      
1.7517400e+02 -1.1537248e+02      
1.7569007e+02 -1.1353619e+02      
1.7614469e+02 -1.1168409e+02      
1.7654961e+02 -1.0983078e+02      
1.7695237e+02 -1.0809539e+02      
1.7739643e+02 -1.0661208e+02      
1.7785762e+02 -1.0540323e+02      
1.7781966e+02 -1.0392308e+02      
1.7730373e+02 -1.0219806e+02      
1.7686890e+02 -1.0081529e+02      
1.7657185e+02 -9.9818849e+01      
1.6680497e+02 -1.1396642e+02      
1.6593124e+02 -1.1687694e+02      
1.6504378e+02 -1.2018732e+02      
1.6411823e+02 -1.2391875e+02      
1.6317716e+02 -1.2790806e+02      
1.6236731e+02 -1.3151656e+02      
1.6175544e+02 -1.3436786e+02      
1.6135444e+02 -1.3629128e+02      
1.6113097e+02 -1.3731307e+02      
1.6100922e+02 -1.3772008e+02      
1.6152826e+02 -1.3649271e+02      
1.6191884e+02 -1.3482475e+02      
1.6221870e+02 -1.3271357e+02      
1.6248667e+02 -1.3070575e+02      
1.6272835e+02 -1.2898881e+02      
1.6288060e+02 -1.2748115e+02      
1.6278582e+02 -1.2598761e+02      
1.6245861e+02 -1.2451145e+02      
1.6208463e+02 -1.2324771e+02      
1.6174987e+02 -1.2228738e+02      
1.5078723e+02 -1.3514007e+02      
1.4990476e+02 -1.3779453e+02      
1.4902190e+02 -1.4072907e+02      
1.4814282e+02 -1.4387289e+02      
1.4729787e+02 -1.4704989e+02      
1.4654374e+02 -1.4997824e+02      
1.4592413e+02 -1.5242239e+02      
1.4545309e+02 -1.5427837e+02      
1.4511708e+02 -1.5561031e+02      
1.4493807e+02 -1.5660375e+02      
1.4502965e+02 -1.5721908e+02      
1.4519716e+02 -1.5601443e+02      
1.4535047e+02 -1.5324193e+02      
1.4547472e+02 -1.5094147e+02      
1.4554179e+02 -1.4907827e+02      
1.4551401e+02 -1.4745517e+02      
1.4534895e+02 -1.4596768e+02      
1.4505571e+02 -1.4460441e+02      
1.4469410e+02 -1.4342579e+02      
1.4431532e+02 -1.4249276e+02      
1.3238433e+02 -1.5386801e+02      
1.3151233e+02 -1.5625145e+02      
1.3064719e+02 -1.5882209e+02      
1.2980104e+02 -1.6149390e+02      
1.2899711e+02 -1.6413370e+02      
1.2826633e+02 -1.6657746e+02      
1.2763503e+02 -1.6868485e+02      
1.2711638e+02 -1.7038930e+02      
1.2671211e+02 -1.7172724e+02      
1.2641855e+02 -1.7287705e+02      
1.2621140e+02 -1.7394907e+02      
1.2616743e+02 -1.7312379e+02      
1.2622436e+02 -1.7057491e+02      
1.2621924e+02 -1.6839416e+02      
1.2614763e+02 -1.6658290e+02      
1.2599799e+02 -1.6498341e+02      
1.2575609e+02 -1.6353374e+02      
1.2542601e+02 -1.6222643e+02      
1.2503036e+02 -1.6108969e+02      
1.2459345e+02 -1.6016236e+02      
1.1188973e+02 -1.6992357e+02      
1.1103723e+02 -1.7204875e+02      
1.1019238e+02 -1.7429726e+02      
1.0936896e+02 -1.7658975e+02      
1.0858524e+02 -1.7882542e+02      
1.0786161e+02 -1.8089443e+02      
1.0721565e+02 -1.8270264e+02      
1.0665809e+02 -1.8419510e+02      
1.0619190e+02 -1.8536538e+02      
1.0581223e+02 -1.8623263e+02      
1.0551521e+02 -1.8663570e+02      
1.0531635e+02 -1.8603633e+02      
1.0517974e+02 -1.8453868e+02      
1.0503124e+02 -1.8285664e+02      
1.0483883e+02 -1.8125789e+02      
1.0458793e+02 -1.7976573e+02      
1.0426890e+02 -1.7838154e+02      
1.0388089e+02 -1.7711773e+02      
1.0343118e+02 -1.7599958e+02      
1.0292905e+02 -1.7505824e+02      
8.9630950e+01 -1.8311178e+02      
8.8801581e+01 -1.8500242e+02      
8.7976821e+01 -1.8697199e+02      
8.7170554e+01 -1.8895156e+02      
8.6398091e+01 -1.9086196e+02      
8.5674772e+01 -1.9262168e+02      
8.5013591e+01 -1.9415876e+02      
8.4423113e+01 -1.9541993e+02      
8.3906627e+01 -1.9636819e+02      
8.3462796e+01 -1.9695616e+02      
8.3088278e+01 -1.9707493e+02      
8.2775431e+01 -1.9660195e+02      
8.2500584e+01 -1.9560499e+02      
8.2229098e+01 -1.9432738e+02      
8.1933358e+01 -1.9296310e+02      
8.1595759e+01 -1.9160382e+02      
8.1205393e+01 -1.9029459e+02      
8.0757102e+01 -1.8906758e+02      
8.0250084e+01 -1.8795338e+02      
7.9684936e+01 -1.8698233e+02      
