1.8369243e+01 2.4286376e+02      
1.6929281e+01 2.4081599e+02      
1.5979050e+01 2.3878160e+02      
1.5489914e+01 2.3681387e+02      
1.5421320e+01 2.3496424e+02      
1.5722035e+01 2.3328010e+02      
1.6333137e+01 2.3180228e+02      
1.7193158e+01 2.3056249e+02      
1.8246600e+01 2.2958131e+02      
1.9457955e+01 2.2886788e+02      
2.0828447e+01 2.2842174e+02      
2.2400556e+01 2.2823515e+02      
2.4237496e+01 2.2829463e+02      
2.6382048e+01 2.2858391e+02      
2.8808294e+01 2.2909040e+02      
3.1450766e+01 2.2980530e+02      
3.4299977e+01 2.3071315e+02      
3.7355649e+01 2.3178948e+02      
4.0613146e+01 2.3299457e+02      
4.4098203e+01 2.3426658e+02      
4.6646609e+01 2.3279600e+02      
4.5426392e+01 2.3063675e+02      
4.4717318e+01 2.2846813e+02      
4.4486762e+01 2.2634967e+02      
4.4685721e+01 2.2433999e+02      
4.5249308e+01 2.2249411e+02      
4.6099543e+01 2.2086002e+02      
4.7150040e+01 2.1947459e+02      
4.8313512e+01 2.1835971e+02      
4.9522200e+01 2.1752084e+02      
5.0772479e+01 2.1695190e+02      
5.2152415e+01 2.1664103e+02      
5.3801994e+01 2.1656882e+02      
5.5848778e+01 2.1670823e+02      
5.8248926e+01 2.1704463e+02      
6.0695126e+01 2.1759692e+02      
6.3319507e+01 2.1835078e+02      
6.6107817e+01 2.1929795e+02      
6.8999176e+01 2.2040968e+02      
7.2008605e+01 2.2161877e+02      
7.3657885e+01 2.1911993e+02      
7.2693777e+01 2.1682475e+02      
7.2269362e+01 2.1449646e+02      
7.2349958e+01 2.1220179e+02      
7.2878527e+01 2.1000833e+02      
7.3774664e+01 2.0798135e+02      
7.4937768e+01 2.0617927e+02      
7.6251909e+01 2.0464787e+02      
7.7583077e+01 2.0341238e+02      
7.8781156e+01 2.0246885e+02      
7.9794086e+01 2.0179710e+02      
8.0809902e+01 2.0138596e+02      
8.2106391e+01 2.0121219e+02      
8.3962484e+01 2.0122682e+02      
8.6557949e+01 2.0137606e+02      
8.8710552e+01 2.0175826e+02      
9.1183104e+01 2.0234196e+02      
9.3726939e+01 2.0317231e+02      
9.6195634e+01 2.0423951e+02      
9.8567828e+01 2.0547603e+02      
9.8949497e+01 2.0208089e+02      
9.8271715e+01 1.9962208e+02      
9.8172639e+01 1.9710401e+02      
9.8619761e+01 1.9460142e+02      
9.9550337e+01 1.9219300e+02      
1.0086638e+02 1.8995772e+02      
1.0243926e+02 1.8796917e+02      
1.0412755e+02 1.8628894e+02      
1.0576809e+02 1.8495689e+02      
1.0704276e+02 1.8395379e+02      
1.0755875e+02 1.8319173e+02      
1.0790548e+02 1.8270955e+02      
1.0857604e+02 1.8248536e+02      
1.0985514e+02 1.8244993e+02      
1.1187977e+02 1.8251914e+02      
1.1460524e+02 1.8261721e+02      
1.1724341e+02 1.8297085e+02      
1.1961764e+02 1.8368719e+02      
1.2164351e+02 1.8476379e+02      
1.2326863e+02 1.8612706e+02      
1.2208904e+02 1.8197972e+02      
1.2171675e+02 1.7932696e+02      
1.2197569e+02 1.7658407e+02      
1.2284385e+02 1.7383402e+02      
1.2425985e+02 1.7116893e+02      
1.2610731e+02 1.6868614e+02      
1.2820710e+02 1.6647977e+02      
1.3039115e+02 1.6463425e+02      
1.3253750e+02 1.6322075e+02      
1.3420165e+02 1.6225130e+02      
1.3368031e+02 1.6138384e+02      
1.3294968e+02 1.6088630e+02      
1.3270961e+02 1.6068592e+02      
1.3319855e+02 1.6068707e+02      
1.3447570e+02 1.6079846e+02      
1.3659889e+02 1.6090683e+02      
1.3938326e+02 1.6100648e+02      
1.4156235e+02 1.6165146e+02      
1.4311864e+02 1.6282275e+02      
1.4413077e+02 1.6437567e+02      
1.4267183e+02 1.5916951e+02      
1.4260591e+02 1.5629129e+02      
1.4323836e+02 1.5328418e+02      
1.4457237e+02 1.5023770e+02      
1.4656492e+02 1.4725930e+02      
1.4909979e+02 1.4447300e+02      
1.5190239e+02 1.4199970e+02      
1.5454518e+02 1.3994460e+02      
1.5713532e+02 1.3840877e+02      
1.5812794e+02 1.3733076e+02      
1.5734154e+02 1.3660793e+02      
1.5530127e+02 1.3622936e+02      
1.5399154e+02 1.3615103e+02      
1.5367100e+02 1.3626703e+02      
1.5405814e+02 1.3655339e+02      
1.5533658e+02 1.3682960e+02      
1.5752681e+02 1.3697153e+02      
1.5929371e+02 1.3765918e+02      
1.6031675e+02 1.3903972e+02      
1.6075601e+02 1.4087201e+02      
1.6032965e+02 1.3405143e+02      
1.6054297e+02 1.3091815e+02      
1.6153170e+02 1.2760597e+02      
1.6334840e+02 1.2420409e+02      
1.6599961e+02 1.2083280e+02      
1.6936794e+02 1.1765982e+02      
1.7308587e+02 1.1487475e+02      
1.7565608e+02 1.1256297e+02      
1.7719405e+02 1.1089250e+02      
1.7737302e+02 1.0983187e+02      
1.7614527e+02 1.0929639e+02      
1.7391501e+02 1.0917563e+02      
1.7166581e+02 1.0931450e+02      
1.7093373e+02 1.0953788e+02      
1.7026587e+02 1.1016591e+02      
1.7052905e+02 1.1082807e+02      
1.7162608e+02 1.1141955e+02      
1.7301348e+02 1.1213656e+02      
1.7346754e+02 1.1386117e+02      
1.7403580e+02 1.1559868e+02      
1.7474366e+02 1.0706921e+02      
1.7517083e+02 1.0365832e+02      
1.7644102e+02 1.0000709e+02      
1.7869713e+02 9.6186460e+01      
1.8202688e+02 9.2314070e+01      
1.8614833e+02 8.8641335e+01      
1.8932688e+02 8.5579505e+01      
1.9121557e+02 8.3219119e+01      
1.9182354e+02 8.1551540e+01      
1.9116536e+02 8.0637576e+01      
1.8928832e+02 8.0379874e+01      
1.8657968e+02 8.0564099e+01      
1.8477601e+02 8.0738723e+01      
1.8388626e+02 8.1079437e+01      
1.8269231e+02 8.2053737e+01      
1.8213551e+02 8.3189440e+01      
1.8237021e+02 8.4261034e+01      
1.8315203e+02 8.5275816e+01      
1.8340552e+02 8.7150179e+01      
1.8401938e+02 8.8851107e+01      
1.8566308e+02 7.8701077e+01      
1.8619903e+02 7.5001985e+01      
1.8758677e+02 7.1000294e+01      
1.9005764e+02 6.6739925e+01      
1.9389326e+02 6.2266904e+01      
1.9751797e+02 5.8177940e+01      
2.0002431e+02 5.4907465e+01      
2.0106157e+02 5.2643261e+01      
2.0070755e+02 5.1308473e+01      
1.9930212e+02 5.0653090e+01      
1.9683506e+02 5.0736435e+01      
1.9482146e+02 5.0813445e+01      
1.9359841e+02 5.0889122e+01      
1.9247462e+02 5.1476163e+01      
1.9125219e+02 5.2645985e+01      
1.9003679e+02 5.4317773e+01      
1.8954042e+02 5.5982964e+01      
1.8962590e+02 5.7613844e+01      
1.8994786e+02 5.9383869e+01      
1.9061454e+02 6.1034218e+01      
1.9292526e+02 4.9449644e+01      
1.9345068e+02 4.5462516e+01      
1.9474309e+02 4.1117820e+01      
1.9689997e+02 3.6497509e+01      
1.9990463e+02 3.1738946e+01      
2.0329885e+02 2.7116894e+01      
2.0529521e+02 2.3614943e+01      
2.0545990e+02 2.1582233e+01      
2.0397005e+02 2.0838301e+01      
2.0222505e+02 2.0521638e+01      
2.0032682e+02 2.0512967e+01      
1.9888856e+02 2.0460599e+01      
1.9757068e+02 2.0802480e+01      
1.9631701e+02 2.1623735e+01      
1.9510947e+02 2.2954308e+01      
1.9397932e+02 2.4771527e+01      
1.9303859e+02 2.6958745e+01      
1.9281816e+02 2.8974865e+01      
1.9309258e+02 3.0865350e+01      
1.9376478e+02 3.2566853e+01      
1.9646297e+02 1.9833698e+01      
1.9688547e+02 1.5565528e+01      
1.9795855e+02 1.0867597e+01      
1.9967481e+02 5.8433771e+00      
2.0187751e+02 7.4291885e-01      
2.0415745e+02 -3.9992821e+00      
2.0578319e+02 -7.8177193e+00      
2.0516569e+02 -9.5184502e+00      
2.0368968e+02 -1.0145736e+01      
2.0187535e+02 -1.0146028e+01      
2.0002865e+02 -9.8701172e+00      
1.9836919e+02 -9.4868169e+00      
1.9686065e+02 -8.8525087e+00      
1.9550061e+02 -7.8439177e+00      
1.9431926e+02 -6.3860026e+00      
1.9335751e+02 -4.4787660e+00      
1.9270157e+02 -2.2662389e+00      
1.9252379e+02 -4.1412247e-02      
1.9279992e+02 2.0455772e+00      
1.9346417e+02 3.8953649e+00      
1.9629112e+02 -9.6171924e+00      
1.9655580e+02 -1.4141297e+01      
1.9738214e+02 -1.9204582e+01      
1.9876720e+02 -2.4787291e+01      
2.0051288e+02 -3.0606156e+01      
2.0200343e+02 -3.5732493e+01      
2.0267580e+02 -3.9451409e+01      
2.0204529e+02 -4.1293029e+01      
2.0046893e+02 -4.1580352e+01      
1.9838396e+02 -4.0906381e+01      
1.9629992e+02 -4.0117632e+01      
1.9439285e+02 -3.9384618e+01      
1.9268600e+02 -3.8563359e+01      
1.9121263e+02 -3.7470241e+01      
1.9003488e+02 -3.5919988e+01      
1.8921204e+02 -3.3840089e+01      
1.8877614e+02 -3.1413507e+01      
1.8874058e+02 -2.8919733e+01      
1.8908153e+02 -2.6569901e+01      
1.8975739e+02 -2.4501410e+01      
1.9248906e+02 -3.8374092e+01      
1.9255779e+02 -4.3087124e+01      
1.9311429e+02 -4.8438970e+01      
1.9423162e+02 -5.4581789e+01      
1.9596260e+02 -6.1687873e+01      
1.9706964e+02 -6.7656490e+01      
1.9722346e+02 -7.1648055e+01      
1.9628735e+02 -7.3308455e+01      
1.9434312e+02 -7.2830590e+01      
1.9165195e+02 -7.0917628e+01      
1.8927913e+02 -6.9648428e+01      
1.8715319e+02 -6.8747120e+01      
1.8524154e+02 -6.7934253e+01      
1.8361088e+02 -6.6972023e+01      
1.8238777e+02 -6.5478797e+01      
1.8169416e+02 -6.3024373e+01      
1.8146023e+02 -6.0114426e+01      
1.8159887e+02 -5.7185485e+01      
1.8204525e+02 -5.4478665e+01      
1.8275496e+02 -5.2131915e+01      
1.8519460e+02 -6.5933041e+01      
1.8503519e+02 -7.0727451e+01      
1.8526575e+02 -7.6179090e+01      
1.8589616e+02 -8.2351349e+01      
1.8683346e+02 -8.9183501e+01      
1.8770624e+02 -9.6124485e+01      
1.8755211e+02 -1.0057786e+02      
1.8627183e+02 -1.0185778e+02      
1.8396601e+02 -1.0047427e+02      
1.8147461e+02 -9.8957723e+01      
1.7905816e+02 -9.7771028e+01      
1.7675799e+02 -9.6935757e+01      
1.7460071e+02 -9.6365988e+01      
1.7271563e+02 -9.5848103e+01      
1.7135295e+02 -9.4812277e+01      
1.7085968e+02 -9.1566774e+01      
1.7090971e+02 -8.7861919e+01      
1.7128599e+02 -8.4309178e+01      
1.7187432e+02 -8.1158296e+01      
1.7263282e+02 -7.8498480e+01      
1.7460391e+02 -9.1839003e+01      
1.7420090e+02 -9.6600760e+01      
1.7408708e+02 -1.0199464e+02      
1.7423327e+02 -1.0803492e+02      
1.7450513e+02 -1.1452271e+02      
1.7458763e+02 -1.2079577e+02      
1.7416721e+02 -1.2591070e+02      
1.7263319e+02 -1.2663351e+02      
1.7057291e+02 -1.2599050e+02      
1.6828680e+02 -1.2499316e+02      
1.6590155e+02 -1.2400206e+02      
1.6344532e+02 -1.2331290e+02      
1.6096541e+02 -1.2314108e+02      
1.5870493e+02 -1.2323100e+02      
1.5732314e+02 -1.2184078e+02      
1.5691397e+02 -1.1862778e+02      
1.5736469e+02 -1.1398832e+02      
1.5806744e+02 -1.0967977e+02      
1.5882405e+02 -1.0605688e+02      
1.5962624e+02 -1.0310683e+02      
1.6096507e+02 -1.1569373e+02      
1.6032347e+02 -1.2031862e+02      
1.5988750e+02 -1.2553658e+02      
1.5964001e+02 -1.3141957e+02      
1.5951081e+02 -1.3795734e+02      
1.5895046e+02 -1.4365343e+02      
1.5809650e+02 -1.4875603e+02      
1.5656803e+02 -1.4982541e+02      
1.5466667e+02 -1.4976092e+02      
1.5252570e+02 -1.4905268e+02      
1.5019178e+02 -1.4798366e+02      
1.4763066e+02 -1.4710753e+02      
1.4478872e+02 -1.4721487e+02      
1.4244557e+02 -1.4689174e+02      
1.4104043e+02 -1.4526004e+02      
1.4070659e+02 -1.4203901e+02      
1.4128768e+02 -1.3751357e+02      
1.4235080e+02 -1.3254215e+02      
1.4321923e+02 -1.2861412e+02      
1.4401695e+02 -1.2549474e+02      
1.4456816e+02 -1.3715613e+02      
1.4370671e+02 -1.4154976e+02      
1.4297837e+02 -1.4645945e+02      
1.4234886e+02 -1.5189911e+02      
1.4173043e+02 -1.5780816e+02      
1.4096082e+02 -1.6390248e+02      
1.3982388e+02 -1.6862584e+02      
1.3830324e+02 -1.7093431e+02      
1.3649966e+02 -1.7144513e+02      
1.3448748e+02 -1.7072855e+02      
1.3227453e+02 -1.6916938e+02      
1.2982389e+02 -1.6730945e+02      
1.2725385e+02 -1.6649027e+02      
1.2470160e+02 -1.6614070e+02      
1.2320359e+02 -1.6448162e+02      
1.2299439e+02 -1.6116627e+02      
1.2380778e+02 -1.5651242e+02      
1.2464624e+02 -1.5212718e+02      
1.2539779e+02 -1.4838540e+02      
1.2610651e+02 -1.4528494e+02      
1.2573735e+02 -1.5594410e+02      
1.2468488e+02 -1.6003290e+02      
1.2370771e+02 -1.6453955e+02      
1.2276601e+02 -1.6943388e+02      
1.2179151e+02 -1.7465834e+02      
1.2068660e+02 -1.8007525e+02      
1.1935214e+02 -1.8514613e+02      
1.1778714e+02 -1.8795829e+02      
1.1606764e+02 -1.8864726e+02      
1.1422458e+02 -1.8763965e+02      
1.1223328e+02 -1.8545043e+02      
1.1011185e+02 -1.8359402e+02      
1.0795207e+02 -1.8224239e+02      
1.0588214e+02 -1.8111436e+02      
1.0423918e+02 -1.7957549e+02      
1.0419970e+02 -1.7616744e+02      
1.0458838e+02 -1.7231415e+02      
1.0509408e+02 -1.6856993e+02      
1.0563348e+02 -1.6517699e+02      
1.0619359e+02 -1.6222032e+02      
1.0482388e+02 -1.7183242e+02      
1.0361568e+02 -1.7557073e+02      
1.0244302e+02 -1.7962962e+02      
1.0127225e+02 -1.8395791e+02      
1.0005100e+02 -1.8849124e+02      
9.8705466e+01 -1.9318929e+02      
9.7160332e+01 -1.9788442e+02      
9.5530146e+01 -2.0066013e+02      
9.3912854e+01 -2.0115367e+02      
9.2287133e+01 -1.9974357e+02      
9.0521777e+01 -1.9802956e+02      
8.8692583e+01 -1.9637547e+02      
8.6902845e+01 -1.9482329e+02      
8.5288044e+01 -1.9321556e+02      
8.4099432e+01 -1.9120580e+02      
8.3652801e+01 -1.8840574e+02      
8.3647171e+01 -1.8521079e+02      
8.3855896e+01 -1.8197877e+02      
8.4182473e+01 -1.7891483e+02      
8.4579590e+01 -1.7613672e+02      
8.2199641e+01 -1.8464726e+02      
8.0872065e+01 -1.8801410e+02      
7.9555450e+01 -1.9161148e+02      
7.8226141e+01 -1.9537221e+02      
7.6849601e+01 -1.9921155e+02      
7.5382807e+01 -2.0302039e+02      
7.3786422e+01 -2.0655648e+02      
7.2081549e+01 -2.0919724e+02      
7.0599106e+01 -2.0935823e+02      
6.9053567e+01 -2.0856135e+02      
6.7445195e+01 -2.0734521e+02      
6.5837930e+01 -2.0592598e+02      
6.4318449e+01 -2.0435920e+02      
6.2996361e+01 -2.0258833e+02      
6.2003840e+01 -2.0048618e+02      
6.1421364e+01 -1.9798402e+02      
6.1185088e+01 -1.9520147e+02      
6.1183751e+01 -1.9233120e+02      
6.1335073e+01 -1.8953303e+02      
6.1585239e+01 -1.8692002e+02      
