2.6934928e+01 2.2681565e+02      
2.7438931e+01 2.2511328e+02      
2.8431202e+01 2.2358654e+02      
2.9836706e+01 2.2228560e+02      
3.1588187e+01 2.2125320e+02      
3.3672544e+01 2.2052009e+02      
3.6122712e+01 2.2010260e+02      
3.8954828e+01 2.2000229e+02      
4.2121349e+01 2.2020538e+02      
4.5501214e+01 2.2068026e+02      
4.8908792e+01 2.2137424e+02      
5.2115658e+01 2.2221127e+02      
5.4862872e+01 2.2307988e+02      
5.6916742e+01 2.2384982e+02      
5.8088692e+01 2.2433903e+02      
5.8238898e+01 2.2430081e+02      
5.8187322e+01 2.2420934e+02      
5.8411857e+01 2.2427984e+02      
5.9056375e+01 2.2450311e+02      
6.0177226e+01 2.2483219e+02      
5.6130873e+01 2.1741392e+02      
5.6918742e+01 2.1570923e+02      
5.8235026e+01 2.1416890e+02      
5.9947000e+01 2.1285492e+02      
6.1901299e+01 2.1182232e+02      
6.4105672e+01 2.1110973e+02      
6.6719297e+01 2.1073605e+02      
6.9847336e+01 2.1070495e+02      
7.3458620e+01 2.1100570e+02      
7.7405514e+01 2.1160951e+02      
8.1433135e+01 2.1245825e+02      
8.5237117e+01 2.1347836e+02      
8.8465421e+01 2.1454224e+02      
9.0547834e+01 2.1535473e+02      
9.1434157e+01 2.1586302e+02      
8.9866590e+01 2.1482877e+02      
8.8568987e+01 2.1409948e+02      
8.7919574e+01 2.1374746e+02      
8.7885586e+01 2.1362630e+02      
8.8441336e+01 2.1363692e+02      
8.3850699e+01 2.0447689e+02      
8.4958624e+01 2.0273489e+02      
8.6712087e+01 2.0114219e+02      
8.8905901e+01 1.9977920e+02      
9.1022988e+01 1.9872346e+02      
9.3100479e+01 1.9802512e+02      
9.5724615e+01 1.9769749e+02      
9.9135991e+01 1.9774625e+02      
1.0328411e+02 1.9816683e+02      
1.0798902e+02 1.9894593e+02      
1.1292334e+02 2.0002748e+02      
1.1744839e+02 2.0123925e+02      
1.2146651e+02 2.0265719e+02      
1.2318778e+02 2.0325099e+02      
1.2251230e+02 2.0291623e+02      
1.1938082e+02 2.0136514e+02      
1.1691286e+02 2.0025325e+02      
1.1542472e+02 1.9961502e+02      
1.1473994e+02 1.9924779e+02      
1.1474152e+02 1.9901588e+02      
1.0958633e+02 1.8823350e+02      
1.1099556e+02 1.8641200e+02      
1.1325553e+02 1.8470995e+02      
1.1631506e+02 1.8323411e+02      
1.1852378e+02 1.8212207e+02      
1.1995051e+02 1.8144436e+02      
1.2239910e+02 1.8115994e+02      
1.2609470e+02 1.8128906e+02      
1.3093571e+02 1.8184912e+02      
1.3647691e+02 1.8276876e+02      
1.4267339e+02 1.8415291e+02      
1.4752461e+02 1.8523707e+02      
1.5080222e+02 1.8604467e+02      
1.5180108e+02 1.8623914e+02      
1.5005699e+02 1.8555837e+02      
1.4579101e+02 1.8396037e+02      
1.4244934e+02 1.8279228e+02      
1.4031437e+02 1.8206988e+02      
1.3910641e+02 1.8159441e+02      
1.3861865e+02 1.8121555e+02      
1.3286032e+02 1.6897181e+02      
1.3445280e+02 1.6703024e+02      
1.3696931e+02 1.6515222e+02      
1.4030554e+02 1.6343703e+02      
1.4250158e+02 1.6223872e+02      
1.4364850e+02 1.6162966e+02      
1.4591679e+02 1.6135473e+02      
1.4975226e+02 1.6148629e+02      
1.5543126e+02 1.6218754e+02      
1.6131246e+02 1.6295849e+02      
1.6730490e+02 1.6385569e+02      
1.7211882e+02 1.6457774e+02      
1.7503138e+02 1.6498268e+02      
1.7556274e+02 1.6493437e+02      
1.7325704e+02 1.6426207e+02      
1.6836758e+02 1.6296569e+02      
1.6454465e+02 1.6200976e+02      
1.6207382e+02 1.6141031e+02      
1.6057685e+02 1.6098646e+02      
1.5970837e+02 1.6056171e+02      
1.5327865e+02 1.4703194e+02      
1.5488621e+02 1.4494605e+02      
1.5735410e+02 1.4287333e+02      
1.6056707e+02 1.4089618e+02      
1.6262620e+02 1.3958303e+02      
1.6362591e+02 1.3899062e+02      
1.6565806e+02 1.3862017e+02      
1.6904040e+02 1.3850609e+02      
1.7367427e+02 1.3869924e+02      
1.7915762e+02 1.3908972e+02      
1.8553209e+02 1.3967864e+02      
1.9053548e+02 1.4009048e+02      
1.9346986e+02 1.4026796e+02      
1.9396593e+02 1.4015067e+02      
1.9158663e+02 1.3967538e+02      
1.8657533e+02 1.3887647e+02      
1.8269316e+02 1.3831133e+02      
1.8029660e+02 1.3802231e+02      
1.7893295e+02 1.3785686e+02      
1.7781862e+02 1.3747982e+02      
1.7056338e+02 1.2278935e+02      
1.7203548e+02 1.2054967e+02      
1.7417502e+02 1.1833168e+02      
1.7689515e+02 1.1619706e+02      
1.7869081e+02 1.1475796e+02      
1.7965654e+02 1.1403505e+02      
1.8145409e+02 1.1343399e+02      
1.8425047e+02 1.1297075e+02      
1.8795094e+02 1.1268502e+02      
1.9242448e+02 1.1257994e+02      
1.9750345e+02 1.1265317e+02      
2.0265353e+02 1.1279980e+02      
2.0571460e+02 1.1284591e+02      
2.0665231e+02 1.1272905e+02      
2.0471661e+02 1.1250879e+02      
2.0005642e+02 1.1226319e+02      
1.9647314e+02 1.1214600e+02      
1.9449802e+02 1.1226142e+02      
1.9394004e+02 1.1262569e+02      
1.9272068e+02 1.1237536e+02      
1.8455114e+02 9.6636847e+01      
1.8582240e+02 9.4211447e+01      
1.8744643e+02 9.1909672e+01      
1.8917107e+02 8.9900295e+01      
1.9057755e+02 8.8362344e+01      
1.9178734e+02 8.7241698e+01      
1.9338878e+02 8.6304745e+01      
1.9563103e+02 8.5465590e+01      
1.9851429e+02 8.4720055e+01      
2.0193368e+02 8.4084975e+01      
2.0563751e+02 8.3669910e+01      
2.0907949e+02 8.3646448e+01      
2.1170808e+02 8.3675307e+01      
2.1358606e+02 8.3546426e+01      
2.1255957e+02 8.3512238e+01      
2.0866710e+02 8.3737120e+01      
2.0560157e+02 8.3989857e+01      
2.0393277e+02 8.4361740e+01      
2.0353692e+02 8.4874902e+01      
2.0234752e+02 8.4816888e+01      
1.9515523e+02 6.8986858e+01      
1.9630719e+02 6.6263018e+01      
1.9757554e+02 6.3763682e+01      
1.9858265e+02 6.1804384e+01      
1.9944795e+02 6.0254166e+01      
2.0037649e+02 5.8940721e+01      
2.0160122e+02 5.7722254e+01      
2.0326759e+02 5.6519130e+01      
2.0539171e+02 5.5313822e+01      
2.0790313e+02 5.4110765e+01      
2.1058594e+02 5.3048143e+01      
2.1259255e+02 5.3182443e+01      
2.1422778e+02 5.3374329e+01      
2.1532748e+02 5.3438461e+01      
2.1533242e+02 5.3440195e+01      
2.1254008e+02 5.3924295e+01      
2.1014807e+02 5.4386022e+01      
2.0859253e+02 5.4868572e+01      
2.0761882e+02 5.5330149e+01      
2.0656553e+02 5.5522996e+01      
2.0229627e+02 4.0305122e+01      
2.0349972e+02 3.7093554e+01      
2.0474023e+02 3.4144863e+01      
2.0496980e+02 3.2354899e+01      
2.0512571e+02 3.0955665e+01      
2.0548329e+02 2.9628252e+01      
2.0616665e+02 2.8223450e+01      
2.0722305e+02 2.6687389e+01      
2.0863381e+02 2.5021836e+01      
2.1031317e+02 2.3307462e+01      
2.1201571e+02 2.1911797e+01      
2.1307904e+02 2.1991593e+01      
2.1379992e+02 2.2365263e+01      
2.1409422e+02 2.2674696e+01      
2.1364845e+02 2.2947207e+01      
2.1216698e+02 2.3364198e+01      
2.1053440e+02 2.3874816e+01      
2.0921735e+02 2.4466131e+01      
2.0820613e+02 2.5087115e+01      
2.0735106e+02 2.5600529e+01      
2.0583423e+02 1.1173412e+01      
2.0716199e+02 7.3359379e+00      
2.0793586e+02 4.2805500e+00      
2.0793055e+02 2.2604613e+00      
2.0733076e+02 1.1408600e+00      
2.0700991e+02 -6.1974666e-02      
2.0709266e+02 -1.5816745e+00      
2.0754346e+02 -3.4293985e+00      
2.0829239e+02 -5.5658210e+00      
2.0923896e+02 -7.8056365e+00      
2.1001549e+02 -9.1642784e+00      
2.1041335e+02 -9.4562834e+00      
2.1040054e+02 -8.8689475e+00      
2.1010740e+02 -8.3583617e+00      
2.0942757e+02 -7.9904307e+00      
2.0837751e+02 -7.6174929e+00      
2.0722236e+02 -7.1074245e+00      
2.0620187e+02 -6.3735247e+00      
2.0538527e+02 -5.4355613e+00      
2.0475726e+02 -4.4931766e+00      
2.0550749e+02 -1.7582124e+01      
2.0640550e+02 -2.1508176e+01      
2.0679580e+02 -2.4695282e+01      
2.0654274e+02 -2.6916928e+01      
2.0576255e+02 -2.8306807e+01      
2.0482700e+02 -2.9372892e+01      
2.0438183e+02 -3.1046128e+01      
2.0428562e+02 -3.3160000e+01      
2.0441725e+02 -3.5673619e+01      
2.0457531e+02 -3.7678732e+01      
2.0460332e+02 -3.9000341e+01      
2.0439558e+02 -3.9616307e+01      
2.0391761e+02 -3.9581070e+01      
2.0320285e+02 -3.9057766e+01      
2.0233870e+02 -3.8825322e+01      
2.0138367e+02 -3.8618884e+01      
2.0046935e+02 -3.8212312e+01      
1.9971291e+02 -3.7365537e+01      
1.9913810e+02 -3.5866378e+01      
1.9874955e+02 -3.4304952e+01      
2.0068137e+02 -4.4401848e+01      
2.0131342e+02 -4.8565934e+01      
2.0141889e+02 -5.1949554e+01      
2.0088624e+02 -5.4267561e+01      
1.9982458e+02 -5.5746488e+01      
1.9885467e+02 -5.7522507e+01      
1.9812064e+02 -5.9657983e+01      
1.9756916e+02 -6.1903672e+01      
1.9709845e+02 -6.4000129e+01      
1.9659896e+02 -6.5662421e+01      
1.9599244e+02 -6.6910019e+01      
1.9522879e+02 -6.7813668e+01      
1.9429797e+02 -6.8403122e+01      
1.9324328e+02 -6.8757701e+01      
1.9216302e+02 -6.9056951e+01      
1.9116697e+02 -6.9212758e+01      
1.9036779e+02 -6.9078081e+01      
1.8986561e+02 -6.8285625e+01      
1.8955375e+02 -6.5652490e+01      
1.8943138e+02 -6.3267884e+01      
1.9231791e+02 -6.9805246e+01      
1.9236832e+02 -7.3465827e+01      
1.9223279e+02 -7.7057222e+01      
1.9143489e+02 -7.9384849e+01      
1.9043636e+02 -8.1672037e+01      
1.8945365e+02 -8.4322996e+01      
1.8855079e+02 -8.7249172e+01      
1.8764626e+02 -8.9770051e+01      
1.8667733e+02 -9.1570108e+01      
1.8560214e+02 -9.2730001e+01      
1.8442641e+02 -9.3815436e+01      
1.8313168e+02 -9.4973288e+01      
1.8172257e+02 -9.6154271e+01      
1.8025738e+02 -9.7328025e+01      
1.7886681e+02 -9.8367412e+01      
1.7774268e+02 -9.8937595e+01      
1.7696865e+02 -9.9072482e+01      
1.7668641e+02 -9.7381259e+01      
1.7679179e+02 -9.3833516e+01      
1.7699823e+02 -9.0725089e+01      
1.8082193e+02 -9.3737923e+01      
1.8041556e+02 -9.6933435e+01      
1.7985777e+02 -1.0009840e+02      
1.7900806e+02 -1.0294515e+02      
1.7799170e+02 -1.0586996e+02      
1.7694434e+02 -1.0932755e+02      
1.7594463e+02 -1.1351447e+02      
1.7474976e+02 -1.1644719e+02      
1.7336688e+02 -1.1800343e+02      
1.7175979e+02 -1.1824162e+02      
1.7007355e+02 -1.1915623e+02      
1.6826536e+02 -1.2061872e+02      
1.6634428e+02 -1.2239294e+02      
1.6437496e+02 -1.2438848e+02      
1.6254605e+02 -1.2635055e+02      
1.6127599e+02 -1.2698795e+02      
1.6060898e+02 -1.2631778e+02      
1.6060493e+02 -1.2386902e+02      
1.6117957e+02 -1.1969451e+02      
1.6173830e+02 -1.1606889e+02      
1.6647256e+02 -1.1595931e+02      
1.6574310e+02 -1.1883048e+02      
1.6489983e+02 -1.2177346e+02      
1.6389935e+02 -1.2474471e+02      
1.6276702e+02 -1.2789679e+02      
1.6155644e+02 -1.3155215e+02      
1.6027935e+02 -1.3588335e+02      
1.5881508e+02 -1.3890088e+02      
1.5714839e+02 -1.4052839e+02      
1.5527084e+02 -1.4089507e+02      
1.5317453e+02 -1.4211265e+02      
1.5085331e+02 -1.4408975e+02      
1.4842557e+02 -1.4641935e+02      
1.4590510e+02 -1.4911399e+02      
1.4387586e+02 -1.5083088e+02      
1.4250569e+02 -1.5121316e+02      
1.4189531e+02 -1.5008933e+02      
1.4213519e+02 -1.4721660e+02      
1.4313840e+02 -1.4272363e+02      
1.4401119e+02 -1.3880710e+02      
1.4953353e+02 -1.3615632e+02      
1.4856961e+02 -1.3878575e+02      
1.4751151e+02 -1.4154354e+02      
1.4633686e+02 -1.4441295e+02      
1.4504667e+02 -1.4744360e+02      
1.4365087e+02 -1.5070512e+02      
1.4213875e+02 -1.5402670e+02      
1.4046844e+02 -1.5675513e+02      
1.3861006e+02 -1.5870054e+02      
1.3652985e+02 -1.6016419e+02      
1.3413954e+02 -1.6201417e+02      
1.3130347e+02 -1.6471668e+02      
1.2853154e+02 -1.6725149e+02      
1.2583294e+02 -1.6961059e+02      
1.2361444e+02 -1.7107787e+02      
1.2209627e+02 -1.7129031e+02      
1.2144281e+02 -1.7002689e+02      
1.2181128e+02 -1.6706003e+02      
1.2312367e+02 -1.6254281e+02      
1.2421436e+02 -1.5856214e+02      
1.3028949e+02 -1.5401610e+02      
1.2914635e+02 -1.5642841e+02      
1.2791468e+02 -1.5898031e+02      
1.2658039e+02 -1.6164595e+02      
1.2513774e+02 -1.6441254e+02      
1.2358334e+02 -1.6723991e+02      
1.2190632e+02 -1.6998587e+02      
1.2008625e+02 -1.7243646e+02      
1.1809928e+02 -1.7451583e+02      
1.1591498e+02 -1.7638880e+02      
1.1348748e+02 -1.7837819e+02      
1.1081095e+02 -1.8063935e+02      
1.0798435e+02 -1.8297664e+02      
1.0495674e+02 -1.8540580e+02      
1.0251661e+02 -1.8679639e+02      
1.0070690e+02 -1.8708724e+02      
9.9851639e+01 -1.8594848e+02      
1.0016449e+02 -1.8316916e+02      
1.0159371e+02 -1.7889941e+02      
1.0275372e+02 -1.7506763e+02      
1.0905571e+02 -1.6926266e+02      
1.0777301e+02 -1.7146464e+02      
1.0640180e+02 -1.7379621e+02      
1.0493350e+02 -1.7622242e+02      
1.0336260e+02 -1.7870609e+02      
1.0168432e+02 -1.8119091e+02      
9.9891402e+01 -1.8358876e+02      
9.7973193e+01 -1.8580796e+02      
9.5917111e+01 -1.8781930e+02      
9.3710319e+01 -1.8968834e+02      
9.1345707e+01 -1.9152600e+02      
8.8839758e+01 -1.9338112e+02      
8.6229878e+01 -1.9520888e+02      
8.3604395e+01 -1.9686075e+02      
8.1172486e+01 -1.9799927e+02      
7.8907775e+01 -1.9860631e+02      
7.7732869e+01 -1.9774778e+02      
7.7708040e+01 -1.9542847e+02      
7.8977887e+01 -1.9166305e+02      
8.0015024e+01 -1.8816704e+02      
8.6176969e+01 -1.8166847e+02      
8.4786420e+01 -1.8366466e+02      
8.3306002e+01 -1.8577308e+02      
8.1731971e+01 -1.8795549e+02      
8.0061717e+01 -1.9016973e+02      
7.8293121e+01 -1.9236487e+02      
7.6423645e+01 -1.9448227e+02      
7.4450303e+01 -1.9647060e+02      
7.2370964e+01 -1.9830849e+02      
7.0187090e+01 -2.0001153e+02      
6.7908973e+01 -2.0160855e+02      
6.5562994e+01 -2.0310116e+02      
6.3197388e+01 -2.0443855e+02      
6.0891917e+01 -2.0550777e+02      
5.8741441e+01 -2.0616655e+02      
5.6879683e+01 -2.0625188e+02      
5.5574575e+01 -2.0548745e+02      
5.4850630e+01 -2.0388740e+02      
5.5630869e+01 -2.0083444e+02      
5.6332422e+01 -1.9781345e+02      
