3.2083081e+01 2.2054370e+02      
3.3506308e+01 2.1932387e+02      
3.5233906e+01 2.1835439e+02      
3.7133856e+01 2.1762985e+02      
3.9056613e+01 2.1711984e+02      
4.0860472e+01 2.1677389e+02      
4.2423722e+01 2.1651334e+02      
4.3576876e+01 2.1613696e+02      
4.4187507e+01 2.1539886e+02      
4.4798260e+01 2.1480579e+02      
4.5575024e+01 2.1464526e+02      
4.6130232e+01 2.1495624e+02      
4.5120174e+01 2.1545482e+02      
4.3859483e+01 2.1638642e+02      
4.2817629e+01 2.1770479e+02      
4.2226500e+01 2.1931588e+02      
4.2213225e+01 2.2112696e+02      
4.2845032e+01 2.2305286e+02      
4.4153194e+01 2.2501503e+02      
4.6146073e+01 2.2694096e+02      
6.2421391e+01 2.1075175e+02      
6.4390494e+01 2.0967183e+02      
6.6706941e+01 2.0887356e+02      
6.9209133e+01 2.0835403e+02      
7.1684039e+01 2.0806557e+02      
7.3939043e+01 2.0794807e+02      
7.5858909e+01 2.0794240e+02      
7.7157498e+01 2.0774263e+02      
7.6969052e+01 2.0610972e+02      
7.7342225e+01 2.0492442e+02      
7.8304683e+01 2.0439284e+02      
7.8397790e+01 2.0437360e+02      
7.7240037e+01 2.0478005e+02      
7.4983179e+01 2.0560850e+02      
7.2968344e+01 2.0687249e+02      
7.1575201e+01 2.0843519e+02      
7.0922220e+01 2.1018145e+02      
7.1030465e+01 2.1201539e+02      
7.1902465e+01 2.1385165e+02      
7.3524565e+01 2.1561456e+02      
9.1303988e+01 1.9737404e+02      
9.3904437e+01 1.9642315e+02      
9.6931363e+01 1.9580789e+02      
1.0021485e+02 1.9555066e+02      
1.0343691e+02 1.9557280e+02      
1.0611886e+02 1.9566569e+02      
1.0830110e+02 1.9588219e+02      
1.0869182e+02 1.9500117e+02      
1.0758017e+02 1.9284427e+02      
1.0767318e+02 1.9118901e+02      
1.0802768e+02 1.9024945e+02      
1.0781247e+02 1.8995896e+02      
1.0661517e+02 1.9027825e+02      
1.0432979e+02 1.9115563e+02      
1.0126885e+02 1.9248553e+02      
9.9049753e+01 1.9408166e+02      
9.7749360e+01 1.9583099e+02      
9.7329553e+01 1.9762900e+02      
9.7765988e+01 1.9938547e+02      
9.9018723e+01 2.0102496e+02      
1.1819043e+02 1.8058862e+02      
1.2150392e+02 1.7973472e+02      
1.2535461e+02 1.7928368e+02      
1.2959842e+02 1.7931019e+02      
1.3382796e+02 1.7975683e+02      
1.3651858e+02 1.7976092e+02      
1.3771380e+02 1.7932228e+02      
1.3703044e+02 1.7800186e+02      
1.3474309e+02 1.7571443e+02      
1.3363974e+02 1.7392002e+02      
1.3375526e+02 1.7268735e+02      
1.3353998e+02 1.7217032e+02      
1.3246746e+02 1.7242031e+02      
1.3028567e+02 1.7338296e+02      
1.2692123e+02 1.7480042e+02      
1.2406886e+02 1.7650994e+02      
1.2215276e+02 1.7834232e+02      
1.2123451e+02 1.8016556e+02      
1.2126999e+02 1.8188873e+02      
1.2218358e+02 1.8344389e+02      
1.4252854e+02 1.6061794e+02      
1.4667261e+02 1.5981629e+02      
1.5131958e+02 1.5941805e+02      
1.5645858e+02 1.5957256e+02      
1.6035749e+02 1.5960330e+02      
1.6259099e+02 1.5929892e+02      
1.6300542e+02 1.5853850e+02      
1.6139430e+02 1.5712599e+02      
1.5804591e+02 1.5504580e+02      
1.5588459e+02 1.5340551e+02      
1.5511996e+02 1.5224246e+02      
1.5516630e+02 1.5151880e+02      
1.5436211e+02 1.5171635e+02      
1.5245704e+02 1.5262538e+02      
1.4956242e+02 1.5411235e+02      
1.4612884e+02 1.5604167e+02      
1.4362002e+02 1.5805299e+02      
1.4226886e+02 1.5996037e+02      
1.4198349e+02 1.6168831e+02      
1.4262145e+02 1.6319263e+02      
1.6360351e+02 1.3768459e+02      
1.6869982e+02 1.3688226e+02      
1.7370356e+02 1.3625086e+02      
1.7845697e+02 1.3587887e+02      
1.8189714e+02 1.3551030e+02      
1.8363999e+02 1.3497039e+02      
1.8350817e+02 1.3414261e+02      
1.8125504e+02 1.3290712e+02      
1.7715321e+02 1.3128149e+02      
1.7422245e+02 1.3001110e+02      
1.7277399e+02 1.2910528e+02      
1.7255154e+02 1.2847531e+02      
1.7184709e+02 1.2858181e+02      
1.7021933e+02 1.2946919e+02      
1.6767716e+02 1.3105082e+02      
1.6455382e+02 1.3313552e+02      
1.6158508e+02 1.3540202e+02      
1.5999752e+02 1.3740881e+02      
1.5954012e+02 1.3915663e+02      
1.5999860e+02 1.4063383e+02      
1.8060679e+02 1.1202636e+02      
1.8512372e+02 1.1066622e+02      
1.8997833e+02 1.0959611e+02      
1.9489645e+02 1.0887667e+02      
1.9781444e+02 1.0826651e+02      
1.9920127e+02 1.0763342e+02      
1.9878322e+02 1.0688657e+02      
1.9623820e+02 1.0597688e+02      
1.9176901e+02 1.0494986e+02      
1.8837039e+02 1.0419126e+02      
1.8629001e+02 1.0373065e+02      
1.8522323e+02 1.0353214e+02      
1.8466483e+02 1.0363009e+02      
1.8328570e+02 1.0454984e+02      
1.8091099e+02 1.0631585e+02      
1.7786141e+02 1.0866039e+02      
1.7549552e+02 1.1090873e+02      
1.7411400e+02 1.1293275e+02      
1.7367514e+02 1.1469410e+02      
1.7406280e+02 1.1616074e+02      
1.9380748e+02 8.4243075e+01      
1.9794866e+02 8.2301075e+01      
2.0237538e+02 8.0669890e+01      
2.0634358e+02 7.9481008e+01      
2.0779038e+02 7.8785734e+01      
2.0898729e+02 7.8180976e+01      
2.0847892e+02 7.7589047e+01      
2.0611846e+02 7.7028754e+01      
2.0176070e+02 7.6625047e+01      
1.9824103e+02 7.6425335e+01      
1.9578333e+02 7.6475803e+01      
1.9412568e+02 7.6792634e+01      
1.9296368e+02 7.7392820e+01      
1.9181251e+02 7.8396974e+01      
1.8952501e+02 8.0443747e+01      
1.8728793e+02 8.2702596e+01      
1.8556562e+02 8.4905650e+01      
1.8454112e+02 8.6933102e+01      
1.8424743e+02 8.8712620e+01      
1.8465123e+02 9.0187619e+01      
2.0337949e+02 5.4906433e+01      
2.0728575e+02 5.2352445e+01      
2.1137700e+02 5.0095646e+01      
2.1369250e+02 4.8618748e+01      
2.1365648e+02 4.7969943e+01      
2.1338153e+02 4.7489384e+01      
2.1253991e+02 4.7081873e+01      
2.1095052e+02 4.6773734e+01      
2.0721255e+02 4.6888366e+01      
2.0393313e+02 4.7195598e+01      
2.0138244e+02 4.7745303e+01      
1.9941987e+02 4.8580007e+01      
1.9786013e+02 4.9726768e+01      
1.9640703e+02 5.1261451e+01      
1.9474102e+02 5.3287841e+01      
1.9317649e+02 5.5523297e+01      
1.9198818e+02 5.7741969e+01      
1.9131459e+02 5.9810248e+01      
1.9121174e+02 6.1634666e+01      
1.9168197e+02 6.3144813e+01      
2.0912809e+02 2.4631869e+01      
2.1253510e+02 2.1491327e+01      
2.1538792e+02 1.8806090e+01      
2.1672747e+02 1.6982025e+01      
2.1581382e+02 1.6344277e+01      
2.1466686e+02 1.5977267e+01      
2.1327055e+02 1.5783845e+01      
2.1130094e+02 1.5843865e+01      
2.0852190e+02 1.6253997e+01      
2.0568475e+02 1.6967772e+01      
2.0320506e+02 1.7974562e+01      
2.0115065e+02 1.9292023e+01      
1.9946313e+02 2.0933143e+01      
1.9801460e+02 2.2897136e+01      
1.9671505e+02 2.5131966e+01      
1.9562228e+02 2.7494311e+01      
1.9485136e+02 2.9822851e+01      
1.9448873e+02 3.1989701e+01      
1.9458034e+02 3.3898828e+01      
1.9513821e+02 3.5476714e+01      
2.0931716e+02 -5.3641949e+00      
2.1200305e+02 -9.0467548e+00      
2.1423718e+02 -1.2390712e+01      
2.1550514e+02 -1.4880443e+01      
2.1437383e+02 -1.5636756e+01      
2.1286672e+02 -1.5965054e+01      
2.1110923e+02 -1.5995073e+01      
2.0894775e+02 -1.5651993e+01      
2.0641509e+02 -1.4915550e+01      
2.0379275e+02 -1.3818625e+01      
2.0137575e+02 -1.2390933e+01      
1.9932596e+02 -1.0625426e+01      
1.9767934e+02 -8.5184678e+00      
1.9638528e+02 -6.1228422e+00      
1.9538102e+02 -3.5472291e+00      
1.9465136e+02 -9.2847821e-01      
1.9422304e+02 1.5993753e+00      
1.9413268e+02 3.9246815e+00      
1.9440714e+02 5.9604027e+00      
1.9505698e+02 7.6388175e+00      
2.0594841e+02 -3.5183974e+01      
2.0808106e+02 -3.9537795e+01      
2.0997183e+02 -4.3817660e+01      
2.1058160e+02 -4.6599631e+01      
2.0955153e+02 -4.7553850e+01      
2.0797501e+02 -4.7961806e+01      
2.0603961e+02 -4.7901221e+01      
2.0372980e+02 -4.7305847e+01      
2.0112882e+02 -4.6206920e+01      
1.9845232e+02 -4.4708035e+01      
1.9597896e+02 -4.2897603e+01      
1.9393530e+02 -4.0727577e+01      
1.9242040e+02 -3.8133008e+01      
1.9137612e+02 -3.5230598e+01      
1.9069502e+02 -3.2212515e+01      
1.9030697e+02 -2.9241653e+01      
1.9018842e+02 -2.6443084e+01      
1.9034408e+02 -2.3910293e+01      
1.9078666e+02 -2.1713589e+01      
1.9152417e+02 -1.9907792e+01      
1.9929581e+02 -6.4249291e+01      
2.0102920e+02 -6.9320016e+01      
2.0246296e+02 -7.4283011e+01      
2.0273026e+02 -7.7595217e+01      
2.0173725e+02 -7.9024920e+01      
2.0015904e+02 -7.9690449e+01      
1.9810759e+02 -7.9600929e+01      
1.9561084e+02 -7.8729078e+01      
1.9275500e+02 -7.7171190e+01      
1.8976273e+02 -7.5168620e+01      
1.8704006e+02 -7.3074914e+01      
1.8491856e+02 -7.0661802e+01      
1.8364893e+02 -6.7457843e+01      
1.8299061e+02 -6.3890568e+01      
1.8271364e+02 -6.0315579e+01      
1.8269303e+02 -5.6915871e+01      
1.8287786e+02 -5.3799039e+01      
1.8326231e+02 -5.1029961e+01      
1.8385724e+02 -4.8653177e+01      
1.8467279e+02 -4.6704428e+01      
1.8934980e+02 -9.1772924e+01      
1.9086086e+02 -9.7652402e+01      
1.9182541e+02 -1.0301468e+02      
1.9189564e+02 -1.0703327e+02      
1.9103928e+02 -1.0945428e+02      
1.8947731e+02 -1.1055081e+02      
1.8732450e+02 -1.1045330e+02      
1.8460679e+02 -1.0922566e+02      
1.8136028e+02 -1.0705433e+02      
1.7776229e+02 -1.0438141e+02      
1.7458171e+02 -1.0230408e+02      
1.7219545e+02 -1.0011560e+02      
1.7141043e+02 -9.5978177e+01      
1.7134915e+02 -9.1530964e+01      
1.7160408e+02 -8.7278873e+01      
1.7199644e+02 -8.3402325e+01      
1.7248250e+02 -7.9955489e+01      
1.7307608e+02 -7.6951208e+01      
1.7380272e+02 -7.4396873e+01      
1.7468130e+02 -7.2304725e+01      
1.7610981e+02 -1.1687663e+02      
1.7698399e+02 -1.2253928e+02      
1.7767380e+02 -1.2857550e+02      
1.7759694e+02 -1.3340566e+02      
1.7672484e+02 -1.3656271e+02      
1.7515005e+02 -1.3801982e+02      
1.7293752e+02 -1.3788245e+02      
1.7005789e+02 -1.3624454e+02      
1.6643452e+02 -1.3337038e+02      
1.6254244e+02 -1.3114125e+02      
1.5887611e+02 -1.2958755e+02      
1.5664971e+02 -1.2696280e+02      
1.5602423e+02 -1.2281922e+02      
1.5674388e+02 -1.1745890e+02      
1.5766699e+02 -1.1247405e+02      
1.5849915e+02 -1.0813681e+02      
1.5925704e+02 -1.0440780e+02      
1.6002242e+02 -1.0120947e+02      
1.6084992e+02 -9.8505460e+01      
1.6177024e+02 -9.6285883e+01      
1.5997919e+02 -1.3941021e+02      
1.6031210e+02 -1.4470054e+02      
1.6046148e+02 -1.5041194e+02      
1.6021528e+02 -1.5608123e+02      
1.5925379e+02 -1.5979748e+02      
1.5765442e+02 -1.6148073e+02      
1.5546729e+02 -1.6121738e+02      
1.5264526e+02 -1.5922698e+02      
1.4906384e+02 -1.5631188e+02      
1.4486783e+02 -1.5463598e+02      
1.4138232e+02 -1.5283316e+02      
1.3931788e+02 -1.5003050e+02      
1.3887933e+02 -1.4592740e+02      
1.3981001e+02 -1.4073107e+02      
1.4141217e+02 -1.3516892e+02      
1.4257153e+02 -1.3056337e+02      
1.4350371e+02 -1.2668948e+02      
1.4437574e+02 -1.2338057e+02      
1.4526142e+02 -1.2057743e+02      
1.4619678e+02 -1.1826023e+02      
1.4135242e+02 -1.5923159e+02      
1.4126853e+02 -1.6409027e+02      
1.4099284e+02 -1.6936641e+02      
1.4040050e+02 -1.7497095e+02      
1.3927541e+02 -1.7895319e+02      
1.3766200e+02 -1.8077882e+02      
1.3560528e+02 -1.8030660e+02      
1.3306994e+02 -1.7771387e+02      
1.3003005e+02 -1.7515621e+02      
1.2656652e+02 -1.7321846e+02      
1.2302254e+02 -1.7161567e+02      
1.2100047e+02 -1.6891026e+02      
1.2083707e+02 -1.6483097e+02      
1.2215941e+02 -1.5962247e+02      
1.2347599e+02 -1.5464678e+02      
1.2457847e+02 -1.5024593e+02      
1.2553217e+02 -1.4642058e+02      
1.2642980e+02 -1.4310452e+02      
1.2732596e+02 -1.4026329e+02      
1.2824825e+02 -1.3788534e+02      
1.2058011e+02 -1.7615358e+02      
1.2018468e+02 -1.8050521e+02      
1.1959354e+02 -1.8507238e+02      
1.1870181e+02 -1.8969925e+02      
1.1739938e+02 -1.9388398e+02      
1.1578368e+02 -1.9587454e+02      
1.1395363e+02 -1.9532517e+02      
1.1186253e+02 -1.9279509e+02      
1.0941889e+02 -1.9041469e+02      
1.0675102e+02 -1.8830788e+02      
1.0410677e+02 -1.8625984e+02      
1.0203738e+02 -1.8379551e+02      
1.0220075e+02 -1.7977702e+02      
1.0296752e+02 -1.7535650e+02      
1.0386735e+02 -1.7101801e+02      
1.0476040e+02 -1.6698457e+02      
1.0562723e+02 -1.6333759e+02      
1.0648441e+02 -1.6009858e+02      
1.0735077e+02 -1.5727399e+02      
1.0823651e+02 -1.5487080e+02      
9.8014995e+01 -1.9003563e+02      
9.7395205e+01 -1.9384897e+02      
9.6595187e+01 -1.9769923e+02      
9.5543134e+01 -2.0143278e+02      
9.4172601e+01 -2.0476813e+02      
9.2524960e+01 -2.0699310e+02      
9.1004867e+01 -2.0619765e+02      
8.9264319e+01 -2.0440884e+02      
8.7312471e+01 -2.0239257e+02      
8.5294784e+01 -2.0029519e+02      
8.3433775e+01 -1.9802364e+02      
8.2117223e+01 -1.9533102e+02      
8.1805712e+01 -1.9193473e+02      
8.2087333e+01 -1.8817480e+02      
8.2639207e+01 -1.8436434e+02      
8.3319440e+01 -1.8069131e+02      
8.4063460e+01 -1.7726666e+02      
8.4846571e+01 -1.7415138e+02      
8.5659241e+01 -1.7138116e+02      
8.6494285e+01 -1.6898070e+02      
7.4018316e+01 -2.0078297e+02      
7.3245527e+01 -2.0408426e+02      
7.2322063e+01 -2.0730610e+02      
7.1203188e+01 -2.1030639e+02      
6.9838665e+01 -2.1293303e+02      
6.8244759e+01 -2.1483996e+02      
6.6946433e+01 -2.1421154e+02      
6.5481958e+01 -2.1289653e+02      
6.3904098e+01 -2.1122964e+02      
6.2352543e+01 -2.0927382e+02      
6.0999176e+01 -2.0701788e+02      
6.0048985e+01 -2.0439020e+02      
5.9629806e+01 -2.0136288e+02      
5.9661134e+01 -1.9805651e+02      
5.9990613e+01 -1.9464877e+02      
6.0505292e+01 -1.9128862e+02      
6.1135308e+01 -1.8808384e+02      
6.1839511e+01 -1.8510817e+02      
6.2592048e+01 -1.8241232e+02      
6.3373116e+01 -1.8003297e+02      
