1.3559310e+01 2.3416326e+02      
1.3287904e+01 2.3102764e+02      
1.3647559e+01 2.2799371e+02      
1.4548871e+01 2.2512910e+02      
1.5859228e+01 2.2248111e+02      
1.7417664e+01 2.2006533e+02      
1.9070726e+01 2.1787383e+02      
2.0701651e+01 2.1590261e+02      
2.2234585e+01 2.1416841e+02      
2.3616362e+01 2.1270100e+02      
2.4785650e+01 2.1151707e+02      
2.5737640e+01 2.1065095e+02      
2.6638109e+01 2.1021897e+02      
2.7669661e+01 2.1031968e+02      
2.8903674e+01 2.1099072e+02      
3.0284910e+01 2.1223789e+02      
3.1657943e+01 2.1404296e+02      
3.2940762e+01 2.1634447e+02      
3.4324325e+01 2.1902254e+02      
3.6083889e+01 2.2192610e+02      
4.2164333e+01 2.2370594e+02      
4.2328120e+01 2.2042524e+02      
4.3214076e+01 2.1724514e+02      
4.4727498e+01 2.1425734e+02      
4.6692577e+01 2.1152839e+02      
4.8861776e+01 2.0905625e+02      
5.1009249e+01 2.0677539e+02      
5.2993774e+01 2.0464708e+02      
5.4750446e+01 2.0269292e+02      
5.6267126e+01 2.0098278e+02      
5.7419621e+01 1.9951838e+02      
5.7916907e+01 1.9816022e+02      
5.8311030e+01 1.9728698e+02      
5.8982666e+01 1.9705424e+02      
6.0029820e+01 1.9746687e+02      
6.1341048e+01 1.9852996e+02      
6.2498222e+01 2.0025683e+02      
6.2936585e+01 2.0261479e+02      
6.3315923e+01 2.0541612e+02      
6.4164298e+01 2.0843967e+02      
6.9337058e+01 2.0970904e+02      
6.9970908e+01 2.0624173e+02      
7.1458741e+01 2.0287064e+02      
7.3732133e+01 1.9973173e+02      
7.6591655e+01 1.9696262e+02      
7.9574399e+01 1.9456519e+02      
8.2318206e+01 1.9227043e+02      
8.4687478e+01 1.8999519e+02      
8.6642825e+01 1.8777721e+02      
8.8260894e+01 1.8574841e+02      
8.9612655e+01 1.8410181e+02      
8.9162280e+01 1.8194164e+02      
8.8750649e+01 1.8058910e+02      
8.8955788e+01 1.8003534e+02      
8.9908322e+01 1.8017843e+02      
9.1434108e+01 1.8102327e+02      
9.2851045e+01 1.8268253e+02      
9.1852305e+01 1.8524412e+02      
9.0807184e+01 1.8834987e+02      
9.0491357e+01 1.9163906e+02      
9.4545355e+01 1.9242159e+02      
9.5647577e+01 1.8870909e+02      
9.7778656e+01 1.8506351e+02      
1.0090610e+02 1.8166917e+02      
1.0487084e+02 1.7879935e+02      
1.0878463e+02 1.7665393e+02      
1.1216795e+02 1.7441040e+02      
1.1492594e+02 1.7199694e+02      
1.1700150e+02 1.6945617e+02      
1.1839762e+02 1.6683216e+02      
1.1897031e+02 1.6409923e+02      
1.1846487e+02 1.6183079e+02      
1.1706842e+02 1.6025317e+02      
1.1675020e+02 1.5949512e+02      
1.1768339e+02 1.5937913e+02      
1.1951348e+02 1.5996042e+02      
1.2000557e+02 1.6170340e+02      
1.1868265e+02 1.6451841e+02      
1.1602241e+02 1.6816047e+02      
1.1436810e+02 1.7189266e+02      
1.1726984e+02 1.7216286e+02      
1.1877867e+02 1.6813832e+02      
1.2151822e+02 1.6409906e+02      
1.2536595e+02 1.6025329e+02      
1.2927311e+02 1.5687364e+02      
1.3313087e+02 1.5410755e+02      
1.3698259e+02 1.5186798e+02      
1.4009851e+02 1.4935369e+02      
1.4223040e+02 1.4653550e+02      
1.4338447e+02 1.4347420e+02      
1.4394140e+02 1.4032284e+02      
1.4371746e+02 1.3797619e+02      
1.4225509e+02 1.3653873e+02      
1.4137607e+02 1.3586969e+02      
1.4208056e+02 1.3560935e+02      
1.4273379e+02 1.3633424e+02      
1.4235233e+02 1.3829022e+02      
1.4059081e+02 1.4143419e+02      
1.3775773e+02 1.4544807e+02      
1.3490323e+02 1.4974186e+02      
1.3702809e+02 1.4932413e+02      
1.3874502e+02 1.4494917e+02      
1.4190914e+02 1.4040972e+02      
1.4554421e+02 1.3600954e+02      
1.4914323e+02 1.3201209e+02      
1.5256649e+02 1.2857440e+02      
1.5592181e+02 1.2566768e+02      
1.5934827e+02 1.2300763e+02      
1.6163257e+02 1.1995186e+02      
1.6226158e+02 1.1662581e+02      
1.6371058e+02 1.1347462e+02      
1.6451221e+02 1.1111773e+02      
1.6403987e+02 1.0989356e+02      
1.6188805e+02 1.0977842e+02      
1.6059934e+02 1.1030437e+02      
1.6033417e+02 1.1121930e+02      
1.5923522e+02 1.1343945e+02      
1.5687315e+02 1.1704533e+02      
1.5352593e+02 1.2159561e+02      
1.5118337e+02 1.2585674e+02      
1.5346235e+02 1.2434703e+02      
1.5497495e+02 1.1965566e+02      
1.5759589e+02 1.1474481e+02      
1.6110295e+02 1.0972395e+02      
1.6439603e+02 1.0508779e+02      
1.6724406e+02 1.0106590e+02      
1.6976807e+02 9.7625793e+01      
1.7281695e+02 9.4295647e+01      
1.7585495e+02 9.0947056e+01      
1.7667169e+02 8.7649774e+01      
1.7832478e+02 8.4532580e+01      
1.8032107e+02 8.2047370e+01      
1.8021710e+02 8.1038715e+01      
1.7815880e+02 8.1497141e+01      
1.7485537e+02 8.3197530e+01      
1.7250105e+02 8.5329808e+01      
1.7079847e+02 8.7860140e+01      
1.6787020e+02 9.2028179e+01      
1.6525363e+02 9.6381363e+01      
1.6351676e+02 1.0050259e+02      
1.6642799e+02 9.7687204e+01      
1.6757952e+02 9.2698247e+01      
1.6958196e+02 8.7458460e+01      
1.7228665e+02 8.2077376e+01      
1.7529599e+02 7.6775926e+01      
1.7758807e+02 7.2231644e+01      
1.7999368e+02 6.8009989e+01      
1.8271525e+02 6.4076094e+01      
1.8557382e+02 6.0427085e+01      
1.8661117e+02 5.7218745e+01      
1.8883646e+02 5.3959067e+01      
1.9043161e+02 5.1667068e+01      
1.9027155e+02 5.0985543e+01      
1.8818329e+02 5.2079531e+01      
1.8462894e+02 5.4676249e+01      
1.8063106e+02 5.8150582e+01      
1.7783858e+02 6.1707302e+01      
1.7537879e+02 6.5746783e+01      
1.7339985e+02 6.9929400e+01      
1.7216314e+02 7.3952886e+01      
1.7589085e+02 6.9814449e+01      
1.7667040e+02 6.4530205e+01      
1.7813118e+02 5.8951714e+01      
1.8014520e+02 5.3200702e+01      
1.8244921e+02 4.7484178e+01      
1.8470917e+02 4.2084290e+01      
1.8704255e+02 3.7037516e+01      
1.8929159e+02 3.2559919e+01      
1.9082139e+02 2.9020754e+01      
1.9175841e+02 2.6081975e+01      
1.9302841e+02 2.3399284e+01      
1.9455202e+02 2.1102613e+01      
1.9428486e+02 2.0691549e+01      
1.9192765e+02 2.2552117e+01      
1.8793307e+02 2.6207266e+01      
1.8440240e+02 3.0154306e+01      
1.8166513e+02 3.4203173e+01      
1.7956363e+02 3.8369492e+01      
1.7805168e+02 4.2546559e+01      
1.7721090e+02 4.6562986e+01      
1.8184186e+02 4.1221807e+01      
1.8227798e+02 3.5642068e+01      
1.8329797e+02 2.9696081e+01      
1.8480977e+02 2.3493453e+01      
1.8667409e+02 1.7189285e+01      
1.8876450e+02 1.0969125e+01      
1.9105401e+02 5.0118280e+00      
1.9328264e+02 -2.9078429e-01      
1.9333124e+02 -3.3060776e+00      
1.9320518e+02 -5.6221179e+00      
1.9324407e+02 -7.5591334e+00      
1.9336284e+02 -9.0141825e+00      
1.9296206e+02 -9.3277975e+00      
1.9025807e+02 -6.5161759e+00      
1.8714413e+02 -2.6209304e+00      
1.8433033e+02 1.6314437e+00      
1.8205006e+02 5.9963739e+00      
1.8034034e+02 1.0370864e+01      
1.7921712e+02 1.4658720e+01      
1.7871523e+02 1.8745811e+01      
1.8428976e+02 1.2424284e+01      
1.8441620e+02 6.5614393e+00      
1.8507041e+02 2.3554885e-01      
1.8620245e+02 -6.4760773e+00      
1.8774970e+02 -1.3465603e+01      
1.8965734e+02 -2.0585553e+01      
1.9178777e+02 -2.7509299e+01      
1.9347818e+02 -3.3332842e+01      
1.9270391e+02 -3.6043206e+01      
1.9142043e+02 -3.7590736e+01      
1.9020352e+02 -3.8777449e+01      
1.8904501e+02 -3.9583777e+01      
1.8763009e+02 -3.9273555e+01      
1.8540031e+02 -3.6025973e+01      
1.8298732e+02 -3.1679662e+01      
1.8078926e+02 -2.7012044e+01      
1.7899155e+02 -2.2316657e+01      
1.7768891e+02 -1.7709089e+01      
1.7693099e+02 -1.3260074e+01      
1.7674422e+02 -9.0505579e+00      
1.8327074e+02 -1.6050055e+01      
1.8311142e+02 -2.2157430e+01      
1.8344088e+02 -2.8838670e+01      
1.8424268e+02 -3.6060521e+01      
1.8550167e+02 -4.3765420e+01      
1.8723888e+02 -5.1879171e+01      
1.8935750e+02 -6.0091689e+01      
1.9009660e+02 -6.5921743e+01      
1.8897985e+02 -6.8750044e+01      
1.8644598e+02 -6.9153393e+01      
1.8407683e+02 -6.9651029e+01      
1.8189335e+02 -7.0107038e+01      
1.7980012e+02 -6.8872526e+01      
1.7768926e+02 -6.5537860e+01      
1.7570530e+02 -6.0470280e+01      
1.7397861e+02 -5.5232761e+01      
1.7260593e+02 -5.0183877e+01      
1.7168473e+02 -4.5354446e+01      
1.7127781e+02 -4.0733667e+01      
1.7140230e+02 -3.6368893e+01      
1.7885985e+02 -4.3675057e+01      
1.7842580e+02 -4.9952558e+01      
1.7844328e+02 -5.6914470e+01      
1.7892025e+02 -6.4586175e+01      
1.7987260e+02 -7.2985913e+01      
1.8126843e+02 -8.1951288e+01      
1.8274572e+02 -9.0657665e+01      
1.8277912e+02 -9.6490869e+01      
1.8121725e+02 -9.9214074e+01      
1.7817709e+02 -9.9115167e+01      
1.7494915e+02 -9.9047871e+01      
1.7200430e+02 -9.8424971e+01      
1.6942237e+02 -9.6546835e+01      
1.6722286e+02 -9.3043556e+01      
1.6544267e+02 -8.8065673e+01      
1.6407660e+02 -8.2311657e+01      
1.6303541e+02 -7.7045402e+01      
1.6244870e+02 -7.2086019e+01      
1.6238358e+02 -6.7317966e+01      
1.6283825e+02 -6.2763138e+01      
1.7117978e+02 -6.9945884e+01      
1.7047214e+02 -7.6277930e+01      
1.7017117e+02 -8.3383799e+01      
1.7029846e+02 -9.1355257e+01      
1.7090557e+02 -1.0034132e+02      
1.7197338e+02 -1.1025750e+02      
1.7239173e+02 -1.1837414e+02      
1.7173616e+02 -1.2386327e+02      
1.6989600e+02 -1.2654935e+02      
1.6696205e+02 -1.2657905e+02      
1.6328453e+02 -1.2471179e+02      
1.5970851e+02 -1.2343178e+02      
1.5667555e+02 -1.2126608e+02      
1.5430670e+02 -1.1765579e+02      
1.5260359e+02 -1.1264541e+02      
1.5127100e+02 -1.0748794e+02      
1.5041936e+02 -1.0243083e+02      
1.5011938e+02 -9.7501113e+01      
1.5038904e+02 -9.2660085e+01      
1.5125478e+02 -8.7801198e+01      
1.6040563e+02 -9.4401849e+01      
1.5942159e+02 -1.0063313e+02      
1.5878764e+02 -1.0767813e+02      
1.5852585e+02 -1.1570251e+02      
1.5864405e+02 -1.2482062e+02      
1.5896783e+02 -1.3448793e+02      
1.5859989e+02 -1.4194315e+02      
1.5740475e+02 -1.4695871e+02      
1.5535938e+02 -1.4950989e+02      
1.5249545e+02 -1.4950356e+02      
1.4894522e+02 -1.4701334e+02      
1.4534588e+02 -1.4469417e+02      
1.4186222e+02 -1.4261748e+02      
1.3919992e+02 -1.3921565e+02      
1.3707094e+02 -1.3521470e+02      
1.3558765e+02 -1.3080212e+02      
1.3485796e+02 -1.2608922e+02      
1.3488786e+02 -1.2120671e+02      
1.3551609e+02 -1.1639304e+02      
1.3699070e+02 -1.1093029e+02      
1.4676535e+02 -1.1665095e+02      
1.4550528e+02 -1.2260126e+02      
1.4452667e+02 -1.2930924e+02      
1.4384797e+02 -1.3699865e+02      
1.4346511e+02 -1.4593366e+02      
1.4290344e+02 -1.5396694e+02      
1.4189516e+02 -1.6034862e+02      
1.4031610e+02 -1.6478651e+02      
1.3813776e+02 -1.6718304e+02      
1.3539045e+02 -1.6749729e+02      
1.3219029e+02 -1.6586885e+02      
1.2875209e+02 -1.6288850e+02      
1.2527297e+02 -1.6060213e+02      
1.2176810e+02 -1.5853117e+02      
1.1903054e+02 -1.5566396e+02      
1.1727886e+02 -1.5200639e+02      
1.1664574e+02 -1.4762499e+02      
1.1718378e+02 -1.4255029e+02      
1.1882704e+02 -1.3676871e+02      
1.2057599e+02 -1.3139896e+02      
1.3053607e+02 -1.3638935e+02      
1.2901088e+02 -1.4189498e+02      
1.2769116e+02 -1.4798710e+02      
1.2655717e+02 -1.5467075e+02      
1.2552192e+02 -1.6168588e+02      
1.2436479e+02 -1.6811860e+02      
1.2292098e+02 -1.7338857e+02      
1.2109742e+02 -1.7720495e+02      
1.1886255e+02 -1.7943694e+02      
1.1623960e+02 -1.8008375e+02      
1.1330311e+02 -1.7930331e+02      
1.1016058e+02 -1.7755527e+02      
1.0690273e+02 -1.7567814e+02      
1.0354896e+02 -1.7386922e+02      
1.0022268e+02 -1.7198872e+02      
9.8075444e+01 -1.6908140e+02      
9.7439411e+01 -1.6507350e+02      
9.8360823e+01 -1.6001263e+02      
1.0041936e+02 -1.5421858e+02      
1.0231293e+02 -1.4904007e+02      
1.1203597e+02 -1.5340132e+02      
1.1027192e+02 -1.5836468e+02      
1.0864747e+02 -1.6372263e+02      
1.0712786e+02 -1.6935198e+02      
1.0563909e+02 -1.7497446e+02      
1.0407101e+02 -1.8015368e+02      
1.0232139e+02 -1.8449532e+02      
1.0032419e+02 -1.8774542e+02      
9.8054886e+01 -1.8978212e+02      
9.5528714e+01 -1.9060794e+02      
9.2794376e+01 -1.9036114e+02      
8.9919833e+01 -1.8933166e+02      
8.6969604e+01 -1.8787017e+02      
8.3990687e+01 -1.8618595e+02      
8.1061918e+01 -1.8431172e+02      
7.8469055e+01 -1.8206890e+02      
7.7675958e+01 -1.7850530e+02      
7.8993942e+01 -1.7354061e+02      
8.0761609e+01 -1.6844414e+02      
8.2519132e+01 -1.6369891e+02      
9.1613383e+01 -1.6753550e+02      
8.9648743e+01 -1.7193101e+02      
8.7776756e+01 -1.7657598e+02      
8.5967392e+01 -1.8132554e+02      
8.4170317e+01 -1.8596030e+02      
8.2321419e+01 -1.9020570e+02      
8.0360079e+01 -1.9380043e+02      
7.8244851e+01 -1.9655288e+02      
7.5960809e+01 -1.9836168e+02      
7.3520403e+01 -1.9922021e+02      
7.0959617e+01 -1.9921554e+02      
6.8330187e+01 -1.9851150e+02      
6.5690845e+01 -1.9729397e+02      
6.3105554e+01 -1.9569850e+02      
6.0655529e+01 -1.9377886e+02      
5.8502385e+01 -1.9148428e+02      
5.7207701e+01 -1.8852009e+02      
5.8387591e+01 -1.8409784e+02      
5.9918563e+01 -1.7957665e+02      
6.1463907e+01 -1.7528672e+02      
6.9636958e+01 -1.7867879e+02      
6.7514472e+01 -1.8252471e+02      
6.5453727e+01 -1.8652286e+02      
6.3434302e+01 -1.9053875e+02      
6.1424690e+01 -1.9440077e+02      
5.9387382e+01 -1.9791565e+02      
5.7287750e+01 -2.0090039e+02      
5.5102878e+01 -2.0321329e+02      
5.2827111e+01 -2.0477229e+02      
5.0473771e+01 -2.0556125e+02      
4.8073683e+01 -2.0562606e+02      
4.5671709e+01 -2.0505826e+02      
4.3323432e+01 -2.0396432e+02      
4.1094601e+01 -2.0243161e+02      
3.9062012e+01 -2.0050922e+02      
3.7286364e+01 -1.9821958e+02      
3.5997920e+01 -1.9548946e+02      
3.6892788e+01 -1.9163227e+02      
3.8107164e+01 -1.8763996e+02      
3.9408774e+01 -1.8376737e+02      
