3.4218867e+01 2.3158484e+02      
3.5213056e+01 2.3027994e+02      
3.6303715e+01 2.2891317e+02      
3.7304840e+01 2.2745161e+02      
3.8215412e+01 2.2595527e+02      
3.9220106e+01 2.2457168e+02      
4.0616734e+01 2.2350085e+02      
4.2597481e+01 2.2289121e+02      
4.5184957e+01 2.2281968e+02      
4.8221809e+01 2.2330872e+02      
5.1241559e+01 2.2427963e+02      
5.3189396e+01 2.2533831e+02      
5.1388389e+01 2.2479479e+02      
4.8584337e+01 2.2430070e+02      
4.5879001e+01 2.2421494e+02      
4.3761576e+01 2.2458281e+02      
4.2408033e+01 2.2535609e+02      
4.1859657e+01 2.2645978e+02      
4.2114335e+01 2.2781339e+02      
4.3159881e+01 2.2933731e+02      
6.3508068e+01 2.2274017e+02      
6.5356803e+01 2.2171583e+02      
6.7015814e+01 2.2044270e+02      
6.8209487e+01 2.1885666e+02      
6.8947478e+01 2.1703388e+02      
6.9528672e+01 2.1517719e+02      
7.0773734e+01 2.1374167e+02      
7.2990809e+01 2.1291953e+02      
7.6257327e+01 2.1279404e+02      
8.0494837e+01 2.1342949e+02      
8.4935473e+01 2.1470101e+02      
8.6493079e+01 2.1529045e+02      
8.4570894e+01 2.1486238e+02      
7.9869701e+01 2.1370505e+02      
7.5522259e+01 2.1309646e+02      
7.2277286e+01 2.1311461e+02      
7.0155157e+01 2.1364020e+02      
6.9026543e+01 2.1454012e+02      
6.8808599e+01 2.1570659e+02      
6.9449667e+01 2.1704597e+02      
9.1001021e+01 2.1017087e+02      
9.4267403e+01 2.0967982e+02      
9.6565336e+01 2.0849020e+02      
9.7923446e+01 2.0673415e+02      
9.8358636e+01 2.0450858e+02      
9.7879945e+01 2.0186391e+02      
9.8831456e+01 1.9999044e+02      
1.0118985e+02 1.9889606e+02      
1.0497813e+02 1.9860787e+02      
1.1043674e+02 1.9924275e+02      
1.1463446e+02 1.9990593e+02      
1.1586721e+02 2.0012759e+02      
1.1365663e+02 1.9974790e+02      
1.0867631e+02 1.9888088e+02      
1.0268872e+02 1.9794457e+02      
9.8534549e+01 1.9777983e+02      
9.5812928e+01 1.9818150e+02      
9.4199931e+01 1.9896865e+02      
9.3561612e+01 2.0002186e+02      
9.3823977e+01 2.0124154e+02      
1.1538024e+02 1.9367233e+02      
1.1878971e+02 1.9293459e+02      
1.2121162e+02 1.9154914e+02      
1.2269527e+02 1.8960371e+02      
1.2326100e+02 1.8719854e+02      
1.2290137e+02 1.8443512e+02      
1.2400315e+02 1.8234169e+02      
1.2647449e+02 1.8096456e+02      
1.3011263e+02 1.8028002e+02      
1.3467089e+02 1.8022757e+02      
1.3920148e+02 1.8049019e+02      
1.4029774e+02 1.8044453e+02      
1.3742727e+02 1.8004259e+02      
1.3156346e+02 1.7930752e+02      
1.2613162e+02 1.7880867e+02      
1.2189783e+02 1.7878597e+02      
1.1887485e+02 1.7921603e+02      
1.1692196e+02 1.7999241e+02      
1.1594220e+02 1.8101353e+02      
1.1586992e+02 1.8218458e+02      
1.3622913e+02 1.7361215e+02      
1.3840878e+02 1.7211508e+02      
1.4041361e+02 1.7031627e+02      
1.4197830e+02 1.6816545e+02      
1.4312484e+02 1.6574749e+02      
1.4416151e+02 1.6326630e+02      
1.4591425e+02 1.6112157e+02      
1.4861271e+02 1.5948742e+02      
1.5209503e+02 1.5839882e+02      
1.5593459e+02 1.5781454e+02      
1.5915401e+02 1.5753556e+02      
1.6002696e+02 1.5721069e+02      
1.5611262e+02 1.5679513e+02      
1.5105108e+02 1.5642632e+02      
1.4620434e+02 1.5629781e+02      
1.4213021e+02 1.5651377e+02      
1.3900122e+02 1.5707660e+02      
1.3683188e+02 1.5793065e+02      
1.3558909e+02 1.5899766e+02      
1.3523188e+02 1.6019197e+02      
1.5410351e+02 1.5073823e+02      
1.5560510e+02 1.4872178e+02      
1.5723955e+02 1.4651756e+02      
1.5883843e+02 1.4411644e+02      
1.6042553e+02 1.4159387e+02      
1.6221699e+02 1.3910230e+02      
1.6454089e+02 1.3683499e+02      
1.6758257e+02 1.3493722e+02      
1.7125224e+02 1.3349136e+02      
1.7506342e+02 1.3253479e+02      
1.7782493e+02 1.3199819e+02      
1.7646185e+02 1.3133776e+02      
1.7254759e+02 1.3093397e+02      
1.6776296e+02 1.3080371e+02      
1.6314479e+02 1.3095822e+02      
1.5915106e+02 1.3141453e+02      
1.5596960e+02 1.3216307e+02      
1.5365619e+02 1.3316136e+02      
1.5221168e+02 1.3434352e+02      
1.5161557e+02 1.3563037e+02      
1.6909604e+02 1.2559403e+02      
1.7024498e+02 1.2318238e+02      
1.7165079e+02 1.2061599e+02      
1.7323508e+02 1.1792582e+02      
1.7502202e+02 1.1518517e+02      
1.7714450e+02 1.1250467e+02      
1.7980804e+02 1.1000800e+02      
1.8322408e+02 1.0780001e+02      
1.8741380e+02 1.0597496e+02      
1.9173902e+02 1.0464842e+02      
1.9344837e+02 1.0370364e+02      
1.9168789e+02 1.0305435e+02      
1.8682586e+02 1.0273751e+02      
1.8158888e+02 1.0283236e+02      
1.7684185e+02 1.0324404e+02      
1.7282845e+02 1.0394258e+02      
1.6960113e+02 1.0490948e+02      
1.6718425e+02 1.0610362e+02      
1.6558299e+02 1.0746231e+02      
1.6478744e+02 1.0890772e+02      
1.8102601e+02 9.8624711e+01      
1.8195017e+02 9.5856867e+01      
1.8319145e+02 9.2940664e+01      
1.8471301e+02 8.9929977e+01      
1.8653318e+02 8.6900091e+01      
1.8873546e+02 8.3942806e+01      
1.9147384e+02 8.1150825e+01      
1.9504370e+02 7.8592920e+01      
1.9977177e+02 7.6305883e+01      
2.0338988e+02 7.4464741e+01      
2.0448617e+02 7.3208397e+01      
2.0251194e+02 7.2584402e+01      
1.9785513e+02 7.2541727e+01      
1.9190544e+02 7.2943750e+01      
1.8700310e+02 7.3611810e+01      
1.8298896e+02 7.4557142e+01      
1.7974267e+02 7.5768789e+01      
1.7725609e+02 7.7203651e+01      
1.7553396e+02 7.8796083e+01      
1.7457297e+02 8.0464436e+01      
1.8971412e+02 7.0284524e+01      
1.9047074e+02 6.7168308e+01      
1.9156926e+02 6.3895705e+01      
1.9298718e+02 6.0536119e+01      
1.9472823e+02 5.7170622e+01      
1.9682738e+02 5.3886749e+01      
1.9935295e+02 5.0768910e+01      
2.0240618e+02 4.7883212e+01      
2.0596086e+02 4.5257294e+01      
2.0941044e+02 4.2910722e+01      
2.1025231e+02 4.1365471e+01      
2.0794610e+02 4.0809975e+01      
2.0301129e+02 4.1079327e+01      
1.9793720e+02 4.1653373e+01      
1.9339158e+02 4.2531780e+01      
1.8950533e+02 4.3723730e+01      
1.8628870e+02 4.5205171e+01      
1.8376452e+02 4.6924623e+01      
1.8195169e+02 4.8808199e+01      
1.8085538e+02 5.0765025e+01      
1.9502827e+02 4.1048931e+01      
1.9564478e+02 3.7577122e+01      
1.9660779e+02 3.3930509e+01      
1.9789666e+02 3.0193331e+01      
1.9949622e+02 2.6456511e+01      
2.0139222e+02 2.2811267e+01      
2.0355798e+02 1.9347128e+01      
2.0592531e+02 1.6149478e+01      
2.0831944e+02 1.3290671e+01      
2.1032918e+02 1.0839991e+01      
2.1107706e+02 8.9787952e+00      
2.0837495e+02 8.5554117e+00      
2.0443753e+02 8.7481389e+00      
2.0017765e+02 9.3971157e+00      
1.9606927e+02 1.0461470e+01      
1.9236412e+02 1.1906658e+01      
1.8920106e+02 1.3686507e+01      
1.8665888e+02 1.5737951e+01      
1.8477879e+02 1.7974869e+01      
1.8357446e+02 2.0290739e+01      
1.9689286e+02 1.1413139e+01      
1.9738409e+02 7.5691412e+00      
1.9821753e+02 3.5209303e+00      
1.9937140e+02 -6.2678985e-01      
2.0081626e+02 -4.7670335e+00      
2.0250182e+02 -8.8054881e+00      
2.0433047e+02 -1.2648160e+01      
2.0613383e+02 -1.6181142e+01      
2.0765891e+02 -1.9275213e+01      
2.0854329e+02 -2.1792572e+01      
2.0822286e+02 -2.3531567e+01      
2.0611024e+02 -2.4249631e+01      
2.0285051e+02 -2.4156750e+01      
1.9907627e+02 -2.3423906e+01      
1.9523018e+02 -2.2155569e+01      
1.9163539e+02 -2.0434978e+01      
1.8850021e+02 -1.8323340e+01      
1.8594055e+02 -1.5885903e+01      
1.8401045e+02 -1.3222663e+01      
1.8272485e+02 -1.0466451e+01      
1.9528920e+02 -1.8110289e+01      
1.9566414e+02 -2.2350919e+01      
1.9637634e+02 -2.6844556e+01      
1.9740445e+02 -3.1447669e+01      
1.9871688e+02 -3.6017284e+01      
2.0025830e+02 -4.0473880e+01      
2.0188794e+02 -4.4750073e+01      
2.0334629e+02 -4.8693471e+01      
2.0433581e+02 -5.2108041e+01      
2.0455147e+02 -5.4802929e+01      
2.0369270e+02 -5.6607162e+01      
2.0162240e+02 -5.7426734e+01      
1.9855386e+02 -5.7314353e+01      
1.9488291e+02 -5.6406181e+01      
1.9103740e+02 -5.4868770e+01      
1.8740633e+02 -5.2844410e+01      
1.8423849e+02 -5.0375841e+01      
1.8165162e+02 -4.7490173e+01      
1.7968941e+02 -4.4305425e+01      
1.7835388e+02 -4.1007172e+01      
1.9025315e+02 -4.6990416e+01      
1.9051588e+02 -5.1656500e+01      
1.9111722e+02 -5.6675373e+01      
1.9203432e+02 -6.1820313e+01      
1.9323736e+02 -6.6817026e+01      
1.9473649e+02 -7.1659728e+01      
1.9642821e+02 -7.6473937e+01      
1.9781468e+02 -8.0966632e+01      
1.9855577e+02 -8.4839166e+01      
1.9841963e+02 -8.7845862e+01      
1.9723922e+02 -8.9806386e+01      
1.9496801e+02 -9.0637203e+01      
1.9172649e+02 -9.0366345e+01      
1.8778536e+02 -8.9126864e+01      
1.8358314e+02 -8.7175068e+01      
1.7973376e+02 -8.4859924e+01      
1.7647641e+02 -8.2069464e+01      
1.7386432e+02 -7.8654581e+01      
1.7190189e+02 -7.4800396e+01      
1.7056074e+02 -7.0821703e+01      
1.8187231e+02 -7.4673307e+01      
1.8201731e+02 -7.9770463e+01      
1.8252065e+02 -8.5460744e+01      
1.8335813e+02 -9.1428258e+01      
1.8441161e+02 -9.6771224e+01      
1.8581507e+02 -1.0159861e+02      
1.8788059e+02 -1.0701589e+02      
1.8943800e+02 -1.1223208e+02      
1.9015264e+02 -1.1674465e+02      
1.8984654e+02 -1.2019285e+02      
1.8842480e+02 -1.2236091e+02      
1.8586847e+02 -1.2315956e+02      
1.8223726e+02 -1.2260093e+02      
1.7771979e+02 -1.2085128e+02      
1.7275697e+02 -1.1832394e+02      
1.6861594e+02 -1.1600879e+02      
1.6527727e+02 -1.1317855e+02      
1.6267732e+02 -1.0902541e+02      
1.6077745e+02 -1.0422469e+02      
1.5949887e+02 -9.9373531e+01      
1.7028661e+02 -1.0059155e+02      
1.7028477e+02 -1.0600809e+02      
1.7066524e+02 -1.1238736e+02      
1.7148582e+02 -1.1978868e+02      
1.7227015e+02 -1.2531226e+02      
1.7313404e+02 -1.2899137e+02      
1.7457970e+02 -1.3392185e+02      
1.7632747e+02 -1.3991895e+02      
1.7715384e+02 -1.4524936e+02      
1.7679877e+02 -1.4924457e+02      
1.7520839e+02 -1.5163897e+02      
1.7239296e+02 -1.5237464e+02      
1.6835241e+02 -1.5146935e+02      
1.6318654e+02 -1.4913069e+02      
1.5826842e+02 -1.4722713e+02      
1.5405395e+02 -1.4572847e+02      
1.5071982e+02 -1.4360294e+02      
1.4821005e+02 -1.3817213e+02      
1.4649571e+02 -1.3202139e+02      
1.4538520e+02 -1.2606330e+02      
1.5569707e+02 -1.2422906e+02      
1.5549632e+02 -1.2967369e+02      
1.5561414e+02 -1.3608060e+02      
1.5604595e+02 -1.4351789e+02      
1.5648919e+02 -1.4902199e+02      
1.5700621e+02 -1.5258630e+02      
1.5786070e+02 -1.5732351e+02      
1.5896164e+02 -1.6318457e+02      
1.5991886e+02 -1.6950090e+02      
1.5954567e+02 -1.7407846e+02      
1.5783840e+02 -1.7667774e+02      
1.5484494e+02 -1.7728752e+02      
1.5061041e+02 -1.7611957e+02      
1.4542419e+02 -1.7403214e+02      
1.4052651e+02 -1.7319253e+02      
1.3623103e+02 -1.7300840e+02      
1.3293277e+02 -1.7050005e+02      
1.3065428e+02 -1.6509601e+02      
1.2931990e+02 -1.5741276e+02      
1.2852153e+02 -1.5018073e+02      
1.3837345e+02 -1.4521679e+02      
1.3793796e+02 -1.5039606e+02      
1.3773093e+02 -1.5615610e+02      
1.3771710e+02 -1.6217172e+02      
1.3780596e+02 -1.6749689e+02      
1.3799797e+02 -1.7214357e+02      
1.3834915e+02 -1.7711704e+02      
1.3885431e+02 -1.8284933e+02      
1.3937909e+02 -1.8929690e+02      
1.3885075e+02 -1.9425333e+02      
1.3706832e+02 -1.9702991e+02      
1.3400234e+02 -1.9741372e+02      
1.2968417e+02 -1.9565412e+02      
1.2497253e+02 -1.9449403e+02      
1.2014456e+02 -1.9499788e+02      
1.1592981e+02 -1.9465781e+02      
1.1274585e+02 -1.9202627e+02      
1.1072603e+02 -1.8667474e+02      
1.0972663e+02 -1.7911693e+02      
1.0935457e+02 -1.7078369e+02      
1.1864264e+02 -1.6333899e+02      
1.1796844e+02 -1.6813854e+02      
1.1745802e+02 -1.7326935e+02      
1.1708649e+02 -1.7850122e+02      
1.1681740e+02 -1.8355113e+02      
1.1662922e+02 -1.8841421e+02      
1.1650605e+02 -1.9336758e+02      
1.1640039e+02 -1.9863311e+02      
1.1616461e+02 -2.0417154e+02      
1.1547225e+02 -2.0947727e+02      
1.1367731e+02 -2.1246918e+02      
1.1073365e+02 -2.1271100e+02      
1.0681148e+02 -2.1093939e+02      
1.0265718e+02 -2.0985917e+02      
9.8396086e+01 -2.0970099e+02      
9.4193198e+01 -2.0982919e+02      
9.1101529e+01 -2.0743955e+02      
8.9409372e+01 -2.0204356e+02      
8.8846496e+01 -1.9428595e+02      
8.8447838e+01 -1.8689334e+02      
9.6868326e+01 -1.7844847e+02      
9.5968881e+01 -1.8287071e+02      
9.5188312e+01 -1.8751944e+02      
9.4509096e+01 -1.9225753e+02      
9.3905420e+01 -1.9695882e+02      
9.3347595e+01 -2.0159355e+02      
9.2795626e+01 -2.0622238e+02      
9.2180751e+01 -2.1089052e+02      
9.1384348e+01 -2.1553640e+02      
9.0223483e+01 -2.1990986e+02      
8.8441325e+01 -2.2319101e+02      
8.5682127e+01 -2.2299382e+02      
8.2387221e+01 -2.2189357e+02      
7.8853767e+01 -2.2084929e+02      
7.5253149e+01 -2.2000641e+02      
7.1745973e+01 -2.1905086e+02      
6.8696961e+01 -2.1708470e+02      
6.7396473e+01 -2.1162684e+02      
6.6611932e+01 -2.0527261e+02      
6.6064184e+01 -1.9897039e+02      
7.3438179e+01 -1.9041243e+02      
7.2333047e+01 -1.9448025e+02      
7.1312766e+01 -1.9871883e+02      
7.0363600e+01 -2.0303390e+02      
6.9463377e+01 -2.0734127e+02      
6.8581271e+01 -2.1159125e+02      
6.7673729e+01 -2.1576151e+02      
6.6676859e+01 -2.1981704e+02      
6.5500585e+01 -2.2367309e+02      
6.4034096e+01 -2.2721930e+02      
6.2150801e+01 -2.3007634e+02      
5.9681242e+01 -2.2991659e+02      
5.6860847e+01 -2.2913078e+02      
5.3869988e+01 -2.2810125e+02      
5.0870142e+01 -2.2681291e+02      
4.8039908e+01 -2.2506342e+02      
4.5673141e+01 -2.2233689e+02      
4.4135498e+01 -2.1801436e+02      
4.3133315e+01 -2.1283572e+02      
4.2456679e+01 -2.0743439e+02      
