1.8397499e+01 2.4265375e+02      
1.6898309e+01 2.4083619e+02      
1.5891732e+01 2.3904604e+02      
1.5372357e+01 2.3733665e+02      
1.5330536e+01 2.3576149e+02      
1.5751594e+01 2.3437273e+02      
1.6613196e+01 2.3321904e+02      
1.7879318e+01 2.3234207e+02      
1.9489023e+01 2.3177114e+02      
2.1340695e+01 2.3151581e+02      
2.3285993e+01 2.3155996e+02      
2.5165789e+01 2.3186722e+02      
2.6882169e+01 2.3239714e+02      
2.8445459e+01 2.3311669e+02      
2.9973865e+01 2.3400272e+02      
3.1645015e+01 2.3503518e+02      
3.3621658e+01 2.3618403e+02      
3.6013963e+01 2.3740477e+02      
3.8884851e+01 2.3864323e+02      
4.2265582e+01 2.3984098e+02      
4.6533844e+01 2.3252304e+02      
4.5178121e+01 2.3058994e+02      
4.4322307e+01 2.2865737e+02      
4.3962094e+01 2.2678399e+02      
4.4090685e+01 2.2503019e+02      
4.4699385e+01 2.2345705e+02      
4.5776202e+01 2.2212452e+02      
4.7299927e+01 2.2108810e+02      
4.9224148e+01 2.2039236e+02      
5.1438858e+01 2.2005733e+02      
5.3709521e+01 2.2005547e+02      
5.5721108e+01 2.2031587e+02      
5.7282766e+01 2.2077507e+02      
5.8406884e+01 2.2139302e+02      
5.9309868e+01 2.2215690e+02      
6.0331905e+01 2.2307198e+02      
6.1726930e+01 2.2411612e+02      
6.3615964e+01 2.2523594e+02      
6.6048117e+01 2.2636659e+02      
6.9039068e+01 2.2744146e+02      
7.3435263e+01 2.1877632e+02      
7.2245259e+01 2.1670200e+02      
7.1558229e+01 2.1459891e+02      
7.1369779e+01 2.1253073e+02      
7.1675259e+01 2.1056479e+02      
7.2473091e+01 2.0877181e+02      
7.3766941e+01 2.0722517e+02      
7.5564697e+01 2.0599914e+02      
7.7870041e+01 2.0516515e+02      
8.0644202e+01 2.0478071e+02      
8.3575456e+01 2.0481897e+02      
8.5880431e+01 2.0509089e+02      
8.7250526e+01 2.0551266e+02      
8.7698925e+01 2.0603405e+02      
8.7564645e+01 2.0664409e+02      
8.7670415e+01 2.0745185e+02      
8.8353887e+01 2.0843191e+02      
8.9666645e+01 2.0949916e+02      
9.1608331e+01 2.1057101e+02      
9.4164911e+01 2.1157116e+02      
9.8673245e+01 2.0166368e+02      
9.7669257e+01 1.9942113e+02      
9.7166747e+01 1.9711721e+02      
9.7158275e+01 1.9481970e+02      
9.7637810e+01 1.9260203e+02      
9.8608423e+01 1.9054408e+02      
1.0008994e+02 1.8873309e+02      
1.0212556e+02 1.8726435e+02      
1.0479313e+02 1.8624221e+02      
1.0824493e+02 1.8579223e+02      
1.1242136e+02 1.8600107e+02      
1.1514329e+02 1.8631813e+02      
1.1628445e+02 1.8674815e+02      
1.1585791e+02 1.8722413e+02      
1.1401867e+02 1.8761991e+02      
1.1302085e+02 1.8838054e+02      
1.1295208e+02 1.8937018e+02      
1.1367224e+02 1.9045039e+02      
1.1510768e+02 1.9152237e+02      
1.1720961e+02 1.9250265e+02      
1.2184816e+02 1.8149081e+02      
1.2104992e+02 1.7905299e+02      
1.2074819e+02 1.7651708e+02      
1.2092721e+02 1.7395343e+02      
1.2157149e+02 1.7143956e+02      
1.2268075e+02 1.6906222e+02      
1.2428487e+02 1.6692049e+02      
1.2645306e+02 1.6512898e+02      
1.2930977e+02 1.6381873e+02      
1.3308536e+02 1.6313234e+02      
1.3768561e+02 1.6313005e+02      
1.4050864e+02 1.6341585e+02      
1.4136921e+02 1.6392365e+02      
1.4028767e+02 1.6455498e+02      
1.3749672e+02 1.6519834e+02      
1.3568886e+02 1.6612303e+02      
1.3498817e+02 1.6723262e+02      
1.3517300e+02 1.6840436e+02      
1.3612597e+02 1.6954190e+02      
1.3777755e+02 1.7056131e+02      
1.4259393e+02 1.5861454e+02      
1.4202228e+02 1.5595601e+02      
1.4194301e+02 1.5315816e+02      
1.4232489e+02 1.5029187e+02      
1.4312682e+02 1.4743552e+02      
1.4432851e+02 1.4467811e+02      
1.4596273e+02 1.4212543e+02      
1.4811258e+02 1.3990797e+02      
1.5090228e+02 1.3818605e+02      
1.5453003e+02 1.3712987e+02      
1.5887364e+02 1.3680510e+02      
1.6137992e+02 1.3707419e+02      
1.6190607e+02 1.3775655e+02      
1.6048326e+02 1.3870525e+02      
1.5733835e+02 1.3982067e+02      
1.5514221e+02 1.4106688e+02      
1.5402535e+02 1.4239587e+02      
1.5378012e+02 1.4373481e+02      
1.5430060e+02 1.4500299e+02      
1.5552355e+02 1.4612107e+02      
1.6058054e+02 1.3343746e+02      
1.6025756e+02 1.3053614e+02      
1.6043380e+02 1.2744993e+02      
1.6105910e+02 1.2424859e+02      
1.6203361e+02 1.2100720e+02      
1.6327401e+02 1.1780910e+02      
1.6482696e+02 1.1475695e+02      
1.6680453e+02 1.1198721e+02      
1.6930593e+02 1.0969484e+02      
1.7237185e+02 1.0817973e+02      
1.7572855e+02 1.0774042e+02      
1.7746778e+02 1.0820292e+02      
1.7760658e+02 1.0919242e+02      
1.7616782e+02 1.1051565e+02      
1.7326983e+02 1.1209898e+02      
1.7110214e+02 1.1369591e+02      
1.6977629e+02 1.1529947e+02      
1.6920122e+02 1.1686626e+02      
1.6933994e+02 1.1832467e+02      
1.7016133e+02 1.1959844e+02      
1.7551496e+02 1.0640152e+02      
1.7545863e+02 1.0324037e+02      
1.7593318e+02 9.9844662e+01      
1.7689792e+02 9.6283868e+01      
1.7815124e+02 9.2628373e+01      
1.7933642e+02 8.8938862e+01      
1.8066130e+02 8.5304825e+01      
1.8233430e+02 8.1833796e+01      
1.8443218e+02 7.8754395e+01      
1.8677472e+02 7.6578969e+01      
1.8814391e+02 7.6629397e+01      
1.8874240e+02 7.7644929e+01      
1.8846216e+02 7.9104486e+01      
1.8728746e+02 8.0784511e+01      
1.8541634e+02 8.2612108e+01      
1.8355216e+02 8.4509098e+01      
1.8210283e+02 8.6415378e+01      
1.8123865e+02 8.8259734e+01      
1.8102323e+02 8.9962507e+01      
1.8146522e+02 9.1445228e+01      
1.8714330e+02 7.7981100e+01      
1.8735439e+02 7.4549648e+01      
1.8814880e+02 7.0828494e+01      
1.8956103e+02 6.6886968e+01      
1.9143421e+02 6.2808908e+01      
1.9237406e+02 5.8605032e+01      
1.9328327e+02 5.4359957e+01      
1.9451530e+02 5.0067315e+01      
1.9611597e+02 4.6069452e+01      
1.9731652e+02 4.3880860e+01      
1.9777857e+02 4.3810704e+01      
1.9740778e+02 4.5578478e+01      
1.9675260e+02 4.7654044e+01      
1.9581957e+02 4.9695777e+01      
1.9450434e+02 5.1761729e+01      
1.9266131e+02 5.3974135e+01      
1.9095271e+02 5.6227188e+01      
1.8975854e+02 5.8400910e+01      
1.8918744e+02 6.0400142e+01      
1.8926567e+02 6.2141084e+01      
1.9525857e+02 4.8675551e+01      
1.9570998e+02 4.4972460e+01      
1.9678588e+02 4.0917678e+01      
1.9855200e+02 3.6567358e+01      
2.0084504e+02 3.1999152e+01      
2.0210842e+02 2.7385576e+01      
2.0245801e+02 2.2702902e+01      
2.0306074e+02 1.7660861e+01      
2.0360906e+02 1.3633033e+01      
2.0387215e+02 1.1416622e+01      
2.0370721e+02 1.1272951e+01      
2.0309272e+02 1.2934443e+01      
2.0220648e+02 1.5584184e+01      
2.0154503e+02 1.7811304e+01      
2.0088834e+02 1.9955854e+01      
1.9844086e+02 2.2562957e+01      
1.9624558e+02 2.5231986e+01      
1.9464838e+02 2.7795718e+01      
1.9370945e+02 3.0143548e+01      
1.9344263e+02 3.2186788e+01      
1.9971230e+02 1.9001156e+01      
2.0035428e+02 1.5037504e+01      
2.0163826e+02 1.0655588e+01      
2.0360872e+02 5.9063011e+00      
2.0607491e+02 8.8882342e-01      
2.0748871e+02 -4.0118952e+00      
2.0783423e+02 -8.7534715e+00      
2.0740165e+02 -1.3301320e+01      
2.0702063e+02 -1.7565087e+01      
2.0648055e+02 -1.9902297e+01      
2.0577144e+02 -1.9971763e+01      
2.0490983e+02 -1.8156077e+01      
2.0422950e+02 -1.6168678e+01      
2.0382045e+02 -1.4263018e+01      
2.0320212e+02 -1.2161888e+01      
2.0053505e+02 -9.2096496e+00      
1.9785105e+02 -6.0573364e+00      
1.9579629e+02 -3.0284357e+00      
1.9449449e+02 -2.8183710e-01      
1.9392208e+02 2.0979095e+00      
2.0042189e+02 -1.0517761e+01      
2.0119176e+02 -1.4714634e+01      
2.0262638e+02 -1.9408997e+01      
2.0470339e+02 -2.4531161e+01      
2.0704371e+02 -2.9862391e+01      
2.0833687e+02 -3.4893602e+01      
2.0859877e+02 -3.9562124e+01      
2.0798614e+02 -4.3760353e+01      
2.0665223e+02 -4.7221472e+01      
2.0536095e+02 -4.9722863e+01      
2.0414847e+02 -4.9619041e+01      
2.0317432e+02 -4.8659257e+01      
2.0264404e+02 -4.7452555e+01      
2.0248776e+02 -4.6076132e+01      
2.0130546e+02 -4.3864634e+01      
1.9887313e+02 -4.0809561e+01      
1.9561740e+02 -3.7088840e+01      
1.9308445e+02 -3.3513611e+01      
1.9147354e+02 -3.0332105e+01      
1.9068038e+02 -2.7603206e+01      
1.9737279e+02 -3.9359501e+01      
1.9818311e+02 -4.3733934e+01      
1.9970130e+02 -4.8700785e+01      
2.0194720e+02 -5.4223514e+01      
2.0371754e+02 -5.9592808e+01      
2.0463611e+02 -6.4599003e+01      
2.0469837e+02 -6.9175674e+01      
2.0401382e+02 -7.3215639e+01      
2.0265860e+02 -7.6439516e+01      
2.0074521e+02 -7.8349130e+01      
1.9902935e+02 -7.8861274e+01      
1.9770719e+02 -7.8502218e+01      
1.9706122e+02 -7.7854408e+01      
1.9599123e+02 -7.6329755e+01      
1.9427580e+02 -7.3975479e+01      
1.9193076e+02 -7.0870705e+01      
1.8915397e+02 -6.7132552e+01      
1.8632907e+02 -6.3020574e+01      
1.8461837e+02 -5.9453716e+01      
1.8376312e+02 -5.6402626e+01      
1.9062855e+02 -6.7022678e+01      
1.9135692e+02 -7.1481419e+01      
1.9272355e+02 -7.6563524e+01      
1.9467497e+02 -8.2213115e+01      
1.9595632e+02 -8.7534218e+01      
1.9642599e+02 -9.2413896e+01      
1.9616042e+02 -9.6850553e+01      
1.9539430e+02 -1.0091543e+02      
1.9418841e+02 -1.0437580e+02      
1.9253287e+02 -1.0678770e+02      
1.9042413e+02 -1.0767745e+02      
1.8832749e+02 -1.0728758e+02      
1.8637719e+02 -1.0609636e+02      
1.8431065e+02 -1.0421913e+02      
1.8204582e+02 -1.0171222e+02      
1.7968445e+02 -9.8583649e+01      
1.7739681e+02 -9.4881017e+01      
1.7539482e+02 -9.0903523e+01      
1.7403698e+02 -8.7147954e+01      
1.7332102e+02 -8.3819898e+01      
1.8034474e+02 -9.3047183e+01      
1.8088546e+02 -9.7489864e+01      
1.8190358e+02 -1.0250496e+02      
1.8320876e+02 -1.0790675e+02      
1.8391576e+02 -1.1298410e+02      
1.8393584e+02 -1.1767776e+02      
1.8321152e+02 -1.2187383e+02      
1.8239184e+02 -1.2615059e+02      
1.8141728e+02 -1.3024099e+02      
1.8021352e+02 -1.3370478e+02      
1.7860687e+02 -1.3584032e+02      
1.7564988e+02 -1.3498901e+02      
1.7257052e+02 -1.3309617e+02      
1.6955362e+02 -1.3078249e+02      
1.6666952e+02 -1.2817993e+02      
1.6413326e+02 -1.2509153e+02      
1.6225864e+02 -1.2120622e+02      
1.6092531e+02 -1.1703467e+02      
1.6006452e+02 -1.1302788e+02      
1.5962882e+02 -1.0941818e+02      
1.6675805e+02 -1.1702036e+02      
1.6703533e+02 -1.2133642e+02      
1.6768936e+02 -1.2621935e+02      
1.6793789e+02 -1.3077817e+02      
1.6803037e+02 -1.3544665e+02      
1.6777201e+02 -1.4005488e+02      
1.6715959e+02 -1.4460451e+02      
1.6644650e+02 -1.4936971e+02      
1.6574024e+02 -1.5437911e+02      
1.6494007e+02 -1.5911285e+02      
1.6306615e+02 -1.6143247e+02      
1.5997615e+02 -1.6099440e+02      
1.5595792e+02 -1.5830600e+02      
1.5201284e+02 -1.5553055e+02      
1.4837784e+02 -1.5301109e+02      
1.4542350e+02 -1.5028856e+02      
1.4408019e+02 -1.4581847e+02      
1.4343429e+02 -1.4112074e+02      
1.4313785e+02 -1.3670575e+02      
1.4305853e+02 -1.3277862e+02      
1.5018152e+02 -1.3860151e+02      
1.5007857e+02 -1.4259652e+02      
1.5008698e+02 -1.4690099e+02      
1.4994921e+02 -1.5123493e+02      
1.4965654e+02 -1.5564414e+02      
1.4917211e+02 -1.6013491e+02      
1.4851409e+02 -1.6477701e+02      
1.4782893e+02 -1.6985782e+02      
1.4728977e+02 -1.7574308e+02      
1.4614915e+02 -1.8046391e+02      
1.4402446e+02 -1.8288796e+02      
1.4080623e+02 -1.8271607e+02      
1.3659748e+02 -1.8046003e+02      
1.3180004e+02 -1.7736941e+02      
1.2738715e+02 -1.7521369e+02      
1.2448917e+02 -1.7223421e+02      
1.2323947e+02 -1.6794160e+02      
1.2338371e+02 -1.6262921e+02      
1.2374607e+02 -1.5772022e+02      
1.2405336e+02 -1.5347793e+02      
1.3101102e+02 -1.5755416e+02      
1.3057334e+02 -1.6122009e+02      
1.3017003e+02 -1.6512859e+02      
1.2970627e+02 -1.6917608e+02      
1.2912806e+02 -1.7332185e+02      
1.2841333e+02 -1.7757011e+02      
1.2757238e+02 -1.8197499e+02      
1.2665256e+02 -1.8666641e+02      
1.2565125e+02 -1.9171139e+02      
1.2434436e+02 -1.9668954e+02      
1.2210042e+02 -1.9927752e+02      
1.1882550e+02 -1.9905106e+02      
1.1448674e+02 -1.9671746e+02      
1.0944580e+02 -1.9489213e+02      
1.0516491e+02 -1.9283757e+02      
1.0236647e+02 -1.8990114e+02      
1.0123946e+02 -1.8581926e+02      
1.0152826e+02 -1.8080088e+02      
1.0253411e+02 -1.7551138e+02      
1.0311380e+02 -1.7110435e+02      
1.0965832e+02 -1.7367735e+02      
1.0896349e+02 -1.7704880e+02      
1.0827151e+02 -1.8062893e+02      
1.0753130e+02 -1.8435087e+02      
1.0670226e+02 -1.8816831e+02      
1.0576023e+02 -1.9205947e+02      
1.0469473e+02 -1.9602199e+02      
1.0349502e+02 -2.0005202e+02      
1.0211299e+02 -2.0407996e+02      
1.0041220e+02 -2.0783369e+02      
9.8148029e+01 -2.1056410e+02      
9.4997182e+01 -2.1001173e+02      
9.1199907e+01 -2.0859610e+02      
8.6944071e+01 -2.0713633e+02      
8.2627611e+01 -2.0563966e+02      
7.9852485e+01 -2.0301944e+02      
7.8956565e+01 -1.9913138e+02      
7.9582580e+01 -1.9424107e+02      
8.0240456e+01 -1.8954090e+02      
8.0706904e+01 -1.8535605e+02      
8.6524666e+01 -1.8677995e+02      
8.5628183e+01 -1.8987296e+02      
8.4713662e+01 -1.9313959e+02      
8.3749564e+01 -1.9652315e+02      
8.2706555e+01 -1.9997311e+02      
8.1560884e+01 -2.0344582e+02      
8.0291650e+01 -2.0689601e+02      
7.8870914e+01 -2.1025486e+02      
7.7247450e+01 -2.1338933e+02      
7.5334414e+01 -2.1604796e+02      
7.3014196e+01 -2.1773165e+02      
7.0194899e+01 -2.1784550e+02      
6.6977426e+01 -2.1702588e+02      
6.3528273e+01 -2.1575404e+02      
6.0114980e+01 -2.1412714e+02      
5.7298337e+01 -2.1189366e+02      
5.6699947e+01 -2.0820183e+02      
5.6737610e+01 -2.0407956e+02      
5.6937866e+01 -1.9998415e+02      
5.7151619e+01 -1.9614135e+02      
