8.6788634e+00 2.5075024e+02      
6.5495946e+00 2.4841285e+02      
5.0113492e+00 2.4606061e+02      
4.0652373e+00 2.4375327e+02      
3.7026545e+00 2.4155396e+02      
3.9032511e+00 2.3953011e+02      
4.6345763e+00 2.3775247e+02      
5.8565567e+00 2.3628992e+02      
7.5342595e+00 2.3519797e+02      
9.6563957e+00 2.3450413e+02      
1.2244754e+01 2.3420053e+02      
1.5342173e+01 2.3425133e+02      
1.8983426e+01 2.3460858e+02      
2.3132525e+01 2.3522353e+02      
2.7386769e+01 2.3601767e+02      
3.0948144e+01 2.3686533e+02      
3.4186810e+01 2.3778902e+02      
3.7366505e+01 2.3875570e+02      
4.0667195e+01 2.3969689e+02      
4.4326745e+01 2.4054768e+02      
3.5894743e+01 2.4000482e+02      
3.3886178e+01 2.3750847e+02      
3.2481705e+01 2.3496993e+02      
3.1685347e+01 2.3245045e+02      
3.1489950e+01 2.3001652e+02      
3.1872000e+01 2.2774397e+02      
3.2786590e+01 2.2572081e+02      
3.4168082e+01 2.2404382e+02      
3.5949188e+01 2.2280066e+02      
3.8108503e+01 2.2203524e+02      
4.0705706e+01 2.2172535e+02      
4.3857041e+01 2.2180431e+02      
4.7703524e+01 2.2219882e+02      
5.2433590e+01 2.2286333e+02      
5.7833806e+01 2.2376325e+02      
6.0883372e+01 2.2452136e+02      
6.3588765e+01 2.2541920e+02      
6.6074422e+01 2.2636456e+02      
6.8503788e+01 2.2725934e+02      
7.1521322e+01 2.2802751e+02      
6.1951922e+01 2.2557004e+02      
6.0083900e+01 2.2289570e+02      
5.8830779e+01 2.2015034e+02      
5.8202980e+01 2.1739291e+02      
5.8200338e+01 2.1468781e+02      
5.8802368e+01 2.1211431e+02      
5.9953805e+01 2.0977836e+02      
6.1549046e+01 2.0781941e+02      
6.3435439e+01 2.0639547e+02      
6.5531308e+01 2.0559789e+02      
6.7973817e+01 2.0536005e+02      
7.0990758e+01 2.0554369e+02      
7.4815157e+01 2.0602356e+02      
7.9747441e+01 2.0670862e+02      
8.5624388e+01 2.0753838e+02      
8.9313652e+01 2.0844443e+02      
9.1569958e+01 2.0945918e+02      
9.3313844e+01 2.1045902e+02      
9.4469379e+01 2.1136307e+02      
9.6887191e+01 2.1209240e+02      
8.6432854e+01 2.0770177e+02      
8.4718626e+01 2.0483369e+02      
8.3625474e+01 2.0186686e+02      
8.3174707e+01 1.9885240e+02      
8.3382800e+01 1.9584194e+02      
8.4247577e+01 1.9290396e+02      
8.5721343e+01 1.9015173e+02      
8.7671342e+01 1.8777251e+02      
8.9768454e+01 1.8606728e+02      
9.1580142e+01 1.8534750e+02      
9.3593208e+01 1.8533488e+02      
9.6207170e+01 1.8574743e+02      
9.9673322e+01 1.8639714e+02      
1.0426445e+02 1.8714100e+02      
1.0976739e+02 1.8791004e+02      
1.1298764e+02 1.8899216e+02      
1.1423086e+02 1.9026084e+02      
1.1574583e+02 1.9137157e+02      
1.1748296e+02 1.9230704e+02      
1.1988434e+02 1.9303221e+02      
1.0895090e+02 1.8670699e+02      
1.0739606e+02 1.8363436e+02      
1.0645828e+02 1.8044271e+02      
1.0617307e+02 1.7716994e+02      
1.0658629e+02 1.7383833e+02      
1.0774100e+02 1.7047483e+02      
1.0963866e+02 1.6716456e+02      
1.1215119e+02 1.6414062e+02      
1.1480382e+02 1.6189830e+02      
1.1587277e+02 1.6151443e+02      
1.1712117e+02 1.6197015e+02      
1.1905669e+02 1.6278978e+02      
1.2186174e+02 1.6373201e+02      
1.2564106e+02 1.6466221e+02      
1.3006860e+02 1.6553625e+02      
1.3223901e+02 1.6691355e+02      
1.3392133e+02 1.6824950e+02      
1.3571714e+02 1.6943252e+02      
1.3779279e+02 1.7042397e+02      
1.4027972e+02 1.7118132e+02      
1.2915959e+02 1.6293489e+02      
1.2776369e+02 1.5965081e+02      
1.2696108e+02 1.5624675e+02      
1.2679848e+02 1.5274791e+02      
1.2736061e+02 1.4913024e+02      
1.2877638e+02 1.4532159e+02      
1.3113765e+02 1.4131764e+02      
1.3423814e+02 1.3747091e+02      
1.3652748e+02 1.3513841e+02      
1.3767815e+02 1.3462795e+02      
1.3804506e+02 1.3574742e+02      
1.3915016e+02 1.3715425e+02      
1.4116792e+02 1.3848790e+02      
1.4392745e+02 1.3972855e+02      
1.4689451e+02 1.4097448e+02      
1.4923299e+02 1.4236291e+02      
1.5126012e+02 1.4374450e+02      
1.5329581e+02 1.4500570e+02      
1.5549505e+02 1.4608155e+02      
1.5796278e+02 1.4691192e+02      
1.4676162e+02 1.3676616e+02      
1.4552573e+02 1.3325984e+02      
1.4482703e+02 1.2966925e+02      
1.4470667e+02 1.2602301e+02      
1.4527728e+02 1.2225508e+02      
1.4676346e+02 1.1816148e+02      
1.4942494e+02 1.1348605e+02      
1.5206703e+02 1.0952252e+02      
1.5405503e+02 1.0707176e+02      
1.5518928e+02 1.0645576e+02      
1.5565993e+02 1.0750720e+02      
1.5606206e+02 1.0951779e+02      
1.5747659e+02 1.1114820e+02      
1.5954353e+02 1.1262367e+02      
1.6184474e+02 1.1410022e+02      
1.6407049e+02 1.1560849e+02      
1.6618436e+02 1.1709318e+02      
1.6828432e+02 1.1847412e+02      
1.7046770e+02 1.1967657e+02      
1.7280885e+02 1.2062868e+02      
1.6151452e+02 1.0860354e+02      
1.6045969e+02 1.0483931e+02      
1.5984181e+02 1.0108271e+02      
1.5965523e+02 9.7410280e+01      
1.6002679e+02 9.3728570e+01      
1.6113606e+02 8.9846996e+01      
1.6304692e+02 8.5640212e+01      
1.6545529e+02 8.1349044e+01      
1.6725617e+02 7.8652617e+01      
1.6827461e+02 7.8017151e+01      
1.6864839e+02 7.9206055e+01      
1.6937511e+02 8.0658573e+01      
1.7066835e+02 8.2157158e+01      
1.7240760e+02 8.3725973e+01      
1.7438571e+02 8.5372666e+01      
1.7644212e+02 8.7050955e+01      
1.7849570e+02 8.8697561e+01      
1.8052832e+02 9.0249754e+01      
1.8258587e+02 9.1631745e+01      
1.8471479e+02 9.2760617e+01      
1.7322463e+02 7.8872544e+01      
1.7242666e+02 7.4747166e+01      
1.7193641e+02 7.0775830e+01      
1.7153080e+02 6.7255537e+01      
1.7150613e+02 6.3920991e+01      
1.7206697e+02 6.0522890e+01      
1.7323416e+02 5.6966285e+01      
1.7484146e+02 5.3379396e+01      
1.7649053e+02 5.0327172e+01      
1.7740313e+02 4.9658136e+01      
1.7827058e+02 4.9828760e+01      
1.7935924e+02 5.0543089e+01      
1.8071702e+02 5.1782642e+01      
1.8231873e+02 5.3419751e+01      
1.8411099e+02 5.5262629e+01      
1.8603766e+02 5.7152285e+01      
1.8802240e+02 5.8991913e+01      
1.8990417e+02 6.0766414e+01      
1.9170389e+02 6.2402755e+01      
1.9356197e+02 6.3775178e+01      
1.8171968e+02 4.8045224e+01      
1.8129903e+02 4.3370682e+01      
1.8113397e+02 3.8978308e+01      
1.8024816e+02 3.5903679e+01      
1.7966978e+02 3.3187602e+01      
1.7964716e+02 3.0432198e+01      
1.8018736e+02 2.7514010e+01      
1.8116684e+02 2.4537994e+01      
1.8235588e+02 2.1899224e+01      
1.8351426e+02 2.0184836e+01      
1.8479581e+02 1.9197181e+01      
1.8624127e+02 1.9058303e+01      
1.8766158e+02 2.0189426e+01      
1.8916090e+02 2.2071553e+01      
1.9079965e+02 2.4240418e+01      
1.9259577e+02 2.6427256e+01      
1.9457310e+02 2.8472957e+01      
1.9621991e+02 3.0527896e+01      
1.9754795e+02 3.2520434e+01      
1.9855475e+02 3.4362473e+01      
1.8679963e+02 1.6707822e+01      
1.8677772e+02 1.1333674e+01      
1.8641036e+02 6.9754105e+00      
1.8553776e+02 3.9371920e+00      
1.8439498e+02 2.0343326e+00      
1.8381014e+02 5.7441728e-02      
1.8384217e+02 -2.2784545e+00      
1.8438650e+02 -4.9042332e+00      
1.8531365e+02 -7.6140618e+00      
1.8655873e+02 -1.0198347e+01      
1.8815379e+02 -1.2443920e+01      
1.9004573e+02 -1.3767165e+01      
1.9137904e+02 -1.2267324e+01      
1.9272742e+02 -9.7825244e+00      
1.9418804e+02 -7.0681751e+00      
1.9573430e+02 -4.4399346e+00      
1.9726249e+02 -1.9631845e+00      
1.9853883e+02 4.3745375e-01      
1.9944010e+02 2.7852880e+00      
1.9997830e+02 5.0023425e+00      
1.8817958e+02 -1.4277586e+01      
1.8797901e+02 -1.9726294e+01      
1.8747517e+02 -2.4075770e+01      
1.8658373e+02 -2.7011511e+01      
1.8544650e+02 -2.8711699e+01      
1.8441978e+02 -2.9870953e+01      
1.8408259e+02 -3.1734420e+01      
1.8432075e+02 -3.4178423e+01      
1.8505594e+02 -3.7159652e+01      
1.8628741e+02 -4.0653290e+01      
1.8800715e+02 -4.4180388e+01      
1.8959910e+02 -4.5493027e+01      
1.9092921e+02 -4.4216496e+01      
1.9210391e+02 -4.0845130e+01      
1.9338417e+02 -3.7390383e+01      
1.9469651e+02 -3.4304666e+01      
1.9589887e+02 -3.1503628e+01      
1.9683213e+02 -2.8804553e+01      
1.9740521e+02 -2.6149921e+01      
1.9772826e+02 -2.3699874e+01      
1.8526398e+02 -4.3168962e+01      
1.8505893e+02 -4.8946857e+01      
1.8451719e+02 -5.3408252e+01      
1.8357465e+02 -5.6099986e+01      
1.8234414e+02 -5.7295877e+01      
1.8137131e+02 -5.8510825e+01      
1.8086398e+02 -6.0157371e+01      
1.8086222e+02 -6.2398170e+01      
1.8137943e+02 -6.5483177e+01      
1.8245423e+02 -6.9768932e+01      
1.8369863e+02 -7.3129080e+01      
1.8493986e+02 -7.4354348e+01      
1.8612145e+02 -7.3083413e+01      
1.8725677e+02 -6.9758149e+01      
1.8841731e+02 -6.5601322e+01      
1.8959939e+02 -6.2339392e+01      
1.9061232e+02 -5.9470660e+01      
1.9128801e+02 -5.6615095e+01      
1.9154271e+02 -5.3662034e+01      
1.9188111e+02 -5.1229479e+01      
1.7896999e+02 -7.0724424e+01      
1.7855863e+02 -7.6099176e+01      
1.7803560e+02 -8.0801095e+01      
1.7705210e+02 -8.3156002e+01      
1.7593625e+02 -8.4585278e+01      
1.7494756e+02 -8.5727706e+01      
1.7428523e+02 -8.7055296e+01      
1.7404557e+02 -8.8870538e+01      
1.7424914e+02 -9.1371990e+01      
1.7484853e+02 -9.4619181e+01      
1.7567765e+02 -9.8130619e+01      
1.7657903e+02 -9.9385043e+01      
1.7755480e+02 -9.7854446e+01      
1.7852695e+02 -9.4088255e+01      
1.7958376e+02 -9.0639610e+01      
1.8075330e+02 -8.7928202e+01      
1.8168646e+02 -8.5353344e+01      
1.8224715e+02 -8.2607506e+01      
1.8241417e+02 -7.9637306e+01      
1.8271259e+02 -7.7244461e+01      
1.6962682e+02 -9.6956166e+01      
1.6924736e+02 -1.0233571e+02      
1.6868235e+02 -1.0673704e+02      
1.6776497e+02 -1.0944048e+02      
1.6660720e+02 -1.1079098e+02      
1.6541479e+02 -1.1137144e+02      
1.6452033e+02 -1.1207514e+02      
1.6403309e+02 -1.1325532e+02      
1.6393517e+02 -1.1493996e+02      
1.6416253e+02 -1.1702277e+02      
1.6460645e+02 -1.1916679e+02      
1.6515933e+02 -1.2051840e+02      
1.6595552e+02 -1.1860734e+02      
1.6677867e+02 -1.1589433e+02      
1.6765306e+02 -1.1321987e+02      
1.6858001e+02 -1.1087069e+02      
1.6946751e+02 -1.0880959e+02      
1.7000698e+02 -1.0641672e+02      
1.7019069e+02 -1.0364441e+02      
1.7045986e+02 -1.0138420e+02      
1.5733509e+02 -1.2136820e+02      
1.5729245e+02 -1.2752925e+02      
1.5679098e+02 -1.3209054e+02      
1.5585251e+02 -1.3479622e+02      
1.5453621e+02 -1.3567838e+02      
1.5289739e+02 -1.3494878e+02      
1.5173886e+02 -1.3481735e+02      
1.5103550e+02 -1.3533045e+02      
1.5069960e+02 -1.3626683e+02      
1.5066045e+02 -1.3739878e+02      
1.5084409e+02 -1.3839680e+02      
1.5120008e+02 -1.3867908e+02      
1.5172248e+02 -1.3756829e+02      
1.5233454e+02 -1.3570859e+02      
1.5299903e+02 -1.3363478e+02      
1.5368964e+02 -1.3159640e+02      
1.5435101e+02 -1.2967077e+02      
1.5488320e+02 -1.2775175e+02      
1.5511912e+02 -1.2534755e+02      
1.5537660e+02 -1.2332676e+02      
1.4202635e+02 -1.4289097e+02      
1.4191351e+02 -1.4917744e+02      
1.4136999e+02 -1.5370560e+02      
1.4039589e+02 -1.5625625e+02      
1.3903982e+02 -1.5679474e+02      
1.3737349e+02 -1.5545826e+02      
1.3612123e+02 -1.5481035e+02      
1.3528734e+02 -1.5484339e+02      
1.3478677e+02 -1.5522920e+02      
1.3455810e+02 -1.5571044e+02      
1.3454839e+02 -1.5601106e+02      
1.3471553e+02 -1.5582109e+02      
1.3502401e+02 -1.5495764e+02      
1.3543142e+02 -1.5355960e+02      
1.3589837e+02 -1.5187784e+02      
1.3638801e+02 -1.5009317e+02      
1.3685667e+02 -1.4829400e+02      
1.3724896e+02 -1.4646560e+02      
1.3752503e+02 -1.4455722e+02      
1.3776612e+02 -1.4283509e+02      
1.2396723e+02 -1.6088814e+02      
1.2356388e+02 -1.6652922e+02      
1.2287308e+02 -1.7059861e+02      
1.2187211e+02 -1.7294058e+02      
1.2059864e+02 -1.7350510e+02      
1.1913510e+02 -1.7234936e+02      
1.1794693e+02 -1.7171742e+02      
1.1707329e+02 -1.7156846e+02      
1.1647506e+02 -1.7164030e+02      
1.1611421e+02 -1.7173377e+02      
1.1595381e+02 -1.7166105e+02      
1.1595908e+02 -1.7125736e+02      
1.1609628e+02 -1.7044090e+02      
1.1633065e+02 -1.6925345e+02      
1.1662743e+02 -1.6780912e+02      
1.1695217e+02 -1.6622064e+02      
1.1726986e+02 -1.6456547e+02      
1.1754838e+02 -1.6288646e+02      
1.1777431e+02 -1.6123866e+02      
1.1796322e+02 -1.5973401e+02      
1.0363154e+02 -1.7531483e+02      
1.0287507e+02 -1.7938246e+02      
1.0202113e+02 -1.8265176e+02      
1.0100814e+02 -1.8476345e+02      
9.9858032e+01 -1.8567140e+02      
9.8662716e+01 -1.8564894e+02      
9.7596651e+01 -1.8546507e+02      
9.6735817e+01 -1.8537100e+02      
9.6087292e+01 -1.8531978e+02      
9.5637118e+01 -1.8521285e+02      
9.5363085e+01 -1.8494408e+02      
9.5239392e+01 -1.8442538e+02      
9.5238279e+01 -1.8361467e+02      
9.5330592e+01 -1.8252884e+02      
9.5486548e+01 -1.8122739e+02      
9.5676583e+01 -1.7978285e+02      
9.5872635e+01 -1.7826140e+02      
9.6051415e+01 -1.7672132e+02      
9.6199539e+01 -1.7522636e+02      
9.6314209e+01 -1.7385341e+02      
8.1542686e+01 -1.8674750e+02      
8.0602109e+01 -1.8985028e+02      
7.9635095e+01 -1.9246718e+02      
7.8607771e+01 -1.9435711e+02      
7.7533872e+01 -1.9547789e+02      
7.6469603e+01 -1.9598799e+02      
7.5492058e+01 -1.9616648e+02      
7.4656021e+01 -1.9619754e+02      
7.3983037e+01 -1.9612700e+02      
7.3473482e+01 -1.9593117e+02      
7.3116105e+01 -1.9556371e+02      
7.2893139e+01 -1.9498301e+02      
7.2782957e+01 -1.9417055e+02      
7.2761595e+01 -1.9313852e+02      
7.2803909e+01 -1.9192476e+02      
7.2884735e+01 -1.9058075e+02      
7.2980326e+01 -1.8916170e+02      
7.3070286e+01 -1.8772353e+02      
7.3139280e+01 -1.8632477e+02      
7.3176629e+01 -1.8502699e+02      
