2.0857773e+01 2.3486800e+02      
1.9304846e+01 2.3298789e+02      
1.8062939e+01 2.3108227e+02      
1.7109017e+01 2.2918637e+02      
1.6426846e+01 2.2733446e+02      
1.6006774e+01 2.2556053e+02      
1.5837490e+01 2.2390121e+02      
1.5889405e+01 2.2240028e+02      
1.6121638e+01 2.2110543e+02      
1.6529147e+01 2.2005362e+02      
1.7159061e+01 2.1926457e+02      
1.8081679e+01 2.1874790e+02      
1.9335413e+01 2.1851763e+02      
2.0917151e+01 2.1859319e+02      
2.2801462e+01 2.1899014e+02      
2.4957260e+01 2.1971020e+02      
2.7363154e+01 2.2073266e+02      
3.0021893e+01 2.2200928e+02      
3.2964135e+01 2.2346731e+02      
3.6235975e+01 2.2502144e+02      
5.0732893e+01 2.2478886e+02      
4.9427011e+01 2.2286200e+02      
4.8409015e+01 2.2087854e+02      
4.7645577e+01 2.1887480e+02      
4.7118247e+01 2.1688426e+02      
4.6827126e+01 2.1493733e+02      
4.6783422e+01 2.1306561e+02      
4.6950810e+01 2.1131948e+02      
4.7187652e+01 2.0977923e+02      
4.7474134e+01 2.0849375e+02      
4.7901236e+01 2.0747548e+02      
4.8657833e+01 2.0670760e+02      
4.9794101e+01 2.0620822e+02      
5.1275188e+01 2.0601734e+02      
5.3042770e+01 2.0617266e+02      
5.5031693e+01 2.0669471e+02      
5.7189205e+01 2.0757315e+02      
5.9509158e+01 2.0875217e+02      
6.2047838e+01 2.1013220e+02      
6.4886993e+01 2.1159908e+02      
7.9479940e+01 2.1125367e+02      
7.8482443e+01 2.0927288e+02      
7.7739348e+01 2.0720633e+02      
7.7197536e+01 2.0509290e+02      
7.6832515e+01 2.0296537e+02      
7.6658534e+01 2.0084682e+02      
7.6738556e+01 1.9875075e+02      
7.7119068e+01 1.9671300e+02      
7.7341843e+01 1.9490990e+02      
7.7443940e+01 1.9339239e+02      
7.7511414e+01 1.9217196e+02      
7.8077710e+01 1.9113784e+02      
7.9119224e+01 1.9033406e+02      
8.0536495e+01 1.8983982e+02      
8.2227056e+01 1.8972841e+02      
8.4076842e+01 1.9005170e+02      
8.5962958e+01 1.9082717e+02      
8.7842289e+01 1.9199590e+02      
8.9848740e+01 1.9339433e+02      
9.2141163e+01 1.9485479e+02      
1.0665346e+02 1.9450852e+02      
1.0604637e+02 1.9246413e+02      
1.0564632e+02 1.9030754e+02      
1.0536065e+02 1.8808442e+02      
1.0515003e+02 1.8583046e+02      
1.0503953e+02 1.8356129e+02      
1.0510802e+02 1.8126527e+02      
1.0540554e+02 1.7895751e+02      
1.0548260e+02 1.7689734e+02      
1.0541146e+02 1.7513653e+02      
1.0531585e+02 1.7367653e+02      
1.0579397e+02 1.7232149e+02      
1.0681899e+02 1.7114439e+02      
1.0825152e+02 1.7027867e+02      
1.0995094e+02 1.6984900e+02      
1.1176425e+02 1.6994664e+02      
1.1343524e+02 1.7064748e+02      
1.1465604e+02 1.7198355e+02      
1.1593349e+02 1.7354885e+02      
1.1755145e+02 1.7509892e+02      
1.3182193e+02 1.7485076e+02      
1.3173221e+02 1.7272781e+02      
1.3178043e+02 1.7046806e+02      
1.3179651e+02 1.6813299e+02      
1.3171568e+02 1.6577117e+02      
1.3159246e+02 1.6339932e+02      
1.3150868e+02 1.6097656e+02      
1.3137585e+02 1.5846429e+02      
1.3111925e+02 1.5617871e+02      
1.3088765e+02 1.5415546e+02      
1.3076881e+02 1.5238469e+02      
1.3129543e+02 1.5060869e+02      
1.3242493e+02 1.4894029e+02      
1.3398967e+02 1.4758709e+02      
1.3581867e+02 1.4675354e+02      
1.3773453e+02 1.4658966e+02      
1.3937553e+02 1.4724681e+02      
1.3946331e+02 1.4911031e+02      
1.3983426e+02 1.5098856e+02      
1.4066636e+02 1.5271507e+02      
1.5453860e+02 1.5262838e+02      
1.5521419e+02 1.5040081e+02      
1.5588433e+02 1.4800944e+02      
1.5626847e+02 1.4554772e+02      
1.5626614e+02 1.4309495e+02      
1.5594091e+02 1.4069079e+02      
1.5558918e+02 1.3828753e+02      
1.5447362e+02 1.3570457e+02      
1.5375910e+02 1.3326815e+02      
1.5341166e+02 1.3096152e+02      
1.5340539e+02 1.2876003e+02      
1.5412017e+02 1.2641438e+02      
1.5549875e+02 1.2407639e+02      
1.5736757e+02 1.2201878e+02      
1.5938207e+02 1.2071621e+02      
1.6144015e+02 1.2031665e+02      
1.6189340e+02 1.2186536e+02      
1.6161229e+02 1.2398370e+02      
1.6108660e+02 1.2618439e+02      
1.6103027e+02 1.2815413e+02      
1.7415980e+02 1.2824946e+02      
1.7592492e+02 1.2588614e+02      
1.7740219e+02 1.2330950e+02      
1.7825351e+02 1.2068212e+02      
1.7831206e+02 1.1813736e+02      
1.7741866e+02 1.1576234e+02      
1.7547593e+02 1.1353129e+02      
1.7390472e+02 1.1116512e+02      
1.7293087e+02 1.0869852e+02      
1.7255095e+02 1.0611963e+02      
1.7282452e+02 1.0331227e+02      
1.7386409e+02 1.0020108e+02      
1.7553239e+02 9.7078924e+01      
1.7789443e+02 9.4015105e+01      
1.7983302e+02 9.2393101e+01      
1.8128649e+02 9.2450473e+01      
1.8181138e+02 9.4447351e+01      
1.8105427e+02 9.6953900e+01      
1.7916716e+02 9.9665912e+01      
1.7816587e+02 1.0193006e+02      
1.8985347e+02 1.0217946e+02      
1.9149646e+02 9.9758753e+01      
1.9374329e+02 9.6961404e+01      
1.9517393e+02 9.4122215e+01      
1.9544809e+02 9.1463429e+01      
1.9430195e+02 8.9147628e+01      
1.9175380e+02 8.7182681e+01      
1.8984390e+02 8.5016070e+01      
1.8870181e+02 8.2592909e+01      
1.8826028e+02 7.9883213e+01      
1.8863152e+02 7.6690706e+01      
1.9003931e+02 7.2711575e+01      
1.9166458e+02 6.9093351e+01      
1.9355639e+02 6.5885935e+01      
1.9519209e+02 6.4043301e+01      
1.9635171e+02 6.4137939e+01      
1.9682524e+02 6.6259737e+01      
1.9575036e+02 6.9015767e+01      
1.9323143e+02 7.2127380e+01      
1.9160728e+02 7.4611641e+01      
2.0167238e+02 7.4860712e+01      
2.0300201e+02 7.2479825e+01      
2.0481413e+02 6.9727531e+01      
2.0679203e+02 6.6647202e+01      
2.0749823e+02 6.3806843e+01      
2.0654249e+02 6.1495124e+01      
2.0401747e+02 5.9759304e+01      
2.0205129e+02 5.7765932e+01      
2.0081894e+02 5.5445430e+01      
2.0023586e+02 5.2806896e+01      
2.0033056e+02 4.9774323e+01      
2.0109896e+02 4.6339462e+01      
2.0234063e+02 4.2734423e+01      
2.0406847e+02 3.8883051e+01      
2.0546398e+02 3.6532057e+01      
2.0641109e+02 3.6307418e+01      
2.0678260e+02 3.8262375e+01      
2.0558411e+02 4.1010242e+01      
2.0292895e+02 4.4256738e+01      
2.0106176e+02 4.6766555e+01      
2.0973721e+02 4.6717136e+01      
2.1075643e+02 4.4435363e+01      
2.1206587e+02 4.1836066e+01      
2.1350486e+02 3.8940704e+01      
2.1470016e+02 3.5868378e+01      
2.1424715e+02 3.3432443e+01      
2.1212697e+02 3.1798669e+01      
2.1036137e+02 2.9915310e+01      
2.0913683e+02 2.7723823e+01      
2.0838124e+02 2.5282511e+01      
2.0810356e+02 2.2593561e+01      
2.0830175e+02 1.9678338e+01      
2.0892962e+02 1.6582521e+01      
2.0991029e+02 1.3365895e+01      
2.1102600e+02 1.0393480e+01      
2.1167744e+02 9.6341801e+00      
2.1180381e+02 1.1268534e+01      
2.1061288e+02 1.3713929e+01      
2.0823450e+02 1.6653024e+01      
2.0645718e+02 1.8892152e+01      
2.1411737e+02 1.8161448e+01      
2.1488509e+02 1.6004973e+01      
2.1578065e+02 1.3599046e+01      
2.1669067e+02 1.0976628e+01      
2.1742914e+02 8.2074641e+00      
2.1759691e+02 5.5255975e+00      
2.1617320e+02 3.7821571e+00      
2.1483258e+02 1.8813394e+00      
2.1369953e+02 -1.9689364e-01      
2.1275625e+02 -2.3901961e+00      
2.1210147e+02 -4.7059098e+00      
2.1179602e+02 -7.1354977e+00      
2.1181771e+02 -9.6254410e+00      
2.1208441e+02 -1.2073477e+01      
2.1244402e+02 -1.4251283e+01      
2.1263283e+02 -1.5563897e+01      
2.1211167e+02 -1.4145308e+01      
2.1098128e+02 -1.2298197e+01      
2.0938396e+02 -1.0339000e+01      
2.0791711e+02 -8.6505238e+00      
2.1489829e+02 -1.0399904e+01      
2.1548855e+02 -1.2429843e+01      
2.1606762e+02 -1.4634657e+01      
2.1656757e+02 -1.6980080e+01      
2.1691671e+02 -1.9422509e+01      
2.1693913e+02 -2.1817311e+01      
2.1643756e+02 -2.3954265e+01      
2.1573770e+02 -2.6029922e+01      
2.1472409e+02 -2.8013183e+01      
2.1347026e+02 -2.9897387e+01      
2.1238632e+02 -3.1809297e+01      
2.1161058e+02 -3.3769858e+01      
2.1110703e+02 -3.5710659e+01      
2.1078542e+02 -3.7505080e+01      
2.1051384e+02 -3.8947788e+01      
2.1010508e+02 -3.9645920e+01      
2.0934637e+02 -3.9143504e+01      
2.0825572e+02 -3.8051579e+01      
2.0696271e+02 -3.6797417e+01      
2.0569047e+02 -3.5624405e+01      
2.1220604e+02 -3.8572729e+01      
2.1270550e+02 -4.0497900e+01      
2.1302366e+02 -4.2497485e+01      
2.1316100e+02 -4.4559450e+01      
2.1323887e+02 -4.6732399e+01      
2.1325807e+02 -4.8976634e+01      
2.1327155e+02 -5.1255800e+01      
2.1335932e+02 -5.3556608e+01      
2.1242256e+02 -5.5429014e+01      
2.1054493e+02 -5.6867271e+01      
2.0899160e+02 -5.8350680e+01      
2.0780444e+02 -5.9882026e+01      
2.0687429e+02 -6.1365271e+01      
2.0610043e+02 -6.2676438e+01      
2.0537217e+02 -6.3653778e+01      
2.0457130e+02 -6.4108001e+01      
2.0360767e+02 -6.3955281e+01      
2.0247272e+02 -6.3363638e+01      
2.0123503e+02 -6.2575117e+01      
2.0000513e+02 -6.1783160e+01      
2.0613000e+02 -6.5934200e+01      
2.0660302e+02 -6.7778733e+01      
2.0669540e+02 -6.9572992e+01      
2.0639793e+02 -7.1293177e+01      
2.0626102e+02 -7.3232954e+01      
2.0627190e+02 -7.5357258e+01      
2.0647782e+02 -7.7645661e+01      
2.0681764e+02 -8.0019654e+01      
2.0590174e+02 -8.1748866e+01      
2.0378641e+02 -8.2812043e+01      
2.0194188e+02 -8.3920443e+01      
2.0046024e+02 -8.5091724e+01      
1.9921666e+02 -8.6215964e+01      
1.9811318e+02 -8.7183781e+01      
1.9706217e+02 -8.7885158e+01      
1.9598695e+02 -8.8229744e+01      
1.9483668e+02 -8.8196279e+01      
1.9360286e+02 -8.7861726e+01      
1.9231916e+02 -8.7358921e+01      
1.9104435e+02 -8.6822488e+01      
1.9615758e+02 -9.1728296e+01      
1.9654193e+02 -9.3449694e+01      
1.9652932e+02 -9.5090994e+01      
1.9613370e+02 -9.6629126e+01      
1.9590748e+02 -9.8406767e+01      
1.9586290e+02 -1.0039793e+02      
1.9603951e+02 -1.0259939e+02      
1.9633910e+02 -1.0492906e+02      
1.9540854e+02 -1.0649677e+02      
1.9328236e+02 -1.0727184e+02      
1.9135106e+02 -1.0810385e+02      
1.8971672e+02 -1.0900442e+02      
1.8827446e+02 -1.0986045e+02      
1.8694628e+02 -1.1058216e+02      
1.8566837e+02 -1.1109613e+02      
1.8439006e+02 -1.1135479e+02      
1.8307955e+02 -1.1135382e+02      
1.8172970e+02 -1.1113926e+02      
1.8035727e+02 -1.1079260e+02      
1.7899448e+02 -1.1040700e+02      
1.8252750e+02 -1.1549466e+02      
1.8275695e+02 -1.1703824e+02      
1.8273648e+02 -1.1858572e+02      
1.8252143e+02 -1.2014842e+02      
1.8230208e+02 -1.2182928e+02      
1.8216008e+02 -1.2365794e+02      
1.8214556e+02 -1.2565390e+02      
1.8219172e+02 -1.2777143e+02      
1.8123232e+02 -1.2917209e+02      
1.7928969e+02 -1.2982386e+02      
1.7745073e+02 -1.3051939e+02      
1.7578960e+02 -1.3124338e+02      
1.7424721e+02 -1.3190622e+02      
1.7277887e+02 -1.3244536e+02      
1.7134597e+02 -1.3281478e+02      
1.6991765e+02 -1.3298939e+02      
1.6847460e+02 -1.3297197e+02      
1.6701181e+02 -1.3279507e+02      
1.6553799e+02 -1.3251428e+02      
1.6407129e+02 -1.3219679e+02      
1.6609973e+02 -1.3729825e+02      
1.6620872e+02 -1.3868422e+02      
1.6616331e+02 -1.4012827e+02      
1.6598672e+02 -1.4162190e+02      
1.6574025e+02 -1.4318172e+02      
1.6546539e+02 -1.4481192e+02      
1.6515669e+02 -1.4648788e+02      
1.6467494e+02 -1.4808602e+02      
1.6368576e+02 -1.4931987e+02      
1.6220218e+02 -1.5016400e+02      
1.6057876e+02 -1.5085708e+02      
1.5896934e+02 -1.5147395e+02      
1.5739518e+02 -1.5199469e+02      
1.5584877e+02 -1.5238962e+02      
1.5431497e+02 -1.5263507e+02      
1.5277901e+02 -1.5272051e+02      
1.5123112e+02 -1.5265322e+02      
1.4966901e+02 -1.5245919e+02      
1.4809787e+02 -1.5217991e+02      
1.4652825e+02 -1.5186633e+02      
1.4717343e+02 -1.5683334e+02      
1.4720074e+02 -1.5808919e+02      
1.4710619e+02 -1.5941467e+02      
1.4689421e+02 -1.6078875e+02      
1.4658248e+02 -1.6219876e+02      
1.4617821e+02 -1.6362474e+02      
1.4565457e+02 -1.6502264e+02      
1.4493126e+02 -1.6630741e+02      
1.4391441e+02 -1.6738019e+02      
1.4261418e+02 -1.6821913e+02      
1.4114341e+02 -1.6888017e+02      
1.3959982e+02 -1.6940752e+02      
1.3802875e+02 -1.6980938e+02      
1.3644500e+02 -1.7007862e+02      
1.3485001e+02 -1.7020750e+02      
1.3324081e+02 -1.7019540e+02      
1.3161484e+02 -1.7005277e+02      
1.2997251e+02 -1.6980222e+02      
1.2831772e+02 -1.6947695e+02      
1.2665695e+02 -1.6911745e+02      
1.2602784e+02 -1.7378787e+02      
1.2599422e+02 -1.7493102e+02      
1.2584570e+02 -1.7613677e+02      
1.2557944e+02 -1.7737921e+02      
1.2519657e+02 -1.7863456e+02      
1.2469174e+02 -1.7987411e+02      
1.2404359e+02 -1.8105733e+02      
1.2321516e+02 -1.8213155e+02      
1.2217626e+02 -1.8304834e+02      
1.2093592e+02 -1.8378854e+02      
1.1954200e+02 -1.8436295e+02      
1.1804843e+02 -1.8478873e+02      
1.1649314e+02 -1.8507473e+02      
1.1489699e+02 -1.8522292e+02      
1.1326977e+02 -1.8523449e+02      
1.1161567e+02 -1.8511478e+02      
1.0993700e+02 -1.8487623e+02      
1.0823633e+02 -1.8453940e+02      
1.0651720e+02 -1.8413222e+02      
1.0478394e+02 -1.8368812e+02      
1.0299599e+02 -1.8790491e+02      
1.0291428e+02 -1.8894889e+02      
1.0271608e+02 -1.9004112e+02      
1.0239668e+02 -1.9115472e+02      
1.0195226e+02 -1.9226295e+02      
1.0137571e+02 -1.9333648e+02      
1.0065398e+02 -1.9434159e+02      
9.9770898e+01 -1.9524223e+02      
9.8717251e+01 -1.9600778e+02      
9.7501350e+01 -1.9662137e+02      
9.6148770e+01 -1.9708052e+02      
9.4691368e+01 -1.9738988e+02      
9.3156782e+01 -1.9755466e+02      
9.1564599e+01 -1.9757912e+02      
8.9927260e+01 -1.9746835e+02      
8.8252422e+01 -1.9723066e+02      
8.6545145e+01 -1.9687935e+02      
8.4809366e+01 -1.9643335e+02      
8.3048594e+01 -1.9591692e+02      
8.1265920e+01 -1.9535845e+02      
