3.8970837e+01 2.3515369e+02      
3.9150203e+01 2.3457579e+02      
3.9838835e+01 2.3408243e+02      
4.1026314e+01 2.3370084e+02      
4.2666734e+01 2.3343592e+02      
4.4645216e+01 2.3324272e+02      
4.6740610e+01 2.3298611e+02      
4.8561489e+01 2.3232912e+02      
4.9678568e+01 2.3083580e+02      
5.0483637e+01 2.2902914e+02      
5.1319961e+01 2.2732981e+02      
5.2326614e+01 2.2595981e+02      
5.3482515e+01 2.2506237e+02      
5.4734888e+01 2.2476167e+02      
5.6212035e+01 2.2525228e+02      
5.8028860e+01 2.2660821e+02      
5.9144630e+01 2.2706213e+02      
5.9561576e+01 2.2649059e+02      
5.9421482e+01 2.2491031e+02      
5.9924745e+01 2.2398444e+02      
6.7790366e+01 2.2695642e+02      
6.8142827e+01 2.2647992e+02      
6.9068380e+01 2.2609819e+02      
7.0595624e+01 2.2586880e+02      
7.2729815e+01 2.2584105e+02      
7.5393015e+01 2.2601693e+02      
7.8312495e+01 2.2625787e+02      
8.0854870e+01 2.2606140e+02      
8.1504224e+01 2.2365657e+02      
8.1757478e+01 2.2091952e+02      
8.2231871e+01 2.1843646e+02      
8.3143432e+01 2.1643913e+02      
8.4316144e+01 2.1503359e+02      
8.5309237e+01 2.1429799e+02      
8.6416494e+01 2.1442202e+02      
8.7875791e+01 2.1544034e+02      
8.8550393e+01 2.1564637e+02      
8.8484368e+01 2.1487842e+02      
8.7818093e+01 2.1315186e+02      
8.7867097e+01 2.1203184e+02      
9.4998378e+01 2.1513443e+02      
9.5487842e+01 2.1471384e+02      
9.6604446e+01 2.1439084e+02      
9.8431724e+01 2.1426144e+02      
1.0108949e+02 2.1445958e+02      
1.0460608e+02 2.1507749e+02      
1.0855507e+02 2.1588478e+02      
1.1112796e+02 2.1522192e+02      
1.1196578e+02 2.1277245e+02      
1.1142525e+02 2.0899155e+02      
1.1136171e+02 2.0559601e+02      
1.1225787e+02 2.0289885e+02      
1.1389015e+02 2.0093489e+02      
1.1438702e+02 1.9961481e+02      
1.1471683e+02 1.9904888e+02      
1.1501766e+02 1.9898876e+02      
1.1494994e+02 1.9878646e+02      
1.1449694e+02 1.9815000e+02      
1.1392625e+02 1.9716368e+02      
1.1374840e+02 1.9629400e+02      
1.2013987e+02 1.9989042e+02      
1.2070360e+02 1.9946356e+02      
1.2191330e+02 1.9911164e+02      
1.2388769e+02 1.9894938e+02      
1.2687815e+02 1.9919439e+02      
1.3120248e+02 2.0011352e+02      
1.3516908e+02 2.0039977e+02      
1.3777826e+02 1.9934268e+02      
1.3870873e+02 1.9675916e+02      
1.3831627e+02 1.9296057e+02      
1.3766479e+02 1.8874789e+02      
1.3859404e+02 1.8542471e+02      
1.4059003e+02 1.8284497e+02      
1.4144315e+02 1.8100638e+02      
1.4106868e+02 1.7989031e+02      
1.4051704e+02 1.7926537e+02      
1.3960637e+02 1.7884789e+02      
1.3859079e+02 1.7837861e+02      
1.3772846e+02 1.7780763e+02      
1.3724378e+02 1.7722411e+02      
1.4281449e+02 1.8149470e+02      
1.4337573e+02 1.8099399e+02      
1.4455078e+02 1.8051170e+02      
1.4643385e+02 1.8013567e+02      
1.4916502e+02 1.7997947e+02      
1.5282278e+02 1.8007391e+02      
1.5705994e+02 1.8008794e+02      
1.5979956e+02 1.7876355e+02      
1.6059774e+02 1.7593752e+02      
1.5995357e+02 1.7189612e+02      
1.6005653e+02 1.6791251e+02      
1.6139338e+02 1.6434363e+02      
1.6370858e+02 1.6125894e+02      
1.6491766e+02 1.5897004e+02      
1.6489668e+02 1.5745421e+02      
1.6398123e+02 1.5657335e+02      
1.6210962e+02 1.5618365e+02      
1.6035233e+02 1.5592257e+02      
1.5895973e+02 1.5563971e+02      
1.5803450e+02 1.5530639e+02      
1.6268784e+02 1.6028306e+02      
1.6317617e+02 1.5965111e+02      
1.6420782e+02 1.5896039e+02      
1.6582798e+02 1.5825858e+02      
1.6806784e+02 1.5757463e+02      
1.7089241e+02 1.5686957e+02      
1.7408166e+02 1.5595439e+02      
1.7697238e+02 1.5440316e+02      
1.7747348e+02 1.5132309e+02      
1.7775637e+02 1.4767678e+02      
1.7859114e+02 1.4391887e+02      
1.8033317e+02 1.4024714e+02      
1.8284911e+02 1.3680009e+02      
1.8423858e+02 1.3419681e+02      
1.8437634e+02 1.3245577e+02      
1.8345526e+02 1.3145024e+02      
1.8161595e+02 1.3104147e+02      
1.7916951e+02 1.3106043e+02      
1.7722776e+02 1.3105778e+02      
1.7575925e+02 1.3100304e+02      
1.7949291e+02 1.3664704e+02      
1.7985863e+02 1.3584589e+02      
1.8068350e+02 1.3490770e+02      
1.8197507e+02 1.3385370e+02      
1.8371014e+02 1.3268039e+02      
1.8580025e+02 1.3133444e+02      
1.8804409e+02 1.2968863e+02      
1.9000662e+02 1.2751485e+02      
1.9115698e+02 1.2458247e+02      
1.9210608e+02 1.2117248e+02      
1.9338411e+02 1.1754059e+02      
1.9531388e+02 1.1380717e+02      
1.9782135e+02 1.1013131e+02      
1.9916864e+02 1.0737777e+02      
1.9925861e+02 1.0558591e+02      
1.9830800e+02 1.0460190e+02      
1.9652510e+02 1.0425917e+02      
1.9423428e+02 1.0435541e+02      
1.9203910e+02 1.0456016e+02      
1.8996142e+02 1.0483975e+02      
1.9302458e+02 1.1101986e+02      
1.9324101e+02 1.1003073e+02      
1.9383563e+02 1.0883619e+02      
1.9479558e+02 1.0744571e+02      
1.9607833e+02 1.0585002e+02      
1.9759412e+02 1.0401107e+02      
1.9918988e+02 1.0185746e+02      
2.0066015e+02 9.9299462e+01      
2.0189760e+02 9.6302419e+01      
2.0307171e+02 9.2957159e+01      
2.0446085e+02 8.9386743e+01      
2.0631444e+02 8.5650235e+01      
2.0856425e+02 8.1900821e+01      
2.0964456e+02 7.9187886e+01      
2.0949009e+02 7.7541329e+01      
2.0832855e+02 7.6772984e+01      
2.0647402e+02 7.6603541e+01      
2.0402259e+02 7.6962997e+01      
2.0190805e+02 7.7229958e+01      
2.0015469e+02 7.7404272e+01      
2.0313339e+02 8.3862909e+01      
2.0319179e+02 8.2681220e+01      
2.0355746e+02 8.1238290e+01      
2.0421004e+02 7.9540664e+01      
2.0510659e+02 7.7584631e+01      
2.0617606e+02 7.5354531e+01      
2.0732198e+02 7.2826845e+01      
2.0844875e+02 6.9985847e+01      
2.0952158e+02 6.6850765e+01      
2.1060789e+02 6.3486509e+01      
2.1184136e+02 5.9969122e+01      
2.1337334e+02 5.6327553e+01      
2.1510819e+02 5.2715674e+01      
2.1568107e+02 5.0298871e+01      
2.1515165e+02 4.8954371e+01      
2.1358978e+02 4.8602112e+01      
2.1180072e+02 4.8514341e+01      
2.0984492e+02 4.8667364e+01      
2.0803202e+02 4.8863209e+01      
2.0652427e+02 4.8992629e+01      
2.0972164e+02 5.5654875e+01      
2.0962463e+02 5.4285406e+01      
2.0977471e+02 5.2609723e+01      
2.1015132e+02 5.0635063e+01      
2.1071845e+02 4.8365712e+01      
2.1142459e+02 4.5805589e+01      
2.1220927e+02 4.2964702e+01      
2.1301976e+02 3.9869720e+01      
2.1383422e+02 3.6574240e+01      
2.1467244e+02 3.3158248e+01      
2.1558063e+02 2.9709897e+01      
2.1660834e+02 2.6288899e+01      
2.1761394e+02 2.3072811e+01      
2.1744026e+02 2.1274135e+01      
2.1666386e+02 2.0163023e+01      
2.1534898e+02 1.9666467e+01      
2.1377944e+02 1.9531842e+01      
2.1213546e+02 1.9610799e+01      
2.1057253e+02 1.9786223e+01      
2.0922033e+02 1.9950665e+01      
2.1274216e+02 2.6883316e+01      
2.1249839e+02 2.5337150e+01      
2.1245053e+02 2.3447955e+01      
2.1258106e+02 2.1223554e+01      
2.1286209e+02 1.8673868e+01      
2.1325689e+02 1.5816021e+01      
2.1372498e+02 1.2682260e+01      
2.1423059e+02 9.3289001e+00      
2.1475096e+02 5.8420206e+00      
2.1527658e+02 2.3349278e+00      
2.1579644e+02 -1.0614376e+00      
2.1625933e+02 -4.1933972e+00      
2.1645461e+02 -6.7788373e+00      
2.1603864e+02 -8.4513374e+00      
2.1513745e+02 -9.4214647e+00      
2.1389936e+02 -9.8819042e+00      
2.1246871e+02 -9.9805092e+00      
2.1098618e+02 -9.8471838e+00      
2.0956984e+02 -9.5889520e+00      
2.0831313e+02 -9.3068156e+00      
2.1219853e+02 -1.9627082e+00      
2.1181923e+02 -3.6692255e+00      
2.1159154e+02 -5.7495149e+00      
2.1150197e+02 -8.1975866e+00      
2.1152990e+02 -1.1003062e+01      
2.1164904e+02 -1.4144045e+01      
2.1183041e+02 -1.7576245e+01      
2.1204611e+02 -2.1221256e+01      
2.1227131e+02 -2.4959576e+01      
2.1248142e+02 -2.8633757e+01      
2.1264178e+02 -3.2067306e+01      
2.1268284e+02 -3.5074944e+01      
2.1243159e+02 -3.7381040e+01      
2.1166216e+02 -3.8676092e+01      
2.1056264e+02 -3.9375062e+01      
2.0925930e+02 -3.9627727e+01      
2.0785109e+02 -3.9563071e+01      
2.0643482e+02 -3.9273839e+01      
2.0509309e+02 -3.8835455e+01      
2.0388879e+02 -3.8345146e+01      
2.0814537e+02 -3.0399861e+01      
2.0764247e+02 -3.2244803e+01      
2.0725202e+02 -3.4488742e+01      
2.0696459e+02 -3.7131011e+01      
2.0676569e+02 -4.0167923e+01      
2.0663686e+02 -4.3584469e+01      
2.0655700e+02 -4.7337851e+01      
2.0650363e+02 -5.1336348e+01      
2.0645311e+02 -5.5427701e+01      
2.0637526e+02 -5.9390672e+01      
2.0623508e+02 -6.2985835e+01      
2.0598631e+02 -6.6018442e+01      
2.0550658e+02 -6.8234738e+01      
2.0420938e+02 -6.8723209e+01      
2.0285888e+02 -6.9105972e+01      
2.0141596e+02 -6.9041837e+01      
1.9995709e+02 -6.8743913e+01      
1.9854548e+02 -6.8234418e+01      
1.9723662e+02 -6.7522226e+01      
1.9606335e+02 -6.6719913e+01      
2.0068821e+02 -5.7958238e+01      
2.0007344e+02 -5.9913323e+01      
1.9953587e+02 -6.2285655e+01      
1.9906976e+02 -6.5082808e+01      
1.9866585e+02 -6.8315426e+01      
1.9831233e+02 -7.1992107e+01      
1.9799509e+02 -7.6097132e+01      
1.9769621e+02 -8.0536842e+01      
1.9739939e+02 -8.5137002e+01      
1.9707612e+02 -8.9607749e+01      
1.9665541e+02 -9.3408510e+01      
1.9612415e+02 -9.6393497e+01      
1.9492757e+02 -9.7136850e+01      
1.9349010e+02 -9.7483207e+01      
1.9196616e+02 -9.7622661e+01      
1.9040349e+02 -9.7498890e+01      
1.8885774e+02 -9.7038048e+01      
1.8741308e+02 -9.6350698e+01      
1.8612713e+02 -9.5233579e+01      
1.8499072e+02 -9.3978462e+01      
1.8998250e+02 -8.4189699e+01      
1.8926704e+02 -8.6220124e+01      
1.8859668e+02 -8.8675825e+01      
1.8796871e+02 -9.1572510e+01      
1.8737805e+02 -9.4938336e+01      
1.8681906e+02 -9.8822577e+01      
1.8628755e+02 -1.0329952e+02      
1.8576799e+02 -1.0831543e+02      
1.8522929e+02 -1.1350202e+02      
1.8470635e+02 -1.1878768e+02      
1.8392243e+02 -1.2252126e+02      
1.8285734e+02 -1.2443125e+02      
1.8134441e+02 -1.2425857e+02      
1.7973383e+02 -1.2412761e+02      
1.7806108e+02 -1.2412790e+02      
1.7635374e+02 -1.2408407e+02      
1.7468507e+02 -1.2386592e+02      
1.7317136e+02 -1.2326084e+02      
1.7193069e+02 -1.2151703e+02      
1.7087070e+02 -1.1964450e+02      
1.7623154e+02 -1.0867644e+02      
1.7542611e+02 -1.1074233e+02      
1.7463641e+02 -1.1322773e+02      
1.7386185e+02 -1.1615154e+02      
1.7309986e+02 -1.1955042e+02      
1.7234817e+02 -1.2350018e+02      
1.7161298e+02 -1.2819455e+02      
1.7090299e+02 -1.3390200e+02      
1.7004733e+02 -1.3930858e+02      
1.6905967e+02 -1.4430663e+02      
1.6789860e+02 -1.4781546e+02      
1.6655367e+02 -1.4916039e+02      
1.6499358e+02 -1.4834004e+02      
1.6327817e+02 -1.4796372e+02      
1.6145739e+02 -1.4795695e+02      
1.5956758e+02 -1.4811763e+02      
1.5771529e+02 -1.4821865e+02      
1.5613526e+02 -1.4747263e+02      
1.5489096e+02 -1.4571560e+02      
1.5396743e+02 -1.4317602e+02      
1.5968356e+02 -1.3103892e+02      
1.5879858e+02 -1.3309866e+02      
1.5790273e+02 -1.3555693e+02      
1.5699671e+02 -1.3842803e+02      
1.5607859e+02 -1.4173928e+02      
1.5514426e+02 -1.4554104e+02      
1.5418638e+02 -1.4991330e+02      
1.5317378e+02 -1.5481774e+02      
1.5201982e+02 -1.5992165e+02      
1.5066415e+02 -1.6520484e+02      
1.4917822e+02 -1.6883594e+02      
1.4767589e+02 -1.7011077e+02      
1.4619030e+02 -1.6907041e+02      
1.4449630e+02 -1.6845647e+02      
1.4256208e+02 -1.6851714e+02      
1.4047390e+02 -1.6892100e+02      
1.3849417e+02 -1.6895630e+02      
1.3683200e+02 -1.6816359e+02      
1.3557412e+02 -1.6640525e+02      
1.3467212e+02 -1.6387167e+02      
1.4062775e+02 -1.5094216e+02      
1.3967359e+02 -1.5295672e+02      
1.3868510e+02 -1.5533566e+02      
1.3766392e+02 -1.5808311e+02      
1.3660831e+02 -1.6120672e+02      
1.3551211e+02 -1.6471488e+02      
1.3436126e+02 -1.6859840e+02      
1.3312575e+02 -1.7278460e+02      
1.3175637e+02 -1.7715113e+02      
1.3019358e+02 -1.8154466e+02      
1.2840409e+02 -1.8549741e+02      
1.2673926e+02 -1.8708989e+02      
1.2532629e+02 -1.8621565e+02      
1.2368730e+02 -1.8556947e+02      
1.2180799e+02 -1.8540578e+02      
1.1974982e+02 -1.8552008e+02      
1.1757479e+02 -1.8570210e+02      
1.1579734e+02 -1.8496384e+02      
1.1455592e+02 -1.8314058e+02      
1.1373768e+02 -1.8046531e+02      
1.1938956e+02 -1.6809978e+02      
1.1837656e+02 -1.7003626e+02      
1.1730935e+02 -1.7229439e+02      
1.1619074e+02 -1.7486693e+02      
1.1501999e+02 -1.7774302e+02      
1.1379182e+02 -1.8090227e+02      
1.1249454e+02 -1.8430228e+02      
1.1110801e+02 -1.8786344e+02      
1.0960436e+02 -1.9146549e+02      
1.0795290e+02 -1.9494143e+02      
1.0613977e+02 -1.9800768e+02      
1.0425021e+02 -2.0008481e+02      
1.0280062e+02 -1.9971641e+02      
1.0116317e+02 -1.9927217e+02      
9.9335552e+01 -1.9900530e+02      
9.7380755e+01 -1.9881109e+02      
9.5362834e+01 -1.9854910e+02      
9.3450867e+01 -1.9790025e+02      
9.2260070e+01 -1.9598429e+02      
9.1195875e+01 -1.9374495e+02      
9.6325355e+01 -1.8227600e+02      
9.5263628e+01 -1.8410950e+02      
9.4131706e+01 -1.8621809e+02      
9.2933912e+01 -1.8858505e+02      
9.1671450e+01 -1.9118642e+02      
9.0341914e+01 -1.9398601e+02      
8.8938825e+01 -1.9692784e+02      
8.7451913e+01 -1.9992825e+02      
8.5869563e+01 -2.0286957e+02      
8.4185174e+01 -2.0559109e+02      
8.2410318e+01 -2.0787344e+02      
8.0620406e+01 -2.0937198e+02      
7.8938445e+01 -2.0976300e+02      
7.7221847e+01 -2.0965902e+02      
7.5418717e+01 -2.0938912e+02      
7.3559351e+01 -2.0898353e+02      
7.1703694e+01 -2.0837160e+02      
6.9977175e+01 -2.0737488e+02      
6.8544828e+01 -2.0578217e+02      
6.7257204e+01 -2.0387276e+02      
