2.6430770e+01 2.4273841e+02      
2.5470205e+01 2.4103480e+02      
2.5097920e+01 2.3929663e+02      
2.5319396e+01 2.3757382e+02      
2.6124183e+01 2.3592028e+02      
2.7473081e+01 2.3439335e+02      
2.9272969e+01 2.3305042e+02      
3.1334157e+01 2.3193928e+02      
3.3316221e+01 2.3107588e+02      
3.4591864e+01 2.3036229e+02      
3.4440787e+01 2.2959649e+02      
3.3610315e+01 2.2900374e+02      
3.2730683e+01 2.2870498e+02      
3.2113632e+01 2.2870940e+02      
3.1898583e+01 2.2899590e+02      
3.2128844e+01 2.2953345e+02      
3.2818313e+01 2.3029122e+02      
3.3988461e+01 2.3124130e+02      
3.5673871e+01 2.3235357e+02      
3.7912214e+01 2.3358846e+02      
5.4330387e+01 2.3359206e+02      
5.3524791e+01 2.3179250e+02      
5.3359390e+01 2.2992082e+02      
5.3861135e+01 2.2803027e+02      
5.5050413e+01 2.2618152e+02      
5.6932651e+01 2.2444534e+02      
5.9471786e+01 2.2290328e+02      
6.2521632e+01 2.2164281e+02      
6.5676566e+01 2.2072875e+02      
6.7965778e+01 2.2007237e+02      
6.6698092e+01 2.1880252e+02      
6.4636588e+01 2.1781636e+02      
6.2766055e+01 2.1722226e+02      
6.1440027e+01 2.1698458e+02      
6.0706352e+01 2.1704936e+02      
6.0498994e+01 2.1736449e+02      
6.0759282e+01 2.1789093e+02      
6.1489625e+01 2.1860920e+02      
6.2735681e+01 2.1950180e+02      
6.4549632e+01 2.2053396e+02      
8.0763349e+01 2.2087726e+02      
8.0095080e+01 2.1896240e+02      
8.0111816e+01 2.1693404e+02      
8.0864431e+01 2.1484560e+02      
8.2410617e+01 2.1276050e+02      
8.4820605e+01 2.1076035e+02      
8.8188773e+01 2.0895440e+02      
9.2483369e+01 2.0747625e+02      
9.7061011e+01 2.0642409e+02      
9.9031885e+01 2.0532703e+02      
9.7884420e+01 2.0405967e+02      
9.4306697e+01 2.0277680e+02      
9.1225490e+01 2.0195358e+02      
8.9186990e+01 2.0153135e+02      
8.8033632e+01 2.0142751e+02      
8.7460049e+01 2.0155647e+02      
8.7279318e+01 2.0185851e+02      
8.7505762e+01 2.0234741e+02      
8.8237802e+01 2.0304066e+02      
8.9558989e+01 2.0391046e+02      
1.0528428e+02 2.0483576e+02      
1.0471804e+02 2.0278840e+02      
1.0486622e+02 2.0058283e+02      
1.0580094e+02 1.9826761e+02      
1.0761236e+02 1.9589961e+02      
1.1041693e+02 1.9355846e+02      
1.1443062e+02 1.9137674e+02      
1.1989898e+02 1.8951862e+02      
1.2415132e+02 1.8787841e+02      
1.2580572e+02 1.8642869e+02      
1.2460096e+02 1.8513560e+02      
1.2117374e+02 1.8400356e+02      
1.1703109e+02 1.8309809e+02      
1.1464194e+02 1.8257644e+02      
1.1340862e+02 1.8239290e+02      
1.1269568e+02 1.8241425e+02      
1.1202362e+02 1.8244866e+02      
1.1163146e+02 1.8267748e+02      
1.1175304e+02 1.8319057e+02      
1.1251051e+02 1.8395266e+02      
1.2749089e+02 1.8576258e+02      
1.2697670e+02 1.8357016e+02      
1.2718308e+02 1.8117442e+02      
1.2819619e+02 1.7861439e+02      
1.3013154e+02 1.7592682e+02      
1.3313218e+02 1.7315540e+02      
1.3718920e+02 1.7042390e+02      
1.4176025e+02 1.6797424e+02      
1.4604525e+02 1.6583307e+02      
1.4735907e+02 1.6414928e+02      
1.4573918e+02 1.6285219e+02      
1.4199522e+02 1.6182359e+02      
1.3897682e+02 1.6094913e+02      
1.3720635e+02 1.6039595e+02      
1.3643075e+02 1.6022103e+02      
1.3601838e+02 1.6029934e+02      
1.3465744e+02 1.5990566e+02      
1.3346955e+02 1.5982313e+02      
1.3285819e+02 1.6018969e+02      
1.3298587e+02 1.6093043e+02      
1.4703472e+02 1.6399936e+02      
1.4651435e+02 1.6165535e+02      
1.4669172e+02 1.5906815e+02      
1.4765376e+02 1.5626781e+02      
1.4952850e+02 1.5326632e+02      
1.5254335e+02 1.5003229e+02      
1.5679795e+02 1.4657833e+02      
1.6043167e+02 1.4360654e+02      
1.6300071e+02 1.4120235e+02      
1.6362638e+02 1.3942974e+02      
1.6143671e+02 1.3814705e+02      
1.5903943e+02 1.3692206e+02      
1.5730113e+02 1.3590770e+02      
1.5655490e+02 1.3527439e+02      
1.5658733e+02 1.3506799e+02      
1.5604900e+02 1.3477371e+02      
1.5463790e+02 1.3432052e+02      
1.5256664e+02 1.3395565e+02      
1.5111213e+02 1.3427525e+02      
1.5057227e+02 1.3514778e+02      
1.6362901e+02 1.3992621e+02      
1.6304533e+02 1.3742895e+02      
1.6310724e+02 1.3465968e+02      
1.6388278e+02 1.3164794e+02      
1.6546630e+02 1.2840097e+02      
1.6802384e+02 1.2487089e+02      
1.7155893e+02 1.2103548e+02      
1.7421854e+02 1.1772335e+02      
1.7561044e+02 1.1504248e+02      
1.7523123e+02 1.1311806e+02      
1.7405776e+02 1.1130831e+02      
1.7279538e+02 1.0964991e+02      
1.7204084e+02 1.0831379e+02      
1.7225777e+02 1.0745941e+02      
1.7238750e+02 1.0676912e+02      
1.7183339e+02 1.0607711e+02      
1.7041015e+02 1.0541894e+02      
1.6828103e+02 1.0511528e+02      
1.6598698e+02 1.0566941e+02      
1.6486655e+02 1.0696217e+02      
1.7705229e+02 1.1395337e+02      
1.7635931e+02 1.1130203e+02      
1.7623898e+02 1.0836311e+02      
1.7672716e+02 1.0517624e+02      
1.7785032e+02 1.0176786e+02      
1.7959236e+02 9.8157248e+01      
1.8168678e+02 9.4451692e+01      
1.8340999e+02 9.0960169e+01      
1.8434003e+02 8.7839096e+01      
1.8437491e+02 8.5102405e+01      
1.8391724e+02 8.2587423e+01      
1.8334006e+02 8.0329273e+01      
1.8295950e+02 7.8481320e+01      
1.8299623e+02 7.7109121e+01      
1.8338393e+02 7.6009566e+01      
1.8291511e+02 7.4880528e+01      
1.8142177e+02 7.3803699e+01      
1.7916227e+02 7.3226141e+01      
1.7690446e+02 7.4707805e+01      
1.7555266e+02 7.6851030e+01      
1.8714703e+02 8.6514213e+01      
1.8631656e+02 8.3703040e+01      
1.8597946e+02 8.0600138e+01      
1.8614280e+02 7.7262023e+01      
1.8678441e+02 7.3734561e+01      
1.8781700e+02 7.0061134e+01      
1.8902698e+02 6.6316665e+01      
1.9009868e+02 6.2611759e+01      
1.9079105e+02 5.9027608e+01      
1.9104661e+02 5.5591258e+01      
1.9098757e+02 5.2321210e+01      
1.9078431e+02 4.9325044e+01      
1.9050759e+02 4.6859583e+01      
1.9009828e+02 4.5178248e+01      
1.8976215e+02 4.3766828e+01      
1.8932976e+02 4.2188038e+01      
1.8763809e+02 4.0639795e+01      
1.8570001e+02 4.0571736e+01      
1.8389129e+02 4.2304358e+01      
1.8249268e+02 4.5516436e+01      
1.9381482e+02 5.8060305e+01      
1.9283704e+02 5.5072642e+01      
1.9227942e+02 5.1796723e+01      
1.9213215e+02 4.8315069e+01      
1.9235674e+02 4.4687767e+01      
1.9287181e+02 4.0940156e+01      
1.9354053e+02 3.7085754e+01      
1.9419530e+02 3.3143993e+01      
1.9470363e+02 2.9130240e+01      
1.9501866e+02 2.5056036e+01      
1.9517501e+02 2.0974905e+01      
1.9522178e+02 1.7075373e+01      
1.9507473e+02 1.3806839e+01      
1.9399800e+02 1.2318522e+01      
1.9283760e+02 1.1096548e+01      
1.9162635e+02 9.3404328e+00      
1.8999176e+02 8.2698433e+00      
1.8827440e+02 8.6110510e+00      
1.8676920e+02 1.0614170e+01      
1.8564098e+02 1.4012912e+01      
1.9701074e+02 2.9059650e+01      
1.9588983e+02 2.5860900e+01      
1.9512895e+02 2.2376614e+01      
1.9470948e+02 1.8742924e+01      
1.9459117e+02 1.5053655e+01      
1.9472065e+02 1.1281348e+01      
1.9501810e+02 7.3552335e+00      
1.9538705e+02 3.2224427e+00      
1.9574937e+02 -1.1609022e+00      
1.9607436e+02 -5.8489774e+00      
1.9636238e+02 -1.0818088e+01      
1.9654811e+02 -1.5700026e+01      
1.9601326e+02 -1.9050883e+01      
1.9468754e+02 -2.0667475e+01      
1.9279448e+02 -2.0991632e+01      
1.9091539e+02 -2.1560814e+01      
1.8902892e+02 -2.2387141e+01      
1.8731034e+02 -2.1821934e+01      
1.8595508e+02 -1.9462837e+01      
1.8500470e+02 -1.5622844e+01      
1.9673889e+02 -9.4109909e-05      
1.9548587e+02 -3.4687096e+00      
1.9455174e+02 -7.2507599e+00      
1.9391159e+02 -1.1101557e+01      
1.9349935e+02 -1.4738220e+01      
1.9332340e+02 -1.8397629e+01      
1.9334784e+02 -2.2283535e+01      
1.9350845e+02 -2.6502834e+01      
1.9375028e+02 -3.1130553e+01      
1.9405338e+02 -3.6290831e+01      
1.9440341e+02 -4.2114209e+01      
1.9424386e+02 -4.7125836e+01      
1.9331669e+02 -5.0466814e+01      
1.9167501e+02 -5.1961047e+01      
1.8953683e+02 -5.1981316e+01      
1.8719630e+02 -5.1315374e+01      
1.8506784e+02 -5.1092682e+01      
1.8318625e+02 -5.0491105e+01      
1.8190368e+02 -4.7777943e+01      
1.8098418e+02 -4.4429197e+01      
1.9305040e+02 -2.8601363e+01      
1.9167272e+02 -3.2418204e+01      
1.9058994e+02 -3.6639037e+01      
1.8979726e+02 -4.0900087e+01      
1.8909588e+02 -4.4219489e+01      
1.8867046e+02 -4.7549146e+01      
1.8849013e+02 -5.1231756e+01      
1.8849777e+02 -5.5406332e+01      
1.8864422e+02 -6.0116925e+01      
1.8887203e+02 -6.5360451e+01      
1.8903661e+02 -7.1000163e+01      
1.8873238e+02 -7.6437429e+01      
1.8735077e+02 -7.9727778e+01      
1.8525719e+02 -8.0804250e+01      
1.8277147e+02 -8.0230758e+01      
1.8028195e+02 -7.9601145e+01      
1.7801224e+02 -7.8970888e+01      
1.7609814e+02 -7.7816317e+01      
1.7466996e+02 -7.5542666e+01      
1.7369484e+02 -7.2521733e+01      
1.8604630e+02 -5.6182037e+01      
1.8453468e+02 -6.0403806e+01      
1.8328587e+02 -6.5124483e+01      
1.8223954e+02 -6.9300811e+01      
1.8139155e+02 -7.2708176e+01      
1.8079239e+02 -7.5549650e+01      
1.8047071e+02 -7.8867938e+01      
1.8037127e+02 -8.2893797e+01      
1.8046892e+02 -8.7613634e+01      
1.8071840e+02 -9.2904207e+01      
1.8095385e+02 -9.8469956e+01      
1.8070676e+02 -1.0361451e+02      
1.7858675e+02 -1.0663073e+02      
1.7587634e+02 -1.0701964e+02      
1.7301627e+02 -1.0679292e+02      
1.7027101e+02 -1.0651264e+02      
1.6781333e+02 -1.0604978e+02      
1.6577752e+02 -1.0492207e+02      
1.6424680e+02 -1.0279551e+02      
1.6322793e+02 -9.9758789e+01      
1.7588975e+02 -8.2091219e+01      
1.7421937e+02 -8.6649827e+01      
1.7272744e+02 -9.1235221e+01      
1.7146831e+02 -9.5315221e+01      
1.7048614e+02 -9.8711699e+01      
1.6979971e+02 -1.0159224e+02      
1.6939173e+02 -1.0449247e+02      
1.6919578e+02 -1.0837268e+02      
1.6927675e+02 -1.1313396e+02      
1.6966044e+02 -1.1862456e+02      
1.7011999e+02 -1.2437631e+02      
1.6939426e+02 -1.2882398e+02      
1.6718733e+02 -1.3130001e+02      
1.6378281e+02 -1.3161428e+02      
1.6039679e+02 -1.3158897e+02      
1.5728071e+02 -1.3185502e+02      
1.5453568e+02 -1.3215179e+02      
1.5231855e+02 -1.3145867e+02      
1.5071190e+02 -1.2937900e+02      
1.4971282e+02 -1.2596290e+02      
1.6281064e+02 -1.0566657e+02      
1.6101932e+02 -1.0976766e+02      
1.5930924e+02 -1.1434495e+02      
1.5786083e+02 -1.1836055e+02      
1.5677196e+02 -1.2159667e+02      
1.5602371e+02 -1.2426136e+02      
1.5544078e+02 -1.2740356e+02      
1.5507214e+02 -1.3129267e+02      
1.5504947e+02 -1.3605361e+02      
1.5552852e+02 -1.4180173e+02      
1.5551806e+02 -1.4714257e+02      
1.5445216e+02 -1.5114504e+02      
1.5214828e+02 -1.5335936e+02      
1.4879193e+02 -1.5394810e+02      
1.4493109e+02 -1.5386816e+02      
1.4147047e+02 -1.5484812e+02      
1.3834057e+02 -1.5674246e+02      
1.3591471e+02 -1.5671583e+02      
1.3425946e+02 -1.5466576e+02      
1.3336066e+02 -1.5065010e+02      
1.4706586e+02 -1.2681216e+02      
1.4521698e+02 -1.3038943e+02      
1.4344578e+02 -1.3432772e+02      
1.4181088e+02 -1.3826810e+02      
1.4064373e+02 -1.4124418e+02      
1.3966063e+02 -1.4420642e+02      
1.3883109e+02 -1.4750847e+02      
1.3818563e+02 -1.5131409e+02      
1.3777621e+02 -1.5571447e+02      
1.3759021e+02 -1.6070532e+02      
1.3734975e+02 -1.6593971e+02      
1.3609580e+02 -1.6972681e+02      
1.3366730e+02 -1.7161477e+02      
1.3023792e+02 -1.7195643e+02      
1.2669065e+02 -1.7256187e+02      
1.2320912e+02 -1.7410929e+02      
1.1981791e+02 -1.7661132e+02      
1.1726097e+02 -1.7692252e+02      
1.1558616e+02 -1.7493332e+02      
1.1478058e+02 -1.7071343e+02      
1.2892872e+02 -1.4543159e+02      
1.2705098e+02 -1.4854317e+02      
1.2525580e+02 -1.5190572e+02      
1.2360434e+02 -1.5528080e+02      
1.2218955e+02 -1.5839457e+02      
1.2094946e+02 -1.6148922e+02      
1.1984843e+02 -1.6477349e+02      
1.1888098e+02 -1.6834954e+02      
1.1803335e+02 -1.7224696e+02      
1.1724286e+02 -1.7640463e+02      
1.1633765e+02 -1.8059911e+02      
1.1497297e+02 -1.8425761e+02      
1.1245444e+02 -1.8569347e+02      
1.0946583e+02 -1.8657834e+02      
1.0630561e+02 -1.8756332e+02      
1.0305542e+02 -1.8909607e+02      
9.9736403e+01 -1.9124886e+02      
9.7236251e+01 -1.9139962e+02      
9.5570668e+01 -1.8949895e+02      
9.4736567e+01 -1.8562044e+02      
1.0870013e+02 -1.6136243e+02      
1.0679942e+02 -1.6408827e+02      
1.0496791e+02 -1.6701733e+02      
1.0324320e+02 -1.7001930e+02      
1.0165360e+02 -1.7300808e+02      
1.0019234e+02 -1.7602035e+02      
9.8838996e+01 -1.7913391e+02      
9.7571586e+01 -1.8239151e+02      
9.6353449e+01 -1.8577874e+02      
9.5112640e+01 -1.8920449e+02      
9.3724003e+01 -1.9247381e+02      
9.1989726e+01 -1.9520219e+02      
8.9713575e+01 -1.9693023e+02      
8.7086677e+01 -1.9809678e+02      
8.4295508e+01 -1.9908276e+02      
8.1459454e+01 -2.0006053e+02      
7.8749890e+01 -2.0079274e+02      
7.6512350e+01 -2.0041041e+02      
7.4878387e+01 -1.9861264e+02      
7.3855333e+01 -1.9546314e+02      
8.6716447e+01 -1.7443195e+02      
8.4793867e+01 -1.7683376e+02      
8.2915900e+01 -1.7942189e+02      
8.1107230e+01 -1.8211793e+02      
7.9383640e+01 -1.8486882e+02      
7.7745588e+01 -1.8766369e+02      
7.6180693e+01 -1.9051232e+02      
7.4666275e+01 -1.9341129e+02      
7.3165127e+01 -1.9632100e+02      
7.1618393e+01 -1.9915065e+02      
6.9942771e+01 -2.0174871e+02      
6.8043359e+01 -2.0391530e+02      
6.5871913e+01 -2.0552152e+02      
6.3486615e+01 -2.0664565e+02      
6.0997346e+01 -2.0742334e+02      
5.8522958e+01 -2.0788549e+02      
5.6207235e+01 -2.0787035e+02      
5.4208707e+01 -2.0708416e+02      
5.2624749e+01 -2.0536089e+02      
5.1468106e+01 -2.0275847e+02      
