1.3262144e+01 2.3447846e+02      
1.2607134e+01 2.3083764e+02      
1.2636613e+01 2.2713807e+02      
1.3290441e+01 2.2344997e+02      
1.4440435e+01 2.1985775e+02      
1.5840783e+01 2.1647424e+02      
1.7183688e+01 2.1343993e+02      
1.8311964e+01 2.1089101e+02      
1.9279965e+01 2.0893705e+02      
2.0263230e+01 2.0768074e+02      
2.1073844e+01 2.0715530e+02      
1.9435884e+01 2.0666421e+02      
1.7786866e+01 2.0690137e+02      
1.6559992e+01 2.0782155e+02      
1.5868101e+01 2.0931090e+02      
1.5783648e+01 2.1128015e+02      
1.6340076e+01 2.1364818e+02      
1.7552006e+01 2.1633602e+02      
1.9426546e+01 2.1926284e+02      
2.1968773e+01 2.2234391e+02      
4.1935898e+01 2.2427786e+02      
4.1692600e+01 2.2042431e+02      
4.2246404e+01 2.1645331e+02      
4.3573107e+01 2.1242536e+02      
4.5597004e+01 2.0840761e+02      
4.7989229e+01 2.0452067e+02      
4.9972699e+01 2.0098426e+02      
5.1339895e+01 1.9799072e+02      
5.2312844e+01 1.9566637e+02      
5.3435547e+01 1.9406269e+02      
5.4110452e+01 1.9319072e+02      
5.1870293e+01 1.9263108e+02      
4.9250545e+01 1.9281201e+02      
4.7159862e+01 1.9369654e+02      
4.5790821e+01 1.9516098e+02      
4.5150239e+01 1.9710526e+02      
4.5222397e+01 1.9944513e+02      
4.5988077e+01 2.0210184e+02      
4.7432921e+01 2.0499413e+02      
4.9550743e+01 2.0803458e+02      
6.9152376e+01 2.1071176e+02      
6.9320235e+01 2.0664727e+02      
7.0411536e+01 2.0240734e+02      
7.2451689e+01 1.9804134e+02      
7.5487458e+01 1.9356612e+02      
7.9379353e+01 1.8902394e+02      
8.2001985e+01 1.8486917e+02      
8.3524989e+01 1.8134033e+02      
8.4064881e+01 1.7861153e+02      
8.5429088e+01 1.7655630e+02      
8.5344357e+01 1.7526088e+02      
8.3114377e+01 1.7471570e+02      
7.9266342e+01 1.7498028e+02      
7.6282834e+01 1.7593832e+02      
7.4261309e+01 1.7745313e+02      
7.3092462e+01 1.7942387e+02      
7.2699812e+01 1.8177582e+02      
7.3021996e+01 1.8443987e+02      
7.4020257e+01 1.8733920e+02      
7.5678688e+01 1.9038481e+02      
9.4388643e+01 1.9404800e+02      
9.4929214e+01 1.8978111e+02      
9.6522870e+01 1.8528735e+02      
9.9190754e+01 1.8061820e+02      
1.0287104e+02 1.7577002e+02      
1.0670135e+02 1.7054755e+02      
1.0939230e+02 1.6576385e+02      
1.1133096e+02 1.6158409e+02      
1.1275818e+02 1.5819548e+02      
1.1361822e+02 1.5560252e+02      
1.1316473e+02 1.5393717e+02      
1.1091789e+02 1.5328259e+02      
1.0684820e+02 1.5370552e+02      
1.0327176e+02 1.5485226e+02      
1.0070912e+02 1.5649290e+02      
9.9108893e+01 1.5852933e+02      
9.8320151e+01 1.6092302e+02      
9.8232382e+01 1.6362831e+02      
9.8783198e+01 1.6657797e+02      
9.9952989e+01 1.6968092e+02      
1.1715106e+02 1.7460177e+02      
1.1798306e+02 1.7014458e+02      
1.2000596e+02 1.6540935e+02      
1.2311122e+02 1.6045775e+02      
1.2633436e+02 1.5522510e+02      
1.2930183e+02 1.4980038e+02      
1.3153031e+02 1.4450230e+02      
1.3381856e+02 1.3958972e+02      
1.3617559e+02 1.3526983e+02      
1.3710170e+02 1.3209820e+02      
1.3667107e+02 1.3004041e+02      
1.3482701e+02 1.2912385e+02      
1.3158715e+02 1.2942536e+02      
1.2750423e+02 1.3087588e+02      
1.2460637e+02 1.3267061e+02      
1.2275878e+02 1.3477311e+02      
1.2169684e+02 1.3721419e+02      
1.2126182e+02 1.3998477e+02      
1.2137412e+02 1.4303001e+02      
1.2202236e+02 1.4625214e+02      
1.3699225e+02 1.5273124e+02      
1.3792822e+02 1.4810235e+02      
1.4021801e+02 1.4312621e+02      
1.4297976e+02 1.3783312e+02      
1.4572838e+02 1.3229017e+02      
1.4826631e+02 1.2657111e+02      
1.5062663e+02 1.2078793e+02      
1.5302751e+02 1.1518733e+02      
1.5480961e+02 1.1054445e+02      
1.5561547e+02 1.0698635e+02      
1.5538339e+02 1.0453844e+02      
1.5411064e+02 1.0324588e+02      
1.5172589e+02 1.0323157e+02      
1.4825560e+02 1.0460652e+02      
1.4552573e+02 1.0643551e+02      
1.4370060e+02 1.0854525e+02      
1.4253971e+02 1.1100164e+02      
1.4184188e+02 1.1384919e+02      
1.4152240e+02 1.1704170e+02      
1.4159529e+02 1.2046268e+02      
1.5358292e+02 1.2883032e+02      
1.5425148e+02 1.2406598e+02      
1.5594455e+02 1.1890024e+02      
1.5847325e+02 1.1334034e+02      
1.6084042e+02 1.0756680e+02      
1.6294992e+02 1.0164000e+02      
1.6514535e+02 9.5472601e+01      
1.6696560e+02 8.9879908e+01      
1.6826377e+02 8.5111465e+01      
1.6894143e+02 8.1283717e+01      
1.6897103e+02 7.8460981e+01      
1.6837176e+02 7.6694225e+01      
1.6715497e+02 7.6050038e+01      
1.6534821e+02 7.6602930e+01      
1.6317350e+02 7.8303026e+01      
1.6173132e+02 8.0241734e+01      
1.6068942e+02 8.2630228e+01      
1.5982066e+02 8.5560057e+01      
1.5905873e+02 8.8969088e+01      
1.5845326e+02 9.2702867e+01      
1.6678929e+02 1.0331479e+02      
1.6705269e+02 9.8463445e+01      
1.6807798e+02 9.3204189e+01      
1.6973811e+02 8.7575197e+01      
1.7168774e+02 8.1665743e+01      
1.7299544e+02 7.5851923e+01      
1.7440600e+02 7.0004062e+01      
1.7567183e+02 6.4524890e+01      
1.7663572e+02 5.9683930e+01      
1.7725950e+02 5.5631501e+01      
1.7757294e+02 5.2456122e+01      
1.7767315e+02 5.0184500e+01      
1.7771766e+02 4.8784899e+01      
1.7773651e+02 4.8269460e+01      
1.7739379e+02 4.8788867e+01      
1.7686563e+02 5.0170143e+01      
1.7615225e+02 5.2391379e+01      
1.7518749e+02 5.5426790e+01      
1.7395323e+02 5.9154434e+01      
1.7248657e+02 6.3373935e+01      
1.7658170e+02 7.6610423e+01      
1.7643984e+02 7.1711756e+01      
1.7687221e+02 6.6411918e+01      
1.7775542e+02 6.0780558e+01      
1.7883776e+02 5.4939433e+01      
1.7978861e+02 4.9078583e+01      
1.8068167e+02 4.3305160e+01      
1.8148615e+02 3.7822657e+01      
1.8214866e+02 3.2847733e+01      
1.8268800e+02 2.8552034e+01      
1.8319090e+02 2.5050210e+01      
1.8382875e+02 2.2349012e+01      
1.8494177e+02 2.0280985e+01      
1.8696123e+02 1.8589182e+01      
1.8834113e+02 1.7983795e+01      
1.8884870e+02 1.8705930e+01      
1.8854064e+02 2.0743701e+01      
1.8750913e+02 2.3952408e+01      
1.8579626e+02 2.8125169e+01      
1.8335622e+02 3.3018018e+01      
1.8295711e+02 4.9151115e+01      
1.8245514e+02 4.4229894e+01      
1.8240734e+02 3.8907262e+01      
1.8270797e+02 3.3264353e+01      
1.8319937e+02 2.7411368e+01      
1.8372623e+02 2.1483089e+01      
1.8420291e+02 1.5625989e+01      
1.8458975e+02 1.0008379e+01      
1.8491946e+02 4.8066276e+00      
1.8528165e+02 2.1162759e-01      
1.8580466e+02 -3.5802337e+00      
1.8667528e+02 -6.5113565e+00      
1.8816812e+02 -8.8317677e+00      
1.9051588e+02 -1.0883085e+01      
1.9339011e+02 -1.2595262e+01      
1.9475373e+02 -1.2469179e+01      
1.9474650e+02 -1.0544505e+01      
1.9360472e+02 -7.0810867e+00      
1.9143491e+02 -2.3741090e+00      
1.8832643e+02 3.1973871e+00      
1.8592961e+02 2.1380227e+01      
1.8512730e+02 1.6452785e+01      
1.8470449e+02 1.1112668e+01      
1.8458153e+02 5.4379298e+00      
1.8465365e+02 -4.7574633e-01      
1.8481215e+02 -6.5158814e+00      
1.8492293e+02 -1.2540015e+01      
1.8484276e+02 -1.8375527e+01      
1.8474325e+02 -2.3911644e+01      
1.8479764e+02 -2.8947782e+01      
1.8515427e+02 -3.3087288e+01      
1.8596566e+02 -3.5894662e+01      
1.8745070e+02 -3.8009631e+01      
1.8983859e+02 -4.0074054e+01      
1.9302894e+02 -4.2233686e+01      
1.9470634e+02 -4.2397477e+01      
1.9477275e+02 -4.0421745e+01      
1.9341867e+02 -3.6557023e+01      
1.9079398e+02 -3.1193016e+01      
1.8720182e+02 -2.4939699e+01      
1.8553557e+02 -6.2518667e+00      
1.8449163e+02 -1.1170090e+01      
1.8378091e+02 -1.6520582e+01      
1.8334518e+02 -2.2233341e+01      
1.8310750e+02 -2.8226303e+01      
1.8299284e+02 -3.4411811e+01      
1.8287738e+02 -4.0677766e+01      
1.8216426e+02 -4.6741473e+01      
1.8149871e+02 -5.2730357e+01      
1.8108728e+02 -5.8439524e+01      
1.8111594e+02 -6.3242062e+01      
1.8163862e+02 -6.5302504e+01      
1.8289112e+02 -6.6636584e+01      
1.8496422e+02 -6.8128444e+01      
1.8776682e+02 -7.0070634e+01      
1.8936436e+02 -7.0293126e+01      
1.8930074e+02 -6.8106262e+01      
1.8763949e+02 -6.3665395e+01      
1.8467954e+02 -5.7628375e+01      
1.8191054e+02 -5.1776595e+01      
1.8184063e+02 -3.3294222e+01      
1.8060600e+02 -3.8183491e+01      
1.7967728e+02 -4.3529453e+01      
1.7901494e+02 -4.9272591e+01      
1.7855637e+02 -5.5341560e+01      
1.7820107e+02 -6.1650814e+01      
1.7771570e+02 -6.8078755e+01      
1.7648436e+02 -7.4389642e+01      
1.7515539e+02 -8.0903739e+01      
1.7409102e+02 -8.7356016e+01      
1.7357652e+02 -9.1797201e+01      
1.7373610e+02 -9.3853111e+01      
1.7466097e+02 -9.3992548e+01      
1.7616065e+02 -9.4316878e+01      
1.7796716e+02 -9.5136366e+01      
1.7946113e+02 -9.5605755e+01      
1.7912864e+02 -9.3053996e+01      
1.7718662e+02 -8.7969145e+01      
1.7500676e+02 -8.2538183e+01      
1.7305145e+02 -7.7236676e+01      
1.7494550e+02 -5.9303861e+01      
1.7356004e+02 -6.4136947e+01      
1.7246651e+02 -6.9452603e+01      
1.7165029e+02 -7.5207230e+01      
1.7106059e+02 -8.1334007e+01      
1.7054519e+02 -8.7708719e+01      
1.6956799e+02 -9.4041196e+01      
1.6796795e+02 -1.0044733e+02      
1.6584132e+02 -1.0727501e+02      
1.6408315e+02 -1.1319157e+02      
1.6299954e+02 -1.1723531e+02      
1.6271818e+02 -1.1909088e+02      
1.6319825e+02 -1.1909890e+02      
1.6419000e+02 -1.1826850e+02      
1.6521786e+02 -1.1836024e+02      
1.6603599e+02 -1.1847409e+02      
1.6520635e+02 -1.1515221e+02      
1.6377681e+02 -1.1070442e+02      
1.6228149e+02 -1.0594976e+02      
1.6098876e+02 -1.0115133e+02      
1.6499008e+02 -8.3855073e+01      
1.6348051e+02 -8.8595720e+01      
1.6225301e+02 -9.3840134e+01      
1.6132244e+02 -9.9562749e+01      
1.6066610e+02 -1.0570983e+02      
1.5974840e+02 -1.1182498e+02      
1.5839081e+02 -1.1781033e+02      
1.5650314e+02 -1.2367947e+02      
1.5407250e+02 -1.2941668e+02      
1.5164878e+02 -1.3507405e+02      
1.4998974e+02 -1.3880496e+02      
1.4931401e+02 -1.4022847e+02      
1.4943592e+02 -1.3972769e+02      
1.4962919e+02 -1.3926134e+02      
1.4981050e+02 -1.3919164e+02      
1.4985901e+02 -1.3901525e+02      
1.4889129e+02 -1.3578508e+02      
1.4778593e+02 -1.3190531e+02      
1.4678034e+02 -1.2772456e+02      
1.4600815e+02 -1.2334916e+02      
1.5215625e+02 -1.0654836e+02      
1.5053762e+02 -1.1115264e+02      
1.4918886e+02 -1.1627592e+02      
1.4810679e+02 -1.2186670e+02      
1.4718606e+02 -1.2777308e+02      
1.4593280e+02 -1.3348823e+02      
1.4429661e+02 -1.3895913e+02      
1.4226244e+02 -1.4413166e+02      
1.3985166e+02 -1.4888471e+02      
1.3723754e+02 -1.5304221e+02      
1.3502441e+02 -1.5649657e+02      
1.3405819e+02 -1.5739675e+02      
1.3339776e+02 -1.5754271e+02      
1.3274551e+02 -1.5755311e+02      
1.3200340e+02 -1.5750509e+02      
1.3120205e+02 -1.5677342e+02      
1.3023698e+02 -1.5456098e+02      
1.2936120e+02 -1.5136946e+02      
1.2875088e+02 -1.4761811e+02      
1.2841266e+02 -1.4360817e+02      
1.3666810e+02 -1.2701718e+02      
1.3494631e+02 -1.3143369e+02      
1.3348645e+02 -1.3638901e+02      
1.3225558e+02 -1.4178027e+02      
1.3091268e+02 -1.4713782e+02      
1.2933818e+02 -1.5230877e+02      
1.2748956e+02 -1.5719767e+02      
1.2536391e+02 -1.6169375e+02      
1.2298050e+02 -1.6560456e+02      
1.2042715e+02 -1.6866812e+02      
1.1822148e+02 -1.7102631e+02      
1.1660790e+02 -1.7228413e+02      
1.1527525e+02 -1.7290056e+02      
1.1391013e+02 -1.7328527e+02      
1.1225992e+02 -1.7363812e+02      
1.1077309e+02 -1.7312139e+02      
1.0956501e+02 -1.7148099e+02      
1.0877820e+02 -1.6878873e+02      
1.0858035e+02 -1.6518424e+02      
1.0905724e+02 -1.6076065e+02      
1.1879072e+02 -1.4493557e+02      
1.1694783e+02 -1.4907561e+02      
1.1535874e+02 -1.5377710e+02      
1.1376925e+02 -1.5858565e+02      
1.1208472e+02 -1.6334014e+02      
1.1024919e+02 -1.6792381e+02      
1.0823663e+02 -1.7222669e+02      
1.0604845e+02 -1.7612287e+02      
1.0371540e+02 -1.7945116e+02      
1.0132168e+02 -1.8203372e+02      
9.9031794e+01 -1.8376072e+02      
9.7087895e+01 -1.8499067e+02      
9.5351257e+01 -1.8575739e+02      
9.3621261e+01 -1.8620383e+02      
9.1730582e+01 -1.8642093e+02      
8.9658265e+01 -1.8628700e+02      
8.8076074e+01 -1.8509507e+02      
8.7200225e+01 -1.8279392e+02      
8.7206942e+01 -1.7940641e+02      
8.8102088e+01 -1.7507232e+02      
9.8841859e+01 -1.6005089e+02      
9.6822073e+01 -1.6376036e+02      
9.4918069e+01 -1.6781321e+02      
9.3029179e+01 -1.7199358e+02      
9.1089248e+01 -1.7614606e+02      
8.9061359e+01 -1.8015196e+02      
8.6929224e+01 -1.8389879e+02      
8.4699141e+01 -1.8727191e+02      
8.2402634e+01 -1.9015335e+02      
8.0099806e+01 -1.9243846e+02      
7.7878874e+01 -1.9410010e+02      
7.5827856e+01 -1.9526306e+02      
7.3915120e+01 -1.9599469e+02      
7.2048911e+01 -1.9635229e+02      
7.0140094e+01 -1.9637494e+02      
6.8150600e+01 -1.9603623e+02      
6.6186151e+01 -1.9520061e+02      
6.5067980e+01 -1.9328068e+02      
6.5037794e+01 -1.9024100e+02      
6.6041924e+01 -1.8626044e+02      
7.7200074e+01 -1.7221312e+02      
7.5023867e+01 -1.7547148e+02      
7.2902295e+01 -1.7896893e+02      
7.0797430e+01 -1.8257986e+02      
6.8671852e+01 -1.8617779e+02      
6.6502024e+01 -1.8964990e+02      
6.4280045e+01 -1.9289203e+02      
6.2014799e+01 -1.9580612e+02      
5.9732572e+01 -1.9830392e+02      
5.7475521e+01 -2.0032077e+02      
5.5294082e+01 -2.0183869e+02      
5.3225028e+01 -2.0288767e+02      
5.1266252e+01 -2.0350626e+02      
4.9386875e+01 -2.0372460e+02      
4.7556298e+01 -2.0355609e+02      
4.5769115e+01 -2.0298704e+02      
4.4079942e+01 -2.0196393e+02      
4.2690872e+01 -2.0035583e+02      
4.2471957e+01 -1.9769842e+02      
4.3287789e+01 -1.9420334e+02      
