2.6885865e+01 2.3164135e+02      
2.6624182e+01 2.2900661e+02      
2.5998590e+01 2.2604022e+02      
2.5235468e+01 2.2289652e+02      
2.4946164e+01 2.1990534e+02      
2.5366988e+01 2.1721546e+02      
2.6501915e+01 2.1488276e+02      
2.8294930e+01 2.1295488e+02      
3.0650549e+01 2.1148062e+02      
3.3422384e+01 2.1051105e+02      
3.6414197e+01 2.1011444e+02      
3.9124009e+01 2.1023670e+02      
3.9199017e+01 2.0975148e+02      
3.8883282e+01 2.0975737e+02      
3.8601889e+01 2.1028023e+02      
3.8526436e+01 2.1122758e+02      
3.8803621e+01 2.1252757e+02      
3.9527932e+01 2.1410795e+02      
4.0759275e+01 2.1589013e+02      
4.2537491e+01 2.1778880e+02      
5.7639379e+01 2.2278480e+02      
5.7872671e+01 2.2016823e+02      
5.7123359e+01 2.1694861e+02      
5.5597236e+01 2.1324100e+02      
5.5037984e+01 2.0988285e+02      
5.5519972e+01 2.0691370e+02      
5.6921532e+01 2.0433002e+02      
5.9153325e+01 2.0216782e+02      
6.2124150e+01 2.0048145e+02      
6.5714317e+01 1.9933982e+02      
6.9601142e+01 1.9879807e+02      
7.2736169e+01 1.9869313e+02      
7.2513658e+01 1.9812290e+02      
7.1357759e+01 1.9796144e+02      
7.0177307e+01 1.9833178e+02      
6.9312481e+01 1.9915389e+02      
6.8915965e+01 2.0034448e+02      
6.9053043e+01 2.0182670e+02      
6.9758043e+01 2.0351303e+02      
7.1057805e+01 2.0530182e+02      
8.5759142e+01 2.0973485e+02      
8.6345419e+01 2.0701800e+02      
8.5607611e+01 2.0363957e+02      
8.3855491e+01 1.9976073e+02      
8.3240547e+01 1.9617477e+02      
8.3882691e+01 1.9296484e+02      
8.5613690e+01 1.9013272e+02      
8.8336897e+01 1.8771604e+02      
9.1984680e+01 1.8577437e+02      
9.6521044e+01 1.8439810e+02      
1.0168200e+02 1.8366574e+02      
1.0468740e+02 1.8316073e+02      
1.0484950e+02 1.8272051e+02      
1.0262720e+02 1.8248970e+02      
1.0030710e+02 1.8280372e+02      
9.8521959e+01 1.8356899e+02      
9.7403909e+01 1.8470430e+02      
9.6920674e+01 1.8615164e+02      
9.7060524e+01 1.8781953e+02      
9.7842244e+01 1.8957577e+02      
1.1066636e+02 1.9295184e+02      
1.1141559e+02 1.9004111e+02      
1.1084497e+02 1.8656997e+02      
1.0927315e+02 1.8270271e+02      
1.0889685e+02 1.7900503e+02      
1.0984590e+02 1.7559705e+02      
1.1196872e+02 1.7252156e+02      
1.1520307e+02 1.6983024e+02      
1.1953657e+02 1.6758020e+02      
1.2483825e+02 1.6584930e+02      
1.3034077e+02 1.6470344e+02      
1.3334469e+02 1.6396774e+02      
1.3374225e+02 1.6357352e+02      
1.3178424e+02 1.6354805e+02      
1.2818101e+02 1.6395165e+02      
1.2549989e+02 1.6472053e+02      
1.2372649e+02 1.6582856e+02      
1.2264270e+02 1.6730824e+02      
1.2218894e+02 1.6907269e+02      
1.2242009e+02 1.7090491e+02      
1.3190815e+02 1.7303043e+02      
1.3261123e+02 1.6989442e+02      
1.3236060e+02 1.6633688e+02      
1.3138443e+02 1.6250529e+02      
1.3153619e+02 1.5872131e+02      
1.3291755e+02 1.5512614e+02      
1.3545590e+02 1.5180340e+02      
1.3915305e+02 1.4882334e+02      
1.4410049e+02 1.4623855e+02      
1.5023519e+02 1.4409728e+02      
1.5499306e+02 1.4266347e+02      
1.5765724e+02 1.4182841e+02      
1.5814089e+02 1.4147747e+02      
1.5645588e+02 1.4158609e+02      
1.5276339e+02 1.4217115e+02      
1.4962032e+02 1.4295060e+02      
1.4743539e+02 1.4393427e+02      
1.4582576e+02 1.4550772e+02      
1.4469426e+02 1.4760155e+02      
1.4433695e+02 1.4966696e+02      
1.4918372e+02 1.5055563e+02      
1.4964983e+02 1.4720678e+02      
1.4983864e+02 1.4353458e+02      
1.5002621e+02 1.3965441e+02      
1.5089650e+02 1.3573877e+02      
1.5274638e+02 1.3193175e+02      
1.5565752e+02 1.2834437e+02      
1.5970235e+02 1.2506255e+02      
1.6487295e+02 1.2218359e+02      
1.7065028e+02 1.1986028e+02      
1.7466278e+02 1.1844809e+02      
1.7687436e+02 1.1769767e+02      
1.7737452e+02 1.1743404e+02      
1.7621677e+02 1.1758360e+02      
1.7361327e+02 1.1810367e+02      
1.7022857e+02 1.1886588e+02      
1.6804665e+02 1.1938834e+02      
1.6604106e+02 1.2109532e+02      
1.6404518e+02 1.2394455e+02      
1.6313917e+02 1.2635817e+02      
1.6394163e+02 1.2604344e+02      
1.6422984e+02 1.2249714e+02      
1.6468640e+02 1.1866127e+02      
1.6547435e+02 1.1462219e+02      
1.6687689e+02 1.1049980e+02      
1.6910603e+02 1.0643066e+02      
1.7227397e+02 1.0254972e+02      
1.7650126e+02 9.8959803e+01      
1.8174575e+02 9.5820617e+01      
1.8584784e+02 9.4024793e+01      
1.8870461e+02 9.3088182e+01      
1.9036520e+02 9.2642457e+01      
1.9082759e+02 9.2546863e+01      
1.9013881e+02 9.2735568e+01      
1.8846798e+02 9.3144377e+01      
1.8619575e+02 9.3604456e+01      
1.8380554e+02 9.4086865e+01      
1.8169603e+02 9.5863901e+01      
1.7954876e+02 9.8999751e+01      
1.7842255e+02 1.0156148e+02      
1.7592419e+02 9.9880635e+01      
1.7608726e+02 9.6149073e+01      
1.7663179e+02 9.2122822e+01      
1.7767428e+02 8.7865364e+01      
1.7937870e+02 8.3462812e+01      
1.8185734e+02 7.9056921e+01      
1.8514828e+02 7.4827751e+01      
1.8920631e+02 7.0979852e+01      
1.9341011e+02 6.8075089e+01      
1.9546429e+02 6.7558949e+01      
1.9707246e+02 6.7457819e+01      
1.9815894e+02 6.7480890e+01      
1.9853658e+02 6.7620194e+01      
1.9817521e+02 6.7875840e+01      
1.9716349e+02 6.8271530e+01      
1.9578643e+02 6.8629373e+01      
1.9440805e+02 6.8862438e+01      
1.9276239e+02 7.0490652e+01      
1.9098184e+02 7.3405972e+01      
1.8996699e+02 7.5793692e+01      
1.8478121e+02 7.2484732e+01      
1.8480164e+02 6.8579072e+01      
1.8530101e+02 6.4362858e+01      
1.8639784e+02 5.9874812e+01      
1.8825576e+02 5.5125607e+01      
1.9093567e+02 5.0237179e+01      
1.9423686e+02 4.5632691e+01      
1.9811423e+02 4.1460652e+01      
2.0078114e+02 3.9541882e+01      
2.0159180e+02 4.0165941e+01      
2.0235878e+02 4.0870060e+01      
2.0301515e+02 4.1384931e+01      
2.0331920e+02 4.1781294e+01      
2.0320070e+02 4.2078262e+01      
2.0259306e+02 4.2585337e+01      
2.0172707e+02 4.3130331e+01      
2.0073214e+02 4.3902599e+01      
1.9959826e+02 4.5371739e+01      
1.9848854e+02 4.7433591e+01      
1.9775593e+02 4.9418702e+01      
1.9030806e+02 4.4303885e+01      
1.9013078e+02 4.0234447e+01      
1.9045698e+02 3.5851535e+01      
1.9141645e+02 3.1197160e+01      
1.9323014e+02 2.6191229e+01      
1.9614377e+02 2.0655948e+01      
1.9913888e+02 1.5966734e+01      
2.0205903e+02 1.2348761e+01      
2.0389762e+02 1.1085371e+01      
2.0420803e+02 1.2493000e+01      
2.0460417e+02 1.3803651e+01      
2.0504868e+02 1.4736489e+01      
2.0532017e+02 1.5413230e+01      
2.0532719e+02 1.5898711e+01      
2.0506012e+02 1.6289478e+01      
2.0453722e+02 1.6927060e+01      
2.0385730e+02 1.7897770e+01      
2.0310245e+02 1.9284515e+01      
2.0239116e+02 2.0993055e+01      
2.0187787e+02 2.2735792e+01      
1.9241099e+02 1.5802083e+01      
1.9196380e+02 1.1564777e+01      
1.9198500e+02 7.0297219e+00      
1.9259746e+02 2.3170595e+00      
1.9393750e+02 -2.4928171e+00      
1.9600179e+02 -7.2487214e+00      
1.9846841e+02 -1.1561379e+01      
2.0115344e+02 -1.5367915e+01      
2.0281630e+02 -1.6554491e+01      
2.0319282e+02 -1.4794311e+01      
2.0360021e+02 -1.3124142e+01      
2.0403905e+02 -1.1900845e+01      
2.0435132e+02 -1.0996217e+01      
2.0447107e+02 -1.0347518e+01      
2.0439372e+02 -9.9021475e+00      
2.0411125e+02 -9.2394564e+00      
2.0369061e+02 -8.2255410e+00      
2.0320560e+02 -6.8600509e+00      
2.0273760e+02 -5.2683850e+00      
2.0242158e+02 -3.8560347e+00      
1.9109816e+02 -1.2540132e+01      
1.9030542e+02 -1.6986351e+01      
1.8989480e+02 -2.1734634e+01      
1.9000322e+02 -2.6511789e+01      
1.9074197e+02 -3.1066086e+01      
1.9210852e+02 -3.5184760e+01      
1.9396353e+02 -3.8701770e+01      
1.9603702e+02 -4.1501949e+01      
1.9784806e+02 -4.3012036e+01      
1.9868211e+02 -4.1218121e+01      
1.9937110e+02 -3.9412745e+01      
1.9994810e+02 -3.8042326e+01      
2.0035879e+02 -3.6988979e+01      
2.0058248e+02 -3.6179700e+01      
2.0062227e+02 -3.5543305e+01      
2.0050118e+02 -3.4915938e+01      
2.0027260e+02 -3.3876890e+01      
1.9998460e+02 -3.2503439e+01      
1.9970530e+02 -3.1177972e+01      
1.9951614e+02 -3.0039327e+01      
1.8647935e+02 -4.0201725e+01      
1.8527360e+02 -4.4939722e+01      
1.8428204e+02 -5.0140955e+01      
1.8375990e+02 -5.5152347e+01      
1.8387815e+02 -5.9583150e+01      
1.8468794e+02 -6.3203260e+01      
1.8610525e+02 -6.5855964e+01      
1.8786692e+02 -6.7529479e+01      
1.8952139e+02 -6.8221120e+01      
1.9105462e+02 -6.6395901e+01      
1.9211500e+02 -6.4656002e+01      
1.9287022e+02 -6.3274380e+01      
1.9339311e+02 -6.2157510e+01      
1.9371042e+02 -6.1247497e+01      
1.9384189e+02 -6.0501404e+01      
1.9382112e+02 -5.9810630e+01      
1.9373763e+02 -5.8689924e+01      
1.9358862e+02 -5.7498525e+01      
1.9342432e+02 -5.6396044e+01      
1.9330300e+02 -5.5468247e+01      
1.7876570e+02 -6.6592015e+01      
1.7716546e+02 -7.1555524e+01      
1.7543801e+02 -7.7565753e+01      
1.7415785e+02 -8.3018886e+01      
1.7360945e+02 -8.7484072e+01      
1.7393662e+02 -9.0713644e+01      
1.7514718e+02 -9.2503327e+01      
1.7704598e+02 -9.2755968e+01      
1.7920717e+02 -9.1537868e+01      
1.8088535e+02 -9.0018237e+01      
1.8210352e+02 -8.8537494e+01      
1.8297317e+02 -8.7247472e+01      
1.8357775e+02 -8.6140034e+01      
1.8396487e+02 -8.5187744e+01      
1.8416487e+02 -8.4367947e+01      
1.8421165e+02 -8.3612113e+01      
1.8421980e+02 -8.2531227e+01      
1.8415019e+02 -8.1483622e+01      
1.8404366e+02 -8.0548116e+01      
1.8394507e+02 -7.9776305e+01      
1.6821599e+02 -9.1161046e+01      
1.6644441e+02 -9.5835891e+01      
1.6453992e+02 -1.0125309e+02      
1.6252162e+02 -1.0710332e+02      
1.6128605e+02 -1.1173074e+02      
1.6117256e+02 -1.1472080e+02      
1.6232995e+02 -1.1577060e+02      
1.6463948e+02 -1.1472676e+02      
1.6671953e+02 -1.1338737e+02      
1.6833907e+02 -1.1207048e+02      
1.6955381e+02 -1.1081673e+02      
1.7044509e+02 -1.0965903e+02      
1.7107775e+02 -1.0860801e+02      
1.7149885e+02 -1.0765472e+02      
1.7174493e+02 -1.0677769e+02      
1.7185640e+02 -1.0591696e+02      
1.7188281e+02 -1.0498603e+02      
1.7183844e+02 -1.0407605e+02      
1.7174701e+02 -1.0326483e+02      
1.7163789e+02 -1.0260429e+02      
1.5504687e+02 -1.1359474e+02      
1.5325018e+02 -1.1776382e+02      
1.5137762e+02 -1.2240545e+02      
1.4941276e+02 -1.2734283e+02      
1.4751335e+02 -1.3210844e+02      
1.4692897e+02 -1.3503436e+02      
1.4798429e+02 -1.3573679e+02      
1.5023582e+02 -1.3454502e+02      
1.5209735e+02 -1.3337819e+02      
1.5353717e+02 -1.3229582e+02      
1.5464588e+02 -1.3124409e+02      
1.5548001e+02 -1.3022943e+02      
1.5608523e+02 -1.2926178e+02      
1.5649890e+02 -1.2834210e+02      
1.5675337e+02 -1.2746043e+02      
1.5688013e+02 -1.2659619e+02      
1.5690838e+02 -1.2574029e+02      
1.5686001e+02 -1.2492507e+02      
1.5675477e+02 -1.2420015e+02      
1.5661216e+02 -1.2361229e+02      
1.3945652e+02 -1.3371087e+02      
1.3771195e+02 -1.3734469e+02      
1.3595408e+02 -1.4125351e+02      
1.3418727e+02 -1.4527684e+02      
1.3248909e+02 -1.4912537e+02      
1.3134586e+02 -1.5210521e+02      
1.3247852e+02 -1.5247597e+02      
1.3405352e+02 -1.5195590e+02      
1.3547194e+02 -1.5121403e+02      
1.3663794e+02 -1.5040788e+02      
1.3756794e+02 -1.4956147e+02      
1.3828638e+02 -1.4869459e+02      
1.3881792e+02 -1.4782460e+02      
1.3918619e+02 -1.4696254e+02      
1.3941377e+02 -1.4611313e+02      
1.3952248e+02 -1.4527883e+02      
1.3953248e+02 -1.4446956e+02      
1.3946117e+02 -1.4371034e+02      
1.3932370e+02 -1.4303684e+02      
1.3913324e+02 -1.4248765e+02      
1.2166665e+02 -1.5134360e+02      
1.2001460e+02 -1.5447020e+02      
1.1839711e+02 -1.5774307e+02      
1.1683629e+02 -1.6101374e+02      
1.1534273e+02 -1.6410819e+02      
1.1412534e+02 -1.6667380e+02      
1.1496382e+02 -1.6715909e+02      
1.1600113e+02 -1.6707470e+02      
1.1696552e+02 -1.6671913e+02      
1.1781668e+02 -1.6618544e+02      
1.1852845e+02 -1.6553684e+02      
1.1909508e+02 -1.6481346e+02      
1.1952100e+02 -1.6404385e+02      
1.1981563e+02 -1.6324890e+02      
1.1999081e+02 -1.6244450e+02      
1.2005933e+02 -1.6164524e+02      
1.2003377e+02 -1.6086920e+02      
1.1992560e+02 -1.6014088e+02      
1.1974471e+02 -1.5949046e+02      
1.1949904e+02 -1.5895076e+02      
1.0193329e+02 -1.6633098e+02      
1.0038948e+02 -1.6900252e+02      
9.8915429e+01 -1.7173634e+02      
9.7552036e+01 -1.7439647e+02      
9.6372036e+01 -1.7680684e+02      
9.5626153e+01 -1.7865380e+02      
9.5709586e+01 -1.7954903e+02      
9.6175426e+01 -1.7983193e+02      
9.6730746e+01 -1.7976114e+02      
9.7277050e+01 -1.7944981e+02      
9.7763431e+01 -1.7897083e+02      
9.8164072e+01 -1.7837436e+02      
9.8467863e+01 -1.7769685e+02      
9.8672182e+01 -1.7696634e+02      
9.8779232e+01 -1.7620594e+02      
9.8793772e+01 -1.7543697e+02      
9.8721575e+01 -1.7468171e+02      
9.8568328e+01 -1.7396514e+02      
9.8338846e+01 -1.7331491e+02      
9.8036431e+01 -1.7276015e+02      
8.0548309e+01 -1.7852172e+02      
7.9111706e+01 -1.8079824e+02      
7.7765196e+01 -1.8308512e+02      
7.6558462e+01 -1.8526282e+02      
7.5570613e+01 -1.8718357e+02      
7.4923219e+01 -1.8867356e+02      
7.4688268e+01 -1.8962143e+02      
7.4758829e+01 -1.9008892e+02      
7.4984032e+01 -1.9019823e+02      
7.5264949e+01 -1.9004378e+02      
7.5542337e+01 -1.8969347e+02      
7.5780758e+01 -1.8919777e+02      
7.5959661e+01 -1.8859565e+02      
7.6067886e+01 -1.8791856e+02      
7.6100119e+01 -1.8719343e+02      
7.6054509e+01 -1.8644494e+02      
7.5931017e+01 -1.8569748e+02      
7.5730208e+01 -1.8497615e+02      
7.5452354e+01 -1.8430706e+02      
7.5096711e+01 -1.8371676e+02      
