2.2637854e+01 2.6093224e+02      
1.9286376e+01 2.6002248e+02      
1.6355587e+01 2.5897373e+02      
1.3870223e+01 2.5782772e+02      
1.1854041e+01 2.5662730e+02      
1.0329379e+01 2.5541568e+02      
9.3165668e+00 2.5423550e+02      
8.8334829e+00 2.5312720e+02      
8.8955020e+00 2.5212659e+02      
9.5158300e+00 2.5126175e+02      
1.0705700e+01 2.5055036e+02      
1.2473537e+01 2.4999844e+02      
1.4822377e+01 2.4960154e+02      
1.7745214e+01 2.4934777e+02      
2.1217743e+01 2.4922219e+02      
2.5187281e+01 2.4921197e+02      
2.9559403e+01 2.4931090e+02      
3.4200097e+01 2.4951785e+02      
3.8990451e+01 2.4981899e+02      
4.3909099e+01 2.5016291e+02      
4.9698756e+01 2.5143565e+02      
4.6326518e+01 2.5039337e+02      
4.3367252e+01 2.4918288e+02      
4.0846051e+01 2.4784993e+02      
3.8787728e+01 2.4644177e+02      
3.7216110e+01 2.4500697e+02      
3.6152976e+01 2.4359484e+02      
3.5617219e+01 2.4225393e+02      
3.5624949e+01 2.4102880e+02      
3.6190890e+01 2.3995496e+02      
3.7330239e+01 2.3905351e+02      
3.9058938e+01 2.3832861e+02      
4.1390898e+01 2.3776941e+02      
4.4332536e+01 2.3735531e+02      
4.7874339e+01 2.3706259e+02      
5.1974254e+01 2.3687270e+02      
5.6518881e+01 2.3678529e+02      
6.1265385e+01 2.3683242e+02      
6.5930360e+01 2.3704717e+02      
7.0491110e+01 2.3737356e+02      
7.5588021e+01 2.3818014e+02      
7.2223154e+01 2.3697802e+02      
6.9257105e+01 2.3557924e+02      
6.6715010e+01 2.3403320e+02      
6.4623093e+01 2.3239107e+02      
6.3007458e+01 2.3070634e+02      
6.1891951e+01 2.2903558e+02      
6.1296164e+01 2.2743790e+02      
6.1235177e+01 2.2597123e+02      
6.1722732e+01 2.2468378e+02      
6.2777180e+01 2.2360275e+02      
6.4424643e+01 2.2272810e+02      
6.6695214e+01 2.2203707e+02      
6.9616307e+01 2.2149412e+02      
7.3207594e+01 2.2105944e+02      
7.7473182e+01 2.2069667e+02      
8.2362788e+01 2.2039024e+02      
8.7504139e+01 2.2022043e+02      
9.1993129e+01 2.2040027e+02      
9.5803765e+01 2.2087501e+02      
9.9909855e+01 2.2140714e+02      
9.6581643e+01 2.2001665e+02      
9.3630607e+01 2.1840236e+02      
9.1081392e+01 2.1661675e+02      
8.8962500e+01 2.1471338e+02      
8.7304201e+01 2.1274889e+02      
8.6134299e+01 2.1078636e+02      
8.5473369e+01 2.0889792e+02      
8.5332096e+01 2.0716264e+02      
8.5715984e+01 2.0565353e+02      
8.6641995e+01 2.0441100e+02      
8.8150925e+01 2.0342501e+02      
9.0296168e+01 2.0264986e+02      
9.3130127e+01 2.0202741e+02      
9.6706324e+01 2.0149605e+02      
1.0109695e+02 2.0098952e+02      
1.0644651e+02 2.0043209e+02      
1.1263602e+02 1.9986682e+02      
1.1690401e+02 2.0006414e+02      
1.1921258e+02 2.0099608e+02      
1.2229918e+02 2.0141248e+02      
1.1903928e+02 1.9980403e+02      
1.1612542e+02 1.9794737e+02      
1.1358055e+02 1.9589733e+02      
1.1143720e+02 1.9370690e+02      
1.0973384e+02 1.9143128e+02      
1.0850693e+02 1.8913586e+02      
1.0778114e+02 1.8690570e+02      
1.0755950e+02 1.8485137e+02      
1.0781996e+02 1.8309978e+02      
1.0855914e+02 1.8172928e+02      
1.0984974e+02 1.8069750e+02      
1.1178406e+02 1.7990976e+02      
1.1443545e+02 1.7927860e+02      
1.1787425e+02 1.7872433e+02      
1.2220322e+02 1.7815599e+02      
1.2761773e+02 1.7744474e+02      
1.3389622e+02 1.7663521e+02      
1.3789457e+02 1.7693315e+02      
1.3957344e+02 1.7830276e+02      
1.4242788e+02 1.7854087e+02      
1.3927320e+02 1.7668330e+02      
1.3642007e+02 1.7455875e+02      
1.3388667e+02 1.7222445e+02      
1.3171290e+02 1.6972795e+02      
1.2995337e+02 1.6711360e+02      
1.2866251e+02 1.6443790e+02      
1.2787887e+02 1.6179039e+02      
1.2760711e+02 1.5931434e+02      
1.2776519e+02 1.5724414e+02      
1.2821159e+02 1.5583463e+02      
1.2916746e+02 1.5487549e+02      
1.3079054e+02 1.5417401e+02      
1.3315299e+02 1.5362021e+02      
1.3630710e+02 1.5313783e+02      
1.4032743e+02 1.5264073e+02      
1.4536591e+02 1.5197228e+02      
1.5117648e+02 1.5114412e+02      
1.5486113e+02 1.5163005e+02      
1.5638416e+02 1.5337047e+02      
1.6001005e+02 1.5317966e+02      
1.5700950e+02 1.5103738e+02      
1.5424554e+02 1.4862073e+02      
1.5172238e+02 1.4599272e+02      
1.4949531e+02 1.4318797e+02      
1.4765062e+02 1.4022347e+02      
1.4627491e+02 1.3712421e+02      
1.4543717e+02 1.3395990e+02      
1.4516099e+02 1.3090245e+02      
1.4533179e+02 1.2831654e+02      
1.4528029e+02 1.2707530e+02      
1.4577054e+02 1.2636028e+02      
1.4699074e+02 1.2586242e+02      
1.4898139e+02 1.2546335e+02      
1.5173585e+02 1.2513625e+02      
1.5524417e+02 1.2486209e+02      
1.5954890e+02 1.2452998e+02      
1.6446371e+02 1.2407762e+02      
1.6778997e+02 1.2485513e+02      
1.6950396e+02 1.2676027e+02      
1.7480395e+02 1.2575254e+02      
1.7203499e+02 1.2327716e+02      
1.6940539e+02 1.2054074e+02      
1.6687188e+02 1.1762850e+02      
1.6453495e+02 1.1454704e+02      
1.6254538e+02 1.1126045e+02      
1.6103581e+02 1.0772407e+02      
1.6011133e+02 1.0395380e+02      
1.5978394e+02 1.0020944e+02      
1.5954330e+02 9.7497784e+01      
1.5932260e+02 9.6040422e+01      
1.5931551e+02 9.5679237e+01      
1.6009563e+02 9.5477493e+01      
1.6169408e+02 9.5255393e+01      
1.6402357e+02 9.5091764e+01      
1.6694000e+02 9.5131279e+01      
1.7028183e+02 9.5443485e+01      
1.7374307e+02 9.6069964e+01      
1.7665777e+02 9.7274437e+01      
1.7903327e+02 9.8876572e+01      
1.8660251e+02 9.6717573e+01      
1.8420669e+02 9.3827624e+01      
1.8183254e+02 9.0713290e+01      
1.7919266e+02 8.7570471e+01      
1.7662501e+02 8.4300578e+01      
1.7439326e+02 8.0790393e+01      
1.7264999e+02 7.6918775e+01      
1.7152491e+02 7.2562877e+01      
1.7069121e+02 6.8673900e+01      
1.7003346e+02 6.5804418e+01      
1.6957120e+02 6.4160312e+01      
1.6942932e+02 6.3610039e+01      
1.6983355e+02 6.3670220e+01      
1.7111663e+02 6.3488239e+01      
1.7313025e+02 6.3333685e+01      
1.7558081e+02 6.3591661e+01      
1.7805105e+02 6.4645272e+01      
1.8055428e+02 6.6193432e+01      
1.8300580e+02 6.7986996e+01      
1.8542132e+02 6.9784341e+01      
1.9520029e+02 6.6576818e+01      
1.9337223e+02 6.3145931e+01      
1.9153975e+02 5.9520961e+01      
1.8853417e+02 5.6278932e+01      
1.8557784e+02 5.2962477e+01      
1.8300764e+02 4.9378927e+01      
1.8088534e+02 4.5471833e+01      
1.7918654e+02 4.1289248e+01      
1.7787157e+02 3.7083206e+01      
1.7678884e+02 3.3961519e+01      
1.7601714e+02 3.2206635e+01      
1.7564811e+02 3.1639704e+01      
1.7596807e+02 3.1199137e+01      
1.7710179e+02 3.0677746e+01      
1.7898859e+02 3.0232803e+01      
1.8130763e+02 3.0374732e+01      
1.8289087e+02 3.2416888e+01      
1.8460224e+02 3.5012735e+01      
1.8654211e+02 3.7604799e+01      
1.8870818e+02 3.9900080e+01      
2.0032896e+02 3.5915104e+01      
1.9914416e+02 3.1837469e+01      
1.9726512e+02 2.7920628e+01      
1.9450626e+02 2.4351547e+01      
1.9115618e+02 2.1091212e+01      
1.8827493e+02 1.7519173e+01      
1.8583857e+02 1.3627853e+01      
1.8352846e+02 9.6794165e+00      
1.8153886e+02 5.7924219e+00      
1.7997630e+02 2.3383819e+00      
1.7886584e+02 4.9030119e-01      
1.7830505e+02 -6.6932021e-01      
1.7847193e+02 -1.6081804e+00      
1.7949537e+02 -2.6197294e+00      
1.8131257e+02 -3.5215123e+00      
1.8307002e+02 -2.8777554e+00      
1.8444336e+02 -4.6517092e-01      
1.8548632e+02 3.3494566e+00      
1.8691817e+02 6.9379468e+00      
1.8876089e+02 9.8679727e+00      
2.0155617e+02 5.5126989e+00      
2.0028165e+02 1.1783180e+00      
1.9842405e+02 -3.0248490e+00      
1.9590336e+02 -6.9159334e+00      
1.9294467e+02 -1.0554347e+01      
1.9000249e+02 -1.4205426e+01      
1.8762408e+02 -1.8315994e+01      
1.8457116e+02 -2.2063624e+01      
1.8185777e+02 -2.5700083e+01      
1.7976822e+02 -2.9094218e+01      
1.7832125e+02 -3.1683783e+01      
1.7740644e+02 -3.3154903e+01      
1.7726635e+02 -3.4204127e+01      
1.7807627e+02 -3.5520647e+01      
1.7932168e+02 -3.5918868e+01      
1.8064617e+02 -3.4751690e+01      
1.8184055e+02 -3.1882586e+01      
1.8286678e+02 -2.7686382e+01      
1.8391235e+02 -2.3084332e+01      
1.8548958e+02 -1.9606897e+01      
1.9789543e+02 -2.3228728e+01      
1.9670352e+02 -2.7901474e+01      
1.9494857e+02 -3.2408663e+01      
1.9260753e+02 -3.6539321e+01      
1.8996179e+02 -4.0476566e+01      
1.8776334e+02 -4.4975592e+01      
1.8518391e+02 -4.9367326e+01      
1.8205407e+02 -5.3367173e+01      
1.7863419e+02 -5.6904125e+01      
1.7601372e+02 -6.0610717e+01      
1.7435997e+02 -6.4274638e+01      
1.7289641e+02 -6.5495605e+01      
1.7225282e+02 -6.5832804e+01      
1.7246382e+02 -6.5978208e+01      
1.7329371e+02 -6.5971558e+01      
1.7430238e+02 -6.4306251e+01      
1.7532731e+02 -6.0783765e+01      
1.7626592e+02 -5.5899233e+01      
1.7741919e+02 -5.1475578e+01      
1.7891287e+02 -4.7895355e+01      
1.9052147e+02 -5.0560600e+01      
1.8886485e+02 -5.4880530e+01      
1.8717502e+02 -5.9634301e+01      
1.8489768e+02 -6.3846611e+01      
1.8297219e+02 -6.8698349e+01      
1.8084158e+02 -7.3717536e+01      
1.7820369e+02 -7.8501468e+01      
1.7501938e+02 -8.2844126e+01      
1.7154196e+02 -8.6805005e+01      
1.6835449e+02 -9.0806606e+01      
1.6628548e+02 -9.5279395e+01      
1.6467899e+02 -9.7167664e+01      
1.6360452e+02 -9.6443300e+01      
1.6337371e+02 -9.5060794e+01      
1.6378575e+02 -9.3397839e+01      
1.6455761e+02 -9.1178690e+01      
1.6548208e+02 -8.6861835e+01      
1.6651779e+02 -8.2293545e+01      
1.6773905e+02 -7.8119051e+01      
1.6919290e+02 -7.4587995e+01      
1.7989705e+02 -7.6341061e+01      
1.7785294e+02 -8.0268869e+01      
1.7578901e+02 -8.4608384e+01      
1.7359876e+02 -8.9130591e+01      
1.7152467e+02 -9.4145084e+01      
1.6955144e+02 -9.9715432e+01      
1.6692682e+02 -1.0491272e+02      
1.6362382e+02 -1.0950794e+02      
1.5991654e+02 -1.1370225e+02      
1.5673689e+02 -1.1852806e+02      
1.5434580e+02 -1.2369124e+02      
1.5257946e+02 -1.2610600e+02      
1.5146172e+02 -1.2561952e+02      
1.5104463e+02 -1.2275903e+02      
1.5128795e+02 -1.1939413e+02      
1.5195508e+02 -1.1566050e+02      
1.5286482e+02 -1.1131286e+02      
1.5393903e+02 -1.0690802e+02      
1.5516956e+02 -1.0286439e+02      
1.5656699e+02 -9.9375519e+01      
1.6632749e+02 -1.0030567e+02      
1.6401918e+02 -1.0391556e+02      
1.6169613e+02 -1.0796800e+02      
1.5933876e+02 -1.1240562e+02      
1.5698332e+02 -1.1727718e+02      
1.5460354e+02 -1.2259751e+02      
1.5198748e+02 -1.2813618e+02      
1.4853161e+02 -1.3284753e+02      
1.4499223e+02 -1.3790609e+02      
1.4175598e+02 -1.4351367e+02      
1.3910252e+02 -1.4891765e+02      
1.3721387e+02 -1.5145606e+02      
1.3608579e+02 -1.5117246e+02      
1.3569464e+02 -1.4843277e+02      
1.3599610e+02 -1.4368823e+02      
1.3672369e+02 -1.3876220e+02      
1.3768199e+02 -1.3394915e+02      
1.3877516e+02 -1.2944675e+02      
1.3998033e+02 -1.2541473e+02      
1.4130086e+02 -1.2194382e+02      
1.5009474e+02 -1.2214278e+02      
1.4761232e+02 -1.2548190e+02      
1.4510233e+02 -1.2926941e+02      
1.4254936e+02 -1.3346624e+02      
1.3993931e+02 -1.3805698e+02      
1.3722635e+02 -1.4301045e+02      
1.3428528e+02 -1.4818835e+02      
1.3096533e+02 -1.5341249e+02      
1.2746367e+02 -1.5917836e+02      
1.2401129e+02 -1.6569216e+02      
1.2126396e+02 -1.7038836e+02      
1.1936896e+02 -1.7253325e+02      
1.1828842e+02 -1.7219042e+02      
1.1793146e+02 -1.6968930e+02      
1.1823427e+02 -1.6532993e+02      
1.1913195e+02 -1.5953460e+02      
1.2020152e+02 -1.5415371e+02      
1.2131193e+02 -1.4945873e+02      
1.2246418e+02 -1.4541825e+02      
1.2368590e+02 -1.4197582e+02      
1.3149760e+02 -1.4154627e+02      
1.2890291e+02 -1.4462246e+02      
1.2626143e+02 -1.4812702e+02      
1.2356006e+02 -1.5202371e+02      
1.2077727e+02 -1.5628317e+02      
1.1787214e+02 -1.6087338e+02      
1.1478180e+02 -1.6575978e+02      
1.1146637e+02 -1.7098501e+02      
1.0795194e+02 -1.7679459e+02      
1.0437340e+02 -1.8313524e+02      
1.0165442e+02 -1.8719129e+02      
9.9893543e+01 -1.8871354e+02      
9.9001171e+01 -1.8794898e+02      
9.8701454e+01 -1.8554808e+02      
9.8922069e+01 -1.8177733e+02      
9.9656343e+01 -1.7682466e+02      
1.0082314e+02 -1.7115011e+02      
1.0188925e+02 -1.6646949e+02      
1.0294110e+02 -1.6253633e+02      
1.0403740e+02 -1.5918302e+02      
1.1086068e+02 -1.5824477e+02      
1.0820395e+02 -1.6105300e+02      
1.0548518e+02 -1.6425580e+02      
1.0269729e+02 -1.6781805e+02      
9.9825102e+01 -1.7170921e+02      
9.6842121e+01 -1.7590779e+02      
9.3710965e+01 -1.8041932e+02      
9.0394332e+01 -1.8530994e+02      
8.6932604e+01 -1.9059517e+02      
8.3571140e+01 -1.9581915e+02      
8.1094675e+01 -1.9892085e+02      
7.9551399e+01 -1.9974831e+02      
7.9027618e+01 -1.9817361e+02      
7.8752257e+01 -1.9584022e+02      
7.8816059e+01 -1.9265784e+02      
7.9261579e+01 -1.8868085e+02      
8.0007396e+01 -1.8428450e+02      
8.0850589e+01 -1.8016990e+02      
8.1742007e+01 -1.7652469e+02      
8.2687621e+01 -1.7334051e+02      
8.8532886e+01 -1.7201356e+02      
8.5857126e+01 -1.7454694e+02      
8.3110719e+01 -1.7743286e+02      
8.0294768e+01 -1.8063528e+02      
7.7404858e+01 -1.8412053e+02      
7.4430016e+01 -1.8786330e+02      
7.1349449e+01 -1.9186269e+02      
6.8106000e+01 -1.9619985e+02      
6.4697727e+01 -2.0086366e+02      
6.2247328e+01 -2.0378617e+02      
6.0173395e+01 -2.0574738e+02      
5.8691471e+01 -2.0627014e+02      
5.7842685e+01 -2.0530767e+02      
5.7389051e+01 -2.0340156e+02      
5.7263488e+01 -2.0077132e+02      
5.7449661e+01 -1.9756449e+02      
5.7886790e+01 -1.9404983e+02      
5.8488270e+01 -1.9054882e+02      
5.9195680e+01 -1.8726892e+02      
5.9980060e+01 -1.8430267e+02      
