2.4226853e+01 2.2549106e+02      
2.3648565e+01 2.2356172e+02      
2.3142543e+01 2.2182198e+02      
2.2530409e+01 2.2031034e+02      
2.1655639e+01 2.1906683e+02      
2.0544668e+01 2.1817313e+02      
1.9313248e+01 2.1770322e+02      
1.8069848e+01 2.1768704e+02      
1.6894433e+01 2.1810987e+02      
1.5826618e+01 2.1891776e+02      
1.4884911e+01 2.2004048e+02      
1.4116739e+01 2.2142935e+02      
1.3626682e+01 2.2307624e+02      
1.3553820e+01 2.2499564e+02      
1.4023307e+01 2.2718869e+02      
1.5121326e+01 2.2962539e+02      
1.6898750e+01 2.3224873e+02      
1.9381587e+01 2.3498430e+02      
2.2578533e+01 2.3774815e+02      
2.6485279e+01 2.4045250e+02      
5.4977673e+01 2.1458792e+02      
5.4944034e+01 2.1251323e+02      
5.5009919e+01 2.1063024e+02      
5.4896679e+01 2.0896622e+02      
5.4047662e+01 2.0746115e+02      
5.2748743e+01 2.0632642e+02      
5.1252261e+01 2.0569042e+02      
4.9721020e+01 2.0558782e+02      
4.8272821e+01 2.0599349e+02      
4.6921216e+01 2.0680716e+02      
4.5595875e+01 2.0788205e+02      
4.4300213e+01 2.0913284e+02      
4.3187276e+01 2.1058370e+02      
4.2497926e+01 2.1232063e+02      
4.2413975e+01 2.1438155e+02      
4.3025895e+01 2.1673349e+02      
4.4373251e+01 2.1930419e+02      
4.6470223e+01 2.2200291e+02      
4.9316040e+01 2.2473101e+02      
5.2899034e+01 2.2738836e+02      
8.4657622e+01 2.0018680e+02      
8.5266397e+01 1.9791614e+02      
8.6027567e+01 1.9584068e+02      
8.6912247e+01 1.9408807e+02      
8.5941083e+01 1.9216093e+02      
8.4314324e+01 1.9071378e+02      
8.2411077e+01 1.8988811e+02      
8.0485306e+01 1.8972206e+02      
7.8769947e+01 1.9020369e+02      
7.7268447e+01 1.9118572e+02      
7.5584729e+01 1.9228514e+02      
7.3623831e+01 1.9335005e+02      
7.1625807e+01 1.9446626e+02      
7.0150880e+01 1.9595696e+02      
6.9433103e+01 1.9789258e+02      
6.9513649e+01 2.0019781e+02      
7.0397014e+01 2.0276744e+02      
7.2076352e+01 2.0548606e+02      
7.4537973e+01 2.0823587e+02      
7.7761613e+01 2.1090186e+02      
1.1283169e+02 1.8255714e+02      
1.1414903e+02 1.8001861e+02      
1.1533961e+02 1.7756489e+02      
1.1633549e+02 1.7528707e+02      
1.1672896e+02 1.7323293e+02      
1.1474389e+02 1.7145137e+02      
1.1231581e+02 1.7042375e+02      
1.0973487e+02 1.7020231e+02      
1.0767687e+02 1.7082438e+02      
1.0635076e+02 1.7225760e+02      
1.0434689e+02 1.7344603e+02      
1.0160379e+02 1.7428808e+02      
9.8292641e+01 1.7481265e+02      
9.5922114e+01 1.7604124e+02      
9.4555313e+01 1.7790605e+02      
9.4101379e+01 1.8023530e+02      
9.4514104e+01 1.8287953e+02      
9.5762918e+01 1.8569350e+02      
9.7821581e+01 1.8853691e+02      
1.0066214e+02 1.9127796e+02      
1.3921371e+02 1.6205927e+02      
1.4139481e+02 1.5920016e+02      
1.4293422e+02 1.5627261e+02      
1.4394122e+02 1.5339540e+02      
1.4453092e+02 1.5074907e+02      
1.4304917e+02 1.4868509e+02      
1.4027605e+02 1.4747291e+02      
1.3660406e+02 1.4717276e+02      
1.3392632e+02 1.4779503e+02      
1.3216309e+02 1.4922830e+02      
1.2969472e+02 1.5038453e+02      
1.2634518e+02 1.5111345e+02      
1.2224125e+02 1.5154171e+02      
1.1919699e+02 1.5272537e+02      
1.1727955e+02 1.5464866e+02      
1.1634097e+02 1.5711269e+02      
1.1630529e+02 1.5993500e+02      
1.1712909e+02 1.6294047e+02      
1.1877964e+02 1.6596459e+02      
1.2122486e+02 1.6885749e+02      
1.6327087e+02 1.3905655e+02      
1.6638695e+02 1.3581649e+02      
1.6815766e+02 1.3235752e+02      
1.6877084e+02 1.2880734e+02      
1.6811296e+02 1.2532397e+02      
1.6627598e+02 1.2281152e+02      
1.6329222e+02 1.2138880e+02      
1.5964739e+02 1.2100686e+02      
1.5647403e+02 1.2151073e+02      
1.5374538e+02 1.2275998e+02      
1.5080856e+02 1.2377020e+02      
1.4720478e+02 1.2441791e+02      
1.4288202e+02 1.2491737e+02      
1.3948927e+02 1.2626692e+02      
1.3718643e+02 1.2841157e+02      
1.3584769e+02 1.3115251e+02      
1.3540395e+02 1.3428381e+02      
1.3582093e+02 1.3759805e+02      
1.3706850e+02 1.4090525e+02      
1.3911585e+02 1.4403593e+02      
1.8156280e+02 1.1344027e+02      
1.8503411e+02 1.0973065e+02      
1.8683691e+02 1.0576554e+02      
1.8716840e+02 1.0164939e+02      
1.8594997e+02 9.7614183e+01      
1.8374197e+02 9.4691474e+01      
1.8042171e+02 9.3062260e+01      
1.7619287e+02 9.2642353e+01      
1.7274659e+02 9.2909141e+01      
1.7009558e+02 9.3740561e+01      
1.6701685e+02 9.4537312e+01      
1.6359799e+02 9.5044597e+01      
1.5989107e+02 9.5408042e+01      
1.5645935e+02 9.7061551e+01      
1.5398737e+02 9.9538422e+01      
1.5231849e+02 1.0273511e+02      
1.5150654e+02 1.0633192e+02      
1.5153935e+02 1.1009304e+02      
1.5239380e+02 1.1380140e+02      
1.5404796e+02 1.1726264e+02      
1.9351124e+02 8.6170217e+01      
1.9658326e+02 8.2029704e+01      
1.9821022e+02 7.7635904e+01      
1.9855965e+02 7.3048788e+01      
1.9752011e+02 6.8547088e+01      
1.9539088e+02 6.5216840e+01      
1.9208077e+02 6.3244398e+01      
1.8854678e+02 6.2240713e+01      
1.8494635e+02 6.2231634e+01      
1.8138948e+02 6.2924794e+01      
1.7801839e+02 6.3643737e+01      
1.7495685e+02 6.4056750e+01      
1.7234102e+02 6.4307453e+01      
1.6972882e+02 6.5796564e+01      
1.6744042e+02 6.8512254e+01      
1.6548037e+02 7.2350482e+01      
1.6438434e+02 7.6525306e+01      
1.6404265e+02 8.0909879e+01      
1.6451262e+02 8.5153815e+01      
1.6578356e+02 8.9041044e+01      
1.9929602e+02 5.8199568e+01      
2.0141158e+02 5.3789693e+01      
2.0269499e+02 4.9082007e+01      
2.0323234e+02 4.4108092e+01      
2.0321169e+02 3.9038902e+01      
2.0160329e+02 3.5225786e+01      
2.0012727e+02 3.1858003e+01      
1.9744641e+02 3.0156416e+01      
1.9375512e+02 3.0039937e+01      
1.8920513e+02 3.1167818e+01      
1.8552421e+02 3.2017035e+01      
1.8266328e+02 3.2418621e+01      
1.8052572e+02 3.2591095e+01      
1.7844507e+02 3.4063212e+01      
1.7653145e+02 3.6891081e+01      
1.7493707e+02 4.0808816e+01      
1.7381703e+02 4.5453897e+01      
1.7310244e+02 5.0657173e+01      
1.7324049e+02 5.5512090e+01      
1.7413354e+02 5.9933857e+01      
2.0196651e+02 2.9711202e+01      
2.0323137e+02 2.5082977e+01      
2.0407721e+02 2.0104565e+01      
2.0446034e+02 1.4857297e+01      
2.0435655e+02 9.5940690e+00      
2.0371605e+02 4.7390058e+00      
2.0303455e+02 4.0887925e-01      
2.0079487e+02 -1.6254443e+00      
1.9731746e+02 -1.7939655e+00      
1.9292428e+02 -5.8679155e-01      
1.8936327e+02 3.0628557e-01      
1.8665378e+02 7.5559913e-01      
1.8466602e+02 9.8406770e-01      
1.8285087e+02 2.6181820e+00      
1.8123660e+02 5.6770218e+00      
1.7992007e+02 9.8584619e+00      
1.7895156e+02 1.4867528e+01      
1.7838610e+02 2.0319853e+01      
1.7839638e+02 2.5601998e+01      
1.7891670e+02 3.0639946e+01      
2.0165771e+02 1.1488655e+00      
2.0229756e+02 -3.6662620e+00      
2.0271777e+02 -8.9052007e+00      
2.0284908e+02 -1.4509564e+01      
2.0267343e+02 -2.0311768e+01      
2.0221732e+02 -2.5966431e+01      
2.0134801e+02 -3.0696525e+01      
1.9901008e+02 -3.2385636e+01      
1.9591731e+02 -3.2502303e+01      
1.9250418e+02 -3.1799938e+01      
1.8941534e+02 -3.1006892e+01      
1.8689136e+02 -3.0422267e+01      
1.8493944e+02 -2.9937715e+01      
1.8325996e+02 -2.7912322e+01      
1.8184542e+02 -2.4404065e+01      
1.8071910e+02 -1.9760659e+01      
1.7988106e+02 -1.4253882e+01      
1.7934126e+02 -8.2695015e+00      
1.7937484e+02 -2.8690730e+00      
1.7997727e+02 1.9437770e+00      
1.9824106e+02 -2.6987086e+01      
1.9840431e+02 -3.1930413e+01      
1.9845306e+02 -3.7391385e+01      
1.9834480e+02 -4.3421573e+01      
1.9807587e+02 -4.9976372e+01      
1.9760430e+02 -5.6563957e+01      
1.9638148e+02 -6.1214382e+01      
1.9425932e+02 -6.3343866e+01      
1.9144354e+02 -6.3169876e+01      
1.8857775e+02 -6.2465093e+01      
1.8590278e+02 -6.1628983e+01      
1.8355128e+02 -6.0724479e+01      
1.8159302e+02 -5.9688404e+01      
1.8000305e+02 -5.6950582e+01      
1.7874928e+02 -5.2707935e+01      
1.7777761e+02 -4.7516326e+01      
1.7706035e+02 -4.1509229e+01      
1.7672058e+02 -3.5763971e+01      
1.7685569e+02 -3.0541831e+01      
1.7750472e+02 -2.5928496e+01      
1.9171989e+02 -5.4210200e+01      
1.9150116e+02 -5.9179257e+01      
1.9121993e+02 -6.4719789e+01      
1.9086017e+02 -7.1013103e+01      
1.9043565e+02 -7.8295005e+01      
1.8959139e+02 -8.4865690e+01      
1.8819709e+02 -8.9673535e+01      
1.8626299e+02 -9.2283155e+01      
1.8393013e+02 -9.2861160e+01      
1.8145559e+02 -9.2160973e+01      
1.7912915e+02 -9.1425756e+01      
1.7690242e+02 -8.9894788e+01      
1.7493271e+02 -8.7863294e+01      
1.7345413e+02 -8.4019942e+01      
1.7237167e+02 -7.8706385e+01      
1.7154536e+02 -7.3188196e+01      
1.7100281e+02 -6.7542428e+01      
1.7081380e+02 -6.2120819e+01      
1.7103340e+02 -5.7138084e+01      
1.7169245e+02 -5.2700598e+01      
1.8217746e+02 -8.0073801e+01      
1.8164249e+02 -8.4938388e+01      
1.8105986e+02 -9.0331237e+01      
1.8039536e+02 -9.6334857e+01      
1.7959031e+02 -1.0296588e+02      
1.7850086e+02 -1.0983060e+02      
1.7701608e+02 -1.1499192e+02      
1.7523915e+02 -1.1800765e+02      
1.7326421e+02 -1.1918394e+02      
1.7125445e+02 -1.2013977e+02      
1.6936372e+02 -1.2042863e+02      
1.6719265e+02 -1.1769960e+02      
1.6527814e+02 -1.1410416e+02      
1.6398987e+02 -1.0884807e+02      
1.6301186e+02 -1.0323183e+02      
1.6230370e+02 -9.7648252e+01      
1.6188692e+02 -9.2212662e+01      
1.6179759e+02 -8.7048329e+01      
1.6206831e+02 -8.2284361e+01      
1.6271828e+02 -7.8017218e+01      
1.6976141e+02 -1.0419134e+02      
1.6896519e+02 -1.0883707e+02      
1.6812237e+02 -1.1391224e+02      
1.6719200e+02 -1.1940646e+02      
1.6611895e+02 -1.2525335e+02      
1.6482499e+02 -1.3123116e+02      
1.6325644e+02 -1.3676364e+02      
1.6162166e+02 -1.4011863e+02      
1.5984662e+02 -1.4319095e+02      
1.5809920e+02 -1.4606569e+02      
1.5631640e+02 -1.4634503e+02      
1.5452649e+02 -1.4354874e+02      
1.5289177e+02 -1.3802383e+02      
1.5169295e+02 -1.3193788e+02      
1.5081568e+02 -1.2602642e+02      
1.5021068e+02 -1.2043931e+02      
1.4988690e+02 -1.1515269e+02      
1.4986469e+02 -1.1019563e+02      
1.5016270e+02 -1.0563197e+02      
1.5079067e+02 -1.0153096e+02      
1.5467236e+02 -1.2623573e+02      
1.5366595e+02 -1.3058804e+02      
1.5261491e+02 -1.3526770e+02      
1.5148579e+02 -1.4022101e+02      
1.5024096e+02 -1.4534803e+02      
1.4884361e+02 -1.5047587e+02      
1.4729068e+02 -1.5529463e+02      
1.4563369e+02 -1.5960385e+02      
1.4386837e+02 -1.6429476e+02      
1.4206836e+02 -1.6740273e+02      
1.4037688e+02 -1.6775651e+02      
1.3890010e+02 -1.6498406e+02      
1.3768439e+02 -1.5949030e+02      
1.3671626e+02 -1.5255883e+02      
1.3597185e+02 -1.4650801e+02      
1.3546654e+02 -1.4104037e+02      
1.3521859e+02 -1.3595107e+02      
1.3524413e+02 -1.3121057e+02      
1.3555446e+02 -1.2684869e+02      
1.3615293e+02 -1.2291574e+02      
1.3715429e+02 -1.4592694e+02      
1.3598407e+02 -1.4994701e+02      
1.3477433e+02 -1.5420650e+02      
1.3350225e+02 -1.5863511e+02      
1.3214569e+02 -1.6313283e+02      
1.3068858e+02 -1.6756670e+02      
1.2912953e+02 -1.7180076e+02      
1.2747546e+02 -1.7584643e+02      
1.2571224e+02 -1.7985261e+02      
1.2382629e+02 -1.8344965e+02      
1.2218607e+02 -1.8407041e+02      
1.2097769e+02 -1.8123795e+02      
1.2013070e+02 -1.7555230e+02      
1.1936134e+02 -1.6967625e+02      
1.1874178e+02 -1.6417363e+02      
1.1832617e+02 -1.5905879e+02      
1.1814128e+02 -1.5426317e+02      
1.1820232e+02 -1.4977864e+02      
1.1851641e+02 -1.4563467e+02      
1.1908250e+02 -1.4187726e+02      
1.1748776e+02 -1.6302282e+02      
1.1619388e+02 -1.6669594e+02      
1.1486752e+02 -1.7053622e+02      
1.1349547e+02 -1.7446899e+02      
1.1206649e+02 -1.7840164e+02      
1.1057420e+02 -1.8222843e+02      
1.0901911e+02 -1.8585086e+02      
1.0740559e+02 -1.8920423e+02      
1.0573509e+02 -1.9221536e+02      
1.0401920e+02 -1.9460822e+02      
1.0237290e+02 -1.9555760e+02      
1.0143124e+02 -1.9260078e+02      
1.0064253e+02 -1.8830729e+02      
9.9961153e+01 -1.8360130e+02      
9.9429400e+01 -1.7886839e+02      
9.9085373e+01 -1.7425820e+02      
9.8951670e+01 -1.6983474e+02      
9.9040068e+01 -1.6564421e+02      
9.9353884e+01 -1.6173576e+02      
9.9888512e+01 -1.5816194e+02      
9.5984948e+01 -1.7731661e+02      
9.4601077e+01 -1.8064300e+02      
9.3192520e+01 -1.8407735e+02      
9.1753936e+01 -1.8754506e+02      
9.0281963e+01 -1.9095924e+02      
8.8777019e+01 -1.9422356e+02      
8.7244569e+01 -1.9723720e+02      
8.5695590e+01 -1.9989055e+02      
8.4149045e+01 -2.0202962e+02      
8.2643720e+01 -2.0338607e+02      
8.1292338e+01 -2.0342542e+02      
8.0273129e+01 -2.0151527e+02      
7.9471077e+01 -1.9837539e+02      
7.8829879e+01 -1.9462361e+02      
7.8356941e+01 -1.9060291e+02      
7.8068304e+01 -1.8651800e+02      
7.7976508e+01 -1.8249281e+02      
7.8087607e+01 -1.7861313e+02      
7.8400749e+01 -1.7494884e+02      
7.8908062e+01 -1.7156228e+02      
7.2985101e+01 -1.8863833e+02      
7.1538954e+01 -1.9162754e+02      
7.0076056e+01 -1.9467605e+02      
6.8597323e+01 -1.9771107e+02      
6.7105426e+01 -2.0065000e+02      
6.5606164e+01 -2.0340094e+02      
6.4109780e+01 -2.0586191e+02      
6.2632606e+01 -2.0791391e+02      
6.1200416e+01 -2.0940319e+02      
5.9855428e+01 -2.1011917e+02      
5.8662309e+01 -2.0980378e+02      
5.7675322e+01 -2.0832653e+02      
5.6889852e+01 -2.0588936e+02      
5.6286776e+01 -2.0281738e+02      
5.5862410e+01 -1.9937846e+02      
5.5620901e+01 -1.9576695e+02      
5.5566396e+01 -1.9212150e+02      
5.5699279e+01 -1.8854541e+02      
5.6014628e+01 -1.8512118e+02      
5.6501571e+01 -1.8191864e+02      
