3.6351712e+01 2.2910715e+02      
3.6108698e+01 2.2780793e+02      
3.5630954e+01 2.2656494e+02      
3.4724562e+01 2.2539057e+02      
3.3489856e+01 2.2433829e+02      
3.2103580e+01 2.2345777e+02      
3.0625548e+01 2.2276000e+02      
2.8897569e+01 2.2216943e+02      
2.6697383e+01 2.2155536e+02      
2.4660348e+01 2.2115680e+02      
2.3127044e+01 2.2110473e+02      
2.2151468e+01 2.2143716e+02      
2.1721496e+01 2.2217637e+02      
2.1817731e+01 2.2332382e+02      
2.2438575e+01 2.2484824e+02      
2.3601369e+01 2.2668632e+02      
2.5330954e+01 2.2875357e+02      
2.7649376e+01 2.3095615e+02      
3.0570581e+01 2.3319941e+02      
3.4098617e+01 2.3539287e+02      
6.7445196e+01 2.1960682e+02      
6.8043696e+01 2.1831282e+02      
6.8209753e+01 2.1705329e+02      
6.7254446e+01 2.1574175e+02      
6.5797082e+01 2.1454588e+02      
6.4288338e+01 2.1355870e+02      
6.2843207e+01 2.1280200e+02      
6.1088065e+01 2.1217190e+02      
5.7656516e+01 2.1099951e+02      
5.4834020e+01 2.1018171e+02      
5.2842506e+01 2.0978467e+02      
5.1558853e+01 2.0981086e+02      
5.0869418e+01 2.1030017e+02      
5.0691928e+01 2.1127544e+02      
5.1009540e+01 2.1270143e+02      
5.1852447e+01 2.1449001e+02      
5.3260688e+01 2.1652833e+02      
5.5265741e+01 2.1869880e+02      
5.7885583e+01 2.2088955e+02      
6.1124596e+01 2.2299893e+02      
9.7306077e+01 2.0658508e+02      
9.9184064e+01 2.0528986e+02      
1.0059204e+02 2.0409955e+02      
9.9053213e+01 2.0252298e+02      
9.7101429e+01 2.0115560e+02      
9.5273053e+01 2.0003510e+02      
9.3855728e+01 1.9917828e+02      
9.1080677e+01 1.9808964e+02      
8.6730501e+01 1.9662763e+02      
8.3322280e+01 1.9548470e+02      
8.1016419e+01 1.9473531e+02      
7.9563960e+01 1.9440658e+02      
7.8716775e+01 1.9460647e+02      
7.8279847e+01 1.9543168e+02      
7.8251896e+01 1.9683019e+02      
7.8719049e+01 1.9865681e+02      
7.9751711e+01 2.0075285e+02      
8.1393865e+01 2.0296926e+02      
8.3666861e+01 2.0517443e+02      
8.6573760e+01 2.0725616e+02      
1.2511697e+02 1.9021993e+02      
1.2847312e+02 1.8880583e+02      
1.2981188e+02 1.8732299e+02      
1.2879428e+02 1.8577036e+02      
1.2628902e+02 1.8431207e+02      
1.2360653e+02 1.8299038e+02      
1.2118228e+02 1.8170966e+02      
1.1779272e+02 1.8029438e+02      
1.1303360e+02 1.7870865e+02      
1.0941092e+02 1.7732376e+02      
1.0705665e+02 1.7620586e+02      
1.0570781e+02 1.7540962e+02      
1.0496352e+02 1.7517700e+02      
1.0423169e+02 1.7591782e+02      
1.0376012e+02 1.7742256e+02      
1.0377396e+02 1.7941950e+02      
1.0437161e+02 1.8169003e+02      
1.0560438e+02 1.8404885e+02      
1.0749222e+02 1.8634526e+02      
1.1003299e+02 1.8845999e+02      
1.4954806e+02 1.7078733e+02      
1.5270449e+02 1.6898979e+02      
1.5390941e+02 1.6723019e+02      
1.5281950e+02 1.6559829e+02      
1.4986043e+02 1.6410146e+02      
1.4604713e+02 1.6262627e+02      
1.4369298e+02 1.6103374e+02      
1.4050294e+02 1.5936560e+02      
1.3595718e+02 1.5770656e+02      
1.3252705e+02 1.5610354e+02      
1.3039589e+02 1.5459373e+02      
1.2944438e+02 1.5318076e+02      
1.2939859e+02 1.5209541e+02      
1.2818997e+02 1.5290728e+02      
1.2713442e+02 1.5472571e+02      
1.2660017e+02 1.5708167e+02      
1.2670476e+02 1.5967568e+02      
1.2749020e+02 1.6228941e+02      
1.2896620e+02 1.6475871e+02      
1.3111941e+02 1.6696549e+02      
1.6764277e+02 1.4887828e+02      
1.7098832e+02 1.4669856e+02      
1.7218974e+02 1.4465425e+02      
1.7071838e+02 1.4293966e+02      
1.6707186e+02 1.4144757e+02      
1.6378973e+02 1.3976311e+02      
1.6125809e+02 1.3791349e+02      
1.5891626e+02 1.3595018e+02      
1.5516749e+02 1.3415685e+02      
1.5228609e+02 1.3231862e+02      
1.5053231e+02 1.3043730e+02      
1.4992952e+02 1.2845646e+02      
1.5026940e+02 1.2658971e+02      
1.4955199e+02 1.2681559e+02      
1.4792461e+02 1.2910087e+02      
1.4678372e+02 1.3203376e+02      
1.4635239e+02 1.3512944e+02      
1.4667015e+02 1.3811883e+02      
1.4772556e+02 1.4083754e+02      
1.4948676e+02 1.4318408e+02      
1.8179130e+02 1.2496878e+02      
1.8375999e+02 1.2274906e+02      
1.8505437e+02 1.2038911e+02      
1.8318518e+02 1.1863633e+02      
1.8055049e+02 1.1681669e+02      
1.7794579e+02 1.1484858e+02      
1.7557768e+02 1.1276647e+02      
1.7325874e+02 1.1064001e+02      
1.7070375e+02 1.0855868e+02      
1.6854331e+02 1.0646944e+02      
1.6716824e+02 1.0430411e+02      
1.6675365e+02 1.0193614e+02      
1.6718036e+02 9.9530151e+01      
1.6677861e+02 9.9270126e+01      
1.6555026e+02 1.0118509e+02      
1.6389900e+02 1.0479973e+02      
1.6293817e+02 1.0856661e+02      
1.6279449e+02 1.1204809e+02      
1.6344605e+02 1.1506984e+02      
1.6483289e+02 1.1757694e+02      
1.9269512e+02 9.9376558e+01      
1.9356516e+02 9.7174916e+01      
1.9383370e+02 9.4878212e+01      
1.9278704e+02 9.2700805e+01      
1.9101472e+02 9.0507839e+01      
1.8900702e+02 8.8234329e+01      
1.8697031e+02 8.5902054e+01      
1.8494930e+02 8.3564335e+01      
1.8299686e+02 8.1267662e+01      
1.8133662e+02 7.9002824e+01      
1.8021316e+02 7.6702951e+01      
1.7980689e+02 7.4232132e+01      
1.8005596e+02 7.1706104e+01      
1.7970350e+02 7.1307294e+01      
1.7875977e+02 7.2937045e+01      
1.7745946e+02 7.6199402e+01      
1.7610204e+02 8.0644921e+01      
1.7555212e+02 8.4680716e+01      
1.7585103e+02 8.8004289e+01      
1.7690916e+02 9.0641182e+01      
2.0052408e+02 7.2453038e+01      
2.0076806e+02 7.0215928e+01      
2.0064704e+02 6.7828303e+01      
1.9992633e+02 6.5369383e+01      
1.9866381e+02 6.2858514e+01      
1.9708204e+02 6.0290809e+01      
1.9538922e+02 5.7686918e+01      
1.9370188e+02 5.5115336e+01      
1.9210204e+02 5.2652785e+01      
1.9071702e+02 5.0314842e+01      
1.8969646e+02 4.8033543e+01      
1.8914170e+02 4.5784605e+01      
1.8895866e+02 4.3906419e+01      
1.8840977e+02 4.3924345e+01      
1.8754027e+02 4.5546373e+01      
1.8650158e+02 4.8448745e+01      
1.8546080e+02 5.2341475e+01      
1.8466004e+02 5.6779529e+01      
1.8472605e+02 6.0225972e+01      
1.8553380e+02 6.2880041e+01      
2.0522666e+02 4.4620658e+01      
2.0516547e+02 4.2301882e+01      
2.0496394e+02 3.9760868e+01      
2.0446998e+02 3.7055392e+01      
2.0349204e+02 3.4276840e+01      
2.0213385e+02 3.1441854e+01      
2.0071066e+02 2.8531156e+01      
1.9932055e+02 2.5674793e+01      
1.9796290e+02 2.3067039e+01      
1.9671604e+02 2.0766144e+01      
1.9568985e+02 1.8679359e+01      
1.9494008e+02 1.6747424e+01      
1.9406360e+02 1.6808619e+01      
1.9316624e+02 1.7723979e+01      
1.9220731e+02 1.9586684e+01      
1.9125803e+02 2.2287843e+01      
1.9043716e+02 2.5596585e+01      
1.8992059e+02 2.9124002e+01      
1.8996408e+02 3.2233786e+01      
1.9060866e+02 3.4753998e+01      
2.0669044e+02 1.6345098e+01      
2.0646748e+02 1.3942266e+01      
2.0629941e+02 1.1245091e+01      
2.0616841e+02 8.2637197e+00      
2.0537238e+02 5.2519053e+00      
2.0398701e+02 2.2102425e+00      
2.0281341e+02 -1.1102582e+00      
2.0178672e+02 -4.4599601e+00      
2.0058612e+02 -7.2024148e+00      
1.9938969e+02 -9.3728141e+00      
1.9826398e+02 -1.0906848e+01      
1.9716336e+02 -1.1558744e+01      
1.9598221e+02 -1.0886102e+01      
1.9478486e+02 -9.2799784e+00      
1.9366064e+02 -7.0479350e+00      
1.9268907e+02 -4.3651010e+00      
1.9195256e+02 -1.4070448e+00      
1.9155438e+02 1.5829339e+00      
1.9159652e+02 4.3289866e+00      
1.9212223e+02 6.6565703e+00      
2.0483251e+02 -1.1898955e+01      
2.0447595e+02 -1.4350665e+01      
2.0424281e+02 -1.7125054e+01      
2.0412981e+02 -2.0243106e+01      
2.0345588e+02 -2.3425806e+01      
2.0229283e+02 -2.6715447e+01      
2.0147565e+02 -3.0544147e+01      
2.0109669e+02 -3.4906769e+01      
1.9995438e+02 -3.7823878e+01      
1.9884334e+02 -4.0011587e+01      
1.9765031e+02 -4.1059553e+01      
1.9631211e+02 -4.0795685e+01      
1.9481391e+02 -3.9238485e+01      
1.9325285e+02 -3.6750614e+01      
1.9190409e+02 -3.4022198e+01      
1.9084736e+02 -3.1237962e+01      
1.9010255e+02 -2.8434924e+01      
1.8970993e+02 -2.5713198e+01      
1.8971170e+02 -2.3210373e+01      
1.9012761e+02 -2.1048455e+01      
1.9964767e+02 -3.9656006e+01      
1.9914997e+02 -4.2105241e+01      
1.9873972e+02 -4.4842433e+01      
1.9833548e+02 -4.7861432e+01      
1.9773268e+02 -5.1112855e+01      
1.9698188e+02 -5.4671109e+01      
1.9638838e+02 -5.8739706e+01      
1.9606179e+02 -6.3353891e+01      
1.9582940e+02 -6.8024241e+01      
1.9502264e+02 -7.0675266e+01      
1.9381853e+02 -7.1340000e+01      
1.9229286e+02 -7.0200994e+01      
1.9045464e+02 -6.7490124e+01      
1.8838324e+02 -6.3706324e+01      
1.8682685e+02 -6.0515548e+01      
1.8568520e+02 -5.7649875e+01      
1.8489956e+02 -5.4939698e+01      
1.8447169e+02 -5.2380874e+01      
1.8441267e+02 -5.0036340e+01      
1.8472271e+02 -4.7990835e+01      
1.9121122e+02 -6.6506099e+01      
1.9058676e+02 -6.8909672e+01      
1.9003939e+02 -7.1548607e+01      
1.8951048e+02 -7.4444320e+01      
1.8893910e+02 -7.7640094e+01      
1.8835001e+02 -8.1227458e+01      
1.8785283e+02 -8.5348116e+01      
1.8756453e+02 -9.0178185e+01      
1.8748152e+02 -9.5470123e+01      
1.8679260e+02 -9.8225386e+01      
1.8557146e+02 -9.8354328e+01      
1.8390555e+02 -9.6247574e+01      
1.8183874e+02 -9.2450509e+01      
1.7995156e+02 -8.8897765e+01      
1.7841520e+02 -8.5795822e+01      
1.7724312e+02 -8.3018503e+01      
1.7642075e+02 -8.0436328e+01      
1.7595009e+02 -7.8010725e+01      
1.7583027e+02 -7.5772689e+01      
1.7604643e+02 -7.3794158e+01      
1.7965224e+02 -9.2072936e+01      
1.7892988e+02 -9.4395694e+01      
1.7831524e+02 -9.6870348e+01      
1.7775389e+02 -9.9561822e+01      
1.7719809e+02 -1.0256109e+02      
1.7664754e+02 -1.0597021e+02      
1.7614693e+02 -1.0992104e+02      
1.7576199e+02 -1.1461267e+02      
1.7546763e+02 -1.1975659e+02      
1.7470085e+02 -1.2205556e+02      
1.7344428e+02 -1.2136773e+02      
1.7173683e+02 -1.1834943e+02      
1.6994915e+02 -1.1514462e+02      
1.6827612e+02 -1.1214472e+02      
1.6682668e+02 -1.0941307e+02      
1.6565645e+02 -1.0689715e+02      
1.6480416e+02 -1.0451822e+02      
1.6429717e+02 -1.0222849e+02      
1.6413379e+02 -1.0005494e+02      
1.6428120e+02 -9.8089103e+01      
1.6512605e+02 -1.1604316e+02      
1.6433150e+02 -1.1825287e+02      
1.6372333e+02 -1.2044879e+02      
1.6319404e+02 -1.2280091e+02      
1.6266177e+02 -1.2545844e+02      
1.6210804e+02 -1.2850903e+02      
1.6154650e+02 -1.3204168e+02      
1.6099098e+02 -1.3620833e+02      
1.6039677e+02 -1.4066424e+02      
1.5951487e+02 -1.4205374e+02      
1.5827203e+02 -1.4045940e+02      
1.5679227e+02 -1.3817388e+02      
1.5523200e+02 -1.3573258e+02      
1.5371299e+02 -1.3334163e+02      
1.5232307e+02 -1.3108258e+02      
1.5113565e+02 -1.2895619e+02      
1.5023499e+02 -1.2687489e+02      
1.4970083e+02 -1.2472831e+02      
1.4953372e+02 -1.2255085e+02      
1.4965687e+02 -1.2051999e+02      
1.4777643e+02 -1.3822815e+02      
1.4692829e+02 -1.4029694e+02      
1.4647762e+02 -1.4195499e+02      
1.4607165e+02 -1.4378449e+02      
1.4558312e+02 -1.4598327e+02      
1.4501617e+02 -1.4854727e+02      
1.4438418e+02 -1.5146799e+02      
1.4367723e+02 -1.5477407e+02      
1.4284527e+02 -1.5808564e+02      
1.4192554e+02 -1.5835983e+02      
1.4076766e+02 -1.5740541e+02      
1.3943550e+02 -1.5588572e+02      
1.3801755e+02 -1.5411571e+02      
1.3659055e+02 -1.5228791e+02      
1.3521451e+02 -1.5053413e+02      
1.3394527e+02 -1.4892224e+02      
1.3291035e+02 -1.4732621e+02      
1.3235726e+02 -1.4532171e+02      
1.3228672e+02 -1.4295365e+02      
1.3245956e+02 -1.4073238e+02      
1.2785135e+02 -1.5834577e+02      
1.2696085e+02 -1.6025314e+02      
1.2696198e+02 -1.6089813e+02      
1.2673647e+02 -1.6211403e+02      
1.2628391e+02 -1.6383989e+02      
1.2569560e+02 -1.6588807e+02      
1.2500642e+02 -1.6813691e+02      
1.2422064e+02 -1.7042031e+02      
1.2333101e+02 -1.7223906e+02      
1.2233995e+02 -1.7275764e+02      
1.2121155e+02 -1.7233912e+02      
1.1996029e+02 -1.7137506e+02      
1.1862928e+02 -1.7011244e+02      
1.1725847e+02 -1.6874659e+02      
1.1587023e+02 -1.6744799e+02      
1.1445663e+02 -1.6640589e+02      
1.1309050e+02 -1.6565461e+02      
1.1252672e+02 -1.6377938e+02      
1.1275885e+02 -1.6083973e+02      
1.1304876e+02 -1.5834010e+02      
1.0671580e+02 -1.7425390e+02      
1.0580267e+02 -1.7598904e+02      
1.0584459e+02 -1.7645815e+02      
1.0560531e+02 -1.7741260e+02      
1.0511805e+02 -1.7879592e+02      
1.0448584e+02 -1.8040407e+02      
1.0374711e+02 -1.8208243e+02      
1.0291492e+02 -1.8363642e+02      
1.0199207e+02 -1.8477719e+02      
1.0097714e+02 -1.8525175e+02      
9.9866743e+01 -1.8508379e+02      
9.8669369e+01 -1.8444705e+02      
9.7404281e+01 -1.8352125e+02      
9.6087218e+01 -1.8247468e+02      
9.4712981e+01 -1.8147957e+02      
9.3227972e+01 -1.8075432e+02      
9.1689095e+01 -1.8030747e+02      
9.1117915e+01 -1.7854589e+02      
9.1506345e+01 -1.7553314e+02      
9.1847825e+01 -1.7295606e+02      
8.4941290e+01 -1.8587665e+02      
8.4022279e+01 -1.8743818e+02      
8.3514339e+01 -1.8847462e+02      
8.3026207e+01 -1.8951431e+02      
8.2428329e+01 -1.9070998e+02      
8.1728421e+01 -1.9199448e+02      
8.0940933e+01 -1.9325706e+02      
8.0074320e+01 -1.9435683e+02      
7.9132589e+01 -1.9513569e+02      
7.8117925e+01 -1.9547774e+02      
7.7033580e+01 -1.9537137e+02      
7.5887177e+01 -1.9489205e+02      
7.4689621e+01 -1.9415230e+02      
7.3448204e+01 -1.9327609e+02      
7.2154811e+01 -1.9239647e+02      
7.0759238e+01 -1.9167577e+02      
6.9282695e+01 -1.9112386e+02      
6.8709562e+01 -1.8945444e+02      
6.9032068e+01 -1.8672898e+02      
6.9275770e+01 -1.8432764e+02      
