2.2255858e+01 2.5012381e+02      
2.0094169e+01 2.4804467e+02      
1.8394449e+01 2.4592324e+02      
1.7097519e+01 2.4386142e+02      
1.6138984e+01 2.4195807e+02      
1.5495827e+01 2.4028173e+02      
1.5216938e+01 2.3885385e+02      
1.5387980e+01 2.3766536e+02      
1.6081099e+01 2.3670340e+02      
1.7333227e+01 2.3596542e+02      
1.9145158e+01 2.3546107e+02      
2.1489101e+01 2.3520631e+02      
2.4314449e+01 2.3521222e+02      
2.7536655e+01 2.3546775e+02      
3.1004719e+01 2.3591761e+02      
3.4548815e+01 2.3648421e+02      
3.8104548e+01 2.3712479e+02      
4.1662495e+01 2.3779852e+02      
4.5241440e+01 2.3845107e+02      
4.8908981e+01 2.3903061e+02      
4.9970067e+01 2.4073475e+02      
4.8011254e+01 2.3840768e+02      
4.6546266e+01 2.3599657e+02      
4.5471936e+01 2.3364006e+02      
4.4634198e+01 2.3149372e+02      
4.3947236e+01 2.2966387e+02      
4.3535375e+01 2.2813983e+02      
4.3584181e+01 2.2686214e+02      
4.4216365e+01 2.2578926e+02      
4.5482939e+01 2.2491235e+02      
4.7377900e+01 2.2425203e+02      
4.9861814e+01 2.2384674e+02      
5.2887657e+01 2.2373755e+02      
5.6404447e+01 2.2394919e+02      
6.0196046e+01 2.2440470e+02      
6.3771490e+01 2.2488024e+02      
6.7218068e+01 2.2542522e+02      
7.0530595e+01 2.2600263e+02      
7.3704042e+01 2.2653002e+02      
7.6834950e+01 2.2694303e+02      
7.6348762e+01 2.2773980e+02      
7.4668049e+01 2.2509504e+02      
7.3562509e+01 2.2229252e+02      
7.2895697e+01 2.1951416e+02      
7.2330709e+01 2.1702892e+02      
7.1432403e+01 2.1510900e+02      
7.0693969e+01 2.1358139e+02      
7.0498011e+01 2.1227778e+02      
7.1010883e+01 2.1111903e+02      
7.2281933e+01 2.1009441e+02      
7.4274174e+01 2.0924758e+02      
7.6908126e+01 2.0865465e+02      
8.0126279e+01 2.0840094e+02      
8.3972158e+01 2.0858199e+02      
8.8463189e+01 2.0923456e+02      
9.2021865e+01 2.0960054e+02      
9.5422068e+01 2.1013430e+02      
9.8441514e+01 2.1069093e+02      
1.0106246e+02 2.1115060e+02      
1.0341186e+02 2.1142784e+02      
1.0089709e+02 2.1143156e+02      
9.9556437e+01 2.0839596e+02      
9.8957033e+01 2.0506509e+02      
9.8956269e+01 2.0166759e+02      
9.9051663e+01 1.9863326e+02      
9.7516953e+01 1.9680443e+02      
9.6170354e+01 1.9543806e+02      
9.5572354e+01 1.9420840e+02      
9.5913067e+01 1.9299015e+02      
9.7212106e+01 1.9178681e+02      
9.9361490e+01 1.9068639e+02      
1.0217144e+02 1.8982864e+02      
1.0551405e+02 1.8935093e+02      
1.0938618e+02 1.8935606e+02      
1.1380605e+02 1.8984967e+02      
1.1851826e+02 1.9066486e+02      
1.2211244e+02 1.9138773e+02      
1.2476308e+02 1.9202078e+02      
1.2665888e+02 1.9249411e+02      
1.2797658e+02 1.9269669e+02      
1.2310895e+02 1.9219348e+02      
1.2211491e+02 1.8871808e+02      
1.2211252e+02 1.8471761e+02      
1.2285862e+02 1.8053187e+02      
1.2271006e+02 1.7727456e+02      
1.2137766e+02 1.7518732e+02      
1.1930272e+02 1.7412320e+02      
1.1818006e+02 1.7307895e+02      
1.1832404e+02 1.7181211e+02      
1.1973775e+02 1.7035852e+02      
1.2223862e+02 1.6886908e+02      
1.2531326e+02 1.6761973e+02      
1.2872531e+02 1.6681932e+02      
1.3245117e+02 1.6659468e+02      
1.3662178e+02 1.6698747e+02      
1.4126378e+02 1.6789829e+02      
1.4459003e+02 1.6879637e+02      
1.4664013e+02 1.6959642e+02      
1.4764085e+02 1.7021016e+02      
1.4792324e+02 1.7050078e+02      
1.4248843e+02 1.7049278e+02      
1.4167172e+02 1.6666054e+02      
1.4214512e+02 1.6196310e+02      
1.4256342e+02 1.5752181e+02      
1.4223471e+02 1.5400557e+02      
1.4099825e+02 1.5166741e+02      
1.3917639e+02 1.5035797e+02      
1.3758431e+02 1.4951171e+02      
1.3759906e+02 1.4810878e+02      
1.3916598e+02 1.4631783e+02      
1.4232209e+02 1.4424968e+02      
1.4576855e+02 1.4244463e+02      
1.4921704e+02 1.4121056e+02      
1.5262178e+02 1.4072970e+02      
1.5613356e+02 1.4103969e+02      
1.5976500e+02 1.4200904e+02      
1.6236698e+02 1.4305371e+02      
1.6360143e+02 1.4411866e+02      
1.6373416e+02 1.4503949e+02      
1.6427914e+02 1.4570825e+02      
1.5866339e+02 1.4679321e+02      
1.5756659e+02 1.4294009e+02      
1.5735312e+02 1.3842309e+02      
1.5770514e+02 1.3352064e+02      
1.5731265e+02 1.2963446e+02      
1.5602354e+02 1.2712339e+02      
1.5416232e+02 1.2574837e+02      
1.5309730e+02 1.2423610e+02      
1.5324234e+02 1.2240103e+02      
1.5469732e+02 1.2027729e+02      
1.5743940e+02 1.1792148e+02      
1.6118241e+02 1.1546512e+02      
1.6461829e+02 1.1370338e+02      
1.6752922e+02 1.1296405e+02      
1.7017208e+02 1.1319066e+02      
1.7351499e+02 1.1378266e+02      
1.7542787e+02 1.1494547e+02      
1.7587850e+02 1.1642718e+02      
1.7637517e+02 1.1778927e+02      
1.7727442e+02 1.1888063e+02      
1.7150430e+02 1.2144518e+02      
1.6999252e+02 1.1768874e+02      
1.6909522e+02 1.1343360e+02      
1.6864130e+02 1.0888700e+02      
1.6820650e+02 1.0455293e+02      
1.6679844e+02 1.0190688e+02      
1.6552802e+02 9.9632168e+01      
1.6489989e+02 9.7375584e+01      
1.6516546e+02 9.5038064e+01      
1.6642566e+02 9.2584013e+01      
1.6867306e+02 8.9996776e+01      
1.7175278e+02 8.7319601e+01      
1.7514400e+02 8.4886535e+01      
1.7745103e+02 8.3891755e+01      
1.8001203e+02 8.3414636e+01      
1.8292679e+02 8.3528762e+01      
1.8411673e+02 8.5057471e+01      
1.8489140e+02 8.7045242e+01      
1.8576500e+02 8.8955552e+01      
1.8693569e+02 9.0535123e+01      
1.8099429e+02 9.4767658e+01      
1.7909894e+02 9.1091645e+01      
1.7765931e+02 8.7008276e+01      
1.7656187e+02 8.2720108e+01      
1.7557961e+02 7.8599153e+01      
1.7447283e+02 7.5106107e+01      
1.7357623e+02 7.1981661e+01      
1.7318648e+02 6.9061521e+01      
1.7347127e+02 6.6292788e+01      
1.7452304e+02 6.3566851e+01      
1.7634204e+02 6.0782059e+01      
1.7884744e+02 5.7880318e+01      
1.8176933e+02 5.4982847e+01      
1.8386576e+02 5.3314419e+01      
1.8621906e+02 5.1942108e+01      
1.8861702e+02 5.1389007e+01      
1.8983020e+02 5.3567905e+01      
1.9081531e+02 5.6400783e+01      
1.9191425e+02 5.9066960e+01      
1.9324977e+02 6.1227472e+01      
1.8712689e+02 6.7126560e+01      
1.8490891e+02 6.3476088e+01      
1.8306218e+02 5.9432824e+01      
1.8152643e+02 5.5168970e+01      
1.8022034e+02 5.0910235e+01      
1.7912407e+02 4.6843033e+01      
1.7835934e+02 4.3005621e+01      
1.7805663e+02 3.9483234e+01      
1.7825535e+02 3.6464008e+01      
1.7908295e+02 3.3615039e+01      
1.8054362e+02 3.0717746e+01      
1.8252271e+02 2.7710904e+01      
1.8475587e+02 2.4674984e+01      
1.8690263e+02 2.1869439e+01      
1.8914326e+02 1.9411749e+01      
1.9109351e+02 1.9084373e+01      
1.9252729e+02 2.1176546e+01      
1.9358464e+02 2.5137665e+01      
1.9478909e+02 2.8780770e+01      
1.9620953e+02 3.1583914e+01      
1.8990531e+02 3.8940851e+01      
1.8742185e+02 3.5259148e+01      
1.8525889e+02 3.1149636e+01      
1.8340141e+02 2.6741267e+01      
1.8184231e+02 2.2183946e+01      
1.8061680e+02 1.7615631e+01      
1.7982666e+02 1.3118263e+01      
1.7956699e+02 8.8622041e+00      
1.7955479e+02 5.9716884e+00      
1.8016775e+02 3.1971361e+00      
1.8136092e+02 2.9088963e-01      
1.8298803e+02 -2.7899951e+00      
1.8484197e+02 -6.0608240e+00      
1.8674588e+02 -9.6248433e+00      
1.8854595e+02 -1.1816635e+01      
1.9021405e+02 -1.1859727e+01      
1.9171914e+02 -9.6261853e+00      
1.9307302e+02 -5.6149993e+00      
1.9436718e+02 -9.9536864e-01      
1.9583180e+02 2.2941528e+00      
1.8935829e+02 1.0669356e+01      
1.8665307e+02 6.9175144e+00      
1.8422596e+02 2.6768800e+00      
1.8208968e+02 -1.9618757e+00      
1.8027216e+02 -6.8908081e+00      
1.7883354e+02 -1.1980189e+01      
1.7786679e+02 -1.7044509e+01      
1.7742424e+02 -2.1640173e+01      
1.7732939e+02 -2.4551490e+01      
1.7782405e+02 -2.7138641e+01      
1.7886790e+02 -2.9949070e+01      
1.8033640e+02 -3.3105360e+01      
1.8199833e+02 -3.6328622e+01      
1.8349439e+02 -3.8926044e+01      
1.8483677e+02 -4.0885307e+01      
1.8622597e+02 -4.0588486e+01      
1.8772788e+02 -3.7877863e+01      
1.8924267e+02 -3.3358699e+01      
1.9068559e+02 -2.9241092e+01      
1.9218190e+02 -2.6032764e+01      
1.8555387e+02 -1.7207595e+01      
1.8265918e+02 -2.1042790e+01      
1.7999595e+02 -2.5438413e+01      
1.7759010e+02 -3.0341064e+01      
1.7548405e+02 -3.5692513e+01      
1.7375543e+02 -4.1366388e+01      
1.7251975e+02 -4.7019901e+01      
1.7181192e+02 -5.1510614e+01      
1.7165861e+02 -5.4623176e+01      
1.7212171e+02 -5.6740400e+01      
1.7311716e+02 -5.9335013e+01      
1.7457397e+02 -6.2643648e+01      
1.7635209e+02 -6.6358294e+01      
1.7743554e+02 -6.7577881e+01      
1.7845695e+02 -6.7761109e+01      
1.7951693e+02 -6.6934489e+01      
1.8100284e+02 -6.3495139e+01      
1.8247241e+02 -5.9582028e+01      
1.8391435e+02 -5.5992121e+01      
1.8538244e+02 -5.3040927e+01      
1.7860766e+02 -4.4206502e+01      
1.7555078e+02 -4.8110420e+01      
1.7266934e+02 -5.2645979e+01      
1.6999176e+02 -5.7790977e+01      
1.6756187e+02 -6.3546813e+01      
1.6545801e+02 -6.9833754e+01      
1.6390146e+02 -7.5343335e+01      
1.6296347e+02 -7.9712614e+01      
1.6270240e+02 -8.2830201e+01      
1.6317873e+02 -8.4802318e+01      
1.6418916e+02 -8.7099317e+01      
1.6559952e+02 -9.0321201e+01      
1.6726584e+02 -9.4239749e+01      
1.6846020e+02 -9.5482102e+01      
1.6929283e+02 -9.3905422e+01      
1.7028981e+02 -9.1388528e+01      
1.7152586e+02 -8.7991918e+01      
1.7285365e+02 -8.4433717e+01      
1.7420766e+02 -8.1191111e+01      
1.7558938e+02 -7.8473055e+01      
1.6868551e+02 -6.9857368e+01      
1.6549644e+02 -7.3787507e+01      
1.6241561e+02 -7.8415294e+01      
1.5946336e+02 -8.3740273e+01      
1.5669500e+02 -8.9704751e+01      
1.5423941e+02 -9.5989761e+01      
1.5241428e+02 -1.0130235e+02      
1.5126608e+02 -1.0553745e+02      
1.5084438e+02 -1.0868521e+02      
1.5120709e+02 -1.1084377e+02      
1.5230622e+02 -1.1251980e+02      
1.5363406e+02 -1.1527724e+02      
1.5505777e+02 -1.1897777e+02      
1.5625006e+02 -1.2021680e+02      
1.5724111e+02 -1.1874465e+02      
1.5818425e+02 -1.1500405e+02      
1.5928960e+02 -1.1112812e+02      
1.6048598e+02 -1.0760406e+02      
1.6172276e+02 -1.0456570e+02      
1.6298485e+02 -1.0204412e+02      
1.5600099e+02 -9.3719280e+01      
1.5272202e+02 -9.7602212e+01      
1.4947323e+02 -1.0224608e+02      
1.4625268e+02 -1.0768341e+02      
1.4315202e+02 -1.1375574e+02      
1.4055644e+02 -1.1944166e+02      
1.3855799e+02 -1.2440402e+02      
1.3722060e+02 -1.2847747e+02      
1.3661416e+02 -1.3157428e+02      
1.3681869e+02 -1.3367082e+02      
1.3785519e+02 -1.3495182e+02      
1.3909313e+02 -1.3689241e+02      
1.4027680e+02 -1.3970413e+02      
1.4137817e+02 -1.4057498e+02      
1.4240025e+02 -1.3936278e+02      
1.4340323e+02 -1.3633457e+02      
1.4446075e+02 -1.3204207e+02      
1.4554869e+02 -1.2859146e+02      
1.4665990e+02 -1.2577404e+02      
1.4778589e+02 -1.2345369e+02      
1.4080598e+02 -1.1539940e+02      
1.3750279e+02 -1.1912177e+02      
1.3417085e+02 -1.2362075e+02      
1.3074904e+02 -1.2900976e+02      
1.2766703e+02 -1.3441751e+02      
1.2502998e+02 -1.3955156e+02      
1.2290693e+02 -1.4420485e+02      
1.2138580e+02 -1.4815236e+02      
1.2057248e+02 -1.5115897e+02      
1.2053180e+02 -1.5313677e+02      
1.2122382e+02 -1.5426843e+02      
1.2244337e+02 -1.5500193e+02      
1.2351960e+02 -1.5596904e+02      
1.2450127e+02 -1.5612110e+02      
1.2544098e+02 -1.5503594e+02      
1.2637308e+02 -1.5279590e+02      
1.2732244e+02 -1.4983245e+02      
1.2828847e+02 -1.4698842e+02      
1.2926625e+02 -1.4451418e+02      
1.3024762e+02 -1.4242786e+02      
1.2337391e+02 -1.3457881e+02      
1.2012378e+02 -1.3801462e+02      
1.1688163e+02 -1.4206833e+02      
1.1369673e+02 -1.4664232e+02      
1.1074408e+02 -1.5137783e+02      
1.0812040e+02 -1.5605919e+02      
1.0587921e+02 -1.6055809e+02      
1.0412676e+02 -1.6459904e+02      
1.0308581e+02 -1.6756157e+02      
1.0283612e+02 -1.6924537e+02      
1.0327724e+02 -1.6987222e+02      
1.0407685e+02 -1.7010107e+02      
1.0491752e+02 -1.7019143e+02      
1.0573202e+02 -1.6984172e+02      
1.0653421e+02 -1.6880120e+02      
1.0733985e+02 -1.6708322e+02      
1.0815834e+02 -1.6492924e+02      
1.0898959e+02 -1.6268556e+02      
1.0982704e+02 -1.6058777e+02      
1.1066008e+02 -1.5874638e+02      
1.0398912e+02 -1.5102344e+02      
1.0084074e+02 -1.5410636e+02      
9.7733777e+01 -1.5766491e+02      
9.4724288e+01 -1.6159741e+02      
9.1889891e+01 -1.6575068e+02      
8.9284545e+01 -1.7001852e+02      
8.6904972e+01 -1.7443688e+02      
8.4773501e+01 -1.7898795e+02      
8.3482037e+01 -1.8194459e+02      
8.3090938e+01 -1.8319664e+02      
8.3528506e+01 -1.8281848e+02      
8.4093509e+01 -1.8251714e+02      
8.4688731e+01 -1.8220294e+02      
8.5304968e+01 -1.8161737e+02      
8.5940470e+01 -1.8061597e+02      
8.6596651e+01 -1.7919569e+02      
8.7272541e+01 -1.7747878e+02      
8.7962673e+01 -1.7564700e+02      
8.8657230e+01 -1.7386288e+02      
8.9342834e+01 -1.7223953e+02      
8.2954592e+01 -1.6456100e+02      
7.9927633e+01 -1.6728037e+02      
7.6951782e+01 -1.7038421e+02      
7.4075064e+01 -1.7379219e+02      
7.1346843e+01 -1.7741315e+02      
6.8797660e+01 -1.8119026e+02      
6.6403863e+01 -1.8517940e+02      
6.4151918e+01 -1.8936170e+02      
6.2726417e+01 -1.9203486e+02      
6.2166442e+01 -1.9307352e+02      
6.2429408e+01 -1.9253985e+02      
6.2749381e+01 -1.9208441e+02      
6.3103796e+01 -1.9162508e+02      
6.3511876e+01 -1.9096498e+02      
6.3968428e+01 -1.9001834e+02      
6.4465403e+01 -1.8878484e+02      
6.4993563e+01 -1.8733480e+02      
6.5541615e+01 -1.8577757e+02      
6.6095732e+01 -1.8422574e+02      
6.6639523e+01 -1.8277386e+02      
