2.2702689e+01 2.1559603e+02      
2.4513634e+01 2.1302664e+02      
2.6807930e+01 2.1076941e+02      
2.9299525e+01 2.0893404e+02      
3.1617911e+01 2.0760473e+02      
3.3947678e+01 2.0674140e+02      
3.6359466e+01 2.0625678e+02      
3.8752605e+01 2.0604930e+02      
4.1045732e+01 2.0606411e+02      
4.3316960e+01 2.0634074e+02      
4.5473744e+01 2.0675963e+02      
4.6966816e+01 2.0681638e+02      
4.7609548e+01 2.0635337e+02      
4.7631452e+01 2.0557303e+02      
4.7639012e+01 2.0505091e+02      
4.7744278e+01 2.0504552e+02      
4.7801071e+01 2.0562800e+02      
4.7847775e+01 2.0673340e+02      
4.8132277e+01 2.0818539e+02      
4.8863119e+01 2.0982196e+02      
5.2971436e+01 2.0522810e+02      
5.5466663e+01 2.0257616e+02      
5.8603936e+01 2.0022679e+02      
6.1995040e+01 1.9836642e+02      
6.4460880e+01 1.9721118e+02      
6.7020492e+01 1.9662537e+02      
6.9823113e+01 1.9645097e+02      
7.2593677e+01 1.9649110e+02      
7.4921868e+01 1.9655038e+02      
7.7386892e+01 1.9699753e+02      
8.0293941e+01 1.9801469e+02      
8.1904489e+01 1.9806213e+02      
8.2068137e+01 1.9706497e+02      
8.0959354e+01 1.9511994e+02      
8.0452633e+01 1.9379782e+02      
8.0349785e+01 1.9319744e+02      
7.9836695e+01 1.9349809e+02      
7.8906930e+01 1.9458094e+02      
7.8307233e+01 1.9599583e+02      
7.8338280e+01 1.9750705e+02      
8.1613011e+01 1.9145469e+02      
8.4847671e+01 1.8864175e+02      
8.8890493e+01 1.8610188e+02      
9.2632351e+01 1.8424319e+02      
9.5849079e+01 1.8320195e+02      
9.8717274e+01 1.8300323e+02      
1.0210658e+02 1.8327625e+02      
1.0558043e+02 1.8372971e+02      
1.0740137e+02 1.8351178e+02      
1.0947228e+02 1.8373162e+02      
1.1236002e+02 1.8456556e+02      
1.1386585e+02 1.8441011e+02      
1.1372031e+02 1.8309751e+02      
1.1209494e+02 1.8074790e+02      
1.1144829e+02 1.7887319e+02      
1.1178903e+02 1.7753535e+02      
1.1071277e+02 1.7766348e+02      
1.0821517e+02 1.7910572e+02      
1.0659220e+02 1.8063049e+02      
1.0591124e+02 1.8207194e+02      
1.0791349e+02 1.7460141e+02      
1.1177489e+02 1.7157471e+02      
1.1596839e+02 1.6895639e+02      
1.2004226e+02 1.6707745e+02      
1.2395703e+02 1.6612735e+02      
1.2793646e+02 1.6612955e+02      
1.3210233e+02 1.6683367e+02      
1.3544308e+02 1.6711122e+02      
1.3743555e+02 1.6692888e+02      
1.3847936e+02 1.6662370e+02      
1.4050924e+02 1.6680791e+02      
1.4165971e+02 1.6629809e+02      
1.4157069e+02 1.6492319e+02      
1.4010437e+02 1.6274475e+02      
1.3942103e+02 1.6079416e+02      
1.3951096e+02 1.5913824e+02      
1.3787909e+02 1.5922300e+02      
1.3460985e+02 1.6090136e+02      
1.3228614e+02 1.6248914e+02      
1.3102633e+02 1.6384872e+02      
1.3117407e+02 1.5508624e+02      
1.3477898e+02 1.5215906e+02      
1.3918559e+02 1.4936800e+02      
1.4349562e+02 1.4739474e+02      
1.4778128e+02 1.4651502e+02      
1.5257200e+02 1.4670707e+02      
1.5709325e+02 1.4693049e+02      
1.6054073e+02 1.4689927e+02      
1.6255946e+02 1.4658329e+02      
1.6339706e+02 1.4606795e+02      
1.6375650e+02 1.4540374e+02      
1.6462254e+02 1.4453569e+02      
1.6516205e+02 1.4327692e+02      
1.6491028e+02 1.4172858e+02      
1.6402275e+02 1.4017500e+02      
1.6323003e+02 1.3873093e+02      
1.6097918e+02 1.3889395e+02      
1.5748270e+02 1.4053001e+02      
1.5486165e+02 1.4198903e+02      
1.5322294e+02 1.4319745e+02      
1.5132048e+02 1.3313755e+02      
1.5456599e+02 1.3034829e+02      
1.5847792e+02 1.2775159e+02      
1.6278774e+02 1.2560491e+02      
1.6676303e+02 1.2470925e+02      
1.7133142e+02 1.2433054e+02      
1.7645018e+02 1.2411401e+02      
1.8015793e+02 1.2377666e+02      
1.8202709e+02 1.2329074e+02      
1.8243830e+02 1.2259170e+02      
1.8335986e+02 1.2171929e+02      
1.8486597e+02 1.2067279e+02      
1.8647964e+02 1.1948802e+02      
1.8739400e+02 1.1835201e+02      
1.8547907e+02 1.1743377e+02      
1.8290713e+02 1.1696594e+02      
1.7987286e+02 1.1731252e+02      
1.7667753e+02 1.1834136e+02      
1.7403061e+02 1.1947132e+02      
1.7216880e+02 1.2047099e+02      
1.6829685e+02 1.0901733e+02      
1.7120415e+02 1.0631460e+02      
1.7461696e+02 1.0386659e+02      
1.7833985e+02 1.0187941e+02      
1.8214393e+02 1.0058027e+02      
1.8620694e+02 9.9754207e+01      
1.9049558e+02 9.9151071e+01      
1.9444199e+02 9.8563154e+01      
1.9606064e+02 9.8003243e+01      
1.9745234e+02 9.7256785e+01      
1.9937093e+02 9.6282891e+01      
2.0201844e+02 9.5085097e+01      
2.0492139e+02 9.3833955e+01      
2.0568411e+02 9.2941272e+01      
2.0382376e+02 9.2552732e+01      
1.9977757e+02 9.2791958e+01      
1.9579652e+02 9.3441859e+01      
1.9237088e+02 9.4312135e+01      
1.8964337e+02 9.5212456e+01      
1.8763298e+02 9.6017383e+01      
1.8199810e+02 8.3059899e+01      
1.8462379e+02 8.0355124e+01      
1.8764166e+02 7.7926004e+01      
1.9091335e+02 7.5920392e+01      
1.9431924e+02 7.4424056e+01      
1.9780470e+02 7.3373438e+01      
2.0126350e+02 7.2609732e+01      
2.0435229e+02 7.1973566e+01      
2.0661840e+02 7.1353849e+01      
2.0872088e+02 7.0605321e+01      
2.1135775e+02 6.9595967e+01      
2.1506706e+02 6.8208343e+01      
2.1784390e+02 6.6971200e+01      
2.1851905e+02 6.6249179e+01      
2.1671420e+02 6.6219794e+01      
2.1280928e+02 6.6855324e+01      
2.0798410e+02 6.7885201e+01      
2.0431918e+02 6.8776904e+01      
2.0153767e+02 6.9555882e+01      
1.9944463e+02 7.0210164e+01      
1.9232411e+02 5.5658305e+01      
1.9472971e+02 5.2854495e+01      
1.9744988e+02 5.0325763e+01      
2.0035980e+02 4.8220027e+01      
2.0333454e+02 4.6634059e+01      
2.0627615e+02 4.5546349e+01      
2.0909580e+02 4.4813354e+01      
2.1167338e+02 4.4254919e+01      
2.1396927e+02 4.3719466e+01      
2.1620440e+02 4.3083645e+01      
2.1871691e+02 4.2242949e+01      
2.2168424e+02 4.1124485e+01      
2.2468651e+02 3.9796145e+01      
2.2546161e+02 3.9142047e+01      
2.2356966e+02 3.9429290e+01      
2.1949438e+02 4.0470476e+01      
2.1554072e+02 4.1433854e+01      
2.1223089e+02 4.2247478e+01      
2.0957565e+02 4.2923528e+01      
2.0749197e+02 4.3457362e+01      
1.9919390e+02 2.7254516e+01      
2.0144194e+02 2.4245791e+01      
2.0395019e+02 2.1501336e+01      
2.0658349e+02 1.9218180e+01      
2.0917496e+02 1.7586558e+01      
2.1160248e+02 1.6641313e+01      
2.1387039e+02 1.6142822e+01      
2.1600023e+02 1.5818124e+01      
2.1801341e+02 1.5498559e+01      
2.1998851e+02 1.5086742e+01      
2.2202031e+02 1.4526678e+01      
2.2410576e+02 1.3800178e+01      
2.2598983e+02 1.2963589e+01      
2.2693240e+02 1.2292246e+01      
2.2488478e+02 1.2897530e+01      
2.2194735e+02 1.3713796e+01      
2.1891947e+02 1.4494625e+01      
2.1614327e+02 1.5181079e+01      
2.1374059e+02 1.5751894e+01      
2.1174270e+02 1.6184898e+01      
2.0255368e+02 -1.6665828e+00      
2.0470758e+02 -5.0048149e+00      
2.0709816e+02 -8.1212522e+00      
2.0958846e+02 -1.0755451e+01      
2.1191241e+02 -1.2495727e+01      
2.1373997e+02 -1.2964635e+01      
2.1540339e+02 -1.2935034e+01      
2.1704611e+02 -1.2862636e+01      
2.1865713e+02 -1.2868942e+01      
2.2022552e+02 -1.2994766e+01      
2.2172871e+02 -1.3244904e+01      
2.2307499e+02 -1.3589614e+01      
2.2404109e+02 -1.3945929e+01      
2.2416695e+02 -1.4101074e+01      
2.2291721e+02 -1.3759287e+01      
2.2087690e+02 -1.3187111e+01      
2.1856069e+02 -1.2577498e+01      
2.1625565e+02 -1.2010225e+01      
2.1412275e+02 -1.1532160e+01      
2.1224291e+02 -1.1178655e+01      
2.0237923e+02 -3.0573176e+01      
2.0449847e+02 -3.4389347e+01      
2.0686308e+02 -3.8081152e+01      
2.0936708e+02 -4.1349087e+01      
2.1167226e+02 -4.3473946e+01      
2.1254869e+02 -4.2671792e+01      
2.1354379e+02 -4.1816122e+01      
2.1469895e+02 -4.1251581e+01      
2.1588943e+02 -4.0908861e+01      
2.1703824e+02 -4.0741829e+01      
2.1806937e+02 -4.0704611e+01      
2.1887188e+02 -4.0739159e+01      
2.1927411e+02 -4.0761741e+01      
2.1905591e+02 -4.0659002e+01      
2.1810037e+02 -4.0356096e+01      
2.1656662e+02 -3.9905938e+01      
2.1471784e+02 -3.9403805e+01      
2.1276817e+02 -3.8921318e+01      
2.1086430e+02 -3.8509577e+01      
2.0909798e+02 -3.8208872e+01      
1.9867400e+02 -5.8863887e+01      
2.0082465e+02 -6.3376790e+01      
2.0316997e+02 -6.7740975e+01      
2.0569342e+02 -7.1793697e+01      
2.0727523e+02 -7.3090268e+01      
2.0763433e+02 -7.1300241e+01      
2.0817411e+02 -6.9761265e+01      
2.0893242e+02 -6.8770011e+01      
2.0975405e+02 -6.8127524e+01      
2.1053471e+02 -6.7714045e+01      
2.1118338e+02 -6.7445604e+01      
2.1160031e+02 -6.7250857e+01      
2.1167143e+02 -6.7060002e+01      
2.1129179e+02 -6.6809049e+01      
2.1042441e+02 -6.6464322e+01      
2.0913935e+02 -6.6041062e+01      
2.0757293e+02 -6.5584872e+01      
2.0586570e+02 -6.5145517e+01      
2.0413240e+02 -6.4767371e+01      
2.0245622e+02 -6.4489306e+01      
1.9140715e+02 -8.5665037e+01      
1.9365656e+02 -9.1094904e+01      
1.9576934e+02 -9.5740448e+01      
1.9766325e+02 -9.9331861e+01      
1.9879549e+02 -1.0020875e+02      
1.9899150e+02 -9.7952365e+01      
1.9931696e+02 -9.6083894e+01      
1.9981089e+02 -9.4866568e+01      
2.0034888e+02 -9.4047363e+01      
2.0083611e+02 -9.3474048e+01      
2.0119027e+02 -9.3047851e+01      
2.0133217e+02 -9.2696853e+01      
2.0118694e+02 -9.2364120e+01      
2.0069866e+02 -9.2007415e+01      
1.9985314e+02 -9.1606259e+01      
1.9868933e+02 -9.1166136e+01      
1.9728544e+02 -9.0712287e+01      
1.9573265e+02 -9.0278920e+01      
1.9411517e+02 -8.9901922e+01      
1.9250119e+02 -8.9616031e+01      
1.8053904e+02 -1.0991649e+02      
1.8226441e+02 -1.1436846e+02      
1.8400482e+02 -1.1872119e+02      
1.8564475e+02 -1.2285741e+02      
1.8661365e+02 -1.2410448e+02      
1.8687784e+02 -1.2203631e+02      
1.8715275e+02 -1.2026812e+02      
1.8749466e+02 -1.1908383e+02      
1.8783224e+02 -1.1824505e+02      
1.8809878e+02 -1.1761522e+02      
1.8823190e+02 -1.1710782e+02      
1.8817369e+02 -1.1666292e+02      
1.8787462e+02 -1.1623719e+02      
1.8730207e+02 -1.1580181e+02      
1.8645001e+02 -1.1534379e+02      
1.8534287e+02 -1.1486651e+02      
1.8402937e+02 -1.1438686e+02      
1.8257013e+02 -1.1393013e+02      
1.8102586e+02 -1.1352554e+02      
1.7944972e+02 -1.1320344e+02      
1.6650752e+02 -1.3185636e+02      
1.6782807e+02 -1.3552706e+02      
1.6916383e+02 -1.3912034e+02      
1.7037833e+02 -1.4235858e+02      
1.7126873e+02 -1.4447186e+02      
1.7167385e+02 -1.4323631e+02      
1.7196671e+02 -1.4200314e+02      
1.7222260e+02 -1.4109121e+02      
1.7242081e+02 -1.4037463e+02      
1.7252462e+02 -1.3978091e+02      
1.7249297e+02 -1.3925862e+02      
1.7228647e+02 -1.3876975e+02      
1.7187267e+02 -1.3828690e+02      
1.7123169e+02 -1.3779286e+02      
1.7036104e+02 -1.3728127e+02      
1.6927716e+02 -1.3675660e+02      
1.6801227e+02 -1.3623271e+02      
1.6660784e+02 -1.3573026e+02      
1.6510760e+02 -1.3527399e+02      
1.6355203e+02 -1.3489061e+02      
1.4970912e+02 -1.5155942e+02      
1.5073117e+02 -1.5464598e+02      
1.5174258e+02 -1.5754474e+02      
1.5264854e+02 -1.5999490e+02      
1.5335127e+02 -1.6152459e+02      
1.5380300e+02 -1.6163943e+02      
1.5409540e+02 -1.6120106e+02      
1.5428598e+02 -1.6068178e+02      
1.5438001e+02 -1.6016804e+02      
1.5436129e+02 -1.5966999e+02      
1.5420545e+02 -1.5917853e+02      
1.5388729e+02 -1.5868076e+02      
1.5338603e+02 -1.5816571e+02      
1.5268950e+02 -1.5762719e+02      
1.5179703e+02 -1.5706538e+02      
1.5072025e+02 -1.5648731e+02      
1.4948133e+02 -1.5590641e+02      
1.4810934e+02 -1.5534115e+02      
1.4663593e+02 -1.5481352e+02      
1.4509149e+02 -1.5434753e+02      
1.3047375e+02 -1.6886112e+02      
1.3126209e+02 -1.7149970e+02      
1.3202893e+02 -1.7390684e+02      
1.3271200e+02 -1.7588480e+02      
1.3325732e+02 -1.7721195e+02      
1.3364251e+02 -1.7780907e+02      
1.3388466e+02 -1.7789532e+02      
1.3400592e+02 -1.7772034e+02      
1.3401241e+02 -1.7741387e+02      
1.3389690e+02 -1.7703048e+02      
1.3364529e+02 -1.7659133e+02      
1.3324194e+02 -1.7610387e+02      
1.3267380e+02 -1.7557118e+02      
1.3193352e+02 -1.7499662e+02      
1.3102142e+02 -1.7438634e+02      
1.2994598e+02 -1.7375040e+02      
1.2872287e+02 -1.7310293e+02      
1.2737277e+02 -1.7246162e+02      
1.2591865e+02 -1.7184683e+02      
1.2438313e+02 -1.7128061e+02      
1.0914059e+02 -1.8356522e+02      
1.0974044e+02 -1.8586879e+02      
1.1031481e+02 -1.8794337e+02      
1.1082212e+02 -1.8965984e+02      
1.1122794e+02 -1.9091070e+02      
1.1151360e+02 -1.9166978e+02      
1.1167689e+02 -1.9201689e+02      
1.1172180e+02 -1.9207189e+02      
1.1164900e+02 -1.9192965e+02      
1.1145348e+02 -1.9164883e+02      
1.1112635e+02 -1.9126287e+02      
1.1065771e+02 -1.9079111e+02      
1.1003932e+02 -1.9024623e+02      
1.0926677e+02 -1.8963874e+02      
1.0834080e+02 -1.8897960e+02      
1.0726767e+02 -1.8828164e+02      
1.0605858e+02 -1.8756005e+02      
1.0472834e+02 -1.8683236e+02      
1.0329359e+02 -1.8611794e+02      
1.0177091e+02 -1.8543747e+02      
8.6067891e+01 -1.9547611e+02      
8.6510817e+01 -1.9752885e+02      
8.6926588e+01 -1.9937136e+02      
8.7286182e+01 -2.0091815e+02      
8.7565010e+01 -2.0210684e+02      
8.7746605e+01 -2.0292027e+02      
8.7822726e+01 -2.0339128e+02      
8.7789684e+01 -2.0358043e+02      
8.7644131e+01 -2.0354851e+02      
8.7381046e+01 -2.0334324e+02      
8.6993897e+01 -2.0299844e+02      
8.6475925e+01 -2.0253790e+02      
8.5821688e+01 -2.0197938e+02      
8.5028409e+01 -2.0133784e+02      
8.4096845e+01 -2.0062755e+02      
8.3031547e+01 -1.9986342e+02      
8.1840501e+01 -1.9906156e+02      
8.0534244e+01 -1.9823953e+02      
7.9124673e+01 -1.9741605e+02      
7.7623744e+01 -1.9661072e+02      
