4.1319630e+01 2.3669213e+02      
4.0604174e+01 2.3608831e+02      
4.0086455e+01 2.3544560e+02      
3.9713384e+01 2.3478110e+02      
3.9457407e+01 2.3412748e+02      
3.9325062e+01 2.3353730e+02      
3.9341700e+01 2.3307405e+02      
3.9518746e+01 2.3279350e+02      
3.9807176e+01 2.3271616e+02      
4.0039597e+01 2.3278895e+02      
3.9974139e+01 2.3290045e+02      
3.9485030e+01 2.3298109e+02      
3.8630650e+01 2.3303679e+02      
3.7645636e+01 2.3315013e+02      
3.6864120e+01 2.3344815e+02      
3.6533365e+01 2.3400217e+02      
3.6776025e+01 2.3481154e+02      
3.7648038e+01 2.3583893e+02      
3.9175109e+01 2.3703037e+02      
4.1368026e+01 2.3832327e+02      
7.0790161e+01 2.2841771e+02      
7.0343515e+01 2.2783563e+02      
7.0070149e+01 2.2716458e+02      
6.9877968e+01 2.2640491e+02      
6.9724609e+01 2.2558586e+02      
6.9650194e+01 2.2478465e+02      
6.9743665e+01 2.2410727e+02      
7.0088707e+01 2.2365975e+02      
7.0712365e+01 2.2352278e+02      
7.1377119e+01 2.2362921e+02      
7.1411030e+01 2.2364144e+02      
7.0592755e+01 2.2344868e+02      
6.8998943e+01 2.2305694e+02      
6.6984904e+01 2.2259173e+02      
6.5313791e+01 2.2241212e+02      
6.4300165e+01 2.2261141e+02      
6.3996839e+01 2.2314123e+02      
6.4409613e+01 2.2393374e+02      
6.5533849e+01 2.2491632e+02      
6.7362267e+01 2.2601372e+02      
9.8874143e+01 2.1662169e+02      
9.8797999e+01 2.1607324e+02      
9.8874714e+01 2.1538925e+02      
9.8916928e+01 2.1452219e+02      
9.8820248e+01 2.1346871e+02      
9.8706377e+01 2.1235813e+02      
9.8785872e+01 2.1136904e+02      
9.9248180e+01 2.1067114e+02      
1.0029879e+02 2.1045919e+02      
1.0192073e+02 2.1084055e+02      
1.0213931e+02 2.1078028e+02      
1.0092820e+02 2.1031094e+02      
9.8399030e+01 2.0943648e+02      
9.4762535e+01 2.0813615e+02      
9.2050858e+01 2.0747391e+02      
9.0337888e+01 2.0737357e+02      
8.9491527e+01 2.0768439e+02      
8.9444118e+01 2.0830208e+02      
9.0155114e+01 2.0913546e+02      
9.1598754e+01 2.1009709e+02      
1.2509087e+02 2.0151350e+02      
1.2553000e+02 2.0102810e+02      
1.2615881e+02 2.0039726e+02      
1.2659039e+02 1.9947281e+02      
1.2637972e+02 1.9804026e+02      
1.2600419e+02 1.9645350e+02      
1.2588575e+02 1.9500451e+02      
1.2627843e+02 1.9389090e+02      
1.2742424e+02 1.9332044e+02      
1.2924452e+02 1.9336071e+02      
1.2932322e+02 1.9301456e+02      
1.2764412e+02 1.9226810e+02      
1.2438217e+02 1.9112204e+02      
1.1981430e+02 1.8959769e+02      
1.1636482e+02 1.8872110e+02      
1.1409312e+02 1.8845640e+02      
1.1278014e+02 1.8864337e+02      
1.1231203e+02 1.8916618e+02      
1.1262320e+02 1.8992407e+02      
1.1367611e+02 1.9082093e+02      
1.4892957e+02 1.8332834e+02      
1.5006738e+02 1.8294149e+02      
1.5155103e+02 1.8246312e+02      
1.5275911e+02 1.8167623e+02      
1.5201151e+02 1.7956807e+02      
1.5103536e+02 1.7730038e+02      
1.5048229e+02 1.7522708e+02      
1.5059431e+02 1.7352125e+02      
1.5143055e+02 1.7232315e+02      
1.5272430e+02 1.7165276e+02      
1.5217853e+02 1.7082870e+02      
1.4990468e+02 1.6981140e+02      
1.4621553e+02 1.6859627e+02      
1.4142154e+02 1.6722255e+02      
1.3770350e+02 1.6639460e+02      
1.3510554e+02 1.6611891e+02      
1.3345216e+02 1.6629029e+02      
1.3263355e+02 1.6680903e+02      
1.3257577e+02 1.6757493e+02      
1.3324000e+02 1.6848697e+02      
1.6981206e+02 1.6231201e+02      
1.7179753e+02 1.6201704e+02      
1.7430993e+02 1.6166797e+02      
1.7547611e+02 1.6042123e+02      
1.7495347e+02 1.5813566e+02      
1.7316277e+02 1.5511710e+02      
1.7201109e+02 1.5231457e+02      
1.7181940e+02 1.4990713e+02      
1.7227196e+02 1.4795452e+02      
1.7240443e+02 1.4640759e+02      
1.7069900e+02 1.4503388e+02      
1.6757114e+02 1.4376258e+02      
1.6361365e+02 1.4257403e+02      
1.5939736e+02 1.4153998e+02      
1.5577872e+02 1.4089296e+02      
1.5305026e+02 1.4071269e+02      
1.5118950e+02 1.4096441e+02      
1.5010781e+02 1.4157087e+02      
1.4971950e+02 1.4243371e+02      
1.4999239e+02 1.4344713e+02      
1.8699415e+02 1.3870101e+02      
1.8974241e+02 1.3837606e+02      
1.9216040e+02 1.3752276e+02      
1.9329957e+02 1.3584580e+02      
1.9289903e+02 1.3330084e+02      
1.9135858e+02 1.3007419e+02      
1.8972213e+02 1.2657919e+02      
1.8963428e+02 1.2346676e+02      
1.9038388e+02 1.2077572e+02      
1.9062461e+02 1.1856661e+02      
1.8730075e+02 1.1669722e+02      
1.8290679e+02 1.1523004e+02      
1.7833301e+02 1.1405919e+02      
1.7407281e+02 1.1318107e+02      
1.7047431e+02 1.1268704e+02      
1.6770382e+02 1.1264706e+02      
1.6576227e+02 1.1305514e+02      
1.6453072e+02 1.1384025e+02      
1.6384981e+02 1.1489302e+02      
1.6369639e+02 1.1609788e+02      
1.9970228e+02 1.1277947e+02      
2.0171253e+02 1.1189389e+02      
2.0429174e+02 1.1064935e+02      
2.0549071e+02 1.0859636e+02      
2.0497874e+02 1.0573517e+02      
2.0331204e+02 1.0218391e+02      
2.0267949e+02 9.8418146e+01      
2.0352471e+02 9.4687038e+01      
2.0520255e+02 9.1231033e+01      
2.0469676e+02 8.8370763e+01      
2.0126620e+02 8.6155727e+01      
1.9543396e+02 8.4613055e+01      
1.8991990e+02 8.3471152e+01      
1.8529967e+02 8.2644142e+01      
1.8162576e+02 8.2234434e+01      
1.7886275e+02 8.2344708e+01      
1.7699443e+02 8.2977413e+01      
1.7583816e+02 8.4044826e+01      
1.7489855e+02 8.5388250e+01      
1.7416135e+02 8.6871976e+01      
2.0824204e+02 8.5220936e+01      
2.0937513e+02 8.3828609e+01      
2.1086312e+02 8.2002755e+01      
2.1210657e+02 7.9585630e+01      
2.1127916e+02 7.6426793e+01      
2.1047186e+02 7.2736429e+01      
2.1069132e+02 6.8667839e+01      
2.1259719e+02 6.4278242e+01      
2.1380548e+02 6.0162345e+01      
2.1290957e+02 5.6725954e+01      
2.0943721e+02 5.4156737e+01      
2.0383767e+02 5.2427420e+01      
1.9748377e+02 5.1305998e+01      
1.9266271e+02 5.0377957e+01      
1.8900710e+02 4.9944666e+01      
1.8629026e+02 5.0207692e+01      
1.8460022e+02 5.1137811e+01      
1.8393904e+02 5.2612000e+01      
1.8277037e+02 5.4361738e+01      
1.8108968e+02 5.6215413e+01      
2.1292056e+02 5.6650385e+01      
2.1328289e+02 5.4847953e+01      
2.1378810e+02 5.2568229e+01      
2.1406481e+02 4.9749039e+01      
2.1368034e+02 4.6357680e+01      
2.1326845e+02 4.2476192e+01      
2.1342735e+02 3.8192096e+01      
2.1440698e+02 3.3565767e+01      
2.1570869e+02 2.8736177e+01      
2.1477800e+02 2.4702982e+01      
2.1116922e+02 2.1817919e+01      
2.0545844e+02 1.9929499e+01      
2.0017998e+02 1.8202954e+01      
1.9590343e+02 1.6794191e+01      
1.9252230e+02 1.6119100e+01      
1.8977722e+02 1.6605583e+01      
1.8802769e+02 1.7942399e+01      
1.8735767e+02 1.9818645e+01      
1.8599311e+02 2.2099907e+01      
1.8392470e+02 2.4590168e+01      
2.1390954e+02 2.7609000e+01      
2.1365657e+02 2.5474223e+01      
2.1345465e+02 2.2841187e+01      
2.1313716e+02 1.9692958e+01      
2.1263019e+02 1.6040290e+01      
2.1210541e+02 1.1937995e+01      
2.1179034e+02 7.4676624e+00      
2.1174905e+02 2.7222803e+00      
2.1171812e+02 -2.1617831e+00      
2.1088727e+02 -6.8362897e+00      
2.0710863e+02 -9.9928172e+00      
2.0268860e+02 -1.2812210e+01      
1.9855691e+02 -1.5463944e+01      
1.9509968e+02 -1.7726446e+01      
1.9228185e+02 -1.9023636e+01      
1.8923320e+02 -1.8046721e+01      
1.8707598e+02 -1.6048278e+01      
1.8598560e+02 -1.3567683e+01      
1.8446972e+02 -1.0624447e+01      
1.8248811e+02 -7.4012446e+00      
2.1133824e+02 -1.3939920e+00      
2.1059496e+02 -3.8045241e+00      
2.0987269e+02 -6.7284062e+00      
2.0909723e+02 -1.0161640e+01      
2.0824252e+02 -1.4078103e+01      
2.0735470e+02 -1.8420395e+01      
2.0648821e+02 -2.3098172e+01      
2.0560561e+02 -2.7985970e+01      
2.0450407e+02 -3.2910789e+01      
2.0272309e+02 -3.7577913e+01      
1.9974963e+02 -4.1641071e+01      
1.9630738e+02 -4.5450809e+01      
1.9305648e+02 -4.9196512e+01      
1.9029782e+02 -5.2539681e+01      
1.8747331e+02 -5.3935534e+01      
1.8456506e+02 -5.3059362e+01      
1.8184037e+02 -5.0173746e+01      
1.7990295e+02 -4.6723339e+01      
1.7831463e+02 -4.3023593e+01      
1.7697641e+02 -3.9166670e+01      
2.0533167e+02 -2.9868708e+01      
2.0418520e+02 -3.2509700e+01      
2.0303771e+02 -3.5679972e+01      
2.0184983e+02 -3.9368281e+01      
2.0060133e+02 -4.3544013e+01      
1.9929186e+02 -4.8147756e+01      
1.9791224e+02 -5.3082251e+01      
1.9640136e+02 -5.8203772e+01      
1.9461797e+02 -6.3318977e+01      
1.9236617e+02 -6.8214188e+01      
1.8958578e+02 -7.2803314e+01      
1.8657930e+02 -7.7319783e+01      
1.8380055e+02 -8.2099218e+01      
1.8099476e+02 -8.5713038e+01      
1.7813018e+02 -8.7299518e+01      
1.7529537e+02 -8.6544755e+01      
1.7265067e+02 -8.3627368e+01      
1.7040208e+02 -7.9254025e+01      
1.6889416e+02 -7.4855055e+01      
1.6795308e+02 -7.0327272e+01      
1.9603956e+02 -5.7342569e+01      
1.9455211e+02 -6.0171902e+01      
1.9304018e+02 -6.3548179e+01      
1.9147955e+02 -6.7462253e+01      
1.8985195e+02 -7.1889089e+01      
1.8814261e+02 -7.6777059e+01      
1.8632718e+02 -8.2032676e+01      
1.8435436e+02 -8.7502342e+01      
1.8213847e+02 -9.2961416e+01      
1.7958458e+02 -9.8146147e+01      
1.7668561e+02 -1.0293971e+02      
1.7361069e+02 -1.0754643e+02      
1.7058133e+02 -1.1212450e+02      
1.6767395e+02 -1.1629647e+02      
1.6473291e+02 -1.1825101e+02      
1.6191889e+02 -1.1760488e+02      
1.5936761e+02 -1.1460784e+02      
1.5744606e+02 -1.1046381e+02      
1.5626289e+02 -1.0557243e+02      
1.5574572e+02 -1.0041502e+02      
1.8365017e+02 -8.3364224e+01      
1.8187109e+02 -8.6336974e+01      
1.8004386e+02 -8.9873879e+01      
1.7815310e+02 -9.3975132e+01      
1.7618441e+02 -9.8632108e+01      
1.7412322e+02 -1.0381707e+02      
1.7195006e+02 -1.0946149e+02      
1.6963478e+02 -1.1541938e+02      
1.6713173e+02 -1.2142517e+02      
1.6435083e+02 -1.2700156e+02      
1.6118336e+02 -1.3163420e+02      
1.5780980e+02 -1.3596852e+02      
1.5438688e+02 -1.4032504e+02      
1.5107140e+02 -1.4408263e+02      
1.4794861e+02 -1.4648026e+02      
1.4513383e+02 -1.4585665e+02      
1.4281391e+02 -1.4409790e+02      
1.4125412e+02 -1.4011774e+02      
1.4048175e+02 -1.3432557e+02      
1.4033872e+02 -1.2699671e+02      
1.6839356e+02 -1.0751067e+02      
1.6636576e+02 -1.1057529e+02      
1.6426784e+02 -1.1421606e+02      
1.6209099e+02 -1.1844679e+02      
1.5982599e+02 -1.2328461e+02      
1.5746384e+02 -1.2874665e+02      
1.5499659e+02 -1.3482854e+02      
1.5242023e+02 -1.4144177e+02      
1.4972987e+02 -1.4828630e+02      
1.4685662e+02 -1.5461970e+02      
1.4330179e+02 -1.5841386e+02      
1.3958475e+02 -1.6198106e+02      
1.3570454e+02 -1.6635973e+02      
1.3193227e+02 -1.6988964e+02      
1.2850415e+02 -1.7187037e+02      
1.2562869e+02 -1.7170401e+02      
1.2350461e+02 -1.6960237e+02      
1.2228694e+02 -1.6530549e+02      
1.2197905e+02 -1.5880216e+02      
1.2239679e+02 -1.5049421e+02      
1.5053996e+02 -1.2939603e+02      
1.4830278e+02 -1.3249317e+02      
1.4597630e+02 -1.3616670e+02      
1.4355702e+02 -1.4044279e+02      
1.4104052e+02 -1.4536538e+02      
1.3842311e+02 -1.5101171e+02      
1.3570582e+02 -1.5750835e+02      
1.3290245e+02 -1.6489445e+02      
1.3002860e+02 -1.7269962e+02      
1.2680320e+02 -1.7866653e+02      
1.2319756e+02 -1.8235100e+02      
1.1933791e+02 -1.8431239e+02      
1.1535602e+02 -1.8693091e+02      
1.1116206e+02 -1.9032933e+02      
1.0736668e+02 -1.9236272e+02      
1.0431689e+02 -1.9238263e+02      
1.0226415e+02 -1.9014514e+02      
1.0136190e+02 -1.8550514e+02      
1.0155648e+02 -1.7856240e+02      
1.0246019e+02 -1.7014666e+02      
1.3039604e+02 -1.4868059e+02      
1.2798645e+02 -1.5174523e+02      
1.2547185e+02 -1.5536873e+02      
1.2285299e+02 -1.5958130e+02      
1.2012896e+02 -1.6443806e+02      
1.1729805e+02 -1.7004961e+02      
1.1436115e+02 -1.7668356e+02      
1.1131603e+02 -1.8468907e+02      
1.0805336e+02 -1.9205724e+02      
1.0459863e+02 -1.9758744e+02      
1.0101284e+02 -2.0087558e+02      
9.7336532e+01 -2.0230161e+02      
9.3544289e+01 -2.0302271e+02      
8.9511100e+01 -2.0495531e+02      
8.5332523e+01 -2.0724152e+02      
8.1978015e+01 -2.0760988e+02      
7.9853873e+01 -2.0553030e+02      
7.9210794e+01 -2.0072559e+02      
8.0026181e+01 -1.9325722e+02      
8.1035585e+01 -1.8567008e+02      
1.0830013e+02 -1.6507867e+02      
1.0575329e+02 -1.6804534e+02      
1.0308958e+02 -1.7153337e+02      
1.0031353e+02 -1.7556515e+02      
9.7427044e+01 -1.8018075e+02      
9.4428413e+01 -1.8545335e+02      
9.1307847e+01 -1.9150503e+02      
8.8022914e+01 -1.9837135e+02      
8.4489970e+01 -2.0557287e+02      
8.0912013e+01 -2.1074579e+02      
7.7454344e+01 -2.1334594e+02      
7.4087854e+01 -2.1380273e+02      
7.0529384e+01 -2.1440658e+02      
6.6808935e+01 -2.1549509e+02      
6.2992382e+01 -2.1676331e+02      
5.9285264e+01 -2.1755923e+02      
5.6916670e+01 -2.1592248e+02      
5.6297885e+01 -2.1143251e+02      
5.7357690e+01 -2.0432908e+02      
5.8414335e+01 -1.9741241e+02      
8.4616963e+01 -1.7836372e+02      
8.1966193e+01 -1.8117304e+02      
7.9190927e+01 -1.8444951e+02      
7.6299467e+01 -1.8819933e+02      
7.3297326e+01 -1.9243203e+02      
7.0185758e+01 -1.9715699e+02      
6.6957842e+01 -2.0236081e+02      
6.3591308e+01 -2.0794138e+02      
6.0056247e+01 -2.1356926e+02      
5.6405113e+01 -2.1842163e+02      
5.3177545e+01 -2.2021806e+02      
4.9909065e+01 -2.2110584e+02      
4.6560218e+01 -2.2177523e+02      
4.3179975e+01 -2.2238313e+02      
3.9843396e+01 -2.2280253e+02      
3.6680209e+01 -2.2272402e+02      
3.4013742e+01 -2.2158499e+02      
3.3206994e+01 -2.1772660e+02      
3.4077142e+01 -2.1155547e+02      
3.4951128e+01 -2.0546354e+02      
