2.2942018e+01 2.1765922e+02      
2.4211173e+01 2.1548585e+02      
2.5831848e+01 2.1368996e+02      
2.4933948e+01 2.1148661e+02      
2.3286440e+01 2.0963648e+02      
2.1538595e+01 2.0824200e+02      
1.9964381e+01 2.0726752e+02      
1.8794274e+01 2.0666494e+02      
1.8177218e+01 2.0639126e+02      
1.8159993e+01 2.0640546e+02      
1.8748546e+01 2.0666690e+02      
1.9939100e+01 2.0713399e+02      
2.1728018e+01 2.0776601e+02      
2.4105093e+01 2.0853283e+02      
2.7021060e+01 2.0943755e+02      
3.0312409e+01 2.1054791e+02      
3.3537647e+01 2.1201070e+02      
3.5339532e+01 2.1403033e+02      
3.7060137e+01 2.1637221e+02      
3.9147689e+01 2.1882790e+02      
5.4075414e+01 2.0661364e+02      
5.6218014e+01 2.0430462e+02      
5.8943892e+01 2.0235696e+02      
5.9034864e+01 2.0031102e+02      
5.6748767e+01 1.9839207e+02      
5.4355288e+01 1.9701440e+02      
5.2036176e+01 1.9607986e+02      
5.0342375e+01 1.9551509e+02      
4.9418050e+01 1.9526246e+02      
4.9214556e+01 1.9527070e+02      
4.9688782e+01 1.9549142e+02      
5.0817555e+01 1.9587098e+02      
5.2607485e+01 1.9634642e+02      
5.5105447e+01 1.9684866e+02      
5.8327184e+01 1.9735254e+02      
6.2023082e+01 1.9798714e+02      
6.4861328e+01 1.9917040e+02      
6.6526869e+01 2.0098411e+02      
6.7284425e+01 2.0337111e+02      
6.8487759e+01 2.0585147e+02      
8.3449852e+01 1.9203870e+02      
8.6188683e+01 1.8942896e+02      
8.9580740e+01 1.8710081e+02      
9.0327675e+01 1.8505387e+02      
8.8621798e+01 1.8341156e+02      
8.5870710e+01 1.8223149e+02      
8.2489514e+01 1.8142437e+02      
8.0319699e+01 1.8096822e+02      
7.9162031e+01 1.8079030e+02      
7.8819111e+01 1.8083919e+02      
7.9196279e+01 1.8106853e+02      
8.0241466e+01 1.8141755e+02      
8.1955466e+01 1.8180108e+02      
8.4447741e+01 1.8209515e+02      
8.7887966e+01 1.8216840e+02      
9.1178004e+01 1.8249119e+02      
9.3671779e+01 1.8337932e+02      
9.5110201e+01 1.8497496e+02      
9.5646951e+01 1.8721599e+02      
9.5946601e+01 1.8979204e+02      
1.1051843e+02 1.7425381e+02      
1.1357481e+02 1.7126092e+02      
1.1719173e+02 1.6846391e+02      
1.1806519e+02 1.6633108e+02      
1.1612215e+02 1.6492419e+02      
1.1321079e+02 1.6406152e+02      
1.1023558e+02 1.6355300e+02      
1.0807289e+02 1.6329156e+02      
1.0685426e+02 1.6323736e+02      
1.0646665e+02 1.6336917e+02      
1.0679477e+02 1.6366255e+02      
1.0774613e+02 1.6405981e+02      
1.0927416e+02 1.6445859e+02      
1.1140564e+02 1.6473825e+02      
1.1414504e+02 1.6480481e+02      
1.1722422e+02 1.6471145e+02      
1.1949366e+02 1.6521674e+02      
1.2062270e+02 1.6660492e+02      
1.2062304e+02 1.6877589e+02      
1.2080461e+02 1.7106431e+02      
1.3489335e+02 1.5364665e+02      
1.3803933e+02 1.5026013e+02      
1.4155943e+02 1.4702091e+02      
1.4242222e+02 1.4478158e+02      
1.4173392e+02 1.4332706e+02      
1.3824189e+02 1.4297082e+02      
1.3522587e+02 1.4285626e+02      
1.3316449e+02 1.4283310e+02      
1.3203177e+02 1.4292067e+02      
1.3172281e+02 1.4315232e+02      
1.3209120e+02 1.4355855e+02      
1.3298994e+02 1.4410823e+02      
1.3427289e+02 1.4463810e+02      
1.3592553e+02 1.4502236e+02      
1.3792538e+02 1.4518148e+02      
1.4014488e+02 1.4511490e+02      
1.4226103e+02 1.4506324e+02      
1.4322799e+02 1.4613492e+02      
1.4316000e+02 1.4766177e+02      
1.4298305e+02 1.4980566e+02      
1.5632779e+02 1.3062670e+02      
1.5950176e+02 1.2683808e+02      
1.6273823e+02 1.2327421e+02      
1.6482852e+02 1.2048577e+02      
1.6388278e+02 1.1928765e+02      
1.6015886e+02 1.1952683e+02      
1.5712306e+02 1.1981692e+02      
1.5521085e+02 1.2001083e+02      
1.5429579e+02 1.2020330e+02      
1.5422553e+02 1.2049502e+02      
1.5476038e+02 1.2100368e+02      
1.5563086e+02 1.2182187e+02      
1.5661501e+02 1.2258250e+02      
1.5777571e+02 1.2314882e+02      
1.5909595e+02 1.2343208e+02      
1.6049932e+02 1.2337942e+02      
1.6190854e+02 1.2301308e+02      
1.6315893e+02 1.2261686e+02      
1.6316660e+02 1.2378516e+02      
1.6217534e+02 1.2635323e+02      
1.7461600e+02 1.0563224e+02      
1.7811423e+02 1.0129184e+02      
1.8171661e+02 9.7170289e+01      
1.8318394e+02 9.4519726e+01      
1.8193961e+02 9.3633884e+01      
1.7827086e+02 9.4385031e+01      
1.7542882e+02 9.4980246e+01      
1.7380498e+02 9.5295967e+01      
1.7327078e+02 9.5490732e+01      
1.7363723e+02 9.5727646e+01      
1.7449274e+02 9.6198848e+01      
1.7463443e+02 9.7056129e+01      
1.7514667e+02 9.8098214e+01      
1.7578804e+02 9.8916947e+01      
1.7648716e+02 9.9372775e+01      
1.7713702e+02 9.9359612e+01      
1.7774638e+02 9.8732150e+01      
1.7889796e+02 9.7865400e+01      
1.7885530e+02 9.8829895e+01      
1.7767228e+02 1.0150976e+02      
1.8937849e+02 7.9242053e+01      
1.9324562e+02 7.4310826e+01      
1.9590231e+02 7.0449137e+01      
1.9676403e+02 6.8004517e+01      
1.9547511e+02 6.7257343e+01      
1.9219558e+02 6.8226389e+01      
1.8976029e+02 6.8911654e+01      
1.8856030e+02 6.9198103e+01      
1.8855800e+02 6.9241552e+01      
1.8947594e+02 6.9272646e+01      
1.9005257e+02 6.9685770e+01      
1.8999029e+02 7.0536969e+01      
1.8946953e+02 7.1740886e+01      
1.8953976e+02 7.2868917e+01      
1.8969244e+02 7.3571839e+01      
1.8970176e+02 7.3761947e+01      
1.8970062e+02 7.3362282e+01      
1.9035651e+02 7.2649119e+01      
1.9021023e+02 7.3524348e+01      
1.8922647e+02 7.5912754e+01      
1.9991602e+02 5.2377025e+01      
2.0272708e+02 4.7990733e+01      
2.0455261e+02 4.4512882e+01      
2.0510227e+02 4.2147798e+01      
2.0417598e+02 4.1111137e+01      
2.0179166e+02 4.1608575e+01      
1.9988352e+02 4.2130919e+01      
1.9907840e+02 4.2279064e+01      
1.9961446e+02 4.2025971e+01      
2.0039420e+02 4.1914100e+01      
2.0077182e+02 4.2246613e+01      
2.0049615e+02 4.3106671e+01      
1.9968483e+02 4.4376329e+01      
1.9881431e+02 4.5743477e+01      
1.9862046e+02 4.6699506e+01      
1.9802348e+02 4.7190896e+01      
1.9768384e+02 4.7383318e+01      
1.9761762e+02 4.7590772e+01      
1.9737673e+02 4.8434741e+01      
1.9694425e+02 4.9876243e+01      
2.0472327e+02 2.6930946e+01      
2.0657281e+02 2.3239255e+01      
2.0781068e+02 2.0127417e+01      
2.0825809e+02 1.7739287e+01      
2.0795351e+02 1.6047968e+01      
2.0725565e+02 1.4812001e+01      
2.0569298e+02 1.5161285e+01      
2.0500861e+02 1.5128732e+01      
2.0526974e+02 1.4797421e+01      
2.0615755e+02 1.4401232e+01      
2.0648476e+02 1.4600955e+01      
2.0596685e+02 1.5531191e+01      
2.0475114e+02 1.6988170e+01      
2.0390692e+02 1.8304034e+01      
2.0351958e+02 1.9356030e+01      
2.0269775e+02 2.0144537e+01      
2.0212662e+02 2.0770816e+01      
2.0175768e+02 2.1414887e+01      
2.0144296e+02 2.2256684e+01      
2.0118092e+02 2.3271327e+01      
2.0613917e+02 1.1559462e+00      
2.0731017e+02 -2.0069790e+00      
2.0813222e+02 -4.8390364e+00      
2.0848316e+02 -7.2302472e+00      
2.0839008e+02 -9.1816119e+00      
2.0794328e+02 -1.0655295e+01      
2.0718987e+02 -1.1430608e+01      
2.0671129e+02 -1.1989667e+01      
2.0672954e+02 -1.2468104e+01      
2.0712905e+02 -1.2781392e+01      
2.0750368e+02 -1.2739790e+01      
2.0678141e+02 -1.1665513e+01      
2.0589134e+02 -1.0382346e+01      
2.0512828e+02 -9.1406458e+00      
2.0448858e+02 -8.0238224e+00      
2.0379094e+02 -7.0476669e+00      
2.0317490e+02 -6.1771657e+00      
2.0268854e+02 -5.3421935e+00      
2.0230690e+02 -4.4889130e+00      
2.0204095e+02 -3.6405959e+00      
2.0441580e+02 -2.4766396e+01      
2.0514410e+02 -2.7570753e+01      
2.0566275e+02 -3.0188861e+01      
2.0588739e+02 -3.2541791e+01      
2.0580842e+02 -3.4609300e+01      
2.0547045e+02 -3.6396956e+01      
2.0499473e+02 -3.7888659e+01      
2.0461768e+02 -3.8988455e+01      
2.0448067e+02 -3.9681273e+01      
2.0454215e+02 -3.9927075e+01      
2.0455994e+02 -3.9619985e+01      
2.0419187e+02 -3.8678942e+01      
2.0359405e+02 -3.7515889e+01      
2.0291630e+02 -3.6308581e+01      
2.0221911e+02 -3.5125621e+01      
2.0152431e+02 -3.4016301e+01      
2.0087903e+02 -3.2993994e+01      
2.0032228e+02 -3.2048373e+01      
1.9986970e+02 -3.1173414e+01      
1.9953940e+02 -3.0393167e+01      
1.9953073e+02 -5.0353826e+01      
1.9995864e+02 -5.2894848e+01      
2.0025213e+02 -5.5337332e+01      
2.0035212e+02 -5.7628873e+01      
2.0024010e+02 -5.9766725e+01      
1.9993024e+02 -6.1830092e+01      
1.9946969e+02 -6.3960362e+01      
1.9905764e+02 -6.5554098e+01      
1.9881378e+02 -6.6496461e+01      
1.9873872e+02 -6.6740141e+01      
1.9870843e+02 -6.6271937e+01      
1.9855956e+02 -6.5185613e+01      
1.9815277e+02 -6.4103014e+01      
1.9750717e+02 -6.2874671e+01      
1.9676667e+02 -6.1592511e+01      
1.9602071e+02 -6.0356536e+01      
1.9531775e+02 -5.9213999e+01      
1.9468975e+02 -5.8183751e+01      
1.9415668e+02 -5.7277344e+01      
1.9373526e+02 -5.6516824e+01      
1.9153940e+02 -7.5159639e+01      
1.9175520e+02 -7.7487964e+01      
1.9187929e+02 -7.9770595e+01      
1.9187003e+02 -8.1970080e+01      
1.9170911e+02 -8.4084909e+01      
1.9139903e+02 -8.6159270e+01      
1.9095953e+02 -8.8241295e+01      
1.9044204e+02 -9.0241103e+01      
1.9010668e+02 -9.1444618e+01      
1.9002740e+02 -9.1721378e+01      
1.9009942e+02 -9.1199482e+01      
1.9004241e+02 -9.0565366e+01      
1.8977853e+02 -8.9802989e+01      
1.8904748e+02 -8.8477540e+01      
1.8820866e+02 -8.7033708e+01      
1.8737589e+02 -8.5645362e+01      
1.8659495e+02 -8.4385783e+01      
1.8588756e+02 -8.3278903e+01      
1.8526654e+02 -8.2334213e+01      
1.8474218e+02 -8.1566381e+01      
1.8055626e+02 -9.8764219e+01      
1.8061813e+02 -1.0090708e+02      
1.8061333e+02 -1.0303297e+02      
1.8051273e+02 -1.0510912e+02      
1.8030159e+02 -1.0712334e+02      
1.7997938e+02 -1.0908123e+02      
1.7955668e+02 -1.1098834e+02      
1.7905980e+02 -1.1280088e+02      
1.7860459e+02 -1.1426405e+02      
1.7860222e+02 -1.1455335e+02      
1.7866244e+02 -1.1455716e+02      
1.7865406e+02 -1.1446528e+02      
1.7831896e+02 -1.1385528e+02      
1.7762279e+02 -1.1266572e+02      
1.7665887e+02 -1.1102066e+02      
1.7571746e+02 -1.0944643e+02      
1.7485059e+02 -1.0807046e+02      
1.7406331e+02 -1.0689843e+02      
1.7335420e+02 -1.0591648e+02      
1.7272526e+02 -1.0512728e+02      
1.6674899e+02 -1.2077876e+02      
1.6669705e+02 -1.2275228e+02      
1.6659314e+02 -1.2472140e+02      
1.6641736e+02 -1.2665345e+02      
1.6615934e+02 -1.2852662e+02      
1.6581872e+02 -1.3032654e+02      
1.6540333e+02 -1.3203857e+02      
1.6492011e+02 -1.3365093e+02      
1.6442738e+02 -1.3506626e+02      
1.6439865e+02 -1.3555126e+02      
1.6442290e+02 -1.3601312e+02      
1.6427296e+02 -1.3612387e+02      
1.6385812e+02 -1.3566412e+02      
1.6315992e+02 -1.3459343e+02      
1.6223192e+02 -1.3303583e+02      
1.6119925e+02 -1.3128980e+02      
1.6026613e+02 -1.2984667e+02      
1.5941287e+02 -1.2864332e+02      
1.5862437e+02 -1.2763611e+02      
1.5789731e+02 -1.2682077e+02      
1.5033388e+02 -1.4084906e+02      
1.5019648e+02 -1.4266501e+02      
1.5001536e+02 -1.4447907e+02      
1.4977759e+02 -1.4625776e+02      
1.4947688e+02 -1.4797312e+02      
1.4911459e+02 -1.4960007e+02      
1.4870024e+02 -1.5111160e+02      
1.4825471e+02 -1.5247021e+02      
1.4784822e+02 -1.5356971e+02      
1.4759609e+02 -1.5426330e+02      
1.4739580e+02 -1.5476466e+02      
1.4713629e+02 -1.5511355e+02      
1.4665140e+02 -1.5481580e+02      
1.4592424e+02 -1.5380441e+02      
1.4498885e+02 -1.5223975e+02      
1.4401728e+02 -1.5071124e+02      
1.4307713e+02 -1.4934990e+02      
1.4218172e+02 -1.4816609e+02      
1.4132849e+02 -1.4715114e+02      
1.4051536e+02 -1.4630947e+02      
1.3157096e+02 -1.5865862e+02      
1.3136834e+02 -1.6032760e+02      
1.3112613e+02 -1.6199132e+02      
1.3083654e+02 -1.6361602e+02      
1.3049655e+02 -1.6517063e+02      
1.3010903e+02 -1.6662488e+02      
1.2968407e+02 -1.6794560e+02      
1.2924201e+02 -1.6909027e+02      
1.2881637e+02 -1.7000216e+02      
1.2842884e+02 -1.7064846e+02      
1.2804985e+02 -1.7106353e+02      
1.2762066e+02 -1.7125742e+02      
1.2707034e+02 -1.7110616e+02      
1.2631229e+02 -1.7010673e+02      
1.2543791e+02 -1.6885074e+02      
1.2451459e+02 -1.6755597e+02      
1.2358346e+02 -1.6631900e+02      
1.2266333e+02 -1.6518299e+02      
1.2176065e+02 -1.6417101e+02      
1.2087639e+02 -1.6330172e+02      
1.1075896e+02 -1.7393143e+02      
1.1050563e+02 -1.7546401e+02      
1.1021416e+02 -1.7698476e+02      
1.0988052e+02 -1.7846048e+02      
1.0950393e+02 -1.7985938e+02      
1.0908766e+02 -1.8115004e+02      
1.0863963e+02 -1.8229968e+02      
1.0817220e+02 -1.8327293e+02      
1.0769868e+02 -1.8403507e+02      
1.0722237e+02 -1.8456365e+02      
1.0672673e+02 -1.8485107e+02      
1.0617976e+02 -1.8487901e+02      
1.0554340e+02 -1.8457010e+02      
1.0478986e+02 -1.8381818e+02      
1.0394696e+02 -1.8280671e+02      
1.0304982e+02 -1.8168997e+02      
1.0212518e+02 -1.8055775e+02      
1.0118961e+02 -1.7946717e+02      
1.0025108e+02 -1.7845617e+02      
9.9311765e+01 -1.7755344e+02      
8.8229862e+01 -1.8643460e+02      
8.7936169e+01 -1.8784151e+02      
8.7604238e+01 -1.8922837e+02      
8.7232738e+01 -1.9056332e+02      
8.6822321e+01 -1.9181545e+02      
8.6376039e+01 -1.9295452e+02      
8.5899259e+01 -1.9395049e+02      
8.5398596e+01 -1.9477396e+02      
8.4879008e+01 -1.9539831e+02      
8.4339214e+01 -1.9580278e+02      
8.3768665e+01 -1.9597110e+02      
8.3149497e+01 -1.9588318e+02      
8.2462853e+01 -1.9551087e+02      
8.1699423e+01 -1.9485191e+02      
8.0867228e+01 -1.9397318e+02      
7.9983209e+01 -1.9296463e+02      
7.9063559e+01 -1.9190043e+02      
7.8119877e+01 -1.9083639e+02      
7.7158452e+01 -1.8981454e+02      
7.6180900e+01 -1.8886810e+02      
