2.3007069e+01 2.4795570e+02      
2.0757944e+01 2.4610454e+02      
1.8941146e+01 2.4410741e+02      
1.7551562e+01 2.4200366e+02      
1.6583108e+01 2.3983548e+02      
1.6032477e+01 2.3764820e+02      
1.5902129e+01 2.3549040e+02      
1.6201315e+01 2.3341369e+02      
1.6944596e+01 2.3147196e+02      
1.8148254e+01 2.2972012e+02      
1.9825433e+01 2.2821200e+02      
2.1980646e+01 2.2699736e+02      
2.4603388e+01 2.2611762e+02      
2.7660548e+01 2.2560043e+02      
3.1088986e+01 2.2545377e+02      
3.4789175e+01 2.2565983e+02      
3.8613651e+01 2.2616552e+02      
4.2347082e+01 2.2686430e+02      
4.5635568e+01 2.2752128e+02      
4.8155798e+01 2.2783596e+02      
5.1405834e+01 2.3883952e+02      
4.9287211e+01 2.3691859e+02      
4.7599738e+01 2.3481273e+02      
4.6329922e+01 2.3256131e+02      
4.5462710e+01 2.3020693e+02      
4.4988242e+01 2.2779636e+02      
4.4907583e+01 2.2538114e+02      
4.5234941e+01 2.2301776e+02      
4.5995446e+01 2.2076721e+02      
4.7219512e+01 2.1869399e+02      
4.8936026e+01 2.1686427e+02      
5.1165976e+01 2.1534291e+02      
5.3915298e+01 2.1418855e+02      
5.7163294e+01 2.1344605e+02      
6.0849590e+01 2.1313863e+02      
6.4873321e+01 2.1326361e+02      
6.9083594e+01 2.1378703e+02      
7.3191073e+01 2.1460482e+02      
7.6565588e+01 2.1539530e+02      
7.7641474e+01 2.1500918e+02      
7.8554424e+01 2.2617296e+02      
7.6606895e+01 2.2417598e+02      
7.5089747e+01 2.2195553e+02      
7.3975972e+01 2.1954962e+02      
7.3234559e+01 2.1699972e+02      
7.2843081e+01 2.1435256e+02      
7.2798814e+01 2.1166164e+02      
7.3123099e+01 2.0898789e+02      
7.3857294e+01 2.0639947e+02      
7.5052599e+01 2.0397116e+02      
7.6759353e+01 2.0178320e+02      
7.9021012e+01 1.9991941e+02      
8.1871279e+01 1.9846239e+02      
8.5319294e+01 1.9748254e+02      
8.9306218e+01 1.9702145e+02      
9.3731577e+01 1.9709486e+02      
9.8475997e+01 1.9769513e+02      
1.0305163e+02 1.9867344e+02      
1.0532548e+02 1.9897906e+02      
1.0516103e+02 1.9834782e+02      
1.0401599e+02 2.1019353e+02      
1.0228529e+02 2.0811628e+02      
1.0099078e+02 2.0577862e+02      
1.0008385e+02 2.0321524e+02      
9.9504331e+01 2.0046373e+02      
9.9205510e+01 1.9756849e+02      
9.9176311e+01 1.9458359e+02      
9.9449293e+01 1.9157358e+02      
1.0009255e+02 1.8861345e+02      
1.0118903e+02 1.8578807e+02      
1.0281562e+02 1.8319213e+02      
1.0503818e+02 1.8093124e+02      
1.0792650e+02 1.7912107e+02      
1.1157380e+02 1.7787651e+02      
1.1594255e+02 1.7726278e+02      
1.2068648e+02 1.7725917e+02      
1.2588990e+02 1.7788766e+02      
1.2958806e+02 1.7845671e+02      
1.3093665e+02 1.7856401e+02      
1.2990019e+02 1.7806265e+02      
1.2737172e+02 1.9118850e+02      
1.2590881e+02 1.8902967e+02      
1.2490802e+02 1.8657752e+02      
1.2428699e+02 1.8386042e+02      
1.2392911e+02 1.8090693e+02      
1.2374004e+02 1.7775554e+02      
1.2369251e+02 1.7445939e+02      
1.2383816e+02 1.7108577e+02      
1.2429355e+02 1.6771593e+02      
1.2519626e+02 1.6444394e+02      
1.2665406e+02 1.6137579e+02      
1.2873783e+02 1.5863661e+02      
1.3152156e+02 1.5638244e+02      
1.3519504e+02 1.5479797e+02      
1.4003383e+02 1.5403705e+02      
1.4450632e+02 1.5383207e+02      
1.4868203e+02 1.5410960e+02      
1.5180060e+02 1.5451476e+02      
1.5272901e+02 1.5472739e+02      
1.5131696e+02 1.5461525e+02      
1.4821883e+02 1.6948863e+02      
1.4707339e+02 1.6724952e+02      
1.4646651e+02 1.6469389e+02      
1.4626934e+02 1.6183970e+02      
1.4624054e+02 1.5869316e+02      
1.4619298e+02 1.5528208e+02      
1.4607435e+02 1.5165966e+02      
1.4596650e+02 1.4789454e+02      
1.4607876e+02 1.4407383e+02      
1.4666538e+02 1.4030250e+02      
1.4786744e+02 1.3668852e+02      
1.4971928e+02 1.3335803e+02      
1.5221746e+02 1.3050967e+02      
1.5535739e+02 1.2840836e+02      
1.5899573e+02 1.2720793e+02      
1.6257882e+02 1.2682713e+02      
1.6598055e+02 1.2708596e+02      
1.6917884e+02 1.2766018e+02      
1.7021666e+02 1.2820222e+02      
1.6916376e+02 1.2857829e+02      
1.6616804e+02 1.4546095e+02      
1.6535895e+02 1.4314112e+02      
1.6527341e+02 1.4050286e+02      
1.6579241e+02 1.3756095e+02      
1.6628599e+02 1.3424160e+02      
1.6643139e+02 1.3056937e+02      
1.6616202e+02 1.2661039e+02      
1.6558668e+02 1.2242765e+02      
1.6505395e+02 1.1810610e+02      
1.6518691e+02 1.1379027e+02      
1.6609295e+02 1.0957191e+02      
1.6769048e+02 1.0551327e+02      
1.6987416e+02 1.0180870e+02      
1.7240705e+02 9.9034084e+01      
1.7509960e+02 9.7452199e+01      
1.7772952e+02 9.7052624e+01      
1.8011710e+02 9.7643371e+01      
1.8203144e+02 9.8800995e+01      
1.8309181e+02 9.9840323e+01      
1.8354605e+02 1.0057581e+02      
1.8085720e+02 1.1950402e+02      
1.8030144e+02 1.1708908e+02      
1.8069242e+02 1.1436065e+02      
1.8232506e+02 1.1140631e+02      
1.8355681e+02 1.0791682e+02      
1.8396177e+02 1.0398131e+02      
1.8343976e+02 9.9697470e+01      
1.8215704e+02 9.5109804e+01      
1.8058469e+02 9.0246650e+01      
1.8032037e+02 8.5381269e+01      
1.8101358e+02 8.0566432e+01      
1.8237909e+02 7.5788255e+01      
1.8436551e+02 7.0900967e+01      
1.8639028e+02 6.7318826e+01      
1.8836152e+02 6.5403660e+01      
1.9016716e+02 6.5188651e+01      
1.9161678e+02 6.6445658e+01      
1.9249253e+02 6.8658052e+01      
1.9308312e+02 7.0261530e+01      
1.9322832e+02 7.1449040e+01      
1.9200460e+02 9.2049856e+01      
1.9151018e+02 8.9513504e+01      
1.9184800e+02 8.6601708e+01      
1.9312898e+02 8.3330705e+01      
1.9507527e+02 7.9633547e+01      
1.9579756e+02 7.5460265e+01      
1.9494773e+02 7.0949352e+01      
1.9296685e+02 6.6101740e+01      
1.9178120e+02 6.0950819e+01      
1.9169945e+02 5.5582034e+01      
1.9247094e+02 5.0174199e+01      
1.9351796e+02 4.5110253e+01      
1.9487592e+02 4.0317305e+01      
1.9639404e+02 3.6031072e+01      
1.9774744e+02 3.3862559e+01      
1.9890273e+02 3.4049849e+01      
1.9969518e+02 3.6109495e+01      
2.0020383e+02 3.8194475e+01      
2.0038262e+02 3.9963691e+01      
2.0019525e+02 4.1433248e+01      
1.9946222e+02 6.3563621e+01      
1.9887253e+02 6.0898386e+01      
1.9892977e+02 5.7801606e+01      
1.9966290e+02 5.4277181e+01      
2.0093782e+02 5.0294223e+01      
2.0204456e+02 4.5862133e+01      
2.0075724e+02 4.1278113e+01      
1.9938980e+02 3.6296155e+01      
1.9873582e+02 3.0898160e+01      
1.9907026e+02 2.5057377e+01      
2.0043112e+02 1.8801776e+01      
2.0115545e+02 1.3595031e+01      
2.0202703e+02 9.0311647e+00      
2.0277441e+02 5.4452773e+00      
2.0350319e+02 3.0976855e+00      
2.0420859e+02 3.9321806e+00      
2.0476920e+02 5.6786149e+00      
2.0506790e+02 7.5347313e+00      
2.0490946e+02 9.3244290e+00      
2.0429759e+02 1.1000044e+01      
2.0320030e+02 3.4528427e+01      
2.0244201e+02 3.1748551e+01      
2.0217802e+02 2.8508532e+01      
2.0240075e+02 2.4816718e+01      
2.0307466e+02 2.0652573e+01      
2.0389351e+02 1.6024853e+01      
2.0276003e+02 1.1400557e+01      
2.0185689e+02 6.3230078e+00      
2.0158137e+02 7.6882922e-01      
2.0207288e+02 -5.2811019e+00      
2.0334854e+02 -1.1797550e+01      
2.0505024e+02 -1.8343896e+01      
2.0589197e+02 -2.3035596e+01      
2.0583261e+02 -2.5675139e+01      
2.0596667e+02 -2.7505717e+01      
2.0638819e+02 -2.6493472e+01      
2.0682515e+02 -2.4830357e+01      
2.0719825e+02 -2.3170350e+01      
2.0671456e+02 -2.1361342e+01      
2.0534144e+02 -1.9406492e+01      
2.0326401e+02 5.4275629e+00      
2.0231494e+02 2.5541864e+00      
2.0173888e+02 -7.8823601e-01      
2.0150864e+02 -4.5751921e+00      
2.0153873e+02 -8.7823107e+00      
2.0152525e+02 -1.3342020e+01      
2.0101032e+02 -1.8139617e+01      
2.0052990e+02 -2.3290189e+01      
2.0046843e+02 -2.8881585e+01      
2.0099457e+02 -3.4987575e+01      
2.0222802e+02 -4.1720851e+01      
2.0405928e+02 -4.8828122e+01      
2.0496842e+02 -5.3688351e+01      
2.0507652e+02 -5.6241124e+01      
2.0499086e+02 -5.7090991e+01      
2.0509428e+02 -5.6452713e+01      
2.0538611e+02 -5.4747787e+01      
2.0654945e+02 -5.3554558e+01      
2.0578793e+02 -5.1760978e+01      
2.0300030e+02 -4.9291182e+01      
1.9974979e+02 -2.3264981e+01      
1.9861509e+02 -2.6213015e+01      
1.9776050e+02 -2.9629719e+01      
1.9715523e+02 -3.3473388e+01      
1.9672322e+02 -3.7690649e+01      
1.9633306e+02 -4.2216475e+01      
1.9591189e+02 -4.7008754e+01      
1.9559961e+02 -5.2098732e+01      
1.9559455e+02 -5.7567686e+01      
1.9604328e+02 -6.3532775e+01      
1.9706647e+02 -7.0174188e+01      
1.9856745e+02 -7.7239089e+01      
1.9926759e+02 -8.1807272e+01      
1.9920672e+02 -8.3764836e+01      
1.9873218e+02 -8.3723440e+01      
1.9872253e+02 -8.3458646e+01      
1.9936454e+02 -8.2976110e+01      
2.0071472e+02 -8.2544594e+01      
1.9977350e+02 -8.0850564e+01      
1.9650671e+02 -7.7984326e+01      
1.9279695e+02 -5.1088476e+01      
1.9149455e+02 -5.4097438e+01      
1.9040315e+02 -5.7575534e+01      
1.8950374e+02 -6.1467701e+01      
1.8875959e+02 -6.5697279e+01      
1.8813010e+02 -7.0176430e+01      
1.8761118e+02 -7.4844694e+01      
1.8726256e+02 -7.9711694e+01      
1.8717434e+02 -8.4859321e+01      
1.8742773e+02 -9.0419753e+01      
1.8808858e+02 -9.6584552e+01      
1.8904446e+02 -1.0308157e+02      
1.8931813e+02 -1.0685592e+02      
1.8891186e+02 -1.0799546e+02      
1.8851254e+02 -1.0861019e+02      
1.8842298e+02 -1.0907174e+02      
1.8887656e+02 -1.0945455e+02      
1.8981733e+02 -1.0962275e+02      
1.8875671e+02 -1.0796073e+02      
1.8574033e+02 -1.0489183e+02      
1.8258517e+02 -7.7597760e+01      
1.8113641e+02 -8.0656767e+01      
1.7984416e+02 -8.4195165e+01      
1.7870300e+02 -8.8151912e+01      
1.7770664e+02 -9.2421623e+01      
1.7685936e+02 -9.6852845e+01      
1.7618251e+02 -1.0131331e+02      
1.7570578e+02 -1.0579326e+02      
1.7545455e+02 -1.1040698e+02      
1.7544503e+02 -1.1529632e+02      
1.7567703e+02 -1.2059373e+02      
1.7602180e+02 -1.2601364e+02      
1.7584308e+02 -1.2871702e+02      
1.7541857e+02 -1.3046053e+02      
1.7496953e+02 -1.3184702e+02      
1.7464740e+02 -1.3308351e+02      
1.7452320e+02 -1.3413070e+02      
1.7433936e+02 -1.3449365e+02      
1.7315704e+02 -1.3253968e+02      
1.7116523e+02 -1.2963957e+02      
1.6933445e+02 -1.0236629e+02      
1.6776016e+02 -1.0546017e+02      
1.6629398e+02 -1.0906034e+02      
1.6493756e+02 -1.1312204e+02      
1.6370200e+02 -1.1752621e+02      
1.6262713e+02 -1.2199495e+02      
1.6177073e+02 -1.2618709e+02      
1.6114794e+02 -1.3007265e+02      
1.6072039e+02 -1.3393023e+02      
1.6044559e+02 -1.3795805e+02      
1.6027539e+02 -1.4213087e+02      
1.6008909e+02 -1.4603100e+02      
1.5970165e+02 -1.4890075e+02      
1.5915428e+02 -1.5112623e+02      
1.5852866e+02 -1.5312559e+02      
1.5788688e+02 -1.5510356e+02      
1.5725344e+02 -1.5687475e+02      
1.5645981e+02 -1.5706977e+02      
1.5527673e+02 -1.5537405e+02      
1.5374180e+02 -1.5215703e+02      
1.5330483e+02 -1.2499231e+02      
1.5162606e+02 -1.2808984e+02      
1.5000936e+02 -1.3173237e+02      
1.4845204e+02 -1.3593531e+02      
1.4695795e+02 -1.4068032e+02      
1.4559897e+02 -1.4555892e+02      
1.4455873e+02 -1.4944648e+02      
1.4385304e+02 -1.5229329e+02      
1.4329585e+02 -1.5513208e+02      
1.4279866e+02 -1.5825427e+02      
1.4232224e+02 -1.6150010e+02      
1.4180609e+02 -1.6458442e+02      
1.4118766e+02 -1.6727138e+02      
1.4045118e+02 -1.6961997e+02      
1.3960094e+02 -1.7191605e+02      
1.3862364e+02 -1.7448065e+02      
1.3758829e+02 -1.7617463e+02      
1.3649421e+02 -1.7634345e+02      
1.3530145e+02 -1.7480102e+02      
1.3400153e+02 -1.7185216e+02      
1.3479376e+02 -1.4511109e+02      
1.3303441e+02 -1.4815464e+02      
1.3129675e+02 -1.5176391e+02      
1.2956591e+02 -1.5602987e+02      
1.2779988e+02 -1.6120330e+02      
1.2601979e+02 -1.6730128e+02      
1.2479582e+02 -1.7087117e+02      
1.2418094e+02 -1.7183515e+02      
1.2355185e+02 -1.7356088e+02      
1.2287059e+02 -1.7590816e+02      
1.2215820e+02 -1.7847546e+02      
1.2139847e+02 -1.8101005e+02      
1.2056464e+02 -1.8336371e+02      
1.1963719e+02 -1.8552549e+02      
1.1859877e+02 -1.8759815e+02      
1.1741806e+02 -1.8965745e+02      
1.1606453e+02 -1.9146696e+02      
1.1476374e+02 -1.9170977e+02      
1.1357737e+02 -1.9016316e+02      
1.1243945e+02 -1.8717700e+02      
1.1413070e+02 -1.6241267e+02      
1.1231790e+02 -1.6532335e+02      
1.1049976e+02 -1.6876451e+02      
1.0866017e+02 -1.7282472e+02      
1.0673791e+02 -1.7774956e+02      
1.0469550e+02 -1.8354535e+02      
1.0332285e+02 -1.8678363e+02      
1.0267078e+02 -1.8738748e+02      
1.0189739e+02 -1.8869418e+02      
1.0102707e+02 -1.9058178e+02      
1.0011054e+02 -1.9268008e+02      
9.9149656e+01 -1.9478328e+02      
9.8131743e+01 -1.9677173e+02      
9.7041600e+01 -1.9859670e+02      
9.5863036e+01 -2.0025069e+02      
9.4575873e+01 -2.0170402e+02      
9.3165512e+01 -2.0280730e+02      
9.1686234e+01 -2.0314101e+02      
9.0536044e+01 -2.0149713e+02      
8.9320683e+01 -1.9918703e+02      
9.1670201e+01 -1.7665739e+02      
8.9830430e+01 -1.7935989e+02      
8.7973476e+01 -1.8250292e+02      
8.6100606e+01 -1.8609577e+02      
8.4212549e+01 -1.9011149e+02      
8.2394023e+01 -1.9413359e+02      
8.0909907e+01 -1.9703772e+02      
7.9771730e+01 -1.9876536e+02      
7.8708588e+01 -2.0033506e+02      
7.7627848e+01 -2.0205668e+02      
7.6524090e+01 -2.0385004e+02      
7.5391806e+01 -2.0560732e+02      
7.4221123e+01 -2.0724327e+02      
7.3000890e+01 -2.0869882e+02      
7.1720856e+01 -2.0992496e+02      
7.0374452e+01 -2.1085016e+02      
6.8967504e+01 -2.1134234e+02      
6.7554880e+01 -2.1114034e+02      
6.6235679e+01 -2.0994499e+02      
6.4915025e+01 -2.0813971e+02      
