3.9991676e+01 2.2953702e+02      
4.0610750e+01 2.2874735e+02      
4.1619879e+01 2.2805702e+02      
4.2820291e+01 2.2750443e+02      
4.3965630e+01 2.2713613e+02      
4.4956730e+01 2.2701492e+02      
4.5768533e+01 2.2719516e+02      
4.6417957e+01 2.2770790e+02      
4.7006026e+01 2.2856611e+02      
4.7717326e+01 2.2977713e+02      
4.8774612e+01 2.3136060e+02      
5.0384956e+01 2.3337211e+02      
5.2751412e+01 2.3595087e+02      
5.5878955e+01 2.3910985e+02      
5.8262101e+01 2.4113691e+02      
5.9796625e+01 2.4197325e+02      
6.0467112e+01 2.4159105e+02      
6.0355681e+01 2.3999366e+02      
6.1029620e+01 2.3884021e+02      
6.2517906e+01 2.3806205e+02      
6.9210505e+01 2.2114324e+02      
7.0185293e+01 2.2035593e+02      
7.1746286e+01 2.1963216e+02      
7.3606695e+01 2.1900663e+02      
7.5022533e+01 2.1850602e+02      
7.6122226e+01 2.1825617e+02      
7.6869283e+01 2.1833954e+02      
7.7224934e+01 2.1878587e+02      
7.7323637e+01 2.1959550e+02      
7.7469717e+01 2.2075916e+02      
7.8048673e+01 2.2228858e+02      
7.9350428e+01 2.2425480e+02      
8.1627407e+01 2.2683775e+02      
8.4881397e+01 2.3002598e+02      
8.7214076e+01 2.3199072e+02      
8.8506460e+01 2.3262889e+02      
8.8733613e+01 2.3191363e+02      
8.7974318e+01 2.2989493e+02      
8.8163811e+01 2.2834945e+02      
8.9302001e+01 2.2723625e+02      
9.6752041e+01 2.0923700e+02      
9.8045958e+01 2.0842209e+02      
1.0022578e+02 2.0762751e+02      
1.0337660e+02 2.0690612e+02      
1.0505990e+02 2.0615477e+02      
1.0646538e+02 2.0571107e+02      
1.0717726e+02 2.0566861e+02      
1.0709903e+02 2.0604432e+02      
1.0639790e+02 2.0680684e+02      
1.0553639e+02 2.0790019e+02      
1.0536105e+02 2.0928676e+02      
1.0611824e+02 2.1101396e+02      
1.0788897e+02 2.1320232e+02      
1.1063001e+02 2.1581671e+02      
1.1255796e+02 2.1740493e+02      
1.1358561e+02 2.1786152e+02      
1.1368658e+02 2.1716068e+02      
1.1289794e+02 2.1535728e+02      
1.1299420e+02 2.1385400e+02      
1.1395379e+02 2.1264065e+02      
1.2208149e+02 1.9405345e+02      
1.2352675e+02 1.9318282e+02      
1.2586000e+02 1.9225358e+02      
1.2915927e+02 1.9126472e+02      
1.3301717e+02 1.9024202e+02      
1.3525975e+02 1.8955501e+02      
1.3596304e+02 1.8937025e+02      
1.3528101e+02 1.8970321e+02      
1.3345924e+02 1.9046197e+02      
1.3104030e+02 1.9148576e+02      
1.3007873e+02 1.9264889e+02      
1.3023637e+02 1.9399918e+02      
1.3122063e+02 1.9554649e+02      
1.3268029e+02 1.9709742e+02      
1.3392516e+02 1.9813206e+02      
1.3467846e+02 1.9842637e+02      
1.3492092e+02 1.9795475e+02      
1.3488755e+02 1.9689150e+02      
1.3521135e+02 1.9571097e+02      
1.3611994e+02 1.9456947e+02      
1.4476330e+02 1.7588527e+02      
1.4617899e+02 1.7494950e+02      
1.4841194e+02 1.7388616e+02      
1.5167094e+02 1.7266911e+02      
1.5601180e+02 1.7128967e+02      
1.5876249e+02 1.7028628e+02      
1.5933568e+02 1.6996449e+02      
1.5788861e+02 1.7031707e+02      
1.5497842e+02 1.7111583e+02      
1.5281079e+02 1.7192305e+02      
1.5169722e+02 1.7277346e+02      
1.5147401e+02 1.7370354e+02      
1.5186750e+02 1.7468196e+02      
1.5257068e+02 1.7557250e+02      
1.5325890e+02 1.7616662e+02      
1.5374175e+02 1.7631986e+02      
1.5401335e+02 1.7600573e+02      
1.5424073e+02 1.7531774e+02      
1.5468995e+02 1.7441986e+02      
1.5554881e+02 1.7341479e+02      
1.6447263e+02 1.5506953e+02      
1.6571545e+02 1.5407630e+02      
1.6764750e+02 1.5291409e+02      
1.7035000e+02 1.5157186e+02      
1.7371326e+02 1.5005976e+02      
1.7686100e+02 1.4861303e+02      
1.7706884e+02 1.4821383e+02      
1.7485251e+02 1.4865215e+02      
1.7263559e+02 1.4913239e+02      
1.7098743e+02 1.4959679e+02      
1.7003552e+02 1.5007921e+02      
1.6969861e+02 1.5059817e+02      
1.6979442e+02 1.5112704e+02      
1.7009857e+02 1.5158874e+02      
1.7040893e+02 1.5187932e+02      
1.7061762e+02 1.5191588e+02      
1.7074395e+02 1.5166930e+02      
1.7091398e+02 1.5116706e+02      
1.7129684e+02 1.5046560e+02      
1.7203039e+02 1.4960664e+02      
1.8097719e+02 1.3197439e+02      
1.8194974e+02 1.3093565e+02      
1.8345814e+02 1.2970568e+02      
1.8551210e+02 1.2828030e+02      
1.8808375e+02 1.2663446e+02      
1.9060823e+02 1.2497287e+02      
1.8994146e+02 1.2472022e+02      
1.8839464e+02 1.2476700e+02      
1.8689044e+02 1.2482515e+02      
1.8574318e+02 1.2488493e+02      
1.8505868e+02 1.2497075e+02      
1.8480455e+02 1.2509535e+02      
1.8483498e+02 1.2524688e+02      
1.8495126e+02 1.2538600e+02      
1.8499186e+02 1.2545661e+02      
1.8490017e+02 1.2540542e+02      
1.8474238e+02 1.2519828e+02      
1.8466879e+02 1.2482425e+02      
1.8483730e+02 1.2428556e+02      
1.8536099e+02 1.2358158e+02      
1.9411949e+02 1.0699162e+02      
1.9477330e+02 1.0591609e+02      
1.9581844e+02 1.0464118e+02      
1.9723143e+02 1.0317398e+02      
1.9898524e+02 1.0149158e+02      
2.0069461e+02 9.9734180e+01      
1.9989873e+02 9.9305437e+01      
1.9880517e+02 9.8938747e+01      
1.9781498e+02 9.8545813e+01      
1.9708050e+02 9.8172797e+01      
1.9671021e+02 9.7845683e+01      
1.9669800e+02 9.7585084e+01      
1.9687816e+02 9.7398069e+01      
1.9697743e+02 9.7272043e+01      
1.9680728e+02 9.7177671e+01      
1.9634419e+02 9.7074329e+01      
1.9573941e+02 9.6918943e+01      
1.9525688e+02 9.6673689e+01      
1.9509511e+02 9.6305097e+01      
1.9534364e+02 9.5780997e+01      
2.0380119e+02 8.0532476e+01      
2.0412684e+02 7.9421641e+01      
2.0471584e+02 7.8112837e+01      
2.0551096e+02 7.6636070e+01      
2.0639030e+02 7.5043287e+01      
2.0696936e+02 7.3535985e+01      
2.0666885e+02 7.2459985e+01      
2.0599691e+02 7.1556216e+01      
2.0534872e+02 7.0689725e+01      
2.0492356e+02 6.9863862e+01      
2.0487022e+02 6.9106792e+01      
2.0526548e+02 6.8456546e+01      
2.0591719e+02 6.7947717e+01      
2.0619026e+02 6.7588332e+01      
2.0583723e+02 6.7372611e+01      
2.0485782e+02 6.7263523e+01      
2.0350274e+02 6.7199241e+01      
2.0242217e+02 6.7119725e+01      
2.0185327e+02 6.6958426e+01      
2.0179981e+02 6.6656350e+01      
2.0997260e+02 5.3024692e+01      
2.0998919e+02 5.1870894e+01      
2.1016614e+02 5.0520612e+01      
2.1043516e+02 4.9016557e+01      
2.1067723e+02 4.7425131e+01      
2.1070765e+02 4.5854652e+01      
2.1040522e+02 4.4394252e+01      
2.0989752e+02 4.3017613e+01      
2.0941032e+02 4.1679858e+01      
2.0914985e+02 4.0384556e+01      
2.0932047e+02 3.9170475e+01      
2.1017747e+02 3.8098369e+01      
2.1179000e+02 3.7253444e+01      
2.1235139e+02 3.6666230e+01      
2.1182330e+02 3.6371283e+01      
2.1022348e+02 3.6327917e+01      
2.0762628e+02 3.6429968e+01      
2.0585935e+02 3.6589719e+01      
2.0490601e+02 3.6695734e+01      
2.0458601e+02 3.6671829e+01      
2.1262678e+02 2.4909541e+01      
2.1237069e+02 2.3698222e+01      
2.1219759e+02 2.2287371e+01      
2.1204898e+02 2.0718589e+01      
2.1184811e+02 1.9040453e+01      
2.1151717e+02 1.7304998e+01      
2.1103016e+02 1.5547075e+01      
2.1045691e+02 1.3770493e+01      
2.0993817e+02 1.1975039e+01      
2.0964937e+02 1.0189534e+01      
2.0980765e+02 8.4781871e+00      
2.1072996e+02 6.9179550e+00      
2.1249282e+02 5.5984791e+00      
2.1304840e+02 4.7709945e+00      
2.1234542e+02 4.4475914e+00      
2.1041367e+02 4.5721162e+00      
2.0736172e+02 5.0394952e+00      
2.0526449e+02 5.5414282e+00      
2.0410102e+02 5.9843098e+00      
2.0361994e+02 6.3030610e+00      
2.1179753e+02 -3.3626685e+00      
2.1131249e+02 -4.6489647e+00      
2.1085014e+02 -6.1390885e+00      
2.1036467e+02 -7.7962698e+00      
2.0981143e+02 -9.5904795e+00      
2.0916120e+02 -1.1502630e+01      
2.0842010e+02 -1.3527591e+01      
2.0764260e+02 -1.5669552e+01      
2.0692700e+02 -1.7922146e+01      
2.0640664e+02 -2.0237492e+01      
2.0625520e+02 -2.2504078e+01      
2.0672276e+02 -2.4580990e+01      
2.0788890e+02 -2.6341593e+01      
2.0804042e+02 -2.7353332e+01      
2.0715728e+02 -2.7636260e+01      
2.0527458e+02 -2.7284453e+01      
2.0248255e+02 -2.6424167e+01      
2.0053323e+02 -2.5538362e+01      
1.9940768e+02 -2.4699100e+01      
1.9890992e+02 -2.3968557e+01      
2.0756030e+02 -3.1339407e+01      
2.0689327e+02 -3.2719754e+01      
2.0619591e+02 -3.4303134e+01      
2.0542810e+02 -3.6053148e+01      
2.0456411e+02 -3.7954830e+01      
2.0360142e+02 -4.0018161e+01      
2.0256233e+02 -4.2270521e+01      
2.0149271e+02 -4.4744829e+01      
2.0045932e+02 -4.7461631e+01      
1.9954697e+02 -5.0385470e+01      
1.9885587e+02 -5.3334730e+01      
1.9847513e+02 -5.5975856e+01      
1.9827948e+02 -5.7980026e+01      
1.9773525e+02 -5.9070155e+01      
1.9666524e+02 -5.9204236e+01      
1.9510138e+02 -5.8556837e+01      
1.9328975e+02 -5.7444868e+01      
1.9183921e+02 -5.6178784e+01      
1.9094764e+02 -5.4888098e+01      
1.9056822e+02 -5.3664834e+01      
2.0003310e+02 -5.8573322e+01      
1.9923688e+02 -6.0072613e+01      
1.9835822e+02 -6.1763160e+01      
1.9734735e+02 -6.3593914e+01      
1.9618886e+02 -6.5561507e+01      
1.9490644e+02 -6.7714182e+01      
1.9353954e+02 -7.0123062e+01      
1.9212755e+02 -7.2864105e+01      
1.9070800e+02 -7.6020680e+01      
1.8931637e+02 -7.9673840e+01      
1.8798822e+02 -8.3647357e+01      
1.8676001e+02 -8.7114294e+01      
1.8560888e+02 -8.9566416e+01      
1.8443082e+02 -9.0733744e+01      
1.8316194e+02 -9.0539118e+01      
1.8182330e+02 -8.9264839e+01      
1.8053668e+02 -8.7662488e+01      
1.7953373e+02 -8.5956589e+01      
1.7895558e+02 -8.4152405e+01      
1.7879933e+02 -8.2318056e+01      
1.8937310e+02 -8.4626117e+01      
1.8851612e+02 -8.6287271e+01      
1.8752663e+02 -8.8117139e+01      
1.8630480e+02 -9.0003757e+01      
1.8484101e+02 -9.1951358e+01      
1.8321724e+02 -9.4085413e+01      
1.8150498e+02 -9.6538145e+01      
1.7973549e+02 -9.9420536e+01      
1.7791650e+02 -1.0287041e+02      
1.7603567e+02 -1.0716666e+02      
1.7405937e+02 -1.1264724e+02      
1.7202523e+02 -1.1726297e+02      
1.7009208e+02 -1.2040624e+02      
1.6836716e+02 -1.2172383e+02      
1.6689814e+02 -1.2105442e+02      
1.6565770e+02 -1.1869722e+02      
1.6462232e+02 -1.1658882e+02      
1.6394580e+02 -1.1447762e+02      
1.6369783e+02 -1.1216851e+02      
1.6388128e+02 -1.0945612e+02      
1.7576222e+02 -1.0906088e+02      
1.7494251e+02 -1.1096400e+02      
1.7398604e+02 -1.1304860e+02      
1.7258227e+02 -1.1495806e+02      
1.7072671e+02 -1.1669837e+02      
1.6871555e+02 -1.1864812e+02      
1.6665777e+02 -1.2100387e+02      
1.6455146e+02 -1.2385776e+02      
1.6237170e+02 -1.2732228e+02      
1.6007228e+02 -1.3157452e+02      
1.5756708e+02 -1.3673952e+02      
1.5476266e+02 -1.4248670e+02      
1.5207747e+02 -1.4655082e+02      
1.4980410e+02 -1.4829636e+02      
1.4810815e+02 -1.4741859e+02      
1.4668393e+02 -1.4582870e+02      
1.4572234e+02 -1.4377367e+02      
1.4535366e+02 -1.4126022e+02      
1.4548905e+02 -1.3853538e+02      
1.4621066e+02 -1.3436342e+02      
1.5938031e+02 -1.3141846e+02      
1.5866863e+02 -1.3362894e+02      
1.5800910e+02 -1.3623582e+02      
1.5645016e+02 -1.3813261e+02      
1.5399848e+02 -1.3931651e+02      
1.5158628e+02 -1.4092339e+02      
1.4922442e+02 -1.4306604e+02      
1.4683886e+02 -1.4574183e+02      
1.4437594e+02 -1.4898999e+02      
1.4177396e+02 -1.5287014e+02      
1.3894490e+02 -1.5741648e+02      
1.3578192e+02 -1.6252092e+02      
1.3234414e+02 -1.6753778e+02      
1.2949947e+02 -1.7008001e+02      
1.2705824e+02 -1.7088609e+02      
1.2518238e+02 -1.7039849e+02      
1.2414711e+02 -1.6862509e+02      
1.2417405e+02 -1.6537544e+02      
1.2527136e+02 -1.6045920e+02      
1.2634744e+02 -1.5594302e+02      
1.4042069e+02 -1.5123204e+02      
1.3970202e+02 -1.5362468e+02      
1.3901152e+02 -1.5646187e+02      
1.3732886e+02 -1.5830565e+02      
1.3466583e+02 -1.5914860e+02      
1.3202620e+02 -1.6045117e+02      
1.2946030e+02 -1.6234339e+02      
1.2688302e+02 -1.6475782e+02      
1.2423436e+02 -1.6767083e+02      
1.2145636e+02 -1.7107334e+02      
1.1847697e+02 -1.7494559e+02      
1.1517974e+02 -1.7928108e+02      
1.1154130e+02 -1.8381930e+02      
1.0865168e+02 -1.8611482e+02      
1.0538029e+02 -1.8840710e+02      
1.0283209e+02 -1.8908666e+02      
1.0149955e+02 -1.8782743e+02      
1.0169305e+02 -1.8437751e+02      
1.0334944e+02 -1.7881001e+02      
1.0472004e+02 -1.7403824e+02      
1.1916728e+02 -1.6811370e+02      
1.1832179e+02 -1.7050111e+02      
1.1744211e+02 -1.7334252e+02      
1.1566527e+02 -1.7509840e+02      
1.1300653e+02 -1.7575721e+02      
1.1031754e+02 -1.7686964e+02      
1.0766674e+02 -1.7854326e+02      
1.0499475e+02 -1.8067708e+02      
1.0225756e+02 -1.8321316e+02      
9.9416362e+01 -1.8610284e+02      
9.6432811e+01 -1.8928160e+02      
9.3278142e+01 -1.9263671e+02      
9.0044113e+01 -1.9580175e+02      
8.6952503e+01 -1.9818746e+02      
8.3732913e+01 -2.0024600e+02      
8.0445347e+01 -2.0191600e+02      
7.8575037e+01 -2.0139553e+02      
7.8596342e+01 -1.9835036e+02      
8.0389894e+01 -1.9305175e+02      
8.1804771e+01 -1.8843310e+02      
9.6000638e+01 -1.8179864e+02      
9.4956850e+01 -1.8396358e+02      
9.3811430e+01 -1.8653381e+02      
9.1968733e+01 -1.8817301e+02      
8.9445387e+01 -1.8886686e+02      
8.6833439e+01 -1.8995006e+02      
8.4196459e+01 -1.9147116e+02      
8.1514083e+01 -1.9334317e+02      
7.8769472e+01 -1.9550673e+02      
7.5948664e+01 -1.9789868e+02      
7.3045046e+01 -2.0043170e+02      
7.0073053e+01 -2.0296658e+02      
6.7088485e+01 -2.0528480e+02      
6.4144642e+01 -2.0719779e+02      
6.1222341e+01 -2.0870090e+02      
5.8367042e+01 -2.0973005e+02      
5.5914228e+01 -2.0987487e+02      
5.5518009e+01 -2.0750395e+02      
5.6925894e+01 -2.0305359e+02      
5.8025741e+01 -1.9899767e+02      
