1.7087118e+01 2.4564535e+02      
1.5598004e+01 2.4287512e+02      
1.4777835e+01 2.4007176e+02      
1.4623673e+01 2.3731159e+02      
1.5119094e+01 2.3467013e+02      
1.6229457e+01 2.3221746e+02      
1.7891384e+01 2.3001280e+02      
1.9995281e+01 2.2809958e+02      
2.2377547e+01 2.2650566e+02      
2.4859706e+01 2.2525605e+02      
2.7307310e+01 2.2438479e+02      
2.9637293e+01 2.2392468e+02      
3.1809731e+01 2.2389286e+02      
3.3829813e+01 2.2428521e+02      
3.5735312e+01 2.2507048e+02      
3.7548043e+01 2.2617158e+02      
3.9192464e+01 2.2743152e+02      
4.0557533e+01 2.2865940e+02      
4.1780254e+01 2.2980222e+02      
4.3230569e+01 2.3094588e+02      
4.4514129e+01 2.3612127e+02      
4.3183930e+01 2.3315146e+02      
4.2564252e+01 2.3011678e+02      
4.2659520e+01 2.2710472e+02      
4.3463494e+01 2.2420421e+02      
4.4957247e+01 2.2149911e+02      
4.7097417e+01 2.1905984e+02      
4.9774347e+01 2.1693225e+02      
5.2736611e+01 2.1512422e+02      
5.5667904e+01 2.1363899e+02      
5.8410821e+01 2.1253617e+02      
6.0882834e+01 2.1187853e+02      
6.3036218e+01 2.1169782e+02      
6.4902212e+01 2.1200262e+02      
6.6594224e+01 2.1278305e+02      
6.8257679e+01 2.1399951e+02      
6.9761845e+01 2.1543151e+02      
7.0428275e+01 2.1653168e+02      
7.0440312e+01 2.1724239e+02      
7.0825541e+01 2.1800156e+02      
7.0542580e+01 2.2301592e+02      
6.9377500e+01 2.1981145e+02      
6.8963658e+01 2.1650545e+02      
6.9312926e+01 2.1319926e+02      
7.0430231e+01 2.1000048e+02      
7.2321052e+01 2.0701377e+02      
7.4998653e+01 2.0432953e+02      
7.8455851e+01 2.0201508e+02      
8.2348343e+01 2.0004242e+02      
8.5785197e+01 1.9826307e+02      
8.8867614e+01 1.9688135e+02      
9.1499334e+01 1.9600698e+02      
9.3568363e+01 1.9567243e+02      
9.5132296e+01 1.9589444e+02      
9.6410144e+01 1.9668591e+02      
9.7832557e+01 1.9810703e+02      
9.9670584e+01 2.0011849e+02      
9.9442477e+01 2.0113094e+02      
9.7387822e+01 2.0107589e+02      
9.6481045e+01 2.0144397e+02      
9.4727721e+01 2.0658221e+02      
9.3724461e+01 2.0310325e+02      
9.3511557e+01 1.9947639e+02      
9.4105696e+01 1.9581933e+02      
9.5515051e+01 1.9226627e+02      
9.7758414e+01 1.8895399e+02      
1.0091338e+02 1.8599692e+02      
1.0521177e+02 1.8349724e+02      
1.1076643e+02 1.8151259e+02      
1.1472748e+02 1.7929647e+02      
1.1840113e+02 1.7760748e+02      
1.2126256e+02 1.7649914e+02      
1.2315380e+02 1.7600043e+02      
1.2417869e+02 1.7612966e+02      
1.2462204e+02 1.7688449e+02      
1.2503340e+02 1.7828716e+02      
1.2583634e+02 1.8020427e+02      
1.2448991e+02 1.8116513e+02      
1.2120682e+02 1.8109422e+02      
1.1939770e+02 1.8139897e+02      
1.1665558e+02 1.8713459e+02      
1.1580088e+02 1.8333838e+02      
1.1577597e+02 1.7933029e+02      
1.1660009e+02 1.7524412e+02      
1.1826865e+02 1.7125138e+02      
1.2076436e+02 1.6754981e+02      
1.2415444e+02 1.6428688e+02      
1.2870432e+02 1.6147600e+02      
1.3459862e+02 1.5902748e+02      
1.4132685e+02 1.5682018e+02      
1.4619975e+02 1.5489048e+02      
1.4932405e+02 1.5352939e+02      
1.5089589e+02 1.5286216e+02      
1.5109378e+02 1.5290627e+02      
1.5018409e+02 1.5360307e+02      
1.4864428e+02 1.5484033e+02      
1.4699314e+02 1.5634545e+02      
1.4459706e+02 1.5730511e+02      
1.4102538e+02 1.5761429e+02      
1.3897171e+02 1.5816000e+02      
1.3594923e+02 1.6504826e+02      
1.3521782e+02 1.6089486e+02      
1.3536105e+02 1.5643663e+02      
1.3640690e+02 1.5181403e+02      
1.3833767e+02 1.4723733e+02      
1.4102067e+02 1.4302805e+02      
1.4428430e+02 1.3952606e+02      
1.4864902e+02 1.3649673e+02      
1.5465765e+02 1.3369368e+02      
1.6228112e+02 1.3102222e+02      
1.6778772e+02 1.2873078e+02      
1.7095169e+02 1.2710815e+02      
1.7199410e+02 1.2630881e+02      
1.7109927e+02 1.2632949e+02      
1.6850651e+02 1.2703289e+02      
1.6469407e+02 1.2815263e+02      
1.6181655e+02 1.2934166e+02      
1.5920658e+02 1.3037941e+02      
1.5667663e+02 1.3125066e+02      
1.5496694e+02 1.3218612e+02      
1.5227478e+02 1.4075687e+02      
1.5162309e+02 1.3622210e+02      
1.5190068e+02 1.3124841e+02      
1.5316564e+02 1.2595429e+02      
1.5539903e+02 1.2058531e+02      
1.5836178e+02 1.1562249e+02      
1.6096898e+02 1.1213743e+02      
1.6464080e+02 1.0914649e+02      
1.7000723e+02 1.0618513e+02      
1.7716238e+02 1.0303090e+02      
1.8269423e+02 1.0025468e+02      
1.8563414e+02 9.8341853e+01      
1.8593715e+02 9.7472419e+01      
1.8382771e+02 9.7568496e+01      
1.7977534e+02 9.8365756e+01      
1.7617293e+02 9.9280440e+01      
1.7325562e+02 1.0031843e+02      
1.7082285e+02 1.0145864e+02      
1.6881827e+02 1.0268186e+02      
1.6743954e+02 1.0399828e+02      
1.6534991e+02 1.1474470e+02      
1.6470349e+02 1.0984466e+02      
1.6504804e+02 1.0432480e+02      
1.6649164e+02 9.8237665e+01      
1.6894535e+02 9.1935805e+01      
1.7139542e+02 8.6685207e+01      
1.7373252e+02 8.2796833e+01      
1.7634680e+02 8.0087830e+01      
1.8037676e+02 7.7278224e+01      
1.8577138e+02 7.4027600e+01      
1.9139048e+02 7.0591340e+01      
1.9389819e+02 6.8401534e+01      
1.9330627e+02 6.7557159e+01      
1.9020030e+02 6.7758947e+01      
1.8696492e+02 6.8120636e+01      
1.8405303e+02 6.8701279e+01      
1.8152767e+02 6.9611963e+01      
1.7937524e+02 7.0863394e+01      
1.7764790e+02 7.2387982e+01      
1.7646134e+02 7.4093190e+01      
1.7496043e+02 8.7524261e+01      
1.7419870e+02 8.2349394e+01      
1.7444422e+02 7.6397381e+01      
1.7590041e+02 6.9536188e+01      
1.7775666e+02 6.2967633e+01      
1.7964330e+02 5.7439461e+01      
1.8151364e+02 5.3250875e+01      
1.8358296e+02 5.0235000e+01      
1.8629279e+02 4.7707296e+01      
1.9031580e+02 4.4353066e+01      
1.9492558e+02 4.0538607e+01      
1.9649894e+02 3.8273422e+01      
1.9505971e+02 3.7496539e+01      
1.9295600e+02 3.6942869e+01      
1.9076883e+02 3.6591646e+01      
1.8863993e+02 3.6684217e+01      
1.8657463e+02 3.7453439e+01      
1.8468441e+02 3.8874230e+01      
1.8312913e+02 4.0768574e+01      
1.8204148e+02 4.2941110e+01      
1.8098678e+02 5.9593510e+01      
1.7996765e+02 5.4289933e+01      
1.7979167e+02 4.8281766e+01      
1.8049538e+02 4.1604474e+01      
1.8187540e+02 3.4586930e+01      
1.8322471e+02 2.8719084e+01      
1.8450281e+02 2.4410164e+01      
1.8585099e+02 2.1423084e+01      
1.8789257e+02 1.8310162e+01      
1.9074990e+02 1.4720355e+01      
1.9391353e+02 1.0823832e+01      
1.9436348e+02 8.6678604e+00      
1.9370325e+02 6.9551326e+00      
1.9263061e+02 5.3968638e+00      
1.9147986e+02 4.0474178e+00      
1.9022128e+02 3.3459343e+00      
1.8850267e+02 4.0345785e+00      
1.8673754e+02 5.7983745e+00      
1.8524535e+02 8.2303927e+00      
1.8417949e+02 1.1018636e+01      
1.8341680e+02 3.1404049e+01      
1.8205249e+02 2.6073498e+01      
1.8135565e+02 2.0141904e+01      
1.8131545e+02 1.3727541e+01      
1.8182093e+02 7.0977544e+00      
1.8262726e+02 8.4395447e-01      
1.8330049e+02 -3.4779330e+00      
1.8426482e+02 -7.2181090e+00      
1.8566616e+02 -1.0847294e+01      
1.8742075e+02 -1.4537249e+01      
1.8902641e+02 -1.8111148e+01      
1.8964732e+02 -2.1092699e+01      
1.8960160e+02 -2.3781441e+01      
1.8930718e+02 -2.6403055e+01      
1.8911529e+02 -2.9031863e+01      
1.8909454e+02 -3.1281130e+01      
1.8739723e+02 -3.0441803e+01      
1.8555291e+02 -2.8029106e+01      
1.8400045e+02 -2.4784212e+01      
1.8288927e+02 -2.1164544e+01      
1.8232241e+02 3.3770304e+00      
1.8058841e+02 -1.9456141e+00      
1.7938532e+02 -7.8147547e+00      
1.7869018e+02 -1.4079871e+01      
1.7843245e+02 -2.0470855e+01      
1.7849257e+02 -2.6479576e+01      
1.7874939e+02 -3.1492942e+01      
1.7928492e+02 -3.5789603e+01      
1.8010688e+02 -3.9735645e+01      
1.8108981e+02 -4.3529108e+01      
1.8197268e+02 -4.7196336e+01      
1.8251406e+02 -5.0715218e+01      
1.8275068e+02 -5.4192644e+01      
1.8290526e+02 -5.7778338e+01      
1.8327637e+02 -6.1604377e+01      
1.8389467e+02 -6.5266063e+01      
1.8305528e+02 -6.5436787e+01      
1.8108785e+02 -6.2159222e+01      
1.7940131e+02 -5.7769639e+01      
1.7820384e+02 -5.3041776e+01      
1.7783021e+02 -2.4067634e+01      
1.7573654e+02 -2.9378836e+01      
1.7406688e+02 -3.5233937e+01      
1.7280000e+02 -4.1507130e+01      
1.7189075e+02 -4.7996674e+01      
1.7130328e+02 -5.4279325e+01      
1.7106317e+02 -5.9674883e+01      
1.7116909e+02 -6.4119642e+01      
1.7151644e+02 -6.8117255e+01      
1.7198936e+02 -7.1942647e+01      
1.7245822e+02 -7.5725598e+01      
1.7282598e+02 -7.9578352e+01      
1.7310457e+02 -8.3632763e+01      
1.7341595e+02 -8.8013723e+01      
1.7395597e+02 -9.2797838e+01      
1.7472128e+02 -9.7499333e+01      
1.7441797e+02 -9.8514165e+01      
1.7317566e+02 -9.5776260e+01      
1.7144529e+02 -9.0084351e+01      
1.7018301e+02 -8.3967944e+01      
1.7010830e+02 -5.0502617e+01      
1.6768198e+02 -5.5798790e+01      
1.6559315e+02 -6.1668650e+01      
1.6382338e+02 -6.8037988e+01      
1.6233152e+02 -7.4856878e+01      
1.6110135e+02 -8.1941908e+01      
1.6035352e+02 -8.7666903e+01      
1.6011805e+02 -9.1782292e+01      
1.6008559e+02 -9.5583086e+01      
1.6018103e+02 -9.9259205e+01      
1.6034272e+02 -1.0299529e+02      
1.6051660e+02 -1.0698351e+02      
1.6070318e+02 -1.1141370e+02      
1.6096992e+02 -1.1646224e+02      
1.6141677e+02 -1.2203446e+02      
1.6198074e+02 -1.2710241e+02      
1.6188314e+02 -1.2839396e+02      
1.6118758e+02 -1.2605930e+02      
1.6010995e+02 -1.2070888e+02      
1.5892015e+02 -1.1314989e+02      
1.5936245e+02 -7.5502046e+01      
1.5663928e+02 -8.0763000e+01      
1.5418229e+02 -8.6632659e+01      
1.5197838e+02 -9.3067523e+01      
1.4999223e+02 -1.0005818e+02      
1.4820435e+02 -1.0746047e+02      
1.4698041e+02 -1.1367275e+02      
1.4638183e+02 -1.1818660e+02      
1.4599031e+02 -1.2169312e+02      
1.4577848e+02 -1.2494350e+02      
1.4569313e+02 -1.2838738e+02      
1.4567167e+02 -1.3225952e+02      
1.4569220e+02 -1.3679903e+02      
1.4578825e+02 -1.4234370e+02      
1.4602563e+02 -1.4891917e+02      
1.4618359e+02 -1.5310446e+02      
1.4610360e+02 -1.5395351e+02      
1.4575690e+02 -1.5160997e+02      
1.4520235e+02 -1.4659627e+02      
1.4455422e+02 -1.3941748e+02      
1.4583435e+02 -9.8657217e+01      
1.4285487e+02 -1.0384420e+02      
1.4008117e+02 -1.0966813e+02      
1.3750812e+02 -1.1609449e+02      
1.3513330e+02 -1.2305385e+02      
1.3301072e+02 -1.3027887e+02      
1.3131608e+02 -1.3719938e+02      
1.3015495e+02 -1.4331433e+02      
1.2938839e+02 -1.4596313e+02      
1.2894862e+02 -1.4844826e+02      
1.2868656e+02 -1.5132612e+02      
1.2849353e+02 -1.5479299e+02      
1.2831628e+02 -1.5907210e+02      
1.2814493e+02 -1.6444495e+02      
1.2797975e+02 -1.7073051e+02      
1.2789374e+02 -1.7408541e+02      
1.2783520e+02 -1.7415343e+02      
1.2774861e+02 -1.7128972e+02      
1.2754792e+02 -1.6641664e+02      
1.2728369e+02 -1.5981734e+02      
1.2979957e+02 -1.1959119e+02      
1.2660755e+02 -1.2464948e+02      
1.2356751e+02 -1.3036714e+02      
1.2067377e+02 -1.3673671e+02      
1.1792610e+02 -1.4372121e+02      
1.1536592e+02 -1.5116849e+02      
1.1311492e+02 -1.5869296e+02      
1.1137289e+02 -1.6522630e+02      
1.1041744e+02 -1.6761548e+02      
1.0991418e+02 -1.6924855e+02      
1.0958832e+02 -1.7128590e+02      
1.0927868e+02 -1.7407628e+02      
1.0890816e+02 -1.7778648e+02      
1.0847667e+02 -1.8238884e+02      
1.0807156e+02 -1.8717589e+02      
1.0789623e+02 -1.8927860e+02      
1.0787906e+02 -1.8847252e+02      
1.0803637e+02 -1.8457889e+02      
1.0802508e+02 -1.7991344e+02      
1.0794937e+02 -1.7435172e+02      
1.1156434e+02 -1.3797087e+02      
1.0820753e+02 -1.4282945e+02      
1.0495663e+02 -1.4835431e+02      
1.0179470e+02 -1.5458721e+02      
9.8683394e+01 -1.6162394e+02      
9.5617115e+01 -1.6948306e+02      
9.2753214e+01 -1.7767335e+02      
9.0651582e+01 -1.8348121e+02      
8.9406602e+01 -1.8633408e+02      
8.9005858e+01 -1.8682987e+02      
8.8755161e+01 -1.8777476e+02      
8.8404617e+01 -1.8968744e+02      
8.7885224e+01 -1.9263529e+02      
8.7197929e+01 -1.9646024e+02      
8.7052247e+01 -1.9812239e+02      
8.6913642e+01 -1.9874264e+02      
8.6846879e+01 -1.9763683e+02      
8.6866183e+01 -1.9473809e+02      
8.6873883e+01 -1.9082362e+02      
8.6879113e+01 -1.8624583e+02      
9.1460052e+01 -1.5351937e+02      
8.7990182e+01 -1.5809416e+02      
8.4595510e+01 -1.6330225e+02      
8.1255103e+01 -1.6920379e+02      
7.7888066e+01 -1.7601823e+02      
7.4376628e+01 -1.8403874e+02      
7.1405488e+01 -1.9094234e+02      
6.9122675e+01 -1.9602419e+02      
6.7587110e+01 -1.9905761e+02      
6.6812291e+01 -2.0022846e+02      
6.6683887e+01 -2.0019823e+02      
6.6282789e+01 -2.0133648e+02      
6.5724028e+01 -2.0323325e+02      
6.5168549e+01 -2.0519955e+02      
6.4827476e+01 -2.0617122e+02      
6.4599111e+01 -2.0613660e+02      
6.4449722e+01 -2.0496121e+02      
6.4375662e+01 -2.0263273e+02      
6.4355073e+01 -1.9941063e+02      
6.4384940e+01 -1.9558927e+02      
6.9836489e+01 -1.6602721e+02      
6.6304836e+01 -1.7023705e+02      
6.2836934e+01 -1.7499836e+02      
5.9431417e+01 -1.8031681e+02      
5.6076027e+01 -1.8620174e+02      
5.2832698e+01 -1.9239174e+02      
4.9972685e+01 -1.9793631e+02      
4.7639952e+01 -2.0230041e+02      
4.5883101e+01 -2.0531467e+02      
4.4691754e+01 -2.0707697e+02      
4.3924919e+01 -2.0804933e+02      
4.3243285e+01 -2.0910400e+02      
4.2576621e+01 -2.1032183e+02      
4.1983219e+01 -2.1135569e+02      
4.1519108e+01 -2.1180539e+02      
4.1182147e+01 -2.1146657e+02      
4.0953593e+01 -2.1026117e+02      
4.0820965e+01 -2.0820899e+02      
4.0773241e+01 -2.0544492e+02      
4.0805965e+01 -2.0216491e+02      
