2.8894006e+01 2.3042277e+02      
2.9796435e+01 2.2912171e+02      
3.1246416e+01 2.2812662e+02      
3.3213252e+01 2.2751735e+02      
3.5670293e+01 2.2737460e+02      
3.8602172e+01 2.2777430e+02      
4.1999063e+01 2.2877181e+02      
4.5818359e+01 2.3036347e+02      
4.9903005e+01 2.3240086e+02      
5.3860225e+01 2.3439015e+02      
5.6707251e+01 2.3468099e+02      
5.9492160e+01 2.3492915e+02      
6.2591974e+01 2.3558658e+02      
6.5858543e+01 2.3661350e+02      
6.8476251e+01 2.3742517e+02      
6.8238028e+01 2.3591477e+02      
6.7342173e+01 2.3408298e+02      
6.6668089e+01 2.3244479e+02      
6.6579799e+01 2.3111109e+02      
6.7172516e+01 2.3005013e+02      
5.7074780e+01 2.2083196e+02      
5.8189644e+01 2.1947441e+02      
5.9867063e+01 2.1841799e+02      
6.2068579e+01 2.1776251e+02      
6.4764194e+01 2.1761898e+02      
6.7959067e+01 2.1811249e+02      
7.1720726e+01 2.1938707e+02      
7.6097557e+01 2.2152798e+02      
8.0855096e+01 2.2430348e+02      
8.4832156e+01 2.2616439e+02      
8.7898999e+01 2.2680205e+02      
9.0455664e+01 2.2664655e+02      
9.3890793e+01 2.2731190e+02      
9.7974263e+01 2.2875438e+02      
1.0012493e+02 2.2903339e+02      
9.9739970e+01 2.2760508e+02      
9.7276486e+01 2.2480369e+02      
9.5293508e+01 2.2237845e+02      
9.4360655e+01 2.2051040e+02      
9.4421130e+01 2.1906191e+02      
8.3758940e+01 2.0754426e+02      
8.5101528e+01 2.0606243e+02      
8.7020572e+01 2.0486195e+02      
8.9456520e+01 2.0406025e+02      
9.2348895e+01 2.0379489e+02      
9.5687583e+01 2.0422904e+02      
9.9618587e+01 2.0559745e+02      
1.0442138e+02 2.0815132e+02      
1.0901301e+02 2.1065289e+02      
1.1282412e+02 2.1239966e+02      
1.1580544e+02 2.1320863e+02      
1.1854494e+02 2.1347446e+02      
1.2221528e+02 2.1412830e+02      
1.2577619e+02 2.1497418e+02      
1.2759779e+02 2.1496580e+02      
1.2702915e+02 2.1364068e+02      
1.2444523e+02 2.1114158e+02      
1.2120463e+02 2.0816907e+02      
1.1966536e+02 2.0601651e+02      
1.1937500e+02 2.0437090e+02      
1.0850137e+02 1.9080017e+02      
1.1009096e+02 1.8911857e+02      
1.1228314e+02 1.8767632e+02      
1.1498366e+02 1.8660410e+02      
1.1805280e+02 1.8606237e+02      
1.2137262e+02 1.8622637e+02      
1.2496694e+02 1.8725254e+02      
1.2898448e+02 1.8916097e+02      
1.3338850e+02 1.9159504e+02      
1.3686251e+02 1.9327892e+02      
1.3924312e+02 1.9399387e+02      
1.4106754e+02 1.9401490e+02      
1.4402651e+02 1.9455838e+02      
1.4788097e+02 1.9552582e+02      
1.4972323e+02 1.9556652e+02      
1.4882634e+02 1.9435261e+02      
1.4573747e+02 1.9200407e+02      
1.4327029e+02 1.8972193e+02      
1.4191902e+02 1.8781250e+02      
1.4157832e+02 1.8621387e+02      
1.3087717e+02 1.7091105e+02      
1.3273276e+02 1.6895382e+02      
1.3525588e+02 1.6716330e+02      
1.3832834e+02 1.6567503e+02      
1.4166860e+02 1.6468468e+02      
1.4490287e+02 1.6441214e+02      
1.4786866e+02 1.6497358e+02      
1.5072075e+02 1.6628069e+02      
1.5370600e+02 1.6801299e+02      
1.5664459e+02 1.6963727e+02      
1.5807261e+02 1.7014788e+02      
1.5964835e+02 1.7048282e+02      
1.6181161e+02 1.7098502e+02      
1.6438901e+02 1.7159171e+02      
1.6645798e+02 1.7185265e+02      
1.6518573e+02 1.7084057e+02      
1.6333353e+02 1.6936189e+02      
1.6181124e+02 1.6780607e+02      
1.6093171e+02 1.6633378e+02      
1.6074691e+02 1.6495622e+02      
1.5048110e+02 1.4825699e+02      
1.5260023e+02 1.4596054e+02      
1.5551553e+02 1.4371993e+02      
1.5918988e+02 1.4164224e+02      
1.6320421e+02 1.3996956e+02      
1.6647127e+02 1.3913375e+02      
1.6858551e+02 1.3930496e+02      
1.6983890e+02 1.4029917e+02      
1.7115420e+02 1.4158901e+02      
1.7260347e+02 1.4274673e+02      
1.7377490e+02 1.4347138e+02      
1.7501061e+02 1.4400496e+02      
1.7647275e+02 1.4452089e+02      
1.7798644e+02 1.4498626e+02      
1.7897852e+02 1.4517418e+02      
1.7870215e+02 1.4480286e+02      
1.7788497e+02 1.4405997e+02      
1.7712239e+02 1.4313466e+02      
1.7669517e+02 1.4212337e+02      
1.7672640e+02 1.4105262e+02      
1.6693659e+02 1.2327914e+02      
1.6925748e+02 1.2061108e+02      
1.7252717e+02 1.1785976e+02      
1.7695154e+02 1.1504021e+02      
1.8244338e+02 1.1232460e+02      
1.8590642e+02 1.1081517e+02      
1.8702095e+02 1.1072634e+02      
1.8594418e+02 1.1187142e+02      
1.8562891e+02 1.1302794e+02      
1.8595322e+02 1.1395969e+02      
1.8655511e+02 1.1466134e+02      
1.8733670e+02 1.1523902e+02      
1.8824533e+02 1.1579449e+02      
1.8911875e+02 1.1631886e+02      
1.8968452e+02 1.1669613e+02      
1.8976814e+02 1.1680945e+02      
1.8953649e+02 1.1665262e+02      
1.8927551e+02 1.1627623e+02      
1.8919613e+02 1.1572012e+02      
1.8942060e+02 1.1499730e+02      
1.7992463e+02 9.6462526e+01      
1.8230747e+02 9.3438172e+01      
1.8570551e+02 9.0203136e+01      
1.9040062e+02 8.6684363e+01      
1.9621068e+02 8.3032049e+01      
1.9957909e+02 8.0903784e+01      
2.0002968e+02 8.0585258e+01      
1.9788739e+02 8.1841315e+01      
1.9657970e+02 8.2909591e+01      
1.9614926e+02 8.3633320e+01      
1.9620964e+02 8.4159610e+01      
1.9655629e+02 8.4654088e+01      
1.9705744e+02 8.5249942e+01      
1.9757526e+02 8.5957889e+01      
1.9796672e+02 8.6667689e+01      
1.9815932e+02 8.7247401e+01      
1.9820771e+02 8.7619025e+01      
1.9824307e+02 8.7755825e+01      
1.9839517e+02 8.7651535e+01      
1.9875783e+02 8.7300549e+01      
1.8922336e+02 6.8309711e+01      
1.9148506e+02 6.4990939e+01      
1.9469701e+02 6.1390458e+01      
1.9909810e+02 5.7378189e+01      
2.0446485e+02 5.3056337e+01      
2.0745278e+02 5.0449359e+01      
2.0759559e+02 4.9847078e+01      
2.0523695e+02 5.1011644e+01      
2.0359706e+02 5.1822113e+01      
2.0278943e+02 5.2189639e+01      
2.0249114e+02 5.2356851e+01      
2.0251423e+02 5.2607322e+01      
2.0273752e+02 5.3223518e+01      
2.0304940e+02 5.4235239e+01      
2.0334681e+02 5.5412206e+01      
2.0357783e+02 5.6524066e+01      
2.0375981e+02 5.7438826e+01      
2.0395672e+02 5.8089745e+01      
2.0424428e+02 5.8443548e+01      
2.0468641e+02 5.8481896e+01      
1.9473173e+02 3.9313183e+01      
1.9670656e+02 3.5784609e+01      
1.9945773e+02 3.1989949e+01      
2.0309901e+02 2.7832040e+01      
2.0742918e+02 2.3357061e+01      
2.0982199e+02 2.0511589e+01      
2.0994973e+02 1.9483789e+01      
2.0804136e+02 2.0109180e+01      
2.0660335e+02 2.0342050e+01      
2.0574125e+02 2.0132105e+01      
2.0526573e+02 1.9657217e+01      
2.0507366e+02 1.9309612e+01      
2.0512711e+02 1.9904580e+01      
2.0534116e+02 2.1503046e+01      
2.0559461e+02 2.3365193e+01      
2.0583830e+02 2.5114975e+01      
2.0608067e+02 2.6619884e+01      
2.0635658e+02 2.7804880e+01      
2.0671003e+02 2.8627889e+01      
2.0718167e+02 2.9067662e+01      
1.9646302e+02 9.9385334e+00      
1.9805228e+02 6.2684044e+00      
2.0020228e+02 2.4122153e+00      
2.0281634e+02 -1.5626394e+00      
2.0545224e+02 -5.3404104e+00      
2.0712458e+02 -8.1603182e+00      
2.0744390e+02 -9.7467897e+00      
2.0670551e+02 -1.0427907e+01      
2.0579669e+02 -1.1042211e+01      
2.0506921e+02 -1.1960074e+01      
2.0453518e+02 -1.3309865e+01      
2.0417113e+02 -1.4932422e+01      
2.0414084e+02 -1.4440968e+01      
2.0437139e+02 -1.1674003e+01      
2.0461358e+02 -8.9172728e+00      
2.0485359e+02 -6.4387674e+00      
2.0511497e+02 -4.2949333e+00      
2.0541953e+02 -2.5546414e+00      
2.0579157e+02 -1.2559791e+00      
2.0625482e+02 -4.1228129e-01      
1.9451356e+02 -1.9373774e+01      
1.9570049e+02 -2.3158342e+01      
1.9728612e+02 -2.7062780e+01      
1.9911073e+02 -3.0966268e+01      
2.0084812e+02 -3.4601745e+01      
2.0204022e+02 -3.7531011e+01      
2.0237536e+02 -3.9413495e+01      
2.0207929e+02 -4.0695888e+01      
2.0152399e+02 -4.1924600e+01      
2.0095479e+02 -4.3453442e+01      
2.0044835e+02 -4.5462828e+01      
2.0000733e+02 -4.7732314e+01      
1.9997770e+02 -4.7593673e+01      
2.0021086e+02 -4.4351602e+01      
2.0040089e+02 -4.0809414e+01      
2.0061247e+02 -3.7554773e+01      
2.0086758e+02 -3.4733400e+01      
2.0117102e+02 -3.2429181e+01      
2.0153129e+02 -3.0664318e+01      
2.0195967e+02 -2.9430535e+01      
1.8902467e+02 -4.8196984e+01      
1.8984551e+02 -5.2091999e+01      
1.9098653e+02 -5.6085694e+01      
1.9231624e+02 -6.0114461e+01      
1.9362661e+02 -6.3993645e+01      
1.9462743e+02 -6.7304462e+01      
1.9475057e+02 -6.9030677e+01      
1.9449003e+02 -7.0337097e+01      
1.9405418e+02 -7.1812171e+01      
1.9358146e+02 -7.3781851e+01      
1.9317146e+02 -7.6284024e+01      
1.9294870e+02 -7.8756833e+01      
1.9304980e+02 -7.9591178e+01      
1.9293797e+02 -7.6162315e+01      
1.9298769e+02 -7.1777488e+01      
1.9315877e+02 -6.7631334e+01      
1.9340083e+02 -6.4096904e+01      
1.9368938e+02 -6.1249009e+01      
1.9402014e+02 -5.9057573e+01      
1.9439654e+02 -5.7471784e+01      
1.8015840e+02 -7.6122877e+01      
1.8066169e+02 -8.0102874e+01      
1.8146999e+02 -8.4169941e+01      
1.8248702e+02 -8.8405293e+01      
1.8355546e+02 -9.2641520e+01      
1.8422077e+02 -9.5790883e+01      
1.8433404e+02 -9.7676423e+01      
1.8398966e+02 -9.8639233e+01      
1.8354970e+02 -1.0003074e+02      
1.8308945e+02 -1.0234409e+02      
1.8268703e+02 -1.0562072e+02      
1.8249127e+02 -1.0908212e+02      
1.8241683e+02 -1.0966192e+02      
1.8238596e+02 -1.0677594e+02      
1.8240464e+02 -1.0121843e+02      
1.8258962e+02 -9.5991947e+01      
1.8283676e+02 -9.1747546e+01      
1.8310789e+02 -8.8445185e+01      
1.8339942e+02 -8.5915836e+01      
1.8371341e+02 -8.4046740e+01      
1.6808943e+02 -1.0281088e+02      
1.6831243e+02 -1.0678513e+02      
1.6886832e+02 -1.1068945e+02      
1.6965871e+02 -1.1496829e+02      
1.7036087e+02 -1.1881908e+02      
1.7078766e+02 -1.2173594e+02      
1.7086537e+02 -1.2357835e+02      
1.7062048e+02 -1.2463207e+02      
1.7016443e+02 -1.2567603e+02      
1.6967245e+02 -1.2814438e+02      
1.6913313e+02 -1.3228550e+02      
1.6869073e+02 -1.3536636e+02      
1.6848019e+02 -1.3581348e+02      
1.6853747e+02 -1.3314374e+02      
1.6878855e+02 -1.2791699e+02      
1.6909551e+02 -1.2168685e+02      
1.6936485e+02 -1.1701408e+02      
1.6961493e+02 -1.1348469e+02      
1.6985978e+02 -1.1076553e+02      
1.7010481e+02 -1.0871021e+02      
1.5299477e+02 -1.2812725e+02      
1.5296220e+02 -1.3195552e+02      
1.5334953e+02 -1.3496299e+02      
1.5389171e+02 -1.3815733e+02      
1.5436127e+02 -1.4168334e+02      
1.5462153e+02 -1.4435913e+02      
1.5466163e+02 -1.4592277e+02      
1.5447067e+02 -1.4666012e+02      
1.5410856e+02 -1.4789436e+02      
1.5364104e+02 -1.5003270e+02      
1.5306121e+02 -1.5309085e+02      
1.5235051e+02 -1.5638115e+02      
1.5199422e+02 -1.5695639e+02      
1.5214938e+02 -1.5421953e+02      
1.5263096e+02 -1.4881232e+02      
1.5297757e+02 -1.4365631e+02      
1.5323410e+02 -1.3937764e+02      
1.5344742e+02 -1.3594714e+02      
1.5363671e+02 -1.3321351e+02      
1.5380840e+02 -1.3107919e+02      
1.3509459e+02 -1.5185063e+02      
1.3482969e+02 -1.5543778e+02      
1.3527673e+02 -1.5661434e+02      
1.3573288e+02 -1.5847246e+02      
1.3604069e+02 -1.6093435e+02      
1.3615822e+02 -1.6338035e+02      
1.3617895e+02 -1.6454062e+02      
1.3601470e+02 -1.6554932e+02      
1.3570457e+02 -1.6681201e+02      
1.3528785e+02 -1.6847039e+02      
1.3477744e+02 -1.7044710e+02      
1.3418433e+02 -1.7234631e+02      
1.3364210e+02 -1.7318201e+02      
1.3393017e+02 -1.7026106e+02      
1.3426443e+02 -1.6630702e+02      
1.3452468e+02 -1.6231723e+02      
1.3472237e+02 -1.5869900e+02      
1.3487866e+02 -1.5557814e+02      
1.3500387e+02 -1.5296607e+02      
1.3510028e+02 -1.5084277e+02      
1.1508070e+02 -1.7094011e+02      
1.1463064e+02 -1.7423977e+02      
1.1516521e+02 -1.7463269e+02      
1.1557458e+02 -1.7567062e+02      
1.1577228e+02 -1.7733570e+02      
1.1581404e+02 -1.7905869e+02      
1.1574277e+02 -1.8037466e+02      
1.1555272e+02 -1.8151217e+02      
1.1525875e+02 -1.8266929e+02      
1.1488802e+02 -1.8388672e+02      
1.1446817e+02 -1.8505168e+02      
1.1404134e+02 -1.8585952e+02      
1.1373352e+02 -1.8569725e+02      
1.1374187e+02 -1.8385303e+02      
1.1387235e+02 -1.8107373e+02      
1.1400803e+02 -1.7800662e+02      
1.1412242e+02 -1.7500025e+02      
1.1420953e+02 -1.7224125e+02      
1.1426681e+02 -1.6981572e+02      
1.1428992e+02 -1.6775897e+02      
9.3729408e+01 -1.8510226e+02      
9.3133629e+01 -1.8811050e+02      
9.3550213e+01 -1.8859339e+02      
9.3788210e+01 -1.8950604e+02      
9.3837055e+01 -1.9083256e+02      
9.3767622e+01 -1.9222171e+02      
9.3607788e+01 -1.9347249e+02      
9.3370211e+01 -1.9456983e+02      
9.3068803e+01 -1.9555625e+02      
9.2724548e+01 -1.9641914e+02      
9.2365934e+01 -1.9705377e+02      
9.2035653e+01 -1.9725040e+02      
9.1797459e+01 -1.9672422e+02      
9.1693799e+01 -1.9531884e+02      
9.1685628e+01 -1.9323300e+02      
9.1714919e+01 -1.9079687e+02      
9.1747686e+01 -1.8827480e+02      
9.1766116e+01 -1.8584391e+02      
9.1758765e+01 -1.8361251e+02      
9.1715450e+01 -1.8164358e+02      
7.1718322e+01 -1.9439701e+02      
7.1013596e+01 -1.9712614e+02      
7.0799144e+01 -1.9868621e+02      
7.0687377e+01 -1.9996860e+02      
7.0533541e+01 -2.0127014e+02      
7.0327217e+01 -2.0253173e+02      
7.0073038e+01 -2.0367246e+02      
6.9778058e+01 -2.0465464e+02      
6.9452828e+01 -2.0546237e+02      
6.9113229e+01 -2.0605910e+02      
6.8781222e+01 -2.0636452e+02      
6.8485056e+01 -2.0625706e+02      
6.8254312e+01 -2.0561311e+02      
6.8103264e+01 -2.0438906e+02      
6.8018603e+01 -2.0267523e+02      
6.7972494e+01 -2.0064454e+02      
6.7939250e+01 -1.9847356e+02      
6.7899344e+01 -1.9630533e+02      
6.7837312e+01 -1.9424358e+02      
6.7739216e+01 -1.9235940e+02      
