2.7038216e+01 2.2742963e+02      
2.7484180e+01 2.2532408e+02      
2.8467706e+01 2.2333199e+02      
2.9896915e+01 2.2155042e+02      
3.1628821e+01 2.2009242e+02      
3.3356131e+01 2.1908283e+02      
3.4691623e+01 2.1860005e+02      
3.5877244e+01 2.1848718e+02      
3.6191681e+01 2.1850378e+02      
3.5323860e+01 2.1857670e+02      
3.3641892e+01 2.1873994e+02      
3.2195073e+01 2.1914808e+02      
3.1363753e+01 2.1982787e+02      
3.1151029e+01 2.2074704e+02      
3.1512521e+01 2.2186869e+02      
3.2408465e+01 2.2315281e+02      
3.3812857e+01 2.2455556e+02      
3.5713476e+01 2.2602987e+02      
3.8108354e+01 2.2752640e+02      
4.1000314e+01 2.2899442e+02      
5.6365829e+01 2.1771010e+02      
5.7250899e+01 2.1545500e+02      
5.8789263e+01 2.1325273e+02      
6.0892188e+01 2.1122589e+02      
6.3452178e+01 2.0952665e+02      
6.6048944e+01 2.0839766e+02      
6.7264926e+01 2.0812248e+02      
6.9563200e+01 2.0829394e+02      
7.0101381e+01 2.0834988e+02      
6.8522943e+01 2.0831401e+02      
6.5020597e+01 2.0816421e+02      
6.2599140e+01 2.0838713e+02      
6.1251904e+01 2.0891982e+02      
6.0697069e+01 2.0969525e+02      
6.0781626e+01 2.1066961e+02      
6.1415636e+01 2.1179918e+02      
6.2549535e+01 2.1303617e+02      
6.4163353e+01 2.1432975e+02      
6.6257289e+01 2.1562770e+02      
6.8839976e+01 2.1687700e+02      
8.4096349e+01 2.0459074e+02      
8.5445841e+01 2.0214027e+02      
8.7642394e+01 1.9962668e+02      
9.0380962e+01 1.9727181e+02      
9.3702311e+01 1.9520521e+02      
9.5834654e+01 1.9406501e+02      
9.6833241e+01 1.9394018e+02      
9.9293220e+01 1.9401738e+02      
9.9840004e+01 1.9400498e+02      
9.7938170e+01 1.9394332e+02      
9.3830520e+01 1.9386934e+02      
9.0991629e+01 1.9404126e+02      
8.9400191e+01 1.9447255e+02      
8.8656551e+01 1.9513310e+02      
8.8549260e+01 1.9598799e+02      
8.8959242e+01 1.9699305e+02      
8.9823230e+01 1.9809580e+02      
9.1122427e+01 1.9924039e+02      
9.2871938e+01 2.0037211e+02      
9.5096886e+01 2.0143647e+02      
1.0963979e+02 1.8837724e+02      
1.1130973e+02 1.8575534e+02      
1.1426792e+02 1.8282847e+02      
1.1718885e+02 1.8018437e+02      
1.2001585e+02 1.7795312e+02      
1.2172351e+02 1.7670610e+02      
1.2228131e+02 1.7659889e+02      
1.2416658e+02 1.7645459e+02      
1.2449004e+02 1.7629454e+02      
1.2280729e+02 1.7618759e+02      
1.1924649e+02 1.7622177e+02      
1.1676489e+02 1.7637321e+02      
1.1531905e+02 1.7672441e+02      
1.1459517e+02 1.7729382e+02      
1.1441121e+02 1.7805994e+02      
1.1465246e+02 1.7897794e+02      
1.1525071e+02 1.7998573e+02      
1.1619468e+02 1.8101738e+02      
1.1754374e+02 1.8201909e+02      
1.1935934e+02 1.8293739e+02      
1.3251084e+02 1.6940573e+02      
1.3398569e+02 1.6679980e+02      
1.3622723e+02 1.6403589e+02      
1.3887008e+02 1.6127834e+02      
1.4184757e+02 1.5856345e+02      
1.4347768e+02 1.5696053e+02      
1.4355363e+02 1.5671237e+02      
1.4401850e+02 1.5643127e+02      
1.4400707e+02 1.5608397e+02      
1.4299589e+02 1.5580444e+02      
1.4124086e+02 1.5566859e+02      
1.3971015e+02 1.5570663e+02      
1.3871484e+02 1.5596216e+02      
1.3819597e+02 1.5645473e+02      
1.3804962e+02 1.5716549e+02      
1.3818597e+02 1.5804523e+02      
1.3853184e+02 1.5901370e+02      
1.3902467e+02 1.5996457e+02      
1.3988734e+02 1.6087373e+02      
1.4124037e+02 1.6169093e+02      
1.5248212e+02 1.4797146e+02      
1.5363966e+02 1.4542188e+02      
1.5531802e+02 1.4276606e+02      
1.5736273e+02 1.4009240e+02      
1.5956251e+02 1.3750936e+02      
1.6138510e+02 1.3533541e+02      
1.6150242e+02 1.3465982e+02      
1.6162755e+02 1.3403431e+02      
1.6161156e+02 1.3339705e+02      
1.6121256e+02 1.3285920e+02      
1.6053540e+02 1.3249387e+02      
1.5988198e+02 1.3235754e+02      
1.5944170e+02 1.3249392e+02      
1.5924333e+02 1.3292184e+02      
1.5923818e+02 1.3361791e+02      
1.5929730e+02 1.3451267e+02      
1.5942543e+02 1.3552770e+02      
1.5923589e+02 1.3641110e+02      
1.5952190e+02 1.3727874e+02      
1.6037686e+02 1.3805097e+02      
1.6943095e+02 1.2438162e+02      
1.7032714e+02 1.2185966e+02      
1.7160610e+02 1.1925028e+02      
1.7312454e+02 1.1665279e+02      
1.7467846e+02 1.1419613e+02      
1.7593422e+02 1.1211140e+02      
1.7654096e+02 1.1066590e+02      
1.7688253e+02 1.0951479e+02      
1.7710742e+02 1.0849973e+02      
1.7720870e+02 1.0764064e+02      
1.7723599e+02 1.0699721e+02      
1.7728508e+02 1.0664184e+02      
1.7740860e+02 1.0663613e+02      
1.7754186e+02 1.0700952e+02      
1.7775005e+02 1.0774360e+02      
1.7760654e+02 1.0868577e+02      
1.7713669e+02 1.0972010e+02      
1.7633416e+02 1.1069012e+02      
1.7607247e+02 1.1161666e+02      
1.7643756e+02 1.1241344e+02      
1.8322617e+02 9.8996135e+01      
1.8393329e+02 9.6463664e+01      
1.8493660e+02 9.3843344e+01      
1.8610216e+02 9.1240028e+01      
1.8725707e+02 8.8778879e+01      
1.8822172e+02 8.6591822e+01      
1.8891907e+02 8.4739597e+01      
1.8945093e+02 8.3147390e+01      
1.8994429e+02 8.1738417e+01      
1.9048734e+02 8.0509583e+01      
1.9111620e+02 7.9521561e+01      
1.9176328e+02 7.8887201e+01      
1.9246410e+02 7.8709173e+01      
1.9274849e+02 7.9030871e+01      
1.9268044e+02 7.9795835e+01      
1.9219303e+02 8.0855580e+01      
1.9125054e+02 8.2053267e+01      
1.8995182e+02 8.3242539e+01      
1.8922152e+02 8.4326542e+01      
1.8914282e+02 8.5217264e+01      
1.9373725e+02 7.2221592e+01      
1.9433141e+02 6.9635475e+01      
1.9517767e+02 6.6940967e+01      
1.9614846e+02 6.4247091e+01      
1.9708099e+02 6.1678673e+01      
1.9785079e+02 5.9333259e+01      
1.9847309e+02 5.7222761e+01      
1.9905795e+02 5.5298149e+01      
1.9973165e+02 5.3515944e+01      
2.0062619e+02 5.1879502e+01      
2.0185459e+02 5.0455679e+01      
2.0294104e+02 4.9447874e+01      
2.0377636e+02 4.9039144e+01      
2.0401594e+02 4.9359119e+01      
2.0367285e+02 5.0283815e+01      
2.0283586e+02 5.1588211e+01      
2.0151805e+02 5.3077095e+01      
1.9984090e+02 5.4586602e+01      
1.9873529e+02 5.5901202e+01      
1.9828093e+02 5.6939759e+01      
2.0084788e+02 4.4503278e+01      
2.0140148e+02 4.1819834e+01      
2.0220494e+02 3.8984245e+01      
2.0313741e+02 3.6112007e+01      
2.0398788e+02 3.3362789e+01      
2.0451687e+02 3.0892801e+01      
2.0493093e+02 2.8618667e+01      
2.0543110e+02 2.6442593e+01      
2.0615642e+02 2.4311798e+01      
2.0720675e+02 2.2235846e+01      
2.0857269e+02 2.0318368e+01      
2.1003679e+02 1.8783087e+01      
2.1126480e+02 1.7996089e+01      
2.1128508e+02 1.8493187e+01      
2.1058958e+02 1.9794956e+01      
2.0940490e+02 2.1510589e+01      
2.0778336e+02 2.3397646e+01      
2.0584063e+02 2.5288003e+01      
2.0446328e+02 2.6870600e+01      
2.0371534e+02 2.8085024e+01      
2.0446225e+02 1.6319497e+01      
2.0503309e+02 1.3501417e+01      
2.0589978e+02 1.0454221e+01      
2.0695356e+02 7.3026712e+00      
2.0792662e+02 4.2692228e+00      
2.0802567e+02 1.7850957e+00      
2.0806126e+02 -5.2958084e-01      
2.0832970e+02 -2.8652808e+00      
2.0899053e+02 -5.3162452e+00      
2.1013690e+02 -7.8921566e+00      
2.1177004e+02 -1.0490074e+01      
2.1370791e+02 -1.2806465e+01      
2.1533413e+02 -1.4174300e+01      
2.1458798e+02 -1.3033625e+01      
2.1336965e+02 -1.1025675e+01      
2.1177038e+02 -8.6769634e+00      
2.0993889e+02 -6.3262463e+00      
2.0786813e+02 -4.0561777e+00      
2.0633778e+02 -2.2174077e+00      
2.0538810e+02 -8.3222298e-01      
2.0450960e+02 -1.1823641e+01      
2.0512258e+02 -1.4793143e+01      
2.0612077e+02 -1.8111782e+01      
2.0736014e+02 -2.1612288e+01      
2.0806885e+02 -2.4747568e+01      
2.0809445e+02 -2.7391369e+01      
2.0764261e+02 -2.9623141e+01      
2.0754005e+02 -3.2001369e+01      
2.0802568e+02 -3.4717906e+01      
2.0923690e+02 -3.7845802e+01      
2.1123761e+02 -4.1324841e+01      
2.1373709e+02 -4.4638844e+01      
2.1490182e+02 -4.5860829e+01      
2.1423327e+02 -4.4655886e+01      
2.1201068e+02 -4.1448894e+01      
2.0983491e+02 -3.8188068e+01      
2.0795034e+02 -3.5395099e+01      
2.0592817e+02 -3.2842663e+01      
2.0438026e+02 -3.0822909e+01      
2.0332285e+02 -2.9306277e+01      
2.0095598e+02 -3.9403946e+01      
2.0155004e+02 -4.2469050e+01      
2.0264317e+02 -4.6051693e+01      
2.0359995e+02 -4.9614601e+01      
2.0406767e+02 -5.2827936e+01      
2.0395006e+02 -5.5570685e+01      
2.0340411e+02 -5.7937314e+01      
2.0285859e+02 -6.0260397e+01      
2.0305890e+02 -6.3163613e+01      
2.0416148e+02 -6.6729716e+01      
2.0640822e+02 -7.1107697e+01      
2.0841721e+02 -7.4359505e+01      
2.0931370e+02 -7.5428409e+01      
2.0870421e+02 -7.4046760e+01      
2.0671014e+02 -7.0653051e+01      
2.0401432e+02 -6.6396529e+01      
2.0192956e+02 -6.3134582e+01      
2.0015707e+02 -6.0527893e+01      
1.9871245e+02 -5.8449438e+01      
1.9762500e+02 -5.6860959e+01      
1.9385586e+02 -6.5933201e+01      
1.9423489e+02 -6.8907826e+01      
1.9490497e+02 -7.2295211e+01      
1.9569904e+02 -7.5977928e+01      
1.9597311e+02 -7.9269087e+01      
1.9562252e+02 -8.1998856e+01      
1.9479791e+02 -8.4318543e+01      
1.9418742e+02 -8.6946852e+01      
1.9405751e+02 -9.0029379e+01      
1.9458606e+02 -9.3576554e+01      
1.9590553e+02 -9.7402970e+01      
1.9779642e+02 -1.0082348e+02      
1.9869235e+02 -1.0179433e+02      
1.9813852e+02 -1.0000825e+02      
1.9622115e+02 -9.6082563e+01      
1.9419983e+02 -9.2360637e+01      
1.9240933e+02 -8.9254952e+01      
1.9086193e+02 -8.6719242e+01      
1.8954573e+02 -8.4667612e+01      
1.8847292e+02 -8.3063466e+01      
1.8340441e+02 -9.1017242e+01      
1.8351775e+02 -9.3817503e+01      
1.8377344e+02 -9.6929570e+01      
1.8406479e+02 -1.0027208e+02      
1.8416132e+02 -1.0362078e+02      
1.8354096e+02 -1.0624130e+02      
1.8272292e+02 -1.0887798e+02      
1.8194117e+02 -1.1177508e+02      
1.8134521e+02 -1.1500688e+02      
1.8108674e+02 -1.1849476e+02      
1.8138195e+02 -1.2186391e+02      
1.8268482e+02 -1.2382330e+02      
1.8379844e+02 -1.2463776e+02      
1.8340381e+02 -1.2227240e+02      
1.8232861e+02 -1.1918003e+02      
1.8099377e+02 -1.1613887e+02      
1.7962504e+02 -1.1341239e+02      
1.7832378e+02 -1.1106563e+02      
1.7713960e+02 -1.0910484e+02      
1.7610133e+02 -1.0752747e+02      
1.6987469e+02 -1.1432106e+02      
1.6975015e+02 -1.1692861e+02      
1.6967297e+02 -1.1977248e+02      
1.6955680e+02 -1.2277246e+02      
1.6925374e+02 -1.2577218e+02      
1.6859959e+02 -1.2858377e+02      
1.6770197e+02 -1.3142267e+02      
1.6663713e+02 -1.3448621e+02      
1.6545740e+02 -1.3785408e+02      
1.6436911e+02 -1.4134831e+02      
1.6414178e+02 -1.4389826e+02      
1.6477800e+02 -1.4505336e+02      
1.6583460e+02 -1.4452152e+02      
1.6614664e+02 -1.4265171e+02      
1.6575872e+02 -1.4023155e+02      
1.6494514e+02 -1.3774512e+02      
1.6392934e+02 -1.3539181e+02      
1.6285004e+02 -1.3327276e+02      
1.6178764e+02 -1.3143718e+02      
1.6078826e+02 -1.2991153e+02      
1.5356506e+02 -1.3553336e+02      
1.5324751e+02 -1.3795211e+02      
1.5292399e+02 -1.4056008e+02      
1.5252957e+02 -1.4328965e+02      
1.5198002e+02 -1.4605922e+02      
1.5120731e+02 -1.4882690e+02      
1.5018944e+02 -1.5166058e+02      
1.4886254e+02 -1.5471257e+02      
1.4710590e+02 -1.5813050e+02      
1.4571876e+02 -1.6109480e+02      
1.4512371e+02 -1.6306871e+02      
1.4537536e+02 -1.6373423e+02      
1.4618226e+02 -1.6299138e+02      
1.4697692e+02 -1.6113828e+02      
1.4698222e+02 -1.5910856e+02      
1.4647802e+02 -1.5702742e+02      
1.4569875e+02 -1.5499125e+02      
1.4478234e+02 -1.5308916e+02      
1.4381426e+02 -1.5138347e+02      
1.4284660e+02 -1.4991672e+02      
1.3479196e+02 -1.5436482e+02      
1.3432650e+02 -1.5660519e+02      
1.3382681e+02 -1.5900325e+02      
1.3324904e+02 -1.6150723e+02      
1.3254317e+02 -1.6406829e+02      
1.3166522e+02 -1.6666229e+02      
1.3057972e+02 -1.6930635e+02      
1.2923897e+02 -1.7204566e+02      
1.2761312e+02 -1.7486739e+02      
1.2585269e+02 -1.7752272e+02      
1.2493882e+02 -1.7914811e+02      
1.2504289e+02 -1.7949487e+02      
1.2587448e+02 -1.7859570e+02      
1.2636400e+02 -1.7718685e+02      
1.2635945e+02 -1.7553829e+02      
1.2595819e+02 -1.7378102e+02      
1.2529568e+02 -1.7200442e+02      
1.2447439e+02 -1.7028878e+02      
1.2356565e+02 -1.6869885e+02      
1.2261660e+02 -1.6728442e+02      
1.1389085e+02 -1.7055469e+02      
1.1331606e+02 -1.7262654e+02      
1.1269276e+02 -1.7482977e+02      
1.1199315e+02 -1.7712135e+02      
1.1118722e+02 -1.7946155e+02      
1.1024849e+02 -1.8182106e+02      
1.0915725e+02 -1.8418160e+02      
1.0790377e+02 -1.8651924e+02      
1.0650448e+02 -1.8876602e+02      
1.0505348e+02 -1.9075397e+02      
1.0385388e+02 -1.9215088e+02      
1.0393916e+02 -1.9226736e+02      
1.0420721e+02 -1.9167493e+02      
1.0430630e+02 -1.9063256e+02      
1.0413446e+02 -1.8930416e+02      
1.0370346e+02 -1.8780790e+02      
1.0306707e+02 -1.8623760e+02      
1.0228392e+02 -1.8467119e+02      
1.0140280e+02 -1.8317313e+02      
1.0045950e+02 -1.8179571e+02      
9.1216831e+01 -1.8387864e+02      
9.0563286e+01 -1.8579019e+02      
8.9854731e+01 -1.8780764e+02      
8.9075310e+01 -1.8989170e+02      
8.8209058e+01 -1.9200376e+02      
8.7243974e+01 -1.9410719e+02      
8.6176591e+01 -1.9616394e+02      
8.5018901e+01 -1.9812300e+02      
8.3811720e+01 -1.9990129e+02      
8.2646325e+01 -2.0136562e+02      
8.1728726e+01 -2.0231046e+02      
8.1319320e+01 -2.0252294e+02      
8.1116956e+01 -2.0214843e+02      
8.0886971e+01 -2.0134771e+02      
8.0529837e+01 -2.0024387e+02      
8.0015947e+01 -1.9894025e+02      
7.9355270e+01 -1.9752352e+02      
7.8573579e+01 -1.9606698e+02      
7.7698479e+01 -1.9463264e+02      
7.6752911e+01 -1.9327239e+02      
