9.0703697e+00 2.5421339e+02      
6.5115681e+00 2.5225647e+02      
4.4801783e+00 2.5035770e+02      
2.9684996e+00 2.4858026e+02      
1.9606205e+00 2.4698064e+02      
1.4307230e+00 2.4560711e+02      
1.3426980e+00 2.4449878e+02      
1.6539482e+00 2.4368499e+02      
2.3249426e+00 2.4318432e+02      
3.3313304e+00 2.4300375e+02      
4.6716321e+00 2.4313845e+02      
6.3654023e+00 2.4357303e+02      
8.4425426e+00 2.4428374e+02      
1.0930255e+01 2.4524032e+02      
1.3845715e+01 2.4640615e+02      
1.7197472e+01 2.4773633e+02      
2.0991726e+01 2.4917528e+02      
2.5237219e+01 2.5065618e+02      
2.9945146e+01 2.5210334e+02      
3.5124951e+01 2.5343684e+02      
3.5981245e+01 2.4294863e+02      
3.3559716e+01 2.4076310e+02      
3.1674318e+01 2.3863176e+02      
3.0316873e+01 2.3662658e+02      
2.9470265e+01 2.3481095e+02      
2.9103517e+01 2.3323820e+02      
2.9166659e+01 2.3195148e+02      
2.9592639e+01 2.3098372e+02      
3.0314038e+01 2.3035632e+02      
3.1289264e+01 2.3007688e+02      
3.2519938e+01 2.3013816e+02      
3.4047499e+01 2.3052017e+02      
3.5929837e+01 2.3119491e+02      
3.8212160e+01 2.3213098e+02      
4.0913249e+01 2.3329391e+02      
4.4033595e+01 2.3464124e+02      
4.7573273e+01 2.3611572e+02      
5.1543853e+01 2.3764248e+02      
5.5967134e+01 2.3913290e+02      
6.0864857e+01 2.4049306e+02      
6.1786525e+01 2.2787006e+02      
5.9542126e+01 2.2541252e+02      
5.7840280e+01 2.2300996e+02      
5.6674706e+01 2.2074523e+02      
5.6032572e+01 2.1868909e+02      
5.5884608e+01 2.1689898e+02      
5.6167701e+01 2.1542111e+02      
5.6773953e+01 2.1429288e+02      
5.7579068e+01 2.1354085e+02      
5.8505529e+01 2.1317449e+02      
5.9561541e+01 2.1318221e+02      
6.0835415e+01 2.1353444e+02      
6.2445669e+01 2.1419401e+02      
6.4469618e+01 2.1512819e+02      
6.6916660e+01 2.1631089e+02      
6.9758434e+01 2.1771062e+02      
7.2975739e+01 2.1927278e+02      
7.6584936e+01 2.2091123e+02      
8.0630176e+01 2.2251646e+02      
8.5156283e+01 2.2397340e+02      
8.6071713e+01 2.0922788e+02      
8.4042553e+01 2.0644602e+02      
8.2557064e+01 2.0372671e+02      
8.1612981e+01 2.0116741e+02      
8.1211484e+01 1.9884640e+02      
8.1344547e+01 1.9682165e+02      
8.1955101e+01 1.9513837e+02      
8.2869343e+01 1.9383967e+02      
8.3829233e+01 1.9296468e+02      
8.4683181e+01 1.9252923e+02      
8.5451448e+01 1.9251465e+02      
8.6318409e+01 1.9287101e+02      
8.7549629e+01 1.9353814e+02      
8.9280267e+01 1.9447945e+02      
9.1471820e+01 1.9569119e+02      
9.4014105e+01 1.9717402e+02      
9.6840118e+01 1.9888671e+02      
9.9981471e+01 2.0072362e+02      
1.0353639e+02 2.0253562e+02      
1.0759425e+02 2.0417312e+02      
1.0844995e+02 1.8732725e+02      
1.0667407e+02 1.8415496e+02      
1.0543101e+02 1.8106312e+02      
1.0472041e+02 1.7817138e+02      
1.0456787e+02 1.7556565e+02      
1.0502294e+02 1.7329547e+02      
1.0612008e+02 1.7139059e+02      
1.0763984e+02 1.6989818e+02      
1.0889101e+02 1.6889657e+02      
1.0963752e+02 1.6841805e+02      
1.0991873e+02 1.6843420e+02      
1.1004189e+02 1.6885678e+02      
1.1074134e+02 1.6955894e+02      
1.1220882e+02 1.7049118e+02      
1.1424184e+02 1.7170283e+02      
1.1652117e+02 1.7328220e+02      
1.1887343e+02 1.7522781e+02      
1.2138339e+02 1.7739166e+02      
1.2429642e+02 1.7953518e+02      
1.2778342e+02 1.8145145e+02      
1.2856925e+02 1.6252528e+02      
1.2709198e+02 1.5887243e+02      
1.2611359e+02 1.5533450e+02      
1.2562216e+02 1.5206976e+02      
1.2566725e+02 1.4917376e+02      
1.2638053e+02 1.4667057e+02      
1.2801298e+02 1.4453660e+02      
1.3064604e+02 1.4279503e+02      
1.3225528e+02 1.4165899e+02      
1.3284220e+02 1.4117580e+02      
1.3247129e+02 1.4130469e+02      
1.3126765e+02 1.4191731e+02      
1.3137163e+02 1.4268905e+02      
1.3277248e+02 1.4354340e+02      
1.3499801e+02 1.4461575e+02      
1.3716211e+02 1.4626174e+02      
1.3891099e+02 1.4856355e+02      
1.4044152e+02 1.5128946e+02      
1.4249834e+02 1.5393837e+02      
1.4532914e+02 1.5623651e+02      
1.4611619e+02 1.3523185e+02      
1.4501081e+02 1.3096103e+02      
1.4432940e+02 1.2686918e+02      
1.4401841e+02 1.2318608e+02      
1.4413301e+02 1.2002504e+02      
1.4486224e+02 1.1736300e+02      
1.4656879e+02 1.1505800e+02      
1.4933956e+02 1.1304261e+02      
1.5092057e+02 1.1181810e+02      
1.5127430e+02 1.1139348e+02      
1.5049036e+02 1.1170958e+02      
1.4879439e+02 1.1263482e+02      
1.4864404e+02 1.1350252e+02      
1.5024449e+02 1.1419295e+02      
1.5333793e+02 1.1480948e+02      
1.5556084e+02 1.1647041e+02      
1.5661941e+02 1.1926905e+02      
1.5656964e+02 1.2295866e+02      
1.5765295e+02 1.2627774e+02      
1.5983849e+02 1.2902718e+02      
1.6080249e+02 1.0592862e+02      
1.6023350e+02 1.0078693e+02      
1.5991474e+02 9.5972619e+01      
1.5973739e+02 9.1812955e+01      
1.5974144e+02 8.8457117e+01      
1.6011315e+02 8.5845685e+01      
1.6131493e+02 8.3578427e+01      
1.6340930e+02 8.1519598e+01      
1.6449955e+02 8.0358832e+01      
1.6453034e+02 8.0069901e+01      
1.6359746e+02 8.0576370e+01      
1.6200718e+02 8.1733469e+01      
1.6189595e+02 8.2684627e+01      
1.6354467e+02 8.3288466e+01      
1.6669791e+02 8.3663160e+01      
1.6879620e+02 8.5429493e+01      
1.6943052e+02 8.8730469e+01      
1.6875794e+02 9.3238412e+01      
1.6925504e+02 9.7186690e+01      
1.7096392e+02 1.0037539e+02      
1.7224624e+02 7.5299865e+01      
1.7249653e+02 6.8880545e+01      
1.7258221e+02 6.3174867e+01      
1.7251166e+02 5.8454904e+01      
1.7230205e+02 5.4928871e+01      
1.7195414e+02 5.2708801e+01      
1.7232486e+02 5.0668467e+01      
1.7303592e+02 4.9006434e+01      
1.7334469e+02 4.8095938e+01      
1.7299251e+02 4.8014528e+01      
1.7191085e+02 4.8739504e+01      
1.7089062e+02 4.9840492e+01      
1.7088879e+02 5.0873940e+01      
1.7232858e+02 5.1584702e+01      
1.7506564e+02 5.2017146e+01      
1.7686807e+02 5.4050910e+01      
1.7734565e+02 5.7798510e+01      
1.7665640e+02 6.2900867e+01      
1.7700678e+02 6.7306007e+01      
1.7847742e+02 7.0843926e+01      
1.7988687e+02 4.4362386e+01      
1.8044507e+02 3.7034472e+01      
1.8082181e+02 3.0497942e+01      
1.8091239e+02 2.5108437e+01      
1.8069085e+02 2.1151079e+01      
1.8019425e+02 1.8772918e+01      
1.8016753e+02 1.6597413e+01      
1.8007689e+02 1.5068960e+01      
1.7960796e+02 1.4476570e+01      
1.7885764e+02 1.4693632e+01      
1.7703674e+02 1.5965780e+01      
1.7590305e+02 1.7285992e+01      
1.7573957e+02 1.8556142e+01      
1.7670699e+02 1.9686151e+01      
1.7870138e+02 2.0678025e+01      
1.8009562e+02 2.3233795e+01      
1.8060828e+02 2.7318015e+01      
1.8032339e+02 3.2616818e+01      
1.8086577e+02 3.7204852e+01      
1.8230507e+02 4.0962573e+01      
1.8353795e+02 1.3952828e+01      
1.8412255e+02 6.1713461e+00      
1.8478936e+02 -1.1108459e+00      
1.8515299e+02 -7.3356952e+00      
1.8512103e+02 -1.2116837e+01      
1.8482530e+02 -1.5274284e+01      
1.8496933e+02 -1.8200508e+01      
1.8436504e+02 -1.9798603e+01      
1.8292945e+02 -1.9899503e+01      
1.8057595e+02 -1.8543786e+01      
1.7852492e+02 -1.7006066e+01      
1.7718231e+02 -1.5507445e+01      
1.7668338e+02 -1.3952820e+01      
1.7702014e+02 -1.2141064e+01      
1.7794592e+02 -9.7596219e+00      
1.7887056e+02 -6.3659652e+00      
1.7953089e+02 -2.0320567e+00      
1.8006010e+02 2.7927781e+00      
1.8098579e+02 7.3186113e+00      
1.8250920e+02 1.1203976e+01      
1.8324597e+02 -1.5380156e+01      
1.8360742e+02 -2.2882579e+01      
1.8474177e+02 -3.0906076e+01      
1.8548383e+02 -3.8142869e+01      
1.8571415e+02 -4.4096548e+01      
1.8553646e+02 -4.8621249e+01      
1.8504845e+02 -5.1879865e+01      
1.8387430e+02 -5.3513133e+01      
1.8177318e+02 -5.3281593e+01      
1.7876591e+02 -5.1344259e+01      
1.7640333e+02 -4.9613688e+01      
1.7481252e+02 -4.8101057e+01      
1.7397446e+02 -4.6488431e+01      
1.7383083e+02 -4.4264993e+01      
1.7417247e+02 -4.0775164e+01      
1.7479200e+02 -3.6395034e+01      
1.7553969e+02 -3.1544862e+01      
1.7643462e+02 -2.6621361e+01      
1.7762924e+02 -2.2019814e+01      
1.7924086e+02 -1.7999113e+01      
1.7922175e+02 -4.3519175e+01      
1.7920957e+02 -5.0709678e+01      
1.7983046e+02 -5.8538986e+01      
1.8084926e+02 -6.6742824e+01      
1.8129238e+02 -7.3877011e+01      
1.8111268e+02 -7.9495137e+01      
1.8030265e+02 -8.3336039e+01      
1.7873905e+02 -8.5111980e+01      
1.7631443e+02 -8.4733403e+01      
1.7324204e+02 -8.2785395e+01      
1.7075186e+02 -8.1229505e+01      
1.6892547e+02 -8.0012165e+01      
1.6778423e+02 -7.8770217e+01      
1.6736372e+02 -7.6758760e+01      
1.6737455e+02 -7.1947671e+01      
1.6785920e+02 -6.6328244e+01      
1.6866043e+02 -6.0641236e+01      
1.6970991e+02 -5.5261884e+01      
1.7103566e+02 -5.0407842e+01      
1.7268783e+02 -4.6207226e+01      
1.7170166e+02 -7.0207834e+01      
1.7128666e+02 -7.7064756e+01      
1.7134582e+02 -8.4517586e+01      
1.7176553e+02 -9.2460592e+01      
1.7229172e+02 -1.0060880e+02      
1.7213856e+02 -1.0729743e+02      
1.7123924e+02 -1.1193694e+02      
1.6951776e+02 -1.1403503e+02      
1.6690862e+02 -1.1340544e+02      
1.6422573e+02 -1.1225469e+02      
1.6177040e+02 -1.1123927e+02      
1.5969791e+02 -1.1058521e+02      
1.5820992e+02 -1.0997021e+02      
1.5749392e+02 -1.0729599e+02      
1.5745594e+02 -1.0220362e+02      
1.5798414e+02 -9.5193272e+01      
1.5888793e+02 -8.8455128e+01      
1.6003183e+02 -8.2490457e+01      
1.6140966e+02 -7.7338796e+01      
1.6305303e+02 -7.2958610e+01      
1.6095400e+02 -9.5115993e+01      
1.6017669e+02 -1.0161000e+02      
1.5975101e+02 -1.0862638e+02      
1.5959229e+02 -1.1608189e+02      
1.5955617e+02 -1.2384515e+02      
1.5939682e+02 -1.3154573e+02      
1.5854165e+02 -1.3725547e+02      
1.5694702e+02 -1.4019898e+02      
1.5466681e+02 -1.4019715e+02      
1.5234214e+02 -1.3977382e+02      
1.4988332e+02 -1.3900052e+02      
1.4746786e+02 -1.3873761e+02      
1.4566470e+02 -1.3743072e+02      
1.4472759e+02 -1.3419628e+02      
1.4467140e+02 -1.2880539e+02      
1.4532608e+02 -1.2168732e+02      
1.4640109e+02 -1.1398219e+02      
1.4759526e+02 -1.0761080e+02      
1.4896634e+02 -1.0228520e+02      
1.5055845e+02 -9.7798809e+01      
1.4726592e+02 -1.1792623e+02      
1.4617900e+02 -1.2402769e+02      
1.4536059e+02 -1.3058170e+02      
1.4474174e+02 -1.3750281e+02      
1.4422208e+02 -1.4468904e+02      
1.4366247e+02 -1.5196865e+02      
1.4287145e+02 -1.5887750e+02      
1.4156238e+02 -1.6324388e+02      
1.3985752e+02 -1.6462056e+02      
1.3808876e+02 -1.6533330e+02      
1.3556460e+02 -1.6373824e+02      
1.3309455e+02 -1.6191495e+02      
1.3090238e+02 -1.6015957e+02      
1.2973093e+02 -1.5654651e+02      
1.2970088e+02 -1.5074534e+02      
1.3052472e+02 -1.4324126e+02      
1.3151300e+02 -1.3619683e+02      
1.3264071e+02 -1.3005631e+02      
1.3394555e+02 -1.2479728e+02      
1.3545021e+02 -1.2032517e+02      
1.3094173e+02 -1.3834822e+02      
1.2959977e+02 -1.4403334e+02      
1.2847015e+02 -1.5010588e+02      
1.2750227e+02 -1.5648512e+02      
1.2662732e+02 -1.6308280e+02      
1.2576605e+02 -1.6980650e+02      
1.2484004e+02 -1.7651388e+02      
1.2378526e+02 -1.8264035e+02      
1.2262450e+02 -1.8594588e+02      
1.2098677e+02 -1.8689332e+02      
1.1886016e+02 -1.8535601e+02      
1.1647345e+02 -1.8172747e+02      
1.1445119e+02 -1.7808603e+02      
1.1302885e+02 -1.7420687e+02      
1.1309049e+02 -1.6802030e+02      
1.1362790e+02 -1.6147521e+02      
1.1441568e+02 -1.5523979e+02      
1.1541055e+02 -1.4957576e+02      
1.1660672e+02 -1.4456306e+02      
1.1799887e+02 -1.4021563e+02      
1.1230473e+02 -1.5612556e+02      
1.1075853e+02 -1.6137652e+02      
1.0938637e+02 -1.6695237e+02      
1.0815453e+02 -1.7277721e+02      
1.0702025e+02 -1.7877755e+02      
1.0594269e+02 -1.8490355e+02      
1.0491171e+02 -1.9121758e+02      
1.0395960e+02 -1.9771890e+02      
1.0276047e+02 -2.0190840e+02      
1.0124104e+02 -2.0326996e+02      
9.9458403e+01 -2.0179331e+02      
9.7565910e+01 -1.9790754e+02      
9.5832951e+01 -1.9268908e+02      
9.4738777e+01 -1.8781849e+02      
9.4465642e+01 -1.8240733e+02      
9.4719013e+01 -1.7675362e+02      
9.5307368e+01 -1.7123799e+02      
9.6156850e+01 -1.6607329e+02      
9.7229552e+01 -1.6138154e+02      
9.8499466e+01 -1.5722766e+02      
9.1697930e+01 -1.7104104e+02      
8.9992236e+01 -1.7584624e+02      
8.8433537e+01 -1.8091405e+02      
8.7001403e+01 -1.8616857e+02      
8.5670207e+01 -1.9153574e+02      
8.4416083e+01 -1.9695581e+02      
8.3224850e+01 -2.0239787e+02      
8.2065169e+01 -2.0773377e+02      
8.0829314e+01 -2.1241696e+02      
7.9407608e+01 -2.1413753e+02      
7.7901141e+01 -2.1254956e+02      
7.6389911e+01 -2.0823111e+02      
7.5098113e+01 -2.0357627e+02      
7.4239970e+01 -1.9889822e+02      
7.3893789e+01 -1.9405662e+02      
7.3992623e+01 -1.8908519e+02      
7.4438878e+01 -1.8416621e+02      
7.5163605e+01 -1.7946712e+02      
7.6120151e+01 -1.7511082e+02      
7.7272338e+01 -1.7118140e+02      
6.9483303e+01 -1.8292079e+02      
6.7656552e+01 -1.8727625e+02      
6.5956939e+01 -1.9183254e+02      
6.4373847e+01 -1.9650962e+02      
6.2892248e+01 -2.0122219e+02      
6.1495368e+01 -2.0587838e+02      
6.0164114e+01 -2.1036452e+02      
5.8867698e+01 -2.1450123e+02      
5.7553042e+01 -2.1794340e+02      
5.6179003e+01 -2.1991196e+02      
5.4917136e+01 -2.1809639e+02      
5.3717251e+01 -2.1490594e+02      
5.2713374e+01 -2.1114266e+02      
5.2026264e+01 -2.0707494e+02      
5.1711132e+01 -2.0278790e+02      
5.1757261e+01 -1.9837272e+02      
5.2120720e+01 -1.9395861e+02      
5.2753752e+01 -1.8967827e+02      
5.3613858e+01 -1.8564461e+02      
5.4662815e+01 -1.8194594e+02      
