3.4234099e+01 2.4824003e+02      
3.2734288e+01 2.4794385e+02      
3.1595787e+01 2.4765393e+02      
3.0808464e+01 2.4740144e+02      
3.0358230e+01 2.4721419e+02      
3.0228548e+01 2.4711455e+02      
3.0402380e+01 2.4711732e+02      
3.0864271e+01 2.4722828e+02      
3.1602395e+01 2.4744351e+02      
3.2610496e+01 2.4774994e+02      
3.3889522e+01 2.4812672e+02      
3.5448372e+01 2.4854706e+02      
3.7303030e+01 2.4898014e+02      
3.9473889e+01 2.4939268e+02      
4.1981897e+01 2.4975020e+02      
4.4844759e+01 2.5001794e+02      
4.8074177e+01 2.5016153e+02      
5.1674469e+01 2.5014754e+02      
5.5642372e+01 2.4994387e+02      
5.9967569e+01 2.4952008e+02      
6.2143032e+01 2.3945401e+02      
6.0713705e+01 2.3914194e+02      
5.9647622e+01 2.3881766e+02      
5.8931096e+01 2.3851873e+02      
5.8544737e+01 2.3827980e+02      
5.8465523e+01 2.3812950e+02      
5.8669575e+01 2.3808726e+02      
5.9134940e+01 2.3816081e+02      
5.9844150e+01 2.3834527e+02      
6.0786909e+01 2.3862399e+02      
6.1963027e+01 2.3897094e+02      
6.3384513e+01 2.3935368e+02      
6.5074929e+01 2.3973600e+02      
6.7065108e+01 2.4007997e+02      
6.9386577e+01 2.4034724e+02      
7.2065382e+01 2.4049988e+02      
7.5118268e+01 2.4050102e+02      
7.8551434e+01 2.4031524e+02      
8.2361052e+01 2.3990894e+02      
8.6534605e+01 2.3925053e+02      
8.8700152e+01 2.2693692e+02      
8.7370886e+01 2.2657552e+02      
8.6407858e+01 2.2618411e+02      
8.5793139e+01 2.2580841e+02      
8.5500204e+01 2.2549244e+02      
8.5497000e+01 2.2527404e+02      
8.5750353e+01 2.2517957e+02      
8.6229702e+01 2.2521962e+02      
8.6909587e+01 2.2538740e+02      
8.7772716e+01 2.2566048e+02      
8.8815301e+01 2.2600496e+02      
9.0052717e+01 2.2638046e+02      
9.1520262e+01 2.2674403e+02      
9.3265805e+01 2.2705240e+02      
9.5337458e+01 2.2726311e+02      
9.7773022e+01 2.2733510e+02      
1.0059509e+02 2.2722913e+02      
1.0381097e+02 2.2690808e+02      
1.0741489e+02 2.2633709e+02      
1.1139075e+02 2.2548372e+02      
1.1348124e+02 2.1091083e+02      
1.1228139e+02 2.1046106e+02      
1.1145461e+02 2.0996267e+02      
1.1097840e+02 2.0947148e+02      
1.1081629e+02 2.0904475e+02      
1.1092288e+02 2.0873465e+02      
1.1125236e+02 2.0857863e+02      
1.1176396e+02 2.0859158e+02      
1.1242196e+02 2.0876316e+02      
1.1319673e+02 2.0906098e+02      
1.1407423e+02 2.0943850e+02      
1.1507150e+02 2.0984404e+02      
1.1624297e+02 2.1022643e+02      
1.1766646e+02 2.1053678e+02      
1.1941711e+02 2.1072862e+02      
1.2154850e+02 2.1075798e+02      
1.2408832e+02 2.1058363e+02      
1.2704235e+02 2.1016716e+02      
1.3040014e+02 2.0947290e+02      
1.3413978e+02 2.0846791e+02      
1.3608739e+02 1.9165475e+02      
1.3504431e+02 1.9107213e+02      
1.3438909e+02 1.9041862e+02      
1.3409612e+02 1.8976144e+02      
1.3411441e+02 1.8917693e+02      
1.3437574e+02 1.8874125e+02      
1.3481660e+02 1.8851083e+02      
1.3538788e+02 1.8850734e+02      
1.3604483e+02 1.8871375e+02      
1.3673607e+02 1.8907969e+02      
1.3741909e+02 1.8953678e+02      
1.3810361e+02 1.9001717e+02      
1.3887782e+02 1.9046108e+02      
1.3987850e+02 1.9081489e+02      
1.4122661e+02 1.9102873e+02      
1.4299342e+02 1.9105614e+02      
1.4520613e+02 1.9085446e+02      
1.4786286e+02 1.9038469e+02      
1.5094391e+02 1.8961100e+02      
1.5441854e+02 1.8850042e+02      
1.5614941e+02 1.6950193e+02      
1.5528453e+02 1.6873791e+02      
1.5483529e+02 1.6787285e+02      
1.5478216e+02 1.6698255e+02      
1.5505352e+02 1.6616960e+02      
1.5553045e+02 1.6555631e+02      
1.5612252e+02 1.6523300e+02      
1.5678634e+02 1.6523092e+02      
1.5748531e+02 1.6552176e+02      
1.5813350e+02 1.6602206e+02      
1.5860713e+02 1.6662016e+02      
1.5887485e+02 1.6722689e+02      
1.5908947e+02 1.6777827e+02      
1.5952554e+02 1.6821971e+02      
1.6038074e+02 1.6849864e+02      
1.6173072e+02 1.6856617e+02      
1.6358508e+02 1.6837916e+02      
1.6592329e+02 1.6789916e+02      
1.6871023e+02 1.6709114e+02      
1.7190303e+02 1.6592268e+02      
1.7333303e+02 1.4483635e+02      
1.7265464e+02 1.4384163e+02      
1.7243253e+02 1.4270563e+02      
1.7268705e+02 1.4149578e+02      
1.7334886e+02 1.4033101e+02      
1.7412352e+02 1.3945696e+02      
1.7489378e+02 1.3901503e+02      
1.7566507e+02 1.3904325e+02      
1.7647695e+02 1.3949932e+02      
1.7722799e+02 1.4025223e+02      
1.7752996e+02 1.4106760e+02      
1.7722141e+02 1.4185249e+02      
1.7654430e+02 1.4255532e+02      
1.7621353e+02 1.4313077e+02      
1.7649870e+02 1.4351941e+02      
1.7740636e+02 1.4366882e+02      
1.7889583e+02 1.4353748e+02      
1.8091465e+02 1.4308966e+02      
1.8340673e+02 1.4229241e+02      
1.8631473e+02 1.4111445e+02      
1.8734667e+02 1.1808722e+02      
1.8684328e+02 1.1681526e+02      
1.8682787e+02 1.1536047e+02      
1.8737732e+02 1.1377486e+02      
1.8860402e+02 1.1209314e+02      
1.8972703e+02 1.1085632e+02      
1.9065208e+02 1.1026677e+02      
1.9145876e+02 1.1037171e+02      
1.9238253e+02 1.1108638e+02      
1.9357993e+02 1.1223413e+02      
1.9382532e+02 1.1329030e+02      
1.9283128e+02 1.1429701e+02      
1.9070034e+02 1.1520203e+02      
1.8947945e+02 1.1597040e+02      
1.8920318e+02 1.1651408e+02      
1.8969855e+02 1.1678347e+02      
1.9085295e+02 1.1674507e+02      
1.9257674e+02 1.1636921e+02      
1.9479189e+02 1.1562651e+02      
1.9742686e+02 1.1448723e+02      
1.9795092e+02 8.9722562e+01      
1.9759746e+02 8.8126612e+01      
1.9773881e+02 8.6307956e+01      
1.9835938e+02 8.4393311e+01      
1.9940231e+02 8.2535834e+01      
2.0075270e+02 8.0899951e+01      
2.0171731e+02 8.0154386e+01      
2.0234912e+02 8.0417493e+01      
2.0306844e+02 8.1431331e+01      
2.0465648e+02 8.2469619e+01      
2.0487720e+02 8.3628239e+01      
2.0344908e+02 8.4891801e+01      
2.0062861e+02 8.6173332e+01      
1.9883815e+02 8.7210319e+01      
1.9815757e+02 8.7944271e+01      
1.9834106e+02 8.8361288e+01      
1.9922995e+02 8.8445534e+01      
2.0070851e+02 8.8176763e+01      
2.0268273e+02 8.7530153e+01      
2.0507037e+02 8.6477141e+01      
2.0496228e+02 6.0246058e+01      
2.0472924e+02 5.8277186e+01      
2.0504139e+02 5.5995288e+01      
2.0577243e+02 5.3619344e+01      
2.0649107e+02 5.1611216e+01      
2.0732878e+02 5.0031282e+01      
2.0814490e+02 4.9132499e+01      
2.0830512e+02 4.9723071e+01      
2.0897693e+02 5.0683553e+01      
2.1044073e+02 5.1615551e+01      
2.1048332e+02 5.2872959e+01      
2.0887590e+02 5.4395871e+01      
2.0592070e+02 5.6068144e+01      
2.0397666e+02 5.7376114e+01      
2.0313415e+02 5.8301200e+01      
2.0315428e+02 5.8874788e+01      
2.0387586e+02 5.9100532e+01      
2.0517806e+02 5.8967985e+01      
2.0696150e+02 5.8456501e+01      
2.0913891e+02 5.7537102e+01      
2.0825253e+02 3.0195128e+01      
2.0807190e+02 2.7832488e+01      
2.0854314e+02 2.5000106e+01      
2.0974619e+02 2.1777201e+01      
2.1006331e+02 1.9530005e+01      
2.1040018e+02 1.7931805e+01      
2.1055355e+02 1.7278716e+01      
2.1019531e+02 1.8145689e+01      
2.1032455e+02 1.9295213e+01      
2.1107909e+02 2.0408678e+01      
2.1070975e+02 2.1894292e+01      
2.0911996e+02 2.3629015e+01      
2.0652520e+02 2.5531288e+01      
2.0481824e+02 2.7008336e+01      
2.0405444e+02 2.8083927e+01      
2.0406581e+02 2.8803350e+01      
2.0472633e+02 2.9177878e+01      
2.0592927e+02 2.9204438e+01      
2.0758009e+02 2.8865698e+01      
2.0959212e+02 2.8128896e+01      
2.0776750e+02 1.2305505e-01      
2.0751222e+02 -2.6020068e+00      
2.0782226e+02 -5.8474043e+00      
2.0871877e+02 -9.5216545e+00      
2.0987783e+02 -1.3157160e+01      
2.1001443e+02 -1.5042086e+01      
2.0908226e+02 -1.4903780e+01      
2.0819552e+02 -1.3876582e+01      
2.0745671e+02 -1.2299178e+01      
2.0674881e+02 -1.0419568e+01      
2.0575094e+02 -8.5247238e+00      
2.0432426e+02 -6.6721583e+00      
2.0269313e+02 -4.9034506e+00      
2.0150314e+02 -3.4008789e+00      
2.0098428e+02 -2.2258579e+00      
2.0111023e+02 -1.3809059e+00      
2.0180464e+02 -8.6087203e-01      
2.0298291e+02 -6.5884638e-01      
2.0456113e+02 -7.8557623e-01      
2.0645667e+02 -1.2844645e+00      
2.0355399e+02 -2.9428360e+01      
2.0311149e+02 -3.2472470e+01      
2.0313169e+02 -3.6097658e+01      
2.0372128e+02 -4.0307872e+01      
2.0478764e+02 -4.4761927e+01      
2.0477362e+02 -4.7059297e+01      
2.0378777e+02 -4.7127819e+01      
2.0240727e+02 -4.5744744e+01      
2.0090932e+02 -4.3628185e+01      
1.9908258e+02 -4.0852932e+01      
1.9759497e+02 -3.8605212e+01      
1.9623913e+02 -3.6677754e+01      
1.9506924e+02 -3.4946908e+01      
1.9430998e+02 -3.3426649e+01      
1.9409118e+02 -3.2170321e+01      
1.9441100e+02 -3.1218364e+01      
1.9521369e+02 -3.0571733e+01      
1.9643224e+02 -3.0190648e+01      
1.9799550e+02 -3.0056202e+01      
1.9982518e+02 -3.0244304e+01      
1.9575422e+02 -5.7937742e+01      
1.9504269e+02 -6.1248766e+01      
1.9467916e+02 -6.5204275e+01      
1.9477077e+02 -6.9831741e+01      
1.9524122e+02 -7.4725045e+01      
1.9479128e+02 -7.7137018e+01      
1.9344591e+02 -7.6923772e+01      
1.9148457e+02 -7.4771496e+01      
1.8966682e+02 -7.2431390e+01      
1.8787594e+02 -6.9990307e+01      
1.8626297e+02 -6.7808656e+01      
1.8490351e+02 -6.5929515e+01      
1.8392705e+02 -6.4233107e+01      
1.8348560e+02 -6.2658744e+01      
1.8358841e+02 -6.1295987e+01      
1.8415902e+02 -6.0250131e+01      
1.8512475e+02 -5.9534662e+01      
1.8643391e+02 -5.9025707e+01      
1.8803694e+02 -5.8531660e+01      
1.8985376e+02 -5.8294232e+01      
1.8459003e+02 -8.4908294e+01      
1.8355165e+02 -8.8415446e+01      
1.8271073e+02 -9.2617737e+01      
1.8213186e+02 -9.7534431e+01      
1.8175399e+02 -1.0263372e+02      
1.8065094e+02 -1.0484155e+02      
1.7884773e+02 -1.0406287e+02      
1.7698978e+02 -1.0221950e+02      
1.7521035e+02 -9.9927631e+01      
1.7345904e+02 -9.7633073e+01      
1.7176221e+02 -9.5628375e+01      
1.7027607e+02 -9.3963285e+01      
1.6930770e+02 -9.2424474e+01      
1.6920976e+02 -9.0686468e+01      
1.6972218e+02 -8.9120433e+01      
1.7060913e+02 -8.7982851e+01      
1.7177122e+02 -8.7296134e+01      
1.7319969e+02 -8.6835365e+01      
1.7489544e+02 -8.5775048e+01      
1.7675993e+02 -8.4962088e+01      
1.7035352e+02 -1.0987777e+02      
1.6896868e+02 -1.1349081e+02      
1.6760514e+02 -1.1784895e+02      
1.6625063e+02 -1.2300344e+02      
1.6486636e+02 -1.2832379e+02      
1.6306911e+02 -1.3030287e+02      
1.6123897e+02 -1.3015561e+02      
1.5956074e+02 -1.2845567e+02      
1.5799075e+02 -1.2583207e+02      
1.5626628e+02 -1.2339568e+02      
1.5435902e+02 -1.2156567e+02      
1.5250668e+02 -1.2029754e+02      
1.5123840e+02 -1.1922529e+02      
1.5171192e+02 -1.1701879e+02      
1.5281929e+02 -1.1508283e+02      
1.5411159e+02 -1.1382479e+02      
1.5547865e+02 -1.1320384e+02      
1.5705994e+02 -1.1238554e+02      
1.5885608e+02 -1.1117138e+02      
1.6082931e+02 -1.0971818e+02      
1.5339218e+02 -1.3243057e+02      
1.5169485e+02 -1.3603114e+02      
1.4984958e+02 -1.4041232e+02      
1.4772895e+02 -1.4573809e+02      
1.4523065e+02 -1.5164841e+02      
1.4296175e+02 -1.5465290e+02      
1.4106536e+02 -1.5502189e+02      
1.3960954e+02 -1.5313267e+02      
1.3850532e+02 -1.4932242e+02      
1.3682169e+02 -1.4655945e+02      
1.3453406e+02 -1.4496015e+02      
1.3210314e+02 -1.4416338e+02      
1.3101082e+02 -1.4288510e+02      
1.3153881e+02 -1.4086193e+02      
1.3340686e+02 -1.3844962e+02      
1.3520310e+02 -1.3698915e+02      
1.3687710e+02 -1.3593656e+02      
1.3858977e+02 -1.3482918e+02      
1.4045642e+02 -1.3345452e+02      
1.4245719e+02 -1.3189704e+02      
1.3408456e+02 -1.5221611e+02      
1.3216351e+02 -1.5565470e+02      
1.2998404e+02 -1.5983700e+02      
1.2735291e+02 -1.6498549e+02      
1.2416956e+02 -1.7089330e+02      
1.2156035e+02 -1.7419585e+02      
1.1959959e+02 -1.7481957e+02      
1.1830240e+02 -1.7296611e+02      
1.1755735e+02 -1.6898727e+02      
1.1590863e+02 -1.6623885e+02      
1.1314921e+02 -1.6496631e+02      
1.1084098e+02 -1.6394477e+02      
1.0984839e+02 -1.6255344e+02      
1.1045332e+02 -1.6060709e+02      
1.1239932e+02 -1.5829763e+02      
1.1490504e+02 -1.5614804e+02      
1.1669048e+02 -1.5493197e+02      
1.1839636e+02 -1.5369508e+02      
1.2028689e+02 -1.5214616e+02      
1.2231954e+02 -1.5037739e+02      
1.1281282e+02 -1.6897115e+02      
1.1078802e+02 -1.7209501e+02      
1.0848668e+02 -1.7581403e+02      
1.0573954e+02 -1.8027176e+02      
1.0243601e+02 -1.8534014e+02      
9.9791351e+01 -1.8826564e+02      
9.7819032e+01 -1.8895626e+02      
9.6519203e+01 -1.8751822e+02      
9.5846327e+01 -1.8420747e+02      
9.4386110e+01 -1.8178138e+02      
9.2167614e+01 -1.8032101e+02      
8.9641584e+01 -1.7939376e+02      
8.8573254e+01 -1.7803151e+02      
8.9353331e+01 -1.7606483e+02      
9.1621974e+01 -1.7362996e+02      
9.3737783e+01 -1.7159007e+02      
9.5459119e+01 -1.7009609e+02      
9.6958905e+01 -1.6888569e+02      
9.8805968e+01 -1.6720293e+02      
1.0055936e+02 -1.6571019e+02      
8.9944966e+01 -1.8252968e+02      
8.7926881e+01 -1.8523422e+02      
8.5689133e+01 -1.8831484e+02      
8.3196320e+01 -1.9169137e+02      
8.0562163e+01 -1.9494481e+02      
7.8208474e+01 -1.9708607e+02      
7.6292742e+01 -1.9775066e+02      
7.4814072e+01 -1.9698720e+02      
7.3598517e+01 -1.9522844e+02      
7.2184148e+01 -1.9345888e+02      
7.0479507e+01 -1.9202681e+02      
6.8703483e+01 -1.9083737e+02      
6.7441943e+01 -1.8957893e+02      
6.8438670e+01 -1.8759755e+02      
6.9990787e+01 -1.8553398e+02      
7.1581693e+01 -1.8367030e+02      
7.3066068e+01 -1.8208114e+02      
7.4491383e+01 -1.8065810e+02      
7.5983190e+01 -1.7922058e+02      
7.7422102e+01 -1.7795246e+02      
