1.5397817e+01 2.3064264e+02      
1.4601955e+01 2.2842000e+02      
1.4172447e+01 2.2634574e+02      
1.4052012e+01 2.2447409e+02      
1.4179177e+01 2.2285261e+02      
1.4489129e+01 2.2152027e+02      
1.4916681e+01 2.2050651e+02      
1.5407485e+01 2.1983107e+02      
1.5936561e+01 2.1950464e+02      
1.6518585e+01 2.1952898e+02      
1.7197664e+01 2.1989589e+02      
1.8027762e+01 2.2058657e+02      
1.9059733e+01 2.2157248e+02      
2.0338058e+01 2.2281710e+02      
2.1902920e+01 2.2427757e+02      
2.3792937e+01 2.2590607e+02      
2.6045994e+01 2.2765096e+02      
2.8697904e+01 2.2945786e+02      
3.1779973e+01 2.3127074e+02      
3.5316699e+01 2.3303286e+02      
4.4982074e+01 2.1956655e+02      
4.4538396e+01 2.1722766e+02      
4.4458560e+01 2.1502521e+02      
4.4672770e+01 2.1302157e+02      
4.5108175e+01 2.1127063e+02      
4.5684239e+01 2.0981548e+02      
4.6306554e+01 2.0868762e+02      
4.6880598e+01 2.0790691e+02      
4.7359431e+01 2.0748422e+02      
4.7778466e+01 2.0742337e+02      
4.8222396e+01 2.0771689e+02      
4.8775548e+01 2.0834324e+02      
4.9502490e+01 2.0926934e+02      
5.0450820e+01 2.1045386e+02      
5.1661104e+01 2.1184949e+02      
5.3174675e+01 2.1340431e+02      
5.5035492e+01 2.1506286e+02      
5.7287113e+01 2.1676721e+02      
5.9968057e+01 2.1845814e+02      
6.3108068e+01 2.2007622e+02      
7.3427911e+01 2.0495331e+02      
7.3407517e+01 2.0246799e+02      
7.3749094e+01 2.0010914e+02      
7.4366281e+01 1.9795103e+02      
7.5181672e+01 1.9605525e+02      
7.6110446e+01 1.9446873e+02      
7.7021166e+01 1.9322525e+02      
7.7725070e+01 1.9234150e+02      
7.8102307e+01 1.9182422e+02      
7.8257771e+01 1.9168611e+02      
7.8372772e+01 1.9192364e+02      
7.8576723e+01 1.9250938e+02      
7.8941599e+01 1.9340261e+02      
7.9505897e+01 1.9455573e+02      
8.0301526e+01 1.9591644e+02      
8.1370301e+01 1.9742852e+02      
8.2765197e+01 1.9903249e+02      
8.4541913e+01 2.0066664e+02      
8.6749415e+01 2.0226836e+02      
8.9424094e+01 2.0377547e+02      
1.0026742e+02 1.8705636e+02      
1.0075558e+02 1.8438407e+02      
1.0160261e+02 1.8183028e+02      
1.0268733e+02 1.7949014e+02      
1.0394641e+02 1.7743334e+02      
1.0533996e+02 1.7570584e+02      
1.0672892e+02 1.7434933e+02      
1.0772763e+02 1.7337750e+02      
1.0783768e+02 1.7275215e+02      
1.0753024e+02 1.7254276e+02      
1.0718665e+02 1.7275018e+02      
1.0697085e+02 1.7332763e+02      
1.0693437e+02 1.7422161e+02      
1.0707680e+02 1.7537740e+02      
1.0740351e+02 1.7673789e+02      
1.0795608e+02 1.7824282e+02      
1.0880579e+02 1.7982865e+02      
1.1002973e+02 1.8142949e+02      
1.1169236e+02 1.8297891e+02      
1.1383780e+02 1.8441188e+02      
1.2503778e+02 1.6618768e+02      
1.2615275e+02 1.6327005e+02      
1.2762775e+02 1.6046161e+02      
1.2922010e+02 1.5790729e+02      
1.3091697e+02 1.5568127e+02      
1.3287801e+02 1.5379737e+02      
1.3502605e+02 1.5230922e+02      
1.3674902e+02 1.5129033e+02      
1.3617617e+02 1.5050662e+02      
1.3511459e+02 1.5025430e+02      
1.3416107e+02 1.5047899e+02      
1.3348818e+02 1.5109283e+02      
1.3306173e+02 1.5202769e+02      
1.3278017e+02 1.5322472e+02      
1.3258946e+02 1.5462359e+02      
1.3254134e+02 1.5616112e+02      
1.3275236e+02 1.5776985e+02      
1.3333882e+02 1.5937865e+02      
1.3438638e+02 1.6091637e+02      
1.3594575e+02 1.6231496e+02      
1.4725359e+02 1.4272547e+02      
1.4917688e+02 1.3947461e+02      
1.5157588e+02 1.3628905e+02      
1.5365350e+02 1.3348809e+02      
1.5550885e+02 1.3114130e+02      
1.5801313e+02 1.2907669e+02      
1.6105896e+02 1.2735683e+02      
1.6264810e+02 1.2608557e+02      
1.6230331e+02 1.2531231e+02      
1.6036004e+02 1.2511952e+02      
1.5870836e+02 1.2544765e+02      
1.5763993e+02 1.2615306e+02      
1.5695244e+02 1.2717076e+02      
1.5631762e+02 1.2845064e+02      
1.5555029e+02 1.2992831e+02      
1.5477359e+02 1.3154151e+02      
1.5422222e+02 1.3321946e+02      
1.5407624e+02 1.3488230e+02      
1.5444276e+02 1.3645210e+02      
1.5537127e+02 1.3785783e+02      
1.6635089e+02 1.1713290e+02      
1.6916766e+02 1.1346610e+02      
1.7308698e+02 1.0966432e+02      
1.7551448e+02 1.0659412e+02      
1.7667757e+02 1.0433527e+02      
1.7953390e+02 1.0204715e+02      
1.8237343e+02 9.9975669e+01      
1.8396577e+02 9.8438179e+01      
1.8384196e+02 9.7623197e+01      
1.8222935e+02 9.7556607e+01      
1.8004650e+02 9.8086986e+01      
1.7891538e+02 9.8907822e+01      
1.7832720e+02 1.0003978e+02      
1.7759622e+02 1.0145387e+02      
1.7607279e+02 1.0304311e+02      
1.7432455e+02 1.0477832e+02      
1.7283953e+02 1.0658089e+02      
1.7185959e+02 1.0834988e+02      
1.7149342e+02 1.0999772e+02      
1.7176777e+02 1.1145208e+02      
1.8175136e+02 8.9952717e+01      
1.8499823e+02 8.5933997e+01      
1.8939283e+02 8.1607231e+01      
1.9195632e+02 7.8291283e+01      
1.9280102e+02 7.6080655e+01      
1.9497685e+02 7.3675368e+01      
1.9813434e+02 7.1117236e+01      
2.0001947e+02 6.9209648e+01      
2.0004281e+02 6.8325348e+01      
1.9849944e+02 6.8417730e+01      
1.9730551e+02 6.8914356e+01      
1.9685537e+02 6.9776923e+01      
1.9691510e+02 7.1019767e+01      
1.9667217e+02 7.2646856e+01      
1.9391176e+02 7.4361382e+01      
1.9083098e+02 7.6292601e+01      
1.8820106e+02 7.8295439e+01      
1.8630349e+02 8.0229883e+01      
1.8519065e+02 8.2000880e+01      
1.8482458e+02 8.3541951e+01      
1.9311575e+02 6.1731624e+01      
1.9622625e+02 5.7575857e+01      
2.0029443e+02 5.3037315e+01      
2.0284661e+02 4.9500575e+01      
2.0389598e+02 4.7063652e+01      
2.0585286e+02 4.4389451e+01      
2.0851458e+02 4.1595141e+01      
2.1094574e+02 3.9126230e+01      
2.1112911e+02 3.8127279e+01      
2.1074345e+02 3.7906006e+01      
2.1057118e+02 3.8295553e+01      
2.1106466e+02 3.9172498e+01      
2.1204192e+02 4.0480949e+01      
2.1128397e+02 4.2224860e+01      
2.0835614e+02 4.4269512e+01      
2.0376059e+02 4.6539466e+01      
1.9982970e+02 4.8850059e+01      
1.9700854e+02 5.1010442e+01      
1.9521600e+02 5.2939976e+01      
1.9427952e+02 5.4597131e+01      
2.0043186e+02 3.2926316e+01      
2.0302503e+02 2.8876417e+01      
2.0596830e+02 2.4741963e+01      
2.0845742e+02 2.1010899e+01      
2.1046242e+02 1.7741935e+01      
2.1269806e+02 1.4536837e+01      
2.1530012e+02 1.1319962e+01      
2.1772773e+02 8.4572186e+00      
2.1896240e+02 6.7446765e+00      
2.1938627e+02 6.1895802e+00      
2.1971051e+02 6.6041697e+00      
2.2075789e+02 7.6438151e+00      
2.2116190e+02 9.1340639e+00      
2.1998388e+02 1.1057035e+01      
2.1685449e+02 1.3419874e+01      
2.1215603e+02 1.6095401e+01      
2.0706348e+02 1.8816073e+01      
2.0358173e+02 2.1217727e+01      
2.0131384e+02 2.3314293e+01      
1.9994190e+02 2.5102792e+01      
2.0388812e+02 3.8996512e+00      
2.0607979e+02 -8.5340966e-02      
2.0851639e+02 -4.1348623e+00      
2.1092935e+02 -8.0602058e+00      
2.1327395e+02 -1.1807766e+01      
2.1575483e+02 -1.5495142e+01      
2.1860932e+02 -1.9297849e+01      
2.2182629e+02 -2.3169957e+01      
2.2364354e+02 -2.5497724e+01      
2.2429062e+02 -2.6250023e+01      
2.2414054e+02 -2.5529241e+01      
2.2343701e+02 -2.3517852e+01      
2.2357492e+02 -2.1841713e+01      
2.2222570e+02 -1.9807977e+01      
2.1879094e+02 -1.7134552e+01      
2.1369876e+02 -1.4021572e+01      
2.0922092e+02 -1.1166211e+01      
2.0580081e+02 -8.6179736e+00      
2.0335850e+02 -6.3754881e+00      
2.0172124e+02 -4.4531001e+00      
2.0364374e+02 -2.4955358e+01      
2.0561282e+02 -2.8967764e+01      
2.0784643e+02 -3.3100120e+01      
2.1019424e+02 -3.7218852e+01      
2.1257076e+02 -4.1231745e+01      
2.1504262e+02 -4.5179404e+01      
2.1784100e+02 -4.9284121e+01      
2.2102988e+02 -5.3603965e+01      
2.2281226e+02 -5.6185986e+01      
2.2327816e+02 -5.6999581e+01      
2.2257446e+02 -5.6084315e+01      
2.2080747e+02 -5.3550187e+01      
2.1966187e+02 -5.1431236e+01      
2.1839173e+02 -4.9494690e+01      
2.1468675e+02 -4.6546219e+01      
2.1060649e+02 -4.3528033e+01      
2.0688618e+02 -4.0659721e+01      
2.0379973e+02 -3.8017146e+01      
2.0139792e+02 -3.5647558e+01      
1.9964174e+02 -3.3591623e+01      
1.9978668e+02 -5.3181247e+01      
2.0162822e+02 -5.7267509e+01      
2.0378967e+02 -6.1560792e+01      
2.0614213e+02 -6.5921666e+01      
2.0843928e+02 -7.0097259e+01      
2.1064789e+02 -7.4039363e+01      
2.1290111e+02 -7.7908361e+01      
2.1527204e+02 -8.1839471e+01      
2.1649298e+02 -8.4182965e+01      
2.1660820e+02 -8.4984622e+01      
2.1563824e+02 -8.4229593e+01      
2.1359654e+02 -8.1901151e+01      
2.1179889e+02 -7.9810403e+01      
2.0980674e+02 -7.7676277e+01      
2.0693832e+02 -7.5050940e+01      
2.0371996e+02 -7.2171321e+01      
2.0062222e+02 -6.9284498e+01      
1.9788336e+02 -6.6542559e+01      
1.9561036e+02 -6.4043339e+01      
1.9382817e+02 -6.1849384e+01      
1.9239845e+02 -8.0294195e+01      
1.9413463e+02 -8.4449770e+01      
1.9627249e+02 -8.8933333e+01      
1.9878562e+02 -9.3677794e+01      
2.0094906e+02 -9.7955188e+01      
2.0273718e+02 -1.0168934e+02      
2.0412603e+02 -1.0484694e+02      
2.0492296e+02 -1.0723039e+02      
2.0530291e+02 -1.0892672e+02      
2.0504693e+02 -1.0970718e+02      
2.0407382e+02 -1.0948979e+02      
2.0249645e+02 -1.0841594e+02      
2.0068333e+02 -1.0695217e+02      
1.9860655e+02 -1.0504755e+02      
1.9615199e+02 -1.0256985e+02      
1.9346843e+02 -9.9672156e+01      
1.9080961e+02 -9.6661025e+01      
1.8836403e+02 -9.3769325e+01      
1.8623786e+02 -9.1120464e+01      
1.8447749e+02 -8.8780439e+01      
1.8160071e+02 -1.0582041e+02      
1.8318759e+02 -1.0998012e+02      
1.8517898e+02 -1.1453482e+02      
1.8752670e+02 -1.1940869e+02      
1.8941905e+02 -1.2364377e+02      
1.9076055e+02 -1.2709363e+02      
1.9146816e+02 -1.2964583e+02      
1.9142556e+02 -1.3117662e+02      
1.9119159e+02 -1.3240742e+02      
1.9063633e+02 -1.3322371e+02      
1.8965631e+02 -1.3353636e+02      
1.8829620e+02 -1.3342013e+02      
1.8665295e+02 -1.3285450e+02      
1.8471846e+02 -1.3139673e+02      
1.8250626e+02 -1.2891688e+02      
1.8012178e+02 -1.2568989e+02      
1.7775674e+02 -1.2237262e+02      
1.7554156e+02 -1.1926444e+02      
1.7355333e+02 -1.1644702e+02      
1.7183645e+02 -1.1395828e+02      
1.6758606e+02 -1.2933127e+02      
1.6895464e+02 -1.3339050e+02      
1.7066287e+02 -1.3784272e+02      
1.7264649e+02 -1.4261720e+02      
1.7416833e+02 -1.4667023e+02      
1.7511233e+02 -1.4984863e+02      
1.7539776e+02 -1.5204390e+02      
1.7497341e+02 -1.5319967e+02      
1.7441365e+02 -1.5424895e+02      
1.7366392e+02 -1.5516876e+02      
1.7264143e+02 -1.5591153e+02      
1.7136656e+02 -1.5661029e+02      
1.6991472e+02 -1.5729192e+02      
1.6814080e+02 -1.5635513e+02      
1.6611273e+02 -1.5373529e+02      
1.6388884e+02 -1.4968124e+02      
1.6174051e+02 -1.4592148e+02      
1.5971514e+02 -1.4258087e+02      
1.5785291e+02 -1.3960525e+02      
1.5618974e+02 -1.3698213e+02      
1.5062640e+02 -1.5046859e+02      
1.5172079e+02 -1.5431564e+02      
1.5304985e+02 -1.5846997e+02      
1.5454731e+02 -1.6287801e+02      
1.5565171e+02 -1.6660512e+02      
1.5626181e+02 -1.6953877e+02      
1.5631176e+02 -1.7159400e+02      
1.5577394e+02 -1.7272839e+02      
1.5508971e+02 -1.7381620e+02      
1.5423792e+02 -1.7486860e+02      
1.5316811e+02 -1.7590153e+02      
1.5188307e+02 -1.7708927e+02      
1.5041696e+02 -1.7837835e+02      
1.4873871e+02 -1.7777862e+02      
1.4690542e+02 -1.7512965e+02      
1.4496909e+02 -1.7076649e+02      
1.4305243e+02 -1.6676697e+02      
1.4120213e+02 -1.6328668e+02      
1.3945826e+02 -1.6020961e+02      
1.3785493e+02 -1.5748897e+02      
1.3106118e+02 -1.6895364e+02      
1.3185965e+02 -1.7251101e+02      
1.3277030e+02 -1.7620951e+02      
1.3368166e+02 -1.7988283e+02      
1.3436705e+02 -1.8316302e+02      
1.3470117e+02 -1.8586759e+02      
1.3463209e+02 -1.8793624e+02      
1.3418429e+02 -1.8944616e+02      
1.3349397e+02 -1.9070293e+02      
1.3260223e+02 -1.9185110e+02      
1.3149897e+02 -1.9298899e+02      
1.3017044e+02 -1.9430399e+02      
1.2862204e+02 -1.9573053e+02      
1.2700040e+02 -1.9525881e+02      
1.2535601e+02 -1.9271645e+02      
1.2372810e+02 -1.8843085e+02      
1.2204072e+02 -1.8448201e+02      
1.2035170e+02 -1.8102233e+02      
1.1871878e+02 -1.7793359e+02      
1.1717929e+02 -1.7516834e+02      
1.0927539e+02 -1.8457507e+02      
1.0979590e+02 -1.8783091e+02      
1.1035276e+02 -1.9111799e+02      
1.1086108e+02 -1.9429893e+02      
1.1121090e+02 -1.9719919e+02      
1.1131641e+02 -1.9969088e+02      
1.1113710e+02 -2.0172816e+02      
1.1068056e+02 -2.0335575e+02      
1.0998681e+02 -2.0468722e+02      
1.0908390e+02 -2.0582950e+02      
1.0797619e+02 -2.0687807e+02      
1.0664642e+02 -2.0797160e+02      
1.0507955e+02 -2.0907838e+02      
1.0352934e+02 -2.0853227e+02      
1.0202832e+02 -2.0623678e+02      
1.0061661e+02 -2.0242121e+02      
9.9098058e+01 -1.9881727e+02      
9.7541501e+01 -1.9554015e+02      
9.6008815e+01 -1.9253027e+02      
9.4535663e+01 -1.8977386e+02      
8.5676225e+01 -1.9716281e+02      
8.5955363e+01 -2.0014389e+02      
8.6234211e+01 -2.0310323e+02      
8.6454391e+01 -2.0593900e+02      
8.6550017e+01 -2.0854267e+02      
8.6466079e+01 -2.1082933e+02      
8.6171444e+01 -2.1275946e+02      
8.5661071e+01 -2.1434316e+02      
8.4947241e+01 -2.1562507e+02      
8.4044578e+01 -2.1665674e+02      
8.2962214e+01 -2.1747757e+02      
8.1706448e+01 -2.1808826e+02      
8.0311583e+01 -2.1827984e+02      
7.8878033e+01 -2.1749124e+02      
7.7457038e+01 -2.1556266e+02      
7.6053905e+01 -2.1275397e+02      
7.4618942e+01 -2.0970712e+02      
7.3163438e+01 -2.0670914e+02      
7.1720907e+01 -2.0383633e+02      
7.0317172e+01 -2.0112681e+02      
