3.2652299e+01 2.1067756e+02      
3.5238849e+01 2.0891053e+02      
3.8285244e+01 2.0758086e+02      
3.9363466e+01 2.0713477e+02      
3.8400141e+01 2.0763192e+02      
3.7711558e+01 2.0869288e+02      
3.7449945e+01 2.1019000e+02      
3.7484312e+01 2.1195904e+02      
3.7648863e+01 2.1373226e+02      
3.7788702e+01 2.1528208e+02      
3.7809580e+01 2.1649016e+02      
3.7701709e+01 2.1735380e+02      
3.7501539e+01 2.1785160e+02      
3.7228320e+01 2.1782740e+02      
3.7208007e+01 2.1785206e+02      
3.7583906e+01 2.1813761e+02      
3.8383635e+01 2.1866351e+02      
3.9619556e+01 2.1938574e+02      
4.1301308e+01 2.2025682e+02      
4.3437446e+01 2.2122766e+02      
6.3780763e+01 1.9991992e+02      
6.7151847e+01 1.9797009e+02      
7.1003340e+01 1.9637838e+02      
7.2451509e+01 1.9597363e+02      
7.1331228e+01 1.9686297e+02      
7.0412745e+01 1.9835580e+02      
7.0104053e+01 2.0041739e+02      
7.0316302e+01 2.0291689e+02      
7.0656544e+01 2.0525300e+02      
7.0853514e+01 2.0708719e+02      
7.0742349e+01 2.0827570e+02      
7.0280621e+01 2.0884922e+02      
6.9637933e+01 2.0906803e+02      
6.8550267e+01 2.0787372e+02      
6.7972168e+01 2.0722786e+02      
6.7908681e+01 2.0705988e+02      
6.8312289e+01 2.0720921e+02      
6.9168943e+01 2.0759007e+02      
7.0476097e+01 2.0813585e+02      
7.2236296e+01 2.0878668e+02      
9.3117481e+01 1.8578698e+02      
9.7052237e+01 1.8367206e+02      
1.0140670e+02 1.8187313e+02      
1.0345291e+02 1.8142082e+02      
1.0248745e+02 1.8250824e+02      
1.0140797e+02 1.8430032e+02      
1.0102590e+02 1.8688574e+02      
1.0166391e+02 1.9047581e+02      
1.0238992e+02 1.9357349e+02      
1.0281042e+02 1.9580300e+02      
1.0264206e+02 1.9697014e+02      
1.0164273e+02 1.9686672e+02      
9.9739870e+01 1.9530305e+02      
9.8169312e+01 1.9385259e+02      
9.7166120e+01 1.9289529e+02      
9.6699048e+01 1.9240372e+02      
9.6711985e+01 1.9225425e+02      
9.7177452e+01 1.9235250e+02      
9.8086295e+01 1.9262349e+02      
9.9438196e+01 1.9300110e+02      
1.2018197e+02 1.6854159e+02      
1.2464823e+02 1.6627718e+02      
1.2929714e+02 1.6450508e+02      
1.3253582e+02 1.6385260e+02      
1.3166889e+02 1.6469734e+02      
1.3013259e+02 1.6658257e+02      
1.2921556e+02 1.6925399e+02      
1.2937395e+02 1.7261982e+02      
1.3056318e+02 1.7637851e+02      
1.3142853e+02 1.7906354e+02      
1.3143973e+02 1.8034310e+02      
1.3018506e+02 1.7993737e+02      
1.2761652e+02 1.7783092e+02      
1.2562220e+02 1.7616020e+02      
1.2429483e+02 1.7505365e+02      
1.2348894e+02 1.7437379e+02      
1.2313591e+02 1.7401911e+02      
1.2321043e+02 1.7390624e+02      
1.2370615e+02 1.7396333e+02      
1.2462455e+02 1.7412370e+02      
1.4449657e+02 1.4848642e+02      
1.4980347e+02 1.4587354e+02      
1.5549102e+02 1.4369498e+02      
1.5858391e+02 1.4282116e+02      
1.5849825e+02 1.4346048e+02      
1.5603682e+02 1.4550250e+02      
1.5420472e+02 1.4818012e+02      
1.5365117e+02 1.5118141e+02      
1.5430809e+02 1.5435939e+02      
1.5576066e+02 1.5739120e+02      
1.5629824e+02 1.5894954e+02      
1.5525850e+02 1.5870265e+02      
1.5256910e+02 1.5675666e+02      
1.5044776e+02 1.5514453e+02      
1.4895268e+02 1.5402515e+02      
1.4788405e+02 1.5326903e+02      
1.4719146e+02 1.5279649e+02      
1.4687865e+02 1.5254481e+02      
1.4695149e+02 1.5245314e+02      
1.4741593e+02 1.5245818e+02      
1.6527911e+02 1.2612279e+02      
1.7143923e+02 1.2299608e+02      
1.7674515e+02 1.2053315e+02      
1.7975720e+02 1.1939895e+02      
1.8002632e+02 1.1986312e+02      
1.7806439e+02 1.2176170e+02      
1.7531883e+02 1.2450566e+02      
1.7424536e+02 1.2711144e+02      
1.7442153e+02 1.2963110e+02      
1.7541631e+02 1.3197920e+02      
1.7671450e+02 1.3380294e+02      
1.7637921e+02 1.3396124e+02      
1.7412769e+02 1.3251588e+02      
1.7230800e+02 1.3120426e+02      
1.7085974e+02 1.3020955e+02      
1.6957558e+02 1.2946323e+02      
1.6854255e+02 1.2894062e+02      
1.6784272e+02 1.2861421e+02      
1.6748659e+02 1.2843846e+02      
1.6747858e+02 1.2835385e+02      
1.8160891e+02 1.0212612e+02      
1.8671179e+02 9.9160290e+01      
1.9213317e+02 9.6228041e+01      
1.9524730e+02 9.4736697e+01      
1.9552562e+02 9.5108647e+01      
1.9348668e+02 9.7026573e+01      
1.9175003e+02 9.9084251e+01      
1.9091592e+02 1.0107562e+02      
1.9092289e+02 1.0296015e+02      
1.9153727e+02 1.0465205e+02      
1.9247501e+02 1.0595797e+02      
1.9318089e+02 1.0653287e+02      
1.9201946e+02 1.0574484e+02      
1.9115149e+02 1.0488858e+02      
1.8996762e+02 1.0409884e+02      
1.8832266e+02 1.0338729e+02      
1.8688598e+02 1.0284953e+02      
1.8581448e+02 1.0249991e+02      
1.8503278e+02 1.0230316e+02      
1.8453038e+02 1.0219879e+02      
1.9395550e+02 7.6715374e+01      
1.9798023e+02 7.4036859e+01      
2.0209454e+02 7.1498317e+01      
2.0537919e+02 6.9565854e+01      
2.0552587e+02 6.9918280e+01      
2.0480172e+02 7.0943991e+01      
2.0408436e+02 7.2202023e+01      
2.0372845e+02 7.3534102e+01      
2.0380471e+02 7.4841616e+01      
2.0424335e+02 7.6010090e+01      
2.0490392e+02 7.6892645e+01      
2.0553704e+02 7.7303821e+01      
2.0599449e+02 7.7137978e+01      
2.0693777e+02 7.6788738e+01      
2.0616537e+02 7.6204185e+01      
2.0368584e+02 7.5476955e+01      
2.0189942e+02 7.4942043e+01      
2.0058033e+02 7.4609780e+01      
1.9938761e+02 7.4457590e+01      
1.9834431e+02 7.4412702e+01      
2.0270478e+02 5.0116845e+01      
2.0591008e+02 4.7667234e+01      
2.0900901e+02 4.5474442e+01      
2.1141210e+02 4.3895288e+01      
2.1246338e+02 4.3393066e+01      
2.1275033e+02 4.3569004e+01      
2.1279556e+02 4.4109189e+01      
2.1287040e+02 4.4852415e+01      
2.1309639e+02 4.5673467e+01      
2.1349542e+02 4.6449863e+01      
2.1403756e+02 4.7054511e+01      
2.1470105e+02 4.7375952e+01      
2.1567686e+02 4.7387231e+01      
2.1718486e+02 4.7162985e+01      
2.1685841e+02 4.6718502e+01      
2.1474724e+02 4.6152749e+01      
2.1330817e+02 4.5653229e+01      
2.1213654e+02 4.5347750e+01      
2.1045040e+02 4.5326611e+01      
2.0873513e+02 4.5443023e+01      
2.0799713e+02 2.2654590e+01      
2.1066398e+02 2.0308303e+01      
2.1319059e+02 1.8227837e+01      
2.1526367e+02 1.6614179e+01      
2.1668217e+02 1.5609404e+01      
2.1755007e+02 1.5157142e+01      
2.1809112e+02 1.5122576e+01      
2.1848354e+02 1.5384499e+01      
2.1884170e+02 1.5827116e+01      
2.1923166e+02 1.6328828e+01      
2.1969385e+02 1.6767443e+01      
2.2027246e+02 1.7041154e+01      
2.2103084e+02 1.7094423e+01      
2.2180163e+02 1.6918238e+01      
2.2188891e+02 1.6532109e+01      
2.2134235e+02 1.6008333e+01      
2.2096435e+02 1.5469299e+01      
2.2069775e+02 1.5098925e+01      
2.1805682e+02 1.5364455e+01      
2.1550820e+02 1.5768849e+01      
2.0987741e+02 -5.2700535e+00      
2.1221762e+02 -7.6262679e+00      
2.1446677e+02 -9.7741881e+00      
2.1644668e+02 -1.1589426e+01      
2.1803852e+02 -1.2977207e+01      
2.1922938e+02 -1.3906391e+01      
2.2007952e+02 -1.4397929e+01      
2.2067233e+02 -1.4508064e+01      
2.2109487e+02 -1.4328684e+01      
2.2143390e+02 -1.3984029e+01      
2.2177149e+02 -1.3611561e+01      
2.2217585e+02 -1.3333602e+01      
2.2267618e+02 -1.3237952e+01      
2.2320609e+02 -1.3376978e+01      
2.2365403e+02 -1.3769147e+01      
2.2408636e+02 -1.4377512e+01      
2.2461867e+02 -1.5060855e+01      
2.2466314e+02 -1.5477147e+01      
2.2175113e+02 -1.4909014e+01      
2.1847089e+02 -1.4097785e+01      
2.0835621e+02 -3.3200793e+01      
2.1050819e+02 -3.5645548e+01      
2.1263452e+02 -3.7958379e+01      
2.1461973e+02 -4.0049167e+01      
2.1636358e+02 -4.1824633e+01      
2.1778901e+02 -4.3191980e+01      
2.1884923e+02 -4.4077585e+01      
2.1954600e+02 -4.4466176e+01      
2.1993909e+02 -4.4425579e+01      
2.2013850e+02 -4.4100962e+01      
2.2027523e+02 -4.3674949e+01      
2.2045802e+02 -4.3309861e+01      
2.2075443e+02 -4.3122551e+01      
2.2121300e+02 -4.3199525e+01      
2.2193651e+02 -4.3623031e+01      
2.2305768e+02 -4.4413761e+01      
2.2439125e+02 -4.5353463e+01      
2.2399620e+02 -4.5557253e+01      
2.2151200e+02 -4.4923099e+01      
2.1744693e+02 -4.3583339e+01      
2.0345406e+02 -6.0654466e+01      
2.0549941e+02 -6.3232171e+01      
2.0758790e+02 -6.5764193e+01      
2.0964819e+02 -6.8190641e+01      
2.1159361e+02 -7.0420722e+01      
2.1328210e+02 -7.2286393e+01      
2.1453533e+02 -7.3571498e+01      
2.1526434e+02 -7.4163937e+01      
2.1550739e+02 -7.4111348e+01      
2.1542433e+02 -7.3617797e+01      
2.1524652e+02 -7.2979032e+01      
2.1514051e+02 -7.2419489e+01      
2.1519291e+02 -7.2062548e+01      
2.1548696e+02 -7.1995068e+01      
2.1623127e+02 -7.2351148e+01      
2.1771942e+02 -7.3288483e+01      
2.1830589e+02 -7.3816986e+01      
2.1755242e+02 -7.3764154e+01      
2.1536661e+02 -7.3103761e+01      
2.1195421e+02 -7.1888354e+01      
1.9522625e+02 -8.7143353e+01      
1.9720226e+02 -8.9864958e+01      
1.9928966e+02 -9.2632669e+01      
2.0147073e+02 -9.5437324e+01      
2.0372433e+02 -9.8251404e+01      
2.0586428e+02 -1.0084452e+02      
2.0737802e+02 -1.0262201e+02      
2.0808867e+02 -1.0336093e+02      
2.0801785e+02 -1.0309094e+02      
2.0738347e+02 -1.0209587e+02      
2.0673236e+02 -1.0103339e+02      
2.0626637e+02 -1.0017762e+02      
2.0600745e+02 -9.9580658e+01      
2.0597405e+02 -9.9265327e+01      
2.0620240e+02 -9.9254189e+01      
2.0654649e+02 -9.9456617e+01      
2.0635968e+02 -9.9491810e+01      
2.0531212e+02 -9.9184742e+01      
2.0334412e+02 -9.8505104e+01      
2.0058883e+02 -9.7502444e+01      
1.8377642e+02 -1.1219398e+02      
1.8568188e+02 -1.1503446e+02      
1.8775224e+02 -1.1800077e+02      
1.9002712e+02 -1.2114936e+02      
1.9262716e+02 -1.2461510e+02      
1.9557588e+02 -1.2837190e+02      
1.9739103e+02 -1.3071899e+02      
1.9804893e+02 -1.3156076e+02      
1.9755777e+02 -1.3090958e+02      
1.9595629e+02 -1.2888824e+02      
1.9475398e+02 -1.2726484e+02      
1.9392960e+02 -1.2609307e+02      
1.9334912e+02 -1.2524683e+02      
1.9294130e+02 -1.2466008e+02      
1.9262779e+02 -1.2427379e+02      
1.9224001e+02 -1.2398202e+02      
1.9151349e+02 -1.2362841e+02      
1.9025071e+02 -1.2310050e+02      
1.8840118e+02 -1.2236768e+02      
1.8605973e+02 -1.2147527e+02      
1.6926650e+02 -1.3536666e+02      
1.7107008e+02 -1.3826818e+02      
1.7305700e+02 -1.4133493e+02      
1.7528924e+02 -1.4465850e+02      
1.7792029e+02 -1.4845339e+02      
1.8094384e+02 -1.5271972e+02      
1.8278215e+02 -1.5535831e+02      
1.8336062e+02 -1.5626020e+02      
1.8267911e+02 -1.5542661e+02      
1.8081234e+02 -1.5297421e+02      
1.7935184e+02 -1.5106049e+02      
1.7829554e+02 -1.4970104e+02      
1.7746499e+02 -1.4867789e+02      
1.7675230e+02 -1.4787817e+02      
1.7605787e+02 -1.4722137e+02      
1.7525614e+02 -1.4662449e+02      
1.7420449e+02 -1.4600133e+02      
1.7279532e+02 -1.4528942e+02      
1.7099837e+02 -1.4447114e+02      
1.6887035e+02 -1.4357806e+02      
1.5192316e+02 -1.5627429e+02      
1.5358023e+02 -1.5916242e+02      
1.5539782e+02 -1.6219932e+02      
1.5741535e+02 -1.6545319e+02      
1.5972183e+02 -1.6908813e+02      
1.6227761e+02 -1.7312356e+02      
1.6383962e+02 -1.7563762e+02      
1.6432224e+02 -1.7656422e+02      
1.6372107e+02 -1.7590036e+02      
1.6211315e+02 -1.7370966e+02      
1.6074195e+02 -1.7195593e+02      
1.5963102e+02 -1.7062497e+02      
1.5866162e+02 -1.6954270e+02      
1.5774820e+02 -1.6861702e+02      
1.5680995e+02 -1.6778258e+02      
1.5576033e+02 -1.6698202e+02      
1.5451484e+02 -1.6616506e+02      
1.5301291e+02 -1.6529832e+02      
1.5123783e+02 -1.6437512e+02      
1.4922251e+02 -1.6341835e+02      
1.3203689e+02 -1.7459379e+02      
1.3350882e+02 -1.7740141e+02      
1.3509234e+02 -1.8029894e+02      
1.3678413e+02 -1.8329174e+02      
1.3855726e+02 -1.8636352e+02      
1.4022804e+02 -1.8926421e+02      
1.4134631e+02 -1.9130803e+02      
1.4172492e+02 -1.9223020e+02      
1.4135769e+02 -1.9202900e+02      
1.4041969e+02 -1.9097005e+02      
1.3934882e+02 -1.8974937e+02      
1.3830892e+02 -1.8861710e+02      
1.3729717e+02 -1.8757760e+02      
1.3627616e+02 -1.8660285e+02      
1.3519656e+02 -1.8566113e+02      
1.3400414e+02 -1.8472171e+02      
1.3264854e+02 -1.8375897e+02      
1.3109521e+02 -1.8275822e+02      
1.2933533e+02 -1.8172096e+02      
1.2738876e+02 -1.8066640e+02      
1.0995229e+02 -1.9006636e+02      
1.1121786e+02 -1.9275070e+02      
1.1254324e+02 -1.9545521e+02      
1.1389644e+02 -1.9813722e+02      
1.1520885e+02 -2.0070490e+02      
1.1634015e+02 -2.0295840e+02      
1.1710280e+02 -2.0462236e+02      
1.1737693e+02 -2.0552518e+02      
1.1715508e+02 -2.0566506e+02      
1.1654177e+02 -2.0521111e+02      
1.1570734e+02 -2.0443662e+02      
1.1477046e+02 -2.0353519e+02      
1.1377194e+02 -2.0258534e+02      
1.1270952e+02 -2.0160898e+02      
1.1156113e+02 -2.0060609e+02      
1.1029711e+02 -1.9956932e+02      
1.0888914e+02 -1.9849157e+02      
1.0731822e+02 -1.9737143e+02      
1.0558048e+02 -1.9621679e+02      
1.0368877e+02 -1.9504605e+02      
8.6053361e+01 -2.0248962e+02      
8.7108776e+01 -2.0503389e+02      
8.8183669e+01 -2.0754019e+02      
8.9237958e+01 -2.0994862e+02      
9.0207492e+01 -2.1216705e+02      
9.1000333e+01 -2.1406328e+02      
9.1516719e+01 -2.1549371e+02      
9.1689436e+01 -2.1636491e+02      
9.1510157e+01 -2.1667372e+02      
9.1028966e+01 -2.1650722e+02      
9.0326909e+01 -2.1600163e+02      
8.9474443e+01 -2.1527902e+02      
8.8510711e+01 -2.1441708e+02      
8.7447456e+01 -2.1345659e+02      
8.6279435e+01 -2.1241688e+02      
8.4993403e+01 -2.1130710e+02      
8.3575263e+01 -2.1013342e+02      
8.2015746e+01 -2.0890392e+02      
8.0314186e+01 -2.0763149e+02      
7.8479672e+01 -2.0633504e+02      
