1.3170688e+01 2.3724122e+02      
1.2782663e+01 2.3457396e+02      
1.3095158e+01 2.3201041e+02      
1.4111961e+01 2.2961757e+02      
1.5832361e+01 2.2746331e+02      
1.8250845e+01 2.2561593e+02      
2.1356525e+01 2.2414342e+02      
2.5132215e+01 2.2311147e+02      
2.9552517e+01 2.2257899e+02      
3.4577609e+01 2.2258920e+02      
4.0133713e+01 2.2315486e+02      
4.6070486e+01 2.2423745e+02      
5.2103432e+01 2.2572017e+02      
5.7701202e+01 2.2731678e+02      
6.2307359e+01 2.2868048e+02      
6.6526330e+01 2.3019854e+02      
6.9399925e+01 2.3102071e+02      
7.0997940e+01 2.3112505e+02      
7.1397498e+01 2.3047844e+02      
7.2082656e+01 2.3004579e+02      
4.0854032e+01 2.2740306e+02      
4.0563455e+01 2.2466120e+02      
4.0983213e+01 2.2199900e+02      
4.2121215e+01 2.1948782e+02      
4.3982319e+01 2.1720137e+02      
4.6568484e+01 2.1521636e+02      
4.9878800e+01 2.1361331e+02      
5.3909995e+01 2.1247692e+02      
5.8659033e+01 2.1189381e+02      
6.4127774e+01 2.1194407e+02      
7.0312390e+01 2.1268220e+02      
7.7135257e+01 2.1410873e+02      
8.4279801e+01 2.1611440e+02      
9.0905225e+01 2.1830385e+02      
9.4731486e+01 2.1916773e+02      
9.8081289e+01 2.2021291e+02      
1.0024645e+02 2.2076828e+02      
1.0131977e+02 2.2075611e+02      
1.0111596e+02 2.2004066e+02      
1.0082224e+02 2.1930515e+02      
6.7194351e+01 2.1396363e+02      
6.6994629e+01 2.1112139e+02      
6.7507192e+01 2.0833146e+02      
6.8743598e+01 2.0566817e+02      
7.0714053e+01 2.0320929e+02      
7.3428004e+01 2.0103778e+02      
7.6894306e+01 1.9924482e+02      
8.1121443e+01 1.9793422e+02      
8.6122268e+01 1.9722671e+02      
9.1940868e+01 1.9725667e+02      
9.8712730e+01 1.9815114e+02      
1.0653607e+02 1.9996277e+02      
1.1493820e+02 2.0250523e+02      
1.2135940e+02 2.0444982e+02      
1.2518070e+02 2.0544663e+02      
1.2662237e+02 2.0563884e+02      
1.2773524e+02 2.0586242e+02      
1.2866704e+02 2.0602044e+02      
1.2893027e+02 2.0590869e+02      
1.2731442e+02 2.0490613e+02      
9.1776310e+01 1.9716488e+02      
9.1657021e+01 1.9419572e+02      
9.2242914e+01 1.9124811e+02      
9.3548126e+01 1.8839748e+02      
9.5587414e+01 1.8572277e+02      
9.8377425e+01 1.8330888e+02      
1.0193687e+02 1.8125162e+02      
1.0628375e+02 1.7966706e+02      
1.1142619e+02 1.7870857e+02      
1.1737197e+02 1.7858515e+02      
1.2435809e+02 1.7952445e+02      
1.3293416e+02 1.8162661e+02      
1.4097580e+02 1.8388014e+02      
1.4714674e+02 1.8570488e+02      
1.5089557e+02 1.8685311e+02      
1.5243073e+02 1.8734872e+02      
1.5276971e+02 1.8749475e+02      
1.5383379e+02 1.8793566e+02      
1.5317642e+02 1.8781670e+02      
1.5055995e+02 1.8691922e+02      
1.1422024e+02 1.7730396e+02      
1.1416844e+02 1.7418215e+02      
1.1480458e+02 1.7104830e+02      
1.1614350e+02 1.6797699e+02      
1.1820288e+02 1.6504481e+02      
1.2100589e+02 1.6233253e+02      
1.2458284e+02 1.5993046e+02      
1.2896992e+02 1.5794870e+02      
1.3418900e+02 1.5654159e+02      
1.4005594e+02 1.5602285e+02      
1.4622714e+02 1.5680909e+02      
1.5332216e+02 1.5859071e+02      
1.6119749e+02 1.6083657e+02      
1.6721045e+02 1.6272618e+02      
1.7073070e+02 1.6407717e+02      
1.7215203e+02 1.6488162e+02      
1.7387431e+02 1.6567046e+02      
1.7439680e+02 1.6620873e+02      
1.7306523e+02 1.6625440e+02      
1.6987549e+02 1.6570933e+02      
1.3418851e+02 1.5472801e+02      
1.3419072e+02 1.5143008e+02      
1.3485276e+02 1.4808516e+02      
1.3618708e+02 1.4476560e+02      
1.3821122e+02 1.4154252e+02      
1.4095267e+02 1.3848625e+02      
1.4445311e+02 1.3567048e+02      
1.4877446e+02 1.3317975e+02      
1.5403274e+02 1.3110605e+02      
1.6006262e+02 1.2976537e+02      
1.6456586e+02 1.3062552e+02      
1.6973897e+02 1.3234808e+02      
1.7560289e+02 1.3445979e+02      
1.8140495e+02 1.3652606e+02      
1.8455295e+02 1.3815661e+02      
1.8748250e+02 1.3953491e+02      
1.8919427e+02 1.4065896e+02      
1.8948624e+02 1.4146067e+02      
1.8802720e+02 1.4184678e+02      
1.8483301e+02 1.4179891e+02      
1.5139077e+02 1.2982787e+02      
1.5143578e+02 1.2633342e+02      
1.5210163e+02 1.2275783e+02      
1.5339360e+02 1.1917157e+02      
1.5532381e+02 1.1563895e+02      
1.5791949e+02 1.1221497e+02      
1.6122927e+02 1.0894661e+02      
1.6532297e+02 1.0588565e+02      
1.7029316e+02 1.0310578e+02      
1.7580204e+02 1.0101996e+02      
1.7927539e+02 1.0168817e+02      
1.8268999e+02 1.0358016e+02      
1.8651366e+02 1.0589802e+02      
1.9052103e+02 1.0819655e+02      
1.9431033e+02 1.1020434e+02      
1.9689966e+02 1.1195551e+02      
1.9835369e+02 1.1341564e+02      
1.9865730e+02 1.1454753e+02      
1.9767057e+02 1.1531844e+02      
1.9529545e+02 1.1576187e+02      
1.6558745e+02 1.0303087e+02      
1.6567000e+02 9.9322258e+01      
1.6632509e+02 9.5501497e+01      
1.6754365e+02 9.1640353e+01      
1.6932348e+02 8.7799188e+01      
1.7168401e+02 8.4016530e+01      
1.7467949e+02 8.0300968e+01      
1.7839784e+02 7.6636686e+01      
1.8284825e+02 7.3132235e+01      
1.8753830e+02 7.0430663e+01      
1.9054804e+02 7.0449450e+01      
1.9224799e+02 7.2827918e+01      
1.9418520e+02 7.5694094e+01      
1.9642537e+02 7.8463219e+01      
1.9869485e+02 8.0913516e+01      
2.0045449e+02 8.3029168e+01      
2.0154718e+02 8.4825847e+01      
2.0196439e+02 8.6299146e+01      
2.0182661e+02 8.7419777e+01      
2.0150008e+02 8.8167740e+01      
1.7659103e+02 7.4793572e+01      
1.7671613e+02 7.0854019e+01      
1.7736088e+02 6.6775419e+01      
1.7849162e+02 6.2638297e+01      
1.8007602e+02 5.8509324e+01      
1.8211083e+02 5.4418890e+01      
1.8464974e+02 5.0339248e+01      
1.8783550e+02 4.6142835e+01      
1.9175208e+02 4.1788412e+01      
1.9497718e+02 3.9299496e+01      
1.9708037e+02 3.9070285e+01      
1.9812252e+02 4.0949721e+01      
1.9843184e+02 4.4482169e+01      
1.9910111e+02 4.7843894e+01      
2.0004160e+02 5.0705012e+01      
2.0097037e+02 5.3134099e+01      
2.0169413e+02 5.5241886e+01      
2.0215559e+02 5.7058821e+01      
2.0240962e+02 5.8566317e+01      
2.0249656e+02 5.9755891e+01      
1.8426405e+02 4.5595267e+01      
1.8445072e+02 4.1405714e+01      
1.8511073e+02 3.7051167e+01      
1.8617313e+02 3.2632880e+01      
1.8754552e+02 2.8246946e+01      
1.8917109e+02 2.3939248e+01      
1.9108989e+02 1.9654530e+01      
1.9338998e+02 1.5351950e+01      
1.9596988e+02 1.1346017e+01      
1.9779081e+02 9.2994718e+00      
1.9881997e+02 9.0674060e+00      
1.9913077e+02 1.0476193e+01      
1.9886894e+02 1.3298474e+01      
1.9830961e+02 1.7080522e+01      
1.9827327e+02 2.0115069e+01      
1.9853957e+02 2.2705327e+01      
1.9893649e+02 2.5067311e+01      
1.9938189e+02 2.7225044e+01      
1.9984278e+02 2.9128591e+01      
2.0031068e+02 3.0724106e+01      
1.8851332e+02 1.5933690e+01      
1.8879434e+02 1.1470228e+01      
1.8953075e+02 6.8054626e+00      
1.9061045e+02 2.0721575e+00      
1.9182021e+02 -2.5587148e+00      
1.9296585e+02 -6.9579095e+00      
1.9409897e+02 -1.1212871e+01      
1.9533643e+02 -1.5422427e+01      
1.9599180e+02 -1.7531656e+01      
1.9632524e+02 -1.8745549e+01      
1.9619971e+02 -1.8817070e+01      
1.9563125e+02 -1.7735311e+01      
1.9474283e+02 -1.5678442e+01      
1.9377395e+02 -1.3026764e+01      
1.9310705e+02 -1.0415230e+01      
1.9285460e+02 -7.8835186e+00      
1.9299723e+02 -5.3107244e+00      
1.9344805e+02 -2.7841647e+00      
1.9411453e+02 -4.5876732e-01      
1.9494330e+02 1.5558647e+00      
1.8928187e+02 -1.3676929e+01      
1.8969165e+02 -1.8440038e+01      
1.9059538e+02 -2.3471162e+01      
1.9189885e+02 -2.8624433e+01      
1.9319360e+02 -3.3596578e+01      
1.9374943e+02 -3.7949370e+01      
1.9384343e+02 -4.1698704e+01      
1.9363593e+02 -4.4700644e+01      
1.9299182e+02 -4.6428552e+01      
1.9199172e+02 -4.7161499e+01      
1.9067814e+02 -4.7027073e+01      
1.8910957e+02 -4.6106895e+01      
1.8741246e+02 -4.4577090e+01      
1.8578612e+02 -4.2693585e+01      
1.8447157e+02 -4.0689830e+01      
1.8371216e+02 -3.8449026e+01      
1.8370477e+02 -3.5560644e+01      
1.8425114e+02 -3.2538671e+01      
1.8516736e+02 -2.9723837e+01      
1.8634728e+02 -2.7248099e+01      
1.8654472e+02 -4.2707887e+01      
1.8709108e+02 -4.7784193e+01      
1.8821876e+02 -5.3236305e+01      
1.8998335e+02 -5.8973059e+01      
1.9207474e+02 -6.4662167e+01      
1.9181933e+02 -6.8902576e+01      
1.9074842e+02 -7.2087938e+01      
1.8922170e+02 -7.4289701e+01      
1.8725935e+02 -7.5450264e+01      
1.8494964e+02 -7.5714423e+01      
1.8241151e+02 -7.5295537e+01      
1.7974271e+02 -7.4373712e+01      
1.7706346e+02 -7.3132068e+01      
1.7454325e+02 -7.1753533e+01      
1.7239831e+02 -7.0394841e+01      
1.7094631e+02 -6.8897256e+01      
1.7099845e+02 -6.5239476e+01      
1.7178374e+02 -6.1555706e+01      
1.7304063e+02 -5.8175552e+01      
1.7461243e+02 -5.5191358e+01      
1.8031785e+02 -7.0623743e+01      
1.8095722e+02 -7.5994176e+01      
1.8224988e+02 -8.1870734e+01      
1.8433023e+02 -8.8231590e+01      
1.8690213e+02 -9.4747261e+01      
1.8710474e+02 -9.9522647e+01      
1.8499929e+02 -1.0225320e+02      
1.8229936e+02 -1.0382021e+02      
1.7891081e+02 -1.0417021e+02      
1.7520986e+02 -1.0374578e+02      
1.7139910e+02 -1.0287870e+02      
1.6755638e+02 -1.0178630e+02      
1.6376941e+02 -1.0066090e+02      
1.6016739e+02 -9.9666295e+01      
1.5701411e+02 -9.8803545e+01      
1.5491034e+02 -9.7462294e+01      
1.5496751e+02 -9.3600887e+01      
1.5613055e+02 -8.9320198e+01      
1.5787650e+02 -8.5308781e+01      
1.5992657e+02 -8.1774376e+01      
1.7067860e+02 -9.6899213e+01      
1.7132134e+02 -1.0249874e+02      
1.7263527e+02 -1.0872969e+02      
1.7477346e+02 -1.1563827e+02      
1.7746593e+02 -1.2291279e+02      
1.7798077e+02 -1.2828396e+02      
1.7626538e+02 -1.3146574e+02      
1.7291638e+02 -1.3269844e+02      
1.6794177e+02 -1.3193557e+02      
1.6280336e+02 -1.3056876e+02      
1.5771514e+02 -1.2905981e+02      
1.5267495e+02 -1.2762078e+02      
1.4771606e+02 -1.2645661e+02      
1.4290170e+02 -1.2575973e+02      
1.3844798e+02 -1.2551214e+02      
1.3596311e+02 -1.2382760e+02      
1.3573306e+02 -1.2028682e+02      
1.3748418e+02 -1.1533040e+02      
1.3993249e+02 -1.1060678e+02      
1.4258115e+02 -1.0649335e+02      
1.5778332e+02 -1.2104218e+02      
1.5831808e+02 -1.2675814e+02      
1.5948548e+02 -1.3320115e+02      
1.6142870e+02 -1.4047737e+02      
1.6389365e+02 -1.4828877e+02      
1.6436629e+02 -1.5403443e+02      
1.6269865e+02 -1.5740975e+02      
1.5918426e+02 -1.5859096e+02      
1.5404673e+02 -1.5776535e+02      
1.4771223e+02 -1.5538569e+02      
1.4151719e+02 -1.5315818e+02      
1.3530404e+02 -1.5115089e+02      
1.2917324e+02 -1.4980375e+02      
1.2322061e+02 -1.4917440e+02      
1.1796889e+02 -1.4879737e+02      
1.1512366e+02 -1.4693257e+02      
1.1464289e+02 -1.4355613e+02      
1.1631583e+02 -1.3890071e+02      
1.1966984e+02 -1.3347228e+02      
1.2298315e+02 -1.2884182e+02      
1.4187272e+02 -1.4261762e+02      
1.4218994e+02 -1.4829726e+02      
1.4305329e+02 -1.5474800e+02      
1.4457832e+02 -1.6212137e+02      
1.4652237e+02 -1.7013027e+02      
1.4664000e+02 -1.7589337e+02      
1.4475265e+02 -1.7912684e+02      
1.4110471e+02 -1.8011568e+02      
1.3594672e+02 -1.7918990e+02      
1.2966115e+02 -1.7689235e+02      
1.2291020e+02 -1.7428910e+02      
1.1563994e+02 -1.7149054e+02      
1.0853365e+02 -1.6999514e+02      
1.0142298e+02 -1.6952309e+02      
9.6220205e+01 -1.6844182e+02      
9.3314113e+01 -1.6627454e+02      
9.2656219e+01 -1.6296923e+02      
9.4186071e+01 -1.5857587e+02      
9.7779133e+01 -1.5323592e+02      
1.0160308e+02 -1.4837467e+02      
1.2326650e+02 -1.6126902e+02      
1.2327616e+02 -1.6673515e+02      
1.2370938e+02 -1.7294547e+02      
1.2464120e+02 -1.8007290e+02      
1.2583951e+02 -1.8783969e+02      
1.2538914e+02 -1.9318232e+02      
1.2311588e+02 -1.9587152e+02      
1.1922413e+02 -1.9627777e+02      
1.1402686e+02 -1.9503040e+02      
1.0762962e+02 -1.9225250e+02      
1.0095250e+02 -1.8979411e+02      
9.3874246e+01 -1.8769623e+02      
8.6507346e+01 -1.8635693e+02      
7.9294256e+01 -1.8559095e+02      
7.4293454e+01 -1.8405951e+02      
7.1465711e+01 -1.8165727e+02      
7.0658335e+01 -1.7841508e+02      
7.1782268e+01 -1.7438563e+02      
7.4684490e+01 -1.6971670e+02      
7.8942895e+01 -1.6476590e+02      
1.0235116e+02 -1.7673447e+02      
1.0199554e+02 -1.8180985e+02      
1.0191956e+02 -1.8751759e+02      
1.0214586e+02 -1.9400745e+02      
1.0244264e+02 -2.0098121e+02      
1.0127851e+02 -2.0533267e+02      
9.8577283e+01 -2.0719011e+02      
9.4359371e+01 -2.0659875e+02      
8.9391336e+01 -2.0537912e+02      
8.3711527e+01 -2.0353543e+02      
7.7573160e+01 -2.0162574e+02      
7.0939294e+01 -1.9999002e+02      
6.3658178e+01 -1.9885516e+02      
5.7582168e+01 -1.9747332e+02      
5.3185409e+01 -1.9555649e+02      
5.0549038e+01 -1.9301297e+02      
4.9614883e+01 -1.8985712e+02      
5.0291415e+01 -1.8615251e+02      
5.2436643e+01 -1.8202090e+02      
5.5816341e+01 -1.7765705e+02      
7.9562991e+01 -1.8885346e+02      
7.8824870e+01 -1.9339447e+02      
7.8220510e+01 -1.9837508e+02      
7.7710264e+01 -2.0383732e+02      
7.7052047e+01 -2.0942716e+02      
7.5092052e+01 -2.1212169e+02      
7.2197862e+01 -2.1348383e+02      
6.8372681e+01 -2.1352238e+02      
6.3865192e+01 -2.1277059e+02      
5.8833038e+01 -2.1152606e+02      
5.3409384e+01 -2.1003756e+02      
4.7703007e+01 -2.0852139e+02      
4.1993785e+01 -2.0701963e+02      
3.7062060e+01 -2.0527777e+02      
3.3328373e+01 -2.0313565e+02      
3.0940306e+01 -2.0053326e+02      
2.9917750e+01 -1.9747648e+02      
3.0198821e+01 -1.9402458e+02      
3.1649724e+01 -1.9028659e+02      
3.4054424e+01 -1.8642005e+02      
