2.1656229e+01 2.3481389e+02      
2.0639921e+01 2.3307063e+02      
1.8768633e+01 2.3114611e+02      
1.6454183e+01 2.2932836e+02      
1.4114557e+01 2.2781549e+02      
1.1986663e+01 2.2668291e+02      
1.0223974e+01 2.2597312e+02      
8.8716570e+00 2.2572457e+02      
7.8217585e+00 2.2598991e+02      
6.9017612e+00 2.2681370e+02      
6.1305107e+00 2.2816158e+02      
5.7277920e+00 2.2992335e+02      
5.8795503e+00 2.3198803e+02      
6.6701593e+00 2.3427132e+02      
8.1305083e+00 2.3670455e+02      
1.0269110e+01 2.3922474e+02      
1.3084004e+01 2.4176992e+02      
1.6566779e+01 2.4427737e+02      
2.0703711e+01 2.4668346e+02      
2.5475931e+01 2.4892420e+02      
5.2017098e+01 2.2371620e+02      
5.2497580e+01 2.2215425e+02      
5.0325003e+01 2.1971790e+02      
4.7451679e+01 2.1746081e+02      
4.4600855e+01 2.1561293e+02      
4.2066980e+01 2.1420467e+02      
4.0081101e+01 2.1324328e+02      
3.8756011e+01 2.1274340e+02      
3.7855265e+01 2.1278823e+02      
3.6684529e+01 2.1356414e+02      
3.5240939e+01 2.1502632e+02      
3.4223790e+01 2.1690777e+02      
3.3910562e+01 2.1904959e+02      
3.4327894e+01 2.2137404e+02      
3.5467003e+01 2.2382139e+02      
3.7314401e+01 2.2633436e+02      
3.9856145e+01 2.2885350e+02      
4.3077161e+01 2.3131648e+02      
4.6959788e+01 2.3365867e+02      
5.1482547e+01 2.3581432e+02      
8.0610735e+01 2.0864734e+02      
8.2238896e+01 2.0679936e+02      
8.1112683e+01 2.0437894e+02      
7.7557143e+01 2.0171358e+02      
7.4089802e+01 1.9957064e+02      
7.0908172e+01 1.9789675e+02      
6.8607238e+01 1.9669232e+02      
6.7434520e+01 1.9590364e+02      
6.7258034e+01 1.9556332e+02      
6.5858751e+01 1.9632390e+02      
6.3203105e+01 1.9812117e+02      
6.1455057e+01 2.0021611e+02      
6.0674077e+01 2.0247189e+02      
6.0723276e+01 2.0485833e+02      
6.1536979e+01 2.0733768e+02      
6.3077715e+01 2.0986291e+02      
6.5320937e+01 2.1237856e+02      
6.8246734e+01 2.1482284e+02      
7.1835030e+01 2.1712993e+02      
7.6062872e+01 2.1923207e+02      
1.0656332e+02 1.8986459e+02      
1.0885597e+02 1.8737090e+02      
1.0840187e+02 1.8468774e+02      
1.0546830e+02 1.8208687e+02      
1.0172531e+02 1.7985540e+02      
9.7578805e+01 1.7796723e+02      
9.4950799e+01 1.7661956e+02      
9.3747304e+01 1.7563584e+02      
9.3615874e+01 1.7501500e+02      
9.2034396e+01 1.7579342e+02      
8.8949797e+01 1.7789907e+02      
8.6782058e+01 1.8020114e+02      
8.5660555e+01 1.8256510e+02      
8.5401463e+01 1.8501311e+02      
8.5912010e+01 1.8753239e+02      
8.7144923e+01 1.9008574e+02      
8.9073293e+01 1.9262017e+02      
9.1677260e+01 1.9507312e+02      
9.4937222e+01 1.9737658e+02      
9.8830490e+01 1.9946003e+02      
1.2932325e+02 1.6788174e+02      
1.3181767e+02 1.6448889e+02      
1.3148069e+02 1.6123860e+02      
1.2808224e+02 1.5853924e+02      
1.2444824e+02 1.5636049e+02      
1.2101637e+02 1.5465172e+02      
1.1846649e+02 1.5339871e+02      
1.1709553e+02 1.5242921e+02      
1.1669157e+02 1.5171266e+02      
1.1499528e+02 1.5254619e+02      
1.1194861e+02 1.5486057e+02      
1.0972182e+02 1.5727123e+02      
1.0844836e+02 1.5968551e+02      
1.0797036e+02 1.6217097e+02      
1.0821290e+02 1.6472901e+02      
1.0914328e+02 1.6732399e+02      
1.1074510e+02 1.6990024e+02      
1.1300516e+02 1.7239141e+02      
1.1590769e+02 1.7472557e+02      
1.1943209e+02 1.7682837e+02      
1.4852253e+02 1.4335752e+02      
1.5082382e+02 1.3895742e+02      
1.5075817e+02 1.3475178e+02      
1.4791444e+02 1.3190242e+02      
1.4459126e+02 1.2984725e+02      
1.4148955e+02 1.2839566e+02      
1.3894623e+02 1.2745559e+02      
1.3724531e+02 1.2681162e+02      
1.3635378e+02 1.2633675e+02      
1.3461884e+02 1.2725678e+02      
1.3197666e+02 1.2952003e+02      
1.2999949e+02 1.3183604e+02      
1.2874380e+02 1.3420257e+02      
1.2812206e+02 1.3668956e+02      
1.2812113e+02 1.3928419e+02      
1.2874868e+02 1.4193679e+02      
1.3001098e+02 1.4458117e+02      
1.3190680e+02 1.4714344e+02      
1.3442649e+02 1.4954596e+02      
1.3755259e+02 1.5170950e+02      
1.6406607e+02 1.1699593e+02      
1.6557260e+02 1.1180706e+02      
1.6662018e+02 1.0642198e+02      
1.6526275e+02 1.0268704e+02      
1.6217767e+02 1.0073064e+02      
1.5917261e+02 9.9561434e+01      
1.5637913e+02 9.9185816e+01      
1.5415837e+02 9.9220997e+01      
1.5246063e+02 9.9583067e+01      
1.5077067e+02 1.0060201e+02      
1.4901090e+02 1.0226701e+02      
1.4753010e+02 1.0424048e+02      
1.4638528e+02 1.0646776e+02      
1.4563368e+02 1.0893665e+02      
1.4537859e+02 1.1157944e+02      
1.4568638e+02 1.1431511e+02      
1.4659038e+02 1.1706015e+02      
1.4810180e+02 1.1973076e+02      
1.5021639e+02 1.2224305e+02      
1.5291936e+02 1.2451231e+02      
1.7632245e+02 8.9365092e+01      
1.7753789e+02 8.3447174e+01      
1.7895489e+02 7.7063871e+01      
1.7853397e+02 7.2433730e+01      
1.7659320e+02 6.9718888e+01      
1.7391042e+02 6.8583680e+01      
1.7065494e+02 6.9035957e+01      
1.6798001e+02 6.9858218e+01      
1.6594498e+02 7.0805888e+01      
1.6439660e+02 7.1922748e+01      
1.6328526e+02 7.3202995e+01      
1.6243216e+02 7.4728703e+01      
1.6132480e+02 7.6802431e+01      
1.6034208e+02 7.9288620e+01      
1.5977347e+02 8.2019631e+01      
1.5972516e+02 8.4878795e+01      
1.6024638e+02 8.7764706e+01      
1.6135467e+02 9.0584961e+01      
1.6304593e+02 9.3251982e+01      
1.6530568e+02 9.5675952e+01      
1.8522489e+02 6.1073137e+01      
1.8619460e+02 5.4602703e+01      
1.8753181e+02 4.7488859e+01      
1.8748306e+02 4.2219279e+01      
1.8617099e+02 3.9005371e+01      
1.8401913e+02 3.7614925e+01      
1.8132244e+02 3.7856787e+01      
1.7845088e+02 3.9361049e+01      
1.7636591e+02 4.0700470e+01      
1.7499375e+02 4.1951717e+01      
1.7453618e+02 4.2841600e+01      
1.7483565e+02 4.3567153e+01      
1.7347823e+02 4.5549177e+01      
1.7208566e+02 4.8149896e+01      
1.7111853e+02 5.1038403e+01      
1.7066830e+02 5.4077052e+01      
1.7078242e+02 5.7149668e+01      
1.7147651e+02 6.0160747e+01      
1.7273273e+02 6.3030176e+01      
1.7453368e+02 6.5663236e+01      
1.9061491e+02 3.2724848e+01      
1.9124867e+02 2.5964136e+01      
1.9224899e+02 1.8456994e+01      
1.9220336e+02 1.2898696e+01      
1.9115580e+02 9.4984269e+00      
1.8941358e+02 7.9518369e+00      
1.8724941e+02 7.9515566e+00      
1.8500047e+02 9.0400819e+00      
1.8317981e+02 1.0330007e+01      
1.8188915e+02 1.1800824e+01      
1.8189617e+02 1.2184613e+01      
1.8291170e+02 1.1987660e+01      
1.8239454e+02 1.3263317e+01      
1.8059405e+02 1.6030192e+01      
1.7926230e+02 1.9086145e+01      
1.7834071e+02 2.2397535e+01      
1.7803782e+02 2.5695366e+01      
1.7833096e+02 2.8924031e+01      
1.7914867e+02 3.2047093e+01      
1.8047690e+02 3.4954023e+01      
1.9245544e+02 4.8596597e+00      
1.9267597e+02 -1.8723997e+00      
1.9318833e+02 -9.3653803e+00      
1.9294126e+02 -1.4809508e+01      
1.9194473e+02 -1.8035612e+01      
1.9041812e+02 -1.9406964e+01      
1.8860483e+02 -1.9485526e+01      
1.8667756e+02 -1.8364107e+01      
1.8527795e+02 -1.7644905e+01      
1.8458127e+02 -1.7331164e+01      
1.8495355e+02 -1.7820611e+01      
1.8627416e+02 -1.8921425e+01      
1.8627572e+02 -1.8305476e+01      
1.8516516e+02 -1.6088938e+01      
1.8389559e+02 -1.3157487e+01      
1.8246315e+02 -9.5171882e+00      
1.8189950e+02 -6.1120452e+00      
1.8185668e+02 -2.6777823e+00      
1.8222722e+02 7.7124186e-01      
1.8306019e+02 4.0412342e+00      
1.9081510e+02 -2.2080036e+01      
1.9059294e+02 -2.8429018e+01      
1.9055638e+02 -3.5414517e+01      
1.9001465e+02 -4.0234959e+01      
1.8896548e+02 -4.3028165e+01      
1.8750282e+02 -4.3858448e+01      
1.8599937e+02 -4.4327579e+01      
1.8460397e+02 -4.4433955e+01      
1.8360997e+02 -4.4658600e+01      
1.8324538e+02 -4.5277583e+01      
1.8373933e+02 -4.6541743e+01      
1.8497747e+02 -4.8290106e+01      
1.8501547e+02 -4.7977370e+01      
1.8397435e+02 -4.5828335e+01      
1.8321955e+02 -4.3542871e+01      
1.8271003e+02 -4.0940131e+01      
1.8246757e+02 -3.7952766e+01      
1.8211229e+02 -3.4271155e+01      
1.8196117e+02 -3.0333746e+01      
1.8225166e+02 -2.6563321e+01      
1.8583732e+02 -4.7781683e+01      
1.8520358e+02 -5.3399127e+01      
1.8465241e+02 -5.9355060e+01      
1.8380884e+02 -6.2961271e+01      
1.8273652e+02 -6.5605138e+01      
1.8149547e+02 -6.7304549e+01      
1.8025645e+02 -6.8533288e+01      
1.7917685e+02 -6.9556431e+01      
1.7842493e+02 -7.0598446e+01      
1.7816077e+02 -7.1873196e+01      
1.7852392e+02 -7.3576745e+01      
1.7938361e+02 -7.5540851e+01      
1.7923170e+02 -7.5256529e+01      
1.7900223e+02 -7.4376299e+01      
1.7910048e+02 -7.3295803e+01      
1.7957694e+02 -7.1913256e+01      
1.8011501e+02 -6.9764054e+01      
1.7919186e+02 -6.5501182e+01      
1.7836340e+02 -6.0773087e+01      
1.7804085e+02 -5.6303359e+01      
1.7770865e+02 -7.2085864e+01      
1.7674974e+02 -7.6775735e+01      
1.7583163e+02 -8.1320841e+01      
1.7483013e+02 -8.4925116e+01      
1.7373756e+02 -8.7767520e+01      
1.7260267e+02 -9.0026616e+01      
1.7151651e+02 -9.1888012e+01      
1.7058938e+02 -9.3551490e+01      
1.6993190e+02 -9.5186319e+01      
1.6963620e+02 -9.6920744e+01      
1.6973847e+02 -9.8789009e+01      
1.7008165e+02 -1.0049216e+02      
1.7033609e+02 -1.0139040e+02      
1.7078847e+02 -1.0184445e+02      
1.7172128e+02 -1.0212338e+02      
1.7309026e+02 -1.0201904e+02      
1.7358188e+02 -9.9903904e+01      
1.7290552e+02 -9.5678557e+01      
1.7137562e+02 -8.9901602e+01      
1.7041042e+02 -8.4530995e+01      
1.6663192e+02 -9.4908781e+01      
1.6544724e+02 -9.8899217e+01      
1.6431283e+02 -1.0275366e+02      
1.6318253e+02 -1.0619429e+02      
1.6204732e+02 -1.0915871e+02      
1.6093724e+02 -1.1171763e+02      
1.5990973e+02 -1.1398494e+02      
1.5903613e+02 -1.1609163e+02      
1.5838661e+02 -1.1815849e+02      
1.5801373e+02 -1.2026855e+02      
1.5793081e+02 -1.2242057e+02      
1.5809809e+02 -1.2447550e+02      
1.5850677e+02 -1.2625970e+02      
1.5933331e+02 -1.2778068e+02      
1.6082916e+02 -1.2914325e+02      
1.6207620e+02 -1.2902805e+02      
1.6253945e+02 -1.2683544e+02      
1.6203350e+02 -1.2252536e+02      
1.6074750e+02 -1.1665286e+02      
1.5928395e+02 -1.1038755e+02      
1.5282034e+02 -1.1606815e+02      
1.5148123e+02 -1.1958470e+02      
1.5020341e+02 -1.2303603e+02      
1.4896902e+02 -1.2627532e+02      
1.4777766e+02 -1.2923759e+02      
1.4665013e+02 -1.3193797e+02      
1.4562395e+02 -1.3444019e+02      
1.4474502e+02 -1.3683244e+02      
1.4405777e+02 -1.3920848e+02      
1.4359575e+02 -1.4164926e+02      
1.4337750e+02 -1.4419673e+02      
1.4342076e+02 -1.4682000e+02      
1.4378257e+02 -1.4938274e+02      
1.4455909e+02 -1.5153491e+02      
1.4557992e+02 -1.5194810e+02      
1.4682912e+02 -1.5181993e+02      
1.4732620e+02 -1.4951976e+02      
1.4687775e+02 -1.4489162e+02      
1.4563155e+02 -1.3860778e+02      
1.4461911e+02 -1.3292961e+02      
1.3650998e+02 -1.3528456e+02      
1.3506261e+02 -1.3844954e+02      
1.3368187e+02 -1.4160339e+02      
1.3236376e+02 -1.4465221e+02      
1.3111346e+02 -1.4754442e+02      
1.2994742e+02 -1.5027627e+02      
1.2889131e+02 -1.5288287e+02      
1.2797498e+02 -1.5542658e+02      
1.2722630e+02 -1.5798947e+02      
1.2666572e+02 -1.6067350e+02      
1.2630599e+02 -1.6360672e+02      
1.2617333e+02 -1.6685310e+02      
1.2633805e+02 -1.7013113e+02      
1.2677963e+02 -1.7190307e+02      
1.2744004e+02 -1.7184161e+02      
1.2819963e+02 -1.7009179e+02      
1.2875063e+02 -1.6760667e+02      
1.2833631e+02 -1.6252752e+02      
1.2765017e+02 -1.5718721e+02      
1.2706286e+02 -1.5227147e+02      
1.1796928e+02 -1.5226211e+02      
1.1644519e+02 -1.5514208e+02      
1.1498834e+02 -1.5804694e+02      
1.1360251e+02 -1.6090932e+02      
1.1229622e+02 -1.6368755e+02      
1.1108364e+02 -1.6637071e+02      
1.0998339e+02 -1.6897695e+02      
1.0901534e+02 -1.7155000e+02      
1.0819633e+02 -1.7415947e+02      
1.0753543e+02 -1.7691491e+02      
1.0702741e+02 -1.8003202e+02      
1.0665689e+02 -1.8377756e+02      
1.0651351e+02 -1.8676288e+02      
1.0664951e+02 -1.8816377e+02      
1.0703604e+02 -1.8764753e+02      
1.0753617e+02 -1.8530449e+02      
1.0788705e+02 -1.8153135e+02      
1.0780155e+02 -1.7720968e+02      
1.0750172e+02 -1.7276069e+02      
1.0720631e+02 -1.6853305e+02      
9.7500072e+01 -1.6672923e+02      
9.5922100e+01 -1.6936206e+02      
9.4408861e+01 -1.7204142e+02      
9.2968908e+01 -1.7471451e+02      
9.1612861e+01 -1.7734539e+02      
9.0353781e+01 -1.7991862e+02      
8.9206238e+01 -1.8243959e+02      
8.8184174e+01 -1.8493362e+02      
8.7297839e+01 -1.8744658e+02      
8.6549905e+01 -1.9005036e+02      
8.5930184e+01 -1.9284929e+02      
8.5410139e+01 -1.9587972e+02      
8.4963763e+01 -1.9880702e+02      
8.4834149e+01 -2.0000145e+02      
8.5059681e+01 -1.9905954e+02      
8.5474424e+01 -1.9618199e+02      
8.5714136e+01 -1.9278859e+02      
8.5742343e+01 -1.8912809e+02      
8.5638520e+01 -1.8536828e+02      
8.5513199e+01 -1.8170468e+02      
7.5434191e+01 -1.7845447e+02      
7.3819732e+01 -1.8086273e+02      
7.2265719e+01 -1.8332811e+02      
7.0783858e+01 -1.8580613e+02      
6.9386294e+01 -1.8826354e+02      
6.8085695e+01 -1.9068056e+02      
6.6894556e+01 -1.9305120e+02      
6.5823765e+01 -1.9538194e+02      
6.4880599e+01 -1.9768910e+02      
6.4066357e+01 -1.9999273e+02      
6.3373926e+01 -2.0229718e+02      
6.2786087e+01 -2.0454145e+02      
6.2285736e+01 -2.0650041e+02      
6.1918533e+01 -2.0760532e+02      
6.2081675e+01 -2.0630924e+02      
6.2289595e+01 -2.0403353e+02      
6.2423164e+01 -2.0124983e+02      
6.2463028e+01 -1.9816742e+02      
6.2438800e+01 -1.9494480e+02      
6.2400988e+01 -1.9173896e+02      
