3.1594898e+01 2.4195470e+02      
3.0807529e+01 2.4137372e+02      
3.0504531e+01 2.4085119e+02      
3.0697944e+01 2.4041956e+02      
3.1360200e+01 2.4009854e+02      
3.2211148e+01 2.3979994e+02      
3.2558190e+01 2.3923999e+02      
3.2379185e+01 2.3843922e+02      
3.2323385e+01 2.3771724e+02      
3.2635987e+01 2.3719129e+02      
3.3324988e+01 2.3685897e+02      
3.4371126e+01 2.3669422e+02      
3.5750333e+01 2.3666601e+02      
3.7432199e+01 2.3674589e+02      
3.9384492e+01 2.3690869e+02      
4.1584780e+01 2.3712982e+02      
4.4030757e+01 2.3738246e+02      
4.6740729e+01 2.3763636e+02      
4.9744251e+01 2.3785809e+02      
5.3070670e+01 2.3801222e+02      
5.9968065e+01 2.3279545e+02      
5.9323286e+01 2.3224521e+02      
5.9214029e+01 2.3175260e+02      
5.9711820e+01 2.3137151e+02      
6.0954092e+01 2.3119026e+02      
6.2859517e+01 2.3123332e+02      
6.3292941e+01 2.3057971e+02      
6.2227352e+01 2.2926005e+02      
6.1736083e+01 2.2823801e+02      
6.1848803e+01 2.2753090e+02      
6.2411165e+01 2.2706632e+02      
6.3363843e+01 2.2678144e+02      
6.4668098e+01 2.2662304e+02      
6.6271278e+01 2.2655519e+02      
6.8110447e+01 2.2655353e+02      
7.0138255e+01 2.2659612e+02      
7.2348846e+01 2.2665719e+02      
7.4778191e+01 2.2670506e+02      
7.7479516e+01 2.2670349e+02      
8.0499263e+01 2.2661415e+02      
8.6905592e+01 2.1994761e+02      
8.6372329e+01 2.1939261e+02      
8.6391800e+01 2.1888692e+02      
8.7066667e+01 2.1848761e+02      
8.8605144e+01 2.1827791e+02      
9.0917467e+01 2.1823071e+02      
9.1458544e+01 2.1747254e+02      
9.0202126e+01 2.1603511e+02      
8.9604870e+01 2.1485217e+02      
8.9651384e+01 2.1403432e+02      
9.0124613e+01 2.1351042e+02      
9.1001817e+01 2.1316445e+02      
9.2264123e+01 2.1291277e+02      
9.3830912e+01 2.1272094e+02      
9.5580425e+01 2.1257563e+02      
9.7409601e+01 2.1246442e+02      
9.9308933e+01 2.1236483e+02      
1.0136183e+02 2.1224251e+02      
1.0367061e+02 2.1205624e+02      
1.0630631e+02 2.1176346e+02      
1.1197848e+02 2.0362716e+02      
1.1151299e+02 2.0302689e+02      
1.1156722e+02 2.0246198e+02      
1.1222090e+02 2.0197504e+02      
1.1363354e+02 2.0160052e+02      
1.1576104e+02 2.0127212e+02      
1.1642347e+02 2.0040542e+02      
1.1563406e+02 1.9899881e+02      
1.1547506e+02 1.9770262e+02      
1.1564990e+02 1.9685093e+02      
1.1600529e+02 1.9641534e+02      
1.1680702e+02 1.9609580e+02      
1.1809157e+02 1.9578352e+02      
1.1972833e+02 1.9548082e+02      
1.2147995e+02 1.9520472e+02      
1.2309094e+02 1.9496361e+02      
1.2454919e+02 1.9474027e+02      
1.2608279e+02 1.9449181e+02      
1.2789239e+02 1.9416660e+02      
1.3006855e+02 1.9371615e+02      
1.3481233e+02 1.8410521e+02      
1.3437952e+02 1.8341823e+02      
1.3439368e+02 1.8276040e+02      
1.3487744e+02 1.8215993e+02      
1.3582983e+02 1.8159969e+02      
1.3700778e+02 1.8096564e+02      
1.3776037e+02 1.8002651e+02      
1.3819355e+02 1.7869042e+02      
1.3904527e+02 1.7711584e+02      
1.3947733e+02 1.7627164e+02      
1.3951848e+02 1.7617486e+02      
1.4027037e+02 1.7593318e+02      
1.4168437e+02 1.7555434e+02      
1.4360457e+02 1.7512579e+02      
1.4565605e+02 1.7471131e+02      
1.4703502e+02 1.7436110e+02      
1.4772985e+02 1.7406427e+02      
1.4851697e+02 1.7374700e+02      
1.4971961e+02 1.7333639e+02      
1.5137815e+02 1.7277848e+02      
1.5508952e+02 1.6169924e+02      
1.5467942e+02 1.6087954e+02      
1.5462827e+02 1.6010828e+02      
1.5491569e+02 1.5941545e+02      
1.5549096e+02 1.5876357e+02      
1.5622220e+02 1.5804701e+02      
1.5696421e+02 1.5713113e+02      
1.5782228e+02 1.5590098e+02      
1.5902277e+02 1.5436993e+02      
1.5970318e+02 1.5353875e+02      
1.5995727e+02 1.5343618e+02      
1.6087831e+02 1.5311324e+02      
1.6251701e+02 1.5260004e+02      
1.6490596e+02 1.5199186e+02      
1.6788583e+02 1.5138693e+02      
1.6902144e+02 1.5094461e+02      
1.6830545e+02 1.5066333e+02      
1.6816490e+02 1.5035480e+02      
1.6872220e+02 1.4991728e+02      
1.6985002e+02 1.4930311e+02      
1.7254399e+02 1.3676366e+02      
1.7217826e+02 1.3574425e+02      
1.7207953e+02 1.3483754e+02      
1.7220518e+02 1.3410031e+02      
1.7252613e+02 1.3347791e+02      
1.7301170e+02 1.3283995e+02      
1.7364026e+02 1.3206200e+02      
1.7443757e+02 1.3108735e+02      
1.7537401e+02 1.3002122e+02      
1.7621729e+02 1.2919481e+02      
1.7704538e+02 1.2863326e+02      
1.7825780e+02 1.2804493e+02      
1.8007082e+02 1.2732964e+02      
1.8266719e+02 1.2648159e+02      
1.8583704e+02 1.2557070e+02      
1.8671091e+02 1.2505867e+02      
1.8529797e+02 1.2494182e+02      
1.8448910e+02 1.2472223e+02      
1.8449812e+02 1.2430806e+02      
1.8514258e+02 1.2368330e+02      
1.8695339e+02 1.0968648e+02      
1.8669382e+02 1.0833941e+02      
1.8659255e+02 1.0724751e+02      
1.8657935e+02 1.0653851e+02      
1.8667199e+02 1.0610205e+02      
1.8693753e+02 1.0568662e+02      
1.8740898e+02 1.0512134e+02      
1.8807683e+02 1.0437683e+02      
1.8889628e+02 1.0352938e+02      
1.8981474e+02 1.0269467e+02      
1.9087611e+02 1.0190270e+02      
1.9222652e+02 1.0108688e+02      
1.9402690e+02 1.0017881e+02      
1.9647326e+02 9.9113175e+01      
1.9936835e+02 9.7921170e+01      
1.9995257e+02 9.7363674e+01      
1.9825968e+02 9.7429884e+01      
1.9710921e+02 9.7312919e+01      
1.9673856e+02 9.6944273e+01      
1.9698639e+02 9.6343379e+01      
1.9812033e+02 8.0916965e+01      
1.9811686e+02 7.8934187e+01      
1.9808672e+02 7.7538869e+01      
1.9791466e+02 7.6987823e+01      
1.9768606e+02 7.7054326e+01      
1.9769960e+02 7.7038117e+01      
1.9801694e+02 7.6716449e+01      
1.9858757e+02 7.6132261e+01      
1.9935850e+02 7.5369441e+01      
2.0029474e+02 7.4508073e+01      
2.0140015e+02 7.3592223e+01      
2.0271496e+02 7.2626192e+01      
2.0429729e+02 7.1592768e+01      
2.0624744e+02 7.0440013e+01      
2.0843472e+02 6.9161010e+01      
2.0868393e+02 6.8587958e+01      
2.0706373e+02 6.8699104e+01      
2.0585972e+02 6.8606374e+01      
2.0526515e+02 6.8276188e+01      
2.0520244e+02 6.7725438e+01      
2.0575741e+02 5.1189543e+01      
2.0625485e+02 4.8030173e+01      
2.0633981e+02 4.6233271e+01      
2.0600010e+02 4.5940033e+01      
2.0524873e+02 4.7048703e+01      
2.0502927e+02 4.7500711e+01      
2.0524562e+02 4.7366518e+01      
2.0576479e+02 4.6863281e+01      
2.0651490e+02 4.6110449e+01      
2.0744976e+02 4.5191572e+01      
2.0853640e+02 4.4167081e+01      
2.0973927e+02 4.3082212e+01      
2.1099920e+02 4.1976963e+01      
2.1220905e+02 4.0894008e+01      
2.1305176e+02 3.9948693e+01      
2.1289164e+02 3.9399066e+01      
2.1185447e+02 3.9203823e+01      
2.1076892e+02 3.9035849e+01      
2.1002178e+02 3.8745081e+01      
2.0969925e+02 3.8277173e+01      
2.0942570e+02 2.1704466e+01      
2.0982288e+02 1.8365760e+01      
2.0987630e+02 1.6460161e+01      
2.0955338e+02 1.6130974e+01      
2.0890024e+02 1.7277085e+01      
2.0871225e+02 1.7753493e+01      
2.0893886e+02 1.7624457e+01      
2.0946597e+02 1.7098193e+01      
2.1022811e+02 1.6284996e+01      
2.1117704e+02 1.5264045e+01      
2.1225933e+02 1.4104020e+01      
2.1338747e+02 1.2878216e+01      
2.1440206e+02 1.1679461e+01      
2.1504225e+02 1.0627340e+01      
2.1503544e+02 9.8417634e+00      
2.1433219e+02 9.3686340e+00      
2.1318022e+02 9.1319353e+00      
2.1197982e+02 8.9785963e+00      
2.1102707e+02 8.7791333e+00      
2.1045097e+02 8.4468069e+00      
2.0915752e+02 -7.0537939e+00      
2.0908343e+02 -9.5084916e+00      
2.0899712e+02 -1.1225847e+01      
2.0882637e+02 -1.1889101e+01      
2.0865059e+02 -1.1776014e+01      
2.0870355e+02 -1.1716133e+01      
2.0903975e+02 -1.2011773e+01      
2.0962747e+02 -1.2655091e+01      
2.1043439e+02 -1.3592148e+01      
2.1143094e+02 -1.4765120e+01      
2.1257258e+02 -1.6112729e+01      
2.1376017e+02 -1.7551087e+01      
2.1477978e+02 -1.8945942e+01      
2.1517426e+02 -2.0087092e+01      
2.1437152e+02 -2.0755626e+01      
2.1287106e+02 -2.1062748e+01      
2.1115825e+02 -2.1158154e+01      
2.0956617e+02 -2.1166885e+01      
2.0830788e+02 -2.1190432e+01      
2.0746943e+02 -2.1315554e+01      
2.0529097e+02 -3.5375798e+01      
2.0492546e+02 -3.7626245e+01      
2.0472082e+02 -3.9303589e+01      
2.0467931e+02 -4.0153372e+01      
2.0481202e+02 -4.0395387e+01      
2.0511027e+02 -4.0616458e+01      
2.0558968e+02 -4.1107289e+01      
2.0626067e+02 -4.1915633e+01      
2.0712645e+02 -4.3019315e+01      
2.0819273e+02 -4.4383532e+01      
2.0946387e+02 -4.5975636e+01      
2.1089534e+02 -4.7735473e+01      
2.1226517e+02 -4.9497041e+01      
2.1292654e+02 -5.0915021e+01      
2.1091478e+02 -5.1367071e+01      
2.0824893e+02 -5.1370962e+01      
2.0565963e+02 -5.1195670e+01      
2.0348743e+02 -5.0961027e+01      
2.0186555e+02 -5.0723496e+01      
2.0078845e+02 -5.0557962e+01      
1.9804441e+02 -6.2983867e+01      
1.9741504e+02 -6.5606106e+01      
1.9710890e+02 -6.7418691e+01      
1.9717053e+02 -6.8274116e+01      
1.9758479e+02 -6.8291835e+01      
1.9809373e+02 -6.8573919e+01      
1.9870066e+02 -6.9227868e+01      
1.9944287e+02 -7.0218361e+01      
2.0034857e+02 -7.1508824e+01      
2.0145592e+02 -7.3070722e+01      
2.0286452e+02 -7.4929276e+01      
2.0466517e+02 -7.7116848e+01      
2.0653655e+02 -7.9403432e+01      
2.0651655e+02 -8.0900259e+01      
2.0422190e+02 -8.1410044e+01      
2.0017416e+02 -8.1003273e+01      
1.9646951e+02 -8.0475127e+01      
1.9362150e+02 -7.9959339e+01      
1.9168047e+02 -7.9388168e+01      
1.9046964e+02 -7.8831043e+01      
1.8765093e+02 -8.9122461e+01      
1.8682265e+02 -9.1865495e+01      
1.8643746e+02 -9.3766795e+01      
1.8657213e+02 -9.4659417e+01      
1.8719002e+02 -9.4692977e+01      
1.8784781e+02 -9.5082460e+01      
1.8853714e+02 -9.5917930e+01      
1.8931310e+02 -9.7113539e+01      
1.9021442e+02 -9.8606065e+01      
1.9125908e+02 -1.0032711e+02      
1.9256413e+02 -1.0229695e+02      
1.9459233e+02 -1.0488721e+02      
1.9576409e+02 -1.0726000e+02      
1.9513471e+02 -1.0885977e+02      
1.9243361e+02 -1.0946413e+02      
1.8808102e+02 -1.0917397e+02      
1.8321826e+02 -1.0840147e+02      
1.7975718e+02 -1.0780399e+02      
1.7773972e+02 -1.0679191e+02      
1.7663286e+02 -1.0568637e+02      
1.7437874e+02 -1.1324838e+02      
1.7343461e+02 -1.1590877e+02      
1.7300053e+02 -1.1780903e+02      
1.7316182e+02 -1.1880052e+02      
1.7388255e+02 -1.1903155e+02      
1.7459919e+02 -1.1965351e+02      
1.7530721e+02 -1.2073738e+02      
1.7606757e+02 -1.2217973e+02      
1.7691427e+02 -1.2390080e+02      
1.7778614e+02 -1.2573762e+02      
1.7828653e+02 -1.2728405e+02      
1.7913031e+02 -1.2938752e+02      
1.7992724e+02 -1.3198314e+02      
1.7885143e+02 -1.3376977e+02      
1.7555982e+02 -1.3442446e+02      
1.7048229e+02 -1.3419867e+02      
1.6557806e+02 -1.3424098e+02      
1.6176092e+02 -1.3423988e+02      
1.6015726e+02 -1.3250707e+02      
1.5951550e+02 -1.3064879e+02      
1.5852053e+02 -1.3498811e+02      
1.5760882e+02 -1.3736450e+02      
1.5717819e+02 -1.3916772e+02      
1.5728940e+02 -1.4030764e+02      
1.5793816e+02 -1.4089653e+02      
1.5859055e+02 -1.4187840e+02      
1.5925889e+02 -1.4330538e+02      
1.5993152e+02 -1.4500916e+02      
1.6064570e+02 -1.4695408e+02      
1.6091118e+02 -1.4848082e+02      
1.6062397e+02 -1.4952773e+02      
1.6037776e+02 -1.5103288e+02      
1.5991587e+02 -1.5299450e+02      
1.5851695e+02 -1.5500301e+02      
1.5458481e+02 -1.5565205e+02      
1.4958922e+02 -1.5643042e+02      
1.4449308e+02 -1.5748315e+02      
1.4100122e+02 -1.5736490e+02      
1.3945517e+02 -1.5579809e+02      
1.3957031e+02 -1.5314618e+02      
1.4032290e+02 -1.5412133e+02      
1.3969675e+02 -1.5594745e+02      
1.3932733e+02 -1.5756739e+02      
1.3930036e+02 -1.5887512e+02      
1.3957895e+02 -1.6001098e+02      
1.4001927e+02 -1.6137483e+02      
1.4061858e+02 -1.6321494e+02      
1.4106092e+02 -1.6505085e+02      
1.4131154e+02 -1.6683793e+02      
1.4107601e+02 -1.6811933e+02      
1.4022783e+02 -1.6877539e+02      
1.3922593e+02 -1.6978724e+02      
1.3785651e+02 -1.7114801e+02      
1.3561667e+02 -1.7257181e+02      
1.3187924e+02 -1.7380984e+02      
1.2678797e+02 -1.7544146e+02      
1.2212012e+02 -1.7645607e+02      
1.1889895e+02 -1.7630432e+02      
1.1749154e+02 -1.7485889e+02      
1.1766117e+02 -1.7239374e+02      
1.1990686e+02 -1.7063299e+02      
1.1941500e+02 -1.7215258e+02      
1.1906475e+02 -1.7362143e+02      
1.1890266e+02 -1.7498882e+02      
1.1891449e+02 -1.7632492e+02      
1.1904941e+02 -1.7778132e+02      
1.1923894e+02 -1.7943923e+02      
1.1935739e+02 -1.8121522e+02      
1.1934423e+02 -1.8311123e+02      
1.1880458e+02 -1.8435563e+02      
1.1764308e+02 -1.8481179e+02      
1.1622109e+02 -1.8550728e+02      
1.1439824e+02 -1.8645866e+02      
1.1189946e+02 -1.8750846e+02      
1.0850154e+02 -1.8861083e+02      
1.0424164e+02 -1.8983368e+02      
9.9591265e+01 -1.9096940e+02      
9.6453410e+01 -1.9087659e+02      
9.5306660e+01 -1.8943757e+02      
9.5802414e+01 -1.8693448e+02      
9.7544777e+01 -1.8436660e+02      
9.7097265e+01 -1.8570653e+02      
9.6723166e+01 -1.8705649e+02      
9.6444947e+01 -1.8838867e+02      
9.6254397e+01 -1.8972582e+02      
9.6115877e+01 -1.9111754e+02      
9.5971209e+01 -1.9258917e+02      
9.5747231e+01 -1.9412682e+02      
9.5356217e+01 -1.9567828e+02      
9.4645281e+01 -1.9702755e+02      
9.3363688e+01 -1.9749189e+02      
9.1771295e+01 -1.9804662e+02      
8.9809267e+01 -1.9873886e+02      
8.7359336e+01 -1.9948181e+02      
8.4363169e+01 -2.0022444e+02      
8.0896343e+01 -2.0092275e+02      
7.7238575e+01 -2.0143545e+02      
7.4051156e+01 -2.0139517e+02      
7.3222601e+01 -1.9990838e+02      
7.2976431e+01 -1.9798569e+02      
