2.7944114e+01 2.4327918e+02      
2.6477779e+01 2.4247877e+02      
2.5278671e+01 2.4183546e+02      
2.4287428e+01 2.4140370e+02      
2.3478180e+01 2.4121711e+02      
2.2873488e+01 2.4128279e+02      
2.2532547e+01 2.4158676e+02      
2.2524908e+01 2.4210359e+02      
2.2901820e+01 2.4279671e+02      
2.3687355e+01 2.4362024e+02      
2.4882081e+01 2.4452141e+02      
2.6469013e+01 2.4544149e+02      
2.8423737e+01 2.4632087e+02      
3.0730605e+01 2.4711207e+02      
3.3393292e+01 2.4778904e+02      
3.6426768e+01 2.4833837e+02      
3.9843923e+01 2.4874645e+02      
4.3649080e+01 2.4899460e+02      
4.7837084e+01 2.4905936e+02      
5.2394736e+01 2.4891426e+02      
5.6370155e+01 2.3332773e+02      
5.5124892e+01 2.3239551e+02      
5.4121190e+01 2.3164211e+02      
5.3226348e+01 2.3113740e+02      
5.2387036e+01 2.3093166e+02      
5.1650430e+01 2.3102269e+02      
5.1127391e+01 2.3137506e+02      
5.0952912e+01 2.3196194e+02      
5.1200110e+01 2.3273590e+02      
5.1891958e+01 2.3364047e+02      
5.3018583e+01 2.3461405e+02      
5.4542043e+01 2.3558285e+02      
5.6405317e+01 2.3645932e+02      
5.8569526e+01 2.3717465e+02      
6.1053880e+01 2.3772027e+02      
6.3898478e+01 2.3810699e+02      
6.7129999e+01 2.3833214e+02      
7.0757064e+01 2.3837946e+02      
7.4773327e+01 2.3822404e+02      
7.9162029e+01 2.3783678e+02      
8.3563222e+01 2.1961270e+02      
8.2646480e+01 2.1845508e+02      
8.1985004e+01 2.1751866e+02      
8.1252299e+01 2.1688589e+02      
8.0340006e+01 2.1667125e+02      
7.9373201e+01 2.1683501e+02      
7.8549738e+01 2.1726779e+02      
7.8148711e+01 2.1797020e+02      
7.8241071e+01 2.1886864e+02      
7.8838697e+01 2.1990004e+02      
7.9918210e+01 2.2100329e+02      
8.1415946e+01 2.2209666e+02      
8.3211160e+01 2.2304039e+02      
8.5165791e+01 2.2366186e+02      
8.7388096e+01 2.2405287e+02      
8.9972017e+01 2.2427416e+02      
9.2958911e+01 2.2432993e+02      
9.6357751e+01 2.2420127e+02      
1.0015619e+02 2.2385769e+02      
1.0433039e+02 2.2326480e+02      
1.0905111e+02 2.0237825e+02      
1.0857414e+02 2.0083548e+02      
1.0839468e+02 1.9948923e+02      
1.0797774e+02 1.9857734e+02      
1.0682405e+02 1.9842641e+02      
1.0545602e+02 1.9879603e+02      
1.0427765e+02 1.9945140e+02      
1.0361340e+02 2.0034574e+02      
1.0353660e+02 2.0141241e+02      
1.0405301e+02 2.0261167e+02      
1.0513147e+02 2.0390577e+02      
1.0668156e+02 2.0521935e+02      
1.0850513e+02 2.0637226e+02      
1.1012489e+02 2.0681420e+02      
1.1197510e+02 2.0701030e+02      
1.1421722e+02 2.0706082e+02      
1.1690543e+02 2.0696717e+02      
1.2003639e+02 2.0669619e+02      
1.2358172e+02 2.0620483e+02      
1.2750533e+02 2.0545008e+02      
1.3234671e+02 1.8197822e+02      
1.3244339e+02 1.7984895e+02      
1.3296094e+02 1.7779302e+02      
1.3327867e+02 1.7630349e+02      
1.3144150e+02 1.7642972e+02      
1.2941687e+02 1.7721187e+02      
1.2780756e+02 1.7824476e+02      
1.2685030e+02 1.7939283e+02      
1.2659972e+02 1.8064305e+02      
1.2705539e+02 1.8202423e+02      
1.2818840e+02 1.8354673e+02      
1.2984984e+02 1.8512167e+02      
1.3148932e+02 1.8625883e+02      
1.3297438e+02 1.8680631e+02      
1.3437673e+02 1.8682281e+02      
1.3620573e+02 1.8671734e+02      
1.3856022e+02 1.8651129e+02      
1.4140518e+02 1.8614689e+02      
1.4467818e+02 1.8555883e+02      
1.4832678e+02 1.8469359e+02      
1.5292266e+02 1.5890797e+02      
1.5370215e+02 1.5600746e+02      
1.5505287e+02 1.5303794e+02      
1.5514160e+02 1.5137117e+02      
1.5358634e+02 1.5129933e+02      
1.5080898e+02 1.5263054e+02      
1.4863814e+02 1.5412147e+02      
1.4737264e+02 1.5551215e+02      
1.4696089e+02 1.5688899e+02      
1.4734413e+02 1.5839904e+02      
1.4854113e+02 1.6012277e+02      
1.5002954e+02 1.6169496e+02      
1.5150000e+02 1.6287023e+02      
1.5282883e+02 1.6353163e+02      
1.5407312e+02 1.6369357e+02      
1.5548424e+02 1.6350675e+02      
1.5753833e+02 1.6326973e+02      
1.6011595e+02 1.6288305e+02      
1.6311628e+02 1.6226030e+02      
1.6647710e+02 1.6134238e+02      
1.7013300e+02 1.3388366e+02      
1.7147927e+02 1.3017525e+02      
1.7252907e+02 1.2695756e+02      
1.7249102e+02 1.2504842e+02      
1.7113389e+02 1.2475258e+02      
1.6874250e+02 1.2588223e+02      
1.6613185e+02 1.2775592e+02      
1.6472695e+02 1.2918434e+02      
1.6423722e+02 1.3052052e+02      
1.6445173e+02 1.3201780e+02      
1.6532273e+02 1.3368476e+02      
1.6673527e+02 1.3535173e+02      
1.6808552e+02 1.3663133e+02      
1.6921369e+02 1.3740744e+02      
1.7020444e+02 1.3768256e+02      
1.7161577e+02 1.3773090e+02      
1.7352410e+02 1.3761082e+02      
1.7588132e+02 1.3728582e+02      
1.7862068e+02 1.3669548e+02      
1.8168870e+02 1.3578591e+02      
1.8333949e+02 1.0774708e+02      
1.8402151e+02 1.0431134e+02      
1.8506797e+02 1.0058275e+02      
1.8505042e+02 9.8274416e+01      
1.8375932e+02 9.7813060e+01      
1.8148317e+02 9.8890348e+01      
1.7965308e+02 9.9948072e+01      
1.7861837e+02 1.0085801e+02      
1.7825355e+02 1.0188740e+02      
1.7828207e+02 1.0334728e+02      
1.7879180e+02 1.0503793e+02      
1.7978016e+02 1.0671284e+02      
1.8104492e+02 1.0814473e+02      
1.8196046e+02 1.0905932e+02      
1.8306580e+02 1.0962332e+02      
1.8450995e+02 1.0992216e+02      
1.8632374e+02 1.0998277e+02      
1.8849048e+02 1.0978650e+02      
1.9097763e+02 1.0929160e+02      
1.9374917e+02 1.0845065e+02      
1.9281284e+02 8.0599201e+01      
1.9284768e+02 7.7528490e+01      
1.9312244e+02 7.4290663e+01      
1.9316192e+02 7.1476405e+01      
1.9189096e+02 7.0871707e+01      
1.9047181e+02 7.0795351e+01      
1.8943063e+02 7.0794628e+01      
1.8897239e+02 7.0855607e+01      
1.8899390e+02 7.1272277e+01      
1.8876490e+02 7.2848381e+01      
1.8892422e+02 7.4741465e+01      
1.8953624e+02 7.6569893e+01      
1.9045843e+02 7.8116520e+01      
1.9147442e+02 7.9270192e+01      
1.9267107e+02 8.0081269e+01      
1.9411585e+02 8.0607953e+01      
1.9582648e+02 8.0870250e+01      
1.9780309e+02 8.0850599e+01      
2.0003486e+02 8.0507576e+01      
2.0250264e+02 7.9792908e+01      
1.9877230e+02 5.2592752e+01      
1.9831957e+02 4.9767203e+01      
1.9800723e+02 4.6894879e+01      
1.9758066e+02 4.4398331e+01      
1.9678520e+02 4.2779945e+01      
1.9600112e+02 4.1595937e+01      
1.9558279e+02 4.0521062e+01      
1.9565831e+02 3.9632167e+01      
1.9573469e+02 3.9795321e+01      
1.9568101e+02 4.1127134e+01      
1.9558560e+02 4.3371598e+01      
1.9594914e+02 4.5504616e+01      
1.9671606e+02 4.7239958e+01      
1.9775070e+02 4.8562338e+01      
1.9898154e+02 4.9551987e+01      
2.0038826e+02 5.0277642e+01      
2.0196966e+02 5.0757786e+01      
2.0373609e+02 5.0959472e+01      
2.0569648e+02 5.0823690e+01      
2.0784794e+02 5.0291280e+01      
2.0129849e+02 2.4043419e+01      
2.0050532e+02 2.1289195e+01      
1.9982503e+02 1.8489212e+01      
1.9916274e+02 1.5897939e+01      
1.9850546e+02 1.3681771e+01      
1.9803207e+02 1.1708935e+01      
1.9799589e+02 9.7094282e+00      
1.9812895e+02 8.4683013e+00      
1.9828776e+02 8.4005370e+00      
1.9841703e+02 9.5722947e+00      
1.9855135e+02 1.1706540e+01      
1.9884333e+02 1.4184035e+01      
1.9962129e+02 1.6038921e+01      
2.0071434e+02 1.7416344e+01      
2.0197700e+02 1.8494056e+01      
2.0332412e+02 1.9388745e+01      
2.0473835e+02 2.0117216e+01      
2.0625587e+02 2.0600626e+01      
2.0791669e+02 2.0735008e+01      
2.0973506e+02 2.0440551e+01      
2.0044533e+02 -4.6320218e+00      
1.9940821e+02 -7.4667017e+00      
1.9847827e+02 -1.0422586e+01      
1.9763860e+02 -1.3295775e+01      
1.9692712e+02 -1.5916344e+01      
1.9645132e+02 -1.8244903e+01      
1.9632010e+02 -2.0311960e+01      
1.9651563e+02 -2.1977679e+01      
1.9677687e+02 -2.2267153e+01      
1.9707722e+02 -2.1072854e+01      
1.9741961e+02 -1.8784496e+01      
1.9807055e+02 -1.6640271e+01      
1.9907618e+02 -1.4957361e+01      
2.0034681e+02 -1.3711730e+01      
2.0171095e+02 -1.2692339e+01      
2.0299254e+02 -1.1659113e+01      
2.0417026e+02 -1.0599479e+01      
2.0537020e+02 -9.7300103e+00      
2.0669205e+02 -9.2482232e+00      
2.0816069e+02 -9.2519525e+00      
1.9628322e+02 -3.2944781e+01      
1.9505760e+02 -3.5974109e+01      
1.9391655e+02 -3.9256266e+01      
1.9287924e+02 -4.2557976e+01      
1.9200884e+02 -4.5575890e+01      
1.9138921e+02 -4.8123380e+01      
1.9109467e+02 -5.0128943e+01      
1.9115046e+02 -5.1496672e+01      
1.9149672e+02 -5.1939086e+01      
1.9199317e+02 -5.0521109e+01      
1.9274190e+02 -4.8537338e+01      
1.9378061e+02 -4.6666141e+01      
1.9511327e+02 -4.5256800e+01      
1.9671312e+02 -4.4381622e+01      
1.9837654e+02 -4.3743338e+01      
1.9959273e+02 -4.2600611e+01      
2.0034248e+02 -4.0944152e+01      
2.0110604e+02 -3.9501732e+01      
2.0205108e+02 -3.8592604e+01      
2.0316443e+02 -3.8269393e+01      
1.8892562e+02 -6.0357999e+01      
1.8754745e+02 -6.3641067e+01      
1.8619824e+02 -6.7427331e+01      
1.8491009e+02 -7.1464870e+01      
1.8380671e+02 -7.5006828e+01      
1.8297317e+02 -7.7782331e+01      
1.8247913e+02 -7.9744191e+01      
1.8240562e+02 -8.0830909e+01      
1.8277146e+02 -8.0819155e+01      
1.8355312e+02 -7.9459152e+01      
1.8472094e+02 -7.7332828e+01      
1.8613477e+02 -7.5453396e+01      
1.8778763e+02 -7.4267182e+01      
1.8978949e+02 -7.3945944e+01      
1.9212997e+02 -7.4326839e+01      
1.9328017e+02 -7.3102949e+01      
1.9321468e+02 -7.0265461e+01      
1.9346947e+02 -6.8091587e+01      
1.9404897e+02 -6.6737385e+01      
1.9482957e+02 -6.6094266e+01      
1.7853859e+02 -8.6314002e+01      
1.7705166e+02 -8.9783147e+01      
1.7550806e+02 -9.4096375e+01      
1.7388794e+02 -9.9368719e+01      
1.7251408e+02 -1.0347548e+02      
1.7142903e+02 -1.0647379e+02      
1.7067480e+02 -1.0844036e+02      
1.7046281e+02 -1.0942240e+02      
1.7085758e+02 -1.0919432e+02      
1.7190648e+02 -1.0751554e+02      
1.7358473e+02 -1.0447581e+02      
1.7532297e+02 -1.0233050e+02      
1.7717224e+02 -1.0125414e+02      
1.7931532e+02 -1.0130068e+02      
1.8170387e+02 -1.0218320e+02      
1.8277124e+02 -1.0091326e+02      
1.8249748e+02 -9.7477199e+01      
1.8247797e+02 -9.4809186e+01      
1.8278792e+02 -9.3124872e+01      
1.8329223e+02 -9.2230884e+01      
1.6533247e+02 -1.1030147e+02      
1.6380919e+02 -1.1372150e+02      
1.6218679e+02 -1.1799278e+02      
1.6039407e+02 -1.2323937e+02      
1.5888131e+02 -1.2738326e+02      
1.5760637e+02 -1.3054244e+02      
1.5660065e+02 -1.3279341e+02      
1.5623472e+02 -1.3391541e+02      
1.5660707e+02 -1.3370544e+02      
1.5778542e+02 -1.3196043e+02      
1.5975811e+02 -1.2875880e+02      
1.6163286e+02 -1.2657058e+02      
1.6347869e+02 -1.2555518e+02      
1.6548429e+02 -1.2571141e+02      
1.6758943e+02 -1.2673694e+02      
1.6855356e+02 -1.2546173e+02      
1.6836194e+02 -1.2187144e+02      
1.6829315e+02 -1.1907276e+02      
1.6845407e+02 -1.1726666e+02      
1.6875331e+02 -1.1623834e+02      
1.4954140e+02 -1.3194252e+02      
1.4806198e+02 -1.3507050e+02      
1.4653695e+02 -1.3872510e+02      
1.4499411e+02 -1.4269065e+02      
1.4357125e+02 -1.4628813e+02      
1.4224882e+02 -1.4941885e+02      
1.4094404e+02 -1.5229514e+02      
1.4045364e+02 -1.5364369e+02      
1.4073626e+02 -1.5362233e+02      
1.4180880e+02 -1.5223113e+02      
1.4368364e+02 -1.4956558e+02      
1.4540462e+02 -1.4769931e+02      
1.4704182e+02 -1.4675197e+02      
1.4871862e+02 -1.4673035e+02      
1.5037412e+02 -1.4745554e+02      
1.5121277e+02 -1.4621675e+02      
1.5122218e+02 -1.4300745e+02      
1.5122753e+02 -1.4049607e+02      
1.5132592e+02 -1.3879592e+02      
1.5148068e+02 -1.3775782e+02      
1.3141363e+02 -1.5100011e+02      
1.3002363e+02 -1.5374406e+02      
1.2863509e+02 -1.5677531e+02      
1.2728361e+02 -1.5990662e+02      
1.2602292e+02 -1.6287295e+02      
1.2488481e+02 -1.6551933e+02      
1.2396097e+02 -1.6768182e+02      
1.2353805e+02 -1.6890178e+02      
1.2370252e+02 -1.6908647e+02      
1.2444399e+02 -1.6831513e+02      
1.2563749e+02 -1.6690828e+02      
1.2694056e+02 -1.6561978e+02      
1.2823605e+02 -1.6475200e+02      
1.2949704e+02 -1.6430418e+02      
1.3060269e+02 -1.6392714e+02      
1.3129550e+02 -1.6275881e+02      
1.3156951e+02 -1.6080290e+02      
1.3168075e+02 -1.5892496e+02      
1.3175125e+02 -1.5748215e+02      
1.3179837e+02 -1.5652078e+02      
1.1122201e+02 -1.6730621e+02      
1.0993448e+02 -1.6968311e+02      
1.0867081e+02 -1.7222507e+02      
1.0746487e+02 -1.7479441e+02      
1.0636056e+02 -1.7722533e+02      
1.0541175e+02 -1.7936123e+02      
1.0470348e+02 -1.8103414e+02      
1.0434494e+02 -1.8206699e+02      
1.0439512e+02 -1.8238919e+02      
1.0483887e+02 -1.8207154e+02      
1.0558358e+02 -1.8133238e+02      
1.0648447e+02 -1.8047660e+02      
1.0742776e+02 -1.7969934e+02      
1.0833181e+02 -1.7901121e+02      
1.0910176e+02 -1.7824063e+02      
1.0964399e+02 -1.7715750e+02      
1.0994742e+02 -1.7578042e+02      
1.1008293e+02 -1.7438158e+02      
1.1011510e+02 -1.7319593e+02      
1.1006918e+02 -1.7233439e+02      
8.9273808e+01 -1.8071142e+02      
8.8087428e+01 -1.8276850e+02      
8.6934650e+01 -1.8492178e+02      
8.5848342e+01 -1.8706397e+02      
8.4868491e+01 -1.8907227e+02      
8.4043276e+01 -1.9082177e+02      
8.3430003e+01 -1.9219273e+02      
8.3083841e+01 -1.9308910e+02      
8.3033164e+01 -1.9347552e+02      
8.3263548e+01 -1.9339883e+02      
8.3717359e+01 -1.9298101e+02      
8.4310461e+01 -1.9237417e+02      
8.4958358e+01 -1.9168857e+02      
8.5585621e+01 -1.9094980e+02      
8.6122986e+01 -1.9010858e+02      
8.6517344e+01 -1.8910974e+02      
8.6751579e+01 -1.8798304e+02      
8.6842274e+01 -1.8684889e+02      
8.6813648e+01 -1.8584121e+02      
8.6678601e+01 -1.8505548e+02      
