3.9685486e+01 2.4136111e+02      
3.9967395e+01 2.4090082e+02      
4.0925309e+01 2.4057750e+02      
4.2444731e+01 2.4042840e+02      
4.4108265e+01 2.4039052e+02      
4.4902375e+01 2.4007460e+02      
4.2212772e+01 2.3777887e+02      
3.8679973e+01 2.3530830e+02      
3.5319261e+01 2.3314218e+02      
3.2557214e+01 2.3142379e+02      
3.0533549e+01 2.3018677e+02      
2.9274367e+01 2.2942827e+02      
2.8777607e+01 2.2913292e+02      
2.9041841e+01 2.2927934e+02      
3.0068653e+01 2.2983990e+02      
3.1853698e+01 2.3077940e+02      
3.4351055e+01 2.3204791e+02      
3.7267722e+01 2.3351066e+02      
3.9914443e+01 2.3487979e+02      
4.2275908e+01 2.3608408e+02      
6.7999009e+01 2.3263373e+02      
6.8705083e+01 2.3219616e+02      
7.0430664e+01 2.3197417e+02      
7.3221781e+01 2.3208309e+02      
7.6415740e+01 2.3241213e+02      
7.7033250e+01 2.3157355e+02      
7.4489946e+01 2.2929251e+02      
6.9421983e+01 2.2597598e+02      
6.4772633e+01 2.2310971e+02      
6.1196697e+01 2.2089104e+02      
5.8678992e+01 2.1928475e+02      
5.7087194e+01 2.1823107e+02      
5.6353730e+01 2.1769215e+02      
5.6458158e+01 2.1763907e+02      
5.7412135e+01 2.1804375e+02      
5.9258259e+01 2.1887963e+02      
6.2095317e+01 2.2014078e+02      
6.5800721e+01 2.2177528e+02      
6.8254823e+01 2.2302354e+02      
6.9423644e+01 2.2381304e+02      
9.4416953e+01 2.2015204e+02      
9.5345454e+01 2.1961638e+02      
9.7579590e+01 2.1932539e+02      
1.0159131e+02 2.1950604e+02      
1.0467166e+02 2.1918481e+02      
1.0523836e+02 2.1787949e+02      
1.0277861e+02 2.1549495e+02      
9.7824830e+01 2.1228331e+02      
9.1961580e+01 2.0885624e+02      
8.7821323e+01 2.0626367e+02      
8.4986636e+01 2.0437253e+02      
8.3149819e+01 2.0307530e+02      
8.2209182e+01 2.0232888e+02      
8.2140267e+01 2.0210509e+02      
8.2966246e+01 2.0237612e+02      
8.4762077e+01 2.0311196e+02      
8.7685445e+01 2.0429150e+02      
9.1547058e+01 2.0581340e+02      
9.3776580e+01 2.0700680e+02      
9.4337069e+01 2.0778839e+02      
1.1844590e+02 2.0414464e+02      
1.1927043e+02 2.0336055e+02      
1.2114702e+02 2.0264259e+02      
1.2414758e+02 2.0201462e+02      
1.2763911e+02 2.0122025e+02      
1.2845161e+02 1.9951370e+02      
1.2589455e+02 1.9689359e+02      
1.2062267e+02 1.9355630e+02      
1.1572737e+02 1.9037278e+02      
1.1184964e+02 1.8771195e+02      
1.0898272e+02 1.8564800e+02      
1.0701656e+02 1.8416503e+02      
1.0590407e+02 1.8324889e+02      
1.0564058e+02 1.8288516e+02      
1.0625566e+02 1.8304976e+02      
1.0782590e+02 1.8370022e+02      
1.1050885e+02 1.8477021e+02      
1.1411612e+02 1.8611760e+02      
1.1609685e+02 1.8733279e+02      
1.1641626e+02 1.8831606e+02      
1.3976493e+02 1.8494840e+02      
1.4026841e+02 1.8382671e+02      
1.4150463e+02 1.8258894e+02      
1.4338557e+02 1.8121223e+02      
1.4550600e+02 1.7957000e+02      
1.4676935e+02 1.7742841e+02      
1.4408500e+02 1.7451757e+02      
1.4030546e+02 1.7133616e+02      
1.3648767e+02 1.6827939e+02      
1.3311212e+02 1.6559689e+02      
1.3037108e+02 1.6341344e+02      
1.2834818e+02 1.6178102e+02      
1.2708485e+02 1.6072238e+02      
1.2660358e+02 1.6024694e+02      
1.2692711e+02 1.6034400e+02      
1.2809977e+02 1.6096439e+02      
1.3022215e+02 1.6200190e+02      
1.3317606e+02 1.6327821e+02      
1.3488718e+02 1.6460556e+02      
1.3532711e+02 1.6586226e+02      
1.5817779e+02 1.6297555e+02      
1.5830137e+02 1.6149715e+02      
1.5894269e+02 1.5977372e+02      
1.5996349e+02 1.5777596e+02      
1.6104407e+02 1.5543518e+02      
1.6149426e+02 1.5266882e+02      
1.6027135e+02 1.4949806e+02      
1.5766725e+02 1.4624494e+02      
1.5461311e+02 1.4313526e+02      
1.5162409e+02 1.4035684e+02      
1.4897838e+02 1.3804481e+02      
1.4689203e+02 1.3626818e+02      
1.4547868e+02 1.3507303e+02      
1.4476799e+02 1.3450060e+02      
1.4475479e+02 1.3457442e+02      
1.4542611e+02 1.3525845e+02      
1.4674675e+02 1.3642180e+02      
1.4844806e+02 1.3787059e+02      
1.4986815e+02 1.3941746e+02      
1.5099629e+02 1.4091291e+02      
1.7353601e+02 1.3867481e+02      
1.7330110e+02 1.3685576e+02      
1.7346208e+02 1.3470128e+02      
1.7391278e+02 1.3218724e+02      
1.7447203e+02 1.2927137e+02      
1.7493126e+02 1.2591562e+02      
1.7497730e+02 1.2221428e+02      
1.7284355e+02 1.1870960e+02      
1.7020834e+02 1.1538864e+02      
1.6739818e+02 1.1242080e+02      
1.6465166e+02 1.0996060e+02      
1.6243140e+02 1.0802288e+02      
1.6086905e+02 1.0666763e+02      
1.5994978e+02 1.0597597e+02      
1.5961382e+02 1.0605240e+02      
1.5978653e+02 1.0692677e+02      
1.6042035e+02 1.0840567e+02      
1.6138820e+02 1.1020916e+02      
1.6250604e+02 1.1210061e+02      
1.6376683e+02 1.1390569e+02      
1.8570817e+02 1.1251259e+02      
1.8515869e+02 1.1038401e+02      
1.8493968e+02 1.0785663e+02      
1.8499667e+02 1.0491152e+02      
1.8527523e+02 1.0151343e+02      
1.8579976e+02 9.7613661e+01      
1.8640912e+02 9.3288759e+01      
1.8521010e+02 8.9274930e+01      
1.8289461e+02 8.5607965e+01      
1.8017505e+02 8.2294878e+01      
1.7708079e+02 7.9647522e+01      
1.7474268e+02 7.7487521e+01      
1.7306976e+02 7.5923321e+01      
1.7201679e+02 7.5007786e+01      
1.7146107e+02 7.5001580e+01      
1.7114432e+02 7.6296067e+01      
1.7120591e+02 7.8363530e+01      
1.7167166e+02 8.0730402e+01      
1.7247885e+02 8.3108260e+01      
1.7361128e+02 8.5313635e+01      
1.9458251e+02 8.4965321e+01      
1.9375821e+02 8.2564231e+01      
1.9321995e+02 7.9722463e+01      
1.9294818e+02 7.6428425e+01      
1.9294665e+02 7.2651446e+01      
1.9330063e+02 6.8324428e+01      
1.9387586e+02 6.3502064e+01      
1.9280542e+02 5.9111650e+01      
1.9045253e+02 5.5072585e+01      
1.8820558e+02 5.0990536e+01      
1.8585443e+02 4.7600868e+01      
1.8367882e+02 4.5103172e+01      
1.8190373e+02 4.3370542e+01      
1.8079689e+02 4.2059549e+01      
1.8026115e+02 4.1620587e+01      
1.7935135e+02 4.3786310e+01      
1.7887554e+02 4.6806726e+01      
1.7891416e+02 4.9983626e+01      
1.7941685e+02 5.2986645e+01      
1.8034193e+02 5.5666688e+01      
2.0008017e+02 5.6514435e+01      
1.9901151e+02 5.3878262e+01      
1.9818601e+02 5.0777411e+01      
1.9759537e+02 4.7214589e+01      
1.9724543e+02 4.3179029e+01      
1.9718570e+02 3.8621749e+01      
1.9726627e+02 3.3583958e+01      
1.9588570e+02 2.9030483e+01      
1.9427625e+02 2.4071792e+01      
1.9295614e+02 1.8554756e+01      
1.9117753e+02 1.4358987e+01      
1.8914908e+02 1.1552787e+01      
1.8709561e+02 9.9588945e+00      
1.8592258e+02 8.1231053e+00      
1.8500580e+02 8.0341980e+00      
1.8407056e+02 1.0252178e+01      
1.8318401e+02 1.4443897e+01      
1.8287363e+02 1.8645082e+01      
1.8310648e+02 2.2362310e+01      
1.8381449e+02 2.5538301e+01      
2.0216631e+02 2.7642156e+01      
2.0087914e+02 2.4804126e+01      
1.9979006e+02 2.1489279e+01      
1.9888817e+02 1.7721641e+01      
1.9815672e+02 1.3528504e+01      
1.9755340e+02 8.9419898e+00      
1.9686772e+02 4.0739122e+00      
1.9573728e+02 -9.1096187e-01      
1.9453054e+02 -6.4209588e+00      
1.9352478e+02 -1.2604345e+01      
1.9201461e+02 -1.7244847e+01      
1.9015508e+02 -2.0367705e+01      
1.8821522e+02 -2.2496109e+01      
1.8674099e+02 -2.4100317e+01      
1.8560693e+02 -2.4095597e+01      
1.8467366e+02 -2.1856658e+01      
1.8390827e+02 -1.7606940e+01      
1.8339748e+02 -1.2390625e+01      
1.8343703e+02 -8.0793366e+00      
1.8395641e+02 -4.4858578e+00      
2.0085541e+02 -1.1715105e+00      
1.9937599e+02 -4.1852229e+00      
1.9805159e+02 -7.6860179e+00      
1.9686769e+02 -1.1626869e+01      
1.9579511e+02 -1.5938564e+01      
1.9477578e+02 -2.0533891e+01      
1.9370789e+02 -2.5324978e+01      
1.9252598e+02 -3.0308444e+01      
1.9133562e+02 -3.5708006e+01      
1.9023175e+02 -4.1650359e+01      
1.8876885e+02 -4.6181152e+01      
1.8703924e+02 -4.9302839e+01      
1.8520495e+02 -5.1200562e+01      
1.8367180e+02 -5.3475781e+01      
1.8245368e+02 -5.3860746e+01      
1.8155292e+02 -5.1589073e+01      
1.8087219e+02 -4.6972711e+01      
1.8044557e+02 -4.2157794e+01      
1.8040364e+02 -3.7737185e+01      
1.8077369e+02 -3.3865085e+01      
1.9621158e+02 -2.9450480e+01      
1.9456810e+02 -3.2619543e+01      
1.9304309e+02 -3.6297069e+01      
1.9162282e+02 -4.0418730e+01      
1.9027913e+02 -4.4869668e+01      
1.8896917e+02 -4.9499073e+01      
1.8764700e+02 -5.4177864e+01      
1.8629341e+02 -5.8858281e+01      
1.8493104e+02 -6.3574924e+01      
1.8354970e+02 -6.8196820e+01      
1.8204205e+02 -7.2153783e+01      
1.8042737e+02 -7.5293987e+01      
1.7881985e+02 -7.7805523e+01      
1.7736963e+02 -8.0038860e+01      
1.7611360e+02 -8.1257334e+01      
1.7530846e+02 -7.9044943e+01      
1.7465958e+02 -7.5247838e+01      
1.7422569e+02 -7.0752607e+01      
1.7410651e+02 -6.6246602e+01      
1.7434621e+02 -6.2134381e+01      
1.8834656e+02 -5.6724264e+01      
1.8656763e+02 -6.0026139e+01      
1.8487904e+02 -6.3882643e+01      
1.8327261e+02 -6.8236166e+01      
1.8172340e+02 -7.2917953e+01      
1.8019482e+02 -7.7647950e+01      
1.7866387e+02 -8.2191900e+01      
1.7712642e+02 -8.6436402e+01      
1.7558522e+02 -9.0364517e+01      
1.7403339e+02 -9.3991898e+01      
1.7246124e+02 -9.7317992e+01      
1.7089533e+02 -1.0035138e+02      
1.6941028e+02 -1.0315272e+02      
1.6810364e+02 -1.0570365e+02      
1.6703919e+02 -1.0728485e+02      
1.6619006e+02 -1.0631389e+02      
1.6547656e+02 -1.0298638e+02      
1.6492718e+02 -9.8184502e+01      
1.6469373e+02 -9.3275510e+01      
1.6480997e+02 -8.8852144e+01      
1.7741758e+02 -8.2533161e+01      
1.7552926e+02 -8.5925850e+01      
1.7371046e+02 -8.9945066e+01      
1.7196753e+02 -9.4619416e+01      
1.7028125e+02 -9.9783170e+01      
1.6858059e+02 -1.0477904e+02      
1.6686724e+02 -1.0922518e+02      
1.6516395e+02 -1.1297163e+02      
1.6347457e+02 -1.1602244e+02      
1.6179722e+02 -1.1860512e+02      
1.6015934e+02 -1.2125045e+02      
1.5858934e+02 -1.2405828e+02      
1.5714182e+02 -1.2703245e+02      
1.5592216e+02 -1.3027865e+02      
1.5505702e+02 -1.3352524e+02      
1.5421079e+02 -1.3350381e+02      
1.5342669e+02 -1.3009516e+02      
1.5266563e+02 -1.2390908e+02      
1.5232731e+02 -1.1829838e+02      
1.5234521e+02 -1.1353779e+02      
1.6362586e+02 -1.0644271e+02      
1.6164927e+02 -1.0984592e+02      
1.5972166e+02 -1.1392377e+02      
1.5786840e+02 -1.1885374e+02      
1.5611783e+02 -1.2486006e+02      
1.5425644e+02 -1.3032622e+02      
1.5237204e+02 -1.3474847e+02      
1.5053581e+02 -1.3792797e+02      
1.4874696e+02 -1.3992624e+02      
1.4696151e+02 -1.4112478e+02      
1.4526628e+02 -1.4311489e+02      
1.4366380e+02 -1.4565667e+02      
1.4218113e+02 -1.4866165e+02      
1.4087688e+02 -1.5231767e+02      
1.3981409e+02 -1.5634356e+02      
1.3888583e+02 -1.5680996e+02      
1.3812907e+02 -1.5334746e+02      
1.3752143e+02 -1.4662179e+02      
1.3721453e+02 -1.4063414e+02      
1.3718278e+02 -1.3569513e+02      
1.4721567e+02 -1.2806851e+02      
1.4516857e+02 -1.3137171e+02      
1.4314344e+02 -1.3530819e+02      
1.4115085e+02 -1.3997535e+02      
1.3917371e+02 -1.4542086e+02      
1.3714368e+02 -1.5132063e+02      
1.3512075e+02 -1.5576403e+02      
1.3324413e+02 -1.5829700e+02      
1.3147505e+02 -1.5924969e+02      
1.2970954e+02 -1.6046902e+02      
1.2799343e+02 -1.6224239e+02      
1.2635437e+02 -1.6453163e+02      
1.2480423e+02 -1.6734191e+02      
1.2333738e+02 -1.7089213e+02      
1.2195607e+02 -1.7493215e+02      
1.2090306e+02 -1.7549505e+02      
1.2021725e+02 -1.7217725e+02      
1.1987505e+02 -1.6558933e+02      
1.1966595e+02 -1.5973962e+02      
1.1961299e+02 -1.5490980e+02      
1.2847162e+02 -1.4709712e+02      
1.2637315e+02 -1.5019926e+02      
1.2427066e+02 -1.5383465e+02      
1.2216603e+02 -1.5801303e+02      
1.2004251e+02 -1.6269863e+02      
1.1786389e+02 -1.6769694e+02      
1.1567296e+02 -1.7223857e+02      
1.1387423e+02 -1.7402080e+02      
1.1211217e+02 -1.7525253e+02      
1.1034841e+02 -1.7663448e+02      
1.0862168e+02 -1.7831614e+02      
1.0695866e+02 -1.8032304e+02      
1.0536518e+02 -1.8269335e+02      
1.0380711e+02 -1.8557801e+02      
1.0224106e+02 -1.8882130e+02      
1.0111774e+02 -1.8911572e+02      
1.0045256e+02 -1.8620853e+02      
1.0024355e+02 -1.8050580e+02      
1.0006270e+02 -1.7534602e+02      
9.9971119e+01 -1.7092510e+02      
1.0771285e+02 -1.6328723e+02      
1.0558469e+02 -1.6612297e+02      
1.0343439e+02 -1.6938336e+02      
1.0126606e+02 -1.7303222e+02      
9.9072003e+01 -1.7699484e+02      
9.6822231e+01 -1.8116873e+02      
9.4536791e+01 -1.8517764e+02      
9.2762581e+01 -1.8683361e+02      
9.0984657e+01 -1.8824055e+02      
8.9204368e+01 -1.8969994e+02      
8.7467917e+01 -1.9125181e+02      
8.5799376e+01 -1.9292026e+02      
8.4210094e+01 -1.9469353e+02      
8.2702761e+01 -1.9648913e+02      
8.1324611e+01 -1.9782734e+02      
8.0237166e+01 -1.9755482e+02      
7.9495962e+01 -1.9530673e+02      
7.9057187e+01 -1.9154590e+02      
7.8772896e+01 -1.8748649e+02      
7.8607904e+01 -1.8365544e+02      
8.5285995e+01 -1.7645762e+02      
8.3149681e+01 -1.7899666e+02      
8.0980700e+01 -1.8186307e+02      
7.8789631e+01 -1.8499689e+02      
7.6583317e+01 -1.8830155e+02      
7.4371693e+01 -1.9162025e+02      
7.2222893e+01 -1.9457362e+02      
7.0271609e+01 -1.9662236e+02      
6.8412864e+01 -1.9822194e+02      
6.6605205e+01 -1.9967049e+02      
6.4863076e+01 -2.0104547e+02      
6.3204099e+01 -2.0235889e+02      
6.1644807e+01 -2.0356036e+02      
6.0206830e+01 -2.0449778e+02      
5.8932657e+01 -2.0484413e+02      
5.7880983e+01 -2.0418490e+02      
5.7080784e+01 -2.0235863e+02      
5.6511094e+01 -1.9960338e+02      
5.6121103e+01 -1.9639949e+02      
5.5875056e+01 -1.9313070e+02      
