4.3920470e+00 2.3530088e+02      
3.9841337e+00 2.3213907e+02      
4.2073593e+00 2.2917746e+02      
5.0053682e+00 2.2649228e+02      
6.3086451e+00 2.2415398e+02      
8.0394427e+00 2.2222377e+02      
1.0111855e+01 2.2075086e+02      
1.2411453e+01 2.1976884e+02      
1.4734912e+01 2.1927832e+02      
1.6574887e+01 2.1916227e+02      
1.8326272e+01 2.1947981e+02      
2.0076704e+01 2.2016497e+02      
2.1819897e+01 2.2111943e+02      
2.3534064e+01 2.2224487e+02      
2.5246677e+01 2.2347674e+02      
2.7056548e+01 2.2479977e+02      
2.9088929e+01 2.2621493e+02      
3.1448709e+01 2.2770702e+02      
3.4208944e+01 2.2924105e+02      
3.7415909e+01 2.3076952e+02      
3.2498071e+01 2.2351610e+02      
3.2470126e+01 2.2016729e+02      
3.3112154e+01 2.1701400e+02      
3.4359394e+01 2.1414350e+02      
3.6129361e+01 2.1163867e+02      
3.8338784e+01 2.0957228e+02      
4.0907924e+01 2.0800439e+02      
4.3696055e+01 2.0698123e+02      
4.6202757e+01 2.0647435e+02      
4.8282558e+01 2.0645149e+02      
4.9958054e+01 2.0688447e+02      
5.1599788e+01 2.0771397e+02      
5.3183669e+01 2.0879416e+02      
5.4593648e+01 2.0995777e+02      
5.5815106e+01 2.1110098e+02      
5.7043100e+01 2.1227407e+02      
5.8498025e+01 2.1353849e+02      
6.0318210e+01 2.1488941e+02      
6.2580776e+01 2.1628449e+02      
6.5327000e+01 2.1766705e+02      
5.9376640e+01 2.0809440e+02      
5.9771319e+01 2.0452346e+02      
6.0887085e+01 2.0114064e+02      
6.2648886e+01 1.9804651e+02      
6.4945863e+01 1.9534117e+02      
6.7656984e+01 1.9311355e+02      
7.0713973e+01 1.9142717e+02      
7.3704705e+01 1.9033299e+02      
7.6422017e+01 1.8985036e+02      
7.8759680e+01 1.8996498e+02      
8.0701906e+01 1.9062593e+02      
8.2339737e+01 1.9173009e+02      
8.3896775e+01 1.9309193e+02      
8.5033644e+01 1.9441942e+02      
8.5490223e+01 1.9535461e+02      
8.5886114e+01 1.9629192e+02      
8.6609247e+01 1.9739790e+02      
8.7788290e+01 1.9863212e+02      
8.9478435e+01 1.9992414e+02      
9.1702435e+01 2.0120060e+02      
8.4552085e+01 1.8929640e+02      
8.5403834e+01 1.8546275e+02      
8.7049723e+01 1.8180298e+02      
8.9410707e+01 1.7843250e+02      
9.2338998e+01 1.7547747e+02      
9.5557425e+01 1.7306069e+02      
9.8703787e+01 1.7126827e+02      
1.0190248e+02 1.7012314e+02      
1.0485924e+02 1.6970110e+02      
1.0746554e+02 1.7000719e+02      
1.0969327e+02 1.7097718e+02      
1.1181316e+02 1.7244988e+02      
1.1365277e+02 1.7428177e+02      
1.1468959e+02 1.7605979e+02      
1.1373589e+02 1.7638611e+02      
1.1301765e+02 1.7702280e+02      
1.1288798e+02 1.7800914e+02      
1.1335731e+02 1.7918018e+02      
1.1442781e+02 1.8042247e+02      
1.1609045e+02 1.8164376e+02      
1.0756312e+02 1.6744139e+02      
1.0888801e+02 1.6330146e+02      
1.1111289e+02 1.5930786e+02      
1.1418014e+02 1.5558650e+02      
1.1791493e+02 1.5230002e+02      
1.2188841e+02 1.4964412e+02      
1.2488428e+02 1.4776404e+02      
1.2791347e+02 1.4668111e+02      
1.3110774e+02 1.4635408e+02      
1.3404120e+02 1.4689749e+02      
1.3692298e+02 1.4813582e+02      
1.3970175e+02 1.5003053e+02      
1.4195489e+02 1.5238001e+02      
1.4190776e+02 1.5382546e+02      
1.3960626e+02 1.5403585e+02      
1.3778146e+02 1.5463174e+02      
1.3678395e+02 1.5563150e+02      
1.3653468e+02 1.5683070e+02      
1.3697849e+02 1.5809424e+02      
1.3806944e+02 1.5932087e+02      
1.2797034e+02 1.4290365e+02      
1.2974648e+02 1.3841829e+02      
1.3256567e+02 1.3403133e+02      
1.3642446e+02 1.2986192e+02      
1.4105884e+02 1.2612574e+02      
1.4525895e+02 1.2317716e+02      
1.4870580e+02 1.2117643e+02      
1.5155495e+02 1.2021915e+02      
1.5483584e+02 1.2011786e+02      
1.5846081e+02 1.2082528e+02      
1.6198236e+02 1.2226330e+02      
1.6537893e+02 1.2449165e+02      
1.6684275e+02 1.2659647e+02      
1.6576197e+02 1.2802033e+02      
1.6232981e+02 1.2855320e+02      
1.5955460e+02 1.2941744e+02      
1.5777655e+02 1.3060777e+02      
1.5686583e+02 1.3194552e+02      
1.5672176e+02 1.3330859e+02      
1.5726213e+02 1.3460466e+02      
1.4537381e+02 1.1610368e+02      
1.4751505e+02 1.1125120e+02      
1.5082448e+02 1.0644830e+02      
1.5542877e+02 1.0174908e+02      
1.6029124e+02 9.7591367e+01      
1.6478124e+02 9.4321584e+01      
1.6864820e+02 9.2151316e+01      
1.7203130e+02 9.1137897e+01      
1.7552684e+02 9.1192506e+01      
1.8013616e+02 9.2043661e+01      
1.8388069e+02 9.3427876e+01      
1.8653601e+02 9.5377736e+01      
1.8738254e+02 9.7488069e+01      
1.8555955e+02 9.9268316e+01      
1.8132074e+02 1.0047235e+02      
1.7782567e+02 1.0184891e+02      
1.7541596e+02 1.0338359e+02      
1.7395780e+02 1.0495607e+02      
1.7331129e+02 1.0648610e+02      
1.7335225e+02 1.0791041e+02      
1.5944449e+02 8.7490399e+01      
1.6181680e+02 8.2264985e+01      
1.6530935e+02 7.7111675e+01      
1.6988481e+02 7.2120580e+01      
1.7519172e+02 6.7452214e+01      
1.8007232e+02 6.3798947e+01      
1.8423519e+02 6.1460073e+01      
1.8786896e+02 6.0396039e+01      
1.9205959e+02 6.0033597e+01      
1.9667805e+02 6.0369015e+01      
2.0031582e+02 6.1502346e+01      
2.0248354e+02 6.3411969e+01      
2.0316170e+02 6.5886911e+01      
2.0071023e+02 6.8367157e+01      
1.9619494e+02 7.0482671e+01      
1.9221516e+02 7.2524332e+01      
1.8933206e+02 7.4495783e+01      
1.8749572e+02 7.6354387e+01      
1.8648693e+02 7.8085965e+01      
1.8610535e+02 7.9683207e+01      
1.6994309e+02 5.7521914e+01      
1.7243884e+02 5.1902648e+01      
1.7602581e+02 4.6408659e+01      
1.8062410e+02 4.1156694e+01      
1.8590667e+02 3.6310294e+01      
1.9124378e+02 3.2200979e+01      
1.9559568e+02 2.9711758e+01      
1.9986242e+02 2.8153063e+01      
2.0467992e+02 2.7262213e+01      
2.1027194e+02 2.6924071e+01      
2.1391520e+02 2.7809370e+01      
2.1535370e+02 2.9850873e+01      
2.1432788e+02 3.2811941e+01      
2.1045214e+02 3.6295082e+01      
2.0677504e+02 3.9392968e+01      
2.0232904e+02 4.2130600e+01      
1.9920603e+02 4.4548757e+01      
1.9724722e+02 4.6676947e+01      
1.9611521e+02 4.8576842e+01      
1.9540612e+02 5.0372139e+01      
1.7670092e+02 2.6654180e+01      
1.7923159e+02 2.0590051e+01      
1.8291422e+02 1.4736112e+01      
1.8775040e+02 9.1748684e+00      
1.9339619e+02 4.0459397e+00      
1.9889323e+02 -2.0845156e-01      
2.0372727e+02 -3.2516172e+00      
2.0816224e+02 -5.2037356e+00      
2.1282376e+02 -6.3437821e+00      
2.1833171e+02 -7.0662738e+00      
2.2165457e+02 -6.2305770e+00      
2.2239657e+02 -3.8992655e+00      
2.2035564e+02 -3.1758765e-01      
2.1562847e+02 4.1476255e+00      
2.1140567e+02 8.0769251e+00      
2.0766520e+02 1.1389358e+01      
2.0481347e+02 1.4188575e+01      
2.0300507e+02 1.6519046e+01      
2.0211127e+02 1.8453002e+01      
2.0117495e+02 2.0451300e+01      
1.7959938e+02 -4.6864328e+00      
1.8203385e+02 -1.1276072e+01      
1.8572786e+02 -1.7465010e+01      
1.9090368e+02 -2.3291008e+01      
1.9757444e+02 -2.8887461e+01      
2.0346794e+02 -3.3438380e+01      
2.0846772e+02 -3.6898960e+01      
2.1259901e+02 -3.9093173e+01      
2.1598219e+02 -3.9916542e+01      
2.2059461e+02 -4.0594034e+01      
2.2324873e+02 -3.9484983e+01      
2.2344535e+02 -3.6699484e+01      
2.2103294e+02 -3.2516820e+01      
2.1618146e+02 -2.7273390e+01      
2.1199276e+02 -2.2757433e+01      
2.0866290e+02 -1.9027540e+01      
2.0614746e+02 -1.5936553e+01      
2.0452342e+02 -1.3437552e+01      
2.0369451e+02 -1.1433151e+01      
2.0262114e+02 -9.2501017e+00      
1.7860411e+02 -3.5927994e+01      
1.8075593e+02 -4.3057176e+01      
1.8422488e+02 -4.9454883e+01      
1.8926845e+02 -5.5185820e+01      
1.9592980e+02 -6.0321182e+01      
2.0179588e+02 -6.4909673e+01      
2.0675105e+02 -6.8794470e+01      
2.1074221e+02 -7.1531056e+01      
2.1364315e+02 -7.2528146e+01      
2.1709993e+02 -7.2667033e+01      
2.1883616e+02 -7.0788006e+01      
2.1860310e+02 -6.7370600e+01      
2.1631472e+02 -6.2762737e+01      
2.1209958e+02 -5.7217171e+01      
2.0846238e+02 -5.2474508e+01      
2.0555875e+02 -4.8522232e+01      
2.0333697e+02 -4.5231191e+01      
2.0184379e+02 -4.2577961e+01      
2.0099595e+02 -4.0476269e+01      
1.9985784e+02 -3.8139177e+01      
1.7394541e+02 -6.5130943e+01      
1.7569940e+02 -7.2498875e+01      
1.7874492e+02 -7.8910432e+01      
1.8317250e+02 -8.4330498e+01      
1.8873569e+02 -8.8696674e+01      
1.9408380e+02 -9.3278829e+01      
1.9888179e+02 -9.7830307e+01      
2.0306785e+02 -1.0175895e+02      
2.0652900e+02 -1.0413603e+02      
2.0826085e+02 -1.0260219e+02      
2.0889123e+02 -9.9309356e+01      
2.0829575e+02 -9.5038034e+01      
2.0646424e+02 -9.0216443e+01      
2.0372085e+02 -8.5206015e+01      
2.0095055e+02 -8.0608087e+01      
1.9854096e+02 -7.6605746e+01      
1.9659367e+02 -7.3189470e+01      
1.9517244e+02 -7.0363855e+01      
1.9423557e+02 -6.8085188e+01      
1.9308625e+02 -6.5631950e+01      
1.6604510e+02 -9.1777184e+01      
1.6739005e+02 -9.9047739e+01      
1.6994694e+02 -1.0533930e+02      
1.7372659e+02 -1.1059417e+02      
1.7855677e+02 -1.1485589e+02      
1.8335164e+02 -1.1980549e+02      
1.8792437e+02 -1.2541455e+02      
1.9217992e+02 -1.3084694e+02      
1.9513787e+02 -1.3311703e+02      
1.9650515e+02 -1.3156794e+02      
1.9630837e+02 -1.2666748e+02      
1.9541320e+02 -1.2129307e+02      
1.9390974e+02 -1.1612706e+02      
1.9196177e+02 -1.1129131e+02      
1.8988031e+02 -1.0686048e+02      
1.8792287e+02 -1.0289865e+02      
1.8622300e+02 -9.9415974e+01      
1.8483046e+02 -9.6393800e+01      
1.8367823e+02 -9.3733625e+01      
1.8255449e+02 -9.1205079e+01      
1.5539891e+02 -1.1551916e+02      
1.5644333e+02 -1.2238938e+02      
1.5853908e+02 -1.2846553e+02      
1.6167579e+02 -1.3371213e+02      
1.6577858e+02 -1.3822670e+02      
1.6992672e+02 -1.4364693e+02      
1.7409585e+02 -1.5039091e+02      
1.7759795e+02 -1.5569635e+02      
1.8002821e+02 -1.5789894e+02      
1.8119674e+02 -1.5640596e+02      
1.8110900e+02 -1.5167573e+02      
1.8005757e+02 -1.4527056e+02      
1.7878017e+02 -1.3990321e+02      
1.7728315e+02 -1.3520593e+02      
1.7566555e+02 -1.3094752e+02      
1.7406813e+02 -1.2708551e+02      
1.7259129e+02 -1.2360676e+02      
1.7127743e+02 -1.2048674e+02      
1.7010728e+02 -1.1767128e+02      
1.6903290e+02 -1.1509996e+02      
1.4242621e+02 -1.3614857e+02      
1.4332250e+02 -1.4239044e+02      
1.4501089e+02 -1.4815769e+02      
1.4745582e+02 -1.5342233e+02      
1.5048747e+02 -1.5839608e+02      
1.5372710e+02 -1.6366975e+02      
1.5693245e+02 -1.6944640e+02      
1.5979122e+02 -1.7510818e+02      
1.6176438e+02 -1.7749129e+02      
1.6273451e+02 -1.7586354e+02      
1.6266927e+02 -1.7087068e+02      
1.6203338e+02 -1.6566829e+02      
1.6108376e+02 -1.6090200e+02      
1.5992813e+02 -1.5656925e+02      
1.5864809e+02 -1.5257369e+02      
1.5733451e+02 -1.4888106e+02      
1.5606064e+02 -1.4548225e+02      
1.5486793e+02 -1.4236818e+02      
1.5376706e+02 -1.3952341e+02      
1.5275579e+02 -1.3693847e+02      
1.2661288e+02 -1.5467460e+02      
1.2732998e+02 -1.6033475e+02      
1.2862821e+02 -1.6572960e+02      
1.3045895e+02 -1.7081263e+02      
1.3268322e+02 -1.7566542e+02      
1.3509052e+02 -1.8042839e+02      
1.3746052e+02 -1.8509289e+02      
1.3955278e+02 -1.8929391e+02      
1.4109529e+02 -1.9198481e+02      
1.4190120e+02 -1.9011901e+02      
1.4204605e+02 -1.8672038e+02      
1.4171284e+02 -1.8285086e+02      
1.4105358e+02 -1.7893857e+02      
1.4017347e+02 -1.7513530e+02      
1.3915518e+02 -1.7149167e+02      
1.3807091e+02 -1.6803195e+02      
1.3697888e+02 -1.6477460e+02      
1.3591854e+02 -1.6173323e+02      
1.3491185e+02 -1.5891824e+02      
1.3397103e+02 -1.5634321e+02      
1.0824022e+02 -1.7087045e+02      
1.0873322e+02 -1.7603320e+02      
1.0966754e+02 -1.8101788e+02      
1.1099284e+02 -1.8575410e+02      
1.1260441e+02 -1.9021969e+02      
1.1435504e+02 -1.9438653e+02      
1.1607641e+02 -1.9812560e+02      
1.1759279e+02 -2.0111603e+02      
1.1874168e+02 -2.0268409e+02      
1.1941962e+02 -2.0202108e+02      
1.1963781e+02 -1.9994412e+02      
1.1947197e+02 -1.9715343e+02      
1.1901280e+02 -1.9402519e+02      
1.1834171e+02 -1.9077370e+02      
1.1752815e+02 -1.8751734e+02      
1.1663127e+02 -1.8432652e+02      
1.1569915e+02 -1.8124862e+02      
1.1476748e+02 -1.7831883e+02      
1.1386045e+02 -1.7556601e+02      
1.1299399e+02 -1.7301777e+02      
8.7712225e+01 -1.8442414e+02      
8.7970436e+01 -1.8913967e+02      
8.8575490e+01 -1.9370455e+02      
8.9480835e+01 -1.9803255e+02      
9.0605622e+01 -2.0205071e+02      
9.1841473e+01 -2.0566856e+02      
9.3064711e+01 -2.0873449e+02      
9.4150596e+01 -2.1100100e+02      
9.4991547e+01 -2.1214093e+02      
9.5520377e+01 -2.1196671e+02      
9.5724620e+01 -2.1068533e+02      
9.5634744e+01 -2.0865202e+02      
9.5301865e+01 -2.0615524e+02      
9.4781554e+01 -2.0339694e+02      
9.4126327e+01 -2.0051285e+02      
9.3382743e+01 -1.9759556e+02      
9.2589800e+01 -1.9471155e+02      
9.1778032e+01 -1.9191165e+02      
9.0969741e+01 -1.8923762e+02      
9.0180290e+01 -1.8672657e+02      
6.5435283e+01 -1.9510955e+02      
6.5466791e+01 -1.9941374e+02      
6.5779169e+01 -2.0357126e+02      
6.6332101e+01 -2.0749013e+02      
6.7062634e+01 -2.1107972e+02      
6.7889793e+01 -2.1423616e+02      
6.8722944e+01 -2.1682658e+02      
6.9472596e+01 -2.1868739e+02      
7.0062898e+01 -2.1966059e+02      
7.0443633e+01 -2.1968067e+02      
7.0596257e+01 -2.1883396e+02      
7.0530047e+01 -2.1730275e+02      
7.0272193e+01 -2.1527941e+02      
6.9858120e+01 -2.1292656e+02      
6.9324876e+01 -2.1037074e+02      
6.8707265e+01 -2.0770842e+02      
6.8035610e+01 -2.0501414e+02      
6.7334556e+01 -2.0234745e+02      
6.6622727e+01 -1.9975791e+02      
6.5913018e+01 -1.9728871e+02      
