3.2318312e+00 2.4456789e+02      
1.4640222e+00 2.4159639e+02      
3.5230616e-01 2.3865825e+02      
-9.9698627e-02 2.3582194e+02      
1.0510983e-01 2.3315410e+02      
9.5562905e-01 2.3071757e+02      
2.4280524e+00 2.2857022e+02      
4.4740633e+00 2.2676656e+02      
6.9919013e+00 2.2536430e+02      
9.7812477e+00 2.2443278e+02      
1.2588272e+01 2.2403260e+02      
1.5287156e+01 2.2415758e+02      
1.7892085e+01 2.2473225e+02      
2.0431407e+01 2.2567253e+02      
2.2960110e+01 2.2690939e+02      
2.5576762e+01 2.2837541e+02      
2.8389618e+01 2.2999564e+02      
3.1493006e+01 2.3168963e+02      
3.4958972e+01 2.3337686e+02      
3.8836131e+01 2.3498109e+02      
3.0825517e+01 2.3330272e+02      
2.9223095e+01 2.3014623e+02      
2.8292793e+01 2.2700189e+02      
2.8042728e+01 2.2394458e+02      
2.8477077e+01 2.2104756e+02      
2.9596694e+01 2.1837896e+02      
3.1398732e+01 2.1599846e+02      
3.3871203e+01 2.1395716e+02      
3.6963704e+01 2.1230811e+02      
4.0405071e+01 2.1115564e+02      
4.3546660e+01 2.1067810e+02      
4.6224123e+01 2.1087524e+02      
4.8713436e+01 2.1154630e+02      
5.0978398e+01 2.1256512e+02      
5.3077214e+01 2.1387654e+02      
5.5191455e+01 2.1541933e+02      
5.7486447e+01 2.1710836e+02      
6.0088612e+01 2.1884860e+02      
6.3085541e+01 2.2054731e+02      
6.6530448e+01 2.2212032e+02      
5.7273804e+01 2.1841522e+02      
5.5849560e+01 2.1504956e+02      
5.5107364e+01 2.1167358e+02      
5.5059143e+01 2.0836990e+02      
5.5715343e+01 2.0522083e+02      
5.7088622e+01 2.0230261e+02      
5.9200679e+01 1.9967689e+02      
6.2094212e+01 1.9738285e+02      
6.5864458e+01 1.9543576e+02      
7.0436020e+01 1.9391968e+02      
7.4014441e+01 1.9337130e+02      
7.6474435e+01 1.9382232e+02      
7.9051972e+01 1.9468473e+02      
8.0899273e+01 1.9580511e+02      
8.2335417e+01 1.9723079e+02      
8.3747528e+01 1.9891393e+02      
8.5362501e+01 2.0074188e+02      
8.7335785e+01 2.0259439e+02      
8.9764358e+01 2.0436197e+02      
9.2698691e+01 2.0595220e+02      
8.2151823e+01 2.0016905e+02      
8.0913204e+01 1.9656753e+02      
8.0359213e+01 1.9293036e+02      
8.0503755e+01 1.8934943e+02      
8.1359920e+01 1.8592052e+02      
8.2945372e+01 1.8273574e+02      
8.5295008e+01 1.7986692e+02      
8.8484955e+01 1.7734232e+02      
9.2670663e+01 1.7512988e+02      
9.7758823e+01 1.7329656e+02      
1.0181404e+02 1.7269055e+02      
1.0491926e+02 1.7336050e+02      
1.0867523e+02 1.7444629e+02      
1.0983292e+02 1.7561096e+02      
1.1030453e+02 1.7720648e+02      
1.1076673e+02 1.7912209e+02      
1.1152344e+02 1.8118281e+02      
1.1274187e+02 1.8322844e+02      
1.1451541e+02 1.8512903e+02      
1.1687893e+02 1.8678621e+02      
1.0506576e+02 1.7888382e+02      
1.0401570e+02 1.7501784e+02      
1.0364508e+02 1.7108503e+02      
1.0396783e+02 1.6718670e+02      
1.0499479e+02 1.6343748e+02      
1.0673654e+02 1.5996047e+02      
1.0921688e+02 1.5686243e+02      
1.1250721e+02 1.5417969e+02      
1.1676832e+02 1.5182779e+02      
1.2194139e+02 1.4980836e+02      
1.2634524e+02 1.4915902e+02      
1.3018469e+02 1.4987814e+02      
1.3492322e+02 1.5084280e+02      
1.3701336e+02 1.5217559e+02      
1.3644217e+02 1.5406519e+02      
1.3573118e+02 1.5635952e+02      
1.3544983e+02 1.5878293e+02      
1.3580409e+02 1.6111898e+02      
1.3686303e+02 1.6321948e+02      
1.3862603e+02 1.6498881e+02      
1.2565945e+02 1.5493148e+02      
1.2479735e+02 1.5077271e+02      
1.2460205e+02 1.4650582e+02      
1.2508736e+02 1.4223689e+02      
1.2626014e+02 1.3810023e+02      
1.2811292e+02 1.3426952e+02      
1.3062180e+02 1.3094439e+02      
1.3380379e+02 1.2823077e+02      
1.3780420e+02 1.2598853e+02      
1.4265029e+02 1.2408139e+02      
1.4714565e+02 1.2344939e+02      
1.5152899e+02 1.2401683e+02      
1.5687672e+02 1.2466721e+02      
1.5972195e+02 1.2603063e+02      
1.5987428e+02 1.2818300e+02      
1.5802754e+02 1.3102494e+02      
1.5659080e+02 1.3397231e+02      
1.5600643e+02 1.3670920e+02      
1.5634034e+02 1.3906833e+02      
1.5752149e+02 1.4097930e+02      
1.4362028e+02 1.2873144e+02      
1.4294264e+02 1.2425681e+02      
1.4291142e+02 1.1961967e+02      
1.4354343e+02 1.1491587e+02      
1.4484941e+02 1.1028357e+02      
1.4681404e+02 1.0594519e+02      
1.4932351e+02 1.0229051e+02      
1.5218455e+02 9.9762683e+01      
1.5562097e+02 9.7982003e+01      
1.5963665e+02 9.6747268e+01      
1.6393185e+02 9.6251803e+01      
1.6868546e+02 9.6395568e+01      
1.7409736e+02 9.6790963e+01      
1.7717363e+02 9.8267895e+01      
1.7790377e+02 1.0065124e+02      
1.7674781e+02 1.0372419e+02      
1.7431244e+02 1.0730092e+02      
1.7281513e+02 1.1053081e+02      
1.7249850e+02 1.1317436e+02      
1.7319112e+02 1.1522067e+02      
1.5868477e+02 1.0074259e+02      
1.5818606e+02 9.5942388e+01      
1.5830174e+02 9.0917469e+01      
1.5905659e+02 8.5723030e+01      
1.6048441e+02 8.0452006e+01      
1.6259075e+02 7.5353330e+01      
1.6522262e+02 7.1031453e+01      
1.6751177e+02 6.9071802e+01      
1.7030289e+02 6.7990462e+01      
1.7366884e+02 6.7318601e+01      
1.7754374e+02 6.7029514e+01      
1.8188410e+02 6.7255749e+01      
1.8634239e+02 6.8093969e+01      
1.8891539e+02 7.0103262e+01      
1.8979431e+02 7.2833066e+01      
1.8928208e+02 7.6038823e+01      
1.8769710e+02 7.9585068e+01      
1.8560528e+02 8.3261124e+01      
1.8493858e+02 8.6085527e+01      
1.8534029e+02 8.8198220e+01      
1.7064419e+02 7.1449221e+01      
1.7032076e+02 6.6333940e+01      
1.7055676e+02 6.0953297e+01      
1.7138524e+02 5.5273139e+01      
1.7287867e+02 4.9262993e+01      
1.7504796e+02 4.3272499e+01      
1.7729085e+02 3.9028786e+01      
1.7946549e+02 3.6905370e+01      
1.8169280e+02 3.6625384e+01      
1.8447909e+02 3.6459308e+01      
1.8781768e+02 3.6254015e+01      
1.9149844e+02 3.6750751e+01      
1.9354482e+02 3.9450398e+01      
1.9503641e+02 4.2516834e+01      
1.9571893e+02 4.5725203e+01      
1.9557535e+02 4.9048919e+01      
1.9480170e+02 5.2412500e+01      
1.9384146e+02 5.5625306e+01      
1.9346101e+02 5.8311232e+01      
1.9380869e+02 6.0382066e+01      
1.7934862e+02 4.1340235e+01      
1.7921357e+02 3.5926941e+01      
1.7953871e+02 3.0306495e+01      
1.8033096e+02 2.4381534e+01      
1.8172720e+02 1.7788640e+01      
1.8343291e+02 1.1999611e+01      
1.8534224e+02 7.8547094e+00      
1.8740450e+02 5.6425756e+00      
1.8955831e+02 5.1116398e+00      
1.9181770e+02 5.3187699e+00      
1.9443568e+02 4.7099784e+00      
1.9655214e+02 6.2333202e+00      
1.9759487e+02 1.0413590e+01      
1.9836889e+02 1.4440852e+01      
1.9880378e+02 1.8112141e+01      
1.9882455e+02 2.1563442e+01      
1.9854540e+02 2.4802054e+01      
1.9823020e+02 2.7737790e+01      
1.9818934e+02 3.0233408e+01      
1.9858856e+02 3.2203346e+01      
1.8470073e+02 1.0894727e+01      
1.8482129e+02 5.1360037e+00      
1.8526568e+02 -6.2363326e-01      
1.8578602e+02 -6.0767249e+00      
1.8665360e+02 -1.1653322e+01      
1.8793623e+02 -1.7352066e+01      
1.8957408e+02 -2.1430627e+01      
1.9162277e+02 -2.3548049e+01      
1.9383439e+02 -2.4013162e+01      
1.9567741e+02 -2.4558389e+01      
1.9714190e+02 -2.5269599e+01      
1.9812632e+02 -2.3140861e+01      
1.9858208e+02 -1.8143419e+01      
1.9895157e+02 -1.3544886e+01      
1.9919353e+02 -9.5874907e+00      
1.9925962e+02 -6.0674081e+00      
1.9920830e+02 -2.9115759e+00      
1.9917754e+02 -1.3365353e-01      
1.9932521e+02 2.2117845e+00      
1.9976199e+02 4.0720627e+00      
1.8662596e+02 -1.9392854e+01      
1.8711594e+02 -2.5664680e+01      
1.8788149e+02 -3.1736970e+01      
1.8784829e+02 -3.6138852e+01      
1.8811187e+02 -4.0244252e+01      
1.8889811e+02 -4.4433330e+01      
1.9023927e+02 -4.8362271e+01      
1.9240185e+02 -5.0253327e+01      
1.9509727e+02 -5.1996037e+01      
1.9643311e+02 -5.3028511e+01      
1.9631236e+02 -5.3277074e+01      
1.9634245e+02 -5.0726449e+01      
1.9642376e+02 -4.5439883e+01      
1.9653754e+02 -4.0706790e+01      
1.9663152e+02 -3.6721123e+01      
1.9667916e+02 -3.3253631e+01      
1.9670874e+02 -3.0209316e+01      
1.9679154e+02 -2.7570244e+01      
1.9701272e+02 -2.5357269e+01      
1.9744056e+02 -2.3603016e+01      
1.8501681e+02 -4.8909078e+01      
1.8587901e+02 -5.5815483e+01      
1.8637863e+02 -6.1476523e+01      
1.8634505e+02 -6.5456606e+01      
1.8603032e+02 -6.7943117e+01      
1.8633985e+02 -7.0495530e+01      
1.8741639e+02 -7.3169023e+01      
1.8936204e+02 -7.5557149e+01      
1.9189758e+02 -7.7957765e+01      
1.9276737e+02 -7.8962101e+01      
1.9183336e+02 -7.8548833e+01      
1.9127576e+02 -7.5800625e+01      
1.9111600e+02 -7.0884236e+01      
1.9104737e+02 -6.6516936e+01      
1.9102024e+02 -6.2779267e+01      
1.9101834e+02 -5.9505011e+01      
1.9105198e+02 -5.6632005e+01      
1.9115635e+02 -5.4148019e+01      
1.9137697e+02 -5.2067621e+01      
1.9175353e+02 -5.0416655e+01      
1.7967027e+02 -7.6689760e+01      
1.8024910e+02 -8.3268553e+01      
1.8053800e+02 -8.8523757e+01      
1.8046142e+02 -9.2036549e+01      
1.8017586e+02 -9.3969081e+01      
1.8007152e+02 -9.5103200e+01      
1.8081713e+02 -9.6952596e+01      
1.8238789e+02 -9.9229743e+01      
1.8448632e+02 -1.0166764e+02      
1.8502619e+02 -1.0219020e+02      
1.8392229e+02 -1.0048395e+02      
1.8312583e+02 -9.7787374e+01      
1.8272120e+02 -9.4260191e+01      
1.8249956e+02 -9.0688772e+01      
1.8237241e+02 -8.7397906e+01      
1.8230990e+02 -8.4424340e+01      
1.8230926e+02 -8.1776640e+01      
1.8238524e+02 -7.9469846e+01      
1.8256048e+02 -7.7527525e+01      
1.8285594e+02 -7.5977797e+01      
1.7005015e+02 -1.0061778e+02      
1.7049430e+02 -1.0710903e+02      
1.7064891e+02 -1.1207976e+02      
1.7047673e+02 -1.1499263e+02      
1.7009427e+02 -1.1613188e+02      
1.7006003e+02 -1.1734716e+02      
1.7057141e+02 -1.1892124e+02      
1.7166881e+02 -1.2082302e+02      
1.7315811e+02 -1.2284654e+02      
1.7345667e+02 -1.2299948e+02      
1.7250142e+02 -1.2107160e+02      
1.7175564e+02 -1.1870488e+02      
1.7128590e+02 -1.1599200e+02      
1.7098235e+02 -1.1312452e+02      
1.7078428e+02 -1.1031829e+02      
1.7066362e+02 -1.0768700e+02      
1.7061235e+02 -1.0529135e+02      
1.7063447e+02 -1.0317389e+02      
1.7073946e+02 -1.0137153e+02      
1.7093631e+02 -9.9918666e+01      
1.5724552e+02 -1.2199300e+02      
1.5728013e+02 -1.2724821e+02      
1.5731421e+02 -1.3201474e+02      
1.5704366e+02 -1.3427546e+02      
1.5679653e+02 -1.3585209e+02      
1.5677198e+02 -1.3729043e+02      
1.5705752e+02 -1.3873091e+02      
1.5762599e+02 -1.4012463e+02      
1.5823105e+02 -1.4116070e+02      
1.5834449e+02 -1.4114620e+02      
1.5792231e+02 -1.3997626e+02      
1.5740993e+02 -1.3818096e+02      
1.5698797e+02 -1.3603274e+02      
1.5666501e+02 -1.3369302e+02      
1.5642502e+02 -1.3131429e+02      
1.5625492e+02 -1.2901159e+02      
1.5614875e+02 -1.2686510e+02      
1.5610619e+02 -1.2493393e+02      
1.5612954e+02 -1.2326564e+02      
1.5622034e+02 -1.2190084e+02      
1.4171819e+02 -1.4113952e+02      
1.4146266e+02 -1.4531033e+02      
1.4125107e+02 -1.4898198e+02      
1.4099077e+02 -1.5156174e+02      
1.4077118e+02 -1.5347219e+02      
1.4068233e+02 -1.5504129e+02      
1.4075666e+02 -1.5637135e+02      
1.4094864e+02 -1.5742478e+02      
1.4111621e+02 -1.5802769e+02      
1.4108722e+02 -1.5795795e+02      
1.4083251e+02 -1.5717130e+02      
1.4047120e+02 -1.5582846e+02      
1.4010990e+02 -1.5411517e+02      
1.3979171e+02 -1.5218149e+02      
1.3952704e+02 -1.5015474e+02      
1.3931581e+02 -1.4813964e+02      
1.3915617e+02 -1.4621881e+02      
1.3904673e+02 -1.4445767e+02      
1.3898605e+02 -1.4290956e+02      
1.3897114e+02 -1.4161923e+02      
1.2379652e+02 -1.5804134e+02      
1.2335702e+02 -1.6145705e+02      
1.2298738e+02 -1.6451071e+02      
1.2265751e+02 -1.6700608e+02      
1.2238366e+02 -1.6898301e+02      
1.2219535e+02 -1.7055974e+02      
1.2209809e+02 -1.7179464e+02      
1.2205714e+02 -1.7267016e+02      
1.2200145e+02 -1.7311039e+02      
1.2186045e+02 -1.7303544e+02      
1.2161514e+02 -1.7243378e+02      
1.2130216e+02 -1.7137807e+02      
1.2097131e+02 -1.6998046e+02      
1.2065603e+02 -1.6835553e+02      
1.2037216e+02 -1.6660847e+02      
1.2012524e+02 -1.6483134e+02      
1.1991593e+02 -1.6310216e+02      
1.1974251e+02 -1.6148623e+02      
1.1960146e+02 -1.6003840e+02      
1.1948696e+02 -1.5880511e+02      
1.0379703e+02 -1.7252408e+02      
1.0323620e+02 -1.7541924e+02      
1.0275321e+02 -1.7806084e+02      
1.0233256e+02 -1.8033474e+02      
1.0197361e+02 -1.8221184e+02      
1.0168069e+02 -1.8371246e+02      
1.0144803e+02 -1.8485248e+02      
1.0125200e+02 -1.8562104e+02      
1.0105542e+02 -1.8598661e+02      
1.0082432e+02 -1.8592189e+02      
1.0054596e+02 -1.8543170e+02      
1.0023166e+02 -1.8456183e+02      
9.9903703e+01 -1.8338638e+02      
9.9581936e+01 -1.8199039e+02      
9.9278751e+01 -1.8045863e+02      
9.8999761e+01 -1.7887001e+02      
9.8745846e+01 -1.7729505e+02      
9.8514630e+01 -1.7579548e+02      
9.8301077e+01 -1.7442473e+02      
9.8097487e+01 -1.7322880e+02      
8.2055497e+01 -1.8437106e+02      
8.1409033e+01 -1.8687214e+02      
8.0837244e+01 -1.8918306e+02      
8.0330935e+01 -1.9121956e+02      
7.9885382e+01 -1.9293668e+02      
7.9496807e+01 -1.9431842e+02      
7.9156678e+01 -1.9535751e+02      
7.8848804e+01 -1.9604298e+02      
7.8552019e+01 -1.9636080e+02      
7.8247595e+01 -1.9630411e+02      
7.7926530e+01 -1.9588463e+02      
7.7591182e+01 -1.9513727e+02      
7.7250804e+01 -1.9411596e+02      
7.6915522e+01 -1.9288551e+02      
7.6592592e+01 -1.9151420e+02      
7.6285307e+01 -1.9006875e+02      
7.5993264e+01 -1.8861145e+02      
7.5712907e+01 -1.8719879e+02      
7.5437854e+01 -1.8588101e+02      
7.5158968e+01 -1.8470217e+02      
