1.3605743e+01 2.4973574e+02      
1.1633674e+01 2.4715918e+02      
1.0262822e+01 2.4453919e+02      
9.4870327e+00 2.4193860e+02      
9.2939184e+00 2.3941711e+02      
9.6662886e+00 2.3702898e+02      
1.0584467e+01 2.3482114e+02      
1.2031211e+01 2.3283152e+02      
1.3998208e+01 2.3108782e+02      
1.6486124e+01 2.2960828e+02      
1.9491901e+01 2.2840493e+02      
2.2989147e+01 2.2748811e+02      
2.6909241e+01 2.2686919e+02      
3.1123781e+01 2.2655925e+02      
3.5418643e+01 2.2655565e+02      
3.9306241e+01 2.2674272e+02      
4.2129314e+01 2.2687787e+02      
4.4512350e+01 2.2714452e+02      
4.6915405e+01 2.2759676e+02      
4.9533252e+01 2.2817376e+02      
4.1047766e+01 2.3980486e+02      
3.9229198e+01 2.3707961e+02      
3.8026348e+01 2.3429210e+02      
3.7429033e+01 2.3151301e+02      
3.7420282e+01 2.2880939e+02      
3.7977298e+01 2.2624174e+02      
3.9071952e+01 2.2386201e+02      
4.0677931e+01 2.2171133e+02      
4.2791841e+01 2.1981673e+02      
4.5444987e+01 2.1819075e+02      
4.8676924e+01 2.1683867e+02      
5.2498611e+01 2.1576883e+02      
5.6868135e+01 2.1500062e+02      
6.1670294e+01 2.1456912e+02      
6.6724881e+01 2.1453963e+02      
7.1492168e+01 2.1488024e+02      
7.3230340e+01 2.1459415e+02      
7.4635179e+01 2.1462196e+02      
7.6211035e+01 2.1493095e+02      
7.8114780e+01 2.1538667e+02      
6.7224331e+01 2.2622019e+02      
6.5589612e+01 2.2331806e+02      
6.4584315e+01 2.2033595e+02      
6.4192007e+01 2.1735488e+02      
6.4390379e+01 2.1445119e+02      
6.5152076e+01 2.1169245e+02      
6.6436260e+01 2.0913670e+02      
6.8183134e+01 2.0683169e+02      
7.0373312e+01 2.0480500e+02      
7.3103614e+01 2.0305488e+02      
7.6496149e+01 2.0156843e+02      
8.0620622e+01 2.0034384e+02      
8.5481194e+01 1.9940414e+02      
9.1005848e+01 1.9880438e+02      
9.6868556e+01 1.9861427e+02      
1.0190047e+02 1.9874146e+02      
1.0311431e+02 1.9845412e+02      
1.0342528e+02 1.9844401e+02      
1.0396214e+02 1.9872772e+02      
1.0502108e+02 1.9915914e+02      
9.1703485e+01 2.0922355e+02      
9.0284560e+01 2.0610976e+02      
8.9510098e+01 2.0289831e+02      
8.9351600e+01 1.9968541e+02      
8.9779663e+01 1.9656013e+02      
9.0772294e+01 1.9359609e+02      
9.2291910e+01 1.9085568e+02      
9.4201213e+01 1.8840147e+02      
9.6304330e+01 1.8628157e+02      
9.8937216e+01 1.8445138e+02      
1.0236630e+02 1.8285805e+02      
1.0672396e+02 1.8147643e+02      
1.1206157e+02 1.8032457e+02      
1.1839566e+02 1.7947914e+02      
1.2544352e+02 1.7904571e+02      
1.3005943e+02 1.7882156e+02      
1.3140100e+02 1.7871668e+02      
1.3018458e+02 1.7882986e+02      
1.2953329e+02 1.7924348e+02      
1.2968341e+02 1.7977420e+02      
1.1407529e+02 1.8911389e+02      
1.1290792e+02 1.8574475e+02      
1.1240789e+02 1.8225665e+02      
1.1251742e+02 1.7877197e+02      
1.1318631e+02 1.7540203e+02      
1.1442281e+02 1.7221937e+02      
1.1623672e+02 1.6927897e+02      
1.1844102e+02 1.6667043e+02      
1.2012000e+02 1.6453154e+02      
1.2239838e+02 1.6270319e+02      
1.2568045e+02 1.6105601e+02      
1.3015299e+02 1.5952346e+02      
1.3590543e+02 1.5810443e+02      
1.4281615e+02 1.5688209e+02      
1.5001000e+02 1.5601550e+02      
1.5440265e+02 1.5558655e+02      
1.5564723e+02 1.5559688e+02      
1.5393278e+02 1.5607235e+02      
1.5229041e+02 1.5682327e+02      
1.5153822e+02 1.5759539e+02      
1.3395074e+02 1.6624726e+02      
1.3307545e+02 1.6256815e+02      
1.3292274e+02 1.5873190e+02      
1.3336155e+02 1.5491263e+02      
1.3424617e+02 1.5128213e+02      
1.3564364e+02 1.4789466e+02      
1.3765447e+02 1.4476356e+02      
1.3951040e+02 1.4210553e+02      
1.4114447e+02 1.3994011e+02      
1.4287775e+02 1.3822312e+02      
1.4581146e+02 1.3660620e+02      
1.5023582e+02 1.3494835e+02      
1.5629550e+02 1.3322533e+02      
1.6387558e+02 1.3151141e+02      
1.7012337e+02 1.3035546e+02      
1.7406896e+02 1.2982669e+02      
1.7543979e+02 1.2991951e+02      
1.7433967e+02 1.3065596e+02      
1.7159938e+02 1.3194589e+02      
1.7003954e+02 1.3307538e+02      
1.5095565e+02 1.4103948e+02      
1.5040116e+02 1.3699075e+02      
1.5073236e+02 1.3268938e+02      
1.5171433e+02 1.2838730e+02      
1.5267752e+02 1.2452746e+02      
1.5381688e+02 1.2109453e+02      
1.5514071e+02 1.1804589e+02      
1.5654664e+02 1.1542229e+02      
1.5797315e+02 1.1328515e+02      
1.5963938e+02 1.1157870e+02      
1.6210791e+02 1.1007349e+02      
1.6635401e+02 1.0830508e+02      
1.7233599e+02 1.0631077e+02      
1.7942795e+02 1.0431350e+02      
1.8489672e+02 1.0305924e+02      
1.8841877e+02 1.0253090e+02      
1.8990432e+02 1.0269520e+02      
1.8926148e+02 1.0359344e+02      
1.8664284e+02 1.0523950e+02      
1.8471984e+02 1.0673833e+02      
1.6473176e+02 1.1396633e+02      
1.6444498e+02 1.0951667e+02      
1.6532314e+02 1.0463833e+02      
1.6736313e+02 9.9526734e+01      
1.6808178e+02 9.5563951e+01      
1.6756311e+02 9.2798933e+01      
1.6816680e+02 8.9922697e+01      
1.6913253e+02 8.7357571e+01      
1.7019845e+02 8.5322894e+01      
1.7151867e+02 8.3752942e+01      
1.7400161e+02 8.2099807e+01      
1.7803004e+02 8.0216475e+01      
1.8378571e+02 7.7998826e+01      
1.8931789e+02 7.6266646e+01      
1.9382594e+02 7.5180968e+01      
1.9695107e+02 7.4758679e+01      
1.9855206e+02 7.4986773e+01      
1.9858716e+02 7.5861916e+01      
1.9724935e+02 7.7337767e+01      
1.9520785e+02 7.9194433e+01      
1.7497657e+02 8.5545195e+01      
1.7476744e+02 8.0731310e+01      
1.7577815e+02 7.5368359e+01      
1.7788113e+02 6.9698333e+01      
1.7824717e+02 6.5717883e+01      
1.7692125e+02 6.3492517e+01      
1.7662678e+02 6.1086268e+01      
1.7726010e+02 5.8520129e+01      
1.7793392e+02 5.6603413e+01      
1.7929074e+02 5.4816317e+01      
1.8160326e+02 5.3048257e+01      
1.8498157e+02 5.1271736e+01      
1.8920719e+02 4.9568293e+01      
1.9344536e+02 4.8250133e+01      
1.9711732e+02 4.7459598e+01      
1.9989491e+02 4.7223278e+01      
2.0160875e+02 4.7533323e+01      
2.0223560e+02 4.8362473e+01      
2.0194311e+02 4.9627191e+01      
2.0120931e+02 5.1087612e+01      
1.8151034e+02 5.6294715e+01      
1.8114193e+02 5.1201687e+01      
1.8186272e+02 4.5544974e+01      
1.8349777e+02 3.9581527e+01      
1.8350590e+02 3.5632961e+01      
1.8192059e+02 3.3737899e+01      
1.8117831e+02 3.1610895e+01      
1.8131136e+02 2.9238337e+01      
1.8196585e+02 2.7027485e+01      
1.8323981e+02 2.5013627e+01      
1.8524571e+02 2.3171835e+01      
1.8797211e+02 2.1526540e+01      
1.9121166e+02 2.0167108e+01      
1.9457185e+02 1.9211386e+01      
1.9766529e+02 1.8722238e+01      
2.0021149e+02 1.8694787e+01      
2.0203987e+02 1.9105175e+01      
2.0308943e+02 1.9945486e+01      
2.0346158e+02 2.1155195e+01      
2.0348012e+02 2.2514111e+01      
1.8430246e+02 2.6700896e+01      
1.8358634e+02 2.1397435e+01      
1.8371570e+02 1.5690101e+01      
1.8454423e+02 9.8684854e+00      
1.8421259e+02 6.0273593e+00      
1.8275986e+02 4.1003516e+00      
1.8197373e+02 1.9128570e+00      
1.8192938e+02 -6.0168174e-01      
1.8247624e+02 -3.1606544e+00      
1.8354807e+02 -5.3458328e+00      
1.8521063e+02 -7.2555974e+00      
1.8743978e+02 -8.8347002e+00      
1.9008669e+02 -9.9697486e+00      
1.9291244e+02 -1.0609279e+01      
1.9565712e+02 -1.0775102e+01      
1.9810048e+02 -1.0560686e+01      
2.0008201e+02 -1.0058034e+01      
2.0146022e+02 -9.1942414e+00      
2.0213809e+02 -7.8122184e+00      
2.0245739e+02 -6.2589320e+00      
1.8344630e+02 -2.7753971e+00      
1.8229682e+02 -8.3640297e+00      
1.8169284e+02 -1.4062874e+01      
1.8131670e+02 -1.8882447e+01      
1.8066654e+02 -2.2438680e+01      
1.7976823e+02 -2.5030707e+01      
1.7916878e+02 -2.7505582e+01      
1.7909201e+02 -3.0291155e+01      
1.7955656e+02 -3.3500149e+01      
1.8033856e+02 -3.5797177e+01      
1.8166582e+02 -3.7904895e+01      
1.8351365e+02 -3.9511021e+01      
1.8577856e+02 -4.0456720e+01      
1.8829519e+02 -4.0748866e+01      
1.9087051e+02 -4.0488531e+01      
1.9332991e+02 -3.9905480e+01      
1.9553493e+02 -3.9361664e+01      
1.9729225e+02 -3.8628165e+01      
1.9793714e+02 -3.6776669e+01      
1.9826555e+02 -3.4767246e+01      
1.7910649e+02 -3.1611018e+01      
1.7752896e+02 -3.7688690e+01      
1.7639723e+02 -4.4145960e+01      
1.7525009e+02 -4.8203785e+01      
1.7429546e+02 -5.1202859e+01      
1.7351114e+02 -5.3715496e+01      
1.7299971e+02 -5.6186067e+01      
1.7286056e+02 -5.8916477e+01      
1.7310984e+02 -6.2028207e+01      
1.7370739e+02 -6.5427852e+01      
1.7472726e+02 -6.8123182e+01      
1.7626692e+02 -6.9853877e+01      
1.7828637e+02 -7.0574890e+01      
1.8065201e+02 -7.0405830e+01      
1.8319628e+02 -6.9564471e+01      
1.8574645e+02 -6.8397196e+01      
1.8816837e+02 -6.7944674e+01      
1.8987439e+02 -6.6939867e+01      
1.9073736e+02 -6.5036919e+01      
1.9094077e+02 -6.2422507e+01      
1.7148669e+02 -5.9171315e+01      
1.6945112e+02 -6.5617863e+01      
1.6771800e+02 -7.2664754e+01      
1.6620687e+02 -7.7316572e+01      
1.6504146e+02 -7.9604449e+01      
1.6423310e+02 -8.1566485e+01      
1.6371424e+02 -8.3700550e+01      
1.6348898e+02 -8.6153808e+01      
1.6355541e+02 -8.9004336e+01      
1.6390220e+02 -9.2241494e+01      
1.6455992e+02 -9.5540206e+01      
1.6584252e+02 -9.7312232e+01      
1.6772586e+02 -9.7638642e+01      
1.7005420e+02 -9.6806679e+01      
1.7263023e+02 -9.5294486e+01      
1.7523052e+02 -9.4654255e+01      
1.7745772e+02 -9.4093921e+01      
1.7908717e+02 -9.2976795e+01      
1.8005215e+02 -9.1031753e+01      
1.8045054e+02 -8.8413679e+01      
1.6085049e+02 -8.4852885e+01      
1.5837744e+02 -9.1395119e+01      
1.5606222e+02 -9.8663595e+01      
1.5421360e+02 -1.0371397e+02      
1.5289740e+02 -1.0652419e+02      
1.5210001e+02 -1.0785794e+02      
1.5154099e+02 -1.0958924e+02      
1.5124572e+02 -1.1161508e+02      
1.5113606e+02 -1.1414001e+02      
1.5124920e+02 -1.1703194e+02      
1.5162522e+02 -1.2003459e+02      
1.5272018e+02 -1.2146795e+02      
1.5458211e+02 -1.2114332e+02      
1.5694870e+02 -1.1951711e+02      
1.5930439e+02 -1.1813473e+02      
1.6157319e+02 -1.1735866e+02      
1.6363707e+02 -1.1705154e+02      
1.6517418e+02 -1.1602477e+02      
1.6613804e+02 -1.1400244e+02      
1.6658407e+02 -1.1122314e+02      
1.4750890e+02 -1.0818591e+02      
1.4470137e+02 -1.1449541e+02      
1.4195485e+02 -1.2148678e+02      
1.3990591e+02 -1.2639542e+02      
1.3852902e+02 -1.2933096e+02      
1.3754194e+02 -1.3132379e+02      
1.3683605e+02 -1.3311408e+02      
1.3648528e+02 -1.3464924e+02      
1.3608190e+02 -1.3716614e+02      
1.3598807e+02 -1.3968086e+02      
1.3636838e+02 -1.4161268e+02      
1.3732527e+02 -1.4247517e+02      
1.3932910e+02 -1.4123237e+02      
1.4146990e+02 -1.3968882e+02      
1.4352847e+02 -1.3837876e+02      
1.4545633e+02 -1.3741043e+02      
1.4718401e+02 -1.3669540e+02      
1.4858939e+02 -1.3586354e+02      
1.4950261e+02 -1.3375712e+02      
1.5010442e+02 -1.3154006e+02      
1.3177675e+02 -1.2886606e+02      
1.2878376e+02 -1.3465152e+02      
1.2596570e+02 -1.4066652e+02      
1.2395281e+02 -1.4486696e+02      
1.2276222e+02 -1.4718278e+02      
1.2166048e+02 -1.4940643e+02      
1.2067902e+02 -1.5165706e+02      
1.1974634e+02 -1.5424318e+02      
1.1868202e+02 -1.5773517e+02      
1.1831893e+02 -1.6013289e+02      
1.1873713e+02 -1.6117562e+02      
1.1996466e+02 -1.6059533e+02      
1.2196835e+02 -1.5886114e+02      
1.2385898e+02 -1.5734814e+02      
1.2561004e+02 -1.5607573e+02      
1.2722606e+02 -1.5497726e+02      
1.2866310e+02 -1.5395818e+02      
1.2985535e+02 -1.5278799e+02      
1.3074981e+02 -1.5117471e+02      
1.3140171e+02 -1.4944144e+02      
1.1400485e+02 -1.4663495e+02      
1.1088103e+02 -1.5190817e+02      
1.0864765e+02 -1.5591287e+02      
1.0673237e+02 -1.5939044e+02      
1.0520792e+02 -1.6212909e+02      
1.0388665e+02 -1.6461179e+02      
1.0267231e+02 -1.6713549e+02      
1.0144350e+02 -1.7002347e+02      
1.0009160e+02 -1.7350384e+02      
9.9585099e+01 -1.7562201e+02      
9.9988855e+01 -1.7617016e+02      
1.0137757e+02 -1.7495376e+02      
1.0290848e+02 -1.7358699e+02      
1.0441061e+02 -1.7230771e+02      
1.0583638e+02 -1.7112573e+02      
1.0716184e+02 -1.7000085e+02      
1.0834985e+02 -1.6886937e+02      
1.0936021e+02 -1.6763670e+02      
1.1017030e+02 -1.6625496e+02      
1.1079168e+02 -1.6481939e+02      
9.4615245e+01 -1.6115507e+02      
9.1870007e+01 -1.6515630e+02      
8.9553039e+01 -1.6870516e+02      
8.7563255e+01 -1.7185493e+02      
8.5847771e+01 -1.7464500e+02      
8.4354143e+01 -1.7719780e+02      
8.3023134e+01 -1.7967414e+02      
8.1813131e+01 -1.8218870e+02      
8.0802562e+01 -1.8458964e+02      
8.0322830e+01 -1.8620642e+02      
8.0502651e+01 -1.8674204e+02      
8.1269025e+01 -1.8628938e+02      
8.2288912e+01 -1.8543352e+02      
8.3387675e+01 -1.8444906e+02      
8.4488743e+01 -1.8341211e+02      
8.5541659e+01 -1.8233923e+02      
8.6505163e+01 -1.8121716e+02      
8.7345428e+01 -1.8002457e+02      
8.8041749e+01 -1.7876644e+02      
8.8589970e+01 -1.7749735e+02      
7.3666228e+01 -1.7278160e+02      
7.1097568e+01 -1.7602915e+02      
6.8777201e+01 -1.7913855e+02      
6.6721912e+01 -1.8200989e+02      
6.4913431e+01 -1.8463681e+02      
6.3328943e+01 -1.8705650e+02      
6.1949890e+01 -1.8931552e+02      
6.0783422e+01 -1.9140834e+02      
5.9895507e+01 -1.9320085e+02      
5.9397625e+01 -1.9445369e+02      
5.9346463e+01 -1.9502058e+02      
5.9691378e+01 -1.9495496e+02      
6.0300097e+01 -1.9446137e+02      
6.1049466e+01 -1.9372094e+02      
6.1855911e+01 -1.9283307e+02      
6.2660776e+01 -1.9184512e+02      
6.3419493e+01 -1.9077786e+02      
6.4097922e+01 -1.8964496e+02      
6.4672489e+01 -1.8847061e+02      
6.5130038e+01 -1.8729865e+02      
