1.5277049e+01 2.2834906e+02      
1.4998210e+01 2.2633911e+02      
1.5084601e+01 2.2456411e+02      
1.5463871e+01 2.2304459e+02      
1.6053717e+01 2.2177819e+02      
1.6772741e+01 2.2075026e+02      
1.7565333e+01 2.1996267e+02      
1.8417806e+01 2.1945080e+02      
1.9340346e+01 2.1925427e+02      
2.0340062e+01 2.1937899e+02      
2.1410774e+01 2.1978474e+02      
2.2543312e+01 2.2040159e+02      
2.3754321e+01 2.2117279e+02      
2.5104158e+01 2.2208639e+02      
2.6673718e+01 2.2315446e+02      
2.8530477e+01 2.2437909e+02      
3.0713375e+01 2.2573968e+02      
3.3235893e+01 2.2719531e+02      
3.6100088e+01 2.2869317e+02      
3.9312530e+01 2.3017763e+02      
4.4918842e+01 2.1700891e+02      
4.5036073e+01 2.1497149e+02      
4.5521274e+01 2.1319786e+02      
4.6289106e+01 2.1170852e+02      
4.7228249e+01 2.1047973e+02      
4.8204868e+01 2.0944379e+02      
4.9125848e+01 2.0856756e+02      
5.0010762e+01 2.0794522e+02      
5.0916869e+01 2.0768467e+02      
5.1868722e+01 2.0781115e+02      
5.2844134e+01 2.0825383e+02      
5.3785486e+01 2.0886246e+02      
5.4677911e+01 2.0951471e+02      
5.5633827e+01 2.1024054e+02      
5.6802481e+01 2.1111440e+02      
5.8285107e+01 2.1216439e+02      
6.0120553e+01 2.1337031e+02      
6.2298784e+01 2.1467784e+02      
6.4792308e+01 2.1601692e+02      
6.7591523e+01 2.1731956e+02      
7.3414199e+01 2.0202765e+02      
7.3993080e+01 1.9994058e+02      
7.4952629e+01 1.9817366e+02      
7.6207337e+01 1.9676030e+02      
7.7622647e+01 1.9566509e+02      
7.8960503e+01 1.9470690e+02      
7.9949248e+01 1.9362205e+02      
8.0786111e+01 1.9277938e+02      
8.1635532e+01 1.9243288e+02      
8.2547370e+01 1.9263102e+02      
8.3479833e+01 1.9326694e+02      
8.4260677e+01 1.9402391e+02      
8.4676655e+01 1.9447563e+02      
8.5063157e+01 1.9491730e+02      
8.5710052e+01 1.9555644e+02      
8.6758706e+01 1.9643781e+02      
8.8233312e+01 1.9752730e+02      
9.0066925e+01 1.9873923e+02      
9.2163154e+01 1.9996795e+02      
9.4477340e+01 2.0112360e+02      
1.0030140e+02 1.8360898e+02      
1.0139993e+02 1.8142589e+02      
1.0289765e+02 1.7965585e+02      
1.0474835e+02 1.7837135e+02      
1.0681918e+02 1.7754333e+02      
1.0874304e+02 1.7690069e+02      
1.0961291e+02 1.7529112e+02      
1.1025816e+02 1.7404826e+02      
1.1098815e+02 1.7357320e+02      
1.1188488e+02 1.7394652e+02      
1.1289048e+02 1.7501404e+02      
1.1368151e+02 1.7629258e+02      
1.1330923e+02 1.7628579e+02      
1.1286953e+02 1.7630091e+02      
1.1284327e+02 1.7665566e+02      
1.1342113e+02 1.7739271e+02      
1.1458862e+02 1.7843909e+02      
1.1616102e+02 1.7964858e+02      
1.1787818e+02 1.8084039e+02      
1.1961987e+02 1.8188461e+02      
1.2515527e+02 1.6199724e+02      
1.2681137e+02 1.5962586e+02      
1.2885518e+02 1.5780383e+02      
1.3135703e+02 1.5665888e+02      
1.3418547e+02 1.5609033e+02      
1.3630502e+02 1.5506789e+02      
1.3747945e+02 1.5347893e+02      
1.3784366e+02 1.5173932e+02      
1.3841704e+02 1.5109489e+02      
1.3927704e+02 1.5175663e+02      
1.4039417e+02 1.5340259e+02      
1.4064562e+02 1.5460019e+02      
1.3988468e+02 1.5490676e+02      
1.3841174e+02 1.5450322e+02      
1.3756235e+02 1.5457004e+02      
1.3767529e+02 1.5522549e+02      
1.3870862e+02 1.5636061e+02      
1.4030991e+02 1.5775121e+02      
1.4174784e+02 1.5901972e+02      
1.4277620e+02 1.5997649e+02      
1.4764247e+02 1.3747845e+02      
1.4986467e+02 1.3475161e+02      
1.5226700e+02 1.3272921e+02      
1.5520870e+02 1.3162210e+02      
1.5809933e+02 1.3052807e+02      
1.6043236e+02 1.2907494e+02      
1.6191501e+02 1.2732427e+02      
1.6264005e+02 1.2566897e+02      
1.6311128e+02 1.2483722e+02      
1.6375573e+02 1.2588791e+02      
1.6415974e+02 1.2750013e+02      
1.6381824e+02 1.2880948e+02      
1.6259055e+02 1.2944720e+02      
1.6075125e+02 1.2948384e+02      
1.5905563e+02 1.2940376e+02      
1.5881676e+02 1.3012627e+02      
1.5992330e+02 1.3149607e+02      
1.6212482e+02 1.3335051e+02      
1.6338235e+02 1.3480862e+02      
1.6355513e+02 1.3572648e+02      
1.6735263e+02 1.1045790e+02      
1.7007285e+02 1.0717043e+02      
1.7238692e+02 1.0463285e+02      
1.7444611e+02 1.0291853e+02      
1.7753597e+02 1.0136842e+02      
1.8023130e+02 9.9388221e+01      
1.8196023e+02 9.7211927e+01      
1.8271194e+02 9.5336326e+01      
1.8304036e+02 9.4846054e+01      
1.8316844e+02 9.5830034e+01      
1.8310176e+02 9.7823574e+01      
1.8224234e+02 9.9477005e+01      
1.8042642e+02 1.0042427e+02      
1.7798714e+02 1.0074483e+02      
1.7646859e+02 1.0130460e+02      
1.7618085e+02 1.0237560e+02      
1.7723747e+02 1.0397626e+02      
1.7941237e+02 1.0597044e+02      
1.8022974e+02 1.0758698e+02      
1.7961362e+02 1.0864619e+02      
1.8241938e+02 8.1881130e+01      
1.8534761e+02 7.7977374e+01      
1.8759356e+02 7.4772783e+01      
1.8930599e+02 7.2281708e+01      
1.9202503e+02 6.9673521e+01      
1.9528979e+02 6.6906433e+01      
1.9728853e+02 6.4015884e+01      
1.9808581e+02 6.2492554e+01      
1.9808611e+02 6.2441735e+01      
1.9757799e+02 6.3618150e+01      
1.9670588e+02 6.5591739e+01      
1.9547696e+02 6.7693495e+01      
1.9311327e+02 6.8918471e+01      
1.9108915e+02 6.9896995e+01      
1.8980873e+02 7.1024650e+01      
1.8945818e+02 7.2486924e+01      
1.9021062e+02 7.4306754e+01      
1.9186083e+02 7.6351582e+01      
1.9187988e+02 7.8143211e+01      
1.9039596e+02 7.9462258e+01      
1.9263710e+02 5.2642857e+01      
1.9550393e+02 4.8217170e+01      
1.9785513e+02 4.4258349e+01      
1.9979066e+02 4.0754956e+01      
2.0256587e+02 3.6863146e+01      
2.0580173e+02 3.2794914e+01      
2.0851094e+02 2.9246971e+01      
2.0902897e+02 2.8240542e+01      
2.0847517e+02 2.8861891e+01      
2.0721786e+02 3.0573586e+01      
2.0546477e+02 3.2843071e+01      
2.0380009e+02 3.4829772e+01      
2.0197982e+02 3.6367665e+01      
2.0037413e+02 3.7745241e+01      
1.9922674e+02 3.9263568e+01      
1.9866370e+02 4.1080716e+01      
1.9883001e+02 4.3176428e+01      
1.9955078e+02 4.5376810e+01      
1.9856659e+02 4.7476257e+01      
1.9734700e+02 4.9248823e+01      
1.9812864e+02 2.3519117e+01      
2.0075609e+02 1.8759291e+01      
2.0332858e+02 1.4026959e+01      
2.0603783e+02 9.1209239e+00      
2.0930656e+02 3.7078880e+00      
2.1292054e+02 -1.8313220e+00      
2.1516782e+02 -5.3762492e+00      
2.1561746e+02 -6.3486788e+00      
2.1442357e+02 -4.8642008e+00      
2.1241689e+02 -2.3075065e+00      
2.1051805e+02 3.1427236e-03      
2.0884770e+02 1.8568442e+00      
2.0734353e+02 3.3776415e+00      
2.0602835e+02 4.8344486e+00      
2.0491945e+02 6.5518001e+00      
2.0401907e+02 8.7220621e+00      
2.0338842e+02 1.1241479e+01      
2.0283926e+02 1.3865555e+01      
2.0185614e+02 1.6371207e+01      
2.0079038e+02 1.8586470e+01      
2.0019626e+02 -5.8136284e+00      
2.0261019e+02 -1.0832062e+01      
2.0525102e+02 -1.6112705e+01      
2.0828420e+02 -2.1942650e+01      
2.1198066e+02 -2.8750710e+01      
2.1512721e+02 -3.4608077e+01      
2.1699698e+02 -3.8266240e+01      
2.1729279e+02 -3.9202046e+01      
2.1607975e+02 -3.7622105e+01      
2.1384324e+02 -3.4560985e+01      
2.1197789e+02 -3.2343563e+01      
2.1046824e+02 -3.0786249e+01      
2.0923464e+02 -2.9591807e+01      
2.0821303e+02 -2.8428167e+01      
2.0719717e+02 -2.6786108e+01      
2.0585276e+02 -2.4139908e+01      
2.0448420e+02 -2.0966630e+01      
2.0319832e+02 -1.7722291e+01      
2.0194669e+02 -1.4680374e+01      
2.0080749e+02 -1.1997804e+01      
1.9884405e+02 -3.4848659e+01      
2.0107374e+02 -4.0027962e+01      
2.0359923e+02 -4.5535295e+01      
2.0644128e+02 -5.1480908e+01      
2.0955621e+02 -5.7923474e+01      
2.1254980e+02 -6.4414178e+01      
2.1424606e+02 -6.8397252e+01      
2.1439304e+02 -6.9190875e+01      
2.1307873e+02 -6.7260039e+01      
2.1136198e+02 -6.5169545e+01      
2.0976096e+02 -6.3566007e+01      
2.0849138e+02 -6.2567298e+01      
2.0759526e+02 -6.2041109e+01      
2.0700698e+02 -6.1628238e+01      
2.0638504e+02 -6.0561373e+01      
2.0434902e+02 -5.7054209e+01      
2.0224099e+02 -5.2892726e+01      
2.0035736e+02 -4.8808839e+01      
1.9873943e+02 -4.5126749e+01      
1.9739757e+02 -4.1956611e+01      
1.9402478e+02 -6.3040437e+01      
1.9607904e+02 -6.8280592e+01      
1.9841957e+02 -7.3812675e+01      
2.0097060e+02 -7.9589007e+01      
2.0358467e+02 -8.5474273e+01      
2.0596932e+02 -9.1103091e+01      
2.0761143e+02 -9.5546681e+01      
2.0768506e+02 -9.6124187e+01      
2.0682905e+02 -9.5368663e+01      
2.0533197e+02 -9.4126781e+01      
2.0388310e+02 -9.3158726e+01      
2.0283865e+02 -9.2858644e+01      
2.0231420e+02 -9.3295748e+01      
2.0218589e+02 -9.3960346e+01      
2.0127790e+02 -9.2715541e+01      
1.9930738e+02 -8.9178220e+01      
1.9652608e+02 -8.3806983e+01      
1.9408995e+02 -7.8694369e+01      
1.9212219e+02 -7.4335302e+01      
1.9056624e+02 -7.0721344e+01      
1.8580308e+02 -8.9921596e+01      
1.8769953e+02 -9.5161323e+01      
1.8988472e+02 -1.0066680e+02      
1.9224204e+02 -1.0630341e+02      
1.9456850e+02 -1.1180789e+02      
1.9662831e+02 -1.1680112e+02      
1.9804942e+02 -1.2055983e+02      
1.9831025e+02 -1.2209274e+02      
1.9774242e+02 -1.2222400e+02      
1.9587664e+02 -1.2121508e+02      
1.9436574e+02 -1.2059285e+02      
1.9341329e+02 -1.2080392e+02      
1.9314856e+02 -1.2222347e+02      
1.9270555e+02 -1.2284776e+02      
1.9160266e+02 -1.2153931e+02      
1.8967763e+02 -1.1796124e+02      
1.8707067e+02 -1.1254022e+02      
1.8424759e+02 -1.0645608e+02      
1.8206866e+02 -1.0163031e+02      
1.8037531e+02 -9.7739796e+01      
1.7430661e+02 -1.1506313e+02      
1.7605716e+02 -1.2026127e+02      
1.7815918e+02 -1.2577328e+02      
1.8050906e+02 -1.3145866e+02      
1.8273922e+02 -1.3685608e+02      
1.8469710e+02 -1.4164785e+02      
1.8627513e+02 -1.4548252e+02      
1.8622333e+02 -1.4707294e+02      
1.8460507e+02 -1.4664675e+02      
1.8280197e+02 -1.4587049e+02      
1.8127435e+02 -1.4536719e+02      
1.8016422e+02 -1.4543371e+02      
1.7945432e+02 -1.4617317e+02      
1.7888704e+02 -1.4716178e+02      
1.7769989e+02 -1.4601800e+02      
1.7577485e+02 -1.4227695e+02      
1.7321398e+02 -1.3651393e+02      
1.7076915e+02 -1.3109529e+02      
1.6868751e+02 -1.2645486e+02      
1.6697734e+02 -1.2254663e+02      
1.5971120e+02 -1.3806231e+02      
1.6127954e+02 -1.4314250e+02      
1.6327648e+02 -1.4861186e+02      
1.6581897e+02 -1.5456747e+02      
1.6800216e+02 -1.6000097e+02      
1.6981290e+02 -1.6477609e+02      
1.7081516e+02 -1.6821639e+02      
1.7035742e+02 -1.6954810e+02      
1.6836286e+02 -1.6875467e+02      
1.6647784e+02 -1.6788248e+02      
1.6489969e+02 -1.6727448e+02      
1.6360473e+02 -1.6696687e+02      
1.6253187e+02 -1.6691424e+02      
1.6152346e+02 -1.6684800e+02      
1.6029382e+02 -1.6599899e+02      
1.5838874e+02 -1.6203856e+02      
1.5625326e+02 -1.5736313e+02      
1.5416486e+02 -1.5277090e+02      
1.5227197e+02 -1.4855900e+02      
1.5062536e+02 -1.4481344e+02      
1.4225781e+02 -1.5856741e+02      
1.4356062e+02 -1.6341002e+02      
1.4517819e+02 -1.6851692e+02      
1.4705013e+02 -1.7380226e+02      
1.4892571e+02 -1.7899336e+02      
1.5078259e+02 -1.8406412e+02      
1.5162419e+02 -1.8758173e+02      
1.5105770e+02 -1.8888676e+02      
1.4909173e+02 -1.8795705e+02      
1.4722976e+02 -1.8698640e+02      
1.4563045e+02 -1.8622618e+02      
1.4422531e+02 -1.8558028e+02      
1.4294146e+02 -1.8491877e+02      
1.4166998e+02 -1.8399753e+02      
1.4025787e+02 -1.8231741e+02      
1.3857118e+02 -1.7927671e+02      
1.3674080e+02 -1.7553252e+02      
1.3491595e+02 -1.7162790e+02      
1.3319848e+02 -1.6784021e+02      
1.3164429e+02 -1.6431718e+02      
1.2226927e+02 -1.7630591e+02      
1.2325940e+02 -1.8083274e+02      
1.2444653e+02 -1.8549159e+02      
1.2576252e+02 -1.9018698e+02      
1.2710574e+02 -1.9480099e+02      
1.2835819e+02 -1.9920876e+02      
1.2923011e+02 -2.0304360e+02      
1.2881016e+02 -2.0464913e+02      
1.2710429e+02 -2.0385557e+02      
1.2540382e+02 -2.0293785e+02      
1.2386601e+02 -2.0211676e+02      
1.2244037e+02 -2.0125897e+02      
1.2107488e+02 -2.0023310e+02      
1.1970349e+02 -1.9885794e+02      
1.1825460e+02 -1.9690162e+02      
1.1669251e+02 -1.9424240e+02      
1.1505647e+02 -1.9105945e+02      
1.1342105e+02 -1.8763629e+02      
1.1185284e+02 -1.8419486e+02      
1.1039697e+02 -1.8088418e+02      
1.0012800e+02 -1.9107242e+02      
1.0080748e+02 -1.9526089e+02      
1.0161006e+02 -1.9949080e+02      
1.0247484e+02 -2.0366719e+02      
1.0331525e+02 -2.0767247e+02      
1.0401769e+02 -2.1136208e+02      
1.0440886e+02 -2.1450258e+02      
1.0420171e+02 -2.1659387e+02      
1.0288323e+02 -2.1625388e+02      
1.0143962e+02 -2.1560244e+02      
1.0003278e+02 -2.1485125e+02      
9.8658927e+01 -2.1391766e+02      
9.7300399e+01 -2.1272174e+02      
9.5928353e+01 -2.1116544e+02      
9.4514445e+01 -2.0915600e+02      
9.3049139e+01 -2.0666976e+02      
9.1552473e+01 -2.0379509e+02      
9.0063977e+01 -2.0068713e+02      
8.8625031e+01 -1.9750126e+02      
8.7267909e+01 -1.9436404e+02      
7.6244899e+01 -2.0270596e+02      
7.6636163e+01 -2.0655989e+02      
7.7102445e+01 -2.1038910e+02      
7.7589570e+01 -2.1409828e+02      
7.8023582e+01 -2.1757071e+02      
7.8309132e+01 -2.2065999e+02      
7.8327710e+01 -2.2317288e+02      
7.7928714e+01 -2.2479585e+02      
7.7007291e+01 -2.2521514e+02      
7.5836001e+01 -2.2497507e+02      
7.4584181e+01 -2.2437303e+02      
7.3302064e+01 -2.2345578e+02      
7.2002615e+01 -2.2220981e+02      
7.0683295e+01 -2.2060168e+02      
6.9338717e+01 -2.1860541e+02      
6.7970958e+01 -2.1623190e+02      
6.6594534e+01 -2.1354363e+02      
6.5233433e+01 -2.1064086e+02      
6.3913793e+01 -2.0763460e+02      
6.2657490e+01 -2.0462714e+02      
