4.1022337e+01 2.3027340e+02      
4.0614590e+01 2.2998602e+02      
4.0282022e+01 2.2978252e+02      
4.0014664e+01 2.2967243e+02      
3.9861359e+01 2.2965699e+02      
3.9906791e+01 2.2973906e+02      
4.0196090e+01 2.2992536e+02      
4.0455255e+01 2.3014829e+02      
3.9897424e+01 2.3017843e+02      
3.8554822e+01 2.3002584e+02      
3.7280062e+01 2.2994063e+02      
3.6425821e+01 2.3000277e+02      
3.6040337e+01 2.3020306e+02      
3.6125903e+01 2.3052293e+02      
3.6679296e+01 2.3094193e+02      
3.7698416e+01 2.3143788e+02      
3.9182456e+01 2.3198645e+02      
4.1130848e+01 2.3256082e+02      
4.3542176e+01 2.3313158e+02      
4.6413299e+01 2.3366684e+02      
7.1466044e+01 2.2142526e+02      
7.1342224e+01 2.2119826e+02      
7.1179257e+01 2.2105492e+02      
7.0964289e+01 2.2099951e+02      
7.0806009e+01 2.2102053e+02      
7.0933363e+01 2.2111700e+02      
7.1637022e+01 2.2135076e+02      
7.2893858e+01 2.2177092e+02      
7.2150372e+01 2.2165184e+02      
6.9438860e+01 2.2100627e+02      
6.7366595e+01 2.2060017e+02      
6.6042340e+01 2.2041020e+02      
6.5314774e+01 2.2037130e+02      
6.5115294e+01 2.2044963e+02      
6.5410094e+01 2.2061918e+02      
6.6182404e+01 2.2085547e+02      
6.7423721e+01 2.2113309e+02      
6.9129065e+01 2.2142465e+02      
7.1294223e+01 2.2170023e+02      
7.3914048e+01 2.2192732e+02      
1.0072537e+02 2.0902249e+02      
1.0099848e+02 2.0882898e+02      
1.0102464e+02 2.0874568e+02      
1.0076354e+02 2.0876037e+02      
1.0034920e+02 2.0882920e+02      
1.0028882e+02 2.0888671e+02      
1.0100309e+02 2.0899530e+02      
1.0242503e+02 2.0918917e+02      
1.0148381e+02 2.0890303e+02      
9.8202303e+01 2.0815598e+02      
9.5676517e+01 2.0757624e+02      
9.4031892e+01 2.0718978e+02      
9.3036295e+01 2.0694345e+02      
9.2585999e+01 2.0680408e+02      
9.2632929e+01 2.0674559e+02      
9.3153976e+01 2.0674365e+02      
9.4137500e+01 2.0677319e+02      
9.5576791e+01 2.0680714e+02      
9.7466545e+01 2.0681567e+02      
9.9800753e+01 2.0676594e+02      
1.2826855e+02 1.9329116e+02      
1.2901232e+02 1.9311673e+02      
1.2927463e+02 1.9311052e+02      
1.2894394e+02 1.9322440e+02      
1.2788303e+02 1.9338729e+02      
1.2732205e+02 1.9331860e+02      
1.2751624e+02 1.9314393e+02      
1.2838357e+02 1.9293454e+02      
1.2724904e+02 1.9245973e+02      
1.2411507e+02 1.9174117e+02      
1.2164051e+02 1.9108878e+02      
1.1990813e+02 1.9056047e+02      
1.1875290e+02 1.9014178e+02      
1.1810238e+02 1.8981215e+02      
1.1792174e+02 1.8955045e+02      
1.1819391e+02 1.8933508e+02      
1.1891025e+02 1.8914297e+02      
1.2006572e+02 1.8894848e+02      
1.2165600e+02 1.8872259e+02      
1.2367562e+02 1.8843253e+02      
1.5227570e+02 1.7482289e+02      
1.5328073e+02 1.7473115e+02      
1.5388801e+02 1.7485291e+02      
1.5389318e+02 1.7509933e+02      
1.5276698e+02 1.7519835e+02      
1.5164523e+02 1.7478542e+02      
1.5094544e+02 1.7421294e+02      
1.5039891e+02 1.7360915e+02      
1.4910256e+02 1.7292580e+02      
1.4701828e+02 1.7217657e+02      
1.4498101e+02 1.7145590e+02      
1.4332746e+02 1.7081185e+02      
1.4209637e+02 1.7024848e+02      
1.4128769e+02 1.6975483e+02      
1.4089795e+02 1.6931540e+02      
1.4092483e+02 1.6891283e+02      
1.4136726e+02 1.6852753e+02      
1.4222463e+02 1.6813655e+02      
1.4349557e+02 1.6771253e+02      
1.4517652e+02 1.6722314e+02      
1.7237258e+02 1.5406713e+02      
1.7339255e+02 1.5412095e+02      
1.7443202e+02 1.5439400e+02      
1.7541979e+02 1.5490432e+02      
1.7483867e+02 1.5466252e+02      
1.7303079e+02 1.5355771e+02      
1.7162676e+02 1.5253370e+02      
1.7042854e+02 1.5160520e+02      
1.6903002e+02 1.5071179e+02      
1.6735340e+02 1.4984708e+02      
1.6562313e+02 1.4903266e+02      
1.6405869e+02 1.4828318e+02      
1.6277436e+02 1.4759646e+02      
1.6182415e+02 1.4696236e+02      
1.6123375e+02 1.4636933e+02      
1.6101583e+02 1.4580525e+02      
1.6117776e+02 1.4525556e+02      
1.6172465e+02 1.4470143e+02      
1.6265950e+02 1.4411824e+02      
1.6398200e+02 1.4347452e+02      
1.8951194e+02 1.3086996e+02      
1.9048660e+02 1.3098273e+02      
1.9174514e+02 1.3123217e+02      
1.9320327e+02 1.3159616e+02      
1.9292730e+02 1.3108939e+02      
1.9100148e+02 1.2968938e+02      
1.8939314e+02 1.2836496e+02      
1.8803589e+02 1.2718076e+02      
1.8663145e+02 1.2609478e+02      
1.8508382e+02 1.2509847e+02      
1.8346462e+02 1.2418783e+02      
1.8191061e+02 1.2334901e+02      
1.8054421e+02 1.2256101e+02      
1.7944418e+02 1.2180797e+02      
1.7865102e+02 1.2108248e+02      
1.7818486e+02 1.2037995e+02      
1.7805861e+02 1.1969309e+02      
1.7828314e+02 1.1900897e+02      
1.7886722e+02 1.1830714e+02      
1.7981524e+02 1.1755775e+02      
2.0346977e+02 1.0558983e+02      
2.0433162e+02 1.0564832e+02      
2.0548981e+02 1.0570721e+02      
2.0689491e+02 1.0572190e+02      
2.0681299e+02 1.0499664e+02      
2.0526382e+02 1.0353200e+02      
2.0394581e+02 1.0204314e+02      
2.0275679e+02 1.0065460e+02      
2.0145897e+02 9.9397510e+01      
1.9997207e+02 9.8286634e+01      
1.9833995e+02 9.7308531e+01      
1.9669433e+02 9.6417465e+01      
1.9519046e+02 9.5556841e+01      
1.9392114e+02 9.4702878e+01      
1.9291987e+02 9.3860019e+01      
1.9220072e+02 9.3036977e+01      
1.9177734e+02 9.2236413e+01      
1.9166677e+02 9.1453162e+01      
1.9188607e+02 9.0673315e+01      
1.9244669e+02 8.9870401e+01      
2.1400319e+02 7.8703426e+01      
2.1468696e+02 7.8647110e+01      
2.1549067e+02 7.8446106e+01      
2.1619991e+02 7.8001815e+01      
2.1628102e+02 7.7081951e+01      
2.1577489e+02 7.5666817e+01      
2.1518344e+02 7.4011418e+01      
2.1441041e+02 7.2404088e+01      
2.1331509e+02 7.0979559e+01      
2.1186244e+02 6.9784047e+01      
2.1010432e+02 6.8801287e+01      
2.0821437e+02 6.7941577e+01      
2.0651028e+02 6.7041655e+01      
2.0506583e+02 6.6091320e+01      
2.0386098e+02 6.5134284e+01      
2.0288701e+02 6.4200995e+01      
2.0215553e+02 6.3304495e+01      
2.0169355e+02 6.2447630e+01      
2.0153239e+02 6.1627609e+01      
2.0169511e+02 6.0826984e+01      
2.2100271e+02 5.0711367e+01      
2.2151850e+02 5.0537424e+01      
2.2205197e+02 5.0138479e+01      
2.2247679e+02 4.9447130e+01      
2.2267025e+02 4.8371742e+01      
2.2274139e+02 4.6849258e+01      
2.2299244e+02 4.4868459e+01      
2.2275579e+02 4.2964971e+01      
2.2191942e+02 4.1350305e+01      
2.2047343e+02 4.0107004e+01      
2.1849326e+02 3.9200009e+01      
2.1617745e+02 3.8483697e+01      
2.1430535e+02 3.7520223e+01      
2.1273601e+02 3.6439676e+01      
2.1135603e+02 3.5353060e+01      
2.1013011e+02 3.4312789e+01      
2.0907317e+02 3.3332870e+01      
2.0823358e+02 3.2417000e+01      
2.0766994e+02 3.1583815e+01      
2.0742608e+02 3.0845048e+01      
2.2442565e+02 2.2113982e+01      
2.2482246e+02 2.1846376e+01      
2.2520549e+02 2.1323409e+01      
2.2551732e+02 2.0504790e+01      
2.2573182e+02 1.9342052e+01      
2.2591306e+02 1.7793391e+01      
2.2616004e+02 1.5848944e+01      
2.2639508e+02 1.3614047e+01      
2.2583580e+02 1.1776199e+01      
2.2438510e+02 1.0525392e+01      
2.2222752e+02 9.7166537e+00      
2.2020182e+02 8.7158946e+00      
2.1844174e+02 7.5058923e+00      
2.1686831e+02 6.2099412e+00      
2.1536806e+02 4.9603292e+00      
2.1389200e+02 3.8206382e+00      
2.1247402e+02 2.7750136e+00      
2.1120731e+02 1.7925519e+00      
2.1020273e+02 9.3437165e-01      
2.0954586e+02 3.1977861e-01      
2.2426753e+02 -6.6030358e+00      
2.2458698e+02 -6.9383483e+00      
2.2487751e+02 -7.5352140e+00      
2.2511092e+02 -8.4164258e+00      
2.2527808e+02 -9.6065122e+00      
2.2539911e+02 -1.1122628e+01      
2.2550044e+02 -1.2964092e+01      
2.2554449e+02 -1.5080784e+01      
2.2525724e+02 -1.7198978e+01      
2.2378303e+02 -1.8384802e+01      
2.2206064e+02 -1.9554107e+01      
2.2042703e+02 -2.0948921e+01      
2.1894361e+02 -2.2543028e+01      
2.1751476e+02 -2.4176970e+01      
2.1596981e+02 -2.5635809e+01      
2.1422863e+02 -2.6830233e+01      
2.1237083e+02 -2.7871384e+01      
2.1058131e+02 -2.8962017e+01      
2.0905435e+02 -3.0013786e+01      
2.0798385e+02 -3.0443816e+01      
2.2056480e+02 -3.4971668e+01      
2.2083369e+02 -3.5354036e+01      
2.2105833e+02 -3.5991627e+01      
2.2122154e+02 -3.6895457e+01      
2.2131471e+02 -3.8075237e+01      
2.2133812e+02 -3.9534007e+01      
2.2129061e+02 -4.1263858e+01      
2.2116411e+02 -4.3257824e+01      
2.2084926e+02 -4.5400445e+01      
2.1959649e+02 -4.6740089e+01      
2.1824759e+02 -4.8250148e+01      
2.1699810e+02 -5.0064461e+01      
2.1591347e+02 -5.2178450e+01      
2.1486497e+02 -5.4386152e+01      
2.1338537e+02 -5.6127688e+01      
2.1132233e+02 -5.7236361e+01      
2.0883663e+02 -5.7989555e+01      
2.0638509e+02 -5.9122406e+01      
2.0418791e+02 -6.0817479e+01      
2.0271958e+02 -6.1017448e+01      
2.1340248e+02 -6.2542631e+01      
2.1363747e+02 -6.2957346e+01      
2.1381095e+02 -6.3613939e+01      
2.1391023e+02 -6.4515476e+01      
2.1392572e+02 -6.5662399e+01      
2.1384958e+02 -6.7048934e+01      
2.1367005e+02 -6.8659159e+01      
2.1336078e+02 -7.0458673e+01      
2.1282341e+02 -7.2319529e+01      
2.1191888e+02 -7.4042351e+01      
2.1089117e+02 -7.5888538e+01      
2.0995796e+02 -7.8069881e+01      
2.0931562e+02 -8.0764767e+01      
2.0902406e+02 -8.3964865e+01      
2.0769781e+02 -8.6034437e+01      
2.0527586e+02 -8.6863572e+01      
2.0185412e+02 -8.6710251e+01      
1.9874168e+02 -8.7460334e+01      
1.9595127e+02 -8.9080560e+01      
1.9413621e+02 -8.9050987e+01      
2.0291710e+02 -8.8887905e+01      
2.0312900e+02 -8.9325222e+01      
2.0326159e+02 -8.9986926e+01      
2.0330477e+02 -9.0870869e+01      
2.0324915e+02 -9.1971935e+01      
2.0308490e+02 -9.3279499e+01      
2.0279847e+02 -9.4773963e+01      
2.0236709e+02 -9.6420516e+01      
2.0175720e+02 -9.8165323e+01      
2.0097106e+02 -9.9990491e+01      
2.0011029e+02 -1.0199520e+02      
1.9933353e+02 -1.0435108e+02      
1.9885078e+02 -1.0731168e+02      
1.9868555e+02 -1.1089122e+02      
1.9737566e+02 -1.1305702e+02      
1.9481523e+02 -1.1364351e+02      
1.9116331e+02 -1.1293256e+02      
1.8780097e+02 -1.1314558e+02      
1.8473666e+02 -1.1424645e+02      
1.8266237e+02 -1.1404049e+02      
1.8929573e+02 -1.1360459e+02      
1.8949178e+02 -1.1405849e+02      
1.8959158e+02 -1.1471667e+02      
1.8958717e+02 -1.1557374e+02      
1.8947058e+02 -1.1662163e+02      
1.8923340e+02 -1.1784819e+02      
1.8886599e+02 -1.1923604e+02      
1.8835805e+02 -1.2076307e+02      
1.8770550e+02 -1.2241063e+02      
1.8692940e+02 -1.2418727e+02      
1.8609163e+02 -1.2615150e+02      
1.8528919e+02 -1.2841441e+02      
1.8465418e+02 -1.3116805e+02      
1.8417843e+02 -1.3444496e+02      
1.8273816e+02 -1.3639029e+02      
1.8025853e+02 -1.3688627e+02      
1.7688625e+02 -1.3609508e+02      
1.7373715e+02 -1.3589416e+02      
1.7095224e+02 -1.3603689e+02      
1.6871952e+02 -1.3573962e+02      
1.7277307e+02 -1.3631945e+02      
1.7295801e+02 -1.3678651e+02      
1.7303141e+02 -1.3743595e+02      
1.7298736e+02 -1.3826044e+02      
1.7281987e+02 -1.3925049e+02      
1.7252306e+02 -1.4039396e+02      
1.7209163e+02 -1.4167630e+02      
1.7152273e+02 -1.4308262e+02      
1.7082053e+02 -1.4460351e+02      
1.7000283e+02 -1.4624385e+02      
1.6910342e+02 -1.4802797e+02      
1.6816304e+02 -1.4999215e+02      
1.6719979e+02 -1.5214890e+02      
1.6608342e+02 -1.5427897e+02      
1.6444200e+02 -1.5574086e+02      
1.6216634e+02 -1.5631573e+02      
1.5942613e+02 -1.5621508e+02      
1.5664672e+02 -1.5603618e+02      
1.5405426e+02 -1.5586653e+02      
1.5174506e+02 -1.5553623e+02      
1.5362747e+02 -1.5669369e+02      
1.5380401e+02 -1.5717221e+02      
1.5385580e+02 -1.5780983e+02      
1.5377878e+02 -1.5859808e+02      
1.5356895e+02 -1.5952678e+02      
1.5322274e+02 -1.6058392e+02      
1.5273772e+02 -1.6175626e+02      
1.5211397e+02 -1.6303078e+02      
1.5135610e+02 -1.6439721e+02      
1.5047454e+02 -1.6584997e+02      
1.4948319e+02 -1.6738555e+02      
1.4838893e+02 -1.6898880e+02      
1.4716838e+02 -1.7059756e+02      
1.4573533e+02 -1.7204576e+02      
1.4396828e+02 -1.7309985e+02      
1.4182775e+02 -1.7364699e+02      
1.3940828e+02 -1.7377354e+02      
1.3688864e+02 -1.7366955e+02      
1.3441957e+02 -1.7343660e+02      
1.3208226e+02 -1.7308665e+02      
1.3217631e+02 -1.7442752e+02      
1.3234547e+02 -1.7491686e+02      
1.3237890e+02 -1.7554097e+02      
1.3227419e+02 -1.7629070e+02      
1.3202901e+02 -1.7715541e+02      
1.3164151e+02 -1.7812299e+02      
1.3111083e+02 -1.7918024e+02      
1.3043782e+02 -1.8031352e+02      
1.2962552e+02 -1.8150920e+02      
1.2867861e+02 -1.8275294e+02      
1.2760038e+02 -1.8402546e+02      
1.2638597e+02 -1.8529269e+02      
1.2501296e+02 -1.8649072e+02      
1.2343813e+02 -1.8751844e+02      
1.2161772e+02 -1.8826727e+02      
1.1954679e+02 -1.8868226e+02      
1.1727893e+02 -1.8879132e+02      
1.1490648e+02 -1.8867156e+02      
1.1251942e+02 -1.8839157e+02      
1.1017770e+02 -1.8799735e+02      
1.0877088e+02 -1.8926438e+02      
1.0893219e+02 -1.8976449e+02      
1.0894920e+02 -1.9037434e+02      
1.0882085e+02 -1.9108434e+02      
1.0854614e+02 -1.9188353e+02      
1.0812442e+02 -1.9275954e+02      
1.0755573e+02 -1.9369876e+02      
1.0684101e+02 -1.9468639e+02      
1.0598198e+02 -1.9570613e+02      
1.0498026e+02 -1.9673883e+02      
1.0383528e+02 -1.9775942e+02      
1.0254103e+02 -1.9873206e+02      
1.0108363e+02 -1.9960590e+02      
9.9443692e+01 -2.0031809e+02      
9.7607380e+01 -2.0081027e+02      
9.5581558e+01 -2.0105213e+02      
9.3400712e+01 -2.0105255e+02      
9.1118621e+01 -2.0084875e+02      
8.8790744e+01 -2.0048620e+02      
8.6459211e+01 -2.0000890e+02      
