9.9645852e+00 2.5174033e+02      
7.7812733e+00 2.5017301e+02      
6.0871176e+00 2.4868753e+02      
4.8808235e+00 2.4733094e+02      
4.1615639e+00 2.4614204e+02      
3.9293808e+00 2.4514988e+02      
4.1842863e+00 2.4437380e+02      
4.9242783e+00 2.4382420e+02      
6.1427877e+00 2.4350356e+02      
7.8259480e+00 2.4340675e+02      
9.9498284e+00 2.4352016e+02      
1.2477884e+01 2.4381984e+02      
1.5359753e+01 2.4426900e+02      
1.8534315e+01 2.4481715e+02      
2.1942473e+01 2.4540595e+02      
2.5552217e+01 2.4598631e+02      
2.9374831e+01 2.4653090e+02      
3.3449134e+01 2.4702301e+02      
3.7816470e+01 2.4744086e+02      
4.2507686e+01 2.4775304e+02      
3.7182717e+01 2.4045191e+02      
3.5118756e+01 2.3875318e+02      
3.3533922e+01 2.3713818e+02      
3.2423488e+01 2.3566157e+02      
3.1785574e+01 2.3436715e+02      
3.1622192e+01 2.3328581e+02      
3.1937796e+01 2.3243632e+02      
3.2735983e+01 2.3182771e+02      
3.4015619e+01 2.3146177e+02      
3.5767050e+01 2.3133411e+02      
3.7967960e+01 2.3143294e+02      
4.0578099e+01 2.3173544e+02      
4.3533295e+01 2.3220151e+02      
4.6741956e+01 2.3276581e+02      
5.0094457e+01 2.3333566e+02      
5.3524517e+01 2.3383412e+02      
5.7076997e+01 2.3425585e+02      
6.0841354e+01 2.3461274e+02      
6.4890087e+01 2.3489228e+02      
6.9268609e+01 2.3506118e+02      
6.3330486e+01 2.2534376e+02      
6.1423775e+01 2.2347817e+02      
5.9978521e+01 2.2170393e+02      
5.8983557e+01 2.2008662e+02      
5.8434793e+01 2.1867642e+02      
5.8337757e+01 2.1750475e+02      
5.8704822e+01 2.1658672e+02      
5.9549115e+01 2.1592710e+02      
6.0878643e+01 2.1552584e+02      
6.2692062e+01 2.1538048e+02      
6.4974302e+01 2.1548488e+02      
6.7688543e+01 2.1582402e+02      
7.0762402e+01 2.1636355e+02      
7.4071837e+01 2.1703234e+02      
7.7406108e+01 2.1767198e+02      
8.0533581e+01 2.1806521e+02      
8.3662504e+01 2.1834106e+02      
8.6984356e+01 2.1857102e+02      
9.0605976e+01 2.1874264e+02      
9.4582297e+01 2.1881172e+02      
8.8004784e+01 2.0665927e+02      
8.6298688e+01 2.0458143e+02      
8.5028092e+01 2.0260927e+02      
8.4168878e+01 2.0082611e+02      
8.3711891e+01 1.9929152e+02      
8.3669252e+01 1.9803411e+02      
8.4067871e+01 1.9705826e+02      
8.4936307e+01 1.9635848e+02      
8.6295449e+01 1.9593052e+02      
8.8156005e+01 1.9577506e+02      
9.0517866e+01 1.9589662e+02      
9.3362548e+01 1.9629848e+02      
9.6628775e+01 1.9696991e+02      
1.0016330e+02 1.9785277e+02      
1.0363526e+02 1.9874717e+02      
1.0622655e+02 1.9892208e+02      
1.0872433e+02 1.9901461e+02      
1.1144579e+02 1.9913069e+02      
1.1453131e+02 1.9923879e+02      
1.1802624e+02 1.9926615e+02      
1.1082779e+02 1.8469835e+02      
1.0937646e+02 1.8234716e+02      
1.0832729e+02 1.8012219e+02      
1.0762777e+02 1.7814054e+02      
1.0725639e+02 1.7647858e+02      
1.0723942e+02 1.7515375e+02      
1.0763320e+02 1.7414287e+02      
1.0849098e+02 1.7341871e+02      
1.0984770e+02 1.7296991e+02      
1.1172528e+02 1.7280160e+02      
1.1414363e+02 1.7293304e+02      
1.1712908e+02 1.7339870e+02      
1.2065932e+02 1.7422643e+02      
1.2449714e+02 1.7534931e+02      
1.2771450e+02 1.7617682e+02      
1.3009486e+02 1.7653258e+02      
1.3180278e+02 1.7649434e+02      
1.3377098e+02 1.7654925e+02      
1.3623252e+02 1.7666807e+02      
1.3919465e+02 1.7673503e+02      
1.3144643e+02 1.5981905e+02      
1.3032445e+02 1.5710735e+02      
1.2957290e+02 1.5454038e+02      
1.2906870e+02 1.5231191e+02      
1.2875923e+02 1.5053493e+02      
1.2870501e+02 1.4919423e+02      
1.2903230e+02 1.4819466e+02      
1.2983246e+02 1.4746833e+02      
1.3114538e+02 1.4700014e+02      
1.3299240e+02 1.4680285e+02      
1.3540127e+02 1.4690744e+02      
1.3844775e+02 1.4737878e+02      
1.4222385e+02 1.4829905e+02      
1.4586267e+02 1.4928454e+02      
1.4882506e+02 1.5010985e+02      
1.5091159e+02 1.5066838e+02      
1.5227579e+02 1.5095785e+02      
1.5343314e+02 1.5109679e+02      
1.5528285e+02 1.5136290e+02      
1.5771301e+02 1.5158195e+02      
1.4952127e+02 1.3244876e+02      
1.4883335e+02 1.2925164e+02      
1.4854295e+02 1.2616188e+02      
1.4829744e+02 1.2360440e+02      
1.4799021e+02 1.2176037e+02      
1.4774605e+02 1.2054838e+02      
1.4791290e+02 1.1964306e+02      
1.4860963e+02 1.1893556e+02      
1.4984011e+02 1.1844117e+02      
1.5160433e+02 1.1818897e+02      
1.5391035e+02 1.1821030e+02      
1.5677121e+02 1.1854490e+02      
1.6014153e+02 1.1921218e+02      
1.6374320e+02 1.2012922e+02      
1.6650798e+02 1.2101372e+02      
1.6816090e+02 1.2180500e+02      
1.6893221e+02 1.2244349e+02      
1.6989510e+02 1.2309467e+02      
1.7132839e+02 1.2373041e+02      
1.7326574e+02 1.2423300e+02      
1.6470629e+02 1.0310565e+02      
1.6450814e+02 9.9327189e+01      
1.6495204e+02 9.5404764e+01      
1.6500822e+02 9.2437806e+01      
1.6465238e+02 9.0578772e+01      
1.6395867e+02 8.9774362e+01      
1.6392050e+02 8.9016041e+01      
1.6450830e+02 8.8312651e+01      
1.6563767e+02 8.7770166e+01      
1.6728301e+02 8.7437498e+01      
1.6943346e+02 8.7335283e+01      
1.7205478e+02 8.7477431e+01      
1.7503591e+02 8.7881383e+01      
1.7810892e+02 8.8561508e+01      
1.8073691e+02 8.9509085e+01      
1.8183057e+02 9.0623438e+01      
1.8245610e+02 9.1872536e+01      
1.8314487e+02 9.3136667e+01      
1.8416252e+02 9.4280937e+01      
1.8561339e+02 9.5180733e+01      
1.7668926e+02 7.2368819e+01      
1.7679488e+02 6.8138027e+01      
1.7747463e+02 6.3703773e+01      
1.7770081e+02 6.0421152e+01      
1.7743148e+02 5.8446943e+01      
1.7678270e+02 5.7702309e+01      
1.7673779e+02 5.6911826e+01      
1.7727728e+02 5.6125624e+01      
1.7830722e+02 5.5499172e+01      
1.7981275e+02 5.5074540e+01      
1.8179880e+02 5.4838340e+01      
1.8423921e+02 5.4767872e+01      
1.8701461e+02 5.4878032e+01      
1.8983488e+02 5.5263887e+01      
1.9204778e+02 5.6156163e+01      
1.9282366e+02 5.7812476e+01      
1.9297535e+02 5.9827686e+01      
1.9315051e+02 6.1830021e+01      
1.9364235e+02 6.3590885e+01      
1.9457334e+02 6.4973014e+01      
1.8531717e+02 4.0749813e+01      
1.8553019e+02 3.6308500e+01      
1.8609832e+02 3.1802540e+01      
1.8634625e+02 2.8399256e+01      
1.8629241e+02 2.6144721e+01      
1.8602756e+02 2.5010903e+01      
1.8620625e+02 2.3873089e+01      
1.8677005e+02 2.2874779e+01      
1.8768954e+02 2.2141530e+01      
1.8901882e+02 2.1652206e+01      
1.9082493e+02 2.1316360e+01      
1.9315164e+02 2.1027272e+01      
1.9595384e+02 2.0750210e+01      
1.9897352e+02 2.0652584e+01      
2.0147120e+02 2.1253921e+01      
2.0120193e+02 2.3796145e+01      
2.0038346e+02 2.6869085e+01      
1.9976163e+02 2.9803442e+01      
1.9961019e+02 3.2284062e+01      
1.9999238e+02 3.4199208e+01      
1.9065707e+02 8.5637449e+00      
1.9088227e+02 4.1194930e+00      
1.9099623e+02 2.6395655e-01      
1.9114116e+02 -3.0110226e+00      
1.9137109e+02 -5.7003272e+00      
1.9176538e+02 -7.8784131e+00      
1.9239185e+02 -9.7352267e+00      
1.9296675e+02 -1.1020842e+01      
1.9370126e+02 -1.1820874e+01      
1.9476139e+02 -1.2268982e+01      
1.9630403e+02 -1.2577597e+01      
1.9851158e+02 -1.3028325e+01      
2.0147847e+02 -1.3793632e+01      
2.0488281e+02 -1.4538019e+01      
2.0667187e+02 -1.3574979e+01      
2.0634035e+02 -1.0683594e+01      
2.0432754e+02 -6.2858342e+00      
2.0272139e+02 -2.2123156e+00      
2.0187966e+02 1.0447597e+00      
2.0174158e+02 3.4770318e+00      
1.9278300e+02 -2.3901295e+01      
1.9307784e+02 -2.8424024e+01      
1.9264333e+02 -3.1540983e+01      
1.9268185e+02 -3.4657076e+01      
1.9315375e+02 -3.7747379e+01      
1.9407439e+02 -4.0771181e+01      
1.9545975e+02 -4.3666089e+01      
1.9587899e+02 -4.5184079e+01      
1.9634706e+02 -4.5977180e+01      
1.9694729e+02 -4.6143366e+01      
1.9802060e+02 -4.6133427e+01      
1.9988142e+02 -4.6430395e+01      
2.0285889e+02 -4.7575852e+01      
2.0540241e+02 -4.7932773e+01      
2.0658088e+02 -4.6579898e+01      
2.0605756e+02 -4.3282609e+01      
2.0409832e+02 -3.8472392e+01      
2.0161603e+02 -3.3252559e+01      
2.0026285e+02 -2.9390246e+01      
1.9974163e+02 -2.6578685e+01      
1.9050574e+02 -5.4971759e+01      
1.9095036e+02 -5.9677661e+01      
1.9060230e+02 -6.2621932e+01      
1.9079142e+02 -6.5824576e+01      
1.9149859e+02 -6.9312795e+01      
1.9259851e+02 -7.2916043e+01      
1.9429096e+02 -7.6655621e+01      
1.9521159e+02 -7.8955502e+01      
1.9557807e+02 -7.9845269e+01      
1.9548643e+02 -7.9407681e+01      
1.9589061e+02 -7.8738523e+01      
1.9681911e+02 -7.8062272e+01      
1.9845120e+02 -7.7886780e+01      
2.0041718e+02 -7.8076189e+01      
2.0112694e+02 -7.6448985e+01      
2.0025187e+02 -7.2595228e+01      
1.9802314e+02 -6.7097751e+01      
1.9603664e+02 -6.2241084e+01      
1.9470942e+02 -5.8375271e+01      
1.9401670e+02 -5.5420264e+01      
1.8408081e+02 -8.3977813e+01      
1.8471577e+02 -8.8927435e+01      
1.8477236e+02 -9.2081773e+01      
1.8535070e+02 -9.5671381e+01      
1.8637263e+02 -9.9641733e+01      
1.8712198e+02 -1.0341381e+02      
1.8866685e+02 -1.0765496e+02      
1.8967480e+02 -1.1041088e+02      
1.9007892e+02 -1.1150270e+02      
1.9008525e+02 -1.1118867e+02      
1.8998794e+02 -1.0988754e+02      
1.8976356e+02 -1.0775366e+02      
1.9010348e+02 -1.0600428e+02      
1.9065756e+02 -1.0444105e+02      
1.9095172e+02 -1.0261820e+02      
1.8970996e+02 -9.8156126e+01      
1.8808207e+02 -9.3435243e+01      
1.8658503e+02 -8.9156453e+01      
1.8544889e+02 -8.5538340e+01      
1.8472699e+02 -8.2617680e+01      
1.7383486e+02 -1.1020481e+02      
1.7467001e+02 -1.1541827e+02      
1.7527435e+02 -1.1921196e+02      
1.7630510e+02 -1.2345817e+02      
1.7703735e+02 -1.2749818e+02      
1.7745578e+02 -1.3130784e+02      
1.7866930e+02 -1.3578869e+02      
1.7950970e+02 -1.3870009e+02      
1.7983349e+02 -1.3979309e+02      
1.7975426e+02 -1.3930402e+02      
1.7936973e+02 -1.3749611e+02      
1.7880370e+02 -1.3478226e+02      
1.7832559e+02 -1.3188549e+02      
1.7769376e+02 -1.2860870e+02      
1.7714821e+02 -1.2552196e+02      
1.7616816e+02 -1.2174477e+02      
1.7496418e+02 -1.1775090e+02      
1.7380126e+02 -1.1398342e+02      
1.7283367e+02 -1.1064623e+02      
1.7213183e+02 -1.0783548e+02      
1.6007640e+02 -1.3299174e+02      
1.6108227e+02 -1.3843213e+02      
1.6224507e+02 -1.4348054e+02      
1.6311065e+02 -1.4799500e+02      
1.6358475e+02 -1.5206350e+02      
1.6375205e+02 -1.5584809e+02      
1.6460279e+02 -1.6037349e+02      
1.6517396e+02 -1.6317474e+02      
1.6530063e+02 -1.6399336e+02      
1.6501742e+02 -1.6306931e+02      
1.6434092e+02 -1.6059629e+02      
1.6333324e+02 -1.5697567e+02      
1.6250666e+02 -1.5362295e+02      
1.6170997e+02 -1.5028827e+02      
1.6091453e+02 -1.4695612e+02      
1.6001505e+02 -1.4348771e+02      
1.5902851e+02 -1.3995553e+02      
1.5806306e+02 -1.3656322e+02      
1.5721398e+02 -1.3347222e+02      
1.5653774e+02 -1.3078524e+02      
1.4347525e+02 -1.5358701e+02      
1.4451657e+02 -1.5911179e+02      
1.4540647e+02 -1.6413349e+02      
1.4603265e+02 -1.6864700e+02      
1.4634701e+02 -1.7272080e+02      
1.4640762e+02 -1.7651914e+02      
1.4694225e+02 -1.8093398e+02      
1.4722079e+02 -1.8333072e+02      
1.4710578e+02 -1.8356007e+02      
1.4662472e+02 -1.8214772e+02      
1.4572551e+02 -1.7907873e+02      
1.4479676e+02 -1.7583527e+02      
1.4393490e+02 -1.7265269e+02      
1.4311282e+02 -1.6948698e+02      
1.4228821e+02 -1.6628692e+02      
1.4143281e+02 -1.6304009e+02      
1.4055632e+02 -1.5979988e+02      
1.3970551e+02 -1.5667566e+02      
1.3893277e+02 -1.5378018e+02      
1.3827539e+02 -1.5120326e+02      
1.2415297e+02 -1.7141927e+02      
1.2470203e+02 -1.7624346e+02      
1.2522686e+02 -1.8084863e+02      
1.2561822e+02 -1.8513362e+02      
1.2585256e+02 -1.8915018e+02      
1.2602238e+02 -1.9315646e+02      
1.2631075e+02 -1.9726684e+02      
1.2632217e+02 -1.9893620e+02      
1.2595932e+02 -1.9821138e+02      
1.2541221e+02 -1.9672715e+02      
1.2467303e+02 -1.9444068e+02      
1.2386650e+02 -1.9177684e+02      
1.2305800e+02 -1.8895858e+02      
1.2225659e+02 -1.8604261e+02      
1.2145398e+02 -1.8305300e+02      
1.2064499e+02 -1.8002134e+02      
1.1983917e+02 -1.7700427e+02      
1.1906088e+02 -1.7408124e+02      
1.1833871e+02 -1.7133734e+02      
1.1769478e+02 -1.6884861e+02      
1.0261126e+02 -1.8636419e+02      
1.0280763e+02 -1.9063053e+02      
1.0302995e+02 -1.9477783e+02      
1.0320699e+02 -1.9871308e+02      
1.0331669e+02 -2.0243851e+02      
1.0338631e+02 -2.0607274e+02      
1.0342087e+02 -2.0945786e+02      
1.0324161e+02 -2.1023467e+02      
1.0286286e+02 -2.0984917e+02      
1.0233511e+02 -2.0872612e+02      
1.0169032e+02 -2.0699739e+02      
1.0097440e+02 -2.0482698e+02      
1.0022823e+02 -2.0237379e+02      
9.9471416e+01 -1.9973519e+02      
9.8710902e+01 -1.9697499e+02      
9.7951557e+01 -1.9414938e+02      
9.7202676e+01 -1.9132030e+02      
9.6478774e+01 -1.8855721e+02      
9.5795640e+01 -1.8593151e+02      
9.5165136e+01 -1.8350949e+02      
7.9319831e+01 -1.9831998e+02      
7.9270996e+01 -2.0214167e+02      
7.9259789e+01 -2.0585856e+02      
7.9242362e+01 -2.0938191e+02      
7.9194367e+01 -2.1265122e+02      
7.9105755e+01 -2.1559051e+02      
7.8951057e+01 -2.1786593e+02      
7.8677214e+01 -2.1884786e+02      
7.8277008e+01 -2.1882459e+02      
7.7766791e+01 -2.1806540e+02      
7.7169865e+01 -2.1671729e+02      
7.6513785e+01 -2.1491277e+02      
7.5824162e+01 -2.1277272e+02      
7.5118813e+01 -2.1039386e+02      
7.4408688e+01 -2.0785276e+02      
7.3701817e+01 -2.0521631e+02      
7.3006438e+01 -2.0254942e+02      
7.2331668e+01 -1.9991745e+02      
7.1685906e+01 -1.9738458e+02      
7.1074293e+01 -1.9501065e+02      
