4.1759555e+01 2.3418394e+02      
4.0591810e+01 2.3332222e+02      
3.9031717e+01 2.3209496e+02      
3.7279014e+01 2.3070542e+02      
3.5518773e+01 2.2933584e+02      
3.3844416e+01 2.2809001e+02      
3.2311422e+01 2.2703496e+02      
3.0968923e+01 2.2622035e+02      
2.9868368e+01 2.2568081e+02      
2.9063261e+01 2.2543544e+02      
2.8605376e+01 2.2548882e+02      
2.8540443e+01 2.2583304e+02      
2.8905350e+01 2.2644962e+02      
2.9727137e+01 2.2731096e+02      
3.1022712e+01 2.2838092e+02      
3.2797752e+01 2.2961423e+02      
3.5043258e+01 2.3095375e+02      
3.7729733e+01 2.3232560e+02      
4.0806999e+01 2.3363892e+02      
4.4227749e+01 2.3480652e+02      
7.3491899e+01 2.2629499e+02      
7.2580729e+01 2.2546966e+02      
7.0711106e+01 2.2383466e+02      
6.8627716e+01 2.2203446e+02      
6.6621459e+01 2.2033103e+02      
6.4725222e+01 2.1878632e+02      
6.2961964e+01 2.1745435e+02      
6.1371510e+01 2.1638714e+02      
6.0008065e+01 2.1562215e+02      
5.8934594e+01 2.1517750e+02      
5.8213765e+01 2.1505416e+02      
5.7899337e+01 2.1524004e+02      
5.8032380e+01 2.1571302e+02      
5.8641769e+01 2.1644294e+02      
5.9746041e+01 2.1739265e+02      
6.1353890e+01 2.1851800e+02      
6.3459733e+01 2.1976402e+02      
6.6026737e+01 2.2105043e+02      
6.8956993e+01 2.2224479e+02      
7.2127938e+01 2.2319338e+02      
1.0460839e+02 2.1534534e+02      
1.0405138e+02 2.1457179e+02      
1.0130204e+02 2.1205048e+02      
9.8794956e+01 2.0974675e+02      
9.6564088e+01 2.0768976e+02      
9.4454352e+01 2.0581508e+02      
9.2448239e+01 2.0417283e+02      
9.0580089e+01 2.0283181e+02      
8.8910815e+01 2.0183592e+02      
8.7521844e+01 2.0119878e+02      
8.6495249e+01 2.0091326e+02      
8.5895508e+01 2.0096019e+02      
8.5766163e+01 2.0131241e+02      
8.6135205e+01 2.0193647e+02      
8.7021528e+01 2.0279453e+02      
8.8439909e+01 2.0384691e+02      
9.0403019e+01 2.0505402e+02      
9.2907518e+01 2.0636617e+02      
9.5804394e+01 2.0760963e+02      
9.8684661e+01 2.0837699e+02      
1.3246817e+02 1.9966099e+02      
1.3241309e+02 1.9898231e+02      
1.2967255e+02 1.9642499e+02      
1.2717286e+02 1.9394576e+02      
1.2488223e+02 1.9160378e+02      
1.2259494e+02 1.8936336e+02      
1.2034094e+02 1.8736123e+02      
1.1816402e+02 1.8572367e+02      
1.1612984e+02 1.8450103e+02      
1.1436203e+02 1.8369011e+02      
1.1298133e+02 1.8326659e+02      
1.1206344e+02 1.8320116e+02      
1.1164695e+02 1.8346070e+02      
1.1175181e+02 1.8400725e+02      
1.1239195e+02 1.8480012e+02      
1.1358495e+02 1.8580198e+02      
1.1536647e+02 1.8699160e+02      
1.1782946e+02 1.8840070e+02      
1.2097336e+02 1.8999813e+02      
1.2352976e+02 1.9062700e+02      
1.5622028e+02 1.7974179e+02      
1.5687627e+02 1.7923919e+02      
1.5521852e+02 1.7727678e+02      
1.5341580e+02 1.7500011e+02      
1.5126925e+02 1.7242421e+02      
1.4875528e+02 1.6967495e+02      
1.4626157e+02 1.6721279e+02      
1.4375334e+02 1.6525958e+02      
1.4124712e+02 1.6383896e+02      
1.3900091e+02 1.6289376e+02      
1.3721534e+02 1.6236792e+02      
1.3595868e+02 1.6222392e+02      
1.3524370e+02 1.6242492e+02      
1.3507019e+02 1.6292685e+02      
1.3543858e+02 1.6368108e+02      
1.3635674e+02 1.6464226e+02      
1.3785312e+02 1.6578121e+02      
1.4001917e+02 1.6711516e+02      
1.4286470e+02 1.6858211e+02      
1.4505871e+02 1.6911956e+02      
1.7523231e+02 1.5624582e+02      
1.7674265e+02 1.5595109e+02      
1.7775920e+02 1.5521008e+02      
1.7722836e+02 1.5333065e+02      
1.7534804e+02 1.5051091e+02      
1.7237406e+02 1.4692991e+02      
1.6993097e+02 1.4389100e+02      
1.6713105e+02 1.4163851e+02      
1.6384801e+02 1.4011925e+02      
1.6096128e+02 1.3911027e+02      
1.5874738e+02 1.3852388e+02      
1.5716510e+02 1.3833919e+02      
1.5616481e+02 1.3852303e+02      
1.5571610e+02 1.3902225e+02      
1.5580083e+02 1.3977308e+02      
1.5640652e+02 1.4071143e+02      
1.5752295e+02 1.4177724e+02      
1.5912742e+02 1.4290197e+02      
1.6105048e+02 1.4390390e+02      
1.6284958e+02 1.4440069e+02      
1.9150812e+02 1.3062236e+02      
1.9360879e+02 1.3029442e+02      
1.9595799e+02 1.2978769e+02      
1.9637618e+02 1.2804429e+02      
1.9489741e+02 1.2511115e+02      
1.9219614e+02 1.2120775e+02      
1.9083863e+02 1.1761649e+02      
1.8790304e+02 1.1513632e+02      
1.8322687e+02 1.1372923e+02      
1.7968559e+02 1.1271355e+02      
1.7714499e+02 1.1208817e+02      
1.7531271e+02 1.1189850e+02      
1.7407154e+02 1.1211720e+02      
1.7337163e+02 1.1267134e+02      
1.7318352e+02 1.1347167e+02      
1.7347630e+02 1.1443125e+02      
1.7420719e+02 1.1546594e+02      
1.7529841e+02 1.1647629e+02      
1.7661450e+02 1.1731981e+02      
1.7800561e+02 1.1783302e+02      
2.0450024e+02 1.0315821e+02      
2.0678714e+02 1.0256816e+02      
2.0957854e+02 1.0179359e+02      
2.1043324e+02 9.9945733e+01      
2.0927035e+02 9.7008054e+01      
2.0673997e+02 9.3166809e+01      
2.0550490e+02 8.9390466e+01      
2.0269810e+02 8.6747707e+01      
1.9814333e+02 8.5273735e+01      
1.9464309e+02 8.4131494e+01      
1.9206272e+02 8.3435533e+01      
1.9011228e+02 8.3275638e+01      
1.8869215e+02 8.3603880e+01      
1.8777807e+02 8.4296456e+01      
1.8735010e+02 8.5220402e+01      
1.8736435e+02 8.6267007e+01      
1.8776855e+02 8.7347253e+01      
1.8847306e+02 8.8369905e+01      
1.8932282e+02 8.9226190e+01      
1.9029695e+02 8.9822522e+01      
2.1372466e+02 7.4220976e+01      
2.1575393e+02 7.3245675e+01      
2.1826078e+02 7.2007463e+01      
2.1910723e+02 6.9946967e+01      
2.1819873e+02 6.7061998e+01      
2.1580452e+02 6.3551779e+01      
2.1383738e+02 6.0162664e+01      
2.1143244e+02 5.7364136e+01      
2.0844199e+02 5.5264232e+01      
2.0567763e+02 5.3742019e+01      
2.0334658e+02 5.2907901e+01      
2.0139263e+02 5.2837487e+01      
1.9982788e+02 5.3406709e+01      
1.9872772e+02 5.4364778e+01      
1.9811774e+02 5.5504506e+01      
1.9790230e+02 5.6706978e+01      
1.9803511e+02 5.7900050e+01      
1.9847076e+02 5.9025713e+01      
1.9882202e+02 5.9966688e+01      
1.9906505e+02 6.0633750e+01      
2.1909393e+02 4.4321784e+01      
2.2051866e+02 4.2936571e+01      
2.2186965e+02 4.1176599e+01      
2.2239710e+02 3.8873314e+01      
2.2185280e+02 3.6022020e+01      
2.2046451e+02 3.2802415e+01      
2.1882105e+02 2.9558242e+01      
2.1697938e+02 2.6549649e+01      
2.1498379e+02 2.3897517e+01      
2.1302066e+02 2.1793526e+01      
2.1105921e+02 2.0745793e+01      
2.0911946e+02 2.0898050e+01      
2.0733646e+02 2.1993797e+01      
2.0601231e+02 2.3409665e+01      
2.0528645e+02 2.4858406e+01      
2.0486913e+02 2.6266249e+01      
2.0474072e+02 2.7600117e+01      
2.0472726e+02 2.8843084e+01      
2.0460104e+02 2.9935247e+01      
2.0431970e+02 3.0791856e+01      
2.2076005e+02 1.4009515e+01      
2.2170239e+02 1.2286081e+01      
2.2246948e+02 1.0181370e+01      
2.2277900e+02 7.6549986e+00      
2.2249284e+02 4.7323470e+00      
2.2169501e+02 1.5309512e+00      
2.2058396e+02 -1.7755085e+00      
2.1930499e+02 -5.0472941e+00      
2.1801068e+02 -8.2654141e+00      
2.1685174e+02 -1.1323262e+01      
2.1523807e+02 -1.2624375e+01      
2.1326499e+02 -1.2087139e+01      
2.1106140e+02 -9.9615388e+00      
2.0940790e+02 -7.9267651e+00      
2.0830844e+02 -6.1207709e+00      
2.0764252e+02 -4.4997850e+00      
2.0736653e+02 -3.0364278e+00      
2.0706786e+02 -1.6450796e+00      
2.0657740e+02 -3.3691770e-01      
2.0590582e+02 7.8533565e-01      
2.1887900e+02 -1.6190012e+01      
2.1953724e+02 -1.8180544e+01      
2.2004771e+02 -2.0540414e+01      
2.2027743e+02 -2.3272276e+01      
2.2015753e+02 -2.6341751e+01      
2.1971388e+02 -2.9666859e+01      
2.1903233e+02 -3.3135530e+01      
2.1820927e+02 -3.6652878e+01      
2.1735658e+02 -4.0222169e+01      
2.1651177e+02 -4.3670542e+01      
2.1507053e+02 -4.5013130e+01      
2.1310208e+02 -4.4144947e+01      
2.1080107e+02 -4.1425621e+01      
2.0892733e+02 -3.8927301e+01      
2.0754505e+02 -3.6818923e+01      
2.0660665e+02 -3.5026566e+01      
2.0602169e+02 -3.3466172e+01      
2.0553713e+02 -3.1920133e+01      
2.0475591e+02 -3.0307770e+01      
2.0378025e+02 -2.8864513e+01      
2.1355223e+02 -4.5782156e+01      
2.1405023e+02 -4.7989875e+01      
2.1444306e+02 -5.0560176e+01      
2.1466374e+02 -5.3486557e+01      
2.1467904e+02 -5.6739011e+01      
2.1449967e+02 -6.0255133e+01      
2.1416401e+02 -6.3938249e+01      
2.1370840e+02 -6.7665486e+01      
2.1314257e+02 -7.1326760e+01      
2.1236751e+02 -7.4631684e+01      
2.1092729e+02 -7.5696984e+01      
2.0893714e+02 -7.4563436e+01      
2.0665787e+02 -7.1663068e+01      
2.0466040e+02 -6.8951386e+01      
2.0306381e+02 -6.6624396e+01      
2.0189874e+02 -6.4712710e+01      
2.0114593e+02 -6.3227789e+01      
2.0028201e+02 -6.1448139e+01      
1.9917533e+02 -5.9372195e+01      
1.9798632e+02 -5.7610053e+01      
2.0488089e+02 -7.4294468e+01      
2.0528871e+02 -7.6677884e+01      
2.0562967e+02 -7.9422317e+01      
2.0587303e+02 -8.2525339e+01      
2.0600943e+02 -8.5971327e+01      
2.0605325e+02 -8.9720398e+01      
2.0602842e+02 -9.3686594e+01      
2.0593553e+02 -9.7695879e+01      
2.0569830e+02 -1.0141319e+02      
2.0500855e+02 -1.0405952e+02      
2.0337115e+02 -1.0442689e+02      
2.0119600e+02 -1.0292231e+02      
1.9888856e+02 -1.0031416e+02      
1.9675867e+02 -9.7526960e+01      
1.9495183e+02 -9.4981745e+01      
1.9352233e+02 -9.2839968e+01      
1.9244570e+02 -9.1144737e+01      
1.9126324e+02 -8.9137736e+01      
1.8989243e+02 -8.6819022e+01      
1.8866339e+02 -8.4930151e+01      
1.9299976e+02 -1.0127696e+02      
1.9335346e+02 -1.0379393e+02      
1.9367008e+02 -1.0667043e+02      
1.9394222e+02 -1.0991502e+02      
1.9418086e+02 -1.1353660e+02      
1.9441785e+02 -1.1753827e+02      
1.9469511e+02 -1.2188733e+02      
1.9502908e+02 -1.2642856e+02      
1.9532395e+02 -1.3070555e+02      
1.9515864e+02 -1.3366761e+02      
1.9296841e+02 -1.3288280e+02      
1.9034105e+02 -1.3046305e+02      
1.8775744e+02 -1.2739765e+02      
1.8541515e+02 -1.2429323e+02      
1.8338575e+02 -1.2144426e+02      
1.8166946e+02 -1.1894035e+02      
1.8018955e+02 -1.1671221e+02      
1.7877430e+02 -1.1451307e+02      
1.7737601e+02 -1.1233983e+02      
1.7609592e+02 -1.1043923e+02      
1.7808994e+02 -1.2630894e+02      
1.7840348e+02 -1.2891249e+02      
1.7869950e+02 -1.3186696e+02      
1.7898582e+02 -1.3519242e+02      
1.7928980e+02 -1.3892565e+02      
1.7966838e+02 -1.4313466e+02      
1.8021766e+02 -1.4793005e+02      
1.8101365e+02 -1.5329033e+02      
1.8189283e+02 -1.5855835e+02      
1.8149680e+02 -1.6108386e+02      
1.7953804e+02 -1.6023756e+02      
1.7637913e+02 -1.5649403e+02      
1.7340321e+02 -1.5245467e+02      
1.7082019e+02 -1.4880882e+02      
1.6860295e+02 -1.4562864e+02      
1.6667810e+02 -1.4282294e+02      
1.6496719e+02 -1.4029056e+02      
1.6339230e+02 -1.3793833e+02      
1.6191953e+02 -1.3575757e+02      
1.6056478e+02 -1.3382108e+02      
1.6038213e+02 -1.4900801e+02      
1.6065543e+02 -1.5164661e+02      
1.6091971e+02 -1.5461359e+02      
1.6118999e+02 -1.5793304e+02      
1.6149995e+02 -1.6165492e+02      
1.6191720e+02 -1.6588784e+02      
1.6259206e+02 -1.7091233e+02      
1.6371488e+02 -1.7708798e+02      
1.6427952e+02 -1.8203515e+02      
1.6373988e+02 -1.8429459e+02      
1.6194652e+02 -1.8334635e+02      
1.5912278e+02 -1.7962731e+02      
1.5586508e+02 -1.7455244e+02      
1.5316365e+02 -1.7050611e+02      
1.5086499e+02 -1.6713899e+02      
1.4883874e+02 -1.6417416e+02      
1.4701346e+02 -1.6149236e+02      
1.4533886e+02 -1.5903232e+02      
1.4378773e+02 -1.5678286e+02      
1.4235435e+02 -1.5477193e+02      
1.4015556e+02 -1.6903866e+02      
1.4038097e+02 -1.7166029e+02      
1.4059559e+02 -1.7457084e+02      
1.4081409e+02 -1.7778652e+02      
1.4106321e+02 -1.8134282e+02      
1.4138772e+02 -1.8531130e+02      
1.4185216e+02 -1.8981789e+02      
1.4245172e+02 -1.9489130e+02      
1.4290137e+02 -1.9996880e+02      
1.4232213e+02 -2.0221168e+02      
1.4061300e+02 -2.0096997e+02      
1.3794757e+02 -1.9684321e+02      
1.3521573e+02 -1.9263993e+02      
1.3271768e+02 -1.8891153e+02      
1.3047924e+02 -1.8562674e+02      
1.2845102e+02 -1.8265813e+02      
1.2659187e+02 -1.7993142e+02      
1.2487111e+02 -1.7741204e+02      
1.2326892e+02 -1.7509566e+02      
1.2177507e+02 -1.7299973e+02      
1.1773402e+02 -1.8611844e+02      
1.1790155e+02 -1.8867649e+02      
1.1804924e+02 -1.9146985e+02      
1.1818683e+02 -1.9449830e+02      
1.1832771e+02 -1.9776610e+02      
1.1848561e+02 -2.0127812e+02      
1.1865934e+02 -2.0501485e+02      
1.1879347e+02 -2.0885946e+02      
1.1871970e+02 -2.1243860e+02      
1.1812090e+02 -2.1479562e+02      
1.1648988e+02 -2.1316226e+02      
1.1437714e+02 -2.1027496e+02      
1.1212310e+02 -2.0706697e+02      
1.0991499e+02 -2.0389784e+02      
1.0782528e+02 -2.0087751e+02      
1.0586774e+02 -1.9802240e+02      
1.0403495e+02 -1.9532719e+02      
1.0231478e+02 -1.9279132e+02      
1.0069612e+02 -1.9042498e+02      
9.9170133e+01 -1.8824800e+02      
9.3479634e+01 -2.0002080e+02      
9.3580544e+01 -2.0247892e+02      
9.3649369e+01 -2.0511145e+02      
9.3690148e+01 -2.0790031e+02      
9.3704862e+01 -2.1082013e+02      
9.3687990e+01 -2.1382714e+02      
9.3614757e+01 -2.1683360e+02      
9.3423135e+01 -2.1966141e+02      
9.3000104e+01 -2.2198051e+02      
9.2180266e+01 -2.2315876e+02      
9.0822838e+01 -2.2244811e+02      
8.9098404e+01 -2.2057490e+02      
8.7196399e+01 -2.1815339e+02      
8.5249001e+01 -2.1550122e+02      
8.3333885e+01 -2.1278905e+02      
8.1487573e+01 -2.1010115e+02      
7.9723036e+01 -2.0748129e+02      
7.8041887e+01 -2.0495859e+02      
7.6440816e+01 -2.0255908e+02      
7.4914259e+01 -2.0030946e+02      
