3.4004823e+01 2.2435959e+02      
3.5503827e+01 2.2258068e+02      
3.7597014e+01 2.2098792e+02      
4.0237084e+01 2.1962747e+02      
4.3349711e+01 2.1854165e+02      
4.6806522e+01 2.1776417e+02      
5.0383467e+01 2.1730571e+02      
5.3656371e+01 2.1709097e+02      
5.6127224e+01 2.1697241e+02      
5.8308686e+01 2.1716980e+02      
6.0534798e+01 2.1778320e+02      
6.2707675e+01 2.1869429e+02      
6.4058624e+01 2.1928198e+02      
6.5418611e+01 2.2012671e+02      
6.6992702e+01 2.2128333e+02      
6.8660768e+01 2.2258597e+02      
7.0008679e+01 2.2360991e+02      
7.0548558e+01 2.2380253e+02      
7.0772144e+01 2.2359658e+02      
7.1133434e+01 2.2331380e+02      
6.3050838e+01 2.1582218e+02      
6.4865482e+01 2.1408575e+02      
6.7336787e+01 2.1252292e+02      
7.0439628e+01 2.1118653e+02      
7.4139562e+01 2.1013152e+02      
7.8354147e+01 2.0941711e+02      
8.2840999e+01 2.0908792e+02      
8.6966620e+01 2.0907085e+02      
8.8892808e+01 2.0868361e+02      
9.0634465e+01 2.0876574e+02      
9.2736883e+01 2.0942269e+02      
9.4528508e+01 2.1016650e+02      
9.5887697e+01 2.1088234e+02      
9.6954545e+01 2.1168860e+02      
9.8572740e+01 2.1304108e+02      
1.0061004e+02 2.1478684e+02      
1.0229243e+02 2.1630251e+02      
1.0177069e+02 2.1560864e+02      
1.0081311e+02 2.1451635e+02      
1.0015845e+02 2.1350271e+02      
9.0424604e+01 2.0375639e+02      
9.2547058e+01 2.0203654e+02      
9.5382805e+01 2.0047618e+02      
9.8927480e+01 1.9913067e+02      
1.0322622e+02 1.9806374e+02      
1.0829789e+02 1.9735718e+02      
1.1377239e+02 1.9706588e+02      
1.1767419e+02 1.9675516e+02      
1.1978668e+02 1.9642251e+02      
1.2077455e+02 1.9634479e+02      
1.2195137e+02 1.9668520e+02      
1.2330104e+02 1.9727703e+02      
1.2464885e+02 1.9807763e+02      
1.2608827e+02 1.9922087e+02      
1.2801478e+02 2.0094083e+02      
1.3077613e+02 2.0330120e+02      
1.3203971e+02 2.0445377e+02      
1.3126806e+02 2.0388283e+02      
1.2885592e+02 2.0188924e+02      
1.2694972e+02 2.0012310e+02      
1.1564381e+02 1.8836977e+02      
1.1805631e+02 1.8663718e+02      
1.2122369e+02 1.8505012e+02      
1.2511611e+02 1.8365714e+02      
1.2980622e+02 1.8250451e+02      
1.3553721e+02 1.8166184e+02      
1.4056324e+02 1.8092526e+02      
1.4403812e+02 1.8028586e+02      
1.4583320e+02 1.7981727e+02      
1.4644395e+02 1.7962355e+02      
1.4684404e+02 1.7977092e+02      
1.4795432e+02 1.8022632e+02      
1.4924210e+02 1.8099409e+02      
1.5081845e+02 1.8226754e+02      
1.5389264e+02 1.8455163e+02      
1.5653101e+02 1.8659170e+02      
1.5751208e+02 1.8756576e+02      
1.5644043e+02 1.8712099e+02      
1.5373049e+02 1.8540659e+02      
1.5058596e+02 1.8310002e+02      
1.3825802e+02 1.6992086e+02      
1.4094528e+02 1.6814345e+02      
1.4443520e+02 1.6650595e+02      
1.4860813e+02 1.6505225e+02      
1.5317708e+02 1.6374465e+02      
1.5769938e+02 1.6244122e+02      
1.6228796e+02 1.6124447e+02      
1.6520881e+02 1.6024613e+02      
1.6625017e+02 1.5956818e+02      
1.6596404e+02 1.5921124e+02      
1.6650544e+02 1.5917245e+02      
1.6797921e+02 1.5948034e+02      
1.6924577e+02 1.6007559e+02      
1.7118999e+02 1.6119301e+02      
1.7390297e+02 1.6293873e+02      
1.7686546e+02 1.6498144e+02      
1.7773840e+02 1.6599301e+02      
1.7615708e+02 1.6564637e+02      
1.7277057e+02 1.6405235e+02      
1.7006714e+02 1.6239849e+02      
1.5784266e+02 1.4871329e+02      
1.6079359e+02 1.4685162e+02      
1.6466836e+02 1.4514107e+02      
1.6925214e+02 1.4364256e+02      
1.7388491e+02 1.4229058e+02      
1.7658208e+02 1.4043307e+02      
1.7901536e+02 1.3875225e+02      
1.8117203e+02 1.3734988e+02      
1.8123840e+02 1.3648044e+02      
1.8135483e+02 1.3590763e+02      
1.8216417e+02 1.3563614e+02      
1.8368244e+02 1.3567998e+02      
1.8559246e+02 1.3605035e+02      
1.8792549e+02 1.3682992e+02      
1.9032269e+02 1.3804430e+02      
1.9198280e+02 1.3951414e+02      
1.9266830e+02 1.4068811e+02      
1.9038008e+02 1.4051423e+02      
1.8773847e+02 1.3977043e+02      
1.8560795e+02 1.3881274e+02      
1.7398496e+02 1.2509150e+02      
1.7715535e+02 1.2308859e+02      
1.8149331e+02 1.2125028e+02      
1.8659129e+02 1.1964161e+02      
1.9036218e+02 1.1786219e+02      
1.9225839e+02 1.1585780e+02      
1.9247236e+02 1.1380767e+02      
1.9264883e+02 1.1216605e+02      
1.9267353e+02 1.1097876e+02      
1.9306387e+02 1.1015352e+02      
1.9413628e+02 1.0963643e+02      
1.9596398e+02 1.0940308e+02      
1.9848074e+02 1.0945476e+02      
2.0145887e+02 1.0984564e+02      
2.0415369e+02 1.1065097e+02      
2.0420523e+02 1.1183781e+02      
2.0321679e+02 1.1293321e+02      
2.0122738e+02 1.1343815e+02      
1.9910462e+02 1.1343605e+02      
1.9739688e+02 1.1308346e+02      
1.8629072e+02 9.9442123e+01      
1.8943527e+02 9.7210574e+01      
1.9411277e+02 9.5122395e+01      
1.9851118e+02 9.3008913e+01      
2.0152455e+02 9.0842947e+01      
2.0270016e+02 8.8675615e+01      
2.0221622e+02 8.6609228e+01      
2.0092739e+02 8.4788341e+01      
2.0057865e+02 8.3385576e+01      
2.0101578e+02 8.2353865e+01      
2.0226197e+02 8.1625582e+01      
2.0445790e+02 8.1124345e+01      
2.0765845e+02 8.0807163e+01      
2.1144857e+02 8.0778658e+01      
2.1360668e+02 8.1383565e+01      
2.1347307e+02 8.2523318e+01      
2.1123000e+02 8.3941901e+01      
2.0885684e+02 8.5045770e+01      
2.0686968e+02 8.5652839e+01      
2.0543130e+02 8.5810791e+01      
1.9451894e+02 7.2206441e+01      
1.9701437e+02 6.9629595e+01      
2.0049383e+02 6.7059939e+01      
2.0451758e+02 6.4476695e+01      
2.0698294e+02 6.1945587e+01      
2.0738635e+02 5.9609096e+01      
2.0605559e+02 5.7501740e+01      
2.0498392e+02 5.5631772e+01      
2.0460530e+02 5.4107464e+01      
2.0499736e+02 5.2948661e+01      
2.0624788e+02 5.2097934e+01      
2.0860826e+02 5.1424848e+01      
2.1238506e+02 5.0757664e+01      
2.1576731e+02 5.0584979e+01      
2.1763087e+02 5.1143816e+01      
2.1749266e+02 5.2414013e+01      
2.1553230e+02 5.4138174e+01      
2.1269604e+02 5.5859412e+01      
2.1081195e+02 5.6962287e+01      
2.0964481e+02 5.7543799e+01      
1.9873988e+02 4.3882822e+01      
2.0038001e+02 4.0914576e+01      
2.0258603e+02 3.7900759e+01      
2.0506900e+02 3.4895641e+01      
2.0710188e+02 3.1968989e+01      
2.0673107e+02 2.9483889e+01      
2.0581091e+02 2.7219545e+01      
2.0501371e+02 2.5227412e+01      
2.0465130e+02 2.3599210e+01      
2.0490671e+02 2.2390369e+01      
2.0592883e+02 2.1547092e+01      
2.0787237e+02 2.0961004e+01      
2.1076472e+02 2.0517531e+01      
2.1412446e+02 2.0208051e+01      
2.1596661e+02 2.0792237e+01      
2.1579958e+02 2.2366423e+01      
2.1387900e+02 2.4582762e+01      
2.1205951e+02 2.6471164e+01      
2.1077156e+02 2.7873582e+01      
2.1001186e+02 2.8794360e+01      
1.9916953e+02 1.4989535e+01      
1.9998780e+02 1.1593663e+01      
2.0110096e+02 8.1303276e+00      
2.0226374e+02 4.7313139e+00      
2.0301032e+02 1.5453155e+00      
2.0279700e+02 -1.2753957e+00      
2.0210478e+02 -3.7609627e+00      
2.0135979e+02 -5.9394182e+00      
2.0084236e+02 -7.7295650e+00      
2.0081944e+02 -8.8894281e+00      
2.0143562e+02 -9.6064458e+00      
2.0277895e+02 -9.9534758e+00      
2.0479104e+02 -9.9757102e+00      
2.0714650e+02 -9.7288000e+00      
2.0911172e+02 -9.0626627e+00      
2.0894892e+02 -7.0356700e+00      
2.0819507e+02 -4.8237732e+00      
2.0742751e+02 -2.8171494e+00      
2.0688090e+02 -1.1756762e+00      
2.0662483e+02 3.8703011e-02      
1.9602631e+02 -1.3948984e+01      
1.9612214e+02 -1.7841097e+01      
1.9636410e+02 -2.1833171e+01      
1.9656879e+02 -2.5701457e+01      
1.9650501e+02 -2.9239608e+01      
1.9603066e+02 -3.2331194e+01      
1.9524285e+02 -3.4986092e+01      
1.9431138e+02 -3.7309006e+01      
1.9339423e+02 -3.9422293e+01      
1.9292641e+02 -4.0390124e+01      
1.9300941e+02 -4.0986601e+01      
1.9377483e+02 -4.1047247e+01      
1.9514622e+02 -4.0532546e+01      
1.9678473e+02 -3.9643532e+01      
1.9820979e+02 -3.8278385e+01      
1.9888936e+02 -3.6227670e+01      
1.9915089e+02 -3.3903244e+01      
1.9927792e+02 -3.1683846e+01      
1.9942328e+02 -2.9773960e+01      
1.9967835e+02 -2.8268870e+01      
1.8951622e+02 -4.2382089e+01      
1.8900168e+02 -4.6883905e+01      
1.8855300e+02 -5.1578860e+01      
1.8804412e+02 -5.6072236e+01      
1.8736872e+02 -6.0034134e+01      
1.8648499e+02 -6.3323348e+01      
1.8542651e+02 -6.6014101e+01      
1.8421776e+02 -6.8209191e+01      
1.8283016e+02 -6.9775122e+01      
1.8152640e+02 -7.1275218e+01      
1.8093938e+02 -7.1991696e+01      
1.8115972e+02 -7.1860878e+01      
1.8215720e+02 -7.0729580e+01      
1.8343207e+02 -6.9344447e+01      
1.8477870e+02 -6.7485227e+01      
1.8601422e+02 -6.5062620e+01      
1.8708551e+02 -6.2314770e+01      
1.8795230e+02 -5.9723418e+01      
1.8869860e+02 -5.7490560e+01      
1.8942169e+02 -5.5680250e+01      
1.7984390e+02 -6.9691776e+01      
1.7882373e+02 -7.4952020e+01      
1.7782885e+02 -8.0734355e+01      
1.7672689e+02 -8.6121408e+01      
1.7549688e+02 -9.0590055e+01      
1.7417160e+02 -9.3949443e+01      
1.7279220e+02 -9.6330387e+01      
1.7135320e+02 -9.8258397e+01      
1.6937624e+02 -9.8539303e+01      
1.6733745e+02 -9.9797437e+01      
1.6608857e+02 -1.0057624e+02      
1.6573207e+02 -1.0055182e+02      
1.6619476e+02 -9.9703613e+01      
1.6725597e+02 -9.8196565e+01      
1.6874076e+02 -9.5973594e+01      
1.7049082e+02 -9.2996450e+01      
1.7231344e+02 -8.9490580e+01      
1.7377352e+02 -8.6451253e+01      
1.7500989e+02 -8.3874303e+01      
1.7613361e+02 -8.1751694e+01      
1.6722464e+02 -9.5154416e+01      
1.6577186e+02 -1.0107652e+02      
1.6435686e+02 -1.0845964e+02      
1.6269022e+02 -1.1503367e+02      
1.6090631e+02 -1.2013025e+02      
1.5913641e+02 -1.2343860e+02      
1.5741236e+02 -1.2479793e+02      
1.5558777e+02 -1.2419454e+02      
1.5340711e+02 -1.2421976e+02      
1.5090698e+02 -1.2530101e+02      
1.4904094e+02 -1.2617903e+02      
1.4814311e+02 -1.2638000e+02      
1.4823095e+02 -1.2578136e+02      
1.4919300e+02 -1.2432114e+02      
1.5090473e+02 -1.2184134e+02      
1.5315338e+02 -1.1831306e+02      
1.5523142e+02 -1.1469706e+02      
1.5705422e+02 -1.1137710e+02      
1.5866258e+02 -1.0848245e+02      
1.6011311e+02 -1.0605461e+02      
1.5190875e+02 -1.1810724e+02      
1.5003769e+02 -1.2391693e+02      
1.4807112e+02 -1.3082792e+02      
1.4585858e+02 -1.3847882e+02      
1.4354748e+02 -1.4430370e+02      
1.4141561e+02 -1.4759834e+02      
1.3954118e+02 -1.4818073e+02      
1.3768106e+02 -1.4679534e+02      
1.3542786e+02 -1.4656990e+02      
1.3283374e+02 -1.4736387e+02      
1.3025543e+02 -1.4857182e+02      
1.2887393e+02 -1.4907168e+02      
1.2871121e+02 -1.4875409e+02      
1.2963214e+02 -1.4755502e+02      
1.3151603e+02 -1.4514881e+02      
1.3374226e+02 -1.4158028e+02      
1.3598095e+02 -1.3772688e+02      
1.3806670e+02 -1.3411468e+02      
1.3996428e+02 -1.3091007e+02      
1.4167790e+02 -1.2818748e+02      
1.3420295e+02 -1.3823819e+02      
1.3199800e+02 -1.4356845e+02      
1.2965748e+02 -1.4963922e+02      
1.2708060e+02 -1.5626409e+02      
1.2422962e+02 -1.6276948e+02      
1.2176754e+02 -1.6624826e+02      
1.1999325e+02 -1.6606665e+02      
1.1803769e+02 -1.6549890e+02      
1.1569515e+02 -1.6557882e+02      
1.1294396e+02 -1.6641615e+02      
1.0998973e+02 -1.6775312e+02      
1.0832181e+02 -1.6851007e+02      
1.0800959e+02 -1.6855296e+02      
1.0880588e+02 -1.6794309e+02      
1.0997091e+02 -1.6688855e+02      
1.1228892e+02 -1.6266173e+02      
1.1474810e+02 -1.5830815e+02      
1.1709256e+02 -1.5431462e+02      
1.1924140e+02 -1.5078323e+02      
1.2116917e+02 -1.4777935e+02      
1.1443758e+02 -1.5543940e+02      
1.1200181e+02 -1.6019353e+02      
1.0943469e+02 -1.6541487e+02      
1.0667534e+02 -1.7092959e+02      
1.0368932e+02 -1.7635495e+02      
1.0072765e+02 -1.8058036e+02      
9.8935499e+01 -1.8076302e+02      
9.6936561e+01 -1.8074466e+02      
9.4534806e+01 -1.8120853e+02      
9.1713108e+01 -1.8219469e+02      
8.8641574e+01 -1.8359251e+02      
8.6897888e+01 -1.8457512e+02      
8.6430670e+01 -1.8509421e+02      
8.6293273e+01 -1.8548631e+02      
8.6777209e+01 -1.8502255e+02      
8.9071712e+01 -1.8085389e+02      
9.1821238e+01 -1.7605161e+02      
9.4475575e+01 -1.7160466e+02      
9.6861788e+01 -1.6774106e+02      
9.8957871e+01 -1.6449003e+02      
9.2946272e+01 -1.6963501e+02      
9.0365103e+01 -1.7380604e+02      
8.7675222e+01 -1.7826499e+02      
8.4845128e+01 -1.8285106e+02      
8.1818467e+01 -1.8738784e+02      
7.8682301e+01 -1.9140204e+02      
7.6783378e+01 -1.9213465e+02      
7.4690028e+01 -1.9266159e+02      
7.2281339e+01 -1.9345171e+02      
6.9558636e+01 -1.9454803e+02      
6.6649503e+01 -1.9593438e+02      
6.4969188e+01 -1.9713966e+02      
6.3523414e+01 -1.9855639e+02      
6.2294930e+01 -2.0000851e+02      
6.2570454e+01 -1.9925985e+02      
6.4451473e+01 -1.9589699e+02      
6.7619072e+01 -1.9053345e+02      
7.0653337e+01 -1.8558173e+02      
7.3249595e+01 -1.8143069e+02      
7.5443826e+01 -1.7801806e+02      
7.0069834e+01 -1.8075495e+02      
6.7408653e+01 -1.8437607e+02      
6.4669561e+01 -1.8816429e+02      
6.1852193e+01 -1.9196656e+02      
5.8976042e+01 -1.9557204e+02      
5.6204736e+01 -1.9851731e+02      
5.3839647e+01 -2.0018149e+02      
5.1554396e+01 -2.0129539e+02      
4.9178860e+01 -2.0233675e+02      
4.6714553e+01 -2.0345269e+02      
4.4315407e+01 -2.0468905e+02      
4.2197314e+01 -2.0613991e+02      
3.9918864e+01 -2.0817837e+02      
3.8766606e+01 -2.0896829e+02      
3.8929283e+01 -2.0802730e+02      
4.0376425e+01 -2.0526740e+02      
4.2940812e+01 -2.0094816e+02      
4.6248504e+01 -1.9571495e+02      
4.8876269e+01 -1.9152762e+02      
5.1036508e+01 -1.8812840e+02      
