3.2606091e+01 2.3554260e+02      
3.1973490e+01 2.3481474e+02      
3.1463128e+01 2.3416094e+02      
3.0963616e+01 2.3358741e+02      
3.0423962e+01 2.3311680e+02      
2.9891664e+01 2.3280288e+02      
2.9475610e+01 2.3270884e+02      
2.9287543e+01 2.3288017e+02      
2.9409856e+01 2.3333490e+02      
2.9877657e+01 2.3406005e+02      
3.0649671e+01 2.3499770e+02      
3.1564622e+01 2.3601693e+02      
3.2422522e+01 2.3695681e+02      
3.3243464e+01 2.3777993e+02      
3.4268998e+01 2.3857406e+02      
3.5705699e+01 2.3940142e+02      
3.7648101e+01 2.4025930e+02      
4.0128794e+01 2.4111354e+02      
4.3152606e+01 2.4191878e+02      
4.6710578e+01 2.4262615e+02      
6.2157879e+01 2.2599147e+02      
6.1916268e+01 2.2529036e+02      
6.1750613e+01 2.2464466e+02      
6.1434356e+01 2.2402277e+02      
6.0837606e+01 2.2342072e+02      
6.0088549e+01 2.2294199e+02      
5.9415937e+01 2.2270657e+02      
5.9008036e+01 2.2278555e+02      
5.8995012e+01 2.2320889e+02      
5.9455683e+01 2.2397976e+02      
6.0398761e+01 2.2506997e+02      
6.1544677e+01 2.2628730e+02      
6.2162151e+01 2.2715178e+02      
6.2267980e+01 2.2762009e+02      
6.2631163e+01 2.2808939e+02      
6.3570590e+01 2.2867234e+02      
6.5124845e+01 2.2932441e+02      
6.7284811e+01 2.2998468e+02      
7.0030488e+01 2.3059276e+02      
7.3337616e+01 2.3109071e+02      
9.0462099e+01 2.1281285e+02      
9.0794823e+01 2.1214609e+02      
9.1221123e+01 2.1155641e+02      
9.1280665e+01 2.1093154e+02      
9.0451059e+01 2.1007070e+02      
8.9250799e+01 2.0930796e+02      
8.8143824e+01 2.0886684e+02      
8.7394680e+01 2.0882505e+02      
8.7167394e+01 2.0920779e+02      
8.7585888e+01 2.1003003e+02      
8.8815466e+01 2.1135019e+02      
9.0772828e+01 2.1312699e+02      
9.1123203e+01 2.1394579e+02      
8.9875813e+01 2.1375386e+02      
8.9402956e+01 2.1387661e+02      
8.9813270e+01 2.1426193e+02      
9.0967682e+01 2.1476006e+02      
9.2793461e+01 2.1527628e+02      
9.5241922e+01 2.1573540e+02      
9.8273413e+01 2.1607133e+02      
1.1697826e+02 1.9619772e+02      
1.1812040e+02 1.9556277e+02      
1.1950940e+02 1.9508750e+02      
1.2040991e+02 1.9463318e+02      
1.1889951e+02 1.9322621e+02      
1.1688735e+02 1.9203097e+02      
1.1510543e+02 1.9132188e+02      
1.1387375e+02 1.9114155e+02      
1.1332419e+02 1.9146970e+02      
1.1355233e+02 1.9229127e+02      
1.1475255e+02 1.9364601e+02      
1.1680082e+02 1.9542386e+02      
1.1685861e+02 1.9623007e+02      
1.1493809e+02 1.9600573e+02      
1.1391037e+02 1.9604914e+02      
1.1390413e+02 1.9636225e+02      
1.1470783e+02 1.9678889e+02      
1.1621694e+02 1.9722646e+02      
1.1836806e+02 1.9759475e+02      
1.2111278e+02 1.9782376e+02      
1.4107340e+02 1.7636490e+02      
1.4323062e+02 1.7569679e+02      
1.4582329e+02 1.7523581e+02      
1.4669950e+02 1.7429313e+02      
1.4540129e+02 1.7283103e+02      
1.4234947e+02 1.7119294e+02      
1.3967523e+02 1.7022162e+02      
1.3786789e+02 1.6993318e+02      
1.3693115e+02 1.7022421e+02      
1.3679872e+02 1.7100390e+02      
1.3753238e+02 1.7222633e+02      
1.3901347e+02 1.7374084e+02      
1.3875680e+02 1.7457111e+02      
1.3678987e+02 1.7465701e+02      
1.3563876e+02 1.7487527e+02      
1.3540391e+02 1.7525617e+02      
1.3593878e+02 1.7570233e+02      
1.3716686e+02 1.7613254e+02      
1.3903349e+02 1.7647342e+02      
1.4149115e+02 1.7665577e+02      
1.6190979e+02 1.5355971e+02      
1.6503603e+02 1.5266947e+02      
1.6765118e+02 1.5151754e+02      
1.6861629e+02 1.5000089e+02      
1.6749637e+02 1.4831378e+02      
1.6459116e+02 1.4679841e+02      
1.6104923e+02 1.4573014e+02      
1.5882309e+02 1.4546941e+02      
1.5759278e+02 1.4581050e+02      
1.5706464e+02 1.4658325e+02      
1.5703800e+02 1.4765248e+02      
1.5711514e+02 1.4880575e+02      
1.5651295e+02 1.4969485e+02      
1.5529989e+02 1.5027121e+02      
1.5434381e+02 1.5078287e+02      
1.5400633e+02 1.5131970e+02      
1.5433460e+02 1.5185809e+02      
1.5531470e+02 1.5234676e+02      
1.5691394e+02 1.5272379e+02      
1.5909130e+02 1.5292241e+02      
1.7859228e+02 1.2811631e+02      
1.8108107e+02 1.2649972e+02      
1.8409120e+02 1.2464083e+02      
1.8540564e+02 1.2236128e+02      
1.8441385e+02 1.2012309e+02      
1.8125721e+02 1.1870394e+02      
1.7837258e+02 1.1808817e+02      
1.7633566e+02 1.1812812e+02      
1.7507682e+02 1.1866894e+02      
1.7433831e+02 1.1954544e+02      
1.7378920e+02 1.2060425e+02      
1.7308236e+02 1.2168899e+02      
1.7206590e+02 1.2266996e+02      
1.7090674e+02 1.2351355e+02      
1.6996411e+02 1.2427186e+02      
1.6950544e+02 1.2498848e+02      
1.6964041e+02 1.2566368e+02      
1.7039099e+02 1.2626559e+02      
1.7173899e+02 1.2674013e+02      
1.7364747e+02 1.2701976e+02      
1.9139073e+02 1.0073496e+02      
1.9313074e+02 9.8444011e+01      
1.9522855e+02 9.5722221e+01      
1.9703795e+02 9.2416935e+01      
1.9641900e+02 8.8924668e+01      
1.9410264e+02 8.7903452e+01      
1.9189340e+02 8.7897674e+01      
1.9027628e+02 8.8424719e+01      
1.8926480e+02 8.9321486e+01      
1.8865728e+02 9.0435599e+01      
1.8799297e+02 9.1627938e+01      
1.8668526e+02 9.2773418e+01      
1.8508824e+02 9.3864101e+01      
1.8356933e+02 9.4884676e+01      
1.8238932e+02 9.5831915e+01      
1.8172227e+02 9.6719602e+01      
1.8164721e+02 9.7554128e+01      
1.8217773e+02 9.8315124e+01      
1.8329147e+02 9.8948715e+01      
1.8494760e+02 9.9377809e+01      
2.0055289e+02 7.2083962e+01      
2.0167265e+02 6.9244432e+01      
2.0297465e+02 6.5832937e+01      
2.0409104e+02 6.1687701e+01      
2.0441855e+02 5.7141922e+01      
2.0337399e+02 5.5265898e+01      
2.0171528e+02 5.5885890e+01      
2.0058302e+02 5.6928520e+01      
2.0002607e+02 5.8362280e+01      
1.9994135e+02 5.9806196e+01      
1.9971620e+02 6.1222689e+01      
1.9754358e+02 6.2431747e+01      
1.9510458e+02 6.3651688e+01      
1.9297879e+02 6.4833560e+01      
1.9140554e+02 6.5936536e+01      
1.9046819e+02 6.6971536e+01      
1.9017580e+02 6.7971128e+01      
1.9050289e+02 6.8935035e+01      
1.9140694e+02 6.9797872e+01      
1.9283527e+02 7.0454354e+01      
2.0616763e+02 4.2752797e+01      
2.0682757e+02 3.9511292e+01      
2.0759437e+02 3.5628082e+01      
2.0830421e+02 3.0939603e+01      
2.0877560e+02 2.5771306e+01      
2.0838285e+02 2.3334007e+01      
2.0756824e+02 2.3376104e+01      
2.0703099e+02 2.4521535e+01      
2.0702048e+02 2.6639618e+01      
2.0769049e+02 2.8227975e+01      
2.0717480e+02 2.9654821e+01      
2.0504466e+02 3.1060979e+01      
2.0164762e+02 3.2479911e+01      
1.9876968e+02 3.3847392e+01      
1.9675276e+02 3.5071937e+01      
1.9555789e+02 3.6195298e+01      
1.9508064e+02 3.7337004e+01      
1.9524243e+02 3.8560355e+01      
1.9597586e+02 3.9751402e+01      
1.9721236e+02 4.0732522e+01      
2.0827802e+02 1.3281653e+01      
2.0860121e+02 9.7840826e+00      
2.0900594e+02 5.6457285e+00      
2.0939473e+02 7.4288290e-01      
2.0964623e+02 -4.5429430e+00      
2.0940469e+02 -6.8947358e+00      
2.0886032e+02 -6.5215138e+00      
2.0870279e+02 -5.7543089e+00      
2.0950296e+02 -4.7378268e+00      
2.0996818e+02 -3.6206788e+00      
2.0930414e+02 -2.3245848e+00      
2.0722370e+02 -7.7948087e-01      
2.0399088e+02 9.0608081e-01      
2.0046606e+02 2.5036898e+00      
1.9817759e+02 3.7661981e+00      
1.9684805e+02 4.8254814e+00      
1.9626942e+02 5.9853699e+00      
1.9632761e+02 7.6043708e+00      
1.9694795e+02 9.2944039e+00      
1.9804322e+02 1.0726155e+01      
2.0692364e+02 -1.5835255e+01      
2.0699682e+02 -1.9465881e+01      
2.0713930e+02 -2.3682261e+01      
2.0726816e+02 -2.8504058e+01      
2.0726216e+02 -3.3485766e+01      
2.0699187e+02 -3.5432484e+01      
2.0635043e+02 -3.5894880e+01      
2.0585230e+02 -3.5779781e+01      
2.0590467e+02 -3.5453946e+01      
2.0641422e+02 -3.4993273e+01      
2.0578034e+02 -3.3928121e+01      
2.0368680e+02 -3.2201786e+01      
2.0042349e+02 -3.0149675e+01      
1.9761699e+02 -2.8503061e+01      
1.9557419e+02 -2.7382119e+01      
1.9428602e+02 -2.6639004e+01      
1.9371682e+02 -2.5795206e+01      
1.9374443e+02 -2.3460491e+01      
1.9433763e+02 -2.1033978e+01      
1.9536103e+02 -1.9004242e+01      
2.0216750e+02 -4.4140220e+01      
2.0205133e+02 -4.7821604e+01      
2.0200892e+02 -5.2040686e+01      
2.0199040e+02 -5.6665089e+01      
2.0191360e+02 -6.1098687e+01      
2.0160135e+02 -6.4149974e+01      
2.0038560e+02 -6.5085623e+01      
1.9909500e+02 -6.5430807e+01      
1.9806795e+02 -6.5628203e+01      
1.9749217e+02 -6.5412433e+01      
1.9695618e+02 -6.4584261e+01      
1.9489721e+02 -6.2499752e+01      
1.9275371e+02 -6.0201261e+01      
1.9079758e+02 -5.8497066e+01      
1.8914834e+02 -5.7649298e+01      
1.8796456e+02 -5.7376573e+01      
1.8744298e+02 -5.6209947e+01      
1.8755496e+02 -5.3841015e+01      
1.8824016e+02 -5.0566277e+01      
1.8927910e+02 -4.7830061e+01      
1.9410925e+02 -7.1195523e+01      
1.9383898e+02 -7.4869756e+01      
1.9366052e+02 -7.9121729e+01      
1.9356283e+02 -8.3859456e+01      
1.9344339e+02 -8.8586250e+01      
1.9268502e+02 -9.1836960e+01      
1.9114453e+02 -9.3453756e+01      
1.8894163e+02 -9.3988443e+01      
1.8666829e+02 -9.4873607e+01      
1.8508952e+02 -9.4835773e+01      
1.8393179e+02 -9.3790560e+01      
1.8274673e+02 -9.1587682e+01      
1.8183169e+02 -8.8557247e+01      
1.8067787e+02 -8.6613120e+01      
1.7935584e+02 -8.6028950e+01      
1.7835186e+02 -8.5427050e+01      
1.7791879e+02 -8.4041504e+01      
1.7812756e+02 -8.1615167e+01      
1.7889857e+02 -7.8364886e+01      
1.8002213e+02 -7.4995108e+01      
1.8289475e+02 -9.6578951e+01      
1.8247573e+02 -1.0015231e+02      
1.8215184e+02 -1.0437025e+02      
1.8195932e+02 -1.0936292e+02      
1.8143218e+02 -1.1386471e+02      
1.8030825e+02 -1.1714409e+02      
1.7846451e+02 -1.1906146e+02      
1.7586482e+02 -1.2007989e+02      
1.7274288e+02 -1.2090683e+02      
1.7054970e+02 -1.2091784e+02      
1.6917421e+02 -1.1982299e+02      
1.6846438e+02 -1.1752486e+02      
1.6837429e+02 -1.1422631e+02      
1.6788520e+02 -1.1190247e+02      
1.6705260e+02 -1.1066965e+02      
1.6611351e+02 -1.1007142e+02      
1.6571698e+02 -1.0864915e+02      
1.6603921e+02 -1.0609406e+02      
1.6694268e+02 -1.0266259e+02      
1.6791006e+02 -9.9722548e+01      
1.6872738e+02 -1.1991343e+02      
1.6814940e+02 -1.2324678e+02      
1.6759282e+02 -1.2707856e+02      
1.6701269e+02 -1.3139332e+02      
1.6623531e+02 -1.3588665e+02      
1.6488590e+02 -1.3915941e+02      
1.6286089e+02 -1.4098136e+02      
1.6005775e+02 -1.4182754e+02      
1.5675308e+02 -1.4306689e+02      
1.5438330e+02 -1.4323861e+02      
1.5298383e+02 -1.4222729e+02      
1.5249965e+02 -1.4001959e+02      
1.5285552e+02 -1.3678282e+02      
1.5277795e+02 -1.3427351e+02      
1.5232754e+02 -1.3254611e+02      
1.5174168e+02 -1.3128111e+02      
1.5129666e+02 -1.2994425e+02      
1.5173669e+02 -1.2725955e+02      
1.5239740e+02 -1.2445787e+02      
1.5313232e+02 -1.2200160e+02      
1.5187060e+02 -1.4089985e+02      
1.5114434e+02 -1.4389997e+02      
1.5037460e+02 -1.4722518e+02      
1.4950591e+02 -1.5079718e+02      
1.4842770e+02 -1.5441835e+02      
1.4697122e+02 -1.5762252e+02      
1.4495341e+02 -1.5907359e+02      
1.4237240e+02 -1.6023551e+02      
1.3930875e+02 -1.6152468e+02      
1.3708141e+02 -1.6174132e+02      
1.3572821e+02 -1.6087292e+02      
1.3524259e+02 -1.5896198e+02      
1.3560381e+02 -1.5613256e+02      
1.3560923e+02 -1.5374323e+02      
1.3534316e+02 -1.5181206e+02      
1.3500832e+02 -1.5012329e+02      
1.3481716e+02 -1.4835607e+02      
1.3499592e+02 -1.4616291e+02      
1.3539328e+02 -1.4387846e+02      
1.3589545e+02 -1.4180053e+02      
1.3263270e+02 -1.5930547e+02      
1.3179071e+02 -1.6194871e+02      
1.3087139e+02 -1.6478542e+02      
1.2982934e+02 -1.6770813e+02      
1.2859597e+02 -1.7053706e+02      
1.2708862e+02 -1.7294798e+02      
1.2524386e+02 -1.7456098e+02      
1.2309476e+02 -1.7570726e+02      
1.2084696e+02 -1.7648901e+02      
1.1898500e+02 -1.7656955e+02      
1.1769859e+02 -1.7584298e+02      
1.1700301e+02 -1.7436497e+02      
1.1675432e+02 -1.7236355e+02      
1.1654978e+02 -1.7032858e+02      
1.1628855e+02 -1.6842658e+02      
1.1604030e+02 -1.6660509e+02      
1.1590503e+02 -1.6474501e+02      
1.1595003e+02 -1.6277962e+02      
1.1615268e+02 -1.6080503e+02      
1.1645736e+02 -1.5897858e+02      
1.1134969e+02 -1.7493645e+02      
1.1042957e+02 -1.7723963e+02      
1.0941956e+02 -1.7964542e+02      
1.0829054e+02 -1.8204808e+02      
1.0700624e+02 -1.8429930e+02      
1.0553453e+02 -1.8621421e+02      
1.0387192e+02 -1.8765967e+02      
1.0207704e+02 -1.8864299e+02      
1.0029781e+02 -1.8916055e+02      
9.8735557e+01 -1.8912916e+02      
9.7521903e+01 -1.8850570e+02      
9.6679020e+01 -1.8734307e+02      
9.6125428e+01 -1.8579459e+02      
9.5721912e+01 -1.8406621e+02      
9.5388769e+01 -1.8228981e+02      
9.5124545e+01 -1.8049810e+02      
9.4959210e+01 -1.7867947e+02      
9.4913623e+01 -1.7683975e+02      
9.4978698e+01 -1.7503750e+02      
9.5124570e+01 -1.7336461e+02      
8.8377364e+01 -1.8762628e+02      
8.7412378e+01 -1.8962369e+02      
8.6356978e+01 -1.9166418e+02      
8.5196786e+01 -1.9365630e+02      
8.3917762e+01 -1.9548943e+02      
8.2515104e+01 -1.9704858e+02      
8.1006810e+01 -1.9824691e+02      
7.9447236e+01 -1.9904198e+02      
7.7929331e+01 -1.9940602e+02      
7.6560180e+01 -1.9930937e+02      
7.5417438e+01 -1.9874696e+02      
7.4523187e+01 -1.9776319e+02      
7.3845583e+01 -1.9645172e+02      
7.3326041e+01 -1.9492707e+02      
7.2918670e+01 -1.9328205e+02      
7.2606052e+01 -1.9157081e+02      
7.2388095e+01 -1.8982423e+02      
7.2264453e+01 -1.8807552e+02      
7.2223800e+01 -1.8637569e+02      
7.2243790e+01 -1.8479032e+02      
