1.4740113e+01 2.2619289e+02      
1.4635225e+01 2.2328829e+02      
1.5060624e+01 2.2055512e+02      
1.5972753e+01 2.1806242e+02      
1.7327219e+01 2.1587306e+02      
1.9084513e+01 2.1404045e+02      
2.1214247e+01 2.1260680e+02      
2.3696852e+01 2.1160391e+02      
2.6520474e+01 2.1105656e+02      
2.9665574e+01 2.1098646e+02      
3.3074074e+01 2.1141409e+02      
3.6627288e+01 2.1235762e+02      
4.0181859e+01 2.1382787e+02      
4.3653065e+01 2.1582025e+02      
4.7050854e+01 2.1830244e+02      
5.0425385e+01 2.2118858e+02      
5.3721882e+01 2.2426899e+02      
5.6572200e+01 2.2701489e+02      
5.7834468e+01 2.2775858e+02      
5.8829673e+01 2.2804307e+02      
4.4035737e+01 2.1587928e+02      
4.4213278e+01 2.1286754e+02      
4.4922313e+01 2.1001127e+02      
4.6105862e+01 2.0738933e+02      
4.7706383e+01 2.0507367e+02      
4.9676089e+01 2.0312365e+02      
5.1984007e+01 2.0158234e+02      
5.4620511e+01 2.0047772e+02      
5.7603995e+01 1.9983069e+02      
6.0967388e+01 1.9966456e+02      
6.4686304e+01 2.0000918e+02      
6.8571708e+01 2.0090189e+02      
7.2318703e+01 2.0238165e+02      
7.5781646e+01 2.0447846e+02      
7.9072049e+01 2.0721715e+02      
8.2428678e+01 2.1056836e+02      
8.5820101e+01 2.1423626e+02      
8.7973541e+01 2.1669097e+02      
8.8700972e+01 2.1752449e+02      
8.8352501e+01 2.1700611e+02      
7.2055958e+01 2.0208202e+02      
7.2561303e+01 1.9892981e+02      
7.3601150e+01 1.9591599e+02      
7.5096717e+01 1.9313345e+02      
7.6966871e+01 1.9066815e+02      
7.9149179e+01 1.8858866e+02      
8.1610057e+01 1.8693757e+02      
8.4340011e+01 1.8572982e+02      
8.7390890e+01 1.8497045e+02      
9.0921961e+01 1.8468151e+02      
9.5076147e+01 1.8489966e+02      
9.9613403e+01 1.8568574e+02      
1.0364292e+02 1.8712279e+02      
1.0692288e+02 1.8926821e+02      
1.0971075e+02 1.9218589e+02      
1.1261820e+02 1.9594096e+02      
1.1504356e+02 1.9931186e+02      
1.1639344e+02 2.0157449e+02      
1.1644105e+02 2.0245302e+02      
1.1551245e+02 2.0209881e+02      
9.8339882e+01 1.8504775e+02      
9.9227149e+01 1.8171279e+02      
1.0066246e+02 1.7849499e+02      
1.0253144e+02 1.7550818e+02      
1.0470612e+02 1.7286223e+02      
1.0709764e+02 1.7064310e+02      
1.0968523e+02 1.6889557e+02      
1.1243607e+02 1.6760707e+02      
1.1531578e+02 1.6672087e+02      
1.1878132e+02 1.6628005e+02      
1.2334407e+02 1.6631110e+02      
1.2914547e+02 1.6688879e+02      
1.3343772e+02 1.6821533e+02      
1.3624095e+02 1.7034936e+02      
1.3783222e+02 1.7319826e+02      
1.3855132e+02 1.7650775e+02      
1.4020732e+02 1.7981248e+02      
1.4079919e+02 1.8199975e+02      
1.3994913e+02 1.8283767e+02      
1.3813066e+02 1.8246338e+02      
1.2243947e+02 1.6508176e+02      
1.2377288e+02 1.6151084e+02      
1.2569808e+02 1.5802437e+02      
1.2804878e+02 1.5476723e+02      
1.3059054e+02 1.5189333e+02      
1.3316195e+02 1.4952459e+02      
1.3581908e+02 1.4770801e+02      
1.3855561e+02 1.4641002e+02      
1.4079596e+02 1.4537728e+02      
1.4370193e+02 1.4478722e+02      
1.4798674e+02 1.4459474e+02      
1.5372605e+02 1.4482274e+02      
1.5762655e+02 1.4605012e+02      
1.5966246e+02 1.4824135e+02      
1.6020450e+02 1.5108450e+02      
1.6070863e+02 1.5397133e+02      
1.6104148e+02 1.5667407e+02      
1.6079571e+02 1.5879874e+02      
1.5887912e+02 1.5958365e+02      
1.5726669e+02 1.5976999e+02      
1.4391364e+02 1.4254969e+02      
1.4576117e+02 1.3867830e+02      
1.4831016e+02 1.3483162e+02      
1.5135564e+02 1.3119575e+02      
1.5445027e+02 1.2800585e+02      
1.5700430e+02 1.2548307e+02      
1.5946636e+02 1.2362160e+02      
1.6146502e+02 1.2224614e+02      
1.6314641e+02 1.2124965e+02      
1.6497428e+02 1.2060602e+02      
1.6821221e+02 1.2028446e+02      
1.7288281e+02 1.2027555e+02      
1.7566966e+02 1.2155410e+02      
1.7684779e+02 1.2392285e+02      
1.7889031e+02 1.2653406e+02      
1.7964946e+02 1.2906003e+02      
1.7895584e+02 1.3133128e+02      
1.7652129e+02 1.3305004e+02      
1.7445921e+02 1.3414983e+02      
1.7306005e+02 1.3476680e+02      
1.6231921e+02 1.1788197e+02      
1.6472765e+02 1.1364037e+02      
1.6805845e+02 1.0930723e+02      
1.7208634e+02 1.0511958e+02      
1.7614830e+02 1.0145496e+02      
1.7806078e+02 9.8804269e+01      
1.7932580e+02 9.6920383e+01      
1.8026795e+02 9.5591831e+01      
1.8105952e+02 9.4701383e+01      
1.8199964e+02 9.4189300e+01      
1.8368665e+02 9.3961022e+01      
1.8666896e+02 9.4005157e+01      
1.8789610e+02 9.5535992e+01      
1.8927597e+02 9.7552245e+01      
1.9152676e+02 9.9734364e+01      
1.9223408e+02 1.0195254e+02      
1.9123835e+02 1.0401298e+02      
1.8851298e+02 1.0574287e+02      
1.8657845e+02 1.0705038e+02      
1.8540306e+02 1.0795988e+02      
1.7720564e+02 9.1579884e+01      
1.8014690e+02 8.6916033e+01      
1.8435181e+02 8.1951091e+01      
1.8941940e+02 7.7014267e+01      
1.9303400e+02 7.2942889e+01      
1.9469628e+02 7.0013219e+01      
1.9468647e+02 6.8256586e+01      
1.9440255e+02 6.7103598e+01      
1.9407806e+02 6.6387071e+01      
1.9383539e+02 6.6077603e+01      
1.9441589e+02 6.6076092e+01      
1.9554518e+02 6.6549136e+01      
1.9641792e+02 6.7781806e+01      
1.9733524e+02 6.9496358e+01      
1.9831123e+02 7.1446294e+01      
1.9857511e+02 7.3479443e+01      
1.9784651e+02 7.5441914e+01      
1.9638444e+02 7.7199206e+01      
1.9506029e+02 7.8660107e+01      
1.9419156e+02 7.9791574e+01      
1.8813860e+02 6.4210434e+01      
1.9133503e+02 5.9186135e+01      
1.9623000e+02 5.3525914e+01      
2.0083350e+02 4.8122567e+01      
2.0399838e+02 4.3640975e+01      
2.0528996e+02 4.0439555e+01      
2.0488760e+02 3.8532197e+01      
2.0352477e+02 3.7567204e+01      
2.0224232e+02 3.6953963e+01      
2.0150221e+02 3.6643926e+01      
2.0127519e+02 3.6760043e+01      
2.0140205e+02 3.7383503e+01      
2.0166242e+02 3.8538606e+01      
2.0197545e+02 4.0120532e+01      
2.0221827e+02 4.1971950e+01      
2.0214198e+02 4.3946439e+01      
2.0162341e+02 4.5909627e+01      
2.0080172e+02 4.7744278e+01      
1.9998894e+02 4.9360112e+01      
1.9942016e+02 5.0697041e+01      
1.9485806e+02 3.6332298e+01      
1.9760843e+02 3.1237656e+01      
2.0146658e+02 2.5603078e+01      
2.0594672e+02 1.9612401e+01      
2.0887527e+02 1.4638041e+01      
2.0975451e+02 1.1204417e+01      
2.0877304e+02 9.2552044e+00      
2.0764783e+02 7.7090437e+00      
2.0648471e+02 6.6632547e+00      
2.0543197e+02 6.2028591e+00      
2.0458042e+02 6.3544213e+00      
2.0399677e+02 7.0634003e+00      
2.0365374e+02 8.2569150e+00      
2.0345762e+02 9.8456895e+00      
2.0328424e+02 1.1713272e+01      
2.0300508e+02 1.3733436e+01      
2.0256169e+02 1.5785071e+01      
2.0201192e+02 1.7759134e+01      
2.0149333e+02 1.9562427e+01      
2.0114123e+02 2.1119771e+01      
1.9745044e+02 8.3944664e+00      
1.9951764e+02 3.3757587e+00      
2.0227159e+02 -2.0635828e+00      
2.0541977e+02 -7.7879014e+00      
2.0823530e+02 -1.3343398e+01      
2.0884582e+02 -1.7060394e+01      
2.0885768e+02 -2.0216454e+01      
2.0833630e+02 -2.2699922e+01      
2.0732307e+02 -2.4318662e+01      
2.0592658e+02 -2.4968351e+01      
2.0436196e+02 -2.4704482e+01      
2.0312166e+02 -2.3855371e+01      
2.0227753e+02 -2.2554808e+01      
2.0170070e+02 -2.0864057e+01      
2.0125834e+02 -1.8881470e+01      
2.0084803e+02 -1.6725767e+01      
2.0042224e+02 -1.4508750e+01      
1.9999852e+02 -1.2333032e+01      
1.9964058e+02 -1.0296012e+01      
1.9942314e+02 -8.4853784e+00      
1.9615974e+02 -1.9213214e+01      
1.9755959e+02 -2.4110071e+01      
1.9938398e+02 -2.9350942e+01      
2.0141343e+02 -3.4805841e+01      
2.0324821e+02 -4.0178376e+01      
2.0452357e+02 -4.5088148e+01      
2.0578800e+02 -4.9808928e+01      
2.0580588e+02 -5.3369876e+01      
2.0484138e+02 -5.5635660e+01      
2.0304177e+02 -5.6490771e+01      
2.0044439e+02 -5.5874037e+01      
1.9862858e+02 -5.4847192e+01      
1.9744169e+02 -5.3407887e+01      
1.9662914e+02 -5.1538992e+01      
1.9603164e+02 -4.9348342e+01      
1.9554637e+02 -4.6980443e+01      
1.9512379e+02 -4.4531770e+01      
1.9476247e+02 -4.2090422e+01      
1.9449189e+02 -3.9763502e+01      
1.9435158e+02 -3.7655188e+01      
1.9123155e+02 -4.6101029e+01      
1.9203806e+02 -5.0862386e+01      
1.9312150e+02 -5.5943981e+01      
1.9433004e+02 -6.1256052e+01      
1.9549491e+02 -6.6699042e+01      
1.9662954e+02 -7.2301787e+01      
1.9789502e+02 -7.8087455e+01      
1.9791215e+02 -8.2567241e+01      
1.9689436e+02 -8.5527175e+01      
1.9500534e+02 -8.6836202e+01      
1.9233191e+02 -8.6401671e+01      
1.9040849e+02 -8.5420386e+01      
1.8912678e+02 -8.3866640e+01      
1.8824668e+02 -8.1731621e+01      
1.8760613e+02 -7.9196085e+01      
1.8710254e+02 -7.6575255e+01      
1.8668795e+02 -7.3848726e+01      
1.8636162e+02 -7.1067889e+01      
1.8614083e+02 -6.8381830e+01      
1.8604372e+02 -6.5922174e+01      
1.8290263e+02 -7.1873835e+01      
1.8319744e+02 -7.6487650e+01      
1.8367810e+02 -8.1419382e+01      
1.8424092e+02 -8.6621196e+01      
1.8478554e+02 -9.2079991e+01      
1.8525528e+02 -9.7903125e+01      
1.8549853e+02 -1.0416922e+02      
1.8502399e+02 -1.0937132e+02      
1.8384145e+02 -1.1306461e+02      
1.8212949e+02 -1.1510250e+02      
1.8018789e+02 -1.1557223e+02      
1.7857649e+02 -1.1489451e+02      
1.7743731e+02 -1.1324127e+02      
1.7666432e+02 -1.1074529e+02      
1.7608938e+02 -1.0774888e+02      
1.7562513e+02 -1.0511828e+02      
1.7521759e+02 -1.0206381e+02      
1.7491230e+02 -9.8823153e+01      
1.7472644e+02 -9.5689282e+01      
1.7465795e+02 -9.2817046e+01      
1.7141622e+02 -9.6143166e+01      
1.7127349e+02 -1.0058775e+02      
1.7125166e+02 -1.0534390e+02      
1.7126981e+02 -1.1037972e+02      
1.7123787e+02 -1.1568866e+02      
1.7105177e+02 -1.2130188e+02      
1.7054634e+02 -1.2719247e+02      
1.6951730e+02 -1.3305055e+02      
1.6806056e+02 -1.3751070e+02      
1.6640547e+02 -1.4025677e+02      
1.6480918e+02 -1.4132640e+02      
1.6351581e+02 -1.4091206e+02      
1.6263763e+02 -1.3915273e+02      
1.6212291e+02 -1.3625461e+02      
1.6167325e+02 -1.3393696e+02      
1.6129522e+02 -1.3229340e+02      
1.6086069e+02 -1.2875836e+02      
1.6058088e+02 -1.2489727e+02      
1.6043578e+02 -1.2121896e+02      
1.6039883e+02 -1.1786903e+02      
1.5703490e+02 -1.1854271e+02      
1.5652110e+02 -1.2278982e+02      
1.5607955e+02 -1.2732988e+02      
1.5564301e+02 -1.3213045e+02      
1.5513052e+02 -1.3716910e+02      
1.5444300e+02 -1.4242825e+02      
1.5345563e+02 -1.4787104e+02      
1.5204029e+02 -1.5338784e+02      
1.5019798e+02 -1.5857360e+02      
1.4843267e+02 -1.6187659e+02      
1.4694732e+02 -1.6331367e+02      
1.4589353e+02 -1.6303137e+02      
1.4530714e+02 -1.6124299e+02      
1.4501937e+02 -1.5856715e+02      
1.4461504e+02 -1.5685880e+02      
1.4415299e+02 -1.5599879e+02      
1.4379203e+02 -1.5318065e+02      
1.4358587e+02 -1.4871614e+02      
1.4350243e+02 -1.4453094e+02      
1.4352152e+02 -1.4059705e+02      
1.4004650e+02 -1.3873997e+02      
1.3922231e+02 -1.4276147e+02      
1.3843545e+02 -1.4704709e+02      
1.3763124e+02 -1.5155862e+02      
1.3674297e+02 -1.5626012e+02      
1.3569109e+02 -1.6111528e+02      
1.3438271e+02 -1.6608586e+02      
1.3270740e+02 -1.7116582e+02      
1.3060610e+02 -1.7626183e+02      
1.2865804e+02 -1.7981866e+02      
1.2716367e+02 -1.8148590e+02      
1.2629957e+02 -1.8122291e+02      
1.2607321e+02 -1.7921393e+02      
1.2579710e+02 -1.7722270e+02      
1.2533753e+02 -1.7597508e+02      
1.2474288e+02 -1.7542016e+02      
1.2442966e+02 -1.7293721e+02      
1.2428219e+02 -1.6918459e+02      
1.2425083e+02 -1.6499028e+02      
1.2435438e+02 -1.6035699e+02      
1.2076483e+02 -1.5644291e+02      
1.1968557e+02 -1.6021548e+02      
1.1862048e+02 -1.6421724e+02      
1.1752767e+02 -1.6840387e+02      
1.1635674e+02 -1.7272929e+02      
1.1505016e+02 -1.7714437e+02      
1.1354585e+02 -1.8159648e+02      
1.1178359e+02 -1.8602876e+02      
1.0974313e+02 -1.9029820e+02      
1.0754552e+02 -1.9400231e+02      
1.0594210e+02 -1.9585427e+02      
1.0518351e+02 -1.9566394e+02      
1.0507312e+02 -1.9390035e+02      
1.0478328e+02 -1.9227929e+02      
1.0428743e+02 -1.9112031e+02      
1.0365445e+02 -1.9027110e+02      
1.0349923e+02 -1.8731638e+02      
1.0337346e+02 -1.8390984e+02      
1.0329746e+02 -1.8021340e+02      
1.0328513e+02 -1.7640917e+02      
9.9527860e+01 -1.7140342e+02      
9.8242968e+01 -1.7491049e+02      
9.6958419e+01 -1.7860939e+02      
9.5644755e+01 -1.8245065e+02      
9.4267440e+01 -1.8638051e+02      
9.2789485e+01 -1.9033889e+02      
9.1175968e+01 -1.9425549e+02      
8.9402559e+01 -1.9803928e+02      
8.7469912e+01 -2.0155616e+02      
8.5439958e+01 -2.0458271e+02      
8.3621747e+01 -2.0660598e+02      
8.3040081e+01 -2.0631293e+02      
8.2696150e+01 -2.0519046e+02      
8.2294294e+01 -2.0387401e+02      
8.1812741e+01 -2.0253548e+02      
8.1341702e+01 -2.0092914e+02      
8.1047070e+01 -1.9847028e+02      
8.0845100e+01 -1.9551044e+02      
8.0697171e+01 -1.9231733e+02      
8.0594887e+01 -1.8908513e+02      
7.6694790e+01 -1.8341928e+02      
7.5247398e+01 -1.8665139e+02      
7.3793326e+01 -1.9003818e+02      
7.2314407e+01 -1.9352673e+02      
7.0790045e+01 -1.9705832e+02      
6.9200194e+01 -2.0056623e+02      
6.7529807e+01 -2.0397186e+02      
6.5775009e+01 -2.0717855e+02      
6.3948923e+01 -2.1006607e+02      
6.2069251e+01 -2.1251005e+02      
6.0277713e+01 -2.1426252e+02      
5.9641332e+01 -2.1410866e+02      
5.9117733e+01 -2.1333966e+02      
5.8591396e+01 -2.1223217e+02      
5.8081363e+01 -2.1083859e+02      
5.7625093e+01 -2.0908294e+02      
5.7261907e+01 -2.0686494e+02      
5.6985214e+01 -2.0426343e+02      
5.6773208e+01 -2.0144066e+02      
5.6608758e+01 -1.9855798e+02      
