2.0486590e+01 2.1630905e+02      
2.1607001e+01 2.1356926e+02      
2.3188799e+01 2.1112440e+02      
2.4893441e+01 2.0911482e+02      
2.5930128e+01 2.0764624e+02      
2.4087293e+01 2.0640284e+02      
2.1605247e+01 2.0576191e+02      
1.9247601e+01 2.0568273e+02      
1.7278140e+01 2.0609707e+02      
1.5730428e+01 2.0697195e+02      
1.4563092e+01 2.0829250e+02      
1.3746237e+01 2.1003910e+02      
1.3294199e+01 2.1217676e+02      
1.3263517e+01 2.1465399e+02      
1.3731387e+01 2.1740689e+02      
1.4769359e+01 2.2036431e+02      
1.6428525e+01 2.2345148e+02      
1.8738547e+01 2.2659188e+02      
2.1712224e+01 2.2970858e+02      
2.5349742e+01 2.3272556e+02      
5.1223684e+01 2.0492230e+02      
5.3206356e+01 2.0193540e+02      
5.5976194e+01 1.9918629e+02      
5.8999972e+01 1.9688146e+02      
5.9939255e+01 1.9511464e+02      
5.8360347e+01 1.9389209e+02      
5.4815257e+01 1.9326477e+02      
5.1611640e+01 1.9320352e+02      
4.9154240e+01 1.9358571e+02      
4.7302784e+01 1.9439601e+02      
4.5842188e+01 1.9565239e+02      
4.4663224e+01 1.9735248e+02      
4.3766395e+01 1.9946387e+02      
4.3240288e+01 2.0192739e+02      
4.3211545e+01 2.0466789e+02      
4.3783268e+01 2.0760509e+02      
4.5013094e+01 2.1065797e+02      
4.6925544e+01 2.1374494e+02      
4.9526224e+01 2.1678457e+02      
5.2809047e+01 2.1969698e+02      
8.0331967e+01 1.9017881e+02      
8.3053378e+01 1.8690500e+02      
8.6996122e+01 1.8372004e+02      
9.0010715e+01 1.8097601e+02      
9.0925220e+01 1.7893849e+02      
8.9473490e+01 1.7770862e+02      
8.6183898e+01 1.7721769e+02      
8.2282149e+01 1.7726407e+02      
7.9657295e+01 1.7759163e+02      
7.7758029e+01 1.7830112e+02      
7.6134962e+01 1.7947458e+02      
7.4609034e+01 1.8113431e+02      
7.3184812e+01 1.8324709e+02      
7.2032479e+01 1.8573505e+02      
7.1401840e+01 1.8850047e+02      
7.1443991e+01 1.9145181e+02      
7.2203055e+01 1.9450363e+02      
7.3683224e+01 1.9756996e+02      
7.5876313e+01 2.0056443e+02      
7.8767611e+01 2.0340296e+02      
1.0722271e+02 1.7237982e+02      
1.1017091e+02 1.6885923e+02      
1.1376401e+02 1.6542134e+02      
1.1722174e+02 1.6218291e+02      
1.1821915e+02 1.5986333e+02      
1.1656912e+02 1.5867315e+02      
1.1307216e+02 1.5837433e+02      
1.1015084e+02 1.5827932e+02      
1.0826163e+02 1.5839954e+02      
1.0675096e+02 1.5891801e+02      
1.0515872e+02 1.5996767e+02      
1.0330472e+02 1.6159574e+02      
1.0119989e+02 1.6375820e+02      
9.9138576e+01 1.6633530e+02      
9.7775615e+01 1.6917168e+02      
9.7256310e+01 1.7217449e+02      
9.7531972e+01 1.7526301e+02      
9.8565236e+01 1.7834695e+02      
1.0033076e+02 1.8133321e+02      
1.0280555e+02 1.8413252e+02      
1.3157436e+02 1.5184659e+02      
1.3475488e+02 1.4806784e+02      
1.3825548e+02 1.4442471e+02      
1.4116677e+02 1.4112943e+02      
1.4203728e+02 1.3851803e+02      
1.3975590e+02 1.3748437e+02      
1.3696557e+02 1.3695374e+02      
1.3492405e+02 1.3662115e+02      
1.3435375e+02 1.3638153e+02      
1.3361333e+02 1.3657391e+02      
1.3225526e+02 1.3742835e+02      
1.3009216e+02 1.3903835e+02      
1.2715653e+02 1.4132596e+02      
1.2380231e+02 1.4407130e+02      
1.2175675e+02 1.4700384e+02      
1.2074379e+02 1.5009073e+02      
1.2056695e+02 1.5325874e+02      
1.2116059e+02 1.5640556e+02      
1.2249274e+02 1.5942602e+02      
1.2453760e+02 1.6222394e+02      
1.5310649e+02 1.2893840e+02      
1.5682624e+02 1.2480998e+02      
1.6088342e+02 1.2083294e+02      
1.6409448e+02 1.1741332e+02      
1.6323601e+02 1.1509492e+02      
1.6064848e+02 1.1386605e+02      
1.5788225e+02 1.1319923e+02      
1.5587286e+02 1.1275293e+02      
1.5501675e+02 1.1238952e+02      
1.5507716e+02 1.1212053e+02      
1.5411391e+02 1.1265330e+02      
1.5169965e+02 1.1422728e+02      
1.4807693e+02 1.1665278e+02      
1.4503330e+02 1.1935970e+02      
1.4285075e+02 1.2234713e+02      
1.4150593e+02 1.2555182e+02      
1.4093390e+02 1.2885514e+02      
1.4110654e+02 1.3212193e+02      
1.4200877e+02 1.3522519e+02      
1.4362000e+02 1.3806107e+02      
1.7137114e+02 1.0410348e+02      
1.7592685e+02 9.9474646e+01      
1.8097671e+02 9.4929369e+01      
1.8346933e+02 9.1336275e+01      
1.8261223e+02 8.9012450e+01      
1.7894706e+02 8.7995209e+01      
1.7549936e+02 8.7460488e+01      
1.7306111e+02 8.7042462e+01      
1.7172103e+02 8.6667301e+01      
1.7123888e+02 8.6359333e+01      
1.7082366e+02 8.6393260e+01      
1.6824564e+02 8.7952643e+01      
1.6552103e+02 8.9952575e+01      
1.6302549e+02 9.2461517e+01      
1.6086014e+02 9.5535105e+01      
1.5926974e+02 9.8928603e+01      
1.5833421e+02 1.0245481e+02      
1.5809500e+02 1.0591932e+02      
1.5857338e+02 1.0915904e+02      
1.5975554e+02 1.1206945e+02      
1.8561393e+02 7.7971096e+01      
1.9095335e+02 7.2754027e+01      
1.9542600e+02 6.7873638e+01      
1.9752350e+02 6.4040971e+01      
1.9671080e+02 6.1617669e+01      
1.9343621e+02 6.0547093e+01      
1.8916944e+02 6.0306784e+01      
1.8639849e+02 5.9913839e+01      
1.8475701e+02 5.9538315e+01      
1.8392463e+02 5.9231561e+01      
1.8349457e+02 5.9058589e+01      
1.8149820e+02 6.0266309e+01      
1.7987179e+02 6.1496585e+01      
1.7794725e+02 6.3676267e+01      
1.7568953e+02 6.6940906e+01      
1.7387415e+02 7.0593942e+01      
1.7253296e+02 7.4508477e+01      
1.7186475e+02 7.8278825e+01      
1.7192916e+02 8.1702168e+01      
1.7269692e+02 8.4711074e+01      
1.9499251e+02 5.1301279e+01      
1.9910866e+02 4.6251265e+01      
2.0355535e+02 4.0893895e+01      
2.0559020e+02 3.6716151e+01      
2.0465900e+02 3.4238181e+01      
2.0129034e+02 3.3258770e+01      
1.9811920e+02 3.2446464e+01      
1.9573736e+02 3.1774207e+01      
1.9410219e+02 3.1363592e+01      
1.9301630e+02 3.1234880e+01      
1.9214621e+02 3.1412297e+01      
1.9107923e+02 3.1982775e+01      
1.9020589e+02 3.2597320e+01      
1.8883066e+02 3.4347613e+01      
1.8703897e+02 3.7215913e+01      
1.8515320e+02 4.1028260e+01      
1.8327400e+02 4.5616051e+01      
1.8218244e+02 4.9760770e+01      
1.8186703e+02 5.3370569e+01      
1.8225069e+02 5.6474447e+01      
2.0013277e+02 2.4352549e+01      
2.0301575e+02 1.9652517e+01      
2.0599036e+02 1.4753482e+01      
2.0810838e+02 1.0141200e+01      
2.0700930e+02 7.6289286e+00      
2.0501679e+02 5.6369807e+00      
2.0299074e+02 3.9697581e+00      
2.0124052e+02 2.8423083e+00      
1.9982830e+02 2.3991618e+00      
1.9872438e+02 2.5314024e+00      
1.9784731e+02 2.9787288e+00      
1.9714493e+02 3.4936566e+00      
1.9662235e+02 3.9442914e+00      
1.9561565e+02 5.4267240e+00      
1.9412244e+02 7.9633914e+00      
1.9226345e+02 1.1760322e+01      
1.9022238e+02 1.6624846e+01      
1.8886182e+02 2.0974899e+01      
1.8823794e+02 2.4695753e+01      
1.8828370e+02 2.7856682e+01      
2.0156811e+02 -2.6320076e+00      
2.0349607e+02 -6.9901155e+00      
2.0532092e+02 -1.1436779e+01      
2.0646086e+02 -1.5634454e+01      
2.0627629e+02 -1.9123858e+01      
2.0540567e+02 -2.2301533e+01      
2.0435204e+02 -2.5139382e+01      
2.0321523e+02 -2.6864529e+01      
2.0208496e+02 -2.7213816e+01      
2.0106060e+02 -2.6502041e+01      
2.0030252e+02 -2.5600623e+01      
1.9979782e+02 -2.4797887e+01      
1.9937833e+02 -2.3922365e+01      
1.9864323e+02 -2.2497182e+01      
1.9729290e+02 -2.0315827e+01      
1.9539856e+02 -1.6624635e+01      
1.9333899e+02 -1.1844467e+01      
1.9183029e+02 -7.5352129e+00      
1.9096995e+02 -3.8188196e+00      
1.9072908e+02 -6.5830459e-01      
1.9957030e+02 -2.9330830e+01      
2.0083502e+02 -3.3413811e+01      
2.0196493e+02 -3.7580170e+01      
2.0267986e+02 -4.1698374e+01      
2.0283642e+02 -4.5744746e+01      
2.0264713e+02 -5.0000641e+01      
2.0242882e+02 -5.4569322e+01      
2.0179846e+02 -5.6980725e+01      
2.0092225e+02 -5.7070692e+01      
1.9989949e+02 -5.5096806e+01      
1.9933173e+02 -5.3637202e+01      
1.9914820e+02 -5.2667826e+01      
1.9913690e+02 -5.1761669e+01      
1.9885484e+02 -5.0371923e+01      
1.9703037e+02 -4.7536472e+01      
1.9483658e+02 -4.3732828e+01      
1.9274837e+02 -3.9443622e+01      
1.9111852e+02 -3.5350275e+01      
1.9006606e+02 -3.1722737e+01      
1.8958616e+02 -2.8614196e+01      
1.9431080e+02 -5.5370709e+01      
1.9512514e+02 -5.9220033e+01      
1.9584612e+02 -6.3187257e+01      
1.9634091e+02 -6.7244431e+01      
1.9656518e+02 -7.1475818e+01      
1.9662276e+02 -7.6194545e+01      
1.9664331e+02 -8.1426370e+01      
1.9629963e+02 -8.4185610e+01      
1.9571277e+02 -8.4224028e+01      
1.9504296e+02 -8.1903279e+01      
1.9482916e+02 -8.0352379e+01      
1.9512476e+02 -7.9597537e+01      
1.9568049e+02 -7.9034890e+01      
1.9526688e+02 -7.7445628e+01      
1.9360586e+02 -7.4517748e+01      
1.9096639e+02 -7.0379886e+01      
1.8859935e+02 -6.6097579e+01      
1.8679683e+02 -6.2119890e+01      
1.8558540e+02 -5.8604523e+01      
1.8491522e+02 -5.5583817e+01      
1.8592739e+02 -8.0357965e+01      
1.8642713e+02 -8.3977259e+01      
1.8687482e+02 -8.7724169e+01      
1.8719936e+02 -9.1592864e+01      
1.8737711e+02 -9.5651608e+01      
1.8744311e+02 -1.0011540e+02      
1.8742509e+02 -1.0499229e+02      
1.8720325e+02 -1.0764948e+02      
1.8686266e+02 -1.0792016e+02      
1.8657283e+02 -1.0608694e+02      
1.8668734e+02 -1.0498014e+02      
1.8744485e+02 -1.0478734e+02      
1.8787460e+02 -1.0425209e+02      
1.8741578e+02 -1.0266775e+02      
1.8589100e+02 -9.9784859e+01      
1.8350139e+02 -9.5791441e+01      
1.8084300e+02 -9.1323174e+01      
1.7893177e+02 -8.7435622e+01      
1.7763463e+02 -8.4066101e+01      
1.7683533e+02 -8.1166885e+01      
1.7457042e+02 -1.0391137e+02      
1.7483937e+02 -1.0728597e+02      
1.7508354e+02 -1.1076606e+02      
1.7525918e+02 -1.1432699e+02      
1.7534638e+02 -1.1796130e+02      
1.7534823e+02 -1.2164097e+02      
1.7526645e+02 -1.2502854e+02      
1.7509279e+02 -1.2721500e+02      
1.7488136e+02 -1.2791385e+02      
1.7474854e+02 -1.2749783e+02      
1.7485479e+02 -1.2697909e+02      
1.7527085e+02 -1.2674130e+02      
1.7577386e+02 -1.2658336e+02      
1.7537424e+02 -1.2521949e+02      
1.7390034e+02 -1.2237163e+02      
1.7156239e+02 -1.1835162e+02      
1.6938871e+02 -1.1443368e+02      
1.6765855e+02 -1.1088282e+02      
1.6638817e+02 -1.0773658e+02      
1.6552833e+02 -1.0499606e+02      
1.6042522e+02 -1.2568041e+02      
1.6051718e+02 -1.2879766e+02      
1.6059995e+02 -1.3198162e+02      
1.6064395e+02 -1.3518278e+02      
1.6063216e+02 -1.3833682e+02      
1.6055950e+02 -1.4132155e+02      
1.6042781e+02 -1.4388186e+02      
1.6024906e+02 -1.4568567e+02      
1.6005919e+02 -1.4659447e+02      
1.5991701e+02 -1.4678202e+02      
1.5987794e+02 -1.4660100e+02      
1.5994110e+02 -1.4627761e+02      
1.5998175e+02 -1.4578338e+02      
1.5967191e+02 -1.4475452e+02      
1.5821805e+02 -1.4192206e+02      
1.5645341e+02 -1.3862724e+02      
1.5474815e+02 -1.3531599e+02      
1.5327820e+02 -1.3217805e+02      
1.5210635e+02 -1.2930391e+02      
1.5124036e+02 -1.2674675e+02      
1.4371882e+02 -1.4535045e+02      
1.4367051e+02 -1.4820881e+02      
1.4362099e+02 -1.5109400e+02      
1.4354961e+02 -1.5394265e+02      
1.4344286e+02 -1.5667271e+02      
1.4329497e+02 -1.5916637e+02      
1.4310742e+02 -1.6126320e+02      
1.4289004e+02 -1.6280497e+02      
1.4266231e+02 -1.6372348e+02      
1.4244764e+02 -1.6408064e+02      
1.4225605e+02 -1.6401017e+02      
1.4205778e+02 -1.6360507e+02      
1.4175955e+02 -1.6284233e+02      
1.4117358e+02 -1.6151423e+02      
1.4009508e+02 -1.5932771e+02      
1.3876599e+02 -1.5667404e+02      
1.3741292e+02 -1.5387669e+02      
1.3617114e+02 -1.5111693e+02      
1.3511429e+02 -1.4851150e+02      
1.3427218e+02 -1.4613881e+02      
1.2471903e+02 -1.6264269e+02      
1.2455689e+02 -1.6525144e+02      
1.2439699e+02 -1.6785385e+02      
1.2422490e+02 -1.7038363e+02      
1.2403041e+02 -1.7276148e+02      
1.2380835e+02 -1.7489167e+02      
1.2355860e+02 -1.7666824e+02      
1.2328577e+02 -1.7799954e+02      
1.2299749e+02 -1.7884079e+02      
1.2269900e+02 -1.7920593e+02      
1.2238316e+02 -1.7914203e+02      
1.2201867e+02 -1.7868252e+02      
1.2154299e+02 -1.7781070e+02      
1.2087252e+02 -1.7645886e+02      
1.1996724e+02 -1.7460272e+02      
1.1889961e+02 -1.7237431e+02      
1.1778599e+02 -1.6995920e+02      
1.1672192e+02 -1.6750929e+02      
1.1577008e+02 -1.6513839e+02      
1.1496365e+02 -1.6293160e+02      
1.0373056e+02 -1.7731404e+02      
1.0347442e+02 -1.7968934e+02      
1.0322135e+02 -1.8203317e+02      
1.0296156e+02 -1.8428237e+02      
1.0268758e+02 -1.8636664e+02      
1.0239495e+02 -1.8820969e+02      
1.0208211e+02 -1.8973584e+02      
1.0174968e+02 -1.9088281e+02      
1.0139846e+02 -1.9161487e+02      
1.0102579e+02 -1.9192633e+02      
1.0062050e+02 -1.9183018e+02      
1.0015878e+02 -1.9133879e+02      
9.9605218e+01 -1.9045118e+02      
9.8925257e+01 -1.8916164e+02      
9.8110830e+01 -1.8749475e+02      
9.7196704e+01 -1.8553125e+02      
9.6243747e+01 -1.8338587e+02      
9.5312451e+01 -1.8117276e+02      
9.4448873e+01 -1.7899048e+02      
9.3681148e+01 -1.7692014e+02      
8.1089817e+01 -1.8915893e+02      
8.0754963e+01 -1.9131990e+02      
8.0422734e+01 -1.9343087e+02      
8.0086855e+01 -1.9543422e+02      
7.9742168e+01 -1.9726908e+02      
7.9385015e+01 -1.9887365e+02      
7.9013130e+01 -2.0018998e+02      
7.8624928e+01 -2.0117086e+02      
7.8218083e+01 -2.0178573e+02      
7.7787433e+01 -2.0202201e+02      
7.7322830e+01 -2.0188026e+02      
7.6808360e+01 -2.0136678e+02      
7.6225027e+01 -2.0048986e+02      
7.5558388e+01 -1.9926500e+02      
7.4808907e+01 -1.9772731e+02      
7.3997015e+01 -1.9593877e+02      
7.3157290e+01 -1.9398105e+02      
7.2327124e+01 -1.9194131e+02      
7.1537719e+01 -1.8990175e+02      
7.0809720e+01 -1.8793513e+02      
