1.3321249e+01 2.5158255e+02      
1.0646403e+01 2.4876861e+02      
8.5866480e+00 2.4574781e+02      
7.1635856e+00 2.4257271e+02      
6.3912981e+00 2.3929926e+02      
6.2739437e+00 2.3598677e+02      
6.8020153e+00 2.3269838e+02      
7.9467059e+00 2.2950168e+02      
9.6520108e+00 2.2646962e+02      
1.1825242e+01 2.2368087e+02      
1.4329366e+01 2.2121832e+02      
1.6986077e+01 2.1916372e+02      
1.9607504e+01 2.1758781e+02      
2.2067920e+01 2.1653939e+02      
2.4354463e+01 2.1603738e+02      
2.6527914e+01 2.1606840e+02      
2.8663997e+01 2.1659050e+02      
3.0837857e+01 2.1753973e+02      
3.3136111e+01 2.1883612e+02      
3.5662912e+01 2.2038956e+02      
4.1076549e+01 2.4202939e+02      
3.8505351e+01 2.3907422e+02      
3.6569583e+01 2.3586998e+02      
3.5297014e+01 2.3246978e+02      
3.4709550e+01 2.2893003e+02      
3.4821130e+01 2.2531056e+02      
3.5633889e+01 2.2167536e+02      
3.7131317e+01 2.1809401e+02      
3.9266556e+01 2.1464414e+02      
4.1944206e+01 2.1141450e+02      
4.4996910e+01 2.0850659e+02      
4.8164929e+01 2.0602950e+02      
5.1109628e+01 2.0408282e+02      
5.3588554e+01 2.0273600e+02      
5.5661861e+01 2.0201625e+02      
5.7497639e+01 2.0190299e+02      
5.9209966e+01 2.0233869e+02      
6.0869962e+01 2.0324229e+02      
6.2570020e+01 2.0451543e+02      
6.4458660e+01 2.0604888e+02      
6.7581127e+01 2.2895262e+02      
6.5121680e+01 2.2585327e+02      
6.3312594e+01 2.2246316e+02      
6.2188435e+01 2.1883533e+02      
6.1780567e+01 2.1502561e+02      
6.2116107e+01 2.1109275e+02      
6.3215299e+01 2.0709916e+02      
6.5085508e+01 2.0311286e+02      
6.7708007e+01 1.9921155e+02      
7.1010812e+01 1.9549017e+02      
7.4822221e+01 1.9207103e+02      
7.8811067e+01 1.8910691e+02      
8.2349107e+01 1.8674995e+02      
8.4674600e+01 1.8509659e+02      
8.6314417e+01 1.8419389e+02      
8.7673900e+01 1.8399787e+02      
8.8877089e+01 1.8442186e+02      
8.9913949e+01 1.8536471e+02      
9.0828526e+01 1.8670503e+02      
9.1883101e+01 1.8830653e+02      
9.2406697e+01 2.1260047e+02      
9.0060453e+01 2.0935604e+02      
8.8372107e+01 2.0578068e+02      
8.7382684e+01 2.0192681e+02      
8.7133409e+01 1.9784881e+02      
8.7666521e+01 1.9360272e+02      
8.9025442e+01 1.8924660e+02      
9.1253277e+01 1.8484205e+02      
9.4385537e+01 1.8045814e+02      
9.8422013e+01 1.7618297e+02      
1.0325353e+02 1.7215073e+02      
1.0851221e+02 1.6857702e+02      
1.1327493e+02 1.6574348e+02      
1.1495952e+02 1.6376262e+02      
1.1585104e+02 1.6275352e+02      
1.1659644e+02 1.6256711e+02      
1.1730735e+02 1.6307101e+02      
1.1772465e+02 1.6416061e+02      
1.1749980e+02 1.6568606e+02      
1.1743107e+02 1.6746669e+02      
1.1515822e+02 1.9327114e+02      
1.1292065e+02 1.8988308e+02      
1.1133897e+02 1.8612651e+02      
1.1045893e+02 1.8205318e+02      
1.1033011e+02 1.7771547e+02      
1.1100890e+02 1.7316549e+02      
1.1256222e+02 1.6845476e+02      
1.1507344e+02 1.6363420e+02      
1.1865357e+02 1.5875373e+02      
1.2345147e+02 1.5386469e+02      
1.2950371e+02 1.4907828e+02      
1.3627684e+02 1.4469357e+02      
1.4117027e+02 1.4122826e+02      
1.4350713e+02 1.3892482e+02      
1.4358562e+02 1.3794221e+02      
1.4367103e+02 1.3788755e+02      
1.4404794e+02 1.3854777e+02      
1.4411743e+02 1.3991529e+02      
1.4195523e+02 1.4179844e+02      
1.4049136e+02 1.4390367e+02      
1.3548123e+02 1.7130736e+02      
1.3334356e+02 1.6777928e+02      
1.3184836e+02 1.6384897e+02      
1.3104267e+02 1.5956810e+02      
1.3098064e+02 1.5498718e+02      
1.3172853e+02 1.5015382e+02      
1.3337036e+02 1.4511201e+02      
1.3601777e+02 1.3990162e+02      
1.3983574e+02 1.3455379e+02      
1.4513965e+02 1.2906514e+02      
1.5229804e+02 1.2341615e+02      
1.5912731e+02 1.1825938e+02      
1.6433949e+02 1.1414905e+02      
1.6741208e+02 1.1142869e+02      
1.6840428e+02 1.1022584e+02      
1.6795081e+02 1.1040060e+02      
1.6818464e+02 1.1118342e+02      
1.6667111e+02 1.1294245e+02      
1.6300881e+02 1.1548621e+02      
1.6036260e+02 1.1808042e+02      
1.5306810e+02 1.4709024e+02      
1.5102027e+02 1.4342722e+02      
1.4958902e+02 1.3933331e+02      
1.4881722e+02 1.3486179e+02      
1.4875776e+02 1.3006243e+02      
1.4948053e+02 1.2497813e+02      
1.5107702e+02 1.1964465e+02      
1.5366495e+02 1.1409295e+02      
1.5739771e+02 1.0835086e+02      
1.6246875e+02 1.0244133e+02      
1.6893404e+02 9.6404481e+01      
1.7623330e+02 9.0410432e+01      
1.8201830e+02 8.5604059e+01      
1.8579109e+02 8.2457172e+01      
1.8761882e+02 8.1032209e+01      
1.8790125e+02 8.0878029e+01      
1.8711867e+02 8.1866345e+01      
1.8449468e+02 8.4100427e+01      
1.7990086e+02 8.7401295e+01      
1.7645985e+02 9.0557020e+01      
1.6766240e+02 1.2103301e+02      
1.6569741e+02 1.1724003e+02      
1.6431126e+02 1.1299323e+02      
1.6353405e+02 1.0835143e+02      
1.6340907e+02 1.0336658e+02      
1.6400465e+02 9.8076455e+01      
1.6541471e+02 9.2505122e+01      
1.6775199e+02 8.6671479e+01      
1.7113921e+02 8.0602865e+01      
1.7568493e+02 7.4350778e+01      
1.8139627e+02 6.8040589e+01      
1.8789731e+02 6.1974864e+01      
1.9419946e+02 5.6521994e+01      
1.9843412e+02 5.3045155e+01      
2.0074443e+02 5.1119039e+01      
2.0135131e+02 5.0647766e+01      
2.0027463e+02 5.1672375e+01      
1.9719997e+02 5.4287497e+01      
1.9224195e+02 5.8274395e+01      
1.8841037e+02 6.1950554e+01      
1.7906063e+02 9.3575083e+01      
1.7718012e+02 8.9654377e+01      
1.7583352e+02 8.5261533e+01      
1.7502237e+02 8.0469477e+01      
1.7476555e+02 7.5340259e+01      
1.7512950e+02 6.9905394e+01      
1.7621727e+02 6.4167690e+01      
1.7814172e+02 5.8119609e+01      
1.8101010e+02 5.1771507e+01      
1.8491238e+02 4.5194689e+01      
1.8992762e+02 3.8573149e+01      
1.9585811e+02 3.2600091e+01      
2.0117322e+02 2.7627548e+01      
2.0533304e+02 2.3826316e+01      
2.0787004e+02 2.1464560e+01      
2.0870639e+02 2.0646975e+01      
2.0773822e+02 2.1541706e+01      
2.0472941e+02 2.4338706e+01      
1.9988855e+02 2.8819197e+01      
1.9603905e+02 3.2880124e+01      
1.8710939e+02 6.5177703e+01      
1.8532929e+02 6.1125497e+01      
1.8404741e+02 5.6579910e+01      
1.8320362e+02 5.1646976e+01      
1.8274924e+02 4.6423851e+01      
1.8276786e+02 4.0930408e+01      
1.8340137e+02 3.5129286e+01      
1.8477435e+02 2.8957084e+01      
1.8698355e+02 2.2383995e+01      
1.9007925e+02 1.5572484e+01      
1.9389461e+02 9.3592581e+00      
1.9819681e+02 4.0412431e+00      
2.0245515e+02 -2.0311956e-01      
2.0660718e+02 -4.2106949e+00      
2.0924070e+02 -6.8818546e+00      
2.1040956e+02 -8.2117656e+00      
2.0981051e+02 -7.6849679e+00      
2.0723120e+02 -4.9928449e+00      
2.0289445e+02 -3.1261813e-01      
1.9934235e+02 3.9227235e+00      
1.9169704e+02 3.6322351e+01      
1.9004365e+02 3.2129425e+01      
1.8891257e+02 2.7392939e+01      
1.8814020e+02 2.2278818e+01      
1.8738004e+02 1.7036122e+01      
1.8690224e+02 1.1611825e+01      
1.8694750e+02 5.9042877e+00      
1.8764758e+02 -2.1374696e-01      
1.8908132e+02 -6.8812516e+00      
1.9116991e+02 -1.3330641e+01      
1.9382576e+02 -1.9066557e+01      
1.9686672e+02 -2.3817573e+01      
2.0002931e+02 -2.7553522e+01      
2.0299834e+02 -3.0493751e+01      
2.0531019e+02 -3.3071010e+01      
2.0696111e+02 -3.5183966e+01      
2.0684314e+02 -3.5210665e+01      
2.0499215e+02 -3.3051860e+01      
2.0147404e+02 -2.8575053e+01      
1.9846404e+02 -2.4425484e+01      
1.9274572e+02 7.5100082e+00      
1.9121843e+02 3.1791717e+00      
1.9032855e+02 -1.8013454e+00      
1.8998565e+02 -7.2743287e+00      
1.8870206e+02 -1.2422319e+01      
1.8755175e+02 -1.7610969e+01      
1.8688298e+02 -2.3028629e+01      
1.8680723e+02 -2.8755978e+01      
1.8736932e+02 -3.4813909e+01      
1.8851784e+02 -4.0992304e+01      
1.9019232e+02 -4.6333301e+01      
1.9227238e+02 -5.0532287e+01      
1.9451468e+02 -5.3621729e+01      
1.9657878e+02 -5.6322725e+01      
1.9823852e+02 -5.8623628e+01      
1.9927860e+02 -6.0220026e+01      
1.9935285e+02 -6.0521141e+01      
1.9848007e+02 -5.9424992e+01      
1.9598915e+02 -5.5591585e+01      
1.9367447e+02 -5.1786979e+01      
1.9022298e+02 -2.0748317e+01      
1.8875083e+02 -2.5172860e+01      
1.8795206e+02 -3.0349092e+01      
1.8774231e+02 -3.6138301e+01      
1.8657808e+02 -4.1464025e+01      
1.8470076e+02 -4.6288488e+01      
1.8328071e+02 -5.1298625e+01      
1.8235416e+02 -5.6455281e+01      
1.8208529e+02 -6.1828203e+01      
1.8243793e+02 -6.7230180e+01      
1.8328381e+02 -7.2235811e+01      
1.8463095e+02 -7.5900304e+01      
1.8610782e+02 -7.8966133e+01      
1.8748319e+02 -8.1623712e+01      
1.8856456e+02 -8.3820149e+01      
1.8917998e+02 -8.5299101e+01      
1.8917813e+02 -8.5609886e+01      
1.8843084e+02 -8.4215000e+01      
1.8695895e+02 -8.1292610e+01      
1.8534356e+02 -7.7924581e+01      
1.8417452e+02 -4.7955695e+01      
1.8264526e+02 -5.2382863e+01      
1.8173174e+02 -5.7623208e+01      
1.8135005e+02 -6.3552964e+01      
1.8007042e+02 -6.8904074e+01      
1.7809722e+02 -7.3714479e+01      
1.7612698e+02 -7.8436021e+01      
1.7428510e+02 -8.2962258e+01      
1.7329829e+02 -8.7797163e+01      
1.7301391e+02 -9.2562710e+01      
1.7328302e+02 -9.6870495e+01      
1.7398071e+02 -1.0041739e+02      
1.7486913e+02 -1.0341808e+02      
1.7572424e+02 -1.0606473e+02      
1.7637704e+02 -1.0837619e+02      
1.7671955e+02 -1.1014200e+02      
1.7667584e+02 -1.1080635e+02      
1.7600742e+02 -1.0892459e+02      
1.7500365e+02 -1.0595171e+02      
1.7386948e+02 -1.0264536e+02      
1.7474408e+02 -7.3657707e+01      
1.7305162e+02 -7.7964079e+01      
1.7184886e+02 -8.3078799e+01      
1.7103198e+02 -8.8874679e+01      
1.6931919e+02 -9.3928823e+01      
1.6684162e+02 -9.8327446e+01      
1.6454050e+02 -1.0300635e+02      
1.6252984e+02 -1.0776833e+02      
1.6109558e+02 -1.1247597e+02      
1.6031716e+02 -1.1685851e+02      
1.6013280e+02 -1.2067289e+02      
1.6040474e+02 -1.2384808e+02      
1.6091039e+02 -1.2656492e+02      
1.6140302e+02 -1.2913039e+02      
1.6172214e+02 -1.3168736e+02      
1.6182462e+02 -1.3393501e+02      
1.6163818e+02 -1.3435892e+02      
1.6113637e+02 -1.3265035e+02      
1.6040613e+02 -1.2918763e+02      
1.5958936e+02 -1.2558699e+02      
1.6216887e+02 -9.7464970e+01      
1.6024379e+02 -1.0152182e+02      
1.5863512e+02 -1.0628878e+02      
1.5721644e+02 -1.1163016e+02      
1.5494305e+02 -1.1613812e+02      
1.5242315e+02 -1.2073395e+02      
1.4990570e+02 -1.2568108e+02      
1.4755023e+02 -1.3086609e+02      
1.4568109e+02 -1.3571852e+02      
1.4448434e+02 -1.3990164e+02      
1.4398092e+02 -1.4326066e+02      
1.4405506e+02 -1.4580657e+02      
1.4444128e+02 -1.4783898e+02      
1.4473215e+02 -1.5006163e+02      
1.4475916e+02 -1.5280795e+02      
1.4458798e+02 -1.5470891e+02      
1.4427884e+02 -1.5496684e+02      
1.4387061e+02 -1.5333590e+02      
1.4338284e+02 -1.5011230e+02      
1.4281511e+02 -1.4613745e+02      
1.4675967e+02 -1.1906266e+02      
1.4459129e+02 -1.2278148e+02      
1.4255708e+02 -1.2702952e+02      
1.4049946e+02 -1.3159835e+02      
1.3813134e+02 -1.3612149e+02      
1.3555017e+02 -1.4082222e+02      
1.3281500e+02 -1.4599542e+02      
1.2989842e+02 -1.5188232e+02      
1.2748033e+02 -1.5705598e+02      
1.2587493e+02 -1.6113733e+02      
1.2518591e+02 -1.6398439e+02      
1.2529384e+02 -1.6565358e+02      
1.2586254e+02 -1.6648654e+02      
1.2605739e+02 -1.6796466e+02      
1.2591189e+02 -1.6987182e+02      
1.2546795e+02 -1.7171239e+02      
1.2501742e+02 -1.7193990e+02      
1.2466746e+02 -1.7024284e+02      
1.2436500e+02 -1.6695891e+02      
1.2388847e+02 -1.6361305e+02      
1.2887036e+02 -1.3819669e+02      
1.2650626e+02 -1.4155940e+02      
1.2418066e+02 -1.4534673e+02      
1.2181086e+02 -1.4943717e+02      
1.1930919e+02 -1.5372757e+02      
1.1666011e+02 -1.5825457e+02      
1.1386650e+02 -1.6314335e+02      
1.1092373e+02 -1.6845175e+02      
1.0795317e+02 -1.7388979e+02      
1.0595939e+02 -1.7790347e+02      
1.0524073e+02 -1.8017344e+02      
1.0553227e+02 -1.8094509e+02      
1.0574567e+02 -1.8172077e+02      
1.0570802e+02 -1.8275331e+02      
1.0542018e+02 -1.8392004e+02      
1.0491462e+02 -1.8491606e+02      
1.0428543e+02 -1.8519033e+02      
1.0398416e+02 -1.8336236e+02      
1.0360561e+02 -1.8082325e+02      
1.0311105e+02 -1.7810841e+02      
1.0886880e+02 -1.5464671e+02      
1.0637553e+02 -1.5766862e+02      
1.0388192e+02 -1.6106258e+02      
1.0135171e+02 -1.6475318e+02      
9.8750188e+01 -1.6868089e+02      
9.6063958e+01 -1.7282895e+02      
9.3296065e+01 -1.7720255e+02      
9.0459102e+01 -1.8176814e+02      
8.7620234e+01 -1.8634905e+02      
8.5186031e+01 -1.9032382e+02      
8.4612334e+01 -1.9195894e+02      
8.4445930e+01 -1.9291170e+02      
8.4249792e+01 -1.9373043e+02      
8.3935388e+01 -1.9451122e+02      
8.3491104e+01 -1.9517318e+02      
8.2936760e+01 -1.9552194e+02      
8.2347994e+01 -1.9521927e+02      
8.1845464e+01 -1.9389590e+02      
8.1338620e+01 -1.9193942e+02      
8.0782625e+01 -1.8970071e+02      
8.7126305e+01 -1.6821709e+02      
8.4561682e+01 -1.7091397e+02      
8.1979126e+01 -1.7394133e+02      
7.9367871e+01 -1.7723990e+02      
7.6718824e+01 -1.8075527e+02      
7.4033036e+01 -1.8444269e+02      
7.1324174e+01 -1.8825471e+02      
6.8617341e+01 -1.9211565e+02      
6.5928342e+01 -1.9591910e+02      
6.3442463e+01 -1.9935363e+02      
6.2676033e+01 -2.0084300e+02      
6.2109286e+01 -2.0188161e+02      
6.1548229e+01 -2.0269613e+02      
6.0971348e+01 -2.0329735e+02      
6.0358848e+01 -2.0364088e+02      
5.9715812e+01 -2.0361462e+02      
5.9071367e+01 -2.0306784e+02      
5.8451128e+01 -2.0192237e+02      
5.7841422e+01 -2.0028977e+02      
5.7221883e+01 -1.9835724e+02      
