1.8026852e+01 2.2972710e+02      
1.7271024e+01 2.2793984e+02      
1.6881873e+01 2.2638367e+02      
1.6848392e+01 2.2510541e+02      
1.7179544e+01 2.2413363e+02      
1.7896930e+01 2.2347982e+02      
1.9018684e+01 2.2314191e+02      
2.0538313e+01 2.2310583e+02      
2.2400345e+01 2.2334268e+02      
2.4485697e+01 2.2380518e+02      
2.6641014e+01 2.2443546e+02      
2.8747480e+01 2.2518390e+02      
3.0765873e+01 2.2601997e+02      
3.2738991e+01 2.2693077e+02      
3.4753316e+01 2.2790915e+02      
3.6883392e+01 2.2893801e+02      
3.9181547e+01 2.2998920e+02      
4.1700887e+01 2.3103195e+02      
4.4502706e+01 2.3203542e+02      
4.7645922e+01 2.3296621e+02      
4.7505336e+01 2.1888831e+02      
4.6970096e+01 2.1702233e+02      
4.6750727e+01 2.1540820e+02      
4.6831626e+01 2.1410265e+02      
4.7240696e+01 2.1313395e+02      
4.8036091e+01 2.1250721e+02      
4.9278932e+01 2.1221528e+02      
5.1003554e+01 2.1224433e+02      
5.3171371e+01 2.1256582e+02      
5.5596086e+01 2.1311243e+02      
5.7975721e+01 2.1378403e+02      
6.0099470e+01 2.1450852e+02      
6.1916341e+01 2.1525603e+02      
6.3535454e+01 2.1603429e+02      
6.5158986e+01 2.1686867e+02      
6.6890110e+01 2.1774624e+02      
6.8751281e+01 2.1862581e+02      
7.0795217e+01 2.1947442e+02      
7.3110623e+01 2.2026658e+02      
7.5781991e+01 2.2097170e+02      
7.5872688e+01 2.0441845e+02      
7.5617893e+01 2.0242252e+02      
7.5589952e+01 2.0071800e+02      
7.5753371e+01 1.9937872e+02      
7.6170898e+01 1.9842543e+02      
7.6966262e+01 1.9784395e+02      
7.8269709e+01 1.9761531e+02      
8.0195586e+01 1.9773263e+02      
8.2814577e+01 1.9819792e+02      
8.5901756e+01 1.9893858e+02      
8.8677636e+01 1.9971088e+02      
9.0835964e+01 2.0042893e+02      
9.2314923e+01 2.0106902e+02      
9.3293405e+01 2.0165929e+02      
9.4413812e+01 2.0235525e+02      
9.5720505e+01 2.0311678e+02      
9.7059790e+01 2.0384205e+02      
9.8499179e+01 2.0450588e+02      
1.0020416e+02 2.0510457e+02      
1.0230262e+02 2.0561187e+02      
1.0272112e+02 1.8653794e+02      
1.0285491e+02 1.8432934e+02      
1.0306442e+02 1.8248333e+02      
1.0323551e+02 1.8111514e+02      
1.0352112e+02 1.8021218e+02      
1.0417133e+02 1.7970676e+02      
1.0539944e+02 1.7955203e+02      
1.0740521e+02 1.7974725e+02      
1.1048123e+02 1.8036056e+02      
1.1476957e+02 1.8145516e+02      
1.1802093e+02 1.8234334e+02      
1.2023316e+02 1.8306837e+02      
1.2134744e+02 1.8362010e+02      
1.2122051e+02 1.8392591e+02      
1.2197620e+02 1.8457474e+02      
1.2306900e+02 1.8533894e+02      
1.2374454e+02 1.8590015e+02      
1.2437384e+02 1.8636793e+02      
1.2531298e+02 1.8679195e+02      
1.2673579e+02 1.8713755e+02      
1.2765463e+02 1.6552502e+02      
1.2839774e+02 1.6295712e+02      
1.2901982e+02 1.6085919e+02      
1.2897950e+02 1.5952106e+02      
1.2886340e+02 1.5876117e+02      
1.2915114e+02 1.5838967e+02      
1.3010007e+02 1.5831401e+02      
1.3190416e+02 1.5852798e+02      
1.3483703e+02 1.5910047e+02      
1.3903645e+02 1.6006237e+02      
1.4223136e+02 1.6091671e+02      
1.4446730e+02 1.6166439e+02      
1.4574451e+02 1.6230689e+02      
1.4595881e+02 1.6284676e+02      
1.4722789e+02 1.6372631e+02      
1.4874987e+02 1.6475957e+02      
1.4842399e+02 1.6506085e+02      
1.4795437e+02 1.6532224e+02      
1.4794279e+02 1.6560461e+02      
1.4860379e+02 1.6584129e+02      
1.5023329e+02 1.4173859e+02      
1.5190333e+02 1.3857928e+02      
1.5340329e+02 1.3599481e+02      
1.5263136e+02 1.3486719e+02      
1.5174336e+02 1.3442908e+02      
1.5142018e+02 1.3429120e+02      
1.5190203e+02 1.3429905e+02      
1.5325062e+02 1.3445922e+02      
1.5544735e+02 1.3484424e+02      
1.5820923e+02 1.3546635e+02      
1.6076724e+02 1.3619349e+02      
1.6293150e+02 1.3696905e+02      
1.6485016e+02 1.3779493e+02      
1.6687342e+02 1.3874485e+02      
1.6941471e+02 1.3995228e+02      
1.7073154e+02 1.4092516e+02      
1.7036327e+02 1.4146016e+02      
1.6864819e+02 1.4162211e+02      
1.6754027e+02 1.4184757e+02      
1.6741659e+02 1.4205684e+02      
1.6986206e+02 1.1568891e+02      
1.7257500e+02 1.1171952e+02      
1.7388382e+02 1.0895521e+02      
1.7338642e+02 1.0767886e+02      
1.7156710e+02 1.0773726e+02      
1.7047284e+02 1.0795106e+02      
1.7043073e+02 1.0802289e+02      
1.7131296e+02 1.0803643e+02      
1.7284722e+02 1.0817429e+02      
1.7469976e+02 1.0855291e+02      
1.7658271e+02 1.0917123e+02      
1.7847956e+02 1.0996739e+02      
1.8072057e+02 1.1091524e+02      
1.8386251e+02 1.1205739e+02      
1.8646709e+02 1.1318783e+02      
1.8770296e+02 1.1418535e+02      
1.8727735e+02 1.1497294e+02      
1.8550742e+02 1.1551934e+02      
1.8339286e+02 1.1586171e+02      
1.8268942e+02 1.1616602e+02      
1.8561126e+02 8.8235364e+01      
1.8807274e+02 8.4029080e+01      
1.8926754e+02 8.1064642e+01      
1.8893387e+02 7.9648249e+01      
1.8741746e+02 7.9581449e+01      
1.8567691e+02 8.0148016e+01      
1.8533771e+02 8.0103027e+01      
1.8600721e+02 7.9772441e+01      
1.8719709e+02 7.9531261e+01      
1.8846145e+02 7.9676096e+01      
1.8964687e+02 8.0254400e+01      
1.9095353e+02 8.1097759e+01      
1.9269270e+02 8.2076284e+01      
1.9507870e+02 8.3139336e+01      
1.9786334e+02 8.4207063e+01      
1.9913220e+02 8.5262669e+01      
1.9849667e+02 8.6327400e+01      
1.9636636e+02 8.7291966e+01      
1.9476486e+02 8.8062142e+01      
1.9408515e+02 8.8618415e+01      
1.9551390e+02 6.1308142e+01      
1.9804297e+02 5.6658610e+01      
1.9927080e+02 5.3395737e+01      
1.9892999e+02 5.1963201e+01      
1.9738882e+02 5.2002910e+01      
1.9637767e+02 5.1824777e+01      
1.9634084e+02 5.1175994e+01      
1.9723052e+02 5.0161956e+01      
1.9857818e+02 4.9193236e+01      
1.9940131e+02 4.9060321e+01      
1.9960098e+02 4.9824754e+01      
1.9998143e+02 5.0831428e+01      
2.0086324e+02 5.1838569e+01      
2.0224323e+02 5.2848356e+01      
2.0391501e+02 5.3883592e+01      
2.0524486e+02 5.4965602e+01      
2.0433180e+02 5.6348338e+01      
2.0302492e+02 5.7829768e+01      
2.0202334e+02 5.9066704e+01      
2.0157683e+02 5.9940069e+01      
2.0139104e+02 3.4147711e+01      
2.0304104e+02 3.0103621e+01      
2.0433768e+02 2.6483346e+01      
2.0391064e+02 2.5141717e+01      
2.0320815e+02 2.4253206e+01      
2.0288408e+02 2.3231434e+01      
2.0329091e+02 2.1825751e+01      
2.0467813e+02 1.9870745e+01      
2.0697148e+02 1.7516552e+01      
2.0744332e+02 1.7050137e+01      
2.0602484e+02 1.8531205e+01      
2.0532342e+02 1.9783489e+01      
2.0534119e+02 2.0779256e+01      
2.0582422e+02 2.1696006e+01      
2.0652137e+02 2.2675845e+01      
2.0700316e+02 2.3989392e+01      
2.0674782e+02 2.5553149e+01      
2.0605866e+02 2.7793186e+01      
2.0551035e+02 2.9504970e+01      
2.0528764e+02 3.0690117e+01      
2.0376552e+02 6.6844731e+00      
2.0475149e+02 3.1545779e+00      
2.0545858e+02 8.0462049e-02      
2.0551687e+02 -2.0236845e+00      
2.0536334e+02 -3.6715834e+00      
2.0544108e+02 -5.3364989e+00      
2.0607857e+02 -7.3353615e+00      
2.0760097e+02 -9.9885648e+00      
2.0991146e+02 -1.3203604e+01      
2.1009586e+02 -1.4038536e+01      
2.0810050e+02 -1.2470067e+01      
2.0674196e+02 -1.1360351e+01      
2.0610934e+02 -1.0546254e+01      
2.0592012e+02 -9.7880987e+00      
2.0596963e+02 -9.0352572e+00      
2.0603301e+02 -7.2696874e+00      
2.0592426e+02 -4.5369616e+00      
2.0565243e+02 -2.0150052e+00      
2.0541262e+02 -2.0577757e-02      
2.0535376e+02 1.4177960e+00      
2.0281312e+02 -2.0865563e+01      
2.0343820e+02 -2.4191295e+01      
2.0387646e+02 -2.7133158e+01      
2.0402075e+02 -2.9508652e+01      
2.0403077e+02 -3.1504811e+01      
2.0419166e+02 -3.3484825e+01      
2.0475518e+02 -3.5757627e+01      
2.0594271e+02 -3.8606691e+01      
2.0765264e+02 -4.2006300e+01      
2.0761207e+02 -4.3205236e+01      
2.0576118e+02 -4.2212844e+01      
2.0424352e+02 -4.1864209e+01      
2.0323959e+02 -4.1388769e+01      
2.0256334e+02 -4.0732202e+01      
2.0217447e+02 -3.9548378e+01      
2.0201860e+02 -3.7322989e+01      
2.0200929e+02 -3.4022359e+01      
2.0194392e+02 -3.1193049e+01      
2.0187950e+02 -2.8990763e+01      
2.0191326e+02 -2.7362612e+01      
1.9860164e+02 -4.8104202e+01      
1.9911657e+02 -5.1562368e+01      
1.9942978e+02 -5.4568685e+01      
1.9945483e+02 -5.6933440e+01      
1.9931413e+02 -5.8837453e+01      
1.9930844e+02 -6.0803533e+01      
1.9958795e+02 -6.3071088e+01      
2.0016164e+02 -6.5664532e+01      
2.0073209e+02 -6.8230233e+01      
2.0054283e+02 -6.9785205e+01      
1.9951505e+02 -7.0174273e+01      
1.9829381e+02 -7.0131458e+01      
1.9714689e+02 -6.9808088e+01      
1.9605703e+02 -6.9406847e+01      
1.9529387e+02 -6.8132666e+01      
1.9495539e+02 -6.5727305e+01      
1.9501161e+02 -6.2246160e+01      
1.9504353e+02 -5.9263756e+01      
1.9505413e+02 -5.6931919e+01      
1.9511579e+02 -5.5175653e+01      
1.9112108e+02 -7.4416543e+01      
1.9175049e+02 -7.8379029e+01      
1.9198412e+02 -8.1518012e+01      
1.9180450e+02 -8.3726396e+01      
1.9126068e+02 -8.5072609e+01      
1.9097881e+02 -8.6841655e+01      
1.9094336e+02 -8.9028362e+01      
1.9105178e+02 -9.1485064e+01      
1.9111693e+02 -9.3977022e+01      
1.9087292e+02 -9.6054818e+01      
1.9016329e+02 -9.7184995e+01      
1.8913839e+02 -9.7385131e+01      
1.8795748e+02 -9.6819573e+01      
1.8670977e+02 -9.5730474e+01      
1.8556805e+02 -9.4441209e+01      
1.8499854e+02 -9.2110156e+01      
1.8503973e+02 -8.8715741e+01      
1.8508183e+02 -8.5761263e+01      
1.8509351e+02 -8.3405128e+01      
1.8513196e+02 -8.1585680e+01      
1.8028139e+02 -9.8920705e+01      
1.8070494e+02 -1.0279468e+02      
1.8077948e+02 -1.0586240e+02      
1.8047431e+02 -1.0803067e+02      
1.7983854e+02 -1.0934727e+02      
1.7939300e+02 -1.1111132e+02      
1.7912280e+02 -1.1329355e+02      
1.7894755e+02 -1.1578856e+02      
1.7880197e+02 -1.1858767e+02      
1.7862426e+02 -1.2157537e+02      
1.7799643e+02 -1.2322221e+02      
1.7701949e+02 -1.2352193e+02      
1.7579432e+02 -1.2253198e+02      
1.7437272e+02 -1.2031846e+02      
1.7319405e+02 -1.1828517e+02      
1.7234689e+02 -1.1616191e+02      
1.7225844e+02 -1.1308209e+02      
1.7222175e+02 -1.1031828e+02      
1.7217969e+02 -1.0803071e+02      
1.7216014e+02 -1.0620357e+02      
1.6629869e+02 -1.2119148e+02      
1.6630925e+02 -1.2430223e+02      
1.6616910e+02 -1.2707761e+02      
1.6581260e+02 -1.2935007e+02      
1.6530052e+02 -1.3125483e+02      
1.6480530e+02 -1.3323859e+02      
1.6437804e+02 -1.3546770e+02      
1.6399991e+02 -1.3798756e+02      
1.6365437e+02 -1.4092135e+02      
1.6330082e+02 -1.4421688e+02      
1.6259633e+02 -1.4607087e+02      
1.6158666e+02 -1.4640495e+02      
1.6035676e+02 -1.4521561e+02      
1.5900116e+02 -1.4254811e+02      
1.5790664e+02 -1.4009908e+02      
1.5716036e+02 -1.3773100e+02      
1.5681247e+02 -1.3514752e+02      
1.5664070e+02 -1.3266577e+02      
1.5652293e+02 -1.3049214e+02      
1.5643104e+02 -1.2868881e+02      
1.4960232e+02 -1.4131393e+02      
1.4935925e+02 -1.4396881e+02      
1.4904052e+02 -1.4648783e+02      
1.4861026e+02 -1.4877952e+02      
1.4809166e+02 -1.5090213e+02      
1.4754007e+02 -1.5300955e+02      
1.4698862e+02 -1.5522490e+02      
1.4643791e+02 -1.5762962e+02      
1.4587406e+02 -1.6034429e+02      
1.4524919e+02 -1.6335317e+02      
1.4438001e+02 -1.6507542e+02      
1.4327918e+02 -1.6544294e+02      
1.4203642e+02 -1.6441576e+02      
1.4079883e+02 -1.6197493e+02      
1.3981309e+02 -1.5960962e+02      
1.3914892e+02 -1.5727618e+02      
1.3876733e+02 -1.5489558e+02      
1.3854219e+02 -1.5259547e+02      
1.3837129e+02 -1.5051886e+02      
1.3821263e+02 -1.4874391e+02      
1.3054009e+02 -1.5914558e+02      
1.3013502e+02 -1.6151887e+02      
1.2968022e+02 -1.6383828e+02      
1.2915700e+02 -1.6605086e+02      
1.2857041e+02 -1.6816877e+02      
1.2793885e+02 -1.7024828e+02      
1.2727507e+02 -1.7234696e+02      
1.2657603e+02 -1.7450031e+02      
1.2582085e+02 -1.7670370e+02      
1.2496013e+02 -1.7875373e+02      
1.2391711e+02 -1.8009995e+02      
1.2266718e+02 -1.8053575e+02      
1.2130078e+02 -1.8000559e+02      
1.2008508e+02 -1.7853437e+02      
1.1917929e+02 -1.7660779e+02      
1.1863364e+02 -1.7443208e+02      
1.1838540e+02 -1.7211049e+02      
1.1821274e+02 -1.6987966e+02      
1.1802624e+02 -1.6786189e+02      
1.1781400e+02 -1.6610694e+02      
1.0943097e+02 -1.7442144e+02      
1.0890820e+02 -1.7657979e+02      
1.0834474e+02 -1.7872009e+02      
1.0772980e+02 -1.8080250e+02      
1.0706223e+02 -1.8281715e+02      
1.0634637e+02 -1.8477506e+02      
1.0558395e+02 -1.8668811e+02      
1.0476737e+02 -1.8854762e+02      
1.0387528e+02 -1.9029639e+02      
1.0286890e+02 -1.9178828e+02      
1.0169312e+02 -1.9282700e+02      
1.0027231e+02 -1.9333516e+02      
9.8592296e+01 -1.9334826e+02      
9.7305041e+01 -1.9245988e+02      
9.6446554e+01 -1.9091466e+02      
9.6044148e+01 -1.8888957e+02      
9.6109782e+01 -1.8647141e+02      
9.6037141e+01 -1.8426177e+02      
9.5843787e+01 -1.8228953e+02      
9.5582326e+01 -1.8055094e+02      
8.6616642e+01 -1.8689968e+02      
8.6003309e+01 -1.8887404e+02      
8.5351435e+01 -1.9084277e+02      
8.4654800e+01 -1.9277023e+02      
8.3910932e+01 -1.9463507e+02      
8.3119234e+01 -1.9642524e+02      
8.2277177e+01 -1.9812707e+02      
8.1376473e+01 -1.9971193e+02      
8.0400175e+01 -2.0112313e+02      
7.9320653e+01 -2.0227330e+02      
7.8096601e+01 -2.0307621e+02      
7.6655099e+01 -2.0351647e+02      
7.4967283e+01 -2.0361938e+02      
7.3701808e+01 -2.0295456e+02      
7.2866834e+01 -2.0165203e+02      
7.2476834e+01 -1.9983549e+02      
7.2549885e+01 -1.9759877e+02      
7.2450343e+01 -1.9550967e+02      
7.2210811e+01 -1.9360785e+02      
7.1890800e+01 -1.9189187e+02      
