3.2220144e+01 2.4554293e+02      
3.0948965e+01 2.4459323e+02      
2.9779688e+01 2.4352184e+02      
2.8621689e+01 2.4232773e+02      
2.7497607e+01 2.4104531e+02      
2.6535542e+01 2.3973859e+02      
2.5897057e+01 2.3846652e+02      
2.5683656e+01 2.3723028e+02      
2.5924169e+01 2.3598836e+02      
2.6649280e+01 2.3476508e+02      
2.7909222e+01 2.3365709e+02      
2.9722143e+01 2.3273476e+02      
3.2057192e+01 2.3201840e+02      
3.4841393e+01 2.3150246e+02      
3.7961992e+01 2.3116940e+02      
4.1275639e+01 2.3099459e+02      
4.4639234e+01 2.3094847e+02      
4.7955486e+01 2.3099773e+02      
5.1205528e+01 2.3110572e+02      
5.4449551e+01 2.3123249e+02      
6.1269373e+01 2.3675891e+02      
6.0438300e+01 2.3592174e+02      
5.9556727e+01 2.3489550e+02      
5.8423496e+01 2.3364783e+02      
5.7078049e+01 2.3222564e+02      
5.5785620e+01 2.3075249e+02      
5.4897573e+01 2.2937989e+02      
5.4566592e+01 2.2810262e+02      
5.4691209e+01 2.2666290e+02      
5.5282585e+01 2.2507785e+02      
5.6501272e+01 2.2364936e+02      
5.8384064e+01 2.2247658e+02      
6.0884655e+01 2.2154793e+02      
6.3913508e+01 2.2083835e+02      
6.7320274e+01 2.2031957e+02      
7.0881765e+01 2.1995975e+02      
7.4350363e+01 2.1972386e+02      
7.7556804e+01 2.1957527e+02      
8.0478332e+01 2.1947481e+02      
8.3240097e+01 2.1937936e+02      
8.9047567e+01 2.2433607e+02      
8.9055843e+01 2.2372568e+02      
8.8688140e+01 2.2279449e+02      
8.7555088e+01 2.2146577e+02      
8.5730936e+01 2.1980056e+02      
8.3708799e+01 2.1799950e+02      
8.2408702e+01 2.1648993e+02      
8.2050502e+01 2.1538873e+02      
8.2051127e+01 2.1375865e+02      
8.2372631e+01 2.1160308e+02      
8.3530139e+01 2.0984555e+02      
8.5501633e+01 2.0846043e+02      
8.8213628e+01 2.0735980e+02      
9.1585349e+01 2.0649572e+02      
9.5454589e+01 2.0583120e+02      
9.9475971e+01 2.0532751e+02      
1.0317497e+02 2.0494178e+02      
1.0624396e+02 2.0463645e+02      
1.0865486e+02 2.0437233e+02      
1.1066368e+02 2.0410269e+02      
1.1470175e+02 2.0832662e+02      
1.1613373e+02 2.0811115e+02      
1.1655981e+02 2.0730592e+02      
1.1536527e+02 2.0585722e+02      
1.1272158e+02 2.0384046e+02      
1.0937631e+02 2.0144320e+02      
1.0758062e+02 1.9963278e+02      
1.0705549e+02 1.9831381e+02      
1.0697047e+02 1.9652443e+02      
1.0724376e+02 1.9425409e+02      
1.0843726e+02 1.9237513e+02      
1.1052923e+02 1.9087339e+02      
1.1347961e+02 1.8966262e+02      
1.1728215e+02 1.8869266e+02      
1.2189122e+02 1.8793002e+02      
1.2686577e+02 1.8733745e+02      
1.3104692e+02 1.8684247e+02      
1.3395885e+02 1.8642321e+02      
1.3556338e+02 1.8604783e+02      
1.3627274e+02 1.8565768e+02      
1.3701309e+02 1.8869661e+02      
1.3813121e+02 1.8807944e+02      
1.3947338e+02 1.8730000e+02      
1.3802532e+02 1.8567890e+02      
1.3447275e+02 1.8334815e+02      
1.3156321e+02 1.8104919e+02      
1.2977382e+02 1.7902699e+02      
1.2898828e+02 1.7721306e+02      
1.2889153e+02 1.7530842e+02      
1.2942182e+02 1.7331215e+02      
1.3075150e+02 1.7150636e+02      
1.3296028e+02 1.6998625e+02      
1.3610108e+02 1.6873248e+02      
1.4028722e+02 1.6770518e+02      
1.4577438e+02 1.6687478e+02      
1.5254387e+02 1.6624699e+02      
1.5738775e+02 1.6565834e+02      
1.6013015e+02 1.6516954e+02      
1.6071738e+02 1.6476447e+02      
1.5922991e+02 1.6433477e+02      
1.5603084e+02 1.6599467e+02      
1.5678962e+02 1.6495211e+02      
1.5786051e+02 1.6374074e+02      
1.5555171e+02 1.6185815e+02      
1.5272565e+02 1.5966827e+02      
1.5041661e+02 1.5744599e+02      
1.4887683e+02 1.5531762e+02      
1.4811408e+02 1.5328219e+02      
1.4806426e+02 1.5129080e+02      
1.4871485e+02 1.4937222e+02      
1.5012529e+02 1.4763317e+02      
1.5237185e+02 1.4614637e+02      
1.5555018e+02 1.4491247e+02      
1.5983367e+02 1.4388305e+02      
1.6558914e+02 1.4297931e+02      
1.7279614e+02 1.4213272e+02      
1.7778433e+02 1.4146365e+02      
1.8032542e+02 1.4098415e+02      
1.8036146e+02 1.4068067e+02      
1.7802209e+02 1.4049181e+02      
1.7175645e+02 1.4076660e+02      
1.7198698e+02 1.3930481e+02      
1.7247960e+02 1.3762004e+02      
1.7018351e+02 1.3562669e+02      
1.6791281e+02 1.3345791e+02      
1.6609876e+02 1.3124256e+02      
1.6483933e+02 1.2905032e+02      
1.6420325e+02 1.2690591e+02      
1.6421596e+02 1.2483002e+02      
1.6490056e+02 1.2288362e+02      
1.6629656e+02 1.2116368e+02      
1.6845949e+02 1.1973844e+02      
1.7146916e+02 1.1859561e+02      
1.7545451e+02 1.1765851e+02      
1.8066637e+02 1.1680207e+02      
1.8706711e+02 1.1588999e+02      
1.9151845e+02 1.1526702e+02      
1.9383148e+02 1.1487684e+02      
1.9395618e+02 1.1469390e+02      
1.9199286e+02 1.1470760e+02      
1.8416003e+02 1.1350249e+02      
1.8370239e+02 1.1164902e+02      
1.8311452e+02 1.0959848e+02      
1.8167764e+02 1.0741315e+02      
1.8002085e+02 1.0517643e+02      
1.7859291e+02 1.0293506e+02      
1.7756887e+02 1.0069625e+02      
1.7705282e+02 9.8465437e+01      
1.7710759e+02 9.6276956e+01      
1.7777467e+02 9.4223462e+01      
1.7908050e+02 9.2470358e+01      
1.8104945e+02 9.1147432e+01      
1.8372353e+02 9.0195092e+01      
1.8713071e+02 8.9479603e+01      
1.9122497e+02 8.8887696e+01      
1.9555980e+02 8.8370235e+01      
1.9899356e+02 8.8003784e+01      
2.0105535e+02 8.7781462e+01      
2.0171275e+02 8.7656482e+01      
2.0138012e+02 8.7528015e+01      
1.9331759e+02 8.4689123e+01      
1.9243771e+02 8.2427715e+01      
1.9150558e+02 7.9988706e+01      
1.9033647e+02 7.7544295e+01      
1.8903556e+02 7.5231425e+01      
1.8785316e+02 7.2999584e+01      
1.8698064e+02 7.0748695e+01      
1.8653399e+02 6.8437407e+01      
1.8658917e+02 6.6083597e+01      
1.8720213e+02 6.3778187e+01      
1.8838187e+02 6.1835847e+01      
1.9007333e+02 6.0742716e+01      
1.9233682e+02 6.0138833e+01      
1.9512945e+02 5.9768713e+01      
1.9826848e+02 5.9539532e+01      
2.0138574e+02 5.9406606e+01      
2.0399852e+02 5.9355674e+01      
2.0580446e+02 5.9356461e+01      
2.0678714e+02 5.9348027e+01      
2.0721110e+02 5.9238105e+01      
1.9923643e+02 5.4830944e+01      
1.9817701e+02 5.2094507e+01      
1.9718549e+02 4.9124943e+01      
1.9614099e+02 4.6266106e+01      
1.9492985e+02 4.4017913e+01      
1.9382481e+02 4.1942137e+01      
1.9300868e+02 3.9753316e+01      
1.9256624e+02 3.7381337e+01      
1.9256405e+02 3.4821084e+01      
1.9307674e+02 3.2092085e+01      
1.9415533e+02 2.9499557e+01      
1.9548749e+02 2.9005039e+01      
1.9736711e+02 2.8911668e+01      
1.9966872e+02 2.8980443e+01      
2.0216731e+02 2.9162854e+01      
2.0458155e+02 2.9417415e+01      
2.0663608e+02 2.9713257e+01      
2.0817306e+02 2.9997886e+01      
2.0919808e+02 3.0197401e+01      
2.0985803e+02 3.0231133e+01      
2.0185060e+02 2.4476385e+01      
2.0071995e+02 2.1190691e+01      
1.9976587e+02 1.7510291e+01      
1.9895451e+02 1.3784470e+01      
1.9757956e+02 1.2071811e+01      
1.9643779e+02 1.0354615e+01      
1.9561349e+02 8.3226249e+00      
1.9511922e+02 5.9291701e+00      
1.9499148e+02 3.1655470e+00      
1.9528870e+02 7.4868803e-02      
1.9605605e+02 -2.8895610e+00      
1.9720806e+02 -3.3308012e+00      
1.9885410e+02 -2.9540160e+00      
2.0084600e+02 -2.3730321e+00      
2.0295613e+02 -1.7437255e+00      
2.0492811e+02 -1.0828082e+00      
2.0655535e+02 -3.9094705e-01      
2.0778941e+02 2.4960153e-01      
2.0868263e+02 7.3571069e-01      
2.0933169e+02 9.9129595e-01      
2.0110941e+02 -5.7768652e+00      
1.9993383e+02 -9.6688300e+00      
1.9894534e+02 -1.4027489e+01      
1.9805972e+02 -1.8118581e+01      
1.9676385e+02 -1.9752704e+01      
1.9564316e+02 -2.1097447e+01      
1.9480227e+02 -2.2868845e+01      
1.9422894e+02 -2.5236686e+01      
1.9391993e+02 -2.8216595e+01      
1.9391588e+02 -3.1656162e+01      
1.9432700e+02 -3.4869347e+01      
1.9530633e+02 -3.5840054e+01      
1.9685458e+02 -3.4894996e+01      
1.9872672e+02 -3.3721323e+01      
2.0068069e+02 -3.2646881e+01      
2.0242085e+02 -3.1622122e+01      
2.0361720e+02 -3.0436874e+01      
2.0447119e+02 -2.9342981e+01      
2.0511982e+02 -2.8504828e+01      
2.0562080e+02 -2.7975456e+01      
1.9702362e+02 -3.5277058e+01      
1.9579792e+02 -3.9810989e+01      
1.9474806e+02 -4.4916289e+01      
1.9367870e+02 -4.8725832e+01      
1.9253606e+02 -5.0860624e+01      
1.9147333e+02 -5.1693190e+01      
1.9065085e+02 -5.3088646e+01      
1.9001118e+02 -5.5381740e+01      
1.8951012e+02 -5.8583845e+01      
1.8914479e+02 -6.2553629e+01      
1.8935234e+02 -6.5364004e+01      
1.9014865e+02 -6.6510111e+01      
1.9151129e+02 -6.6053571e+01      
1.9339903e+02 -6.4360845e+01      
1.9538347e+02 -6.2909239e+01      
1.9718577e+02 -6.1753253e+01      
1.9773411e+02 -5.9840310e+01      
1.9812506e+02 -5.8206717e+01      
1.9846710e+02 -5.6984785e+01      
1.9874707e+02 -5.6159494e+01      
1.8968280e+02 -6.3231361e+01      
1.8838766e+02 -6.8211431e+01      
1.8719898e+02 -7.2707509e+01      
1.8606907e+02 -7.6276607e+01      
1.8499871e+02 -7.8788475e+01      
1.8405605e+02 -8.0371612e+01      
1.8332136e+02 -8.1477968e+01      
1.8264574e+02 -8.3787916e+01      
1.8203639e+02 -8.7030657e+01      
1.8160116e+02 -9.0664801e+01      
1.8174776e+02 -9.3092324e+01      
1.8238420e+02 -9.4263018e+01      
1.8349804e+02 -9.4273792e+01      
1.8509647e+02 -9.3307828e+01      
1.8706616e+02 -9.1651830e+01      
1.8856524e+02 -9.0256246e+01      
1.8870912e+02 -8.7841045e+01      
1.8871359e+02 -8.5750039e+01      
1.8874598e+02 -8.4170262e+01      
1.8877939e+02 -8.3062655e+01      
1.7924898e+02 -8.8857249e+01      
1.7795720e+02 -9.2827828e+01      
1.7675818e+02 -9.6662718e+01      
1.7565119e+02 -1.0001485e+02      
1.7464797e+02 -1.0279082e+02      
1.7377797e+02 -1.0507548e+02      
1.7304799e+02 -1.0721641e+02      
1.7236955e+02 -1.0991576e+02      
1.7169001e+02 -1.1329412e+02      
1.7177411e+02 -1.1567812e+02      
1.7202674e+02 -1.1759410e+02      
1.7250148e+02 -1.1867881e+02      
1.7331677e+02 -1.1898866e+02      
1.7454417e+02 -1.1876771e+02      
1.7602556e+02 -1.1815787e+02      
1.7681055e+02 -1.1655327e+02      
1.7662066e+02 -1.1387824e+02      
1.7630047e+02 -1.1143533e+02      
1.7604542e+02 -1.0955587e+02      
1.7584079e+02 -1.0821580e+02      
1.6589875e+02 -1.1239247e+02      
1.6463504e+02 -1.1572411e+02      
1.6346331e+02 -1.1908517e+02      
1.6239547e+02 -1.2226125e+02      
1.6144799e+02 -1.2517369e+02      
1.6064008e+02 -1.2787920e+02      
1.5998082e+02 -1.3056271e+02      
1.5946583e+02 -1.3343430e+02      
1.5916803e+02 -1.3639218e+02      
1.5927871e+02 -1.3889856e+02      
1.5955477e+02 -1.4076140e+02      
1.5973100e+02 -1.4160380e+02      
1.6012874e+02 -1.4187331e+02      
1.6093809e+02 -1.4206021e+02      
1.6162450e+02 -1.4136478e+02      
1.6189384e+02 -1.3979036e+02      
1.6163542e+02 -1.3746431e+02      
1.6100325e+02 -1.3472246e+02      
1.6051681e+02 -1.3267767e+02      
1.6011209e+02 -1.3119896e+02      
1.4984797e+02 -1.3382401e+02      
1.4862106e+02 -1.3678241e+02      
1.4748421e+02 -1.3983632e+02      
1.4645588e+02 -1.4286332e+02      
1.4555738e+02 -1.4580997e+02      
1.4481273e+02 -1.4870080e+02      
1.4424768e+02 -1.5161350e+02      
1.4389588e+02 -1.5460170e+02      
1.4381570e+02 -1.5758439e+02      
1.4407887e+02 -1.6037729e+02      
1.4457324e+02 -1.6265197e+02      
1.4414425e+02 -1.6282037e+02      
1.4393468e+02 -1.6249466e+02      
1.4398493e+02 -1.6191473e+02      
1.4403568e+02 -1.6084552e+02      
1.4390881e+02 -1.5925593e+02      
1.4353185e+02 -1.5724811e+02      
1.4296489e+02 -1.5507304e+02      
1.4238706e+02 -1.5317393e+02      
1.4183604e+02 -1.5166802e+02      
1.3135794e+02 -1.5289267e+02      
1.3017039e+02 -1.5559035e+02      
1.2906828e+02 -1.5841849e+02      
1.2807442e+02 -1.6130306e+02      
1.2721474e+02 -1.6420959e+02      
1.2652007e+02 -1.6715012e+02      
1.2602847e+02 -1.7016931e+02      
1.2578718e+02 -1.7330304e+02      
1.2584486e+02 -1.7651347e+02      
1.2619993e+02 -1.7960236e+02      
1.2657382e+02 -1.8192989e+02      
1.2588135e+02 -1.8172448e+02      
1.2516765e+02 -1.8071232e+02      
1.2464295e+02 -1.7944291e+02      
1.2421768e+02 -1.7797907e+02      
1.2377302e+02 -1.7630536e+02      
1.2324252e+02 -1.7446456e+02      
1.2262974e+02 -1.7258831e+02      
1.2197888e+02 -1.7085191e+02      
1.2131485e+02 -1.6936581e+02      
1.1072944e+02 -1.6932379e+02      
1.0957907e+02 -1.7181402e+02      
1.0850661e+02 -1.7444960e+02      
1.0753731e+02 -1.7718184e+02      
1.0669969e+02 -1.7998822e+02      
1.0602856e+02 -1.8288077e+02      
1.0557025e+02 -1.8591064e+02      
1.0539005e+02 -1.8917039e+02      
1.0554835e+02 -1.9269592e+02      
1.0598965e+02 -1.9618765e+02      
1.0598504e+02 -1.9806397e+02      
1.0532819e+02 -1.9799044e+02      
1.0418762e+02 -1.9623589e+02      
1.0323513e+02 -1.9433167e+02      
1.0246723e+02 -1.9252265e+02      
1.0178126e+02 -1.9075410e+02      
1.0109852e+02 -1.8897469e+02      
1.0038935e+02 -1.8722061e+02      
9.9652804e+01 -1.8557033e+02      
9.8891874e+01 -1.8409514e+02      
8.8298201e+01 -1.8287399e+02      
8.7179745e+01 -1.8518158e+02      
8.6129016e+01 -1.8763386e+02      
8.5171550e+01 -1.9019441e+02      
8.4335366e+01 -1.9284492e+02      
8.3653662e+01 -1.9559375e+02      
8.3171060e+01 -1.9849143e+02      
8.2965717e+01 -2.0169447e+02      
8.3126606e+01 -2.0540433e+02      
8.3170337e+01 -2.0819101e+02      
8.2896391e+01 -2.0966153e+02      
8.2224251e+01 -2.0968475e+02      
8.1200919e+01 -2.0833923e+02      
7.9991220e+01 -2.0597180e+02      
7.9025439e+01 -2.0400151e+02      
7.8187708e+01 -2.0221713e+02      
7.7389278e+01 -2.0048240e+02      
7.6590938e+01 -1.9879031e+02      
7.5775745e+01 -1.9717852e+02      
7.4934645e+01 -1.9569380e+02      
