1.6219303e+01 2.3466218e+02      
1.5903584e+01 2.3227634e+02      
1.6227130e+01 2.3006364e+02      
1.7144910e+01 2.2811341e+02      
1.8524998e+01 2.2652022e+02      
2.0052752e+01 2.2536868e+02      
2.1002991e+01 2.2463970e+02      
1.9266884e+01 2.2375251e+02      
1.7099237e+01 2.2328024e+02      
1.5306031e+01 2.2325074e+02      
1.4200762e+01 2.2360930e+02      
1.3860269e+01 2.2430760e+02      
1.4252959e+01 2.2531012e+02      
1.5297894e+01 2.2658647e+02      
1.6886286e+01 2.2810443e+02      
1.8903153e+01 2.2982455e+02      
2.1280950e+01 2.3169894e+02      
2.4038636e+01 2.3367255e+02      
2.7242057e+01 2.3568255e+02      
3.0950370e+01 2.3765962e+02      
4.4694443e+01 2.2361962e+02      
4.4773289e+01 2.2101786e+02      
4.5618597e+01 2.1857107e+02      
4.7281140e+01 2.1638567e+02      
4.9681918e+01 2.1458831e+02      
5.2285423e+01 2.1330848e+02      
5.2900244e+01 2.1231841e+02      
5.1207964e+01 2.1151699e+02      
4.7800141e+01 2.1096501e+02      
4.5009907e+01 2.1088595e+02      
4.3319008e+01 2.1119007e+02      
4.2686053e+01 2.1181652e+02      
4.2953371e+01 2.1273315e+02      
4.3968627e+01 2.1391766e+02      
4.5551525e+01 2.1534680e+02      
4.7466205e+01 2.1698359e+02      
4.9550233e+01 2.1877654e+02      
5.1898319e+01 2.2067153e+02      
5.4674442e+01 2.2260105e+02      
5.7975464e+01 2.2448537e+02      
7.1739048e+01 2.0898791e+02      
7.2174983e+01 2.0611610e+02      
7.3470857e+01 2.0336854e+02      
7.5807134e+01 2.0086228e+02      
7.9266548e+01 1.9872247e+02      
8.1472704e+01 1.9705049e+02      
8.1700892e+01 1.9587036e+02      
7.9878920e+01 1.9514982e+02      
7.6502863e+01 1.9482426e+02      
7.2777592e+01 1.9482074e+02      
7.0698133e+01 1.9511795e+02      
6.9942074e+01 1.9569242e+02      
7.0225049e+01 1.9652944e+02      
7.1366426e+01 1.9762418e+02      
7.3167079e+01 1.9897742e+02      
7.5182023e+01 2.0056211e+02      
7.6773630e+01 2.0229375e+02      
7.8497329e+01 2.0414900e+02      
8.0711491e+01 2.0604935e+02      
8.3512547e+01 2.0789224e+02      
9.6869042e+01 1.9103906e+02      
9.7591844e+01 1.8783753e+02      
9.9179359e+01 1.8471453e+02      
1.0170898e+02 1.8180398e+02      
1.0495156e+02 1.7925141e+02      
1.0675795e+02 1.7724435e+02      
1.0662098e+02 1.7593667e+02      
1.0440092e+02 1.7534550e+02      
1.0063445e+02 1.7527242e+02      
9.7558310e+01 1.7537941e+02      
9.5703079e+01 1.7568955e+02      
9.5068473e+01 1.7621773e+02      
9.5529059e+01 1.7696639e+02      
9.6959453e+01 1.7795022e+02      
9.9241481e+01 1.7921126e+02      
1.0195380e+02 1.8079182e+02      
1.0248039e+02 1.8246979e+02      
1.0334500e+02 1.8435645e+02      
1.0487975e+02 1.8630300e+02      
1.0710635e+02 1.8816843e+02      
1.1965935e+02 1.7011173e+02      
1.2060735e+02 1.6651829e+02      
1.2239836e+02 1.6293168e+02      
1.2491475e+02 1.5952690e+02      
1.2747811e+02 1.5659464e+02      
1.2808412e+02 1.5455827e+02      
1.2767391e+02 1.5317980e+02      
1.2489144e+02 1.5283131e+02      
1.2187186e+02 1.5280351e+02      
1.1944684e+02 1.5295488e+02      
1.1797867e+02 1.5326817e+02      
1.1760228e+02 1.5374243e+02      
1.1835303e+02 1.5437845e+02      
1.2019642e+02 1.5519700e+02      
1.2293164e+02 1.5626758e+02      
1.2570511e+02 1.5769749e+02      
1.2584497e+02 1.5952814e+02      
1.2591560e+02 1.6160151e+02      
1.2669371e+02 1.6370122e+02      
1.2830726e+02 1.6566241e+02      
1.3974042e+02 1.4660991e+02      
1.4086737e+02 1.4256822e+02      
1.4285640e+02 1.3842941e+02      
1.4557411e+02 1.3438047e+02      
1.4727086e+02 1.3117818e+02      
1.4732234e+02 1.2904040e+02      
1.4562927e+02 1.2802469e+02      
1.4305820e+02 1.2772715e+02      
1.4048287e+02 1.2776106e+02      
1.3846410e+02 1.2795325e+02      
1.3728770e+02 1.2826546e+02      
1.3714529e+02 1.2868093e+02      
1.3820145e+02 1.2917776e+02      
1.4053729e+02 1.2976323e+02      
1.4383207e+02 1.3057050e+02      
1.4598906e+02 1.3196681e+02      
1.4647734e+02 1.3389972e+02      
1.4568225e+02 1.3629257e+02      
1.4565697e+02 1.3866192e+02      
1.4667825e+02 1.4078556e+02      
1.5678993e+02 1.2100011e+02      
1.5805636e+02 1.1646159e+02      
1.6011518e+02 1.1173619e+02      
1.6253238e+02 1.0719607e+02      
1.6370271e+02 1.0372911e+02      
1.6341978e+02 1.0143871e+02      
1.6167075e+02 1.0036244e+02      
1.5879565e+02 1.0036802e+02      
1.5629361e+02 1.0055469e+02      
1.5443866e+02 1.0081405e+02      
1.5339372e+02 1.0113283e+02      
1.5332995e+02 1.0150370e+02      
1.5449073e+02 1.0189242e+02      
1.5713693e+02 1.0223633e+02      
1.5958538e+02 1.0314056e+02      
1.6127614e+02 1.0462621e+02      
1.6198423e+02 1.0662083e+02      
1.6179812e+02 1.0903643e+02      
1.6117310e+02 1.1172507e+02      
1.6181764e+02 1.1400564e+02      
1.7052536e+02 9.3811643e+01      
1.7188452e+02 8.8760692e+01      
1.7407471e+02 8.3339477e+01      
1.7574749e+02 7.8653692e+01      
1.7641480e+02 7.5027870e+01      
1.7592425e+02 7.2560589e+01      
1.7424046e+02 7.1331453e+01      
1.7149141e+02 7.1360080e+01      
1.6900595e+02 7.1681298e+01      
1.6716337e+02 7.2026860e+01      
1.6610479e+02 7.2349238e+01      
1.6592371e+02 7.2682428e+01      
1.6668681e+02 7.3099758e+01      
1.6823634e+02 7.3743115e+01      
1.6988251e+02 7.4871744e+01      
1.7120861e+02 7.6527132e+01      
1.7204942e+02 7.8613245e+01      
1.7243974e+02 8.0998819e+01      
1.7270119e+02 8.3493861e+01      
1.7349087e+02 8.5790964e+01      
1.8072374e+02 6.5612386e+01      
1.8199569e+02 6.0169179e+01      
1.8381588e+02 5.4455605e+01      
1.8496011e+02 4.9658097e+01      
1.8524487e+02 4.5906512e+01      
1.8460961e+02 4.3250255e+01      
1.8309595e+02 4.1709955e+01      
1.8088562e+02 4.1251425e+01      
1.7837133e+02 4.1698402e+01      
1.7646241e+02 4.2134759e+01      
1.7531511e+02 4.2418758e+01      
1.7494165e+02 4.2632887e+01      
1.7528943e+02 4.2979756e+01      
1.7618509e+02 4.3734480e+01      
1.7732257e+02 4.5083799e+01      
1.7842608e+02 4.6994219e+01      
1.7934601e+02 4.9269039e+01      
1.8008091e+02 5.1724005e+01      
1.8079624e+02 5.4205010e+01      
1.8174811e+02 5.6549721e+01      
1.8723182e+02 3.7013218e+01      
1.8835613e+02 3.1262978e+01      
1.8943911e+02 2.5829023e+01      
1.9012431e+02 2.1068532e+01      
1.9017244e+02 1.7199790e+01      
1.8938675e+02 1.4398088e+01      
1.8797064e+02 1.2554453e+01      
1.8613831e+02 1.1571283e+01      
1.8411088e+02 1.1372890e+01      
1.8218386e+02 1.1789426e+01      
1.8098098e+02 1.1898597e+01      
1.8045702e+02 1.1799553e+01      
1.8054408e+02 1.1755071e+01      
1.8112404e+02 1.2398871e+01      
1.8201965e+02 1.3987489e+01      
1.8303419e+02 1.6367659e+01      
1.8402537e+02 1.8972367e+01      
1.8492334e+02 2.1599514e+01      
1.8577332e+02 2.4204033e+01      
1.8671715e+02 2.6691394e+01      
1.8994232e+02 8.6432877e+00      
1.9043668e+02 3.3613771e+00      
1.9100727e+02 -1.8120927e+00      
1.9141949e+02 -6.5612944e+00      
1.9146909e+02 -1.0636065e+01      
1.9038781e+02 -1.3421378e+01      
1.8895283e+02 -1.5475911e+01      
1.8735180e+02 -1.6941039e+01      
1.8572820e+02 -1.7880579e+01      
1.8425273e+02 -1.8365371e+01      
1.8312407e+02 -1.8615966e+01      
1.8249969e+02 -1.9127812e+01      
1.8242774e+02 -2.0065725e+01      
1.8286284e+02 -1.9693808e+01      
1.8371341e+02 -1.7849209e+01      
1.8478370e+02 -1.4599398e+01      
1.8591297e+02 -1.1637533e+01      
1.8691249e+02 -8.8567129e+00      
1.8772219e+02 -6.0681050e+00      
1.8848540e+02 -3.3404779e+00      
1.8915091e+02 -1.9399841e+01      
1.8926890e+02 -2.4474798e+01      
1.8953483e+02 -2.9567217e+01      
1.8975847e+02 -3.4383801e+01      
1.8963968e+02 -3.8549447e+01      
1.8844786e+02 -4.1368792e+01      
1.8695017e+02 -4.3541838e+01      
1.8545304e+02 -4.5399667e+01      
1.8409868e+02 -4.7022992e+01      
1.8296519e+02 -4.8289763e+01      
1.8184228e+02 -4.8542105e+01      
1.8111288e+02 -4.9039470e+01      
1.8083515e+02 -5.0144890e+01      
1.8120861e+02 -4.9891583e+01      
1.8217123e+02 -4.8067688e+01      
1.8356581e+02 -4.4768825e+01      
1.8500944e+02 -4.1920420e+01      
1.8619044e+02 -3.9236791e+01      
1.8675374e+02 -3.6194870e+01      
1.8711832e+02 -3.3083350e+01      
1.8504250e+02 -4.6834661e+01      
1.8496695e+02 -5.1909695e+01      
1.8509603e+02 -5.7114063e+01      
1.8523983e+02 -6.2113000e+01      
1.8479731e+02 -6.6157669e+01      
1.8363581e+02 -6.9100268e+01      
1.8196718e+02 -7.1183275e+01      
1.8047783e+02 -7.3333004e+01      
1.7926144e+02 -7.5507692e+01      
1.7816646e+02 -7.6802763e+01      
1.7720070e+02 -7.7196084e+01      
1.7644469e+02 -7.7129802e+01      
1.7608611e+02 -7.7692559e+01      
1.7649473e+02 -7.7333250e+01      
1.7763353e+02 -7.5893435e+01      
1.7942499e+02 -7.3380584e+01      
1.8135237e+02 -7.1350398e+01      
1.8300630e+02 -6.9270919e+01      
1.8294018e+02 -6.5760789e+01      
1.8264655e+02 -6.2044973e+01      
1.7770859e+02 -7.3197713e+01      
1.7751532e+02 -7.8354199e+01      
1.7759371e+02 -8.3790938e+01      
1.7738567e+02 -8.8588061e+01      
1.7670682e+02 -9.2479376e+01      
1.7550525e+02 -9.5394340e+01      
1.7385693e+02 -9.7470036e+01      
1.7235330e+02 -9.9795013e+01      
1.7105568e+02 -1.0174677e+02      
1.6997588e+02 -1.0290990e+02      
1.6914272e+02 -1.0318466e+02      
1.6860733e+02 -1.0279477e+02      
1.6848345e+02 -1.0211213e+02      
1.6901631e+02 -1.0154112e+02      
1.7029525e+02 -1.0080178e+02      
1.7229974e+02 -1.0000135e+02      
1.7468312e+02 -9.9335897e+01      
1.7604213e+02 -9.7452662e+01      
1.7604917e+02 -9.4104502e+01      
1.7500016e+02 -8.9626280e+01      
1.6726737e+02 -9.8005844e+01      
1.6692408e+02 -1.0317394e+02      
1.6674801e+02 -1.0849460e+02      
1.6626037e+02 -1.1303931e+02      
1.6541058e+02 -1.1673078e+02      
1.6420620e+02 -1.1956866e+02      
1.6271267e+02 -1.2162121e+02      
1.6110559e+02 -1.2316398e+02      
1.5974285e+02 -1.2497771e+02      
1.5867523e+02 -1.2601125e+02      
1.5795324e+02 -1.2600828e+02      
1.5759464e+02 -1.2515587e+02      
1.5764039e+02 -1.2444611e+02      
1.5823896e+02 -1.2396591e+02      
1.5956170e+02 -1.2380722e+02      
1.6176408e+02 -1.2429094e+02      
1.6374701e+02 -1.2408399e+02      
1.6485282e+02 -1.2248111e+02      
1.6484725e+02 -1.1930294e+02      
1.6390526e+02 -1.1490967e+02      
1.5390154e+02 -1.2080454e+02      
1.5340994e+02 -1.2594366e+02      
1.5285339e+02 -1.3070400e+02      
1.5210697e+02 -1.3484509e+02      
1.5112699e+02 -1.3827292e+02      
1.4992045e+02 -1.4094828e+02      
1.4852202e+02 -1.4282091e+02      
1.4700740e+02 -1.4388059e+02      
1.4568388e+02 -1.4496879e+02      
1.4461769e+02 -1.4592178e+02      
1.4399304e+02 -1.4562826e+02      
1.4368598e+02 -1.4507898e+02      
1.4374938e+02 -1.4457004e+02      
1.4426824e+02 -1.4420723e+02      
1.4532333e+02 -1.4410028e+02      
1.4690412e+02 -1.4435812e+02      
1.4870116e+02 -1.4476163e+02      
1.4964843e+02 -1.4355030e+02      
1.4952410e+02 -1.4042136e+02      
1.4848176e+02 -1.3587359e+02      
1.3781781e+02 -1.4104879e+02      
1.3702719e+02 -1.4555780e+02      
1.3618994e+02 -1.4973487e+02      
1.3524616e+02 -1.5343314e+02      
1.3416893e+02 -1.5655721e+02      
1.3296256e+02 -1.5904280e+02      
1.3165940e+02 -1.6083947e+02      
1.3033005e+02 -1.6193726e+02      
1.2909537e+02 -1.6244174e+02      
1.2812418e+02 -1.6289210e+02      
1.2747753e+02 -1.6289153e+02      
1.2714196e+02 -1.6262272e+02      
1.2713304e+02 -1.6227139e+02      
1.2748003e+02 -1.6193321e+02      
1.2818741e+02 -1.6167055e+02      
1.2919213e+02 -1.6149809e+02      
1.3030180e+02 -1.6128242e+02      
1.3112497e+02 -1.6049750e+02      
1.3086314e+02 -1.5732724e+02      
1.3026500e+02 -1.5374024e+02      
1.1919752e+02 -1.5779797e+02      
1.1818296e+02 -1.6164559e+02      
1.1715564e+02 -1.6527243e+02      
1.1607921e+02 -1.6854174e+02      
1.1493754e+02 -1.7135577e+02      
1.1373724e+02 -1.7364883e+02      
1.1250842e+02 -1.7538402e+02      
1.1130577e+02 -1.7656059e+02      
1.1020791e+02 -1.7725864e+02      
1.0930697e+02 -1.7766823e+02      
1.0865345e+02 -1.7779205e+02      
1.0826516e+02 -1.7767121e+02      
1.0815033e+02 -1.7739265e+02      
1.0830817e+02 -1.7702031e+02      
1.0871149e+02 -1.7658051e+02      
1.0928408e+02 -1.7604226e+02      
1.0988226e+02 -1.7527791e+02      
1.1027366e+02 -1.7394936e+02      
1.1022104e+02 -1.7162109e+02      
1.0992020e+02 -1.6885600e+02      
9.8611773e+01 -1.7189003e+02      
9.7442041e+01 -1.7518553e+02      
9.6281563e+01 -1.7833653e+02      
9.5109088e+01 -1.8121850e+02      
9.3917319e+01 -1.8374041e+02      
9.2714984e+01 -1.8584115e+02      
9.1527452e+01 -1.8748950e+02      
9.0395754e+01 -1.8868928e+02      
8.9372510e+01 -1.8948751e+02      
8.8510791e+01 -1.8995342e+02      
8.7848523e+01 -1.9013272e+02      
8.7404744e+01 -1.9006604e+02      
8.7183445e+01 -1.8980013e+02      
8.7172836e+01 -1.8937024e+02      
8.7338149e+01 -1.8878420e+02      
8.7612969e+01 -1.8800807e+02      
8.7896238e+01 -1.8695195e+02      
8.8066880e+01 -1.8547657e+02      
8.8049442e+01 -1.8352208e+02      
8.7881313e+01 -1.8126075e+02      
7.6428752e+01 -1.8325520e+02      
7.5154952e+01 -1.8611024e+02      
7.3901395e+01 -1.8885859e+02      
7.2659008e+01 -1.9139795e+02      
7.1427350e+01 -1.9364882e+02      
7.0216534e+01 -1.9555599e+02      
6.9047514e+01 -1.9708955e+02      
6.7950575e+01 -1.9824602e+02      
6.6961423e+01 -1.9904646e+02      
6.6114549e+01 -1.9952551e+02      
6.5436046e+01 -1.9971783e+02      
6.4939684e+01 -1.9965580e+02      
6.4625816e+01 -1.9936917e+02      
6.4479959e+01 -1.9887842e+02      
6.4470143e+01 -1.9818656e+02      
6.4545302e+01 -1.9727325e+02      
6.4639103e+01 -1.9609649e+02      
6.4684877e+01 -1.9461415e+02      
6.4642642e+01 -1.9283470e+02      
6.4516067e+01 -1.9085081e+02      
