3.0521829e+01 2.4018201e+02      
2.9258885e+01 2.3876105e+02      
2.7867835e+01 2.3723129e+02      
2.6201983e+01 2.3557444e+02      
2.4463788e+01 2.3389430e+02      
2.2921667e+01 2.3231109e+02      
2.1718629e+01 2.3089688e+02      
2.0907236e+01 2.2969598e+02      
2.0489730e+01 2.2873923e+02      
2.0439400e+01 2.2804768e+02      
2.0715405e+01 2.2763342e+02      
2.1277733e+01 2.2750050e+02      
2.2099387e+01 2.2764568e+02      
2.3170576e+01 2.2805754e+02      
2.4498618e+01 2.2871532e+02      
2.6107725e+01 2.2958899e+02      
2.8037178e+01 2.3064027e+02      
3.0335881e+01 2.3182427e+02      
3.3053739e+01 2.3309091e+02      
3.6232911e+01 2.3438625e+02      
6.0402976e+01 2.3075838e+02      
5.9798165e+01 2.2940705e+02      
5.8873362e+01 2.2789479e+02      
5.6861543e+01 2.2594691e+02      
5.4662457e+01 2.2393706e+02      
5.2823962e+01 2.2207184e+02      
5.1461692e+01 2.2040099e+02      
5.0588029e+01 2.1895681e+02      
5.0169600e+01 2.1776708e+02      
5.0144340e+01 2.1685252e+02      
5.0432169e+01 2.1622390e+02      
5.0958753e+01 2.1588424e+02      
5.1680476e+01 2.1583211e+02      
5.2581822e+01 2.1605817e+02      
5.3668398e+01 2.1654115e+02      
5.4969638e+01 2.1724818e+02      
5.6539415e+01 2.1813698e+02      
5.8448558e+01 2.1915838e+02      
6.0769585e+01 2.2025824e+02      
6.3560434e+01 2.2137877e+02      
8.9095404e+01 2.1771987e+02      
8.9478143e+01 2.1648128e+02      
8.9786608e+01 2.1526605e+02      
8.6551121e+01 2.1270057e+02      
8.3595242e+01 2.1028680e+02      
8.1403583e+01 2.0813044e+02      
7.9897804e+01 2.0619784e+02      
7.9011337e+01 2.0450484e+02      
7.8661537e+01 2.0307957e+02      
7.8745685e+01 2.0194614e+02      
7.9120921e+01 2.0111112e+02      
7.9644885e+01 2.0057048e+02      
8.0269379e+01 2.0033045e+02      
8.0982033e+01 2.0038850e+02      
8.1780826e+01 2.0072223e+02      
8.2698695e+01 2.0129408e+02      
8.3810624e+01 2.0205576e+02      
8.5224665e+01 2.0295256e+02      
8.7053131e+01 2.0392611e+02      
8.9376583e+01 2.0491466e+02      
1.1597061e+02 2.0121829e+02      
1.1729016e+02 1.9989797e+02      
1.1780249e+02 1.9841377e+02      
1.1396198e+02 1.9571498e+02      
1.1047023e+02 1.9308309e+02      
1.0801123e+02 1.9068494e+02      
1.0645168e+02 1.8850111e+02      
1.0564913e+02 1.8655558e+02      
1.0547109e+02 1.8489065e+02      
1.0580609e+02 1.8354936e+02      
1.0644115e+02 1.8253387e+02      
1.0697264e+02 1.8178643e+02      
1.0750402e+02 1.8136428e+02      
1.0802399e+02 1.8127680e+02      
1.0849029e+02 1.8149414e+02      
1.0893430e+02 1.8197070e+02      
1.0945816e+02 1.8264831e+02      
1.1023512e+02 1.8346452e+02      
1.1146063e+02 1.8435800e+02      
1.1324403e+02 1.8526370e+02      
1.4035481e+02 1.8150982e+02      
1.4284037e+02 1.8002698e+02      
1.4242655e+02 1.7802240e+02      
1.3837212e+02 1.7532575e+02      
1.3457945e+02 1.7261091e+02      
1.3201161e+02 1.7002094e+02      
1.3057179e+02 1.6759266e+02      
1.3000048e+02 1.6538063e+02      
1.3010187e+02 1.6345552e+02      
1.3078909e+02 1.6190034e+02      
1.3202334e+02 1.6076864e+02      
1.3252216e+02 1.5978155e+02      
1.3306282e+02 1.5919704e+02      
1.3342745e+02 1.5899573e+02      
1.3352082e+02 1.5913903e+02      
1.3338317e+02 1.5957235e+02      
1.3313503e+02 1.6021911e+02      
1.3303535e+02 1.6100098e+02      
1.3353742e+02 1.6186547e+02      
1.3473688e+02 1.6274395e+02      
1.6095278e+02 1.5891387e+02      
1.6243848e+02 1.5699828e+02      
1.6186623e+02 1.5471301e+02      
1.5913854e+02 1.5207181e+02      
1.5513224e+02 1.4929022e+02      
1.5280707e+02 1.4651388e+02      
1.5177483e+02 1.4382465e+02      
1.5164097e+02 1.4130931e+02      
1.5213938e+02 1.3907367e+02      
1.5302867e+02 1.3723081e+02      
1.5415379e+02 1.3582940e+02      
1.5551364e+02 1.3480132e+02      
1.5637967e+02 1.3411482e+02      
1.5664867e+02 1.3383450e+02      
1.5632102e+02 1.3395521e+02      
1.5548568e+02 1.3441551e+02      
1.5428437e+02 1.3510888e+02      
1.5301321e+02 1.3590514e+02      
1.5280266e+02 1.3680230e+02      
1.5345356e+02 1.3771707e+02      
1.7463271e+02 1.3392266e+02      
1.7520950e+02 1.3173272e+02      
1.7473760e+02 1.2925267e+02      
1.7322321e+02 1.2651363e+02      
1.7125124e+02 1.2360155e+02      
1.6998238e+02 1.2060764e+02      
1.6969681e+02 1.1761566e+02      
1.7025609e+02 1.1472972e+02      
1.7139865e+02 1.1209762e+02      
1.7262836e+02 1.0991216e+02      
1.7335073e+02 1.0832861e+02      
1.7416837e+02 1.0719927e+02      
1.7528296e+02 1.0638902e+02      
1.7539207e+02 1.0605356e+02      
1.7455987e+02 1.0620733e+02      
1.7294747e+02 1.0677917e+02      
1.7082535e+02 1.0761859e+02      
1.6939992e+02 1.0855405e+02      
1.6883618e+02 1.0956277e+02      
1.6905778e+02 1.1058382e+02      
1.8538319e+02 1.0707706e+02      
1.8542588e+02 1.0468093e+02      
1.8507568e+02 1.0202278e+02      
1.8437165e+02 9.9129153e+01      
1.8366675e+02 9.6040277e+01      
1.8346248e+02 9.2798409e+01      
1.8407926e+02 8.9451644e+01      
1.8557556e+02 8.6092157e+01      
1.8772707e+02 8.2919383e+01      
1.8980249e+02 8.0281130e+01      
1.8952870e+02 7.8676951e+01      
1.8925683e+02 7.7621223e+01      
1.8965456e+02 7.6778715e+01      
1.8933700e+02 7.6402110e+01      
1.8792986e+02 7.6635103e+01      
1.8560863e+02 7.7390353e+01      
1.8360175e+02 7.8324558e+01      
1.8218392e+02 7.9401095e+01      
1.8142690e+02 8.0577888e+01      
1.8131940e+02 8.1777647e+01      
1.9337154e+02 7.8814730e+01      
1.9316066e+02 7.6239994e+01      
1.9290106e+02 7.3419392e+01      
1.9265036e+02 7.0373736e+01      
1.9263433e+02 6.7114697e+01      
1.9318323e+02 6.3635060e+01      
1.9464095e+02 5.9904002e+01      
1.9719835e+02 5.5951741e+01      
2.0050339e+02 5.2079474e+01      
2.0228337e+02 4.9171121e+01      
2.0207108e+02 4.7415386e+01      
2.0036256e+02 4.6702168e+01      
1.9930517e+02 4.6137606e+01      
1.9867162e+02 4.5623430e+01      
1.9674831e+02 4.5947398e+01      
1.9466700e+02 4.6652805e+01      
1.9283690e+02 4.7647906e+01      
1.9142253e+02 4.8887266e+01      
1.9050081e+02 5.0294021e+01      
1.9010641e+02 5.1755480e+01      
1.9826854e+02 4.9577249e+01      
1.9792189e+02 4.6839714e+01      
1.9770140e+02 4.3879649e+01      
1.9767119e+02 4.0716609e+01      
1.9799675e+02 3.7344361e+01      
1.9893856e+02 3.3716894e+01      
2.0090160e+02 2.9704380e+01      
2.0433088e+02 2.5135081e+01      
2.0735320e+02 2.0966534e+01      
2.0890577e+02 1.7829251e+01      
2.0865137e+02 1.5972809e+01      
2.0693614e+02 1.5233858e+01      
2.0479971e+02 1.4997577e+01      
2.0386546e+02 1.4290696e+01      
2.0221326e+02 1.4295251e+01      
2.0034669e+02 1.4894607e+01      
1.9860280e+02 1.5968036e+01      
1.9713974e+02 1.7427947e+01      
1.9603599e+02 1.9158567e+01      
1.9535487e+02 2.0991383e+01      
1.9989253e+02 1.9813122e+01      
1.9944727e+02 1.6919007e+01      
1.9920740e+02 1.3845147e+01      
1.9923055e+02 1.0618973e+01      
1.9963486e+02 7.2279011e+00      
2.0059511e+02 3.6159024e+00      
2.0233002e+02 -3.1519789e-01      
2.0494071e+02 -4.6464953e+00      
2.0799696e+02 -9.2219143e+00      
2.0948179e+02 -1.2626720e+01      
2.0902785e+02 -1.4445867e+01      
2.0702782e+02 -1.4973226e+01      
2.0546213e+02 -1.5669672e+01      
2.0467220e+02 -1.6724729e+01      
2.0431298e+02 -1.7886770e+01      
2.0266009e+02 -1.7523129e+01      
2.0094866e+02 -1.6361985e+01      
1.9938358e+02 -1.4586667e+01      
1.9805019e+02 -1.2382867e+01      
1.9704920e+02 -1.0021473e+01      
1.9816578e+02 -1.0032088e+01      
1.9762708e+02 -1.3094153e+01      
1.9731558e+02 -1.6263146e+01      
1.9727285e+02 -1.9489158e+01      
1.9757416e+02 -2.2789614e+01      
1.9831143e+02 -2.6229437e+01      
1.9955263e+02 -2.9879551e+01      
2.0126545e+02 -3.3770872e+01      
2.0319000e+02 -3.7806038e+01      
2.0465317e+02 -4.1525454e+01      
2.0394864e+02 -4.3210285e+01      
2.0281657e+02 -4.4416286e+01      
2.0192697e+02 -4.5642395e+01      
2.0151421e+02 -4.7104068e+01      
2.0151577e+02 -4.8785724e+01      
2.0147121e+02 -5.0124399e+01      
1.9991627e+02 -4.8988101e+01      
1.9826928e+02 -4.6838726e+01      
1.9659628e+02 -4.3875295e+01      
1.9520765e+02 -4.0756005e+01      
1.9309740e+02 -3.9521691e+01      
1.9246442e+02 -4.2800693e+01      
1.9204597e+02 -4.6070934e+01      
1.9185982e+02 -4.9223479e+01      
1.9195567e+02 -5.2309229e+01      
1.9237739e+02 -5.5444501e+01      
1.9312133e+02 -5.8716377e+01      
1.9409968e+02 -6.2146280e+01      
1.9510212e+02 -6.5650577e+01      
1.9572684e+02 -6.8913478e+01      
1.9553995e+02 -7.1350181e+01      
1.9505651e+02 -7.3072506e+01      
1.9469552e+02 -7.4636972e+01      
1.9466281e+02 -7.6422309e+01      
1.9508408e+02 -7.8681628e+01      
1.9583840e+02 -8.1185619e+01      
1.9529350e+02 -8.1126650e+01      
1.9383768e+02 -7.8827040e+01      
1.9165860e+02 -7.4682187e+01      
1.8988094e+02 -7.0649938e+01      
1.8476782e+02 -6.8221705e+01      
1.8404948e+02 -7.1844919e+01      
1.8352102e+02 -7.5309112e+01      
1.8313340e+02 -7.8253373e+01      
1.8297292e+02 -8.0947344e+01      
1.8307011e+02 -8.3637047e+01      
1.8338530e+02 -8.6451476e+01      
1.8382101e+02 -8.9439666e+01      
1.8421812e+02 -9.2575596e+01      
1.8438137e+02 -9.5788106e+01      
1.8424384e+02 -9.8882776e+01      
1.8406780e+02 -1.0066011e+02      
1.8404607e+02 -1.0221490e+02      
1.8429711e+02 -1.0407025e+02      
1.8495395e+02 -1.0659117e+02      
1.8593325e+02 -1.0961334e+02      
1.8581559e+02 -1.0992490e+02      
1.8467581e+02 -1.0755670e+02      
1.8288814e+02 -1.0339427e+02      
1.8102824e+02 -9.8804084e+01      
1.7331104e+02 -9.5669626e+01      
1.7251610e+02 -9.9846883e+01      
1.7192315e+02 -1.0377890e+02      
1.7126131e+02 -1.0623490e+02      
1.7083464e+02 -1.0829847e+02      
1.7064484e+02 -1.1037091e+02      
1.7062216e+02 -1.1263530e+02      
1.7066909e+02 -1.1516260e+02      
1.7066905e+02 -1.1797384e+02      
1.7050915e+02 -1.2110892e+02      
1.7018520e+02 -1.2443817e+02      
1.7004868e+02 -1.2658185e+02      
1.7022737e+02 -1.2783037e+02      
1.7062400e+02 -1.2944212e+02      
1.7132688e+02 -1.3172516e+02      
1.7218722e+02 -1.3461656e+02      
1.7210873e+02 -1.3461829e+02      
1.7107847e+02 -1.3168591e+02      
1.6933540e+02 -1.2677323e+02      
1.6766777e+02 -1.2223658e+02      
1.5890142e+02 -1.2130174e+02      
1.5798998e+02 -1.2617382e+02      
1.5715290e+02 -1.3006983e+02      
1.5638239e+02 -1.3259484e+02      
1.5575265e+02 -1.3387698e+02      
1.5535429e+02 -1.3515521e+02      
1.5509132e+02 -1.3676912e+02      
1.5486823e+02 -1.3878570e+02      
1.5459359e+02 -1.4120554e+02      
1.5417759e+02 -1.4407718e+02      
1.5363145e+02 -1.4727394e+02      
1.5344184e+02 -1.4940028e+02      
1.5362097e+02 -1.5069464e+02      
1.5401954e+02 -1.5194850e+02      
1.5467002e+02 -1.5346438e+02      
1.5522387e+02 -1.5569131e+02      
1.5500681e+02 -1.5485914e+02      
1.5398217e+02 -1.5108084e+02      
1.5266530e+02 -1.4693916e+02      
1.5132295e+02 -1.4300042e+02      
1.4177142e+02 -1.4430652e+02      
1.4059700e+02 -1.4919859e+02      
1.3953743e+02 -1.5317975e+02      
1.3864894e+02 -1.5580606e+02      
1.3797269e+02 -1.5700570e+02      
1.3748096e+02 -1.5739648e+02      
1.3707111e+02 -1.5833982e+02      
1.3667305e+02 -1.5982284e+02      
1.3621957e+02 -1.6177387e+02      
1.3563292e+02 -1.6419836e+02      
1.3493572e+02 -1.6693301e+02      
1.3475128e+02 -1.6859537e+02      
1.3501476e+02 -1.6933237e+02      
1.3528577e+02 -1.7019770e+02      
1.3557273e+02 -1.7133841e+02      
1.3571705e+02 -1.7261626e+02      
1.3534998e+02 -1.7073906e+02      
1.3456902e+02 -1.6777241e+02      
1.3356341e+02 -1.6446914e+02      
1.3248713e+02 -1.6116895e+02      
1.2228210e+02 -1.6309127e+02      
1.2086738e+02 -1.6823021e+02      
1.1958652e+02 -1.7255719e+02      
1.1857021e+02 -1.7547286e+02      
1.1788764e+02 -1.7635586e+02      
1.1735945e+02 -1.7646703e+02      
1.1687420e+02 -1.7689230e+02      
1.1637332e+02 -1.7787935e+02      
1.1582259e+02 -1.7933165e+02      
1.1517493e+02 -1.8117623e+02      
1.1446436e+02 -1.8320642e+02      
1.1437016e+02 -1.8417183e+02      
1.1440603e+02 -1.8479710e+02      
1.1444664e+02 -1.8533008e+02      
1.1444096e+02 -1.8576816e+02      
1.1429448e+02 -1.8570227e+02      
1.1388832e+02 -1.8430625e+02      
1.1323578e+02 -1.8204592e+02      
1.1241571e+02 -1.7938360e+02      
1.1151727e+02 -1.7659280e+02      
1.0088323e+02 -1.7847235e+02      
9.9381479e+01 -1.8306043e+02      
9.7865340e+01 -1.8784713e+02      
9.6671941e+01 -1.9163161e+02      
9.5846995e+01 -1.9293509e+02      
9.5362233e+01 -1.9214951e+02      
9.4848779e+01 -1.9207119e+02      
9.4283709e+01 -1.9266996e+02      
9.3685711e+01 -1.9367938e+02      
9.3068353e+01 -1.9492085e+02      
9.2516826e+01 -1.9612570e+02      
9.2200088e+01 -1.9691104e+02      
9.2004677e+01 -1.9737614e+02      
9.1833926e+01 -1.9760149e+02      
9.1628485e+01 -1.9752891e+02      
9.1326907e+01 -1.9695763e+02      
9.0879974e+01 -1.9569563e+02      
9.0282511e+01 -1.9382828e+02      
8.9568084e+01 -1.9157984e+02      
8.8785690e+01 -1.8915503e+02      
7.7917702e+01 -1.9055939e+02      
7.6407271e+01 -1.9450234e+02      
7.4894314e+01 -1.9865693e+02      
7.3433590e+01 -2.0270303e+02      
7.2461376e+01 -2.0429910e+02      
7.1953359e+01 -2.0367819e+02      
7.1371139e+01 -2.0358762e+02      
7.0736622e+01 -2.0402052e+02      
7.0094904e+01 -2.0473001e+02      
6.9476504e+01 -2.0554596e+02      
6.8927569e+01 -2.0629101e+02      
6.8485949e+01 -2.0681159e+02      
6.8128396e+01 -2.0705928e+02      
6.7804096e+01 -2.0702262e+02      
6.7465676e+01 -2.0665366e+02      
6.7071652e+01 -2.0586871e+02      
6.6593072e+01 -2.0461207e+02      
6.6022468e+01 -2.0292357e+02      
6.5373229e+01 -2.0091937e+02      
6.4670583e+01 -1.9873631e+02      
