2.7153468e+01 2.3192540e+02      
2.6430553e+01 2.2952661e+02      
2.6066033e+01 2.2708445e+02      
2.6100293e+01 2.2464175e+02      
2.6602123e+01 2.2224328e+02      
2.7610191e+01 2.1993439e+02      
2.9086123e+01 2.1776171e+02      
3.0893914e+01 2.1577559e+02      
3.2824307e+01 2.1403267e+02      
3.4663235e+01 2.1259495e+02      
3.6245239e+01 2.1152117e+02      
3.7472570e+01 2.1085445e+02      
3.8320922e+01 2.1061266e+02      
3.8843393e+01 2.1078492e+02      
3.9172001e+01 2.1133496e+02      
3.9503235e+01 2.1221024e+02      
4.0046875e+01 2.1335235e+02      
4.0961434e+01 2.1470253e+02      
4.2337292e+01 2.1620172e+02      
4.4219244e+01 2.1778887e+02      
5.6939417e+01 2.2301263e+02      
5.6461392e+01 2.2057769e+02      
5.6231189e+01 2.1805713e+02      
5.6351909e+01 2.1549555e+02      
5.7011723e+01 2.1294062e+02      
5.8337451e+01 2.1043740e+02      
6.0323502e+01 2.0803085e+02      
6.2776243e+01 2.0577123e+02      
6.5328955e+01 2.0372259e+02      
6.7639975e+01 2.0197001e+02      
6.9479378e+01 2.0060202e+02      
7.0717539e+01 1.9968470e+02      
7.1317758e+01 1.9924546e+02      
7.1341829e+01 1.9926745e+02      
7.0969299e+01 1.9969502e+02      
7.0514985e+01 2.0045229e+02      
7.0338607e+01 2.0146579e+02      
7.0648810e+01 2.0267222e+02      
7.1509652e+01 2.0401197e+02      
7.2933147e+01 2.0542214e+02      
8.5554341e+01 2.1070277e+02      
8.5380688e+01 2.0823179e+02      
8.5179181e+01 2.0562805e+02      
8.5159389e+01 2.0293851e+02      
8.5835802e+01 2.0022357e+02      
8.7454220e+01 1.9752156e+02      
9.0100751e+01 1.9486998e+02      
9.3583542e+01 1.9231178e+02      
9.7064321e+01 1.8990061e+02      
1.0003676e+02 1.8776785e+02      
1.0223262e+02 1.8605863e+02      
1.0349948e+02 1.8487697e+02      
1.0378385e+02 1.8426477e+02      
1.0313490e+02 1.8419488e+02      
1.0174646e+02 1.8457361e+02      
1.0009706e+02 1.8527529e+02      
9.9010067e+01 1.8620574e+02      
9.8664632e+01 1.8730752e+02      
9.8990318e+01 1.8852925e+02      
9.9933530e+01 1.8980821e+02      
1.1253594e+02 1.9521037e+02      
1.1270425e+02 1.9269621e+02      
1.1240595e+02 1.9001359e+02      
1.1182515e+02 1.8719340e+02      
1.1235302e+02 1.8433288e+02      
1.1414899e+02 1.8143810e+02      
1.1740437e+02 1.7853382e+02      
1.2242264e+02 1.7565878e+02      
1.2715362e+02 1.7278521e+02      
1.3100333e+02 1.7016793e+02      
1.3367011e+02 1.6804774e+02      
1.3499977e+02 1.6658345e+02      
1.3492435e+02 1.6583624e+02      
1.3343239e+02 1.6576958e+02      
1.3069200e+02 1.6622835e+02      
1.2732083e+02 1.6695114e+02      
1.2536559e+02 1.6783456e+02      
1.2445892e+02 1.6886273e+02      
1.2429675e+02 1.7001001e+02      
1.2476743e+02 1.7121303e+02      
1.3615919e+02 1.7666411e+02      
1.3649457e+02 1.7408339e+02      
1.3617271e+02 1.7135817e+02      
1.3543026e+02 1.6852819e+02      
1.3586963e+02 1.6557025e+02      
1.3766321e+02 1.6250322e+02      
1.4088853e+02 1.5934201e+02      
1.4564321e+02 1.5606854e+02      
1.5159729e+02 1.5264697e+02      
1.5649054e+02 1.4944838e+02      
1.5973838e+02 1.4686536e+02      
1.6117804e+02 1.4512380e+02      
1.6077384e+02 1.4429744e+02      
1.5844005e+02 1.4434121e+02      
1.5426172e+02 1.4506185e+02      
1.5090049e+02 1.4584038e+02      
1.4876702e+02 1.4666546e+02      
1.4757275e+02 1.4762475e+02      
1.4702113e+02 1.4874596e+02      
1.4703503e+02 1.4994689e+02      
1.5598162e+02 1.5557294e+02      
1.5626510e+02 1.5293606e+02      
1.5602488e+02 1.5017491e+02      
1.5545248e+02 1.4733771e+02      
1.5592742e+02 1.4429933e+02      
1.5759807e+02 1.4109254e+02      
1.6050291e+02 1.3772808e+02      
1.6469463e+02 1.3417725e+02      
1.7009419e+02 1.3038873e+02      
1.7605202e+02 1.2647095e+02      
1.7987014e+02 1.2337759e+02      
1.8143859e+02 1.2136526e+02      
1.8077843e+02 1.2052966e+02      
1.7797111e+02 1.2076994e+02      
1.7372653e+02 1.2166155e+02      
1.7073155e+02 1.2237862e+02      
1.6889822e+02 1.2303910e+02      
1.6776686e+02 1.2386751e+02      
1.6686973e+02 1.2504846e+02      
1.6639571e+02 1.2636424e+02      
1.7185669e+02 1.3246467e+02      
1.7192795e+02 1.2981136e+02      
1.7182888e+02 1.2699476e+02      
1.7178551e+02 1.2403720e+02      
1.7235208e+02 1.2090898e+02      
1.7381461e+02 1.1760493e+02      
1.7628716e+02 1.1411820e+02      
1.7983321e+02 1.1041545e+02      
1.8452686e+02 1.0640854e+02      
1.9023291e+02 1.0205745e+02      
1.9428137e+02 9.8470954e+01      
1.9599967e+02 9.6164379e+01      
1.9517160e+02 9.5372598e+01      
1.9189159e+02 9.5994629e+01      
1.8882032e+02 9.6630187e+01      
1.8672646e+02 9.7031055e+01      
1.8559330e+02 9.7330286e+01      
1.8497453e+02 9.7853637e+01      
1.8359239e+02 9.9275249e+01      
1.8254233e+02 1.0087761e+02      
1.8486200e+02 1.0751976e+02      
1.8478841e+02 1.0484565e+02      
1.8468031e+02 1.0198249e+02      
1.8469579e+02 9.8960880e+01      
1.8514446e+02 9.5782269e+01      
1.8627138e+02 9.2437946e+01      
1.8821263e+02 8.8914641e+01      
1.9102366e+02 8.5189966e+01      
1.9469119e+02 8.1232122e+01      
1.9899496e+02 7.7060559e+01      
2.0322215e+02 7.2930941e+01      
2.0519091e+02 7.0246502e+01      
2.0450770e+02 6.9435471e+01      
2.0181235e+02 7.0040182e+01      
1.9979251e+02 7.0361943e+01      
1.9875041e+02 7.0293529e+01      
1.9851149e+02 7.0079544e+01      
1.9794219e+02 7.0597569e+01      
1.9675333e+02 7.1974014e+01      
1.9513711e+02 7.4004689e+01      
1.9486693e+02 8.1123066e+01      
1.9483132e+02 7.8407373e+01      
1.9451862e+02 7.5511515e+01      
1.9423819e+02 7.2477698e+01      
1.9431752e+02 6.9307561e+01      
1.9496147e+02 6.5988082e+01      
1.9628821e+02 6.2505594e+01      
1.9832699e+02 5.8852710e+01      
2.0100534e+02 5.5039169e+01      
2.0412131e+02 5.1114086e+01      
2.0727770e+02 4.7236109e+01      
2.0958615e+02 4.4021124e+01      
2.0890988e+02 4.3393135e+01      
2.0755088e+02 4.3460004e+01      
2.0660098e+02 4.3412086e+01      
2.0653186e+02 4.2864498e+01      
2.0653350e+02 4.2619030e+01      
2.0612637e+02 4.3120538e+01      
2.0513939e+02 4.4482493e+01      
2.0371180e+02 4.6495297e+01      
2.0155748e+02 5.3705845e+01      
2.0197439e+02 5.0904272e+01      
2.0119133e+02 4.7977533e+01      
2.0033956e+02 4.4984519e+01      
1.9984469e+02 4.1887126e+01      
1.9987696e+02 3.8659707e+01      
2.0053749e+02 3.5281828e+01      
2.0183863e+02 3.1752534e+01      
2.0368400e+02 2.8099477e+01      
2.0588947e+02 2.4382328e+01      
2.0822731e+02 2.0681841e+01      
2.1025407e+02 1.7341002e+01      
2.1003924e+02 1.6471772e+01      
2.0948963e+02 1.6362689e+01      
2.0916046e+02 1.6374897e+01      
2.0925939e+02 1.6176619e+01      
2.0966390e+02 1.5781410e+01      
2.0952109e+02 1.6209850e+01      
2.0868132e+02 1.7649596e+01      
2.0730321e+02 1.9812483e+01      
2.0440386e+02 2.5732787e+01      
2.0499615e+02 2.2754913e+01      
2.0439739e+02 1.9781019e+01      
2.0285436e+02 1.6896481e+01      
2.0169548e+02 1.3931516e+01      
2.0098908e+02 1.0875852e+01      
2.0096268e+02 7.6564243e+00      
2.0160547e+02 4.2794236e+00      
2.0277554e+02 7.8699215e-01      
2.0429165e+02 -2.7646007e+00      
2.0592744e+02 -6.2580364e+00      
2.0729280e+02 -9.2925044e+00      
2.0788434e+02 -1.1089525e+01      
2.0788676e+02 -1.1072268e+01      
2.0790936e+02 -1.0638522e+01      
2.0809473e+02 -1.0262103e+01      
2.0838938e+02 -1.0041623e+01      
2.0852794e+02 -9.7045289e+00      
2.0781683e+02 -8.1256491e+00      
2.0698592e+02 -6.4868578e+00      
2.0317823e+02 -2.2629593e+00      
2.0360411e+02 -5.4156613e+00      
2.0290599e+02 -8.4208797e+00      
2.0133122e+02 -1.1254083e+01      
1.9970533e+02 -1.4081700e+01      
1.9815301e+02 -1.6884993e+01      
1.9753800e+02 -1.9931400e+01      
1.9765656e+02 -2.3144939e+01      
1.9831277e+02 -2.6470795e+01      
1.9933624e+02 -2.9898853e+01      
2.0052900e+02 -3.3372919e+01      
2.0166399e+02 -3.6558205e+01      
2.0244830e+02 -3.8274190e+01      
2.0289841e+02 -3.8410349e+01      
2.0318449e+02 -3.7354454e+01      
2.0348566e+02 -3.6312325e+01      
2.0375019e+02 -3.5483715e+01      
2.0383145e+02 -3.4657637e+01      
2.0356166e+02 -3.3502971e+01      
2.0315798e+02 -3.2318323e+01      
1.9790784e+02 -2.9740349e+01      
1.9781713e+02 -3.2989149e+01      
1.9659564e+02 -3.5919264e+01      
1.9446079e+02 -3.8537576e+01      
1.9262239e+02 -4.1281483e+01      
1.9115511e+02 -4.4104549e+01      
1.9029212e+02 -4.7050531e+01      
1.9005043e+02 -5.0098950e+01      
1.9034597e+02 -5.3211626e+01      
1.9105966e+02 -5.6444872e+01      
1.9201460e+02 -5.9935331e+01      
1.9299778e+02 -6.2690823e+01      
1.9387521e+02 -6.4161970e+01      
1.9460852e+02 -6.4224045e+01      
1.9521083e+02 -6.3131906e+01      
1.9569054e+02 -6.1492378e+01      
1.9603697e+02 -6.0291626e+01      
1.9620737e+02 -5.9287138e+01      
1.9618664e+02 -5.8310891e+01      
1.9604894e+02 -5.7408370e+01      
1.8880952e+02 -5.6200485e+01      
1.8790617e+02 -5.9419979e+01      
1.8591063e+02 -6.2195551e+01      
1.8377983e+02 -6.4941569e+01      
1.8191935e+02 -6.7691426e+01      
1.8044472e+02 -7.0473860e+01      
1.7941867e+02 -7.3324126e+01      
1.7890201e+02 -7.6210483e+01      
1.7894433e+02 -7.9035408e+01      
1.7951930e+02 -8.1750138e+01      
1.8042641e+02 -8.4411237e+01      
1.8140408e+02 -8.6875727e+01      
1.8240098e+02 -8.8098421e+01      
1.8338031e+02 -8.7897950e+01      
1.8426532e+02 -8.6536004e+01      
1.8493197e+02 -8.5155081e+01      
1.8540513e+02 -8.3987685e+01      
1.8569878e+02 -8.2998693e+01      
1.8583216e+02 -8.2130448e+01      
1.8585113e+02 -8.1396633e+01      
1.7630762e+02 -8.1249161e+01      
1.7439067e+02 -8.4299431e+01      
1.7211575e+02 -8.7356662e+01      
1.6984542e+02 -9.0320443e+01      
1.6796865e+02 -9.3003067e+01      
1.6643290e+02 -9.5648061e+01      
1.6520379e+02 -9.8390628e+01      
1.6436395e+02 -1.0118239e+02      
1.6414256e+02 -1.0376504e+02      
1.6480263e+02 -1.0575593e+02      
1.6594054e+02 -1.0743304e+02      
1.6718524e+02 -1.0888599e+02      
1.6835518e+02 -1.0983394e+02      
1.6960207e+02 -1.0927858e+02      
1.7063899e+02 -1.0827116e+02      
1.7143941e+02 -1.0719164e+02      
1.7202574e+02 -1.0618592e+02      
1.7242319e+02 -1.0529351e+02      
1.7265954e+02 -1.0452619e+02      
1.7277062e+02 -1.0390776e+02      
1.6103492e+02 -1.0464401e+02      
1.5840279e+02 -1.0776837e+02      
1.5558447e+02 -1.1113233e+02      
1.5288509e+02 -1.1445550e+02      
1.5106225e+02 -1.1681476e+02      
1.4950358e+02 -1.1919028e+02      
1.4801033e+02 -1.2182833e+02      
1.4667931e+02 -1.2467161e+02      
1.4596842e+02 -1.2730842e+02      
1.4707088e+02 -1.2830332e+02      
1.4875227e+02 -1.2891392e+02      
1.5047823e+02 -1.2936620e+02      
1.5203832e+02 -1.2951220e+02      
1.5341931e+02 -1.2907535e+02      
1.5456016e+02 -1.2831367e+02      
1.5545206e+02 -1.2744746e+02      
1.5611846e+02 -1.2659024e+02      
1.5658697e+02 -1.2580393e+02      
1.5688607e+02 -1.2512594e+02      
1.5704561e+02 -1.2458962e+02      
1.4343616e+02 -1.2598105e+02      
1.4017199e+02 -1.2927325e+02      
1.3669856e+02 -1.3292729e+02      
1.3383189e+02 -1.3604869e+02      
1.3173133e+02 -1.3849246e+02      
1.3020793e+02 -1.4053394e+02      
1.2839802e+02 -1.4306965e+02      
1.2644036e+02 -1.4601400e+02      
1.2580015e+02 -1.4806061e+02      
1.2681884e+02 -1.4882123e+02      
1.2924611e+02 -1.4844791e+02      
1.3160430e+02 -1.4803901e+02      
1.3354016e+02 -1.4763293e+02      
1.3507604e+02 -1.4709881e+02      
1.3629151e+02 -1.4642197e+02      
1.3723495e+02 -1.4567281e+02      
1.3794317e+02 -1.4492085e+02      
1.3844712e+02 -1.4421929e+02      
1.3877421e+02 -1.4360917e+02      
1.3894947e+02 -1.4312633e+02      
1.2399064e+02 -1.4475314e+02      
1.2019473e+02 -1.4814625e+02      
1.1657701e+02 -1.5148169e+02      
1.1358529e+02 -1.5437758e+02      
1.1132998e+02 -1.5676157e+02      
1.0950264e+02 -1.5888653e+02      
1.0739692e+02 -1.6128853e+02      
1.0553406e+02 -1.6363968e+02      
1.0488653e+02 -1.6525047e+02      
1.0584889e+02 -1.6580332e+02      
1.0820987e+02 -1.6535276e+02      
1.1117339e+02 -1.6432105e+02      
1.1332350e+02 -1.6359079e+02      
1.1491431e+02 -1.6295171e+02      
1.1614031e+02 -1.6228822e+02      
1.1708425e+02 -1.6159734e+02      
1.1779256e+02 -1.6091045e+02      
1.1829692e+02 -1.6026515e+02      
1.1862180e+02 -1.5969745e+02      
1.1878736e+02 -1.5924107e+02      
1.0325630e+02 -1.6048399e+02      
9.9694040e+01 -1.6336382e+02      
9.5872632e+01 -1.6649230e+02      
9.2790366e+01 -1.6917065e+02      
9.0646938e+01 -1.7131195e+02      
8.9147055e+01 -1.7308444e+02      
8.7195660e+01 -1.7512273e+02      
8.4910860e+01 -1.7730766e+02      
8.4042667e+01 -1.7868918e+02      
8.5042531e+01 -1.7902879e+02      
8.7578430e+01 -1.7839281e+02      
8.9938089e+01 -1.7761918e+02      
9.1823811e+01 -1.7691935e+02      
9.3287642e+01 -1.7627128e+02      
9.4431258e+01 -1.7562340e+02      
9.5317349e+01 -1.7496641e+02      
9.5984052e+01 -1.7431695e+02      
9.6456861e+01 -1.7370225e+02      
9.6754422e+01 -1.7315246e+02      
9.6891059e+01 -1.7269767e+02      
8.1337554e+01 -1.7316972e+02      
7.8146139e+01 -1.7553936e+02      
7.4826691e+01 -1.7807517e+02      
7.1703091e+01 -1.8051503e+02      
6.9853349e+01 -1.8232910e+02      
6.8201634e+01 -1.8400991e+02      
6.6458440e+01 -1.8571168e+02      
6.4706377e+01 -1.8735257e+02      
6.3485053e+01 -1.8860686e+02      
6.4564178e+01 -1.8877464e+02      
6.6202056e+01 -1.8846968e+02      
6.7841894e+01 -1.8797218e+02      
6.9289117e+01 -1.8740829e+02      
7.0499859e+01 -1.8681488e+02      
7.1483931e+01 -1.8619825e+02      
7.2262034e+01 -1.8556636e+02      
7.2852052e+01 -1.8493626e+02      
7.3267625e+01 -1.8433140e+02      
7.3519000e+01 -1.8377802e+02      
7.3613725e+01 -1.8330293e+02      
