2.2356921e+01 2.4139158e+02      
2.0838773e+01 2.3951563e+02      
1.9785051e+01 2.3754596e+02      
1.9185663e+01 2.3551325e+02      
1.9019719e+01 2.3344701e+02      
1.9253696e+01 2.3137445e+02      
1.9838861e+01 2.2931906e+02      
2.0706705e+01 2.2729844e+02      
2.1770052e+01 2.2532525e+02      
2.2956310e+01 2.2342326e+02      
2.4259954e+01 2.2165266e+02      
2.5734678e+01 2.2010898e+02      
2.7427267e+01 2.1889556e+02      
2.9338696e+01 2.1810469e+02      
3.1431083e+01 2.1781082e+02      
3.3657002e+01 2.1805834e+02      
3.6002785e+01 2.1883697e+02      
3.8506420e+01 2.2006107e+02      
4.1181063e+01 2.2152480e+02      
4.3944800e+01 2.2287930e+02      
5.1259018e+01 2.3201488e+02      
4.9924656e+01 2.3012686e+02      
4.9073704e+01 2.2811481e+02      
4.8698719e+01 2.2601050e+02      
4.8779647e+01 2.2384439e+02      
4.9281716e+01 2.2164427e+02      
5.0153268e+01 2.1943346e+02      
5.1312921e+01 2.1722464e+02      
5.2608287e+01 2.1500189e+02      
5.3861854e+01 2.1274308e+02      
5.5082124e+01 2.1051774e+02      
5.6450682e+01 2.0848583e+02      
5.8083985e+01 2.0680020e+02      
5.9970650e+01 2.0558444e+02      
6.2022011e+01 2.0495203e+02      
6.4112491e+01 2.0500278e+02      
6.6186730e+01 2.0576555e+02      
6.8378712e+01 2.0715083e+02      
7.0814536e+01 2.0894973e+02      
7.3107316e+01 2.1029359e+02      
7.8870760e+01 2.1912983e+02      
7.7738323e+01 2.1722749e+02      
7.7110538e+01 2.1517299e+02      
7.6985516e+01 2.1299970e+02      
7.7346517e+01 2.1073994e+02      
7.8159227e+01 2.0842319e+02      
7.9376070e+01 2.0607558e+02      
8.0957215e+01 2.0372765e+02      
8.2700951e+01 2.0134018e+02      
8.3991478e+01 1.9869025e+02      
8.4863541e+01 1.9585880e+02      
8.5988351e+01 1.9321958e+02      
8.7558995e+01 1.9096938e+02      
8.9483898e+01 1.8923458e+02      
9.1599769e+01 1.8816641e+02      
9.3620614e+01 1.8796886e+02      
9.5214243e+01 1.8882754e+02      
9.6841909e+01 1.9046201e+02      
9.8778431e+01 1.9249734e+02      
1.0048941e+02 1.9394178e+02      
1.0474112e+02 2.0296929e+02      
1.0381927e+02 2.0104937e+02      
1.0342567e+02 1.9895137e+02      
1.0356871e+02 1.9671093e+02      
1.0423860e+02 1.9436343e+02      
1.0540065e+02 1.9194189e+02      
1.0698356e+02 1.8946507e+02      
1.0899159e+02 1.8697602e+02      
1.1162383e+02 1.8460989e+02      
1.1289531e+02 1.8153172e+02      
1.1287601e+02 1.7784313e+02      
1.1369671e+02 1.7451198e+02      
1.1528919e+02 1.7161409e+02      
1.1738333e+02 1.6923590e+02      
1.1974008e+02 1.6757799e+02      
1.2194368e+02 1.6697932e+02      
1.2261636e+02 1.6818339e+02      
1.2332787e+02 1.7024540e+02      
1.2450329e+02 1.7258659e+02      
1.2553802e+02 1.7425339e+02      
1.2844800e+02 1.8381586e+02      
1.2773229e+02 1.8187397e+02      
1.2756918e+02 1.7972989e+02      
1.2798634e+02 1.7742202e+02      
1.2899021e+02 1.7499051e+02      
1.3053359e+02 1.7247159e+02      
1.3246331e+02 1.6986879e+02      
1.3432048e+02 1.6700474e+02      
1.3680422e+02 1.6415725e+02      
1.3797615e+02 1.6064536e+02      
1.3793810e+02 1.5654813e+02      
1.3887372e+02 1.5264581e+02      
1.4070522e+02 1.4904437e+02      
1.4312548e+02 1.4588499e+02      
1.4574683e+02 1.4355260e+02      
1.4729834e+02 1.4303189e+02      
1.4764069e+02 1.4431143e+02      
1.4720283e+02 1.4700591e+02      
1.4736577e+02 1.4978918e+02      
1.4768217e+02 1.5177626e+02      
1.4960769e+02 1.6199763e+02      
1.4907657e+02 1.6002841e+02      
1.4911599e+02 1.5783368e+02      
1.4979060e+02 1.5545470e+02      
1.5113829e+02 1.5293488e+02      
1.5304012e+02 1.5029964e+02      
1.5482805e+02 1.4739500e+02      
1.5638520e+02 1.4419239e+02      
1.5763883e+02 1.4066960e+02      
1.5862736e+02 1.3675767e+02      
1.5952114e+02 1.3247446e+02      
1.6100311e+02 1.2808846e+02      
1.6326740e+02 1.2375658e+02      
1.6612104e+02 1.1969250e+02      
1.6801359e+02 1.1745645e+02      
1.6879134e+02 1.1723591e+02      
1.6858639e+02 1.1879682e+02      
1.6769907e+02 1.2163911e+02      
1.6667545e+02 1.2487557e+02      
1.6638141e+02 1.2713202e+02      
1.6788634e+02 1.3788325e+02      
1.6750047e+02 1.3588123e+02      
1.6767635e+02 1.3362964e+02      
1.6851720e+02 1.3116999e+02      
1.7014815e+02 1.2854296e+02      
1.7194506e+02 1.2567096e+02      
1.7354863e+02 1.2251800e+02      
1.7480785e+02 1.1905616e+02      
1.7571868e+02 1.1523520e+02      
1.7649432e+02 1.1099833e+02      
1.7781949e+02 1.0636663e+02      
1.7980865e+02 1.0142973e+02      
1.8245008e+02 9.6444721e+01      
1.8527217e+02 9.2063642e+01      
1.8625985e+02 9.0159731e+01      
1.8612245e+02 9.0518964e+01      
1.8513891e+02 9.2727325e+01      
1.8357632e+02 9.6098009e+01      
1.8242104e+02 9.9031307e+01      
1.8186668e+02 1.0121803e+02      
1.8301190e+02 1.1187629e+02      
1.8272455e+02 1.0983776e+02      
1.8294740e+02 1.0752539e+02      
1.8373156e+02 1.0497011e+02      
1.8509403e+02 1.0218554e+02      
1.8688345e+02 9.9144409e+01      
1.8836468e+02 9.5833129e+01      
1.8936564e+02 9.2246919e+01      
1.9000374e+02 8.8311019e+01      
1.9100613e+02 8.3900414e+01      
1.9263879e+02 7.8902727e+01      
1.9503885e+02 7.3302237e+01      
1.9801002e+02 6.7580795e+01      
1.9995137e+02 6.3753772e+01      
2.0038212e+02 6.2383556e+01      
1.9930469e+02 6.3551802e+01      
1.9746480e+02 6.6731325e+01      
1.9581516e+02 6.9861244e+01      
1.9462252e+02 7.2447964e+01      
1.9393413e+02 7.4415768e+01      
1.9478046e+02 8.4408141e+01      
1.9455613e+02 8.2332770e+01      
1.9477016e+02 7.9963847e+01      
1.9542536e+02 7.7329287e+01      
1.9648796e+02 7.4447415e+01      
1.9784718e+02 7.1317996e+01      
1.9924148e+02 6.7931987e+01      
1.9997770e+02 6.4366099e+01      
2.0074614e+02 6.0450933e+01      
2.0185176e+02 5.6056855e+01      
2.0357755e+02 5.0922878e+01      
2.0620021e+02 4.4723850e+01      
2.0848927e+02 3.9350931e+01      
2.0976018e+02 3.5993385e+01      
2.0971613e+02 3.5177670e+01      
2.0837539e+02 3.6857172e+01      
2.0616643e+02 4.0292080e+01      
2.0446151e+02 4.3127863e+01      
2.0324099e+02 4.5348001e+01      
2.0244940e+02 4.7037846e+01      
2.0305295e+02 5.5929975e+01      
2.0287586e+02 5.3820096e+01      
2.0307118e+02 5.1402957e+01      
2.0361603e+02 4.8710512e+01      
2.0444805e+02 4.5776583e+01      
2.0545227e+02 4.2633754e+01      
2.0643824e+02 3.9312681e+01      
2.0720819e+02 3.5827439e+01      
2.0796555e+02 3.2096606e+01      
2.0892894e+02 2.8001491e+01      
2.1027636e+02 2.3387164e+01      
2.1206102e+02 1.8185093e+01      
2.1395565e+02 1.2821607e+01      
2.1479325e+02 9.6808377e+00      
2.1434772e+02 9.4021785e+00      
2.1271966e+02 1.1628078e+01      
2.1095636e+02 1.4097948e+01      
2.0942657e+02 1.6279840e+01      
2.0822465e+02 1.8056492e+01      
2.0735478e+02 1.9424006e+01      
2.0774684e+02 2.6904945e+01      
2.0761634e+02 2.4764306e+01      
2.0781001e+02 2.2305261e+01      
2.0829556e+02 1.9563246e+01      
2.0899858e+02 1.6589916e+01      
2.0979487e+02 1.3457876e+01      
2.1053699e+02 1.0241244e+01      
2.1114657e+02 6.9682324e+00      
2.1169329e+02 3.5908269e+00      
2.1231641e+02 1.8170556e-02      
2.1311815e+02 -3.8136478e+00      
2.1409014e+02 -7.8597826e+00      
2.1504443e+02 -1.1834716e+01      
2.1555617e+02 -1.4928006e+01      
2.1479428e+02 -1.4704394e+01      
2.1351693e+02 -1.3453240e+01      
2.1209936e+02 -1.1917560e+01      
2.1075397e+02 -1.0418838e+01      
2.0958874e+02 -9.1132831e+00      
2.0865319e+02 -8.0816858e+00      
2.0882932e+02 -2.1990037e+00      
2.0875027e+02 -4.3639541e+00      
2.0896884e+02 -6.8597428e+00      
2.0945948e+02 -9.6580573e+00      
2.1014973e+02 -1.2699119e+01      
2.1088766e+02 -1.5853998e+01      
2.1147729e+02 -1.8951158e+01      
2.1182293e+02 -2.1904705e+01      
2.1199470e+02 -2.4772640e+01      
2.1215408e+02 -2.7689105e+01      
2.1239678e+02 -3.0708916e+01      
2.1269542e+02 -3.3736421e+01      
2.1291157e+02 -3.6505118e+01      
2.1279887e+02 -3.8463122e+01      
2.1210662e+02 -3.8935279e+01      
2.1103674e+02 -3.8509844e+01      
2.0980589e+02 -3.7688926e+01      
2.0856374e+02 -3.6747815e+01      
2.0740985e+02 -3.5860999e+01      
2.0640350e+02 -3.5137991e+01      
2.0631449e+02 -3.0917394e+01      
2.0628675e+02 -3.3092622e+01      
2.0654902e+02 -3.5610131e+01      
2.0710229e+02 -3.8472281e+01      
2.0792006e+02 -4.1660339e+01      
2.0882112e+02 -4.4993369e+01      
2.0935202e+02 -4.8014059e+01      
2.0934924e+02 -5.0536558e+01      
2.0894285e+02 -5.2677017e+01      
2.0853682e+02 -5.4830528e+01      
2.0824678e+02 -5.7083798e+01      
2.0800919e+02 -5.9305144e+01      
2.0770664e+02 -6.1262737e+01      
2.0720189e+02 -6.2660006e+01      
2.0641118e+02 -6.3308458e+01      
2.0537659e+02 -6.3329589e+01      
2.0420155e+02 -6.2968418e+01      
2.0298500e+02 -6.2431749e+01      
2.0180399e+02 -6.1872884e+01      
2.0071190e+02 -6.1401840e+01      
2.0026406e+02 -5.8801670e+01      
2.0027424e+02 -6.0959469e+01      
2.0057404e+02 -6.3452546e+01      
2.0119699e+02 -6.6337826e+01      
2.0222202e+02 -6.9718876e+01      
2.0363251e+02 -7.3553144e+01      
2.0418274e+02 -7.6561098e+01      
2.0377814e+02 -7.8566397e+01      
2.0248732e+02 -7.9629150e+01      
2.0149256e+02 -8.0981611e+01      
2.0074782e+02 -8.2573658e+01      
2.0009842e+02 -8.4186555e+01      
1.9942913e+02 -8.5619199e+01      
1.9864830e+02 -8.6694387e+01      
1.9770652e+02 -8.7317754e+01      
1.9661128e+02 -8.7521101e+01      
1.9540980e+02 -8.7419336e+01      
1.9416112e+02 -8.7144648e+01      
1.9291916e+02 -8.6814952e+01      
1.9172601e+02 -8.6526326e+01      
1.9078963e+02 -8.5439781e+01      
1.9081004e+02 -8.7537746e+01      
1.9111510e+02 -8.9907797e+01      
1.9173551e+02 -9.2674971e+01      
1.9276566e+02 -9.6025870e+01      
1.9416582e+02 -9.9934887e+01      
1.9461307e+02 -1.0280087e+02      
1.9397187e+02 -1.0440225e+02      
1.9235887e+02 -1.0482841e+02      
1.9103607e+02 -1.0562624e+02      
1.8998785e+02 -1.0673974e+02      
1.8905046e+02 -1.0792049e+02      
1.8812046e+02 -1.0899377e+02      
1.8712893e+02 -1.0983517e+02      
1.8603943e+02 -1.1038097e+02      
1.8484849e+02 -1.1063630e+02      
1.8357799e+02 -1.1065918e+02      
1.8226216e+02 -1.1053235e+02      
1.8093676e+02 -1.1034160e+02      
1.7963257e+02 -1.1016516e+02      
1.7804844e+02 -1.1049449e+02      
1.7804546e+02 -1.1248441e+02      
1.7833454e+02 -1.1455126e+02      
1.7886103e+02 -1.1698579e+02      
1.7965862e+02 -1.1996965e+02      
1.8067955e+02 -1.2347336e+02      
1.8089198e+02 -1.2600969e+02      
1.8019047e+02 -1.2740716e+02      
1.7866775e+02 -1.2770429e+02      
1.7730913e+02 -1.2831235e+02      
1.7612564e+02 -1.2916348e+02      
1.7501470e+02 -1.3006468e+02      
1.7390761e+02 -1.3088852e+02      
1.7275789e+02 -1.3154857e+02      
1.7153985e+02 -1.3199989e+02      
1.7024784e+02 -1.3223991e+02      
1.6889235e+02 -1.3230096e+02      
1.6749347e+02 -1.3223675e+02      
1.6607444e+02 -1.3210949e+02      
1.6465678e+02 -1.3198115e+02      
1.6227292e+02 -1.3361685e+02      
1.6221863e+02 -1.3545972e+02      
1.6252804e+02 -1.3696126e+02      
1.6290626e+02 -1.3891895e+02      
1.6333154e+02 -1.4128458e+02      
1.6367760e+02 -1.4377747e+02      
1.6358891e+02 -1.4582963e+02      
1.6293585e+02 -1.4720921e+02      
1.6183358e+02 -1.4803206e+02      
1.6061886e+02 -1.4875443e+02      
1.5941438e+02 -1.4950617e+02      
1.5821466e+02 -1.5023832e+02      
1.5699434e+02 -1.5088653e+02      
1.5573018e+02 -1.5140002e+02      
1.5440778e+02 -1.5175093e+02      
1.5302348e+02 -1.5193716e+02      
1.5158322e+02 -1.5197960e+02      
1.5009941e+02 -1.5191555e+02      
1.4858723e+02 -1.5179125e+02      
1.4706136e+02 -1.5165581e+02      
1.4403260e+02 -1.5368181e+02      
1.4391652e+02 -1.5535660e+02      
1.4413257e+02 -1.5663180e+02      
1.4431331e+02 -1.5825248e+02      
1.4442272e+02 -1.6012635e+02      
1.4438428e+02 -1.6202270e+02      
1.4407025e+02 -1.6369613e+02      
1.4341763e+02 -1.6501073e+02      
1.4247745e+02 -1.6600054e+02      
1.4136908e+02 -1.6680257e+02      
1.4017883e+02 -1.6750664e+02      
1.3893720e+02 -1.6812560e+02      
1.3764706e+02 -1.6864002e+02      
1.3630307e+02 -1.6902709e+02      
1.3490061e+02 -1.6927364e+02      
1.3343941e+02 -1.6938113e+02      
1.3192411e+02 -1.6936578e+02      
1.3036312e+02 -1.6925571e+02      
1.2876661e+02 -1.6908671e+02      
1.2714454e+02 -1.6889828e+02      
1.2376205e+02 -1.7046141e+02      
1.2358608e+02 -1.7196660e+02      
1.2354090e+02 -1.7335892e+02      
1.2349387e+02 -1.7483555e+02      
1.2336751e+02 -1.7640525e+02      
1.2310158e+02 -1.7795679e+02      
1.2263492e+02 -1.7936598e+02      
1.2193751e+02 -1.8055503e+02      
1.2102832e+02 -1.8151881e+02      
1.1995837e+02 -1.8230039e+02      
1.1877668e+02 -1.8294212e+02      
1.1751286e+02 -1.8346187e+02      
1.1617997e+02 -1.8385910e+02      
1.1478253e+02 -1.8412755e+02      
1.1332250e+02 -1.8426434e+02      
1.1180260e+02 -1.8427466e+02      
1.1022747e+02 -1.8417303e+02      
1.0860343e+02 -1.8398228e+02      
1.0693764e+02 -1.8373133e+02      
1.0523678e+02 -1.8345265e+02      
1.0145875e+02 -1.8450900e+02      
1.0122888e+02 -1.8585640e+02      
1.0102619e+02 -1.8719672e+02      
1.0080176e+02 -1.8855149e+02      
1.0050190e+02 -1.8991412e+02      
1.0008083e+02 -1.9123126e+02      
9.9502326e+01 -1.9243647e+02      
9.8748899e+01 -1.9348160e+02      
9.7827094e+01 -1.9435087e+02      
9.6760809e+01 -1.9505376e+02      
9.5577850e+01 -1.9560703e+02      
9.4300264e+01 -1.9602221e+02      
9.2942168e+01 -1.9630372e+02      
9.1511885e+01 -1.9645293e+02      
9.0014821e+01 -1.9647282e+02      
8.8455572e+01 -1.9637113e+02      
8.6838964e+01 -1.9616164e+02      
8.5170225e+01 -1.9586393e+02      
8.3454568e+01 -1.9550224e+02      
8.1696508e+01 -1.9510384e+02      
