1.1501119e+01 2.3356468e+02      
1.0906059e+01 2.3014367e+02      
1.0792869e+01 2.2672959e+02      
1.1087243e+01 2.2338534e+02      
1.1706985e+01 2.2018454e+02      
1.2503608e+01 2.1718197e+02      
1.3282314e+01 2.1440173e+02      
1.4223560e+01 2.1196971e+02      
1.5400374e+01 2.0996551e+02      
1.6738935e+01 2.0842789e+02      
1.8113478e+01 2.0738560e+02      
1.9405977e+01 2.0686114e+02      
2.0535723e+01 2.0686412e+02      
2.1473104e+01 2.0738467e+02      
2.2248841e+01 2.0839186e+02      
2.2960395e+01 2.0983766e+02      
2.3764995e+01 2.1166447e+02      
2.4841330e+01 2.1380972e+02      
2.6336824e+01 2.1620517e+02      
2.8349151e+01 2.1877650e+02      
4.0689386e+01 2.2290040e+02      
4.0588878e+01 2.1935308e+02      
4.0972999e+01 2.1576004e+02      
4.1765356e+01 2.1218749e+02      
4.2904778e+01 2.0873875e+02      
4.4216505e+01 2.0550277e+02      
4.4994888e+01 2.0234795e+02      
4.6040283e+01 1.9959561e+02      
4.7482655e+01 1.9731225e+02      
4.9141209e+01 1.9551188e+02      
5.0772039e+01 1.9422055e+02      
5.2183270e+01 1.9347403e+02      
5.3249503e+01 1.9329381e+02      
5.3915047e+01 1.9367264e+02      
5.4202888e+01 1.9457108e+02      
5.4236313e+01 1.9592503e+02      
5.4260567e+01 1.9766483e+02      
5.4576357e+01 1.9972659e+02      
5.5382386e+01 2.0203924e+02      
5.6769214e+01 2.0452210e+02      
6.8643448e+01 2.0879750e+02      
6.9153732e+01 2.0514957e+02      
7.0106481e+01 2.0137060e+02      
7.1408861e+01 1.9751417e+02      
7.3014234e+01 1.9372768e+02      
7.4351833e+01 1.9006641e+02      
7.5473225e+01 1.8663969e+02      
7.6661444e+01 1.8359325e+02      
7.8600854e+01 1.8106641e+02      
8.0806217e+01 1.7900255e+02      
8.2860249e+01 1.7744231e+02      
8.4493161e+01 1.7646175e+02      
8.5535838e+01 1.7610785e+02      
8.5899876e+01 1.7637944e+02      
8.5577604e+01 1.7722240e+02      
8.4683402e+01 1.7853623e+02      
8.3581008e+01 1.8022013e+02      
8.2942422e+01 1.8223743e+02      
8.2967739e+01 1.8451235e+02      
8.3666483e+01 1.8695209e+02      
9.4853154e+01 1.9150417e+02      
9.6221507e+01 1.8785330e+02      
9.7777909e+01 1.8389762e+02      
9.9420568e+01 1.7964978e+02      
1.0065716e+02 1.7527922e+02      
1.0183727e+02 1.7113964e+02      
1.0315287e+02 1.6739886e+02      
1.0492769e+02 1.6414468e+02      
1.0779098e+02 1.6145196e+02      
1.1087496e+02 1.5909071e+02      
1.1358560e+02 1.5721166e+02      
1.1557779e+02 1.5596871e+02      
1.1666684e+02 1.5545011e+02      
1.1673814e+02 1.5566464e+02      
1.1570848e+02 1.5654012e+02      
1.1363154e+02 1.5791557e+02      
1.1095580e+02 1.5957866e+02      
1.0932692e+02 1.6161326e+02      
1.0857262e+02 1.6390749e+02      
1.0856450e+02 1.6635653e+02      
1.1858533e+02 1.7120613e+02      
1.2125589e+02 1.6773756e+02      
1.2325167e+02 1.6359475e+02      
1.2448818e+02 1.5888845e+02      
1.2491538e+02 1.5374951e+02      
1.2586078e+02 1.4912009e+02      
1.2716852e+02 1.4507317e+02      
1.2893251e+02 1.4156876e+02      
1.3196097e+02 1.3847138e+02      
1.3614652e+02 1.3572893e+02      
1.3973463e+02 1.3346404e+02      
1.4222242e+02 1.3193240e+02      
1.4343975e+02 1.3127018e+02      
1.4330045e+02 1.3149370e+02      
1.4163397e+02 1.3251544e+02      
1.3833730e+02 1.3413203e+02      
1.3537280e+02 1.3602956e+02      
1.3316665e+02 1.3818454e+02      
1.3173072e+02 1.4056034e+02      
1.3103064e+02 1.4307494e+02      
1.3871440e+02 1.4796921e+02      
1.4153462e+02 1.4413560e+02      
1.4356719e+02 1.3968375e+02      
1.4467817e+02 1.3470489e+02      
1.4486262e+02 1.2939203e+02      
1.4599523e+02 1.2444593e+02      
1.4729286e+02 1.2017389e+02      
1.4932960e+02 1.1634202e+02      
1.5233517e+02 1.1290007e+02      
1.5633214e+02 1.0978961e+02      
1.6086138e+02 1.0702541e+02      
1.6386333e+02 1.0517671e+02      
1.6525834e+02 1.0439162e+02      
1.6504021e+02 1.0470293e+02      
1.6318599e+02 1.0600278e+02      
1.5991901e+02 1.0795904e+02      
1.5680336e+02 1.1005202e+02      
1.5414308e+02 1.1234805e+02      
1.5208070e+02 1.1485304e+02      
1.5069494e+02 1.1749019e+02      
1.5494369e+02 1.2227601e+02      
1.5675728e+02 1.1780965e+02      
1.5851739e+02 1.1297903e+02      
1.5990393e+02 1.0783106e+02      
1.6103351e+02 1.0257531e+02      
1.6243920e+02 9.7555188e+01      
1.6415328e+02 9.2990438e+01      
1.6636381e+02 8.8885055e+01      
1.6922816e+02 8.5211111e+01      
1.7288386e+02 8.1881719e+01      
1.7731245e+02 7.8796771e+01      
1.8054051e+02 7.6650659e+01      
1.8212402e+02 7.5742817e+01      
1.8194017e+02 7.6192572e+01      
1.8009063e+02 7.7918854e+01      
1.7839354e+02 7.9974812e+01      
1.7525095e+02 8.2096876e+01      
1.7208378e+02 8.4518221e+01      
1.6935036e+02 8.7196462e+01      
1.6724693e+02 9.0019976e+01      
1.6781904e+02 9.4825238e+01      
1.6918484e+02 8.9896750e+01      
1.7081688e+02 8.4683542e+01      
1.7249046e+02 7.9279789e+01      
1.7416364e+02 7.3871994e+01      
1.7593133e+02 6.8684529e+01      
1.7788592e+02 6.3890061e+01      
1.8011519e+02 5.9583537e+01      
1.8268868e+02 5.5807658e+01      
1.8567004e+02 5.2528557e+01      
1.8900825e+02 4.9668316e+01      
1.9231991e+02 4.7249511e+01      
1.9409704e+02 4.6190478e+01      
1.9415168e+02 4.6725910e+01      
1.9305635e+02 4.8501526e+01      
1.9259964e+02 5.0368183e+01      
1.9048226e+02 5.2518356e+01      
1.8680755e+02 5.5091604e+01      
1.8330968e+02 5.8015687e+01      
1.8041583e+02 6.1110863e+01      
1.7744463e+02 6.6177665e+01      
1.7869872e+02 6.0864416e+01      
1.8040950e+02 5.5257804e+01      
1.8238736e+02 4.9489390e+01      
1.8443490e+02 4.3771095e+01      
1.8646628e+02 3.8320769e+01      
1.8852601e+02 3.3290227e+01      
1.9068301e+02 2.8795439e+01      
1.9285167e+02 2.5014817e+01      
1.9506795e+02 2.1951524e+01      
1.9731379e+02 1.9537823e+01      
1.9951056e+02 1.7664864e+01      
2.0141024e+02 1.6407822e+01      
2.0151361e+02 1.7167526e+01      
2.0164444e+02 1.8406139e+01      
2.0221926e+02 1.9795900e+01      
2.0097372e+02 2.1814638e+01      
1.9794186e+02 2.4494572e+01      
1.9370597e+02 2.7758712e+01      
1.8994971e+02 3.1239425e+01      
1.8366082e+02 3.6842670e+01      
1.8492842e+02 3.1175440e+01      
1.8687756e+02 2.5138689e+01      
1.8936243e+02 1.8866578e+01      
1.9183202e+02 1.2698743e+01      
1.9404519e+02 6.9175742e+00      
1.9602714e+02 1.6702438e+00      
1.9802295e+02 -3.0363830e+00      
1.9963405e+02 -6.7025776e+00      
2.0107650e+02 -9.4302413e+00      
2.0230113e+02 -1.1260360e+01      
2.0322195e+02 -1.2290914e+01      
2.0464645e+02 -1.3290581e+01      
2.0514417e+02 -1.2688897e+01      
2.0608912e+02 -1.1993576e+01      
2.0716328e+02 -1.1056787e+01      
2.0637946e+02 -9.1812087e+00      
2.0388983e+02 -6.4585953e+00      
2.0011337e+02 -3.0339170e+00      
1.9556914e+02 9.3207607e-01      
1.8630218e+02 7.3414521e+00      
1.8755447e+02 1.3695700e+00      
1.8971381e+02 -5.0801020e+00      
1.9301623e+02 -1.2018123e+01      
1.9601461e+02 -1.8790078e+01      
1.9837190e+02 -2.4964194e+01      
1.9995104e+02 -3.0261883e+01      
2.0073428e+02 -3.4566176e+01      
2.0150420e+02 -3.7829133e+01      
2.0222258e+02 -4.0109233e+01      
2.0270308e+02 -4.1384404e+01      
2.0285065e+02 -4.1689385e+01      
2.0360249e+02 -4.2026945e+01      
2.0476345e+02 -4.2128521e+01      
2.0658664e+02 -4.2237162e+01      
2.0734260e+02 -4.1433951e+01      
2.0654709e+02 -3.9569431e+01      
2.0431714e+02 -3.6780305e+01      
2.0097707e+02 -3.3261383e+01      
1.9683957e+02 -2.9155567e+01      
1.8528182e+02 -2.1806977e+01      
1.8636848e+02 -2.7998396e+01      
1.8826797e+02 -3.4674144e+01      
1.9105053e+02 -4.1801012e+01      
1.9447000e+02 -4.9209147e+01      
1.9699723e+02 -5.5820655e+01      
1.9825287e+02 -6.1065911e+01      
1.9824296e+02 -6.4771853e+01      
1.9829092e+02 -6.7426787e+01      
1.9844665e+02 -6.9203351e+01      
1.9850576e+02 -7.0079918e+01      
1.9838274e+02 -7.0069575e+01      
1.9890443e+02 -7.0244164e+01      
2.0012890e+02 -7.0617242e+01      
2.0195373e+02 -7.1111061e+01      
2.0242833e+02 -7.0380636e+01      
2.0141618e+02 -6.8423744e+01      
1.9913749e+02 -6.5451839e+01      
1.9607917e+02 -6.1861527e+01      
1.9241910e+02 -5.7749013e+01      
1.8064270e+02 -5.0110025e+01      
1.8143707e+02 -5.6443156e+01      
1.8287808e+02 -6.3244649e+01      
1.8495791e+02 -7.0427980e+01      
1.8754046e+02 -7.7811587e+01      
1.9020074e+02 -8.4960440e+01      
1.9134380e+02 -9.0227402e+01      
1.9075960e+02 -9.3024193e+01      
1.9032236e+02 -9.4926910e+01      
1.9011194e+02 -9.6160298e+01      
1.8999262e+02 -9.6782650e+01      
1.9000752e+02 -9.6994162e+01      
1.9044697e+02 -9.7236498e+01      
1.9139550e+02 -9.7637658e+01      
1.9255707e+02 -9.7936052e+01      
1.9253244e+02 -9.7038894e+01      
1.9123232e+02 -9.4967765e+01      
1.8861801e+02 -9.1667425e+01      
1.8581945e+02 -8.8123222e+01      
1.8282209e+02 -8.4244614e+01      
1.7254027e+02 -7.7103523e+01      
1.7298896e+02 -8.3523570e+01      
1.7394749e+02 -9.0423997e+01      
1.7536825e+02 -9.7693126e+01      
1.7712577e+02 -1.0509963e+02      
1.7894821e+02 -1.1217906e+02      
1.8021748e+02 -1.1791453e+02      
1.7958866e+02 -1.2019226e+02      
1.7893747e+02 -1.2134432e+02      
1.7849702e+02 -1.2194453e+02      
1.7822036e+02 -1.2218400e+02      
1.7814445e+02 -1.2226543e+02      
1.7840399e+02 -1.2244426e+02      
1.7904992e+02 -1.2285121e+02      
1.7883264e+02 -1.2205866e+02      
1.7819239e+02 -1.2085396e+02      
1.7684415e+02 -1.1896413e+02      
1.7480484e+02 -1.1630243e+02      
1.7248390e+02 -1.1311100e+02      
1.7008736e+02 -1.0948013e+02      
1.6119859e+02 -1.0234267e+02      
1.6129334e+02 -1.0879722e+02      
1.6179569e+02 -1.1578823e+02      
1.6265573e+02 -1.2324553e+02      
1.6377259e+02 -1.3096345e+02      
1.6495981e+02 -1.3842157e+02      
1.6579887e+02 -1.4441602e+02      
1.6526754e+02 -1.4617262e+02      
1.6452892e+02 -1.4640222e+02      
1.6391365e+02 -1.4616221e+02      
1.6345220e+02 -1.4582511e+02      
1.6314886e+02 -1.4552429e+02      
1.6300465e+02 -1.4530530e+02      
1.6286914e+02 -1.4502423e+02      
1.6234338e+02 -1.4426527e+02      
1.6143785e+02 -1.4314081e+02      
1.6011602e+02 -1.4161660e+02      
1.5841667e+02 -1.3954702e+02      
1.5651201e+02 -1.3678050e+02      
1.5458029e+02 -1.3329445e+02      
1.4688514e+02 -1.2540386e+02      
1.4663855e+02 -1.3181209e+02      
1.4672358e+02 -1.3883774e+02      
1.4710657e+02 -1.4654786e+02      
1.4773000e+02 -1.5487903e+02      
1.4846589e+02 -1.6314636e+02      
1.4869464e+02 -1.6860169e+02      
1.4824584e+02 -1.7053324e+02      
1.4736326e+02 -1.6948046e+02      
1.4658937e+02 -1.6813972e+02      
1.4594703e+02 -1.6711626e+02      
1.4540562e+02 -1.6638922e+02      
1.4491300e+02 -1.6580429e+02      
1.4435877e+02 -1.6520484e+02      
1.4360259e+02 -1.6445949e+02      
1.4257603e+02 -1.6356394e+02      
1.4126657e+02 -1.6256922e+02      
1.3972518e+02 -1.6130821e+02      
1.3808989e+02 -1.5905516e+02      
1.3651045e+02 -1.5553518e+02      
1.2990191e+02 -1.4590455e+02      
1.2933431e+02 -1.5213690e+02      
1.2903453e+02 -1.5901304e+02      
1.2898319e+02 -1.6676299e+02      
1.2914644e+02 -1.7568943e+02      
1.2919442e+02 -1.8344202e+02      
1.2897055e+02 -1.8853113e+02      
1.2844168e+02 -1.9039093e+02      
1.2767882e+02 -1.8941888e+02      
1.2681545e+02 -1.8698796e+02      
1.2603434e+02 -1.8547565e+02      
1.2530666e+02 -1.8448469e+02      
1.2458215e+02 -1.8369477e+02      
1.2379348e+02 -1.8295793e+02      
1.2286778e+02 -1.8221134e+02      
1.2175497e+02 -1.8149433e+02      
1.2043711e+02 -1.8102075e+02      
1.1894090e+02 -1.8105536e+02      
1.1743960e+02 -1.7953209e+02      
1.1614057e+02 -1.7586831e+02      
1.1058238e+02 -1.6353501e+02      
1.0971905e+02 -1.6943671e+02      
1.0906416e+02 -1.7588168e+02      
1.0858199e+02 -1.8294967e+02      
1.0818664e+02 -1.9061789e+02      
1.0770594e+02 -1.9828437e+02      
1.0711490e+02 -2.0321139e+02      
1.0648168e+02 -2.0472832e+02      
1.0577294e+02 -2.0333818e+02      
1.0493827e+02 -2.0173397e+02      
1.0407883e+02 -2.0046622e+02      
1.0322159e+02 -1.9948651e+02      
1.0234618e+02 -1.9864317e+02      
1.0141474e+02 -1.9784847e+02      
1.0038465e+02 -1.9707875e+02      
9.9220705e+01 -1.9638323e+02      
9.7901541e+01 -1.9589380e+02      
9.6425427e+01 -1.9566269e+02      
9.4904847e+01 -1.9503522e+02      
9.3865586e+01 -1.9141925e+02      
8.9287912e+01 -1.7807825e+02      
8.8160649e+01 -1.8352800e+02      
8.7194214e+01 -1.8935652e+02      
8.6350076e+01 -1.9550486e+02      
8.5559911e+01 -2.0181477e+02      
8.4726211e+01 -2.0787735e+02      
8.3796277e+01 -2.1273574e+02      
8.3097688e+01 -2.1378246e+02      
8.2296580e+01 -2.1351175e+02      
8.1404697e+01 -2.1280664e+02      
8.0472121e+01 -2.1200989e+02      
7.9521671e+01 -2.1121365e+02      
7.8548944e+01 -2.1041608e+02      
7.7534290e+01 -2.0960149e+02      
7.6452128e+01 -2.0877491e+02      
7.5276953e+01 -2.0797484e+02      
7.3983361e+01 -2.0727085e+02      
7.2534727e+01 -2.0675255e+02      
7.1041072e+01 -2.0598813e+02      
7.0385575e+01 -2.0188499e+02      
6.6401509e+01 -1.8940046e+02      
6.5046574e+01 -1.9434003e+02      
6.3820298e+01 -1.9950657e+02      
6.2694137e+01 -2.0477863e+02      
6.1626417e+01 -2.0994531e+02      
6.0572630e+01 -2.1464974e+02      
5.9533874e+01 -2.1825615e+02      
5.8575004e+01 -2.2003188e+02      
5.7613037e+01 -2.2061985e+02      
5.6619930e+01 -2.2057706e+02      
5.5607796e+01 -2.2019031e+02      
5.4585705e+01 -2.1960574e+02      
5.3552129e+01 -2.1888688e+02      
5.2496886e+01 -2.1806223e+02      
5.1405316e+01 -2.1715349e+02      
5.0261210e+01 -2.1618762e+02      
4.9045080e+01 -2.1519972e+02      
4.7715302e+01 -2.1425478e+02      
4.6336604e+01 -2.1306468e+02      
4.5880206e+01 -2.0911766e+02      
