2.8930324e+01 2.4465760e+02      
2.7894312e+01 2.4325270e+02      
2.7356219e+01 2.4183783e+02      
2.7300725e+01 2.4045679e+02      
2.7708391e+01 2.3915292e+02      
2.8562723e+01 2.3796804e+02      
2.9856420e+01 2.3694151e+02      
3.1591846e+01 2.3610919e+02      
3.3775641e+01 2.3550248e+02      
3.6411857e+01 2.3514682e+02      
3.9495760e+01 2.3505918e+02      
4.3004238e+01 2.3524244e+02      
4.6874192e+01 2.3567362e+02      
5.0962976e+01 2.3628159e+02      
5.5000153e+01 2.3691221e+02      
5.8491694e+01 2.3722271e+02      
6.0883304e+01 2.3676235e+02      
6.2725798e+01 2.3591777e+02      
6.4514037e+01 2.3496578e+02      
6.6518039e+01 2.3399817e+02      
5.6789992e+01 2.3600803e+02      
5.5865891e+01 2.3457296e+02      
5.5452101e+01 2.3310188e+02      
5.5524498e+01 2.3164284e+02      
5.6049842e+01 2.3024410e+02      
5.7000710e+01 2.2895301e+02      
5.8371670e+01 2.2781503e+02      
6.0180364e+01 2.2687305e+02      
6.2453941e+01 2.2616711e+02      
6.5217606e+01 2.2573434e+02      
6.8493068e+01 2.2560862e+02      
7.2298520e+01 2.2581854e+02      
7.6628617e+01 2.2637746e+02      
8.1386523e+01 2.2725479e+02      
8.6245400e+01 2.2830140e+02      
9.0415541e+01 2.2904698e+02      
9.1862873e+01 2.2784190e+02      
9.2610092e+01 2.2627153e+02      
9.3460469e+01 2.2472484e+02      
9.4748434e+01 2.2327652e+02      
8.3231783e+01 2.2371431e+02      
8.2443714e+01 2.2222486e+02      
8.2185489e+01 2.2067273e+02      
8.2420508e+01 2.1911041e+02      
8.3085922e+01 2.1759149e+02      
8.4123897e+01 2.1616912e+02      
8.5529946e+01 2.1489485e+02      
8.7354145e+01 2.1381815e+02      
8.9656479e+01 2.1298707e+02      
9.2482820e+01 2.1244999e+02      
9.5877780e+01 2.1225848e+02      
9.9913689e+01 2.1247352e+02      
1.0471505e+02 2.1317473e+02      
1.1031340e+02 2.1440319e+02      
1.1620194e+02 2.1594301e+02      
1.2008437e+02 2.1634247e+02      
1.2147203e+02 2.1524861e+02      
1.2081526e+02 2.1296383e+02      
1.2046096e+02 2.1082542e+02      
1.2093979e+02 2.0895529e+02      
1.0781760e+02 2.0800072e+02      
1.0718660e+02 2.0643023e+02      
1.0712365e+02 2.0476897e+02      
1.0758544e+02 2.0307431e+02      
1.0844903e+02 2.0140601e+02      
1.0956235e+02 1.9982330e+02      
1.1092096e+02 1.9838363e+02      
1.1266801e+02 1.9714161e+02      
1.1491995e+02 1.9615067e+02      
1.1772488e+02 1.9546723e+02      
1.2111930e+02 1.9515429e+02      
1.2519365e+02 1.9529119e+02      
1.3021462e+02 1.9602014e+02      
1.3655106e+02 1.9750241e+02      
1.4213694e+02 1.9864806e+02      
1.4573673e+02 1.9883502e+02      
1.4693516e+02 1.9783902e+02      
1.4613372e+02 1.9580978e+02      
1.4458156e+02 1.9327677e+02      
1.4443296e+02 1.9117881e+02      
1.3013100e+02 1.8914665e+02      
1.2966383e+02 1.8746682e+02      
1.2983219e+02 1.8566523e+02      
1.3063687e+02 1.8380461e+02      
1.3188463e+02 1.8195435e+02      
1.3306007e+02 1.8017856e+02      
1.3415941e+02 1.7854201e+02      
1.3568602e+02 1.7710190e+02      
1.3781536e+02 1.7591087e+02      
1.4052799e+02 1.7503011e+02      
1.4379295e+02 1.7452657e+02      
1.4762929e+02 1.7446725e+02      
1.5214478e+02 1.7491244e+02      
1.5740493e+02 1.7582090e+02      
1.6297825e+02 1.7683649e+02      
1.6640723e+02 1.7698029e+02      
1.6716210e+02 1.7606351e+02      
1.6578301e+02 1.7417572e+02      
1.6480517e+02 1.7214626e+02      
1.6470689e+02 1.7020907e+02      
1.4978610e+02 1.6748273e+02      
1.4945640e+02 1.6566553e+02      
1.4983787e+02 1.6369014e+02      
1.5105834e+02 1.6161930e+02      
1.5308719e+02 1.5954272e+02      
1.5430948e+02 1.5753734e+02      
1.5472709e+02 1.5568346e+02      
1.5594159e+02 1.5401905e+02      
1.5795212e+02 1.5258451e+02      
1.6056941e+02 1.5145249e+02      
1.6364227e+02 1.5069923e+02      
1.6707008e+02 1.5037948e+02      
1.7080454e+02 1.5049533e+02      
1.7478578e+02 1.5094939e+02      
1.7878199e+02 1.5148911e+02      
1.8205414e+02 1.5168642e+02      
1.8221141e+02 1.5091575e+02      
1.8171855e+02 1.4964275e+02      
1.8141087e+02 1.4813021e+02      
1.8158394e+02 1.4649631e+02      
1.6644610e+02 1.4338554e+02      
1.6618596e+02 1.4140688e+02      
1.6666227e+02 1.3922951e+02      
1.6804750e+02 1.3689686e+02      
1.7029188e+02 1.3447563e+02      
1.7154307e+02 1.3221175e+02      
1.7181329e+02 1.3019026e+02      
1.7295639e+02 1.2827953e+02      
1.7499247e+02 1.2654730e+02      
1.7762987e+02 1.2510185e+02      
1.8056415e+02 1.2405142e+02      
1.8356608e+02 1.2346604e+02      
1.8650170e+02 1.2333948e+02      
1.8927573e+02 1.2356020e+02      
1.9176837e+02 1.2389926e+02      
1.9363180e+02 1.2403856e+02      
1.9431425e+02 1.2369816e+02      
1.9447677e+02 1.2294356e+02      
1.9464059e+02 1.2187995e+02      
1.9504661e+02 1.2057038e+02      
1.7984644e+02 1.1727013e+02      
1.7956730e+02 1.1511266e+02      
1.7997373e+02 1.1272272e+02      
1.8119425e+02 1.1013337e+02      
1.8319679e+02 1.0738618e+02      
1.8444981e+02 1.0483691e+02      
1.8498039e+02 1.0256817e+02      
1.8635948e+02 1.0033614e+02      
1.8865689e+02 9.8227751e+01      
1.9160963e+02 9.6374159e+01      
1.9458515e+02 9.4967764e+01      
1.9723664e+02 9.4127058e+01      
1.9941223e+02 9.3868294e+01      
2.0104151e+02 9.4086197e+01      
2.0218285e+02 9.4537677e+01      
2.0309593e+02 9.4883386e+01      
2.0371802e+02 9.4923413e+01      
2.0413006e+02 9.4605224e+01      
2.0453151e+02 9.3942614e+01      
2.0507392e+02 9.2959256e+01      
1.8980731e+02 8.9580728e+01      
1.8943524e+02 8.7230989e+01      
1.8965024e+02 8.4627022e+01      
1.9046672e+02 8.1825351e+01      
1.9171571e+02 7.8916910e+01      
1.9293139e+02 7.6063018e+01      
1.9414866e+02 7.3330369e+01      
1.9591331e+02 7.0678978e+01      
1.9855046e+02 6.8128163e+01      
2.0221468e+02 6.5740651e+01      
2.0543439e+02 6.3895980e+01      
2.0783366e+02 6.2796365e+01      
2.0927855e+02 6.2514324e+01      
2.0976566e+02 6.2960860e+01      
2.0949062e+02 6.3826984e+01      
2.0971671e+02 6.4561522e+01      
2.1012493e+02 6.5015964e+01      
2.1055887e+02 6.5117131e+01      
2.1104008e+02 6.4839476e+01      
2.1162914e+02 6.4184062e+01      
1.9622793e+02 6.0782824e+01      
1.9572312e+02 5.8225682e+01      
1.9571464e+02 5.5394293e+01      
1.9618305e+02 5.2358014e+01      
1.9703690e+02 4.9203182e+01      
1.9816293e+02 4.6022982e+01      
1.9959672e+02 4.2879858e+01      
2.0152819e+02 3.9801568e+01      
2.0413708e+02 3.6818722e+01      
2.0738131e+02 3.4051657e+01      
2.1076872e+02 3.1759104e+01      
2.1294049e+02 3.0384378e+01      
2.1366335e+02 3.0154749e+01      
2.1315866e+02 3.1027364e+01      
2.1285536e+02 3.2278386e+01      
2.1291755e+02 3.3505138e+01      
2.1321282e+02 3.4443421e+01      
2.1361953e+02 3.4982629e+01      
2.1410532e+02 3.5089804e+01      
2.1468170e+02 3.4764135e+01      
1.9907110e+02 3.1358120e+01      
1.9841939e+02 2.8576026e+01      
1.9819934e+02 2.5494107e+01      
1.9840474e+02 2.2185080e+01      
1.9900879e+02 1.8730745e+01      
1.9999264e+02 1.5211214e+01      
2.0138755e+02 1.1689200e+01      
2.0326875e+02 8.2060744e+00      
2.0570754e+02 4.7822012e+00      
2.0860152e+02 1.5357206e+00      
2.1088872e+02 -6.4161489e-01      
2.1284037e+02 -2.4387426e+00      
2.1283145e+02 -2.7257829e+00      
2.1251774e+02 -1.7018273e+00      
2.1240901e+02 2.8299545e-01      
2.1254142e+02 2.2329168e+00      
2.1283843e+02 3.7367509e+00      
2.1323441e+02 4.7313121e+00      
2.1369992e+02 5.2189945e+00      
2.1423163e+02 5.2177240e+00      
1.9835240e+02 1.8001831e+00      
1.9754806e+02 -1.2239348e+00      
1.9712530e+02 -4.5804004e+00      
1.9709595e+02 -8.1932892e+00      
1.9746927e+02 -1.1975815e+01      
1.9826314e+02 -1.5842361e+01      
1.9951039e+02 -1.9726673e+01      
2.0124056e+02 -2.3588332e+01      
2.0342030e+02 -2.7367983e+01      
2.0576308e+02 -3.0791277e+01      
2.0733151e+02 -3.2961751e+01      
2.0863199e+02 -3.5034382e+01      
2.0837875e+02 -3.6212134e+01      
2.0822243e+02 -3.4957312e+01      
2.0835759e+02 -3.1467554e+01      
2.0864823e+02 -2.8595889e+01      
2.0901112e+02 -2.6513411e+01      
2.0941685e+02 -2.5087205e+01      
2.0985511e+02 -2.4246481e+01      
2.1032551e+02 -2.3943619e+01      
1.9413858e+02 -2.7390884e+01      
1.9317505e+02 -3.0670638e+01      
1.9254512e+02 -3.4324748e+01      
1.9227441e+02 -3.8272993e+01      
1.9239509e+02 -4.2412982e+01      
1.9295066e+02 -4.6633216e+01      
1.9399349e+02 -5.0855719e+01      
1.9554772e+02 -5.5050392e+01      
1.9750627e+02 -5.9107115e+01      
1.9920338e+02 -6.2221608e+01      
2.0030726e+02 -6.4378845e+01      
2.0062221e+02 -6.5895682e+01      
2.0034336e+02 -6.7339828e+01      
2.0037512e+02 -6.5869441e+01      
2.0088791e+02 -6.1693241e+01      
2.0139418e+02 -5.8216039e+01      
2.0184311e+02 -5.5697605e+01      
2.0226130e+02 -5.3929035e+01      
2.0266463e+02 -5.2794741e+01      
2.0306239e+02 -5.2225901e+01      
1.8655000e+02 -5.5714263e+01      
1.8541877e+02 -5.9256054e+01      
1.8456698e+02 -6.3229627e+01      
1.8402810e+02 -6.7554640e+01      
1.8385081e+02 -7.2104869e+01      
1.8410368e+02 -7.6702649e+01      
1.8487639e+02 -8.1177820e+01      
1.8622390e+02 -8.5505528e+01      
1.8769799e+02 -8.8956502e+01      
1.8898541e+02 -9.1551475e+01      
1.8980247e+02 -9.3414075e+01      
1.8991429e+02 -9.4813070e+01      
1.8937104e+02 -9.5750819e+01      
1.8949897e+02 -9.4014601e+01      
1.9033859e+02 -8.9658683e+01      
1.9101458e+02 -8.5989065e+01      
1.9151631e+02 -8.3268657e+01      
1.9192535e+02 -8.1293724e+01      
1.9227848e+02 -7.9949077e+01      
1.9259248e+02 -7.9165786e+01      
1.7576262e+02 -8.2674560e+01      
1.7445678e+02 -8.6470092e+01      
1.7336460e+02 -9.0777632e+01      
1.7251846e+02 -9.5535236e+01      
1.7197714e+02 -1.0060548e+02      
1.7183614e+02 -1.0572286e+02      
1.7221307e+02 -1.1035719e+02      
1.7313715e+02 -1.1377212e+02      
1.7432791e+02 -1.1626913e+02      
1.7546861e+02 -1.1814519e+02      
1.7624136e+02 -1.1944539e+02      
1.7642527e+02 -1.2035471e+02      
1.7601352e+02 -1.2093356e+02      
1.7619817e+02 -1.1901507e+02      
1.7710434e+02 -1.1494802e+02      
1.7777701e+02 -1.1148327e+02      
1.7825082e+02 -1.0879499e+02      
1.7861125e+02 -1.0675310e+02      
1.7889329e+02 -1.0528478e+02      
1.7911244e+02 -1.0434185e+02      
1.6200732e+02 -1.0779012e+02      
1.6052832e+02 -1.1180261e+02      
1.5918344e+02 -1.1643102e+02      
1.5798713e+02 -1.2167381e+02      
1.5699296e+02 -1.2744123e+02      
1.5633770e+02 -1.3340653e+02      
1.5625133e+02 -1.3870180e+02      
1.5696236e+02 -1.4079731e+02      
1.5813610e+02 -1.4201855e+02      
1.5941206e+02 -1.4306871e+02      
1.6031905e+02 -1.4359309e+02      
1.6076215e+02 -1.4359103e+02      
1.6085830e+02 -1.4278995e+02      
1.6099042e+02 -1.4050267e+02      
1.6144185e+02 -1.3742595e+02      
1.6190837e+02 -1.3446796e+02      
1.6227691e+02 -1.3196562e+02      
1.6255176e+02 -1.2995829e+02      
1.6274410e+02 -1.2843612e+02      
1.6286014e+02 -1.2738112e+02      
1.4556480e+02 -1.3060779e+02      
1.4393178e+02 -1.3475350e+02      
1.4234636e+02 -1.3961938e+02      
1.4077229e+02 -1.4533692e+02      
1.3922194e+02 -1.5194554e+02      
1.3791582e+02 -1.5893297e+02      
1.3746429e+02 -1.6374419e+02      
1.3797729e+02 -1.6577335e+02      
1.3935165e+02 -1.6549206e+02      
1.4083929e+02 -1.6533532e+02      
1.4192211e+02 -1.6496779e+02      
1.4256781e+02 -1.6417279e+02      
1.4289260e+02 -1.6262759e+02      
1.4304887e+02 -1.6012221e+02      
1.4330164e+02 -1.5742678e+02      
1.4358924e+02 -1.5484653e+02      
1.4383358e+02 -1.5255327e+02      
1.4400648e+02 -1.5062646e+02      
1.4409998e+02 -1.4909345e+02      
1.4411041e+02 -1.4796054e+02      
1.2675464e+02 -1.5072831e+02      
1.2501118e+02 -1.5486821e+02      
1.2324964e+02 -1.5975957e+02      
1.2136786e+02 -1.6567813e+02      
1.1922460e+02 -1.7298002e+02      
1.1753038e+02 -1.7948152e+02      
1.1677516e+02 -1.8388462e+02      
1.1713919e+02 -1.8572566e+02      
1.1846192e+02 -1.8538403e+02      
1.2020697e+02 -1.8400373e+02      
1.2137151e+02 -1.8295436e+02      
1.2208364e+02 -1.8170743e+02      
1.2248720e+02 -1.7987155e+02      
1.2268706e+02 -1.7732347e+02      
1.2287469e+02 -1.7481566e+02      
1.2305440e+02 -1.7247558e+02      
1.2319275e+02 -1.7035849e+02      
1.2326667e+02 -1.6852010e+02      
1.2326276e+02 -1.6699600e+02      
1.2317180e+02 -1.6580565e+02      
1.0591953e+02 -1.6783779e+02      
1.0412596e+02 -1.7180833e+02      
1.0229908e+02 -1.7642733e+02      
1.0037673e+02 -1.8181134e+02      
9.8293947e+01 -1.8797039e+02      
9.6147672e+01 -1.9435127e+02      
9.5079871e+01 -1.9851331e+02      
9.5413387e+01 -1.9991497e+02      
9.6856779e+01 -1.9900051e+02      
9.8166150e+01 -1.9811810e+02      
9.9121897e+01 -1.9707478e+02      
9.9756357e+01 -1.9574201e+02      
1.0014650e+02 -1.9392975e+02      
1.0036403e+02 -1.9156601e+02      
1.0051431e+02 -1.8928880e+02      
1.0061987e+02 -1.8715640e+02      
1.0067232e+02 -1.8519155e+02      
1.0065842e+02 -1.8343628e+02      
1.0056580e+02 -1.8192681e+02      
1.0038328e+02 -1.8068901e+02      
8.3412295e+01 -1.8172439e+02      
8.1623893e+01 -1.8539765e+02      
7.9821579e+01 -1.8955015e+02      
7.7993280e+01 -1.9415652e+02      
7.6140586e+01 -1.9909078e+02      
7.4341402e+01 -2.0398323e+02      
7.2943576e+01 -2.0797265e+02      
7.3346334e+01 -2.0882633e+02      
7.4138700e+01 -2.0864662e+02      
7.4919755e+01 -2.0810925e+02      
7.5555371e+01 -2.0726351e+02      
7.6017762e+01 -2.0606951e+02      
7.6322895e+01 -2.0449746e+02      
7.6505713e+01 -2.0260973e+02      
7.6607952e+01 -2.0064190e+02      
7.6648798e+01 -1.9871621e+02      
7.6628507e+01 -1.9688953e+02      
7.6539249e+01 -1.9520857e+02      
7.6370337e+01 -1.9371209e+02      
7.6110070e+01 -1.9242997e+02      
