1.6776901e+01 2.5066295e+02      
1.5341731e+01 2.5009753e+02      
1.4017504e+01 2.4889315e+02      
1.2394685e+01 2.4501976e+02      
1.0913169e+01 2.4066154e+02      
9.8155701e+00 2.3654262e+02      
9.1602834e+00 2.3291980e+02      
8.7982505e+00 2.2979285e+02      
8.2066604e+00 2.2679668e+02      
7.8999544e+00 2.2433417e+02      
8.0415453e+00 2.2249775e+02      
8.6645581e+00 2.2129740e+02      
9.7362304e+00 2.2070988e+02      
1.1201326e+01 2.2069398e+02      
1.3010182e+01 2.2119675e+02      
1.5129967e+01 2.2215574e+02      
1.7547898e+01 2.2349969e+02      
2.0273483e+01 2.2515004e+02      
2.3337917e+01 2.2702343e+02      
2.6787960e+01 2.2903416e+02      
4.5602154e+01 2.4054221e+02      
4.4769427e+01 2.4073630e+02      
4.3656536e+01 2.3907242e+02      
4.2193877e+01 2.3520349e+02      
4.0553699e+01 2.2969853e+02      
3.9444243e+01 2.2467701e+02      
3.8962263e+01 2.2050298e+02      
3.8534308e+01 2.1684480e+02      
3.8013063e+01 2.1355965e+02      
3.7486350e+01 2.1069947e+02      
3.7483040e+01 2.0856090e+02      
3.8062307e+01 2.0715526e+02      
3.9130345e+01 2.0643559e+02      
4.0567225e+01 2.0633821e+02      
4.2289761e+01 2.0679683e+02      
4.4247959e+01 2.0773925e+02      
4.6418686e+01 2.0908383e+02      
4.8812080e+01 2.1074112e+02      
5.1474335e+01 2.1261729e+02      
5.4478828e+01 2.1461771e+02      
7.3051871e+01 2.2591960e+02      
7.2502319e+01 2.2556782e+02      
7.1612326e+01 2.2350535e+02      
7.0284991e+01 2.1952616e+02      
6.8761909e+01 2.1407757e+02      
6.7597863e+01 2.0824358e+02      
6.7016403e+01 2.0348667e+02      
6.6603375e+01 1.9945341e+02      
6.6176672e+01 1.9594021e+02      
6.5794960e+01 1.9294679e+02      
6.5713769e+01 1.9058750e+02      
6.6371632e+01 1.8905597e+02      
6.7546613e+01 1.8828058e+02      
6.9012746e+01 1.8816824e+02      
7.0670421e+01 1.8864683e+02      
7.2460930e+01 1.8963962e+02      
7.4340671e+01 1.9105343e+02      
7.6316544e+01 1.9278567e+02      
7.8457801e+01 1.9472982e+02      
8.0884820e+01 1.9678115e+02      
9.7735286e+01 2.0527576e+02      
9.7630725e+01 2.0466390e+02      
9.7031908e+01 2.0233508e+02      
9.5729040e+01 1.9807191e+02      
9.4029188e+01 1.9232345e+02      
9.3001538e+01 1.8687004e+02      
9.2672552e+01 1.8211120e+02      
9.2418411e+01 1.7792402e+02      
9.2089235e+01 1.7425675e+02      
9.1795371e+01 1.7113725e+02      
9.2108024e+01 1.6875356e+02      
9.3122394e+01 1.6721598e+02      
9.4640934e+01 1.6649842e+02      
9.6176394e+01 1.6643442e+02      
9.7804554e+01 1.6700187e+02      
9.9449944e+01 1.6812375e+02      
1.0100362e+02 1.6968756e+02      
1.0246018e+02 1.7157465e+02      
1.0392000e+02 1.7366126e+02      
1.0558832e+02 1.7583007e+02      
1.2004559e+02 1.8089261e+02      
1.1971107e+02 1.7902696e+02      
1.1945604e+02 1.7645946e+02      
1.1809948e+02 1.7185152e+02      
1.1684666e+02 1.6671192e+02      
1.1602924e+02 1.6167917e+02      
1.1569001e+02 1.5701985e+02      
1.1567136e+02 1.5279751e+02      
1.1544164e+02 1.4903125e+02      
1.1557910e+02 1.4583805e+02      
1.1630558e+02 1.4338578e+02      
1.1776859e+02 1.4186840e+02      
1.2003120e+02 1.4137948e+02      
1.2162164e+02 1.4140948e+02      
1.2338990e+02 1.4216568e+02      
1.2497939e+02 1.4351112e+02      
1.2618667e+02 1.4531828e+02      
1.2700174e+02 1.4745614e+02      
1.2754781e+02 1.4977189e+02      
1.2814679e+02 1.5212292e+02      
1.3998626e+02 1.5375100e+02      
1.3949380e+02 1.5081353e+02      
1.3899853e+02 1.4733029e+02      
1.3817159e+02 1.4300043e+02      
1.3732843e+02 1.3827232e+02      
1.3671010e+02 1.3352920e+02      
1.3639279e+02 1.2897830e+02      
1.3633335e+02 1.2473063e+02      
1.3644255e+02 1.2086412e+02      
1.3692535e+02 1.1749813e+02      
1.3795960e+02 1.1482231e+02      
1.3959588e+02 1.1315876e+02      
1.4172410e+02 1.1282641e+02      
1.4446223e+02 1.1336520e+02      
1.4682780e+02 1.1447522e+02      
1.4850313e+02 1.1613526e+02      
1.4934302e+02 1.1828277e+02      
1.4937761e+02 1.2078868e+02      
1.4876625e+02 1.2345397e+02      
1.4790040e+02 1.2605168e+02      
1.5742895e+02 1.2445620e+02      
1.5700396e+02 1.2068380e+02      
1.5656793e+02 1.1659681e+02      
1.5600132e+02 1.1220618e+02      
1.5539691e+02 1.0764157e+02      
1.5491484e+02 1.0306195e+02      
1.5464860e+02 9.8590998e+01      
1.5462531e+02 9.4315935e+01      
1.5488346e+02 9.0300216e+01      
1.5554840e+02 8.6629545e+01      
1.5677083e+02 8.3507615e+01      
1.5855561e+02 8.1418175e+01      
1.6018427e+02 8.1645190e+01      
1.6258778e+02 8.2767484e+01      
1.6560355e+02 8.4259773e+01      
1.6737613e+02 8.6267832e+01      
1.6776926e+02 8.8823969e+01      
1.6689018e+02 9.1820336e+01      
1.6509813e+02 9.4986432e+01      
1.6397859e+02 9.8042447e+01      
1.7218140e+02 9.3483464e+01      
1.7205465e+02 8.8961150e+01      
1.7184836e+02 8.4358948e+01      
1.7141061e+02 7.9812353e+01      
1.7087465e+02 7.5319100e+01      
1.7044504e+02 7.0852610e+01      
1.7021969e+02 6.6446160e+01      
1.7021671e+02 6.2156114e+01      
1.7047840e+02 5.7980678e+01      
1.7113197e+02 5.3915900e+01      
1.7231757e+02 5.0258035e+01      
1.7362024e+02 4.8458087e+01      
1.7505712e+02 4.8705235e+01      
1.7691747e+02 5.0613326e+01      
1.7970399e+02 5.2577112e+01      
1.8139329e+02 5.4868146e+01      
1.8127718e+02 5.7838467e+01      
1.7948336e+02 6.1442805e+01      
1.7768605e+02 6.5110957e+01      
1.7642427e+02 6.8651486e+01      
1.8402643e+02 6.1293119e+01      
1.8447486e+02 5.5913930e+01      
1.8472151e+02 5.0693775e+01      
1.8421270e+02 4.6107264e+01      
1.8352501e+02 4.1793166e+01      
1.8306412e+02 3.7470078e+01      
1.8288611e+02 3.3124240e+01      
1.8287503e+02 2.8883297e+01      
1.8299197e+02 2.4720878e+01      
1.8335676e+02 2.0398455e+01      
1.8381777e+02 1.7250436e+01      
1.8450465e+02 1.5852357e+01      
1.8557396e+02 1.6272374e+01      
1.8713170e+02 1.8157124e+01      
1.8913993e+02 2.0717074e+01      
1.9106527e+02 2.2837445e+01      
1.9057039e+02 2.6074548e+01      
1.8879833e+02 3.0096192e+01      
1.8685162e+02 3.4341496e+01      
1.8531428e+02 3.8440025e+01      
1.9269830e+02 2.8416627e+01      
1.9405026e+02 2.1912358e+01      
1.9523028e+02 1.5728568e+01      
1.9414089e+02 1.1491059e+01      
1.9300492e+02 7.6556989e+00      
1.9247110e+02 3.5529118e+00      
1.9252079e+02 -8.5566940e-01      
1.9255619e+02 -5.0041478e+00      
1.9235956e+02 -8.6551830e+00      
1.9192763e+02 -1.1793343e+01      
1.9139851e+02 -1.4354746e+01      
1.9129718e+02 -1.5253747e+01      
1.9189277e+02 -1.4426137e+01      
1.9314585e+02 -1.2298989e+01      
1.9505838e+02 -1.0604678e+01      
1.9722467e+02 -9.2819885e+00      
1.9738524e+02 -6.5296999e+00      
1.9510589e+02 -1.8546891e+00      
1.9262180e+02 3.1930811e+00      
1.9059979e+02 7.9922409e+00      
1.9778869e+02 -4.4138286e+00      
2.0013010e+02 -1.2243153e+01      
2.0112347e+02 -1.8646651e+01      
2.0045089e+02 -2.3182055e+01      
1.9872435e+02 -2.6207861e+01      
1.9808024e+02 -2.9942968e+01      
1.9882264e+02 -3.4820766e+01      
1.9899502e+02 -3.8941804e+01      
1.9846410e+02 -4.1939690e+01      
1.9718446e+02 -4.3632531e+01      
1.9515481e+02 -4.3929336e+01      
1.9413703e+02 -4.4204974e+01      
1.9428502e+02 -4.2847388e+01      
1.9535353e+02 -4.1622211e+01      
1.9728014e+02 -4.1033007e+01      
1.9950618e+02 -4.0609740e+01      
1.9977661e+02 -3.8190350e+01      
1.9799376e+02 -3.3694838e+01      
1.9479495e+02 -2.7670071e+01      
1.9214193e+02 -2.2018423e+01      
1.9859341e+02 -3.5980489e+01      
2.0059792e+02 -4.3981123e+01      
2.0145450e+02 -5.0508295e+01      
2.0101846e+02 -5.5143484e+01      
1.9976381e+02 -5.8310362e+01      
1.9881148e+02 -6.1383204e+01      
1.9959376e+02 -6.6382135e+01      
1.9975121e+02 -7.0399722e+01      
1.9897640e+02 -7.2814950e+01      
1.9721279e+02 -7.3364133e+01      
1.9456140e+02 -7.2022590e+01      
1.9302421e+02 -7.0978064e+01      
1.9270815e+02 -6.9953412e+01      
1.9351625e+02 -6.9428469e+01      
1.9550239e+02 -6.9959809e+01      
1.9704397e+02 -6.9673897e+01      
1.9717634e+02 -6.7485634e+01      
1.9565913e+02 -6.3150753e+01      
1.9285272e+02 -5.7166725e+01      
1.8966262e+02 -5.0703801e+01      
1.9348464e+02 -6.3544840e+01      
1.9543795e+02 -7.1903380e+01      
1.9625606e+02 -7.8550867e+01      
1.9581446e+02 -8.2880153e+01      
1.9455486e+02 -8.5501295e+01      
1.9414398e+02 -8.9267444e+01      
1.9489985e+02 -9.4518377e+01      
1.9493082e+02 -9.8375295e+01      
1.9401973e+02 -1.0037205e+02      
1.9214135e+02 -1.0028413e+02      
1.8943819e+02 -9.8120507e+01      
1.8770769e+02 -9.6496749e+01      
1.8704263e+02 -9.5430484e+01      
1.8730569e+02 -9.4875044e+01      
1.8833576e+02 -9.4919695e+01      
1.8962574e+02 -9.5197822e+01      
1.8965961e+02 -9.3379958e+01      
1.8815684e+02 -8.9040618e+01      
1.8539568e+02 -8.2821892e+01      
1.8288379e+02 -7.7084517e+01      
1.8447102e+02 -8.8664507e+01      
1.8552512e+02 -9.5718091e+01      
1.8628721e+02 -1.0243189e+02      
1.8570315e+02 -1.0613638e+02      
1.8499638e+02 -1.0953401e+02      
1.8479693e+02 -1.1362689e+02      
1.8526949e+02 -1.1864555e+02      
1.8507134e+02 -1.2213328e+02      
1.8410672e+02 -1.2386642e+02      
1.8238577e+02 -1.2370508e+02      
1.8003166e+02 -1.2163115e+02      
1.7838475e+02 -1.2004335e+02      
1.7750918e+02 -1.1892257e+02      
1.7727475e+02 -1.1810776e+02      
1.7750618e+02 -1.1751719e+02      
1.7788852e+02 -1.1691147e+02      
1.7786277e+02 -1.1556516e+02      
1.7629835e+02 -1.1112753e+02      
1.7430940e+02 -1.0608966e+02      
1.7243120e+02 -1.0125628e+02      
1.7225955e+02 -1.1178778e+02      
1.7260874e+02 -1.1760740e+02      
1.7275861e+02 -1.2301099e+02      
1.7242576e+02 -1.2726962e+02      
1.7194951e+02 -1.3105769e+02      
1.7161655e+02 -1.3487274e+02      
1.7139895e+02 -1.3860309e+02      
1.7088583e+02 -1.4143523e+02      
1.6991356e+02 -1.4299770e+02      
1.6850396e+02 -1.4322103e+02      
1.6686795e+02 -1.4237506e+02      
1.6548303e+02 -1.4128565e+02      
1.6452514e+02 -1.4024207e+02      
1.6395970e+02 -1.3923233e+02      
1.6365785e+02 -1.3816335e+02      
1.6340303e+02 -1.3682787e+02      
1.6286702e+02 -1.3475835e+02      
1.6172607e+02 -1.3137211e+02      
1.6028818e+02 -1.2736697e+02      
1.5886101e+02 -1.2330747e+02      
1.5722767e+02 -1.3294750e+02      
1.5711250e+02 -1.3788789e+02      
1.5689779e+02 -1.4254394e+02      
1.5650714e+02 -1.4669583e+02      
1.5600808e+02 -1.5042307e+02      
1.5548742e+02 -1.5384482e+02      
1.5492074e+02 -1.5686347e+02      
1.5418705e+02 -1.5919812e+02      
1.5320721e+02 -1.6063701e+02      
1.5200538e+02 -1.6115001e+02      
1.5071299e+02 -1.6091120e+02      
1.4951831e+02 -1.6022630e+02      
1.4853747e+02 -1.5930352e+02      
1.4777758e+02 -1.5819847e+02      
1.4716436e+02 -1.5686439e+02      
1.4656511e+02 -1.5516905e+02      
1.4582076e+02 -1.5291514e+02      
1.4484286e+02 -1.5000873e+02      
1.4370941e+02 -1.4665533e+02      
1.4256889e+02 -1.4315877e+02      
1.3966815e+02 -1.5195976e+02      
1.3924058e+02 -1.5627847e+02      
1.3877240e+02 -1.6041146e+02      
1.3822447e+02 -1.6422515e+02      
1.3760312e+02 -1.6767638e+02      
1.3692514e+02 -1.7074529e+02      
1.3617663e+02 -1.7335365e+02      
1.3531710e+02 -1.7537216e+02      
1.3432170e+02 -1.7669864e+02      
1.3321285e+02 -1.7731970e+02      
1.3206199e+02 -1.7732195e+02      
1.3095997e+02 -1.7684742e+02      
1.2997062e+02 -1.7601553e+02      
1.2910554e+02 -1.7488072e+02      
1.2832702e+02 -1.7343446e+02      
1.2756486e+02 -1.7162339e+02      
1.2674559e+02 -1.6938701e+02      
1.2583485e+02 -1.6672762e+02      
1.2486256e+02 -1.6375566e+02      
1.2389985e+02 -1.6064423e+02      
1.1987277e+02 -1.6856764e+02      
1.1921565e+02 -1.7239533e+02      
1.1854466e+02 -1.7608385e+02      
1.1783396e+02 -1.7952635e+02      
1.1707485e+02 -1.8265025e+02      
1.1626500e+02 -1.8539748e+02      
1.1539592e+02 -1.8770012e+02      
1.1445443e+02 -1.8948304e+02      
1.1343707e+02 -1.9069148e+02      
1.1236250e+02 -1.9131710e+02      
1.1127126e+02 -1.9140241e+02      
1.1021152e+02 -1.9101994e+02      
1.0921879e+02 -1.9023930e+02      
1.0830260e+02 -1.8910394e+02      
1.0744568e+02 -1.8762696e+02      
1.0661376e+02 -1.8580219e+02      
1.0577277e+02 -1.8362778e+02      
1.0490808e+02 -1.8113572e+02      
1.0403409e+02 -1.7840688e+02      
1.0318716e+02 -1.7555708e+02      
9.8158960e+01 -1.8252056e+02      
9.7324340e+01 -1.8593301e+02      
9.6487827e+01 -1.8922766e+02      
9.5631975e+01 -1.9231273e+02      
9.4746776e+01 -1.9511271e+02      
9.3826620e+01 -1.9756315e+02      
9.2866732e+01 -1.9960424e+02      
9.1864019e+01 -2.0118289e+02      
9.0822135e+01 -2.0226335e+02      
8.9755760e+01 -2.0283747e+02      
8.8689542e+01 -2.0292583e+02      
8.7651015e+01 -2.0256798e+02      
8.6661057e+01 -2.0180706e+02      
8.5727131e+01 -2.0067791e+02      
8.4842511e+01 -1.9920368e+02      
8.3991513e+01 -1.9740148e+02      
8.3158618e+01 -1.9529461e+02      
8.2337703e+01 -1.9292559e+02      
8.1536555e+01 -1.9036225e+02      
8.0774329e+01 -1.8769243e+02      
7.4873806e+01 -1.9360509e+02      
7.3899001e+01 -1.9665407e+02      
7.2927909e+01 -1.9959516e+02      
7.1949749e+01 -2.0234828e+02      
7.0957264e+01 -2.0484295e+02      
6.9946252e+01 -2.0701790e+02      
6.8914817e+01 -2.0882026e+02      
6.7863925e+01 -2.1020733e+02      
6.6799170e+01 -2.1115113e+02      
6.5731965e+01 -2.1164233e+02      
6.4678383e+01 -2.1169011e+02      
6.3655432e+01 -2.1131731e+02      
6.2676318e+01 -2.1055287e+02      
6.1747042e+01 -2.0942569e+02      
6.0865961e+01 -2.0796255e+02      
6.0026488e+01 -2.0619063e+02      
5.9221783e+01 -2.0414330e+02      
5.8449332e+01 -2.0186603e+02      
5.7713230e+01 -1.9941881e+02      
5.7023171e+01 -1.9687368e+02      
