2.9357415e+01 2.4049691e+02      
2.8565513e+01 2.3926673e+02      
2.8231801e+01 2.3804607e+02      
2.8338823e+01 2.3685546e+02      
2.8860357e+01 2.3570634e+02      
2.9762629e+01 2.3460197e+02      
3.1009345e+01 2.3354193e+02      
3.2570433e+01 2.3252886e+02      
3.4431980e+01 2.3157470e+02      
3.6604980e+01 2.3070472e+02      
3.9132447e+01 2.2996016e+02      
4.2091127e+01 2.2939989e+02      
4.5549175e+01 2.2908747e+02      
4.9201199e+01 2.2896159e+02      
5.2002099e+01 2.2869573e+02      
5.3592078e+01 2.2820431e+02      
5.3995703e+01 2.2750177e+02      
5.3624115e+01 2.2669166e+02      
5.3580005e+01 2.2609137e+02      
5.4225305e+01 2.2576506e+02      
5.7816437e+01 2.3160399e+02      
5.7181276e+01 2.3040808e+02      
5.7019632e+01 2.2921320e+02      
5.7313798e+01 2.2804178e+02      
5.8032860e+01 2.2690136e+02      
5.9131175e+01 2.2578428e+02      
6.0554912e+01 2.2467510e+02      
6.2257746e+01 2.2356383e+02      
6.4218668e+01 2.2245721e+02      
6.6456883e+01 2.2138344e+02      
6.9049698e+01 2.2039608e+02      
7.2175208e+01 2.1959174e+02      
7.6224637e+01 2.1915218e+02      
8.1410932e+01 2.1922238e+02      
8.4651462e+01 2.1878772e+02      
8.5990263e+01 2.1795395e+02      
8.5451623e+01 2.1674850e+02      
8.3041601e+01 2.1511458e+02      
8.1914807e+01 2.1401151e+02      
8.1933262e+01 2.1332122e+02      
8.4880977e+01 2.1908444e+02      
8.4420166e+01 2.1790795e+02      
8.4450154e+01 2.1673454e+02      
8.4957169e+01 2.1559307e+02      
8.5908950e+01 2.1448827e+02      
8.7242545e+01 2.1339404e+02      
8.8870153e+01 2.1226519e+02      
9.0711150e+01 2.1106724e+02      
9.2723647e+01 2.0979761e+02      
9.4920855e+01 2.0848634e+02      
9.7375625e+01 2.0718163e+02      
1.0027500e+02 2.0598027e+02      
1.0406779e+02 2.0509492e+02      
1.0901433e+02 2.0464152e+02      
1.1197941e+02 2.0382225e+02      
1.1301677e+02 2.0267522e+02      
1.1214974e+02 2.0122403e+02      
1.0937523e+02 1.9947268e+02      
1.0789080e+02 1.9816724e+02      
1.0754918e+02 1.9725487e+02      
1.1011015e+02 2.0314346e+02      
1.0983497e+02 2.0196128e+02      
1.1006839e+02 2.0079720e+02      
1.1080964e+02 1.9969740e+02      
1.1204229e+02 1.9867334e+02      
1.1368435e+02 1.9767061e+02      
1.1557598e+02 1.9657790e+02      
1.1757060e+02 1.9531487e+02      
1.1958954e+02 1.9386893e+02      
1.2164189e+02 1.9229286e+02      
1.2376807e+02 1.9062206e+02      
1.2597095e+02 1.8880787e+02      
1.2861607e+02 1.8721023e+02      
1.3147764e+02 1.8587981e+02      
1.3345371e+02 1.8455036e+02      
1.3415391e+02 1.8312752e+02      
1.3359648e+02 1.8161438e+02      
1.3220250e+02 1.8009841e+02      
1.3110244e+02 1.7881552e+02      
1.3067240e+02 1.7781754e+02      
1.3309335e+02 1.8403585e+02      
1.3300798e+02 1.8280507e+02      
1.3344074e+02 1.8161927e+02      
1.3441115e+02 1.8056143e+02      
1.3597817e+02 1.7968448e+02      
1.3808927e+02 1.7892569e+02      
1.4036607e+02 1.7796826e+02      
1.4256446e+02 1.7667206e+02      
1.4455166e+02 1.7501857e+02      
1.4630973e+02 1.7308483e+02      
1.4799775e+02 1.7105819e+02      
1.4911091e+02 1.6832896e+02      
1.5062826e+02 1.6602419e+02      
1.5219894e+02 1.6406432e+02      
1.5329540e+02 1.6228715e+02      
1.5362872e+02 1.6061231e+02      
1.5321856e+02 1.5902888e+02      
1.5236825e+02 1.5758234e+02      
1.5154534e+02 1.5634476e+02      
1.5107562e+02 1.5534267e+02      
1.5345729e+02 1.6206747e+02      
1.5356532e+02 1.6071715e+02      
1.5418143e+02 1.5943864e+02      
1.5528885e+02 1.5838765e+02      
1.5711737e+02 1.5765077e+02      
1.5990738e+02 1.5734757e+02      
1.6271663e+02 1.5662213e+02      
1.6521621e+02 1.5533390e+02      
1.6718613e+02 1.5345270e+02      
1.6841143e+02 1.5093477e+02      
1.6875640e+02 1.4771455e+02      
1.6932507e+02 1.4462490e+02      
1.7019189e+02 1.4188618e+02      
1.7104659e+02 1.3949136e+02      
1.7153033e+02 1.3737047e+02      
1.7146732e+02 1.3547901e+02      
1.7090558e+02 1.3380391e+02      
1.7005869e+02 1.3235763e+02      
1.6920890e+02 1.3115964e+02      
1.6859547e+02 1.3020721e+02      
1.7086824e+02 1.3760246e+02      
1.7117280e+02 1.3603508e+02      
1.7197431e+02 1.3454015e+02      
1.7300789e+02 1.3344241e+02      
1.7471163e+02 1.3260955e+02      
1.7726873e+02 1.3200769e+02      
1.8058800e+02 1.3146411e+02      
1.8349378e+02 1.3022053e+02      
1.8558803e+02 1.2819065e+02      
1.8653705e+02 1.2531298e+02      
1.8627504e+02 1.2163092e+02      
1.8648258e+02 1.1821683e+02      
1.8707826e+02 1.1516360e+02      
1.8759964e+02 1.1244747e+02      
1.8764115e+02 1.1006090e+02      
1.8712363e+02 1.0799501e+02      
1.8619075e+02 1.0623934e+02      
1.8505656e+02 1.0479078e+02      
1.8394742e+02 1.0365131e+02      
1.8305654e+02 1.0280543e+02      
1.8502467e+02 1.1107830e+02      
1.8549126e+02 1.0920960e+02      
1.8623568e+02 1.0754344e+02      
1.8724032e+02 1.0620399e+02      
1.8862755e+02 1.0519933e+02      
1.9073572e+02 1.0426020e+02      
1.9357407e+02 1.0325869e+02      
1.9689015e+02 1.0200755e+02      
1.9932168e+02 9.9920329e+01      
2.0038247e+02 9.6939243e+01      
2.0006036e+02 9.3187675e+01      
2.0029554e+02 8.9594515e+01      
2.0107812e+02 8.6287396e+01      
2.0175131e+02 8.3298583e+01      
2.0137597e+02 8.0692648e+01      
2.0024901e+02 7.8497734e+01      
1.9873845e+02 7.6692270e+01      
1.9710077e+02 7.5257940e+01      
1.9555264e+02 7.4205579e+01      
1.9426501e+02 7.3536110e+01      
1.9563849e+02 8.3039907e+01      
1.9602874e+02 8.0986582e+01      
1.9667481e+02 7.9098716e+01      
1.9756415e+02 7.7486318e+01      
1.9876155e+02 7.6140595e+01      
2.0039846e+02 7.4909146e+01      
2.0266714e+02 7.3460986e+01      
2.0540987e+02 7.1740331e+01      
2.0826483e+02 6.9593089e+01      
2.0975257e+02 6.6626426e+01      
2.0976016e+02 6.2962936e+01      
2.1037782e+02 5.9284778e+01      
2.1181877e+02 5.5738460e+01      
2.1357986e+02 5.2444528e+01      
2.1257826e+02 4.9628610e+01      
2.1058879e+02 4.7374710e+01      
2.0826794e+02 4.5570616e+01      
2.0593560e+02 4.4155332e+01      
2.0380003e+02 4.3191199e+01      
2.0202161e+02 4.2781940e+01      
2.0234572e+02 5.4281102e+01      
2.0267582e+02 5.1959989e+01      
2.0321135e+02 4.9796786e+01      
2.0392890e+02 4.7923807e+01      
2.0486977e+02 4.6308640e+01      
2.0623654e+02 4.4611406e+01      
2.0804121e+02 4.2736206e+01      
2.1019145e+02 4.0613941e+01      
2.1249772e+02 3.8144933e+01      
2.1454536e+02 3.5191839e+01      
2.1516699e+02 3.1654703e+01      
2.1635065e+02 2.7917827e+01      
2.1843886e+02 2.4096217e+01      
2.2102917e+02 2.0336868e+01      
2.2078876e+02 1.7273198e+01      
2.1784549e+02 1.5076024e+01      
2.1451048e+02 1.3363378e+01      
2.1131596e+02 1.1923371e+01      
2.0846042e+02 1.0896218e+01      
2.0612590e+02 1.0844453e+01      
2.0537020e+02 2.5001345e+01      
2.0550480e+02 2.2595957e+01      
2.0591803e+02 2.0118767e+01      
2.0644726e+02 1.7991280e+01      
2.0724332e+02 1.5913643e+01      
2.0835688e+02 1.3796546e+01      
2.0977773e+02 1.1576432e+01      
2.1144111e+02 9.1745078e+00      
2.1322917e+02 6.4960740e+00      
2.1492266e+02 3.4485224e+00      
2.1632436e+02 -1.3063641e-02      
2.1804083e+02 -3.8067113e+00      
2.2053072e+02 -7.8940788e+00      
2.2354996e+02 -1.2125524e+01      
2.2386865e+02 -1.5462136e+01      
2.2144533e+02 -1.7778914e+01      
2.1712814e+02 -1.9262622e+01      
2.1305118e+02 -2.0756658e+01      
2.0928800e+02 -2.2248257e+01      
2.0636629e+02 -2.1834517e+01      
2.0479042e+02 -4.4108048e+00      
2.0475493e+02 -6.9509690e+00      
2.0497096e+02 -9.6003027e+00      
2.0538361e+02 -1.2178448e+01      
2.0601346e+02 -1.4685506e+01      
2.0687182e+02 -1.7137716e+01      
2.0795066e+02 -1.9587831e+01      
2.0921867e+02 -2.2133632e+01      
2.1061638e+02 -2.4886231e+01      
2.1207675e+02 -2.7943975e+01      
2.1363195e+02 -3.1369624e+01      
2.1551484e+02 -3.5189077e+01      
2.1803880e+02 -3.9444456e+01      
2.2100288e+02 -4.3995696e+01      
2.2140855e+02 -4.7448044e+01      
2.1925754e+02 -4.9756056e+01      
2.1532256e+02 -5.1244591e+01      
2.1081155e+02 -5.2607220e+01      
2.0592130e+02 -5.3733319e+01      
2.0257587e+02 -5.2843533e+01      
2.0068105e+02 -3.3494697e+01      
2.0051063e+02 -3.6253912e+01      
2.0057580e+02 -3.9203614e+01      
2.0085041e+02 -4.2210205e+01      
2.0130050e+02 -4.5118090e+01      
2.0189578e+02 -4.7811474e+01      
2.0264564e+02 -5.0349168e+01      
2.0355973e+02 -5.2883791e+01      
2.0462592e+02 -5.5565302e+01      
2.0583819e+02 -5.8519231e+01      
2.0724233e+02 -6.1840857e+01      
2.0895375e+02 -6.5595800e+01      
2.1112630e+02 -6.9836177e+01      
2.1349362e+02 -7.4380155e+01      
2.1339214e+02 -7.7581498e+01      
2.1109908e+02 -7.9650757e+01      
2.0691382e+02 -8.0650691e+01      
2.0256230e+02 -8.1758977e+01      
1.9818608e+02 -8.2845307e+01      
1.9498882e+02 -8.1670827e+01      
1.9314803e+02 -6.1750541e+01      
1.9286300e+02 -6.4788286e+01      
1.9280412e+02 -6.8129428e+01      
1.9296688e+02 -7.1670162e+01      
1.9327707e+02 -7.5098493e+01      
1.9357431e+02 -7.7896046e+01      
1.9397187e+02 -8.0316407e+01      
1.9453477e+02 -8.2648007e+01      
1.9526739e+02 -8.5089937e+01      
1.9617193e+02 -8.7798597e+01      
1.9727712e+02 -9.0898844e+01      
1.9864279e+02 -9.4493374e+01      
2.0022188e+02 -9.8545078e+01      
2.0142533e+02 -1.0256107e+02      
2.0018995e+02 -1.0499976e+02      
1.9790284e+02 -1.0700885e+02      
1.9466475e+02 -1.0834513e+02      
1.9093029e+02 -1.0902935e+02      
1.8707673e+02 -1.0945535e+02      
1.8417451e+02 -1.0794230e+02      
1.8234123e+02 -8.8664494e+01      
1.8194364e+02 -9.1991990e+01      
1.8176142e+02 -9.5759949e+01      
1.8183763e+02 -9.9983112e+01      
1.8215540e+02 -1.0440360e+02      
1.8205531e+02 -1.0706087e+02      
1.8206382e+02 -1.0909644e+02      
1.8226811e+02 -1.1098965e+02      
1.8265857e+02 -1.1299936e+02      
1.8321460e+02 -1.1529828e+02      
1.8393404e+02 -1.1802147e+02      
1.8487123e+02 -1.2132511e+02      
1.8597996e+02 -1.2525218e+02      
1.8551452e+02 -1.2804623e+02      
1.8419037e+02 -1.3066497e+02      
1.8218988e+02 -1.3306386e+02      
1.7964718e+02 -1.3478453e+02      
1.7650550e+02 -1.3445742e+02      
1.7338923e+02 -1.3332252e+02      
1.7074338e+02 -1.3129417e+02      
1.6846113e+02 -1.1373450e+02      
1.6793891e+02 -1.1730582e+02      
1.6760148e+02 -1.2143480e+02      
1.6749497e+02 -1.2621467e+02      
1.6760127e+02 -1.3140586e+02      
1.6741602e+02 -1.3474119e+02      
1.6706860e+02 -1.3623461e+02      
1.6693745e+02 -1.3745443e+02      
1.6700294e+02 -1.3882862e+02      
1.6720739e+02 -1.4055364e+02      
1.6749727e+02 -1.4273170e+02      
1.6780785e+02 -1.4540555e+02      
1.6788769e+02 -1.4841339e+02      
1.6720625e+02 -1.5132740e+02      
1.6589473e+02 -1.5435767e+02      
1.6411251e+02 -1.5729361e+02      
1.6185463e+02 -1.5861545e+02      
1.5926346e+02 -1.5799186e+02      
1.5661471e+02 -1.5563766e+02      
1.5420805e+02 -1.5292818e+02      
1.5176250e+02 -1.3649910e+02      
1.5110077e+02 -1.4021853e+02      
1.5057199e+02 -1.4455835e+02      
1.5019842e+02 -1.4964607e+02      
1.4995895e+02 -1.5527770e+02      
1.4959252e+02 -1.5912074e+02      
1.4915280e+02 -1.6105986e+02      
1.4877054e+02 -1.6153106e+02      
1.4857321e+02 -1.6210648e+02      
1.4847448e+02 -1.6312872e+02      
1.4838073e+02 -1.6467818e+02      
1.4818613e+02 -1.6671357e+02      
1.4772604e+02 -1.6913060e+02      
1.4682680e+02 -1.7192185e+02      
1.4545007e+02 -1.7527283e+02      
1.4365879e+02 -1.7783355e+02      
1.4157478e+02 -1.7881986e+02      
1.3934294e+02 -1.7795932e+02      
1.3710249e+02 -1.7547010e+02      
1.3494793e+02 -1.7210336e+02      
1.3255178e+02 -1.5656212e+02      
1.3174480e+02 -1.6030701e+02      
1.3101082e+02 -1.6467159e+02      
1.3034866e+02 -1.6976386e+02      
1.2973285e+02 -1.7540664e+02      
1.2913651e+02 -1.7938542e+02      
1.2856411e+02 -1.8165607e+02      
1.2806597e+02 -1.8250364e+02      
1.2770364e+02 -1.8231029e+02      
1.2739080e+02 -1.8258792e+02      
1.2701014e+02 -1.8352700e+02      
1.2647799e+02 -1.8501105e+02      
1.2570789e+02 -1.8689317e+02      
1.2461535e+02 -1.8911301e+02      
1.2314837e+02 -1.9161725e+02      
1.2129688e+02 -1.9404999e+02      
1.1930387e+02 -1.9485148e+02      
1.1733415e+02 -1.9369436e+02      
1.1542065e+02 -1.9088924e+02      
1.1344564e+02 -1.8795737e+02      
1.1117835e+02 -1.7360622e+02      
1.1023515e+02 -1.7725021e+02      
1.0930535e+02 -1.8147835e+02      
1.0838734e+02 -1.8628071e+02      
1.0750808e+02 -1.9127429e+02      
1.0673355e+02 -1.9489339e+02      
1.0601682e+02 -1.9722040e+02      
1.0537057e+02 -1.9842780e+02      
1.0482468e+02 -1.9870495e+02      
1.0437976e+02 -1.9841924e+02      
1.0378040e+02 -1.9894183e+02      
1.0300931e+02 -2.0000483e+02      
1.0203401e+02 -2.0138415e+02      
1.0081141e+02 -2.0295287e+02      
9.9312367e+01 -2.0457807e+02      
9.7536573e+01 -2.0601136e+02      
9.5566109e+01 -2.0670999e+02      
9.3819447e+01 -2.0523164e+02      
9.2002960e+01 -2.0300356e+02      
9.0126158e+01 -2.0054653e+02      
8.8022035e+01 -1.8739786e+02      
8.6969385e+01 -1.9081298e+02      
8.5883362e+01 -1.9475176e+02      
8.4739308e+01 -1.9921334e+02      
8.3889893e+01 -2.0254099e+02      
8.3030742e+01 -2.0543767e+02      
8.2187539e+01 -2.0761567e+02      
8.1386083e+01 -2.0902345e+02      
8.0632937e+01 -2.0977552e+02      
7.9895655e+01 -2.1016626e+02      
7.9073218e+01 -2.1072505e+02      
7.8116595e+01 -2.1153689e+02      
7.6998237e+01 -2.1250517e+02      
7.5694748e+01 -2.1351695e+02      
7.4196384e+01 -2.1442906e+02      
7.2519093e+01 -2.1503218e+02      
7.0737845e+01 -2.1497352e+02      
6.8979474e+01 -2.1385823e+02      
6.7198894e+01 -2.1207126e+02      
6.5386677e+01 -2.0995377e+02      
