1.9601911e+01 2.4581417e+02      
1.7862563e+01 2.4348947e+02      
1.6700174e+01 2.4105507e+02      
1.6120584e+01 2.3856436e+02      
1.6119314e+01 2.3607699e+02      
1.6678573e+01 2.3366019e+02      
1.7764658e+01 2.3138926e+02      
1.9328695e+01 2.2934473e+02      
2.1317304e+01 2.2760258e+02      
2.3697452e+01 2.2621643e+02      
2.6470392e+01 2.2520458e+02      
2.9642554e+01 2.2455331e+02      
3.3166709e+01 2.2421429e+02      
3.6872690e+01 2.2407977e+02      
4.0523475e+01 2.2402790e+02      
4.3984857e+01 2.2402651e+02      
4.7160779e+01 2.2406158e+02      
4.9981054e+01 2.2410089e+02      
5.2458720e+01 2.2411880e+02      
5.4705331e+01 2.2410839e+02      
4.7599431e+01 2.3663362e+02      
4.5970831e+01 2.3421755e+02      
4.4939289e+01 2.3164856e+02      
4.4516082e+01 2.2897998e+02      
4.4701757e+01 2.2627293e+02      
4.5480701e+01 2.2360025e+02      
4.6813682e+01 2.2105096e+02      
4.8630530e+01 2.1873207e+02      
5.0834071e+01 2.1676018e+02      
5.3366879e+01 2.1522110e+02      
5.6291269e+01 2.1412777e+02      
5.9709790e+01 2.1346149e+02      
6.3679211e+01 2.1320170e+02      
6.7968791e+01 2.1318549e+02      
7.1900192e+01 2.1301682e+02      
7.5535502e+01 2.1285628e+02      
7.8722011e+01 2.1271186e+02      
8.1285933e+01 2.1251220e+02      
8.3226025e+01 2.1221823e+02      
8.4707125e+01 2.1182560e+02      
7.4267516e+01 2.2391704e+02      
7.2756424e+01 2.2140013e+02      
7.1860249e+01 2.1868436e+02      
7.1598667e+01 2.1581975e+02      
7.1982627e+01 2.1286396e+02      
7.3006719e+01 2.0988927e+02      
7.4634994e+01 2.0699429e+02      
7.6780951e+01 2.0431576e+02      
7.9251352e+01 2.0204500e+02      
8.1805463e+01 2.0037897e+02      
8.4723963e+01 1.9924542e+02      
8.8261900e+01 1.9858618e+02      
9.2666050e+01 1.9845574e+02      
9.8065519e+01 1.9890074e+02      
1.0228668e+02 1.9852950e+02      
1.0636442e+02 1.9831199e+02      
1.0969329e+02 1.9806465e+02      
1.1195803e+02 1.9766728e+02      
1.1316520e+02 1.9707351e+02      
1.1353063e+02 1.9626221e+02      
9.9173821e+01 2.0790852e+02      
9.7778866e+01 2.0528529e+02      
9.7012104e+01 2.0241621e+02      
9.6904176e+01 1.9934444e+02      
9.7483376e+01 1.9611652e+02      
9.8768823e+01 1.9279076e+02      
1.0074952e+02 1.8945984e+02      
1.0333579e+02 1.8629042e+02      
1.0624522e+02 1.8357351e+02      
1.0853187e+02 1.8186612e+02      
1.1120032e+02 1.8075661e+02      
1.1459960e+02 1.8008758e+02      
1.1893294e+02 1.7983731e+02      
1.2427908e+02 1.7998468e+02      
1.3045624e+02 1.8037692e+02      
1.3568896e+02 1.8042182e+02      
1.3936429e+02 1.8016785e+02      
1.4126751e+02 1.7962500e+02      
1.4150572e+02 1.7876940e+02      
1.4037985e+02 1.7754372e+02      
1.2191920e+02 1.8890342e+02      
1.2063036e+02 1.8617395e+02      
1.1997454e+02 1.8315402e+02      
1.1999296e+02 1.7987821e+02      
1.2073555e+02 1.7637491e+02      
1.2226795e+02 1.7266346e+02      
1.2462655e+02 1.6880359e+02      
1.2766561e+02 1.6502869e+02      
1.3047953e+02 1.6204156e+02      
1.3289815e+02 1.6004510e+02      
1.3515876e+02 1.5900906e+02      
1.3819537e+02 1.5833837e+02      
1.4220534e+02 1.5790270e+02      
1.4723281e+02 1.5772594e+02      
1.5326818e+02 1.5782209e+02      
1.5977448e+02 1.5805075e+02      
1.6375715e+02 1.5780593e+02      
1.6511542e+02 1.5718271e+02      
1.6416589e+02 1.5617900e+02      
1.6154576e+02 1.5473498e+02      
1.4214598e+02 1.6724163e+02      
1.4094587e+02 1.6441184e+02      
1.4037115e+02 1.6125359e+02      
1.4046747e+02 1.5779622e+02      
1.4129553e+02 1.5405553e+02      
1.4296728e+02 1.5000294e+02      
1.4561594e+02 1.4559034e+02      
1.4849734e+02 1.4151332e+02      
1.5121569e+02 1.3822241e+02      
1.5366035e+02 1.3592741e+02      
1.5598234e+02 1.3459018e+02      
1.5859902e+02 1.3389822e+02      
1.6222653e+02 1.3321048e+02      
1.6677714e+02 1.3266385e+02      
1.7227156e+02 1.3234653e+02      
1.7856104e+02 1.3221750e+02      
1.8239584e+02 1.3183854e+02      
1.8296458e+02 1.3120802e+02      
1.8083151e+02 1.3025347e+02      
1.7869278e+02 1.2916983e+02      
1.5954513e+02 1.4330011e+02      
1.5841238e+02 1.4038019e+02      
1.5788374e+02 1.3710302e+02      
1.5800004e+02 1.3349945e+02      
1.5880747e+02 1.2959305e+02      
1.6036009e+02 1.2539510e+02      
1.6266024e+02 1.2094302e+02      
1.6550537e+02 1.1643575e+02      
1.6816737e+02 1.1276754e+02      
1.7052977e+02 1.1021967e+02      
1.7272176e+02 1.0869398e+02      
1.7542347e+02 1.0740367e+02      
1.7879718e+02 1.0624545e+02      
1.8280389e+02 1.0526968e+02      
1.8734103e+02 1.0452182e+02      
1.9210166e+02 1.0393956e+02      
1.9589031e+02 1.0337415e+02      
1.9545813e+02 1.0288726e+02      
1.9391015e+02 1.0226575e+02      
1.9232784e+02 1.0153161e+02      
1.7386147e+02 1.1748553e+02      
1.7277483e+02 1.1448746e+02      
1.7226053e+02 1.1111167e+02      
1.7234997e+02 1.0739411e+02      
1.7306759e+02 1.0337320e+02      
1.7442006e+02 9.9098308e+01      
1.7636862e+02 9.4651865e+01      
1.7878329e+02 9.0197964e+01      
1.8139124e+02 8.6092925e+01      
1.8362885e+02 8.3314410e+01      
1.8601252e+02 8.1066409e+01      
1.8875475e+02 7.9120412e+01      
1.9191121e+02 7.7414265e+01      
1.9540598e+02 7.5970414e+01      
1.9904948e+02 7.4840633e+01      
2.0261842e+02 7.3999641e+01      
2.0558923e+02 7.3318786e+01      
2.0500058e+02 7.3079138e+01      
2.0382970e+02 7.2764473e+01      
2.0260119e+02 7.2344693e+01      
1.8489612e+02 9.0227714e+01      
1.8383728e+02 8.7163472e+01      
1.8331380e+02 8.3706726e+01      
1.8334915e+02 7.9896681e+01      
1.8395415e+02 7.5779318e+01      
1.8511749e+02 7.1418136e+01      
1.8679031e+02 6.6914217e+01      
1.8886990e+02 6.2434913e+01      
1.9117781e+02 5.8275814e+01      
1.9351163e+02 5.4805781e+01      
1.9597075e+02 5.1894923e+01      
1.9867173e+02 4.9360323e+01      
2.0163781e+02 4.7105284e+01      
2.0475898e+02 4.5149079e+01      
2.0773218e+02 4.3646463e+01      
2.1009154e+02 4.2792847e+01      
2.1151975e+02 4.2376571e+01      
2.1144724e+02 4.2262205e+01      
2.1061498e+02 4.2211604e+01      
2.0954735e+02 4.2102707e+01      
1.9250724e+02 6.1973324e+01      
1.9146127e+02 5.8854753e+01      
1.9091278e+02 5.5333172e+01      
1.9088118e+02 5.1446637e+01      
1.9137259e+02 4.7237852e+01      
1.9237406e+02 4.2763412e+01      
1.9384614e+02 3.8111386e+01      
1.9571581e+02 3.3426721e+01      
1.9787607e+02 2.8930109e+01      
2.0019589e+02 2.4901007e+01      
2.0257781e+02 2.1541094e+01      
2.0516409e+02 1.8562763e+01      
2.0799922e+02 1.5773051e+01      
2.1095310e+02 1.3209587e+01      
2.1363416e+02 1.1186388e+01      
2.1492746e+02 1.0554719e+01      
2.1540570e+02 1.0525501e+01      
2.1511823e+02 1.0761080e+01      
2.1428353e+02 1.1058287e+01      
2.1318032e+02 1.1298972e+01      
1.9660972e+02 3.3179078e+01      
1.9556394e+02 3.0018635e+01      
1.9497908e+02 2.6450380e+01      
1.9487398e+02 2.2507597e+01      
1.9525567e+02 1.8220313e+01      
1.9611753e+02 1.3619908e+01      
1.9743785e+02 8.7532472e+00      
1.9917828e+02 3.7123168e+00      
2.0127739e+02 -1.3189500e+00      
2.0361104e+02 -5.9924057e+00      
2.0573975e+02 -9.4739170e+00      
2.0814545e+02 -1.2684712e+01      
2.1090624e+02 -1.5972092e+01      
2.1383011e+02 -1.9211149e+01      
2.1597295e+02 -2.1383281e+01      
2.1694445e+02 -2.2192271e+01      
2.1670722e+02 -2.1722766e+01      
2.1593832e+02 -2.0957925e+01      
2.1481992e+02 -2.0204176e+01      
2.1350204e+02 -1.9560053e+01      
1.9717471e+02 4.3038459e+00      
1.9611688e+02 1.1145913e+00      
1.9548570e+02 -2.4772502e+00      
1.9530149e+02 -6.4432952e+00      
1.9557379e+02 -1.0770646e+01      
1.9630370e+02 -1.5465778e+01      
1.9749000e+02 -2.0556353e+01      
1.9912474e+02 -2.6029565e+01      
2.0115412e+02 -3.1656768e+01      
2.0321850e+02 -3.6486536e+01      
2.0525879e+02 -4.0348409e+01      
2.0742868e+02 -4.3537986e+01      
2.1010831e+02 -4.7198280e+01      
2.1261676e+02 -5.0569506e+01      
2.1444948e+02 -5.2979303e+01      
2.1527575e+02 -5.4019058e+01      
2.1495496e+02 -5.3635809e+01      
2.1368143e+02 -5.2274994e+01      
2.1216345e+02 -5.1038488e+01      
2.1051069e+02 -4.9956128e+01      
1.9422911e+02 -2.4200106e+01      
1.9314547e+02 -2.7407222e+01      
1.9245745e+02 -3.0995189e+01      
1.9218789e+02 -3.4935257e+01      
1.9234650e+02 -3.9228664e+01      
1.9293532e+02 -4.3914652e+01      
1.9396574e+02 -4.9103524e+01      
1.9545491e+02 -5.4939222e+01      
1.9715078e+02 -6.0559472e+01      
1.9893751e+02 -6.5458152e+01      
2.0079803e+02 -6.9484161e+01      
2.0279353e+02 -7.2849307e+01      
2.0499700e+02 -7.6085661e+01      
2.0735123e+02 -7.9883736e+01      
2.0913048e+02 -8.2790208e+01      
2.1000821e+02 -8.4178519e+01      
2.0968167e+02 -8.3848920e+01      
2.0824559e+02 -8.2553407e+01      
2.0630387e+02 -8.0939293e+01      
2.0422504e+02 -7.9378085e+01      
1.8785469e+02 -5.1895512e+01      
1.8672726e+02 -5.5119532e+01      
1.8597008e+02 -5.8677669e+01      
1.8561060e+02 -6.2529078e+01      
1.8565338e+02 -6.6684499e+01      
1.8608722e+02 -7.1198346e+01      
1.8689818e+02 -7.6146667e+01      
1.8805384e+02 -8.1558979e+01      
1.8945904e+02 -8.7242452e+01      
1.9097058e+02 -9.2172977e+01      
1.9259748e+02 -9.6125059e+01      
1.9434937e+02 -9.9316279e+01      
1.9629247e+02 -1.0279538e+02      
1.9836746e+02 -1.0664391e+02      
2.0031021e+02 -1.1037140e+02      
2.0152676e+02 -1.1239706e+02      
2.0187651e+02 -1.1324901e+02      
1.9988015e+02 -1.1170066e+02      
1.9730429e+02 -1.0949150e+02      
1.9468560e+02 -1.0731876e+02      
1.7818758e+02 -7.8365198e+01      
1.7698795e+02 -8.1633869e+01      
1.7614493e+02 -8.5150475e+01      
1.7569792e+02 -8.8839960e+01      
1.7563840e+02 -9.2733035e+01      
1.7592419e+02 -9.6924464e+01      
1.7651551e+02 -1.0146979e+02      
1.7737494e+02 -1.0634313e+02      
1.7844733e+02 -1.1140921e+02      
1.7966860e+02 -1.1631843e+02      
1.8105337e+02 -1.2004974e+02      
1.8258557e+02 -1.2361947e+02      
1.8430505e+02 -1.2738483e+02      
1.8623746e+02 -1.3146601e+02      
1.8830649e+02 -1.3565473e+02      
1.9013732e+02 -1.3916724e+02      
1.9027091e+02 -1.4040141e+02      
1.8846595e+02 -1.3923584e+02      
1.8515593e+02 -1.3618042e+02      
1.8192066e+02 -1.3321552e+02      
1.6542188e+02 -1.0320214e+02      
1.6409148e+02 -1.0662708e+02      
1.6313446e+02 -1.1012517e+02      
1.6261641e+02 -1.1356070e+02      
1.6250800e+02 -1.1700818e+02      
1.6267888e+02 -1.2075332e+02      
1.6307442e+02 -1.2484930e+02      
1.6367602e+02 -1.2920756e+02      
1.6445869e+02 -1.3368133e+02      
1.6539927e+02 -1.3802117e+02      
1.6649397e+02 -1.4194355e+02      
1.6774567e+02 -1.4572301e+02      
1.6919012e+02 -1.4962247e+02      
1.7094097e+02 -1.5390043e+02      
1.7314213e+02 -1.5879781e+02      
1.7453898e+02 -1.6247236e+02      
1.7445458e+02 -1.6394085e+02      
1.7271848e+02 -1.6298576e+02      
1.6961595e+02 -1.6006343e+02      
1.6588142e+02 -1.5630783e+02      
1.4984546e+02 -1.2590751e+02      
1.4828502e+02 -1.2970417e+02      
1.4718781e+02 -1.3319925e+02      
1.4661429e+02 -1.3631603e+02      
1.4656331e+02 -1.3905476e+02      
1.4664256e+02 -1.4231199e+02      
1.4685057e+02 -1.4598711e+02      
1.4721101e+02 -1.4990521e+02      
1.4772147e+02 -1.5391714e+02      
1.4837214e+02 -1.5787257e+02      
1.4915588e+02 -1.6168276e+02      
1.5007254e+02 -1.6540466e+02      
1.5113628e+02 -1.6916620e+02      
1.5237974e+02 -1.7310899e+02      
1.5376201e+02 -1.7728098e+02      
1.5493030e+02 -1.8129448e+02      
1.5470407e+02 -1.8300415e+02      
1.5290633e+02 -1.8199592e+02      
1.4978854e+02 -1.7882914e+02      
1.4654084e+02 -1.7575476e+02      
1.3187574e+02 -1.4581697e+02      
1.3023774e+02 -1.4946962e+02      
1.2906037e+02 -1.5279992e+02      
1.2839029e+02 -1.5572364e+02      
1.2823877e+02 -1.5824241e+02      
1.2815256e+02 -1.6122552e+02      
1.2815169e+02 -1.6457932e+02      
1.2827044e+02 -1.6813984e+02      
1.2851235e+02 -1.7178418e+02      
1.2886995e+02 -1.7541193e+02      
1.2933215e+02 -1.7896369e+02      
1.2988648e+02 -1.8243613e+02      
1.3051680e+02 -1.8585848e+02      
1.3118851e+02 -1.8924751e+02      
1.3180863e+02 -1.9254738e+02      
1.3215772e+02 -1.9551586e+02      
1.3181241e+02 -1.9746521e+02      
1.2992110e+02 -1.9623805e+02      
1.2736922e+02 -1.9409049e+02      
1.2459048e+02 -1.9179027e+02      
1.1186095e+02 -1.6265722e+02      
1.1040340e+02 -1.6569256e+02      
1.0922712e+02 -1.6871006e+02      
1.0840061e+02 -1.7156661e+02      
1.0788901e+02 -1.7432272e+02      
1.0754090e+02 -1.7724227e+02      
1.0730555e+02 -1.8037113e+02      
1.0717974e+02 -1.8363825e+02      
1.0715782e+02 -1.8696161e+02      
1.0722815e+02 -1.9026792e+02      
1.0737373e+02 -1.9350319e+02      
1.0757118e+02 -1.9663477e+02      
1.0778564e+02 -1.9963723e+02      
1.0795876e+02 -2.0246322e+02      
1.0798905e+02 -2.0500315e+02      
1.0771358e+02 -2.0703669e+02      
1.0688532e+02 -2.0810828e+02      
1.0526581e+02 -2.0766585e+02      
1.0310794e+02 -2.0633340e+02      
1.0066483e+02 -2.0462877e+02      
9.0001685e+01 -1.7652230e+02      
8.8623337e+01 -1.7916590e+02      
8.7431436e+01 -1.8190450e+02      
8.6465511e+01 -1.8464916e+02      
8.5711907e+01 -1.8740722e+02      
8.5121220e+01 -1.9024121e+02      
8.4654516e+01 -1.9317586e+02      
8.4291776e+01 -1.9618196e+02      
8.4018194e+01 -1.9920688e+02      
8.3816928e+01 -2.0219407e+02      
8.3666166e+01 -2.0509181e+02      
8.3536460e+01 -2.0785353e+02      
8.3386368e+01 -2.1042913e+02      
8.3155735e+01 -2.1274842e+02      
8.2758433e+01 -2.1470045e+02      
8.2080572e+01 -2.1611574e+02      
8.0997158e+01 -2.1677639e+02      
7.9444170e+01 -2.1656843e+02      
7.7490645e+01 -2.1566032e+02      
7.5262784e+01 -2.1431886e+02      
