-2.1353309e+00 2.4976795e+02      
-4.5907253e+00 2.4609350e+02      
-6.3789410e+00 2.4240165e+02      
-7.5140610e+00 2.3877912e+02      
-8.0217714e+00 2.3531521e+02      
-7.9388967e+00 2.3210046e+02      
-7.3120374e+00 2.2922450e+02      
-6.1951713e+00 2.2677318e+02      
-4.6463697e+00 2.2482447e+02      
-2.7242691e+00 2.2344357e+02      
-4.8532986e-01 2.2267758e+02      
2.0173160e+00 2.2255027e+02      
4.7337325e+00 2.2305729e+02      
7.6170413e+00 2.2416118e+02      
1.0623985e+01 2.2578638e+02      
1.3718842e+01 2.2781922e+02      
1.6891357e+01 2.3012466e+02      
2.0184791e+01 2.3257748e+02      
2.3701986e+01 2.3508264e+02      
2.7573948e+01 2.3756972e+02      
2.5068629e+01 2.3812673e+02      
2.2839657e+01 2.3415204e+02      
2.1301584e+01 2.3012823e+02      
2.0438009e+01 2.2614810e+02      
2.0218582e+01 2.2230884e+02      
2.0599052e+01 2.1871111e+02      
2.1522532e+01 2.1545728e+02      
2.2922481e+01 2.1264853e+02      
2.4727472e+01 2.1038005e+02      
2.6866863e+01 2.0873464e+02      
2.9275088e+01 2.0777540e+02      
3.1892205e+01 2.0753913e+02      
3.4660926e+01 2.0803077e+02      
3.7524481e+01 2.0921686e+02      
4.0425233e+01 2.1101265e+02      
4.3292577e+01 2.1326291e+02      
4.6066000e+01 2.1576235e+02      
4.8787968e+01 2.1833893e+02      
5.1632068e+01 2.2089942e+02      
5.4834933e+01 2.2340766e+02      
5.1182439e+01 2.2286240e+02      
4.9218054e+01 2.1856259e+02      
4.7970645e+01 2.1417770e+02      
4.7422514e+01 2.0980574e+02      
4.7539170e+01 2.0555112e+02      
4.8268449e+01 2.0152462e+02      
4.9541152e+01 1.9784264e+02      
5.1274319e+01 1.9462477e+02      
5.3378252e+01 1.9198852e+02      
5.5766637e+01 1.9004049e+02      
5.8365256e+01 1.8886559e+02      
6.1112161e+01 1.8851823e+02      
6.3946476e+01 1.8901815e+02      
6.6800083e+01 1.9034812e+02      
6.9617654e+01 1.9244081e+02      
7.2299103e+01 1.9509932e+02      
7.4587920e+01 1.9793002e+02      
7.6515264e+01 2.0068195e+02      
7.8371419e+01 2.0327365e+02      
8.0685131e+01 2.0581356e+02      
7.5768166e+01 2.0425583e+02      
7.4101557e+01 1.9960742e+02      
7.3181885e+01 1.9483298e+02      
7.2992090e+01 1.9003407e+02      
7.3495082e+01 1.8532069e+02      
7.4631181e+01 1.8081259e+02      
7.6316916e+01 1.7664046e+02      
7.8447208e+01 1.7294556e+02      
8.0904622e+01 1.6987495e+02      
8.3578472e+01 1.6756881e+02      
8.6386077e+01 1.6614191e+02      
8.9277457e+01 1.6566924e+02      
9.2204907e+01 1.6618523e+02      
9.5062841e+01 1.6769784e+02      
9.7771413e+01 1.7019959e+02      
1.0038332e+02 1.7356122e+02      
1.0203974e+02 1.7688352e+02      
1.0292078e+02 1.7989703e+02      
1.0331252e+02 1.8243107e+02      
1.0455881e+02 1.8505210e+02      
9.8410038e+01 1.8264422e+02      
9.7067005e+01 1.7762691e+02      
9.6506116e+01 1.7243718e+02      
9.6714188e+01 1.6717764e+02      
9.7654852e+01 1.6196070e+02      
9.9263333e+01 1.5691188e+02      
1.0144168e+02 1.5217395e+02      
1.0405594e+02 1.4791155e+02      
1.0694260e+02 1.4431186e+02      
1.0994340e+02 1.4156685e+02      
1.1296095e+02 1.3983546e+02      
1.1598534e+02 1.3921348e+02      
1.1906509e+02 1.3973199e+02      
1.2204666e+02 1.4141082e+02      
1.2435245e+02 1.4430453e+02      
1.2605109e+02 1.4819478e+02      
1.2662803e+02 1.5208426e+02      
1.2636445e+02 1.5558273e+02      
1.2557188e+02 1.5852422e+02      
1.2584823e+02 1.6143811e+02      
1.1872056e+02 1.5841575e+02      
1.1771640e+02 1.5301448e+02      
1.1753551e+02 1.4738941e+02      
1.1817354e+02 1.4164071e+02      
1.1960080e+02 1.3587815e+02      
1.2175338e+02 1.3022677e+02      
1.2452389e+02 1.2483422e+02      
1.2774950e+02 1.1988238e+02      
1.3118925e+02 1.1561139e+02      
1.3457112e+02 1.1230698e+02      
1.3775783e+02 1.1020227e+02      
1.4079714e+02 1.0941622e+02      
1.4395531e+02 1.0993841e+02      
1.4741971e+02 1.1172044e+02      
1.4892787e+02 1.1506104e+02      
1.4856403e+02 1.1962151e+02      
1.4762284e+02 1.2422405e+02      
1.4621278e+02 1.2841263e+02      
1.4449602e+02 1.3202441e+02      
1.4402096e+02 1.3540719e+02      
1.3634690e+02 1.3200285e+02      
1.3568268e+02 1.2620986e+02      
1.3588782e+02 1.2013880e+02      
1.3697378e+02 1.1388328e+02      
1.3892734e+02 1.0754255e+02      
1.4169556e+02 1.0123214e+02      
1.4517250e+02 9.5093168e+01      
1.4919702e+02 8.9294283e+01      
1.5345565e+02 8.4107772e+01      
1.5729984e+02 8.0056382e+01      
1.6055844e+02 7.7491021e+01      
1.6333392e+02 7.6562679e+01      
1.6591391e+02 7.7225871e+01      
1.6845676e+02 7.9315675e+01      
1.6870696e+02 8.3302137e+01      
1.6678124e+02 8.8723915e+01      
1.6428368e+02 9.4236441e+01      
1.6186734e+02 9.9234532e+01      
1.5961178e+02 1.0359145e+02      
1.5868514e+02 1.0750450e+02      
1.5097798e+02 1.0387408e+02      
1.5063671e+02 9.7689732e+01      
1.5121173e+02 9.1175532e+01      
1.5273893e+02 8.4415069e+01      
1.5523819e+02 7.7483016e+01      
1.5868355e+02 7.0472130e+01      
1.6297550e+02 6.3516838e+01      
1.6791780e+02 5.6770365e+01      
1.7325888e+02 5.0380974e+01      
1.7754202e+02 4.5353516e+01      
1.8071599e+02 4.2233185e+01      
1.8292327e+02 4.1220420e+01      
1.8430435e+02 4.2290780e+01      
1.8466231e+02 4.5354186e+01      
1.8326666e+02 5.0306094e+01      
1.8009040e+02 5.6581482e+01      
1.7589861e+02 6.3190295e+01      
1.7283081e+02 6.8932768e+01      
1.7069057e+02 7.3924267e+01      
1.6962533e+02 7.8320046e+01      
1.6235219e+02 7.4525397e+01      
1.6229699e+02 6.7954539e+01      
1.6319617e+02 6.1015206e+01      
1.6511484e+02 5.3788018e+01      
1.6814028e+02 4.6286903e+01      
1.7231056e+02 3.8548090e+01      
1.7749877e+02 3.0727841e+01      
1.8319829e+02 2.3147952e+01      
1.8746542e+02 1.6443096e+01      
1.9183513e+02 1.0369752e+01      
1.9462045e+02 6.7582983e+00      
1.9604117e+02 5.7654701e+00      
1.9618695e+02 7.3677118e+00      
1.9485062e+02 1.1466916e+01      
1.9177353e+02 1.7701575e+01      
1.8717301e+02 2.5184025e+01      
1.8310722e+02 3.2109033e+01      
1.8001502e+02 3.8249640e+01      
1.7791435e+02 4.3662824e+01      
1.7679187e+02 4.8431699e+01      
1.7026438e+02 4.4474843e+01      
1.7044244e+02 3.7512778e+01      
1.7159553e+02 3.0158307e+01      
1.7376991e+02 2.2591227e+01      
1.7722409e+02 1.4615868e+01      
1.8211330e+02 6.1422994e+00      
1.8813049e+02 -2.5648221e+00      
1.9329496e+02 -1.0533811e+01      
1.9724748e+02 -1.7581962e+01      
2.0028340e+02 -2.3723453e+01      
2.0214882e+02 -2.7553023e+01      
2.0269255e+02 -2.8468032e+01      
2.0177998e+02 -2.6301088e+01      
1.9913992e+02 -2.1124911e+01      
1.9457921e+02 -1.3346125e+01      
1.9011358e+02 -5.6663088e+00      
1.8632803e+02 1.3578762e+00      
1.8339182e+02 7.6843936e+00      
1.8134709e+02 1.3346048e+01      
1.8019702e+02 1.8375097e+01      
1.7456995e+02 1.4265839e+01      
1.7490063e+02 6.9152342e+00      
1.7624296e+02 -9.2039229e-01      
1.7838265e+02 -8.5092894e+00      
1.8196875e+02 -1.6707155e+01      
1.8736064e+02 -2.5808681e+01      
1.9284070e+02 -3.4790111e+01      
1.9740523e+02 -4.2900668e+01      
2.0067161e+02 -4.9781765e+01      
2.0270771e+02 -5.5412498e+01      
2.0372935e+02 -5.9619733e+01      
2.0353754e+02 -6.0527007e+01      
2.0179264e+02 -5.7774966e+01      
1.9836673e+02 -5.1707424e+01      
1.9354911e+02 -4.3388959e+01      
1.8928255e+02 -3.5700177e+01      
1.8574622e+02 -2.8715221e+01      
1.8297817e+02 -2.2339391e+01      
1.8101997e+02 -1.6554118e+01      
1.7988023e+02 -1.1358395e+01      
1.7520173e+02 -1.5548802e+01      
1.7553904e+02 -2.3198886e+01      
1.7677657e+02 -3.1222339e+01      
1.7873818e+02 -3.8794591e+01      
1.8187321e+02 -4.6772064e+01      
1.8627125e+02 -5.5467785e+01      
1.9147802e+02 -6.4728003e+01      
1.9557397e+02 -7.2893643e+01      
1.9805818e+02 -7.9322265e+01      
1.9905551e+02 -8.4173574e+01      
1.9995481e+02 -8.8773580e+01      
1.9934383e+02 -8.9759482e+01      
1.9693253e+02 -8.6295511e+01      
1.9291876e+02 -7.9270226e+01      
1.8866604e+02 -7.1757969e+01      
1.8476191e+02 -6.4517862e+01      
1.8146056e+02 -5.7733797e+01      
1.7886117e+02 -5.1423641e+01      
1.7701305e+02 -4.5606975e+01      
1.7592287e+02 -4.0314828e+01      
1.7218968e+02 -4.4417005e+01      
1.7242942e+02 -5.2313249e+01      
1.7336457e+02 -6.0170086e+01      
1.7502438e+02 -6.7801891e+01      
1.7751866e+02 -7.5288966e+01      
1.8089131e+02 -8.3302914e+01      
1.8482427e+02 -9.1768911e+01      
1.8858679e+02 -1.0003355e+02      
1.9042471e+02 -1.0593550e+02      
1.9161155e+02 -1.1096918e+02      
1.9213987e+02 -1.1494568e+02      
1.9119351e+02 -1.1627020e+02      
1.8812360e+02 -1.1173211e+02      
1.8428475e+02 -1.0536095e+02      
1.8035109e+02 -9.8578547e+01      
1.7670999e+02 -9.1853388e+01      
1.7360146e+02 -8.5369826e+01      
1.7116282e+02 -7.9205659e+01      
1.6944937e+02 -7.3417768e+01      
1.6845352e+02 -6.8073181e+01      
1.6563725e+02 -7.1676297e+01      
1.6562032e+02 -7.9222759e+01      
1.6623753e+02 -8.6829719e+01      
1.6750765e+02 -9.4386539e+01      
1.6944607e+02 -1.0184919e+02      
1.7200351e+02 -1.0924523e+02      
1.7492661e+02 -1.1704106e+02      
1.7775754e+02 -1.2462815e+02      
1.7991647e+02 -1.3118459e+02      
1.8151309e+02 -1.3670314e+02      
1.8223394e+02 -1.4071429e+02      
1.8031980e+02 -1.4112851e+02      
1.7673959e+02 -1.3612664e+02      
1.7277189e+02 -1.3004348e+02      
1.6887608e+02 -1.2375117e+02      
1.6531932e+02 -1.1748002e+02      
1.6231911e+02 -1.1133755e+02      
1.6002723e+02 -1.0536429e+02      
1.5848823e+02 -9.9627682e+01      
1.5764956e+02 -9.4241892e+01      
1.5570649e+02 -9.6292566e+01      
1.5545008e+02 -1.0339341e+02      
1.5576447e+02 -1.1068565e+02      
1.5665058e+02 -1.1807025e+02      
1.5808916e+02 -1.2549202e+02      
1.6000959e+02 -1.3296034e+02      
1.6225910e+02 -1.4055662e+02      
1.6463883e+02 -1.4808028e+02      
1.6695970e+02 -1.5518376e+02      
1.6893467e+02 -1.6127711e+02      
1.6904374e+02 -1.6434815e+02      
1.6690069e+02 -1.6361865e+02      
1.6277879e+02 -1.5881538e+02      
1.5845225e+02 -1.5288540e+02      
1.5438788e+02 -1.4692045e+02      
1.5075349e+02 -1.4111139e+02      
1.4774695e+02 -1.3538541e+02      
1.4559515e+02 -1.2963310e+02      
1.4432168e+02 -1.2391357e+02      
1.4374487e+02 -1.1845091e+02      
1.4273621e+02 -1.1886254e+02      
1.4224246e+02 -1.2554455e+02      
1.4225322e+02 -1.3249969e+02      
1.4276227e+02 -1.3964265e+02      
1.4374564e+02 -1.4693119e+02      
1.4515225e+02 -1.5436058e+02      
1.4690509e+02 -1.6191894e+02      
1.4895966e+02 -1.6955363e+02      
1.5131632e+02 -1.7717640e+02      
1.5264347e+02 -1.8270344e+02      
1.5224129e+02 -1.8498780e+02      
1.4993774e+02 -1.8370346e+02      
1.4602572e+02 -1.7929150e+02      
1.4130301e+02 -1.7318437e+02      
1.3705067e+02 -1.6759054e+02      
1.3319685e+02 -1.6241642e+02      
1.2994257e+02 -1.5736070e+02      
1.2794199e+02 -1.5186017e+02      
1.2719410e+02 -1.4597054e+02      
1.2705744e+02 -1.4032786e+02      
1.2701166e+02 -1.3915941e+02      
1.2628372e+02 -1.4544899e+02      
1.2599566e+02 -1.5204150e+02      
1.2614163e+02 -1.5887193e+02      
1.2670448e+02 -1.6591245e+02      
1.2765760e+02 -1.7317487e+02      
1.2896819e+02 -1.8068220e+02      
1.3053169e+02 -1.8822440e+02      
1.3200240e+02 -1.9499923e+02      
1.3290401e+02 -2.0023009e+02      
1.3206559e+02 -2.0177178e+02      
1.2951082e+02 -1.9980353e+02      
1.2554251e+02 -1.9509192e+02      
1.2134074e+02 -1.9003310e+02      
1.1721337e+02 -1.8523186e+02      
1.1309915e+02 -1.8090610e+02      
1.0909393e+02 -1.7703551e+02      
1.0727479e+02 -1.7181565e+02      
1.0759518e+02 -1.6533398e+02      
1.0804302e+02 -1.5945539e+02      
1.0884573e+02 -1.5686618e+02      
1.0789017e+02 -1.6275912e+02      
1.0731349e+02 -1.6895119e+02      
1.0711137e+02 -1.7538978e+02      
1.0727259e+02 -1.8205704e+02      
1.0778772e+02 -1.8899446e+02      
1.0867800e+02 -1.9637234e+02      
1.0991405e+02 -2.0420805e+02      
1.1061349e+02 -2.1015414e+02      
1.1050171e+02 -2.1369404e+02      
1.0913704e+02 -2.1408809e+02      
1.0634236e+02 -2.1129932e+02      
1.0295328e+02 -2.0756801e+02      
9.9296866e+01 -2.0351939e+02      
9.5489115e+01 -1.9950648e+02      
9.1426331e+01 -1.9582524e+02      
8.7257540e+01 -1.9248521e+02      
8.5622228e+01 -1.8758366e+02      
8.6474986e+01 -1.8122539e+02      
8.7268236e+01 -1.7541416e+02      
8.8586400e+01 -1.7172599e+02      
8.7413255e+01 -1.7720387e+02      
8.6561753e+01 -1.8295245e+02      
8.6027076e+01 -1.8891877e+02      
8.5797128e+01 -1.9507468e+02      
8.5858359e+01 -2.0143967e+02      
8.6212051e+01 -2.0815114e+02      
8.6779125e+01 -2.1518849e+02      
8.6796412e+01 -2.2012158e+02      
8.6031516e+01 -2.2248673e+02      
8.4259376e+01 -2.2181686e+02      
8.1822907e+01 -2.1980863e+02      
7.8948801e+01 -2.1700528e+02      
7.5803732e+01 -2.1375170e+02      
7.2465803e+01 -2.1031830e+02      
6.8877739e+01 -2.0695974e+02      
6.5151761e+01 -2.0371169e+02      
6.3701350e+01 -1.9914332e+02      
6.4498412e+01 -1.9336658e+02      
6.5227900e+01 -1.8795277e+02      
6.6610140e+01 -1.8353879e+02      
6.5233486e+01 -1.8858225e+02      
6.4125706e+01 -1.9385117e+02      
6.3279811e+01 -1.9928224e+02      
6.2678048e+01 -2.0481861e+02      
6.2289786e+01 -2.1040724e+02      
6.2059107e+01 -2.1596440e+02      
6.1830542e+01 -2.2111106e+02      
6.1283248e+01 -2.2489604e+02      
6.0211273e+01 -2.2680868e+02      
5.8545718e+01 -2.2681941e+02      
5.6416326e+01 -2.2556395e+02      
5.3956508e+01 -2.2346122e+02      
5.1285531e+01 -2.2078279e+02      
4.8504726e+01 -2.1774225e+02      
4.5722095e+01 -2.1447849e+02      
4.3292678e+01 -2.1091623e+02      
4.2015839e+01 -2.0667873e+02      
4.1906488e+01 -2.0186331e+02      
4.2226394e+01 -1.9702970e+02      
