3.2128402e+01 2.3006468e+02      
3.2155474e+01 2.2884435e+02      
3.2189554e+01 2.2770707e+02      
3.2122905e+01 2.2670495e+02      
3.1920669e+01 2.2589245e+02      
3.1603436e+01 2.2530589e+02      
3.1259222e+01 2.2496729e+02      
3.1007366e+01 2.2488321e+02      
3.0972110e+01 2.2504560e+02      
3.1272815e+01 2.2543590e+02      
3.2001562e+01 2.2602581e+02      
3.3180009e+01 2.2676816e+02      
3.4710784e+01 2.2757685e+02      
3.6417240e+01 2.2834224e+02      
3.8205408e+01 2.2900769e+02      
4.0129017e+01 2.2960529e+02      
4.2289888e+01 2.3022902e+02      
4.4642538e+01 2.3096419e+02      
4.7075756e+01 2.3184641e+02      
4.9666658e+01 2.3283842e+02      
6.2315677e+01 2.2053958e+02      
6.3040376e+01 2.1936317e+02      
6.3454723e+01 2.1815994e+02      
6.3600744e+01 2.1707690e+02      
6.3417977e+01 2.1619408e+02      
6.2914573e+01 2.1554700e+02      
6.2268857e+01 2.1516567e+02      
6.1667793e+01 2.1505595e+02      
6.1278563e+01 2.1520234e+02      
6.1284033e+01 2.1558270e+02      
6.1859478e+01 2.1617627e+02      
6.3101231e+01 2.1695708e+02      
6.4854027e+01 2.1781423e+02      
6.6596820e+01 2.1847122e+02      
6.8141268e+01 2.1882554e+02      
6.9663977e+01 2.1894845e+02      
7.1644196e+01 2.1909731e+02      
7.3922286e+01 2.1942456e+02      
7.5827530e+01 2.2004053e+02      
7.7741716e+01 2.2085009e+02      
9.1029424e+01 2.0742777e+02      
9.3006719e+01 2.0637711e+02      
9.3872715e+01 2.0500441e+02      
9.4436139e+01 2.0381992e+02      
9.4273469e+01 2.0284715e+02      
9.3365118e+01 2.0211347e+02      
9.2247110e+01 2.0169150e+02      
9.1147782e+01 2.0157614e+02      
9.0223803e+01 2.0172768e+02      
8.9746264e+01 2.0211242e+02      
9.0046855e+01 2.0271962e+02      
9.1388631e+01 2.0358104e+02      
9.3758279e+01 2.0468716e+02      
9.5608661e+01 2.0527908e+02      
9.6792344e+01 2.0529720e+02      
9.7488742e+01 2.0475384e+02      
9.9364089e+01 2.0434877e+02      
1.0222020e+02 2.0414647e+02      
1.0326146e+02 2.0456997e+02      
1.0420710e+02 2.0533106e+02      
1.1720818e+02 1.9082303e+02      
1.1964074e+02 1.8954767e+02      
1.2256175e+02 1.8830339e+02      
1.2406341e+02 1.8706815e+02      
1.2404161e+02 1.8600367e+02      
1.2241153e+02 1.8515152e+02      
1.2076045e+02 1.8472346e+02      
1.1903600e+02 1.8464791e+02      
1.1731801e+02 1.8483881e+02      
1.1599137e+02 1.8523405e+02      
1.1577368e+02 1.8582379e+02      
1.1696811e+02 1.8664248e+02      
1.1943764e+02 1.8764448e+02      
1.2123075e+02 1.8809994e+02      
1.2211503e+02 1.8790577e+02      
1.2238170e+02 1.8708984e+02      
1.2413222e+02 1.8627362e+02      
1.2720998e+02 1.8554232e+02      
1.2858537e+02 1.8565568e+02      
1.2843315e+02 1.8654970e+02      
1.4049920e+02 1.7112748e+02      
1.4334760e+02 1.6960840e+02      
1.4719983e+02 1.6810353e+02      
1.4945657e+02 1.6670447e+02      
1.4992369e+02 1.6557524e+02      
1.4888175e+02 1.6481766e+02      
1.4699456e+02 1.6449109e+02      
1.4456012e+02 1.6453603e+02      
1.4179141e+02 1.6483050e+02      
1.3914266e+02 1.6524134e+02      
1.3827664e+02 1.6577584e+02      
1.3908826e+02 1.6644651e+02      
1.4128375e+02 1.6718452e+02      
1.4283078e+02 1.6746553e+02      
1.4348506e+02 1.6718207e+02      
1.4353825e+02 1.6634404e+02      
1.4512234e+02 1.6532996e+02      
1.4808399e+02 1.6424393e+02      
1.4950537e+02 1.6417846e+02      
1.4944725e+02 1.6501172e+02      
1.6049254e+02 1.4876330e+02      
1.6334595e+02 1.4698957e+02      
1.6730066e+02 1.4511048e+02      
1.7001226e+02 1.4342444e+02      
1.7087084e+02 1.4219211e+02      
1.7000482e+02 1.4151288e+02      
1.6778748e+02 1.4135690e+02      
1.6456601e+02 1.4160722e+02      
1.6078550e+02 1.4207327e+02      
1.5816929e+02 1.4251626e+02      
1.5700380e+02 1.4297597e+02      
1.5729613e+02 1.4346740e+02      
1.5886007e+02 1.4392201e+02      
1.5998037e+02 1.4405075e+02      
1.6048774e+02 1.4376381e+02      
1.6056635e+02 1.4305302e+02      
1.6198326e+02 1.4205501e+02      
1.6452906e+02 1.4089390e+02      
1.6554849e+02 1.4094106e+02      
1.6513562e+02 1.4197697e+02      
1.7689972e+02 1.2415456e+02      
1.7932222e+02 1.2218010e+02      
1.8249955e+02 1.2006828e+02      
1.8571078e+02 1.1796654e+02      
1.8671170e+02 1.1661242e+02      
1.8562550e+02 1.1605038e+02      
1.8286184e+02 1.1614295e+02      
1.7892598e+02 1.1665723e+02      
1.7556312e+02 1.1711335e+02      
1.7316398e+02 1.1751150e+02      
1.7183031e+02 1.1788012e+02      
1.7151757e+02 1.1821412e+02      
1.7194775e+02 1.1845294e+02      
1.7250062e+02 1.1848423e+02      
1.7295086e+02 1.1824520e+02      
1.7349454e+02 1.1773107e+02      
1.7473341e+02 1.1695319e+02      
1.7661172e+02 1.1604781e+02      
1.7701177e+02 1.1646190e+02      
1.7720449e+02 1.1712636e+02      
1.8965778e+02 9.7727360e+01      
1.9157429e+02 9.5591188e+01      
1.9414797e+02 9.3281067e+01      
1.9701526e+02 9.0911617e+01      
1.9765953e+02 8.9557669e+01      
1.9604779e+02 8.9225658e+01      
1.9271483e+02 8.9618027e+01      
1.8938725e+02 9.0017121e+01      
1.8653094e+02 9.0364499e+01      
1.8434547e+02 9.0673562e+01      
1.8290140e+02 9.0949105e+01      
1.8216148e+02 9.1172333e+01      
1.8196070e+02 9.1302223e+01      
1.8206587e+02 9.1290734e+01      
1.8235165e+02 9.1112705e+01      
1.8286872e+02 9.0781389e+01      
1.8372997e+02 9.0354511e+01      
1.8475151e+02 9.0042476e+01      
1.8542555e+02 9.0206557e+01      
1.8604022e+02 9.0582143e+01      
1.9876797e+02 6.9903373e+01      
2.0015256e+02 6.7655104e+01      
2.0204061e+02 6.5263521e+01      
2.0411601e+02 6.2842014e+01      
2.0401043e+02 6.1694971e+01      
2.0177114e+02 6.1682084e+01      
1.9903798e+02 6.1835806e+01      
1.9631577e+02 6.2021232e+01      
1.9387015e+02 6.2222897e+01      
1.9185850e+02 6.2433172e+01      
1.9035954e+02 6.2629959e+01      
1.8937128e+02 6.2781688e+01      
1.8882140e+02 6.2855463e+01      
1.8860849e+02 6.2828421e+01      
1.8866298e+02 6.2700879e+01      
1.8896836e+02 6.2505671e+01      
1.8950885e+02 6.2315349e+01      
1.9018783e+02 6.2246152e+01      
1.9089556e+02 6.2381232e+01      
1.9168250e+02 6.2651695e+01      
2.0426473e+02 4.1081260e+01      
2.0508354e+02 3.8771550e+01      
2.0615467e+02 3.6480244e+01      
2.0718168e+02 3.4303010e+01      
2.0620216e+02 3.3551989e+01      
2.0435145e+02 3.3229984e+01      
2.0214008e+02 3.3071642e+01      
1.9985736e+02 3.3027095e+01      
1.9770151e+02 3.3087450e+01      
1.9581667e+02 3.3218642e+01      
1.9428942e+02 3.3366361e+01      
1.9314736e+02 3.3478878e+01      
1.9237077e+02 3.3520641e+01      
1.9191695e+02 3.3479655e+01      
1.9174644e+02 3.3372690e+01      
1.9183202e+02 3.3246692e+01      
1.9214419e+02 3.3172487e+01      
1.9263808e+02 3.3222910e+01      
1.9327962e+02 3.3428238e+01      
1.9408377e+02 3.3741460e+01      
2.0625183e+02 1.1604907e+01      
2.0653635e+02 9.2245925e+00      
2.0675501e+02 7.2110236e+00      
2.0660028e+02 5.6713924e+00      
2.0559279e+02 4.7538651e+00      
2.0400193e+02 4.1361569e+00      
2.0211252e+02 3.6738100e+00      
2.0010747e+02 3.4006493e+00      
1.9813070e+02 3.3551566e+00      
1.9631558e+02 3.4638898e+00      
1.9475853e+02 3.6137635e+00      
1.9350474e+02 3.7218708e+00      
1.9256132e+02 3.7438607e+00      
1.9191487e+02 3.6731898e+00      
1.9154610e+02 3.5407970e+00      
1.9143617e+02 3.4121857e+00      
1.9156475e+02 3.3744341e+00      
1.9190950e+02 3.5053248e+00      
1.9245558e+02 3.8296046e+00      
1.9320609e+02 4.2935574e+00      
2.0490328e+02 -1.8273515e+01      
2.0478060e+02 -2.0860561e+01      
2.0434570e+02 -2.2576904e+01      
2.0348710e+02 -2.3540555e+01      
2.0225104e+02 -2.4328342e+01      
2.0071875e+02 -2.5154886e+01      
1.9900017e+02 -2.5966243e+01      
1.9717183e+02 -2.6538221e+01      
1.9526163e+02 -2.6586245e+01      
1.9344769e+02 -2.6380277e+01      
1.9184308e+02 -2.6147772e+01      
1.9049332e+02 -2.6001785e+01      
1.8941395e+02 -2.5993342e+01      
1.8860539e+02 -2.6123707e+01      
1.8806238e+02 -2.6346655e+01      
1.8777846e+02 -2.6567827e+01      
1.8774560e+02 -2.6654421e+01      
1.8795295e+02 -2.6475124e+01      
1.8839095e+02 -2.5979535e+01      
1.8905617e+02 -2.5250370e+01      
2.0032815e+02 -4.8108869e+01      
1.9992682e+02 -5.1052855e+01      
1.9901320e+02 -5.2449887e+01      
1.9753032e+02 -5.2419315e+01      
1.9601796e+02 -5.2957057e+01      
1.9444804e+02 -5.4042472e+01      
1.9282584e+02 -5.5371798e+01      
1.9116175e+02 -5.6488046e+01      
1.8918123e+02 -5.6300327e+01      
1.8730760e+02 -5.5821106e+01      
1.8563903e+02 -5.5399990e+01      
1.8420149e+02 -5.5169687e+01      
1.8300438e+02 -5.5173809e+01      
1.8205248e+02 -5.5407451e+01      
1.8135006e+02 -5.5812602e+01      
1.8090423e+02 -5.6261214e+01      
1.8072201e+02 -5.6541241e+01      
1.8079957e+02 -5.6379444e+01      
1.8112497e+02 -5.5625787e+01      
1.8169411e+02 -5.4461134e+01      
1.9191715e+02 -7.5456395e+01      
1.9123846e+02 -7.8558391e+01      
1.9006267e+02 -7.9856869e+01      
1.8841582e+02 -7.9591475e+01      
1.8677325e+02 -8.0222777e+01      
1.8515782e+02 -8.1788646e+01      
1.8356500e+02 -8.3805848e+01      
1.8181910e+02 -8.5008774e+01      
1.7992050e+02 -8.5104044e+01      
1.7799373e+02 -8.4270490e+01      
1.7627147e+02 -8.3577280e+01      
1.7476008e+02 -8.3225079e+01      
1.7346009e+02 -8.3245561e+01      
1.7237633e+02 -8.3633421e+01      
1.7151817e+02 -8.4339180e+01      
1.7090822e+02 -8.5220539e+01      
1.7058226e+02 -8.5985719e+01      
1.7054809e+02 -8.6068792e+01      
1.7075261e+02 -8.4813680e+01      
1.7122942e+02 -8.2903667e+01      
1.8010182e+02 -9.9627130e+01      
1.7915730e+02 -1.0257991e+02      
1.7785359e+02 -1.0402843e+02      
1.7623899e+02 -1.0417558e+02      
1.7456676e+02 -1.0526391e+02      
1.7289287e+02 -1.0748408e+02      
1.7114273e+02 -1.0962408e+02      
1.6931664e+02 -1.1100918e+02      
1.6745849e+02 -1.1139676e+02      
1.6563506e+02 -1.1092771e+02      
1.6391297e+02 -1.1005386e+02      
1.6234793e+02 -1.0959476e+02      
1.6096135e+02 -1.0962903e+02      
1.5975538e+02 -1.1020654e+02      
1.5873298e+02 -1.1133339e+02      
1.5792879e+02 -1.1291779e+02      
1.5743004e+02 -1.1461035e+02      
1.5732800e+02 -1.1551863e+02      
1.5738492e+02 -1.1317265e+02      
1.5781363e+02 -1.1006805e+02      
1.6540862e+02 -1.2033988e+02      
1.6425944e+02 -1.2288045e+02      
1.6287810e+02 -1.2463767e+02      
1.6129591e+02 -1.2589338e+02      
1.5959872e+02 -1.2744663e+02      
1.5782058e+02 -1.2959589e+02      
1.5593974e+02 -1.3212071e+02      
1.5403604e+02 -1.3382554e+02      
1.5219983e+02 -1.3445178e+02      
1.5045849e+02 -1.3423155e+02      
1.4879189e+02 -1.3421512e+02      
1.4718637e+02 -1.3371446e+02      
1.4574117e+02 -1.3373824e+02      
1.4443363e+02 -1.3447618e+02      
1.4323307e+02 -1.3607860e+02      
1.4216159e+02 -1.3859681e+02      
1.4137544e+02 -1.4147544e+02      
1.4104101e+02 -1.4204616e+02      
1.4113918e+02 -1.3977054e+02      
1.4165273e+02 -1.3521969e+02      
1.4826537e+02 -1.3936776e+02      
1.4697028e+02 -1.4157520e+02      
1.4551323e+02 -1.4346303e+02      
1.4390507e+02 -1.4515843e+02      
1.4217644e+02 -1.4693280e+02      
1.4034765e+02 -1.4895421e+02      
1.3842094e+02 -1.5117297e+02      
1.3642471e+02 -1.5324656e+02      
1.3460749e+02 -1.5407926e+02      
1.3281652e+02 -1.5474415e+02      
1.3110636e+02 -1.5534138e+02      
1.2952589e+02 -1.5506304e+02      
1.2808333e+02 -1.5504657e+02      
1.2672781e+02 -1.5576504e+02      
1.2538179e+02 -1.5760725e+02      
1.2396651e+02 -1.6098257e+02      
1.2286548e+02 -1.6352180e+02      
1.2233549e+02 -1.6386377e+02      
1.2245347e+02 -1.6157470e+02      
1.2310921e+02 -1.5711277e+02      
1.2892272e+02 -1.5642776e+02      
1.2752820e+02 -1.5839819e+02      
1.2600531e+02 -1.6025019e+02      
1.2435904e+02 -1.6202422e+02      
1.2260456e+02 -1.6381847e+02      
1.2075750e+02 -1.6570029e+02      
1.1883133e+02 -1.6765021e+02      
1.1685959e+02 -1.6951732e+02      
1.1491603e+02 -1.7107036e+02      
1.1301668e+02 -1.7250727e+02      
1.1127080e+02 -1.7327577e+02      
1.0969812e+02 -1.7338510e+02      
1.0831815e+02 -1.7315056e+02      
1.0699963e+02 -1.7354829e+02      
1.0565877e+02 -1.7488447e+02      
1.0424335e+02 -1.7718331e+02      
1.0278660e+02 -1.7984166e+02      
1.0204045e+02 -1.8019156e+02      
1.0221004e+02 -1.7769890e+02      
1.0305740e+02 -1.7292178e+02      
1.0766344e+02 -1.7108630e+02      
1.0620313e+02 -1.7285740e+02      
1.0463239e+02 -1.7459568e+02      
1.0295681e+02 -1.7630445e+02      
1.0118803e+02 -1.7801368e+02      
9.9340318e+01 -1.7974620e+02      
9.7428333e+01 -1.8149892e+02      
9.5460644e+01 -1.8328114e+02      
9.3436475e+01 -1.8516868e+02      
9.1542701e+01 -1.8653589e+02      
8.9802641e+01 -1.8734038e+02      
8.8228994e+01 -1.8765891e+02      
8.6836509e+01 -1.8765731e+02      
8.5614686e+01 -1.8761556e+02      
8.4352045e+01 -1.8828893e+02      
8.3069941e+01 -1.8948829e+02      
8.1819531e+01 -1.9078482e+02      
8.0820880e+01 -1.9126478e+02      
8.1094495e+01 -1.8849630e+02      
8.1600083e+01 -1.8491959e+02      
8.4812891e+01 -1.8304024e+02      
8.3312377e+01 -1.8462798e+02      
8.1712718e+01 -1.8621826e+02      
8.0021988e+01 -1.8779829e+02      
7.8252243e+01 -1.8936888e+02      
7.6418292e+01 -1.9093116e+02      
7.4536367e+01 -1.9247971e+02      
7.2623224e+01 -1.9400820e+02      
7.0713416e+01 -1.9545166e+02      
6.8888023e+01 -1.9657494e+02      
6.7186905e+01 -1.9730882e+02      
6.5627361e+01 -1.9769583e+02      
6.4217857e+01 -1.9783814e+02      
6.2939339e+01 -1.9791606e+02      
6.1727139e+01 -1.9818514e+02      
6.0585846e+01 -1.9858359e+02      
5.9576853e+01 -1.9881206e+02      
5.8874784e+01 -1.9830264e+02      
5.8733913e+01 -1.9640580e+02      
5.8882231e+01 -1.9378645e+02      
