2.0556229e+01 2.2795602e+02      
2.0730293e+01 2.2638926e+02      
2.1279902e+01 2.2503487e+02      
2.2111237e+01 2.2393465e+02      
2.3079710e+01 2.2312908e+02      
2.3953744e+01 2.2264831e+02      
2.4322680e+01 2.2246061e+02      
2.3716665e+01 2.2246711e+02      
2.2598671e+01 2.2280258e+02      
2.1385100e+01 2.2352409e+02      
2.0327992e+01 2.2461101e+02      
1.9597931e+01 2.2601831e+02      
1.9309438e+01 2.2769191e+02      
1.9539430e+01 2.2957541e+02      
2.0338585e+01 2.3161251e+02      
2.1738470e+01 2.3374731e+02      
2.3756407e+01 2.3592388e+02      
2.6398811e+01 2.3808582e+02      
2.9663368e+01 2.4017616e+02      
3.3540401e+01 2.4213757e+02      
5.0130379e+01 2.1683588e+02      
5.0765365e+01 2.1521146e+02      
5.1839312e+01 2.1378541e+02      
5.3282464e+01 2.1260370e+02      
5.4977375e+01 2.1172437e+02      
5.6658806e+01 2.1121448e+02      
5.7700474e+01 2.1107221e+02      
5.6371360e+01 2.1082551e+02      
5.4371305e+01 2.1100696e+02      
5.2327736e+01 2.1165732e+02      
5.0543716e+01 2.1271807e+02      
4.9183894e+01 2.1411515e+02      
4.8348170e+01 2.1577683e+02      
4.8099332e+01 2.1763687e+02      
4.8475194e+01 2.1963429e+02      
4.9495720e+01 2.2171125e+02      
5.1168333e+01 2.2381100e+02      
5.3491366e+01 2.2587638e+02      
5.6456046e+01 2.2784940e+02      
6.0047508e+01 2.2967138e+02      
7.8418875e+01 2.0213652e+02      
7.9559217e+01 2.0043727e+02      
8.1205126e+01 1.9891815e+02      
8.3343208e+01 1.9761720e+02      
8.5935604e+01 1.9659903e+02      
8.8601109e+01 1.9596241e+02      
8.9527485e+01 1.9553747e+02      
8.8306679e+01 1.9530768e+02      
8.5251282e+01 1.9539734e+02      
8.2168667e+01 1.9603787e+02      
7.9527784e+01 1.9713085e+02      
7.7464742e+01 1.9856771e+02      
7.6033936e+01 2.0025719e+02      
7.5273655e+01 2.0212484e+02      
7.5201262e+01 2.0410831e+02      
7.5819477e+01 2.0615104e+02      
7.7122323e+01 2.0819770e+02      
7.9098206e+01 2.1019181e+02      
8.1731090e+01 2.1207500e+02      
8.5000718e+01 2.1378746e+02      
1.0491697e+02 1.8410186e+02      
1.0659743e+02 1.8231743e+02      
1.0881102e+02 1.8069568e+02      
1.1154372e+02 1.7924002e+02      
1.1495925e+02 1.7796864e+02      
1.1751942e+02 1.7691614e+02      
1.1843548e+02 1.7618614e+02      
1.1735039e+02 1.7589259e+02      
1.1432784e+02 1.7612244e+02      
1.1018256e+02 1.7687559e+02      
1.0668001e+02 1.7809001e+02      
1.0388838e+02 1.7963550e+02      
1.0184640e+02 1.8139936e+02      
1.0057079e+02 1.8330614e+02      
1.0004957e+02 1.8530001e+02      
1.0026215e+02 1.8733106e+02      
1.0118639e+02 1.8934854e+02      
1.0279993e+02 1.9129814e+02      
1.0507961e+02 1.9312163e+02      
1.0800031e+02 1.9475789e+02      
1.2913256e+02 1.6301822e+02      
1.3141809e+02 1.6115005e+02      
1.3426497e+02 1.5945898e+02      
1.3717792e+02 1.5785273e+02      
1.3998812e+02 1.5629043e+02      
1.4254589e+02 1.5476651e+02      
1.4365988e+02 1.5364894e+02      
1.4289220e+02 1.5317989e+02      
1.3974276e+02 1.5350817e+02      
1.3570087e+02 1.5444694e+02      
1.3146511e+02 1.5591300e+02      
1.2791337e+02 1.5765543e+02      
1.2528182e+02 1.5953722e+02      
1.2352619e+02 1.6150653e+02      
1.2258588e+02 1.6352805e+02      
1.2241166e+02 1.6556554e+02      
1.2296486e+02 1.6757612e+02      
1.2421349e+02 1.6950871e+02      
1.2612881e+02 1.7130495e+02      
1.2868240e+02 1.7290158e+02      
1.5055686e+02 1.3919820e+02      
1.5347722e+02 1.3722305e+02      
1.5729097e+02 1.3553992e+02      
1.6029700e+02 1.3381308e+02      
1.6230076e+02 1.3205685e+02      
1.6331642e+02 1.3023474e+02      
1.6470306e+02 1.2865826e+02      
1.6488340e+02 1.2784136e+02      
1.6277834e+02 1.2799870e+02      
1.5876636e+02 1.2912045e+02      
1.5328481e+02 1.3104452e+02      
1.4897957e+02 1.3305622e+02      
1.4586555e+02 1.3507019e+02      
1.4371994e+02 1.3710386e+02      
1.4242394e+02 1.3915644e+02      
1.4190361e+02 1.4121077e+02      
1.4210835e+02 1.4323379e+02      
1.4300053e+02 1.4517748e+02      
1.4454920e+02 1.4698172e+02      
1.4672536e+02 1.4857897e+02      
1.6869211e+02 1.1299098e+02      
1.7196477e+02 1.1078555e+02      
1.7611875e+02 1.0884064e+02      
1.7903816e+02 1.0697325e+02      
1.8041655e+02 1.0519203e+02      
1.8043291e+02 1.0347417e+02      
1.8110561e+02 1.0191731e+02      
1.8205196e+02 1.0062488e+02      
1.8060720e+02 1.0060398e+02      
1.7680149e+02 1.0184406e+02      
1.7111409e+02 1.0413627e+02      
1.6654611e+02 1.0634987e+02      
1.6319396e+02 1.0844746e+02      
1.6080338e+02 1.1051447e+02      
1.5924281e+02 1.1258283e+02      
1.5843345e+02 1.1465460e+02      
1.5832302e+02 1.1670651e+02      
1.5887481e+02 1.1869140e+02      
1.6006067e+02 1.2054338e+02      
1.6185505e+02 1.2218640e+02      
1.8319241e+02 8.4817785e+01      
1.8648163e+02 8.2292143e+01      
1.9053071e+02 7.9990255e+01      
1.9318885e+02 7.7994007e+01      
1.9414957e+02 7.6312630e+01      
1.9361983e+02 7.4908545e+01      
1.9372247e+02 7.3581160e+01      
1.9437844e+02 7.2305739e+01      
1.9306961e+02 7.2292019e+01      
1.8968383e+02 7.3529946e+01      
1.8458916e+02 7.5862248e+01      
1.8031306e+02 7.8061647e+01      
1.7700396e+02 8.0134899e+01      
1.7452726e+02 8.2173932e+01      
1.7280165e+02 8.4223687e+01      
1.7176667e+02 8.6303457e+01      
1.7137835e+02 8.8399753e+01      
1.7160804e+02 9.0461777e+01      
1.7243707e+02 9.2409617e+01      
1.7384860e+02 9.4150879e+01      
1.9391471e+02 5.5146334e+01      
1.9691938e+02 5.2276033e+01      
2.0044578e+02 4.9673893e+01      
2.0267541e+02 4.7628784e+01      
2.0340694e+02 4.6118212e+01      
2.0277382e+02 4.5078253e+01      
2.0243217e+02 4.4192868e+01      
2.0203748e+02 4.3620799e+01      
2.0057474e+02 4.3821266e+01      
1.9772991e+02 4.4919445e+01      
1.9395772e+02 4.6693219e+01      
1.9029361e+02 4.8643699e+01      
1.8719473e+02 5.0585739e+01      
1.8474874e+02 5.2521273e+01      
1.8294546e+02 5.4498916e+01      
1.8174501e+02 5.6566253e+01      
1.8111260e+02 5.8726024e+01      
1.8103363e+02 6.0915439e+01      
1.8150835e+02 6.3023149e+01      
1.8253615e+02 6.4926131e+01      
2.0091230e+02 2.4433732e+01      
2.0347047e+02 2.1179563e+01      
2.0594856e+02 1.8452714e+01      
2.0759607e+02 1.6502495e+01      
2.0823785e+02 1.5239114e+01      
2.0814219e+02 1.4432470e+01      
2.0783294e+02 1.3895251e+01      
2.0723971e+02 1.3686082e+01      
2.0585083e+02 1.4041034e+01      
2.0323199e+02 1.5135256e+01      
1.9995260e+02 1.6719981e+01      
1.9666494e+02 1.8484852e+01      
1.9376468e+02 2.0251203e+01      
1.9140715e+02 2.1997248e+01      
1.8960026e+02 2.3815834e+01      
1.8829062e+02 2.5831398e+01      
1.8743746e+02 2.8086583e+01      
1.8704768e+02 3.0487094e+01      
1.8715922e+02 3.2848730e+01      
1.8779964e+02 3.4991882e+01      
2.0435554e+02 -6.8777872e+00      
2.0675134e+02 -1.0764443e+01      
2.0882761e+02 -1.3853503e+01      
2.0988535e+02 -1.5496638e+01      
2.1023887e+02 -1.6256984e+01      
2.1026007e+02 -1.6652440e+01      
2.1017310e+02 -1.6917885e+01      
2.0991782e+02 -1.7020223e+01      
2.0902704e+02 -1.6681351e+01      
2.0613618e+02 -1.5368817e+01      
2.0275088e+02 -1.3670463e+01      
1.9950240e+02 -1.1940229e+01      
1.9670958e+02 -1.0362861e+01      
1.9448328e+02 -8.9394914e+00      
1.9276828e+02 -7.4556528e+00      
1.9141692e+02 -5.5763572e+00      
1.9034617e+02 -3.1582015e+00      
1.8960504e+02 -3.8093288e-01      
1.8932116e+02 2.3836091e+00      
1.8956819e+02 4.8584302e+00      
2.0432811e+02 -3.8265961e+01      
2.0695336e+02 -4.3211224e+01      
2.0928485e+02 -4.7205068e+01      
2.0948144e+02 -4.8015865e+01      
2.0924720e+02 -4.7825815e+01      
2.0911279e+02 -4.7557900e+01      
2.0927468e+02 -4.7570291e+01      
2.0952599e+02 -4.7716407e+01      
2.0848721e+02 -4.7188790e+01      
2.0589609e+02 -4.5840090e+01      
2.0214107e+02 -4.3834555e+01      
1.9870443e+02 -4.1996600e+01      
1.9595513e+02 -4.0622474e+01      
1.9395596e+02 -3.9759743e+01      
1.9254774e+02 -3.9051431e+01      
1.9126426e+02 -3.7492004e+01      
1.8994071e+02 -3.4757810e+01      
1.8869530e+02 -3.1198648e+01      
1.8795050e+02 -2.7804039e+01      
1.8781087e+02 -2.4924999e+01      
2.0071784e+02 -6.8963210e+01      
2.0370522e+02 -7.5253149e+01      
2.0550794e+02 -7.9156058e+01      
2.0574700e+02 -8.0102169e+01      
2.0479465e+02 -7.8590795e+01      
2.0428126e+02 -7.7332064e+01      
2.0460262e+02 -7.7070246e+01      
2.0456085e+02 -7.6926968e+01      
2.0344623e+02 -7.6272037e+01      
2.0105423e+02 -7.4878496e+01      
1.9765980e+02 -7.2900804e+01      
1.9401090e+02 -7.0867318e+01      
1.9134647e+02 -6.9701640e+01      
1.8966075e+02 -6.9553909e+01      
1.8892448e+02 -7.0413532e+01      
1.8779680e+02 -6.9335718e+01      
1.8621826e+02 -6.6171378e+01      
1.8418764e+02 -6.1121138e+01      
1.8299674e+02 -5.7012939e+01      
1.8253745e+02 -5.3779264e+01      
1.9317998e+02 -9.7638087e+01      
1.9557812e+02 -1.0385155e+02      
1.9697146e+02 -1.0768755e+02      
1.9715515e+02 -1.0863014e+02      
1.9634839e+02 -1.0712759e+02      
1.9522126e+02 -1.0464048e+02      
1.9487450e+02 -1.0365040e+02      
1.9484081e+02 -1.0356031e+02      
1.9378906e+02 -1.0295678e+02      
1.9147916e+02 -1.0148036e+02      
1.8818653e+02 -9.9360220e+01      
1.8517080e+02 -9.7696900e+01      
1.8281026e+02 -9.6758393e+01      
1.8124582e+02 -9.6796266e+01      
1.8046075e+02 -9.7870900e+01      
1.7932075e+02 -9.6923955e+01      
1.7773430e+02 -9.3813022e+01      
1.7574492e+02 -8.8700364e+01      
1.7445679e+02 -8.4516810e+01      
1.7382638e+02 -8.1165948e+01      
1.8081134e+02 -1.2121868e+02      
1.8287068e+02 -1.2771766e+02      
1.8398039e+02 -1.3164214e+02      
1.8399245e+02 -1.3229998e+02      
1.8305480e+02 -1.3028442e+02      
1.8211659e+02 -1.2851459e+02      
1.8144121e+02 -1.2750488e+02      
1.8087569e+02 -1.2707065e+02      
1.7996788e+02 -1.2670299e+02      
1.7770283e+02 -1.2514190e+02      
1.7512295e+02 -1.2353697e+02      
1.7268418e+02 -1.2223899e+02      
1.7061618e+02 -1.2138901e+02      
1.6900956e+02 -1.2102278e+02      
1.6776047e+02 -1.2078325e+02      
1.6649686e+02 -1.1959517e+02      
1.6508435e+02 -1.1707176e+02      
1.6363958e+02 -1.1351558e+02      
1.6252786e+02 -1.0993107e+02      
1.6186216e+02 -1.0669282e+02      
1.6520348e+02 -1.4179222e+02      
1.6648835e+02 -1.4683575e+02      
1.6734959e+02 -1.5092508e+02      
1.6717968e+02 -1.5114760e+02      
1.6654843e+02 -1.5034186e+02      
1.6577449e+02 -1.4943824e+02      
1.6497617e+02 -1.4873028e+02      
1.6409056e+02 -1.4819256e+02      
1.6289332e+02 -1.4757599e+02      
1.6112788e+02 -1.4654991e+02      
1.5909726e+02 -1.4541132e+02      
1.5708255e+02 -1.4439465e+02      
1.5524623e+02 -1.4358746e+02      
1.5365363e+02 -1.4294719e+02      
1.5226166e+02 -1.4222138e+02      
1.5096032e+02 -1.4099911e+02      
1.4969541e+02 -1.3901465e+02      
1.4852493e+02 -1.3632196e+02      
1.4757429e+02 -1.3324511e+02      
1.4692554e+02 -1.3012277e+02      
1.4697757e+02 -1.5996636e+02      
1.4769160e+02 -1.6375923e+02      
1.4809079e+02 -1.6663694e+02      
1.4797947e+02 -1.6780064e+02      
1.4750188e+02 -1.6797929e+02      
1.4680977e+02 -1.6776407e+02      
1.4597136e+02 -1.6740852e+02      
1.4497010e+02 -1.6697801e+02      
1.4373140e+02 -1.6641826e+02      
1.4221882e+02 -1.6568257e+02      
1.4052874e+02 -1.6485158e+02      
1.3880640e+02 -1.6404172e+02      
1.3716284e+02 -1.6331582e+02      
1.3565419e+02 -1.6265599e+02      
1.3428292e+02 -1.6194778e+02      
1.3302383e+02 -1.6099229e+02      
1.3186527e+02 -1.5953081e+02      
1.3083224e+02 -1.5734702e+02      
1.2997727e+02 -1.5448664e+02      
1.2934690e+02 -1.5127442e+02      
1.2652025e+02 -1.7583113e+02      
1.2685460e+02 -1.7883578e+02      
1.2696618e+02 -1.8116847e+02      
1.2678339e+02 -1.8261355e+02      
1.2632739e+02 -1.8331713e+02      
1.2565730e+02 -1.8354889e+02      
1.2481256e+02 -1.8349679e+02      
1.2379953e+02 -1.8325204e+02      
1.2260731e+02 -1.8284393e+02      
1.2124492e+02 -1.8229470e+02      
1.1976606e+02 -1.8165728e+02      
1.1825010e+02 -1.8100112e+02      
1.1676909e+02 -1.8038203e+02      
1.1537010e+02 -1.7982968e+02      
1.1407474e+02 -1.7935392e+02      
1.1289307e+02 -1.7894284e+02      
1.1183344e+02 -1.7830785e+02      
1.1089390e+02 -1.7661024e+02      
1.1009930e+02 -1.7366963e+02      
1.0947530e+02 -1.6991510e+02      
1.0416968e+02 -1.8923240e+02      
1.0424171e+02 -1.9176649e+02      
1.0415246e+02 -1.9381924e+02      
1.0386190e+02 -1.9529010e+02      
1.0336710e+02 -1.9621285e+02      
1.0268830e+02 -1.9670121e+02      
1.0184690e+02 -1.9686833e+02      
1.0085607e+02 -1.9679414e+02      
9.9725972e+01 -1.9653007e+02      
9.8476927e+01 -1.9611887e+02      
9.7147181e+01 -1.9560995e+02      
9.5786876e+01 -1.9506021e+02      
9.4444782e+01 -1.9452938e+02      
9.3158555e+01 -1.9408661e+02      
9.1953226e+01 -1.9384577e+02      
9.0851097e+01 -1.9407363e+02      
8.9890161e+01 -1.9489681e+02      
8.9021152e+01 -1.9370983e+02      
8.8282526e+01 -1.9048198e+02      
8.7661583e+01 -1.8546704e+02      
8.0270614e+01 -1.9994292e+02      
8.0147661e+01 -2.0216235e+02      
7.9901993e+01 -2.0401667e+02      
7.9507845e+01 -2.0544265e+02      
7.8957666e+01 -2.0644126e+02      
7.8257964e+01 -2.0706103e+02      
7.7421126e+01 -2.0736634e+02      
7.6460594e+01 -2.0741646e+02      
7.5391833e+01 -2.0726094e+02      
7.4236417e+01 -2.0694474e+02      
7.3024222e+01 -2.0651434e+02      
7.1790693e+01 -2.0602079e+02      
7.0570889e+01 -2.0552269e+02      
6.9394065e+01 -2.0509737e+02      
6.8280629e+01 -2.0487498e+02      
6.7236848e+01 -2.0513986e+02      
6.6251193e+01 -2.0602905e+02      
6.5427690e+01 -2.0492016e+02      
6.4765543e+01 -2.0176688e+02      
6.4277969e+01 -1.9680102e+02      
