2.7330963e+01 2.3196516e+02      
2.8153617e+01 2.2954064e+02      
2.9832500e+01 2.2722772e+02      
3.2258930e+01 2.2509796e+02      
3.5030714e+01 2.2317377e+02      
3.7154631e+01 2.2126097e+02      
3.6003681e+01 2.1816012e+02      
3.4177588e+01 2.1521853e+02      
3.2609045e+01 2.1273768e+02      
3.1638171e+01 2.1079379e+02      
3.1326274e+01 2.0941169e+02      
3.1635804e+01 2.0860041e+02      
3.2519970e+01 2.0835551e+02      
3.3949609e+01 2.0865645e+02      
3.5900692e+01 2.0946339e+02      
3.8302147e+01 2.1071184e+02      
4.0941294e+01 2.1230143e+02      
4.3494582e+01 2.1410455e+02      
4.5768307e+01 2.1600894e+02      
4.7780630e+01 2.1793059e+02      
5.6079440e+01 2.2276609e+02      
5.7397429e+01 2.2028629e+02      
5.9912787e+01 2.1794113e+02      
6.3676214e+01 2.1584957e+02      
6.8058176e+01 2.1402084e+02      
7.0148633e+01 2.1160562e+02      
6.9367707e+01 2.0847894e+02      
6.6305976e+01 2.0497624e+02      
6.3772506e+01 2.0203171e+02      
6.2299649e+01 1.9972925e+02      
6.1769373e+01 1.9806289e+02      
6.1972247e+01 1.9702607e+02      
6.2796492e+01 1.9661185e+02      
6.4214683e+01 1.9679953e+02      
6.6263003e+01 1.9755043e+02      
6.8991761e+01 1.9880771e+02      
7.2146712e+01 2.0045405e+02      
7.4846337e+01 2.0225727e+02      
7.6789713e+01 2.0408442e+02      
7.7992024e+01 2.0584071e+02      
8.2939461e+01 2.1003234e+02      
8.4545408e+01 2.0742411e+02      
8.7628339e+01 2.0493696e+02      
9.2647169e+01 2.0272897e+02      
9.6988470e+01 2.0028666e+02      
9.9158959e+01 1.9743241e+02      
9.8685207e+01 1.9419619e+02      
9.6055340e+01 1.9076517e+02      
9.2705805e+01 1.8748055e+02      
9.1047916e+01 1.8487902e+02      
9.0523800e+01 1.8295812e+02      
9.0724059e+01 1.8171668e+02      
9.1499817e+01 1.8115970e+02      
9.2843223e+01 1.8127030e+02      
9.4878404e+01 1.8200810e+02      
9.7932730e+01 1.8333368e+02      
1.0220591e+02 1.8519349e+02      
1.0509448e+02 1.8706402e+02      
1.0665443e+02 1.8888054e+02      
1.0689475e+02 1.9053447e+02      
1.0740812e+02 1.9400514e+02      
1.0897495e+02 1.9118503e+02      
1.1177103e+02 1.8836057e+02      
1.1586024e+02 1.8555909e+02      
1.2063692e+02 1.8263551e+02      
1.2313448e+02 1.7940458e+02      
1.2277307e+02 1.7600536e+02      
1.2018821e+02 1.7252750e+02      
1.1823924e+02 1.6924379e+02      
1.1732666e+02 1.6644310e+02      
1.1716128e+02 1.6428579e+02      
1.1749045e+02 1.6285068e+02      
1.1821259e+02 1.6217626e+02      
1.1934383e+02 1.6225162e+02      
1.2104889e+02 1.6301585e+02      
1.2369550e+02 1.6438170e+02      
1.2751637e+02 1.6620478e+02      
1.2992510e+02 1.6813479e+02      
1.3100821e+02 1.7002082e+02      
1.3079266e+02 1.7173722e+02      
1.2915250e+02 1.7500646e+02      
1.3046299e+02 1.7192858e+02      
1.3268905e+02 1.6873236e+02      
1.3572911e+02 1.6544088e+02      
1.3919757e+02 1.6201458e+02      
1.4211943e+02 1.5840067e+02      
1.4176741e+02 1.5485192e+02      
1.4096013e+02 1.5126560e+02      
1.4068919e+02 1.4781310e+02      
1.4106144e+02 1.4472575e+02      
1.4147166e+02 1.4229412e+02      
1.4202880e+02 1.4064525e+02      
1.4267608e+02 1.3987456e+02      
1.4341456e+02 1.3997963e+02      
1.4443708e+02 1.4084788e+02      
1.4591780e+02 1.4232850e+02      
1.4767788e+02 1.4422976e+02      
1.4891723e+02 1.4630453e+02      
1.4942400e+02 1.4834862e+02      
1.4926752e+02 1.5021925e+02      
1.4796084e+02 1.5341731e+02      
1.4895791e+02 1.5006995e+02      
1.5066199e+02 1.4652291e+02      
1.5288871e+02 1.4282958e+02      
1.5528991e+02 1.3902957e+02      
1.5727007e+02 1.3516030e+02      
1.5816172e+02 1.3130582e+02      
1.5881010e+02 1.2747754e+02      
1.6003625e+02 1.2371684e+02      
1.6223599e+02 1.2012099e+02      
1.6325883e+02 1.1728858e+02      
1.6427129e+02 1.1532072e+02      
1.6484091e+02 1.1446716e+02      
1.6492609e+02 1.1473444e+02      
1.6505744e+02 1.1583912e+02      
1.6532553e+02 1.1759055e+02      
1.6556385e+02 1.1979187e+02      
1.6560051e+02 1.2217923e+02      
1.6544650e+02 1.2449095e+02      
1.6521518e+02 1.2656540e+02      
1.6366320e+02 1.2965745e+02      
1.6437331e+02 1.2604082e+02      
1.6570311e+02 1.2214413e+02      
1.6744088e+02 1.1806190e+02      
1.6919256e+02 1.1394255e+02      
1.7078377e+02 1.0980282e+02      
1.7214945e+02 1.0567957e+02      
1.7358511e+02 1.0160226e+02      
1.7557732e+02 9.7561136e+01      
1.7842965e+02 9.3547276e+01      
1.8183421e+02 8.9754786e+01      
1.8386145e+02 8.7256553e+01      
1.8449384e+02 8.6279522e+01      
1.8361714e+02 8.6896600e+01      
1.8291579e+02 8.8344270e+01      
1.8214007e+02 9.0532873e+01      
1.8109262e+02 9.3273079e+01      
1.7986532e+02 9.6222953e+01      
1.7895226e+02 9.8919555e+01      
1.7844516e+02 1.0122433e+02      
1.7609660e+02 1.0417823e+02      
1.7655517e+02 1.0030516e+02      
1.7765140e+02 9.6049441e+01      
1.7926306e+02 9.1495883e+01      
1.8055506e+02 8.7098214e+01      
1.8192435e+02 8.2688932e+01      
1.8337301e+02 7.8330585e+01      
1.8504827e+02 7.4083246e+01      
1.8733175e+02 6.9861729e+01      
1.9062257e+02 6.5502770e+01      
1.9494826e+02 6.1030705e+01      
1.9771189e+02 5.8036909e+01      
1.9880020e+02 5.6797784e+01      
1.9851071e+02 5.7238149e+01      
1.9747407e+02 5.8994664e+01      
1.9582680e+02 6.1786081e+01      
1.9354077e+02 6.5308287e+01      
1.9081640e+02 6.9103495e+01      
1.8923893e+02 7.2184906e+01      
1.8846182e+02 7.4683215e+01      
1.8511277e+02 7.7455314e+01      
1.8531427e+02 7.3365462e+01      
1.8615757e+02 6.8804127e+01      
1.8756968e+02 6.3841219e+01      
1.8879902e+02 5.9023964e+01      
1.9000541e+02 5.4327907e+01      
1.9139298e+02 4.9707403e+01      
1.9296347e+02 4.5365489e+01      
1.9514810e+02 4.1173703e+01      
1.9830897e+02 3.6821948e+01      
2.0255564e+02 3.2126164e+01      
2.0564951e+02 2.8735991e+01      
2.0708593e+02 2.7287615e+01      
2.0699673e+02 2.7806735e+01      
2.0566091e+02 3.0019035e+01      
2.0325199e+02 3.3555808e+01      
1.9998945e+02 3.7896256e+01      
1.9744600e+02 4.1701439e+01      
1.9581244e+02 4.4858208e+01      
1.9494514e+02 4.7437943e+01      
1.9060794e+02 4.9972535e+01      
1.9051253e+02 4.5732470e+01      
1.9101972e+02 4.0967596e+01      
1.9208252e+02 3.5738771e+01      
1.9303723e+02 3.0673974e+01      
1.9397256e+02 2.5765526e+01      
1.9535858e+02 2.0721391e+01      
1.9713049e+02 1.5878494e+01      
1.9891578e+02 1.1999113e+01      
2.0142955e+02 8.1484080e+00      
2.0470640e+02 4.0408896e+00      
2.0809029e+02 1.3661592e-01      
2.0962350e+02 -1.3690170e+00      
2.0939077e+02 -4.7977256e-01      
2.0765021e+02 2.4059673e+00      
2.0469543e+02 6.6989630e+00      
2.0201790e+02 1.0756803e+01      
1.9994779e+02 1.4331383e+01      
1.9854521e+02 1.7389343e+01      
1.9775767e+02 1.9946056e+01      
1.9254623e+02 2.2203416e+01      
1.9210669e+02 1.7892969e+01      
1.9218952e+02 1.3057522e+01      
1.9276080e+02 7.7512518e+00      
1.9330906e+02 2.5745619e+00      
1.9422191e+02 -2.8718535e+00      
1.9561451e+02 -8.4700665e+00      
1.9709370e+02 -1.3277304e+01      
1.9864621e+02 -1.7125703e+01      
2.0044905e+02 -2.0249656e+01      
2.0294219e+02 -2.3722071e+01      
2.0582778e+02 -2.7430820e+01      
2.0703374e+02 -2.8566498e+01      
2.0644661e+02 -2.7012982e+01      
2.0436943e+02 -2.3398700e+01      
2.0214731e+02 -1.9612179e+01      
2.0017341e+02 -1.6019950e+01      
1.9861362e+02 -1.2747371e+01      
1.9752612e+02 -9.8544854e+00      
1.9691149e+02 -7.3781364e+00      
1.9096570e+02 -5.4015231e+00      
1.9014956e+02 -9.7139734e+00      
1.8974906e+02 -1.4496555e+01      
1.8972867e+02 -1.9659546e+01      
1.9001968e+02 -2.5102931e+01      
1.9078429e+02 -3.1016260e+01      
1.9177490e+02 -3.6558636e+01      
1.9288437e+02 -4.1225581e+01      
1.9410615e+02 -4.4868290e+01      
1.9551130e+02 -4.7700294e+01      
1.9725775e+02 -5.0351750e+01      
1.9934550e+02 -5.3445441e+01      
1.9996879e+02 -5.3824816e+01      
1.9901229e+02 -5.1497991e+01      
1.9758791e+02 -4.8521385e+01      
1.9609277e+02 -4.5359770e+01      
1.9474319e+02 -4.2221279e+01      
1.9366162e+02 -3.9241882e+01      
1.9291138e+02 -3.6525200e+01      
1.9251219e+02 -3.4146040e+01      
1.8597124e+02 -3.2415010e+01      
1.8476986e+02 -3.6694139e+01      
1.8389979e+02 -4.1405878e+01      
1.8336883e+02 -4.6466455e+01      
1.8320179e+02 -5.1803900e+01      
1.8344212e+02 -5.7364152e+01      
1.8404192e+02 -6.2916764e+01      
1.8477918e+02 -6.7407436e+01      
1.8563381e+02 -7.0621813e+01      
1.8659398e+02 -7.2813011e+01      
1.8780617e+02 -7.5127509e+01      
1.8908477e+02 -7.7460557e+01      
1.8913619e+02 -7.6958530e+01      
1.8855839e+02 -7.5283867e+01      
1.8770085e+02 -7.2995195e+01      
1.8678610e+02 -7.0364248e+01      
1.8595995e+02 -6.7591391e+01      
1.8531354e+02 -6.4849787e+01      
1.8489572e+02 -6.2278883e+01      
1.8472699e+02 -5.9982613e+01      
1.7772382e+02 -5.8423196e+01      
1.7613994e+02 -6.2658268e+01      
1.7480907e+02 -6.7312503e+01      
1.7376275e+02 -7.2280825e+01      
1.7305517e+02 -7.7415345e+01      
1.7274264e+02 -8.2534305e+01      
1.7282343e+02 -8.7410157e+01      
1.7320303e+02 -9.1666189e+01      
1.7374065e+02 -9.4294504e+01      
1.7439764e+02 -9.6370631e+01      
1.7510390e+02 -9.8200559e+01      
1.7564361e+02 -9.9489809e+01      
1.7567999e+02 -9.9466647e+01      
1.7536277e+02 -9.8418610e+01      
1.7489790e+02 -9.6655255e+01      
1.7443167e+02 -9.4394475e+01      
1.7405366e+02 -9.1857155e+01      
1.7380635e+02 -8.9257137e+01      
1.7370881e+02 -8.6770076e+01      
1.7377173e+02 -8.4520694e+01      
1.6643645e+02 -8.3019213e+01      
1.6447790e+02 -8.7208403e+01      
1.6267852e+02 -9.1835152e+01      
1.6107673e+02 -9.6782231e+01      
1.5977161e+02 -1.0181691e+02      
1.5889981e+02 -1.0660637e+02      
1.5852505e+02 -1.1085282e+02      
1.5859337e+02 -1.1428441e+02      
1.5894313e+02 -1.1671271e+02      
1.5937650e+02 -1.1855779e+02      
1.5972789e+02 -1.2004756e+02      
1.5987307e+02 -1.2106005e+02      
1.5977183e+02 -1.2132153e+02      
1.5953812e+02 -1.2071066e+02      
1.5932402e+02 -1.1928645e+02      
1.5922622e+02 -1.1720956e+02      
1.5926481e+02 -1.1472756e+02      
1.5940396e+02 -1.1213304e+02      
1.5961766e+02 -1.0964714e+02      
1.5990609e+02 -1.0739882e+02      
1.5237421e+02 -1.0580432e+02      
1.5006338e+02 -1.0993651e+02      
1.4779279e+02 -1.1456806e+02      
1.4556316e+02 -1.1964218e+02      
1.4351481e+02 -1.2487085e+02      
1.4203104e+02 -1.2954767e+02      
1.4126069e+02 -1.3331837e+02      
1.4117672e+02 -1.3602558e+02      
1.4156174e+02 -1.3777542e+02      
1.4192567e+02 -1.3917120e+02      
1.4204352e+02 -1.4043684e+02      
1.4186309e+02 -1.4151312e+02      
1.4147273e+02 -1.4216003e+02      
1.4116365e+02 -1.4192301e+02      
1.4110442e+02 -1.4069983e+02      
1.4135715e+02 -1.3859222e+02      
1.4186562e+02 -1.3587964e+02      
1.4241471e+02 -1.3311365e+02      
1.4293227e+02 -1.3054787e+02      
1.4343143e+02 -1.2826263e+02      
1.3584878e+02 -1.2639785e+02      
1.3323992e+02 -1.3042703e+02      
1.3054555e+02 -1.3502928e+02      
1.2765869e+02 -1.4030806e+02      
1.2459023e+02 -1.4621727e+02      
1.2244927e+02 -1.5093429e+02      
1.2133100e+02 -1.5433446e+02      
1.2123848e+02 -1.5632396e+02      
1.2206358e+02 -1.5686673e+02      
1.2249491e+02 -1.5768548e+02      
1.2242862e+02 -1.5878088e+02      
1.2188809e+02 -1.6006903e+02      
1.2096398e+02 -1.6144565e+02      
1.2045621e+02 -1.6159017e+02      
1.2048696e+02 -1.6048289e+02      
1.2109610e+02 -1.5818755e+02      
1.2223920e+02 -1.5483133e+02      
1.2321615e+02 -1.5177586e+02      
1.2400854e+02 -1.4910310e+02      
1.2468651e+02 -1.4677316e+02      
1.1720182e+02 -1.4446008e+02      
1.1439011e+02 -1.4829549e+02      
1.1141303e+02 -1.5271348e+02      
1.0810005e+02 -1.5786407e+02      
1.0442736e+02 -1.6368488e+02      
1.0185176e+02 -1.6820106e+02      
1.0046819e+02 -1.7127519e+02      
1.0029218e+02 -1.7284759e+02      
1.0122981e+02 -1.7294947e+02      
1.0160834e+02 -1.7347171e+02      
1.0134335e+02 -1.7445852e+02      
1.0049057e+02 -1.7582736e+02      
9.9172905e+01 -1.7742835e+02      
9.8479470e+01 -1.7775636e+02      
9.8546113e+01 -1.7672155e+02      
9.9399427e+01 -1.7436558e+02      
1.0096248e+02 -1.7084563e+02      
1.0224909e+02 -1.6767840e+02      
1.0323701e+02 -1.6496663e+02      
1.0403736e+02 -1.6262532e+02      
9.6781425e+01 -1.5972036e+02      
9.3885360e+01 -1.6325494e+02      
9.0827036e+01 -1.6728848e+02      
8.7465927e+01 -1.7190333e+02      
8.3753725e+01 -1.7702028e+02      
8.1089638e+01 -1.8102309e+02      
7.9520006e+01 -1.8379083e+02      
7.9056062e+01 -1.8528095e+02      
7.9651369e+01 -1.8553745e+02      
7.9724492e+01 -1.8610110e+02      
7.9222245e+01 -1.8703686e+02      
7.8155023e+01 -1.8832001e+02      
7.6612601e+01 -1.8981599e+02      
7.5815548e+01 -1.9012406e+02      
7.5876565e+01 -1.8914008e+02      
7.6812250e+01 -1.8689503e+02      
7.8549997e+01 -1.8354393e+02      
7.9953858e+01 -1.8049698e+02      
8.1015031e+01 -1.7786421e+02      
8.1861488e+01 -1.7557105e+02      
7.4925676e+01 -1.7199095e+02      
7.2049272e+01 -1.7514618e+02      
6.9078786e+01 -1.7866338e+02      
6.6010808e+01 -1.8248261e+02      
6.3011667e+01 -1.8634227e+02      
6.0576237e+01 -1.8963930e+02      
5.8893926e+01 -1.9211119e+02      
5.7961270e+01 -1.9371983e+02      
5.7560892e+01 -1.9465426e+02      
5.7118187e+01 -1.9545285e+02      
5.6388458e+01 -1.9634066e+02      
5.5272868e+01 -1.9738501e+02      
5.3784948e+01 -1.9851252e+02      
5.3026812e+01 -1.9863872e+02      
5.3051734e+01 -1.9769427e+02      
5.3867824e+01 -1.9570649e+02      
5.5441476e+01 -1.9279395e+02      
5.6720612e+01 -1.9006642e+02      
5.7718797e+01 -1.8762178e+02      
5.8532406e+01 -1.8543486e+02      
