1.1524718e+01 2.4382831e+02      
9.2010009e+00 2.4160462e+02      
7.2156930e+00 2.3947627e+02      
5.5536389e+00 2.3750939e+02      
4.2182646e+00 2.3574826e+02      
3.1568617e+00 2.3414926e+02      
2.1962851e+00 2.3252688e+02      
1.3582632e+00 2.3090277e+02      
8.5403883e-01 2.2950515e+02      
7.6571197e-01 2.2842538e+02      
1.0985279e+00 2.2767566e+02      
1.8482378e+00 2.2725542e+02      
3.0121292e+00 2.2716019e+02      
4.5895121e+00 2.2738319e+02      
6.5804160e+00 2.2791532e+02      
8.9848706e+00 2.2874375e+02      
1.1803457e+01 2.2984885e+02      
1.5039203e+01 2.3119948e+02      
1.8699816e+01 2.3274855e+02      
2.2798042e+01 2.3443181e+02      
4.0282607e+01 2.3239050e+02      
3.8253797e+01 2.2995469e+02      
3.6513195e+01 2.2763118e+02      
3.5042438e+01 2.2551285e+02      
3.3914161e+01 2.2369378e+02      
3.3168634e+01 2.2219758e+02      
3.2218370e+01 2.2038479e+02      
3.1096202e+01 2.1827654e+02      
3.0438818e+01 2.1654458e+02      
3.0259647e+01 2.1520744e+02      
3.0505607e+01 2.1422869e+02      
3.1151564e+01 2.1359202e+02      
3.2187902e+01 2.1328668e+02      
3.3611601e+01 2.1330467e+02      
3.5420819e+01 2.1363996e+02      
3.7612574e+01 2.1428687e+02      
4.0183017e+01 2.1523561e+02      
4.3131158e+01 2.1646372e+02      
4.6465199e+01 2.1792533e+02      
5.0205211e+01 2.1954677e+02      
6.8047672e+01 2.1726993e+02      
6.6423272e+01 2.1455993e+02      
6.4982413e+01 2.1198530e+02      
6.3649966e+01 2.0966424e+02      
6.2591756e+01 2.0768964e+02      
6.1939708e+01 2.0604364e+02      
6.0991476e+01 2.0405297e+02      
5.9780763e+01 2.0173464e+02      
5.9073970e+01 1.9978080e+02      
5.8856062e+01 1.9823569e+02      
5.9034520e+01 1.9705808e+02      
5.9574560e+01 1.9622545e+02      
6.0469122e+01 1.9572273e+02      
6.1718125e+01 1.9554122e+02      
6.3320068e+01 1.9567938e+02      
6.5268957e+01 1.9614281e+02      
6.7552914e+01 1.9694060e+02      
7.0159375e+01 1.9807153e+02      
7.3092985e+01 1.9949758e+02      
7.6387889e+01 2.0112791e+02      
9.4387769e+01 1.9871710e+02      
9.3366491e+01 1.9563988e+02      
9.2378007e+01 1.9273103e+02      
9.0992197e+01 1.9016386e+02      
8.9720413e+01 1.8795774e+02      
8.8901011e+01 1.8603887e+02      
8.7949045e+01 1.8389033e+02      
8.6875275e+01 1.8152456e+02      
8.6303039e+01 1.7946239e+02      
8.6137418e+01 1.7776917e+02      
8.6274782e+01 1.7643238e+02      
8.6703896e+01 1.7543201e+02      
8.7441532e+01 1.7474867e+02      
8.8497214e+01 1.7437217e+02      
8.9872182e+01 1.7430496e+02      
9.1559800e+01 1.7456653e+02      
9.3537159e+01 1.7519690e+02      
9.5759544e+01 1.7624664e+02      
9.8208288e+01 1.7770994e+02      
1.0095468e+02 1.7945250e+02      
1.1883439e+02 1.7705254e+02      
1.1869711e+02 1.7346929e+02      
1.1855302e+02 1.7010483e+02      
1.1668385e+02 1.6730853e+02      
1.1484959e+02 1.6489709e+02      
1.1350335e+02 1.6266020e+02      
1.1256695e+02 1.6038017e+02      
1.1198901e+02 1.5806930e+02      
1.1178581e+02 1.5594254e+02      
1.1177313e+02 1.5413762e+02      
1.1186477e+02 1.5268516e+02      
1.1215396e+02 1.5155359e+02      
1.1271460e+02 1.5071091e+02      
1.1355927e+02 1.5014367e+02      
1.1469054e+02 1.4985364e+02      
1.1611099e+02 1.4986860e+02      
1.1780021e+02 1.5026237e+02      
1.1964676e+02 1.5119387e+02      
1.2147542e+02 1.5283245e+02      
1.2353139e+02 1.5485419e+02      
1.4078965e+02 1.5269887e+02      
1.4165781e+02 1.4845025e+02      
1.4149767e+02 1.4466600e+02      
1.3999186e+02 1.4152942e+02      
1.3753923e+02 1.3904952e+02      
1.3577802e+02 1.3670995e+02      
1.3492267e+02 1.3431926e+02      
1.3488479e+02 1.3190326e+02      
1.3534850e+02 1.2962215e+02      
1.3558255e+02 1.2770757e+02      
1.3547638e+02 1.2620933e+02      
1.3555088e+02 1.2499702e+02      
1.3592447e+02 1.2402029e+02      
1.3654297e+02 1.2327158e+02      
1.3740570e+02 1.2273950e+02      
1.3855099e+02 1.2243594e+02      
1.3998952e+02 1.2246428e+02      
1.4157943e+02 1.2311993e+02      
1.4254068e+02 1.2520615e+02      
1.4374164e+02 1.2774606e+02      
1.5936535e+02 1.2629737e+02      
1.6017468e+02 1.2158353e+02      
1.6008749e+02 1.1734980e+02      
1.5890052e+02 1.1384144e+02      
1.5691525e+02 1.1105685e+02      
1.5493556e+02 1.0871128e+02      
1.5433190e+02 1.0617554e+02      
1.5498381e+02 1.0354925e+02      
1.5669342e+02 1.0094103e+02      
1.5728454e+02 9.8900060e+01      
1.5660775e+02 9.7490624e+01      
1.5650039e+02 9.6234232e+01      
1.5675728e+02 9.5141255e+01      
1.5713353e+02 9.4239861e+01      
1.5766673e+02 9.3471371e+01      
1.5848033e+02 9.2787178e+01      
1.5959674e+02 9.2379536e+01      
1.6043505e+02 9.3224101e+01      
1.6089264e+02 9.5425824e+01      
1.6117397e+02 9.8680441e+01      
1.7275701e+02 9.9138464e+01      
1.7379426e+02 9.3833107e+01      
1.7392950e+02 8.9059350e+01      
1.7295832e+02 8.5186984e+01      
1.7121850e+02 8.2167721e+01      
1.7015705e+02 7.9239378e+01      
1.7014235e+02 7.6410769e+01      
1.7128912e+02 7.3625729e+01      
1.7347677e+02 7.0808072e+01      
1.7457756e+02 6.8635510e+01      
1.7440052e+02 6.7170259e+01      
1.7466658e+02 6.5774368e+01      
1.7505465e+02 6.4552478e+01      
1.7509629e+02 6.3578758e+01      
1.7513477e+02 6.2709321e+01      
1.7545095e+02 6.1709902e+01      
1.7570535e+02 6.1517693e+01      
1.7574981e+02 6.2603594e+01      
1.7558619e+02 6.5032269e+01      
1.7535475e+02 6.8491423e+01      
1.8240807e+02 7.1135876e+01      
1.8283930e+02 6.5851347e+01      
1.8323901e+02 6.0447236e+01      
1.8243976e+02 5.6167483e+01      
1.8172026e+02 5.2120682e+01      
1.8157333e+02 4.8398163e+01      
1.8214269e+02 4.5372218e+01      
1.8355196e+02 4.2669039e+01      
1.8552080e+02 4.0093907e+01      
1.8730857e+02 3.7793052e+01      
1.8870981e+02 3.5812696e+01      
1.8991575e+02 3.4080973e+01      
1.9085356e+02 3.2675451e+01      
1.9021740e+02 3.1771781e+01      
1.8951371e+02 3.1181070e+01      
1.8887735e+02 3.0799831e+01      
1.8825407e+02 3.0729158e+01      
1.8744916e+02 3.2061346e+01      
1.8653281e+02 3.4902445e+01      
1.8562506e+02 3.8832879e+01      
1.8866611e+02 4.2537435e+01      
1.8864843e+02 3.7261887e+01      
1.8871014e+02 3.1742327e+01      
1.8858223e+02 2.6355243e+01      
1.8867693e+02 2.1062943e+01      
1.8932664e+02 1.6244600e+01      
1.9034860e+02 1.3398685e+01      
1.9220368e+02 1.0990391e+01      
1.9452914e+02 8.6150815e+00      
1.9708362e+02 6.1900940e+00      
1.9985555e+02 3.7598940e+00      
2.0188497e+02 1.6272773e+00      
2.0303371e+02 -4.4898188e-02      
2.0213755e+02 -8.2357949e-01      
2.0085224e+02 -1.0062836e+00      
1.9918377e+02 -5.7515278e-01      
1.9743505e+02 3.5950525e-01      
1.9566686e+02 2.0073549e+00      
1.9390009e+02 5.4229193e+00      
1.9239503e+02 9.1630134e+00      
1.9159263e+02 1.3761040e+01      
1.9133706e+02 8.4108584e+00      
1.9129364e+02 2.5340764e+00      
1.9145159e+02 -3.8141816e+00      
1.9198652e+02 -1.0320679e+01      
1.9292055e+02 -1.5375535e+01      
1.9450056e+02 -1.8708130e+01      
1.9708782e+02 -2.0715133e+01      
1.9996717e+02 -2.2817427e+01      
2.0313648e+02 -2.5363054e+01      
2.0622293e+02 -2.8080415e+01      
2.0876468e+02 -3.0623154e+01      
2.1047548e+02 -3.2703922e+01      
2.1047833e+02 -3.3735659e+01      
2.0908832e+02 -3.3644013e+01      
2.0628702e+02 -3.2336712e+01      
2.0348428e+02 -3.0382825e+01      
2.0056409e+02 -2.7622707e+01      
1.9787431e+02 -2.4099790e+01      
1.9562602e+02 -2.0369118e+01      
1.9117963e+02 -1.4681253e+01      
1.9080162e+02 -2.0053314e+01      
1.9070409e+02 -2.6179535e+01      
1.9090193e+02 -3.3286292e+01      
1.9141572e+02 -3.9857757e+01      
1.9242266e+02 -4.5050106e+01      
1.9413436e+02 -4.8611183e+01      
1.9664232e+02 -5.0826711e+01      
1.9979456e+02 -5.2539042e+01      
2.0364812e+02 -5.5419203e+01      
2.0721254e+02 -5.8623330e+01      
2.1022051e+02 -6.1677264e+01      
2.1244728e+02 -6.4227404e+01      
2.1300738e+02 -6.5501951e+01      
2.1193625e+02 -6.5359972e+01      
2.0949694e+02 -6.3862229e+01      
2.0615463e+02 -6.1195358e+01      
2.0193724e+02 -5.7385305e+01      
1.9829585e+02 -5.3378412e+01      
1.9517070e+02 -4.9337789e+01      
1.8744001e+02 -4.2291607e+01      
1.8698219e+02 -4.7506942e+01      
1.8681553e+02 -5.3362311e+01      
1.8692848e+02 -5.9864429e+01      
1.8731294e+02 -6.6656352e+01      
1.8824203e+02 -7.1989076e+01      
1.8992912e+02 -7.5496852e+01      
1.9237113e+02 -7.7537073e+01      
1.9533641e+02 -7.9930704e+01      
1.9887413e+02 -8.3095637e+01      
2.0285893e+02 -8.6953920e+01      
2.0628578e+02 -9.0632695e+01      
2.0886496e+02 -9.3682775e+01      
2.0972744e+02 -9.5172891e+01      
2.0889559e+02 -9.4986637e+01      
2.0661581e+02 -9.3246980e+01      
2.0315686e+02 -9.0136473e+01      
1.9894057e+02 -8.6022358e+01      
1.9480047e+02 -8.1628545e+01      
1.9073317e+02 -7.7054314e+01      
1.8044008e+02 -6.8658571e+01      
1.7992098e+02 -7.3579322e+01      
1.7968949e+02 -7.8963832e+01      
1.7974607e+02 -8.4724663e+01      
1.8010079e+02 -9.0621110e+01      
1.8084365e+02 -9.6059204e+01      
1.8247497e+02 -9.9348244e+01      
1.8459665e+02 -1.0217751e+02      
1.8716371e+02 -1.0516422e+02      
1.9018511e+02 -1.0857256e+02      
1.9362019e+02 -1.1248049e+02      
1.9727164e+02 -1.1677595e+02      
2.0004580e+02 -1.2032894e+02      
2.0100993e+02 -1.2195786e+02      
2.0019939e+02 -1.2160776e+02      
1.9786112e+02 -1.1951543e+02      
1.9420670e+02 -1.1589265e+02      
1.8963132e+02 -1.1118989e+02      
1.8556076e+02 -1.0681153e+02      
1.8196092e+02 -1.0269972e+02      
1.7030391e+02 -9.3444673e+01      
1.6973163e+02 -9.8019016e+01      
1.6943836e+02 -1.0292348e+02      
1.6943808e+02 -1.0802993e+02      
1.6975921e+02 -1.1312036e+02      
1.7048658e+02 -1.1779624e+02      
1.7175507e+02 -1.2159473e+02      
1.7347251e+02 -1.2496436e+02      
1.7557625e+02 -1.2829491e+02      
1.7803517e+02 -1.3179740e+02      
1.8080563e+02 -1.3558992e+02      
1.8379445e+02 -1.3970124e+02      
1.8658055e+02 -1.4369750e+02      
1.8739256e+02 -1.4523222e+02      
1.8634959e+02 -1.4444425e+02      
1.8389663e+02 -1.4199206e+02      
1.8009570e+02 -1.3793246e+02      
1.7622302e+02 -1.3379033e+02      
1.7264128e+02 -1.2984628e+02      
1.6946372e+02 -1.2616024e+02      
1.5720949e+02 -1.1634655e+02      
1.5658413e+02 -1.2057313e+02      
1.5622121e+02 -1.2504119e+02      
1.5613931e+02 -1.2962460e+02      
1.5636661e+02 -1.3414857e+02      
1.5694537e+02 -1.3840076e+02      
1.5790568e+02 -1.4225206e+02      
1.5922531e+02 -1.4579639e+02      
1.6085909e+02 -1.4921226e+02      
1.6275967e+02 -1.5264296e+02      
1.6487412e+02 -1.5619264e+02      
1.6715809e+02 -1.5997322e+02      
1.6933183e+02 -1.6370126e+02      
1.6961714e+02 -1.6463697e+02      
1.6804687e+02 -1.6298314e+02      
1.6575124e+02 -1.6058102e+02      
1.6280686e+02 -1.5743697e+02      
1.5966308e+02 -1.5401649e+02      
1.5660929e+02 -1.5059417e+02      
1.5379049e+02 -1.4729365e+02      
1.4138544e+02 -1.3707751e+02      
1.4070257e+02 -1.4097608e+02      
1.4025819e+02 -1.4506073e+02      
1.4006928e+02 -1.4922286e+02      
1.4015445e+02 -1.5333581e+02      
1.4053084e+02 -1.5727694e+02      
1.4120260e+02 -1.6097582e+02      
1.4215031e+02 -1.6444574e+02      
1.4333418e+02 -1.6775098e+02      
1.4470014e+02 -1.7095816e+02      
1.4618165e+02 -1.7411871e+02      
1.4770912e+02 -1.7729825e+02      
1.4900922e+02 -1.8021709e+02      
1.4864115e+02 -1.8023983e+02      
1.4733542e+02 -1.7903331e+02      
1.4541733e+02 -1.7710121e+02      
1.4306111e+02 -1.7462116e+02      
1.4047561e+02 -1.7179891e+02      
1.3786167e+02 -1.6883861e+02      
1.3535924e+02 -1.6588537e+02      
1.2310686e+02 -1.5536817e+02      
1.2236122e+02 -1.5896335e+02      
1.2182571e+02 -1.6270863e+02      
1.2151391e+02 -1.6651327e+02      
1.2143642e+02 -1.7028165e+02      
1.2159779e+02 -1.7392775e+02      
1.2199100e+02 -1.7739431e+02      
1.2259274e+02 -1.8066162e+02      
1.2336186e+02 -1.8373486e+02      
1.2423871e+02 -1.8661951e+02      
1.2514004e+02 -1.8929620e+02      
1.2593801e+02 -1.9167525e+02      
1.2634757e+02 -1.9336155e+02      
1.2594481e+02 -1.9365168e+02      
1.2485303e+02 -1.9289017e+02      
1.2324938e+02 -1.9140365e+02      
1.2127775e+02 -1.8938130e+02      
1.1908683e+02 -1.8699488e+02      
1.1681755e+02 -1.8440365e+02      
1.1458326e+02 -1.8174064e+02      
1.0268988e+02 -1.7097404e+02      
1.0187757e+02 -1.7428851e+02      
1.0124576e+02 -1.7772671e+02      
1.0080494e+02 -1.8121156e+02      
1.0056047e+02 -1.8466537e+02      
1.0051032e+02 -1.8801792e+02      
1.0064192e+02 -1.9121449e+02      
1.0092920e+02 -1.9421793e+02      
1.0133028e+02 -1.9700125e+02      
1.0178482e+02 -1.9953207e+02      
1.0220822e+02 -2.0175050e+02      
1.0247891e+02 -2.0353433e+02      
1.0242802e+02 -2.0466500e+02      
1.0190792e+02 -2.0494576e+02      
1.0090778e+02 -2.0441221e+02      
9.9504279e+01 -2.0321725e+02      
9.7796508e+01 -2.0151188e+02      
9.5890411e+01 -1.9943707e+02      
9.3888104e+01 -1.9712361e+02      
9.1877259e+01 -1.9468758e+02      
8.0484973e+01 -1.8368389e+02      
7.9604372e+01 -1.8673677e+02      
7.8875603e+01 -1.8989134e+02      
7.8306975e+01 -1.9308027e+02      
7.7900846e+01 -1.9623650e+02      
7.7651987e+01 -1.9929765e+02      
7.7545586e+01 -2.0220946e+02      
7.7555267e+01 -2.0492585e+02      
7.7641292e+01 -2.0740407e+02      
7.7748690e+01 -2.0959541e+02      
7.7805050e+01 -2.1143310e+02      
7.7719790e+01 -2.1282208e+02      
7.7393848e+01 -2.1364761e+02      
7.6751686e+01 -2.1382697e+02      
7.5773867e+01 -2.1336308e+02      
7.4492454e+01 -2.1232919e+02      
7.2968012e+01 -2.1082704e+02      
7.1273030e+01 -2.0896513e+02      
6.9480948e+01 -2.0684988e+02      
6.7657974e+01 -2.0458046e+02      
