3.3715889e+01 2.3227879e+02      
3.5098244e+01 2.3279959e+02      
3.7020585e+01 2.3376959e+02      
3.9406029e+01 2.3514126e+02      
4.2230192e+01 2.3687608e+02      
4.5385209e+01 2.3902346e+02      
4.6345321e+01 2.4062571e+02      
4.5225785e+01 2.4188953e+02      
4.4621787e+01 2.4369641e+02      
4.3686894e+01 2.4293123e+02      
4.2695258e+01 2.4146176e+02      
4.1866069e+01 2.3990511e+02      
4.1339119e+01 2.3848413e+02      
4.1201119e+01 2.3728293e+02      
4.1513438e+01 2.3634276e+02      
4.2311949e+01 2.3567154e+02      
4.3607560e+01 2.3524468e+02      
4.5396791e+01 2.3501746e+02      
4.7670805e+01 2.3493598e+02      
5.0419408e+01 2.3494266e+02      
6.2199355e+01 2.2170783e+02      
6.3954612e+01 2.2240223e+02      
6.6419317e+01 2.2370772e+02      
6.9481037e+01 2.2553287e+02      
7.2746535e+01 2.2744240e+02      
7.6103164e+01 2.2945617e+02      
7.6983257e+01 2.3115704e+02      
7.5641903e+01 2.3290297e+02      
7.5179000e+01 2.3546561e+02      
7.4315951e+01 2.3555565e+02      
7.2756757e+01 2.3326303e+02      
7.1324365e+01 2.3088282e+02      
7.0274561e+01 2.2881115e+02      
6.9686546e+01 2.2707998e+02      
6.9626044e+01 2.2571517e+02      
7.0123980e+01 2.2471478e+02      
7.1165485e+01 2.2402100e+02      
7.2724582e+01 2.2356055e+02      
7.4778205e+01 2.2326022e+02      
7.7308137e+01 2.2304904e+02      
8.9052994e+01 2.0712448e+02      
9.1084066e+01 2.0786960e+02      
9.4031206e+01 2.0945165e+02      
9.8004254e+01 2.1201100e+02      
1.0114951e+02 2.1384227e+02      
1.0338608e+02 2.1493302e+02      
1.0404038e+02 2.1649379e+02      
1.0316927e+02 2.1864318e+02      
1.0329127e+02 2.2164722e+02      
1.0272267e+02 2.2239991e+02      
1.0125142e+02 2.2085035e+02      
9.9214843e+01 2.1780727e+02      
9.7655622e+01 2.1521311e+02      
9.6533123e+01 2.1291186e+02      
9.6074289e+01 2.1114980e+02      
9.6285438e+01 2.0990192e+02      
9.7084057e+01 2.0902705e+02      
9.8411531e+01 2.0841377e+02      
1.0023018e+02 2.0797009e+02      
1.0251598e+02 2.0761287e+02      
1.1381045e+02 1.8869264e+02      
1.1591063e+02 1.8925806e+02      
1.1883635e+02 1.9065550e+02      
1.2264730e+02 1.9296749e+02      
1.2519429e+02 1.9458642e+02      
1.2614620e+02 1.9544482e+02      
1.2685635e+02 1.9702799e+02      
1.2737245e+02 1.9942968e+02      
1.2826361e+02 2.0245528e+02      
1.2790541e+02 2.0338884e+02      
1.2642200e+02 2.0229001e+02      
1.2458076e+02 2.0012475e+02      
1.2282928e+02 1.9762127e+02      
1.2109177e+02 1.9470583e+02      
1.2033727e+02 1.9273847e+02      
1.2034535e+02 1.9140835e+02      
1.2094540e+02 1.9047415e+02      
1.2205668e+02 1.8980776e+02      
1.2363461e+02 1.8931013e+02      
1.2565572e+02 1.8889038e+02      
1.3613699e+02 1.6669934e+02      
1.3813303e+02 1.6685434e+02      
1.4056812e+02 1.6767314e+02      
1.4315973e+02 1.6904840e+02      
1.4516632e+02 1.7045769e+02      
1.4644670e+02 1.7183056e+02      
1.4753736e+02 1.7362069e+02      
1.4867162e+02 1.7594827e+02      
1.4969697e+02 1.7839421e+02      
1.4922650e+02 1.7903803e+02      
1.4726029e+02 1.7776959e+02      
1.4546417e+02 1.7617172e+02      
1.4391282e+02 1.7431304e+02      
1.4264893e+02 1.7232926e+02      
1.4198052e+02 1.7070548e+02      
1.4192524e+02 1.6951023e+02      
1.4239227e+02 1.6864987e+02      
1.4331232e+02 1.6803687e+02      
1.4464632e+02 1.6758343e+02      
1.4638179e+02 1.6719454e+02      
1.5582267e+02 1.4154248e+02      
1.5771987e+02 1.4112871e+02      
1.5975085e+02 1.4134330e+02      
1.6164689e+02 1.4218796e+02      
1.6321907e+02 1.4344648e+02      
1.6450359e+02 1.4497431e+02      
1.6577444e+02 1.4684787e+02      
1.6723898e+02 1.4908768e+02      
1.6723744e+02 1.5015861e+02      
1.6668454e+02 1.5055811e+02      
1.6503970e+02 1.5012166e+02      
1.6345419e+02 1.4919687e+02      
1.6217321e+02 1.4800403e+02      
1.6124957e+02 1.4671687e+02      
1.6076748e+02 1.4554442e+02      
1.6074746e+02 1.4460380e+02      
1.6114379e+02 1.4391514e+02      
1.6189666e+02 1.4345147e+02      
1.6297548e+02 1.4314550e+02      
1.6439462e+02 1.4289158e+02      
1.7270070e+02 1.1368207e+02      
1.7466380e+02 1.1252530e+02      
1.7656101e+02 1.1209243e+02      
1.7794707e+02 1.1269500e+02      
1.7902686e+02 1.1394646e+02      
1.8000387e+02 1.1550784e+02      
1.8098842e+02 1.1720485e+02      
1.8180575e+02 1.1880830e+02      
1.8203990e+02 1.1981245e+02      
1.8138477e+02 1.2036389e+02      
1.7991871e+02 1.2049151e+02      
1.7856664e+02 1.2014108e+02      
1.7752912e+02 1.1946862e+02      
1.7684562e+02 1.1864792e+02      
1.7654335e+02 1.1783765e+02      
1.7661383e+02 1.1715632e+02      
1.7700016e+02 1.1667669e+02      
1.7760869e+02 1.1643562e+02      
1.7839361e+02 1.1639376e+02      
1.7943891e+02 1.1639868e+02      
1.8657021e+02 8.3639624e+01      
1.8882650e+02 8.1480974e+01      
1.9097217e+02 8.0134665e+01      
1.9167723e+02 8.0845621e+01      
1.9211268e+02 8.2360486e+01      
1.9260159e+02 8.4097821e+01      
1.9326837e+02 8.5719617e+01      
1.9367270e+02 8.7152252e+01      
1.9368698e+02 8.8216188e+01      
1.9301897e+02 8.8970527e+01      
1.9169241e+02 8.9466747e+01      
1.9054380e+02 8.9506173e+01      
1.8972739e+02 8.9193380e+01      
1.8926200e+02 8.8687017e+01      
1.8915088e+02 8.8133064e+01      
1.8936846e+02 8.7652840e+01      
1.8984263e+02 8.7348297e+01      
1.9037715e+02 8.7352685e+01      
1.9072860e+02 8.7761205e+01      
1.9128662e+02 8.8191317e+01      
1.9714142e+02 5.2081320e+01      
1.9977885e+02 4.8716642e+01      
2.0161512e+02 4.7006356e+01      
2.0232297e+02 4.7296608e+01      
2.0208293e+02 4.9312450e+01      
2.0192412e+02 5.1499604e+01      
2.0193638e+02 5.3395843e+01      
2.0195316e+02 5.4905655e+01      
2.0189279e+02 5.5969321e+01      
2.0128265e+02 5.6826651e+01      
2.0012879e+02 5.7542499e+01      
1.9918109e+02 5.7808327e+01      
1.9857652e+02 5.7700796e+01      
1.9833129e+02 5.7368464e+01      
1.9843659e+02 5.6958663e+01      
1.9886315e+02 5.6591876e+01      
1.9955240e+02 5.6369037e+01      
2.0020548e+02 5.6556106e+01      
1.9973177e+02 5.7801153e+01      
1.9969644e+02 5.8830406e+01      
2.0398786e+02 2.0021870e+01      
2.0636587e+02 1.6203581e+01      
2.0802176e+02 1.4066364e+01      
2.0872211e+02 1.3988335e+01      
2.0852432e+02 1.5749899e+01      
2.0780778e+02 1.8484803e+01      
2.0732891e+02 2.0643938e+01      
2.0694714e+02 2.2324311e+01      
2.0655411e+02 2.3577880e+01      
2.0602884e+02 2.4450912e+01      
2.0507842e+02 2.5233559e+01      
2.0433221e+02 2.5568872e+01      
2.0392661e+02 2.5521118e+01      
2.0391148e+02 2.5220555e+01      
2.0427781e+02 2.4822345e+01      
2.0489682e+02 2.4548265e+01      
2.0580309e+02 2.4367291e+01      
2.0587178e+02 2.5287641e+01      
2.0489535e+02 2.7341931e+01      
2.0442495e+02 2.8962321e+01      
2.0630620e+02 -1.0438018e+01      
2.0866917e+02 -1.5032598e+01      
2.1031327e+02 -1.7789598e+01      
2.1100161e+02 -1.8126862e+01      
2.1072177e+02 -1.6308800e+01      
2.1009634e+02 -1.4112701e+01      
2.0938439e+02 -1.2008404e+01      
2.0866870e+02 -1.0175736e+01      
2.0796415e+02 -8.7129734e+00      
2.0724657e+02 -7.6523896e+00      
2.0649595e+02 -6.9570430e+00      
2.0591878e+02 -6.6932039e+00      
2.0566512e+02 -6.8140166e+00      
2.0582966e+02 -7.1727110e+00      
2.0648220e+02 -7.6210680e+00      
2.0703271e+02 -7.5296615e+00      
2.0747377e+02 -7.0457147e+00      
2.0719419e+02 -5.5189902e+00      
2.0603129e+02 -2.8435332e+00      
2.0534153e+02 -7.6082860e-01      
2.0503698e+02 -4.0208577e+01      
2.0719588e+02 -4.4678713e+01      
2.0898766e+02 -4.8289050e+01      
2.0976010e+02 -4.8896761e+01      
2.0972581e+02 -4.8042629e+01      
2.0910042e+02 -4.6320448e+01      
2.0813339e+02 -4.4199132e+01      
2.0707883e+02 -4.2136545e+01      
2.0608289e+02 -4.0435464e+01      
2.0519137e+02 -3.9228328e+01      
2.0444291e+02 -3.8566401e+01      
2.0392585e+02 -3.8455071e+01      
2.0373503e+02 -3.8778275e+01      
2.0389015e+02 -3.9171415e+01      
2.0398313e+02 -3.8490334e+01      
2.0421659e+02 -3.7592669e+01      
2.0459033e+02 -3.6853236e+01      
2.0428013e+02 -3.5069932e+01      
2.0319479e+02 -3.2083953e+01      
2.0246699e+02 -2.9746525e+01      
2.0039964e+02 -6.9251998e+01      
2.0265488e+02 -7.3946385e+01      
2.0473608e+02 -7.7953262e+01      
2.0589686e+02 -7.9889592e+01      
2.0600025e+02 -7.9843370e+01      
2.0515442e+02 -7.8212114e+01      
2.0365575e+02 -7.5595551e+01      
2.0214269e+02 -7.3041957e+01      
2.0084156e+02 -7.1014026e+01      
1.9976701e+02 -6.9638542e+01      
1.9893064e+02 -6.8999286e+01      
1.9837488e+02 -6.9118160e+01      
1.9814129e+02 -6.9729914e+01      
1.9800296e+02 -6.9602830e+01      
1.9785343e+02 -6.8435537e+01      
1.9768251e+02 -6.6380504e+01      
1.9762642e+02 -6.4525333e+01      
1.9743137e+02 -6.2748772e+01      
1.9658920e+02 -5.9833363e+01      
1.9594752e+02 -5.7501370e+01      
1.9237495e+02 -9.7072679e+01      
1.9492868e+02 -1.0242950e+02      
1.9786600e+02 -1.0793836e+02      
1.9941733e+02 -1.1097844e+02      
1.9955677e+02 -1.1142801e+02      
1.9833219e+02 -1.0948147e+02      
1.9582772e+02 -1.0553091e+02      
1.9378490e+02 -1.0223544e+02      
1.9220438e+02 -9.9817370e+01      
1.9095695e+02 -9.8216970e+01      
1.8999891e+02 -9.7512938e+01      
1.8932573e+02 -9.7849572e+01      
1.8883298e+02 -9.8084177e+01      
1.8845445e+02 -9.7549185e+01      
1.8813470e+02 -9.5983985e+01      
1.8782335e+02 -9.3510626e+01      
1.8748294e+02 -9.0635659e+01      
1.8709586e+02 -8.8208145e+01      
1.8653898e+02 -8.5779031e+01      
1.8602393e+02 -8.3666735e+01      
1.8089240e+02 -1.2291532e+02      
1.8349418e+02 -1.2876674e+02      
1.8653971e+02 -1.3514742e+02      
1.8818078e+02 -1.3883609e+02      
1.8830234e+02 -1.3955400e+02      
1.8692615e+02 -1.3738924e+02      
1.8419430e+02 -1.3275554e+02      
1.8193714e+02 -1.2896639e+02      
1.8021097e+02 -1.2624627e+02      
1.7885158e+02 -1.2439282e+02      
1.7777573e+02 -1.2334153e+02      
1.7692272e+02 -1.2303526e+02      
1.7621219e+02 -1.2316076e+02      
1.7564300e+02 -1.2240141e+02      
1.7520471e+02 -1.2044415e+02      
1.7481241e+02 -1.1748488e+02      
1.7438981e+02 -1.1468480e+02      
1.7393424e+02 -1.1218881e+02      
1.7344683e+02 -1.0993891e+02      
1.7298576e+02 -1.0798795e+02      
1.6604801e+02 -1.4609609e+02      
1.6839014e+02 -1.5197675e+02      
1.7106999e+02 -1.5853372e+02      
1.7252375e+02 -1.6238495e+02      
1.7260542e+02 -1.6324477e+02      
1.7132645e+02 -1.6115184e+02      
1.6884714e+02 -1.5645769e+02      
1.6671222e+02 -1.5263019e+02      
1.6501832e+02 -1.4983949e+02      
1.6364375e+02 -1.4781578e+02      
1.6251285e+02 -1.4641182e+02      
1.6156697e+02 -1.4549711e+02      
1.6074741e+02 -1.4484956e+02      
1.6001812e+02 -1.4399803e+02      
1.5952433e+02 -1.4169673e+02      
1.5904985e+02 -1.3909474e+02      
1.5856717e+02 -1.3655639e+02      
1.5807632e+02 -1.3419899e+02      
1.5758627e+02 -1.3206371e+02      
1.5712123e+02 -1.3020111e+02      
1.4814288e+02 -1.6618115e+02      
1.5001504e+02 -1.7150687e+02      
1.5205258e+02 -1.7738547e+02      
1.5315244e+02 -1.8087606e+02      
1.5318727e+02 -1.8180068e+02      
1.5216319e+02 -1.8017505e+02      
1.5021538e+02 -1.7620481e+02      
1.4842791e+02 -1.7289181e+02      
1.4690867e+02 -1.7032077e+02      
1.4561118e+02 -1.6828871e+02      
1.4449801e+02 -1.6667043e+02      
1.4353471e+02 -1.6533607e+02      
1.4268969e+02 -1.6410302e+02      
1.4195288e+02 -1.6266283e+02      
1.4134040e+02 -1.6066083e+02      
1.4078491e+02 -1.5838627e+02      
1.4024941e+02 -1.5608266e+02      
1.3972480e+02 -1.5387266e+02      
1.3921247e+02 -1.5183282e+02      
1.3872104e+02 -1.5002333e+02      
1.2761770e+02 -1.8305324e+02      
1.2893819e+02 -1.8734488e+02      
1.3014883e+02 -1.9137495e+02      
1.3083805e+02 -1.9407281e+02      
1.3082638e+02 -1.9501057e+02      
1.3011548e+02 -1.9419559e+02      
1.2888459e+02 -1.9207133e+02      
1.2753637e+02 -1.8972508e+02      
1.2625891e+02 -1.8758414e+02      
1.2509566e+02 -1.8569001e+02      
1.2405190e+02 -1.8400461e+02      
1.2311939e+02 -1.8244855e+02      
1.2228648e+02 -1.8090179e+02      
1.2154493e+02 -1.7921367e+02      
1.2088415e+02 -1.7728970e+02      
1.2027943e+02 -1.7519200e+02      
1.1970750e+02 -1.7304309e+02      
1.1915579e+02 -1.7094461e+02      
1.1861956e+02 -1.6897361e+02      
1.1809843e+02 -1.6719163e+02      
1.0497260e+02 -1.9682981e+02      
1.0585661e+02 -2.0024896e+02      
1.0658091e+02 -2.0322207e+02      
1.0696853e+02 -2.0530781e+02      
1.0690952e+02 -2.0623353e+02      
1.0640341e+02 -2.0600074e+02      
1.0555771e+02 -2.0488403e+02      
1.0454399e+02 -2.0332106e+02      
1.0349624e+02 -2.0162954e+02      
1.0248345e+02 -1.9994439e+02      
1.0153518e+02 -1.9829703e+02      
1.0066115e+02 -1.9666369e+02      
9.9861622e+01 -1.9498883e+02      
9.9132264e+01 -1.9321001e+02      
9.8464240e+01 -1.9129682e+02      
9.7843743e+01 -1.8927694e+02      
9.7256208e+01 -1.8721625e+02      
9.6690318e+01 -1.8518734e+02      
9.6138404e+01 -1.8325584e+02      
9.5594951e+01 -1.8147831e+02      
8.0676432e+01 -2.0757977e+02      
8.1251603e+01 -2.1040247e+02      
8.1681977e+01 -2.1278856e+02      
8.1874250e+01 -2.1450506e+02      
8.1769046e+01 -2.1540246e+02      
8.1365389e+01 -2.1547732e+02      
8.0720137e+01 -2.1487070e+02      
7.9922832e+01 -2.1380207e+02      
7.9058125e+01 -2.1246875e+02      
7.8185368e+01 -2.1099495e+02      
7.7339480e+01 -2.0943853e+02      
7.6538326e+01 -2.0781266e+02      
7.5789028e+01 -2.0610568e+02      
7.5091815e+01 -2.0430078e+02      
7.4441863e+01 -2.0239573e+02      
7.3830655e+01 -2.0041386e+02      
7.3248072e+01 -1.9839965e+02      
7.2684312e+01 -1.9640680e+02      
7.2130556e+01 -1.9448909e+02      
7.1578478e+01 -1.9269610e+02      
