2.8434517e+01 2.3080743e+02      
2.8283858e+01 2.2955617e+02      
2.8601314e+01 2.2842019e+02      
2.9383712e+01 2.2744261e+02      
3.0628010e+01 2.2666550e+02      
3.2329585e+01 2.2612801e+02      
3.4470106e+01 2.2585767e+02      
3.6982616e+01 2.2584479e+02      
3.9686887e+01 2.2598166e+02      
4.2197581e+01 2.2591591e+02      
4.3647543e+01 2.2445347e+02      
4.4818936e+01 2.2280942e+02      
4.5999436e+01 2.2134898e+02      
4.7235448e+01 2.2019990e+02      
4.8456326e+01 2.1939547e+02      
4.9613684e+01 2.1891956e+02      
5.0755454e+01 2.1872298e+02      
5.2001894e+01 2.1873902e+02      
5.3474054e+01 2.1890074e+02      
5.5254886e+01 2.1914998e+02      
5.7758926e+01 2.2143421e+02      
5.7783849e+01 2.2021813e+02      
5.8286122e+01 2.1910569e+02      
5.9268502e+01 2.1814914e+02      
6.0740754e+01 2.1740436e+02      
6.2727645e+01 2.1693648e+02      
6.5275783e+01 2.1682792e+02      
6.8378971e+01 2.1712604e+02      
7.1767025e+01 2.1765847e+02      
7.4394052e+01 2.1730464e+02      
7.6036247e+01 2.1582620e+02      
7.6845931e+01 2.1349249e+02      
7.7788239e+01 2.1142193e+02      
7.8927963e+01 2.0981495e+02      
7.9984467e+01 2.0867723e+02      
8.0771825e+01 2.0795434e+02      
8.1377168e+01 2.0755749e+02      
8.2057109e+01 2.0737531e+02      
8.3010469e+01 2.0731370e+02      
8.4325488e+01 2.0730657e+02      
8.5695548e+01 2.0851121e+02      
8.5895505e+01 2.0729924e+02      
8.6572687e+01 2.0617598e+02      
8.7731102e+01 2.0520071e+02      
8.9385311e+01 2.0443698e+02      
9.1577070e+01 2.0396316e+02      
9.4427715e+01 2.0391547e+02      
9.8102804e+01 2.0445351e+02      
1.0160431e+02 2.0468850e+02      
1.0434656e+02 2.0412030e+02      
1.0614151e+02 2.0259028e+02      
1.0718805e+02 2.0026494e+02      
1.0805536e+02 1.9764887e+02      
1.0949484e+02 1.9564463e+02      
1.1056774e+02 1.9424337e+02      
1.1087496e+02 1.9337393e+02      
1.1061805e+02 1.9290495e+02      
1.1052390e+02 1.9262145e+02      
1.1086723e+02 1.9240090e+02      
1.1166757e+02 1.9218554e+02      
1.1180366e+02 1.9226401e+02      
1.1217511e+02 1.9101847e+02      
1.1301365e+02 1.8984318e+02      
1.1431763e+02 1.8880256e+02      
1.1609216e+02 1.8795869e+02      
1.1835908e+02 1.8737298e+02      
1.2116972e+02 1.8711011e+02      
1.2455012e+02 1.8716924e+02      
1.2829629e+02 1.8730162e+02      
1.3118320e+02 1.8663508e+02      
1.3297172e+02 1.8501130e+02      
1.3401895e+02 1.8256441e+02      
1.3576669e+02 1.8009133e+02      
1.3840570e+02 1.7785635e+02      
1.3971958e+02 1.7628180e+02      
1.3946697e+02 1.7538846e+02      
1.3777775e+02 1.7505312e+02      
1.3678678e+02 1.7477069e+02      
1.3651488e+02 1.7444666e+02      
1.3680230e+02 1.7406524e+02      
1.3567746e+02 1.7297461e+02      
1.3621738e+02 1.7165116e+02      
1.3720666e+02 1.7037743e+02      
1.3863211e+02 1.6922619e+02      
1.4047983e+02 1.6825576e+02      
1.4273493e+02 1.6750042e+02      
1.4537309e+02 1.6696274e+02      
1.4834060e+02 1.6658928e+02      
1.5150236e+02 1.6621876e+02      
1.5449350e+02 1.6552173e+02      
1.5609193e+02 1.6384055e+02      
1.5772980e+02 1.6175127e+02      
1.6005466e+02 1.5946704e+02      
1.6315177e+02 1.5712642e+02      
1.6455698e+02 1.5548708e+02      
1.6401087e+02 1.5463242e+02      
1.6174434e+02 1.5446391e+02      
1.6020847e+02 1.5420094e+02      
1.5946060e+02 1.5379365e+02      
1.5929519e+02 1.5327378e+02      
1.5695026e+02 1.5097898e+02      
1.5765950e+02 1.4952354e+02      
1.5879783e+02 1.4809623e+02      
1.6033614e+02 1.4679284e+02      
1.6224150e+02 1.4567643e+02      
1.6446986e+02 1.4475688e+02      
1.6694351e+02 1.4399904e+02      
1.6954266e+02 1.4333202e+02      
1.7212307e+02 1.4263218e+02      
1.7446869e+02 1.4169157e+02      
1.7635008e+02 1.4028473e+02      
1.7824190e+02 1.3852604e+02      
1.8057953e+02 1.3649858e+02      
1.8340724e+02 1.3426953e+02      
1.8464897e+02 1.3269293e+02      
1.8411354e+02 1.3183903e+02      
1.8198516e+02 1.3166530e+02      
1.8035614e+02 1.3132728e+02      
1.7932400e+02 1.3081897e+02      
1.7878697e+02 1.3017574e+02      
1.7529553e+02 1.2666745e+02      
1.7618178e+02 1.2500792e+02      
1.7748219e+02 1.2334650e+02      
1.7914075e+02 1.2184497e+02      
1.8111284e+02 1.2059253e+02      
1.8335448e+02 1.1956129e+02      
1.8574907e+02 1.1866176e+02      
1.8808350e+02 1.1783176e+02      
1.9018945e+02 1.1700057e+02      
1.9203280e+02 1.1604171e+02      
1.9373414e+02 1.1483152e+02      
1.9550025e+02 1.1335576e+02      
1.9743222e+02 1.1168093e+02      
1.9924946e+02 1.0997779e+02      
2.0015304e+02 1.0859018e+02      
1.9983233e+02 1.0764933e+02      
1.9854412e+02 1.0706601e+02      
1.9708977e+02 1.0653047e+02      
1.9586885e+02 1.0590795e+02      
1.9500497e+02 1.0515967e+02      
1.9042326e+02 1.0049500e+02      
1.9150195e+02 9.8531291e+01      
1.9301149e+02 9.6471963e+01      
1.9480536e+02 9.4702908e+01      
1.9684465e+02 9.3368290e+01      
1.9916368e+02 9.2359209e+01      
2.0169629e+02 9.1377684e+01      
2.0390551e+02 9.0459929e+01      
2.0554262e+02 8.9643549e+01      
2.0672818e+02 8.8838186e+01      
2.0797242e+02 8.7840170e+01      
2.0945906e+02 8.6601375e+01      
2.1110224e+02 8.5195312e+01      
2.1255676e+02 8.3773520e+01      
2.1330623e+02 8.2522964e+01      
2.1307248e+02 8.1543482e+01      
2.1197721e+02 8.0797021e+01      
2.1044933e+02 8.0145388e+01      
2.0895177e+02 7.9451276e+01      
2.0774258e+02 7.8634052e+01      
2.0207355e+02 7.3002136e+01      
2.0332678e+02 7.0678199e+01      
2.0512662e+02 6.7939873e+01      
2.0703144e+02 6.5852018e+01      
2.0908866e+02 6.4508503e+01      
2.1144287e+02 6.3797203e+01      
2.1453094e+02 6.2668051e+01      
2.1673618e+02 6.1659776e+01      
2.1786085e+02 6.0935432e+01      
2.1797751e+02 6.0474428e+01      
2.1865747e+02 5.9716738e+01      
2.1990951e+02 5.8658629e+01      
2.2157520e+02 5.7392121e+01      
2.2327290e+02 5.6054553e+01      
2.2414249e+02 5.4857638e+01      
2.2386926e+02 5.3896018e+01      
2.2250113e+02 5.3160196e+01      
2.2040784e+02 5.2549007e+01      
2.1841768e+02 5.1869244e+01      
2.1682175e+02 5.1031191e+01      
2.1003964e+02 4.4783815e+01      
2.1132896e+02 4.2284282e+01      
2.1311312e+02 3.9268172e+01      
2.1498478e+02 3.7006114e+01      
2.1699217e+02 3.5611065e+01      
2.1934780e+02 3.4903488e+01      
2.2244831e+02 3.3596412e+01      
2.2451320e+02 3.2483351e+01      
2.2530982e+02 3.1798823e+01      
2.2498781e+02 3.1549062e+01      
2.2534305e+02 3.0947478e+01      
2.2645683e+02 3.0001985e+01      
2.2833213e+02 2.8783711e+01      
2.3093805e+02 2.7358758e+01      
2.3206880e+02 2.6165878e+01      
2.3170666e+02 2.5251396e+01      
2.2986941e+02 2.4617609e+01      
2.2658991e+02 2.4227338e+01      
2.2401588e+02 2.3632663e+01      
2.2207768e+02 2.2807989e+01      
2.1422465e+02 1.6371642e+01      
2.1542017e+02 1.3969157e+01      
2.1699754e+02 1.1089062e+01      
2.1868922e+02 8.8585865e+00      
2.2052061e+02 7.3546865e+00      
2.2264389e+02 6.4418897e+00      
2.2530271e+02 4.9592304e+00      
2.2704255e+02 3.7298094e+00      
2.2771444e+02 2.9359147e+00      
2.2745047e+02 2.6248242e+00      
2.2775849e+02 2.0142599e+00      
2.2873254e+02 1.1295667e+00      
2.3043430e+02 -4.8268558e-03      
2.3285989e+02 -1.3987013e+00      
2.3385394e+02 -2.5119547e+00      
2.3339839e+02 -3.3519482e+00      
2.3149703e+02 -3.9170122e+00      
2.2816347e+02 -4.1969111e+00      
2.2549175e+02 -4.7551640e+00      
2.2340546e+02 -5.5681855e+00      
2.1464446e+02 -1.1831712e+01      
2.1568048e+02 -1.3921368e+01      
2.1695944e+02 -1.6178964e+01      
2.1838728e+02 -1.8204494e+01      
2.1993463e+02 -1.9857198e+01      
2.2161753e+02 -2.1260056e+01      
2.2332960e+02 -2.2703935e+01      
2.2459822e+02 -2.4031579e+01      
2.2526119e+02 -2.5106426e+01      
2.2552764e+02 -2.5928668e+01      
2.2594845e+02 -2.6702474e+01      
2.2672904e+02 -2.7532870e+01      
2.2785422e+02 -2.8464469e+01      
2.2903330e+02 -2.9464820e+01      
2.2949736e+02 -3.0362656e+01      
2.2896189e+02 -3.1103558e+01      
2.2742315e+02 -3.1692931e+01      
2.2514941e+02 -3.2201271e+01      
2.2287234e+02 -3.2829403e+01      
2.2083770e+02 -3.3645155e+01      
2.1139126e+02 -3.9514903e+01      
2.1227116e+02 -4.1332765e+01      
2.1331385e+02 -4.3248990e+01      
2.1446955e+02 -4.5106328e+01      
2.1569186e+02 -4.6820710e+01      
2.1692584e+02 -4.8420372e+01      
2.1805571e+02 -4.9969586e+01      
2.1891399e+02 -5.1461883e+01      
2.1943420e+02 -5.2860616e+01      
2.1976337e+02 -5.4074654e+01      
2.2019184e+02 -5.4937248e+01      
2.2078014e+02 -5.5653247e+01      
2.2144183e+02 -5.6355713e+01      
2.2195293e+02 -5.7061620e+01      
2.2200274e+02 -5.7737681e+01      
2.2139987e+02 -5.8361359e+01      
2.2014048e+02 -5.8941664e+01      
2.1840213e+02 -5.9527038e+01      
2.1647141e+02 -6.0194317e+01      
2.1454761e+02 -6.0998727e+01      
2.0460060e+02 -6.6346044e+01      
2.0534311e+02 -6.7980948e+01      
2.0618917e+02 -6.9712866e+01      
2.0709830e+02 -7.1459531e+01      
2.0802114e+02 -7.3170824e+01      
2.0889433e+02 -7.4843913e+01      
2.0963250e+02 -7.6502487e+01      
2.1014536e+02 -7.8173582e+01      
2.1038339e+02 -7.9905479e+01      
2.1043403e+02 -8.1636471e+01      
2.1078851e+02 -8.2397480e+01      
2.1124730e+02 -8.2893513e+01      
2.1165658e+02 -8.3342936e+01      
2.1185975e+02 -8.3792152e+01      
2.1168556e+02 -8.4258452e+01      
2.1102732e+02 -8.4747645e+01      
2.0988901e+02 -8.5262784e+01      
2.0837144e+02 -8.5824202e+01      
2.0662377e+02 -8.6466833e+01      
2.0477641e+02 -8.7224519e+01      
1.9444456e+02 -9.1949891e+01      
1.9506683e+02 -9.3457353e+01      
1.9574420e+02 -9.5067269e+01      
1.9644068e+02 -9.6728578e+01      
1.9711040e+02 -9.8408185e+01      
1.9769638e+02 -1.0009888e+02      
1.9813111e+02 -1.0181723e+02      
1.9834440e+02 -1.0360281e+02      
1.9827496e+02 -1.0553277e+02      
1.9797781e+02 -1.0754175e+02      
1.9804033e+02 -1.0859469e+02      
1.9843693e+02 -1.0882830e+02      
1.9872414e+02 -1.0901935e+02      
1.9881155e+02 -1.0917753e+02      
1.9852778e+02 -1.0942550e+02      
1.9781788e+02 -1.0977332e+02      
1.9671032e+02 -1.1019416e+02      
1.9527481e+02 -1.1068441e+02      
1.9360309e+02 -1.1125727e+02      
1.9178289e+02 -1.1193217e+02      
1.8113527e+02 -1.1594372e+02      
1.8165333e+02 -1.1735604e+02      
1.8218730e+02 -1.1887230e+02      
1.8270564e+02 -1.2045648e+02      
1.8316829e+02 -1.2208433e+02      
1.8352655e+02 -1.2374876e+02      
1.8372352e+02 -1.2546268e+02      
1.8369503e+02 -1.2726338e+02      
1.8336724e+02 -1.2922342e+02      
1.8277882e+02 -1.3127466e+02      
1.8260743e+02 -1.3243283e+02      
1.8277245e+02 -1.3281756e+02      
1.8293898e+02 -1.3288751e+02      
1.8303679e+02 -1.3269658e+02      
1.8266873e+02 -1.3276677e+02      
1.8188814e+02 -1.3299712e+02      
1.8075616e+02 -1.3331891e+02      
1.7932888e+02 -1.3371515e+02      
1.7766906e+02 -1.3418868e+02      
1.7583813e+02 -1.3475097e+02      
1.6492516e+02 -1.3796212e+02      
1.6535379e+02 -1.3929840e+02      
1.6576741e+02 -1.4073435e+02      
1.6613934e+02 -1.4224146e+02      
1.6643623e+02 -1.4379926e+02      
1.6661809e+02 -1.4539887e+02      
1.6663807e+02 -1.4704583e+02      
1.6643993e+02 -1.4876400e+02      
1.6594812e+02 -1.5060416e+02      
1.6520198e+02 -1.5248397e+02      
1.6496656e+02 -1.5349244e+02      
1.6513357e+02 -1.5370887e+02      
1.6511226e+02 -1.5379898e+02      
1.6487838e+02 -1.5380379e+02      
1.6432588e+02 -1.5387421e+02      
1.6343735e+02 -1.5403598e+02      
1.6224343e+02 -1.5426698e+02      
1.6078258e+02 -1.5455842e+02      
1.5909805e+02 -1.5491278e+02      
1.5723335e+02 -1.5533895e+02      
1.4610457e+02 -1.5767002e+02      
1.4645677e+02 -1.5894212e+02      
1.4677009e+02 -1.6030428e+02      
1.4702306e+02 -1.6173151e+02      
1.4718936e+02 -1.6320393e+02      
1.4723842e+02 -1.6470850e+02      
1.4713579e+02 -1.6623993e+02      
1.4684231e+02 -1.6780074e+02      
1.4630531e+02 -1.6940376e+02      
1.4557094e+02 -1.7095184e+02      
1.4540737e+02 -1.7167583e+02      
1.4526459e+02 -1.7204169e+02      
1.4497191e+02 -1.7224355e+02      
1.4447259e+02 -1.7236231e+02      
1.4372575e+02 -1.7246050e+02      
1.4271117e+02 -1.7257600e+02      
1.4143561e+02 -1.7272037e+02      
1.3992029e+02 -1.7289909e+02      
1.3819335e+02 -1.7311926e+02      
1.3628508e+02 -1.7339047e+02      
1.2499831e+02 -1.7477049e+02      
1.2528474e+02 -1.7598640e+02      
1.2551431e+02 -1.7727857e+02      
1.2567065e+02 -1.7862352e+02      
1.2573435e+02 -1.8000044e+02      
1.2568411e+02 -1.8139151e+02      
1.2549878e+02 -1.8278071e+02      
1.2516138e+02 -1.8414924e+02      
1.2467232e+02 -1.8546068e+02      
1.2412330e+02 -1.8659150e+02      
1.2370211e+02 -1.8733464e+02      
1.2327940e+02 -1.8778731e+02      
1.2274330e+02 -1.8805729e+02      
1.2203788e+02 -1.8821189e+02      
1.2112752e+02 -1.8830155e+02      
1.1999371e+02 -1.8836128e+02      
1.1863443e+02 -1.8841228e+02      
1.1705971e+02 -1.8846839e+02      
1.1528679e+02 -1.8854112e+02      
1.1333609e+02 -1.8864175e+02      
1.0196150e+02 -1.8900987e+02      
1.0219022e+02 -1.9017563e+02      
1.0234886e+02 -1.9140104e+02      
1.0242568e+02 -1.9266330e+02      
1.0240730e+02 -1.9394057e+02      
1.0228022e+02 -1.9521153e+02      
1.0203353e+02 -1.9645345e+02      
1.0166401e+02 -1.9763738e+02      
1.0118646e+02 -1.9871837e+02      
1.0064531e+02 -1.9962582e+02      
1.0008058e+02 -2.0029833e+02      
9.9466101e+01 -2.0074523e+02      
9.8747998e+01 -2.0101391e+02      
9.7883147e+01 -2.0115121e+02      
9.6842138e+01 -2.0119624e+02      
9.5608142e+01 -2.0117945e+02      
9.4175744e+01 -2.0112331e+02      
9.2548670e+01 -2.0104474e+02      
9.0736862e+01 -2.0095769e+02      
8.8753678e+01 -2.0087468e+02      
