2.7770730e+01 2.3163495e+02      
2.6986959e+01 2.3013456e+02      
2.6282205e+01 2.2867511e+02      
2.5580447e+01 2.2729957e+02      
2.4861834e+01 2.2605339e+02      
2.4174170e+01 2.2498255e+02      
2.3614202e+01 2.2412723e+02      
2.3268577e+01 2.2350729e+02      
2.3207113e+01 2.2312227e+02      
2.3496674e+01 2.2295934e+02      
2.4200866e+01 2.2299865e+02      
2.5376085e+01 2.2321643e+02      
2.7069674e+01 2.2358677e+02      
2.9319868e+01 2.2408300e+02      
3.2155014e+01 2.2467956e+02      
3.5585987e+01 2.2535595e+02      
3.9564061e+01 2.2610496e+02      
4.3706335e+01 2.2694402e+02      
4.7090219e+01 2.2789998e+02      
4.9703529e+01 2.2894129e+02      
5.8140191e+01 2.2192791e+02      
5.7801505e+01 2.2041242e+02      
5.7406287e+01 2.1889464e+02      
5.6848742e+01 2.1743080e+02      
5.6086657e+01 2.1607444e+02      
5.5192847e+01 2.1488375e+02      
5.4404254e+01 2.1393375e+02      
5.3818302e+01 2.1324217e+02      
5.3499295e+01 2.1279476e+02      
5.3528917e+01 2.1256708e+02      
5.3988170e+01 2.1253009e+02      
5.4947638e+01 2.1265292e+02      
5.6467464e+01 2.1290378e+02      
5.8602864e+01 2.1325002e+02      
6.1413598e+01 2.1365852e+02      
6.4980394e+01 2.1409849e+02      
6.9452921e+01 2.1455262e+02      
7.4690712e+01 2.1506805e+02      
7.7845515e+01 2.1579682e+02      
7.8888899e+01 2.1673059e+02      
8.7293573e+01 2.0872228e+02      
8.7557928e+01 2.0716489e+02      
8.7586822e+01 2.0555555e+02      
8.7229141e+01 2.0397358e+02      
8.6408565e+01 2.0248189e+02      
8.5177697e+01 2.0113375e+02      
8.4137219e+01 2.0010060e+02      
8.3255201e+01 1.9936436e+02      
8.2598373e+01 1.9888685e+02      
8.2285305e+01 1.9862742e+02      
8.2422098e+01 1.9854565e+02      
8.3091640e+01 1.9860327e+02      
8.4360152e+01 1.9876327e+02      
8.6289846e+01 1.9898741e+02      
8.8956537e+01 1.9923351e+02      
9.2478510e+01 1.9945260e+02      
9.7070647e+01 1.9958713e+02      
1.0249121e+02 1.9966776e+02      
1.0537140e+02 2.0020508e+02      
1.0568135e+02 2.0119280e+02      
1.1374647e+02 1.9204679e+02      
1.1468680e+02 1.9038320e+02      
1.1527846e+02 1.8863105e+02      
1.1523733e+02 1.8689890e+02      
1.1451215e+02 1.8526675e+02      
1.1358608e+02 1.8387347e+02      
1.1241941e+02 1.8281193e+02      
1.1115753e+02 1.8207930e+02      
1.1004694e+02 1.8162064e+02      
1.0928928e+02 1.8137425e+02      
1.0902014e+02 1.8128689e+02      
1.0932526e+02 1.8131491e+02      
1.1026314e+02 1.8141918e+02      
1.1188544e+02 1.8155925e+02      
1.1425644e+02 1.8168751e+02      
1.1747938e+02 1.8174012e+02      
1.2174356e+02 1.8161573e+02      
1.2678803e+02 1.8131440e+02      
1.2935685e+02 1.8169522e+02      
1.2942428e+02 1.8274714e+02      
1.3768290e+02 1.7240214e+02      
1.3881843e+02 1.7053810e+02      
1.4013741e+02 1.6855986e+02      
1.4058606e+02 1.6663967e+02      
1.4079688e+02 1.6484558e+02      
1.4048828e+02 1.6335322e+02      
1.3903313e+02 1.6230162e+02      
1.3714264e+02 1.6164497e+02      
1.3539392e+02 1.6127633e+02      
1.3407170e+02 1.6109988e+02      
1.3331930e+02 1.6105084e+02      
1.3320021e+02 1.6108684e+02      
1.3374414e+02 1.6117323e+02      
1.3497329e+02 1.6127321e+02      
1.3691549e+02 1.6134220e+02      
1.3961331e+02 1.6132097e+02      
1.4315283e+02 1.6111004e+02      
1.4733208e+02 1.6066818e+02      
1.4955674e+02 1.6093117e+02      
1.4981285e+02 1.6187658e+02      
1.5886817e+02 1.5019677e+02      
1.6026935e+02 1.4812773e+02      
1.6217215e+02 1.4585757e+02      
1.6362792e+02 1.4363699e+02      
1.6518051e+02 1.4151588e+02      
1.6607520e+02 1.3981313e+02      
1.6372671e+02 1.3883054e+02      
1.6078735e+02 1.3837359e+02      
1.5815373e+02 1.3819937e+02      
1.5615570e+02 1.3815809e+02      
1.5487640e+02 1.3818767e+02      
1.5430942e+02 1.3826407e+02      
1.5443064e+02 1.3836714e+02      
1.5522072e+02 1.3846904e+02      
1.5666320e+02 1.3853409e+02      
1.5872668e+02 1.3852411e+02      
1.6129185e+02 1.3842234e+02      
1.6390190e+02 1.3833442e+02      
1.6574593e+02 1.3852713e+02      
1.6683875e+02 1.3894935e+02      
1.7693349e+02 1.2585461e+02      
1.7854245e+02 1.2361111e+02      
1.8085186e+02 1.2107008e+02      
1.8372856e+02 1.1832539e+02      
1.8685609e+02 1.1564690e+02      
1.8766750e+02 1.1373709e+02      
1.8566203e+02 1.1275851e+02      
1.8145978e+02 1.1266788e+02      
1.7775030e+02 1.1282122e+02      
1.7504308e+02 1.1296965e+02      
1.7327586e+02 1.1309540e+02      
1.7229665e+02 1.1322965e+02      
1.7201198e+02 1.1337565e+02      
1.7236454e+02 1.1351420e+02      
1.7330804e+02 1.1361470e+02      
1.7478308e+02 1.1364711e+02      
1.7663140e+02 1.1362110e+02      
1.7831242e+02 1.1369601e+02      
1.7974242e+02 1.1386387e+02      
1.8096152e+02 1.1405160e+02      
1.9153952e+02 9.9824057e+01      
1.9324610e+02 9.7454458e+01      
1.9590337e+02 9.4658123e+01      
1.9987758e+02 9.1331053e+01      
2.0289234e+02 8.8317613e+01      
2.0369770e+02 8.6186312e+01      
2.0192478e+02 8.5177894e+01      
1.9804673e+02 8.5182925e+01      
1.9339785e+02 8.5732362e+01      
1.9023606e+02 8.6017969e+01      
1.8816406e+02 8.6203064e+01      
1.8687601e+02 8.6391624e+01      
1.8624306e+02 8.6599219e+01      
1.8619492e+02 8.6804590e+01      
1.8667901e+02 8.6971641e+01      
1.8763938e+02 8.7062032e+01      
1.8894514e+02 8.7074802e+01      
1.9015158e+02 8.7175886e+01      
1.9115879e+02 8.7365714e+01      
1.9216349e+02 8.7492534e+01      
2.0244797e+02 7.2561581e+01      
2.0403012e+02 7.0157077e+01      
2.0634289e+02 6.7357138e+01      
2.0941045e+02 6.4134860e+01      
2.1267903e+02 6.0652619e+01      
2.1366635e+02 5.8212224e+01      
2.1192089e+02 5.7215722e+01      
2.0796901e+02 5.7422138e+01      
2.0428716e+02 5.7632202e+01      
2.0141781e+02 5.7773632e+01      
1.9932119e+02 5.7933762e+01      
1.9785917e+02 5.8164672e+01      
1.9695217e+02 5.8455163e+01      
1.9655322e+02 5.8762074e+01      
1.9662411e+02 5.9032620e+01      
1.9712568e+02 5.9212267e+01      
1.9796640e+02 5.9280211e+01      
1.9878715e+02 5.9408426e+01      
1.9952131e+02 5.9580262e+01      
2.0021035e+02 5.9728860e+01      
2.0956709e+02 4.4506774e+01      
2.1086988e+02 4.2140906e+01      
2.1261992e+02 3.9452605e+01      
2.1471457e+02 3.6479250e+01      
2.1680463e+02 3.3353391e+01      
2.1804688e+02 3.0513606e+01      
2.1625493e+02 2.9552294e+01      
2.1362826e+02 2.9050109e+01      
2.1098964e+02 2.8725660e+01      
2.0865528e+02 2.8584419e+01      
2.0670899e+02 2.8667908e+01      
2.0516910e+02 2.8954831e+01      
2.0404532e+02 2.9370390e+01      
2.0333832e+02 2.9827893e+01      
2.0303456e+02 3.0251192e+01      
2.0310936e+02 3.0575190e+01      
2.0350247e+02 3.0763054e+01      
2.0394878e+02 3.0966177e+01      
2.0440464e+02 3.1154036e+01      
2.0488282e+02 3.1272281e+01      
2.1292445e+02 1.6082633e+01      
2.1391806e+02 1.3784541e+01      
2.1516227e+02 1.1219277e+01      
2.1651270e+02 8.4605856e+00      
2.1768764e+02 5.6554892e+00      
2.1816317e+02 3.1391535e+00      
2.1734285e+02 1.3798770e+00      
2.1580476e+02 1.0183408e-01      
2.1402541e+02 -8.1725033e-01      
2.1220253e+02 -1.2939729e+00      
2.1042721e+02 -1.2631239e+00      
2.0882222e+02 -8.4171909e-01      
2.0749783e+02 -2.1772560e-01      
2.0650785e+02 4.5914138e-01      
2.0586134e+02 1.0902369e+00      
2.0553497e+02 1.6186636e+00      
2.0546428e+02 2.0320964e+00      
2.0553838e+02 2.3666994e+00      
2.0570301e+02 2.6152735e+00      
2.0595082e+02 2.7388528e+00      
2.1260417e+02 -1.2288679e+01      
2.1332411e+02 -1.4517630e+01      
2.1417741e+02 -1.6986724e+01      
2.1503763e+02 -1.9624470e+01      
2.1570771e+02 -2.2314458e+01      
2.1593862e+02 -2.4884700e+01      
2.1558611e+02 -2.7185348e+01      
2.1477730e+02 -2.9179725e+01      
2.1370129e+02 -3.0785473e+01      
2.1236993e+02 -3.1707653e+01      
2.1064585e+02 -3.1569353e+01      
2.0888722e+02 -3.0818548e+01      
2.0733266e+02 -2.9846219e+01      
2.0606849e+02 -2.8864392e+01      
2.0511283e+02 -2.7980032e+01      
2.0444278e+02 -2.7232346e+01      
2.0400858e+02 -2.6623195e+01      
2.0375071e+02 -2.6142901e+01      
2.0362697e+02 -2.5797660e+01      
2.0362136e+02 -2.5616832e+01      
2.0871754e+02 -4.0179658e+01      
2.0921879e+02 -4.2346732e+01      
2.0979091e+02 -4.4748870e+01      
2.1034458e+02 -4.7336509e+01      
2.1076775e+02 -5.0048408e+01      
2.1095765e+02 -5.2822042e+01      
2.1088117e+02 -5.5611545e+01      
2.1059901e+02 -5.8358497e+01      
2.1017268e+02 -6.0857379e+01      
2.0945978e+02 -6.2544182e+01      
2.0749345e+02 -6.1900291e+01      
2.0543201e+02 -6.0507782e+01      
2.0359270e+02 -5.8994959e+01      
2.0206070e+02 -5.7623920e+01      
2.0083581e+02 -5.6466224e+01      
1.9988414e+02 -5.5512551e+01      
1.9915938e+02 -5.4733440e+01      
1.9861626e+02 -5.4109082e+01      
1.9822108e+02 -5.3642371e+01      
1.9795528e+02 -5.3358452e+01      
2.0140008e+02 -6.7162400e+01      
2.0173353e+02 -6.9270641e+01      
2.0210526e+02 -7.1617094e+01      
2.0246018e+02 -7.4176289e+01      
2.0274413e+02 -7.6934334e+01      
2.0293052e+02 -7.9910546e+01      
2.0305525e+02 -8.3182809e+01      
2.0319502e+02 -8.6775568e+01      
2.0331253e+02 -9.0302107e+01      
2.0257544e+02 -9.1996016e+01      
2.0086317e+02 -9.1525634e+01      
1.9846503e+02 -8.9273828e+01      
1.9632074e+02 -8.7044271e+01      
1.9455034e+02 -8.5247936e+01      
1.9311277e+02 -8.3854852e+01      
1.9194269e+02 -8.2743887e+01      
1.9098597e+02 -8.1829193e+01      
1.9020036e+02 -8.1067431e+01      
1.8955784e+02 -8.0459943e+01      
1.8904149e+02 -8.0036842e+01      
1.9081780e+02 -9.2819515e+01      
1.9102206e+02 -9.4863118e+01      
1.9124439e+02 -9.7143712e+01      
1.9145340e+02 -9.9651438e+01      
1.9162702e+02 -1.0239871e+02      
1.9177395e+02 -1.0545052e+02      
1.9197878e+02 -1.0901302e+02      
1.9237988e+02 -1.1337179e+02      
1.9234778e+02 -1.1688636e+02      
1.9158235e+02 -1.1860420e+02      
1.9003786e+02 -1.1822678e+02      
1.8789096e+02 -1.1609026e+02      
1.8554018e+02 -1.1317408e+02      
1.8363709e+02 -1.1112517e+02      
1.8207516e+02 -1.0964438e+02      
1.8075902e+02 -1.0847958e+02      
1.7962843e+02 -1.0748848e+02      
1.7863989e+02 -1.0659641e+02      
1.7777606e+02 -1.0582417e+02      
1.7702795e+02 -1.0522771e+02      
1.7717373e+02 -1.1675624e+02      
1.7727533e+02 -1.1872238e+02      
1.7737785e+02 -1.2091297e+02      
1.7746312e+02 -1.2332166e+02      
1.7752098e+02 -1.2596058e+02      
1.7755962e+02 -1.2887653e+02      
1.7761259e+02 -1.3216769e+02      
1.7768093e+02 -1.3587684e+02      
1.7759284e+02 -1.3963958e+02      
1.7682960e+02 -1.4149858e+02      
1.7537143e+02 -1.4104272e+02      
1.7334526e+02 -1.3871369e+02      
1.7131928e+02 -1.3648809e+02      
1.6950343e+02 -1.3473590e+02      
1.6792060e+02 -1.3339943e+02      
1.6653698e+02 -1.3233606e+02      
1.6529927e+02 -1.3137480e+02      
1.6413415e+02 -1.3032515e+02      
1.6307062e+02 -1.2933964e+02      
1.6211501e+02 -1.2853235e+02      
1.6071135e+02 -1.3861048e+02      
1.6072804e+02 -1.4048423e+02      
1.6072856e+02 -1.4255811e+02      
1.6070066e+02 -1.4482023e+02      
1.6063553e+02 -1.4726648e+02      
1.6052925e+02 -1.4990019e+02      
1.6037572e+02 -1.5271637e+02      
1.6014177e+02 -1.5565035e+02      
1.5972872e+02 -1.5846430e+02      
1.5895482e+02 -1.6051454e+02      
1.5756242e+02 -1.5988001e+02      
1.5587824e+02 -1.5850980e+02      
1.5413209e+02 -1.5706935e+02      
1.5245843e+02 -1.5580668e+02      
1.5091490e+02 -1.5477715e+02      
1.4952311e+02 -1.5395994e+02      
1.4826793e+02 -1.5323131e+02      
1.4691832e+02 -1.5188791e+02      
1.4568076e+02 -1.5062964e+02      
1.4454975e+02 -1.4957733e+02      
1.4171428e+02 -1.5805968e+02      
1.4165863e+02 -1.5982868e+02      
1.4156990e+02 -1.6176552e+02      
1.4143848e+02 -1.6384968e+02      
1.4125454e+02 -1.6605947e+02      
1.4100672e+02 -1.6836554e+02      
1.4067621e+02 -1.7071384e+02      
1.4022601e+02 -1.7299299e+02      
1.3959245e+02 -1.7498997e+02      
1.3868769e+02 -1.7628249e+02      
1.3744730e+02 -1.7636733e+02      
1.3598402e+02 -1.7577844e+02      
1.3442636e+02 -1.7496754e+02      
1.3286985e+02 -1.7417106e+02      
1.3137586e+02 -1.7350286e+02      
1.2997755e+02 -1.7296008e+02      
1.2865460e+02 -1.7232192e+02      
1.2723687e+02 -1.7086275e+02      
1.2588739e+02 -1.6934134e+02      
1.2462260e+02 -1.6801653e+02      
1.2050322e+02 -1.7482460e+02      
1.2038490e+02 -1.7648174e+02      
1.2021810e+02 -1.7827123e+02      
1.1999489e+02 -1.8016528e+02      
1.1970547e+02 -1.8213034e+02      
1.1933677e+02 -1.8412073e+02      
1.1886955e+02 -1.8606729e+02      
1.1827492e+02 -1.8786138e+02      
1.1751456e+02 -1.8934049e+02      
1.1655068e+02 -1.9029928e+02      
1.1537466e+02 -1.9062693e+02      
1.1403126e+02 -1.9046816e+02      
1.1259037e+02 -1.9006798e+02      
1.1111647e+02 -1.8964089e+02      
1.0966099e+02 -1.8932522e+02      
1.0825998e+02 -1.8908525e+02      
1.0686031e+02 -1.8832904e+02      
1.0543519e+02 -1.8696500e+02      
1.0401847e+02 -1.8514927e+02      
1.0266517e+02 -1.8353032e+02      
9.7431043e+01 -1.8867152e+02      
9.7258080e+01 -1.9021531e+02      
9.7023741e+01 -1.9185647e+02      
9.6721867e+01 -1.9356296e+02      
9.6344012e+01 -1.9529589e+02      
9.5878781e+01 -1.9700538e+02      
9.5310874e+01 -1.9862500e+02      
9.4620884e+01 -2.0006730e+02      
9.3787875e+01 -2.0122704e+02      
9.2796859e+01 -2.0200613e+02      
9.1650222e+01 -2.0236934e+02      
9.0373430e+01 -2.0238315e+02      
8.9006465e+01 -2.0218631e+02      
8.7589638e+01 -2.0196230e+02      
8.6154734e+01 -2.0189126e+02      
8.4729144e+01 -2.0147598e+02      
8.3301563e+01 -2.0061969e+02      
8.1867729e+01 -1.9932031e+02      
8.0442293e+01 -1.9765405e+02      
7.9048373e+01 -1.9579595e+02      
