2.1897419e+01 2.4447744e+02      
2.0681531e+01 2.4227449e+02      
2.0111551e+01 2.4008100e+02      
2.0183924e+01 2.3797714e+02      
2.0874621e+01 2.3604490e+02      
2.2134791e+01 2.3436270e+02      
2.3896607e+01 2.3299910e+02      
2.6082103e+01 2.3200487e+02      
2.8578756e+01 2.3139082e+02      
3.1050073e+01 2.3097767e+02      
3.2985505e+01 2.3040732e+02      
3.4874063e+01 2.3006213e+02      
3.6953133e+01 2.3012734e+02      
3.9039660e+01 2.3052470e+02      
4.0355905e+01 2.3082032e+02      
4.1699508e+01 2.3132808e+02      
4.3327050e+01 2.3203328e+02      
4.5312402e+01 2.3285058e+02      
4.7664126e+01 2.3369419e+02      
5.0389614e+01 2.3450062e+02      
4.9390307e+01 2.3518713e+02      
4.8305641e+01 2.3280784e+02      
4.7915416e+01 2.3040586e+02      
4.8229356e+01 2.2807580e+02      
4.9232976e+01 2.2591965e+02      
5.0868534e+01 2.2403893e+02      
5.3049048e+01 2.2252838e+02      
5.5721333e+01 2.2147774e+02      
5.8877152e+01 2.2098766e+02      
6.2218455e+01 2.2095995e+02      
6.3567764e+01 2.1976246e+02      
6.5186781e+01 2.1908168e+02      
6.7261904e+01 2.1902900e+02      
6.8978332e+01 2.1924395e+02      
7.0159676e+01 2.1957389e+02      
7.0918923e+01 2.1998747e+02      
7.2042524e+01 2.2062721e+02      
7.3617494e+01 2.2136592e+02      
7.5574004e+01 2.2207766e+02      
7.7882528e+01 2.2269556e+02      
7.5431757e+01 2.2229099e+02      
7.4472318e+01 2.1968905e+02      
7.4256621e+01 2.1702170e+02      
7.4817661e+01 2.1439914e+02      
7.6175001e+01 2.1195017e+02      
7.8265333e+01 2.0980749e+02      
8.0880551e+01 2.0808373e+02      
8.4010345e+01 2.0691075e+02      
8.7718271e+01 2.0637716e+02      
9.1322458e+01 2.0617699e+02      
9.2484754e+01 2.0486741e+02      
9.3780567e+01 2.0397213e+02      
9.5241636e+01 2.0365784e+02      
9.6592934e+01 2.0379454e+02      
9.7644991e+01 2.0424278e+02      
9.8403124e+01 2.0488854e+02      
9.9125783e+01 2.0563818e+02      
1.0039685e+02 2.0642534e+02      
1.0195091e+02 2.0705430e+02      
1.0375942e+02 2.0749356e+02      
9.9577472e+01 2.0604380e+02      
9.8720370e+01 2.0316913e+02      
9.8649013e+01 2.0016892e+02      
9.9423083e+01 1.9716561e+02      
1.0112748e+02 1.9431937e+02      
1.0379653e+02 1.9182220e+02      
1.0680381e+02 1.8977704e+02      
1.1022957e+02 1.8837868e+02      
1.1449097e+02 1.8774221e+02      
1.1753531e+02 1.8698230e+02      
1.1894089e+02 1.8587796e+02      
1.1911832e+02 1.8470371e+02      
1.2002342e+02 1.8425851e+02      
1.2111501e+02 1.8444996e+02      
1.2208072e+02 1.8513923e+02      
1.2284752e+02 1.8615392e+02      
1.2402599e+02 1.8735157e+02      
1.2538885e+02 1.8843045e+02      
1.2647836e+02 1.8895421e+02      
1.2762786e+02 1.8916508e+02      
1.2142069e+02 1.8676580e+02      
1.2062643e+02 1.8357042e+02      
1.2064327e+02 1.8016422e+02      
1.2154324e+02 1.7667036e+02      
1.2342156e+02 1.7326396e+02      
1.2627959e+02 1.7016956e+02      
1.2942388e+02 1.6762348e+02      
1.3314291e+02 1.6588923e+02      
1.3646291e+02 1.6452497e+02      
1.3895698e+02 1.6335857e+02      
1.4042661e+02 1.6234228e+02      
1.4096497e+02 1.6155741e+02      
1.4096583e+02 1.6117786e+02      
1.4207021e+02 1.6158434e+02      
1.4313564e+02 1.6267431e+02      
1.4467564e+02 1.6424360e+02      
1.4665080e+02 1.6612289e+02      
1.4854921e+02 1.6788497e+02      
1.4886924e+02 1.6809645e+02      
1.4909354e+02 1.6798552e+02      
1.4060289e+02 1.6484002e+02      
1.3981944e+02 1.6128857e+02      
1.3985424e+02 1.5741069e+02      
1.4077934e+02 1.5330805e+02      
1.4265017e+02 1.4916090e+02      
1.4536738e+02 1.4524520e+02      
1.4805207e+02 1.4191397e+02      
1.5052502e+02 1.3933215e+02      
1.5292540e+02 1.3732293e+02      
1.5493395e+02 1.3584276e+02      
1.5638950e+02 1.3490000e+02      
1.5734206e+02 1.3451706e+02      
1.5813516e+02 1.3472349e+02      
1.5941521e+02 1.3559748e+02      
1.6120631e+02 1.3715904e+02      
1.6366763e+02 1.3937377e+02      
1.6656938e+02 1.4202470e+02      
1.6829550e+02 1.4388182e+02      
1.6854351e+02 1.4454508e+02      
1.6765614e+02 1.4416723e+02      
1.5682229e+02 1.4070483e+02      
1.5598856e+02 1.3679016e+02      
1.5596546e+02 1.3240864e+02      
1.5684554e+02 1.2758863e+02      
1.5864200e+02 1.2248002e+02      
1.6104754e+02 1.1755642e+02      
1.6322195e+02 1.1329078e+02      
1.6500125e+02 1.0988355e+02      
1.6680287e+02 1.0726748e+02      
1.6844739e+02 1.0549709e+02      
1.6981262e+02 1.0461935e+02      
1.7093551e+02 1.0464021e+02      
1.7206702e+02 1.0545388e+02      
1.7365141e+02 1.0680119e+02      
1.7592377e+02 1.0878880e+02      
1.7913700e+02 1.1159615e+02      
1.8188638e+02 1.1435695e+02      
1.8342205e+02 1.1645734e+02      
1.8351590e+02 1.1759528e+02      
1.8248126e+02 1.1779185e+02      
1.6984118e+02 1.1483850e+02      
1.6888822e+02 1.1059630e+02      
1.6871041e+02 1.0575942e+02      
1.6944383e+02 1.0024408e+02      
1.7122588e+02 9.3938401e+01      
1.7317990e+02 8.7901728e+01      
1.7497273e+02 8.2588452e+01      
1.7654135e+02 7.8252431e+01      
1.7801430e+02 7.4999630e+01      
1.7938927e+02 7.2922645e+01      
1.8061222e+02 7.2115123e+01      
1.8167992e+02 7.2585684e+01      
1.8273412e+02 7.4101743e+01      
1.8451726e+02 7.5701131e+01      
1.8682436e+02 7.7775057e+01      
1.8923201e+02 8.0619360e+01      
1.9191141e+02 8.3749132e+01      
1.9330477e+02 8.6259466e+01      
1.9306408e+02 8.7879357e+01      
1.9158410e+02 8.8570762e+01      
1.7949323e+02 8.7735665e+01      
1.7835334e+02 8.3240488e+01      
1.7790719e+02 7.8082515e+01      
1.7822763e+02 7.2207449e+01      
1.7932228e+02 6.5580907e+01      
1.8097348e+02 5.8396978e+01      
1.8247011e+02 5.1941513e+01      
1.8378247e+02 4.6664917e+01      
1.8499783e+02 4.2758656e+01      
1.8617025e+02 4.0336813e+01      
1.8727057e+02 3.9549497e+01      
1.8825478e+02 4.0452025e+01      
1.8970721e+02 4.1618238e+01      
1.9183155e+02 4.2938472e+01      
1.9442428e+02 4.4734742e+01      
1.9540594e+02 4.7911939e+01      
1.9672355e+02 5.1284477e+01      
1.9799046e+02 5.4308356e+01      
1.9732911e+02 5.6482888e+01      
1.9652531e+02 5.8042723e+01      
1.8568661e+02 5.9885336e+01      
1.8431147e+02 5.5225048e+01      
1.8352814e+02 4.9881230e+01      
1.8336010e+02 4.3837240e+01      
1.8378524e+02 3.7085193e+01      
1.8469639e+02 2.9687162e+01      
1.8586743e+02 2.2043680e+01      
1.8685897e+02 1.5836492e+01      
1.8780335e+02 1.1261076e+01      
1.8881320e+02 8.4331557e+00      
1.8991854e+02 7.4192310e+00      
1.9116585e+02 7.8971615e+00      
1.9298925e+02 8.3788323e+00      
1.9533433e+02 9.1298865e+00      
1.9757633e+02 1.0780286e+01      
1.9771801e+02 1.4383137e+01      
1.9797038e+02 1.8219255e+01      
1.9827622e+02 2.1739645e+01      
1.9808792e+02 2.4674262e+01      
1.9783198e+02 2.7011953e+01      
1.8839803e+02 3.1760818e+01      
1.8676612e+02 2.7017329e+01      
1.8562966e+02 2.1591628e+01      
1.8499254e+02 1.5486486e+01      
1.8482693e+02 8.7057600e+00      
1.8507256e+02 1.2257927e+00      
1.8562456e+02 -6.8587592e+00      
1.8616230e+02 -1.3826769e+01      
1.8678595e+02 -1.9115152e+01      
1.8763642e+02 -2.2432979e+01      
1.8879391e+02 -2.3705289e+01      
1.9041343e+02 -2.4554214e+01      
1.9262357e+02 -2.5229933e+01      
1.9523930e+02 -2.5330745e+01      
1.9665306e+02 -2.3428224e+01      
1.9633089e+02 -1.9357204e+01      
1.9593772e+02 -1.4829973e+01      
1.9575983e+02 -1.0596828e+01      
1.9567819e+02 -6.9327286e+00      
1.9571353e+02 -3.9016894e+00      
1.8766270e+02 3.8183895e+00      
1.8577382e+02 -9.3690527e-01      
1.8429616e+02 -6.3607703e+00      
1.8322670e+02 -1.2435912e+01      
1.8253916e+02 -1.9139381e+01      
1.8218197e+02 -2.6435920e+01      
1.8206483e+02 -3.4180890e+01      
1.8207411e+02 -4.1906610e+01      
1.8230143e+02 -4.8018626e+01      
1.8296383e+02 -5.2068762e+01      
1.8417296e+02 -5.4373836e+01      
1.8598449e+02 -5.6636146e+01      
1.8842117e+02 -5.8603440e+01      
1.9038551e+02 -5.8748220e+01      
1.9144476e+02 -5.6793349e+01      
1.9139534e+02 -5.2775678e+01      
1.9051092e+02 -4.7240220e+01      
1.9011396e+02 -4.2173358e+01      
1.9007056e+02 -3.7789355e+01      
1.9026374e+02 -3.4122338e+01      
1.8356676e+02 -2.3503240e+01      
1.8143449e+02 -2.8209041e+01      
1.7964111e+02 -3.3562176e+01      
1.7818210e+02 -3.9534002e+01      
1.7703480e+02 -4.6084062e+01      
1.7615704e+02 -5.3145975e+01      
1.7548832e+02 -6.0597554e+01      
1.7496994e+02 -6.8192155e+01      
1.7466689e+02 -7.5261254e+01      
1.7507144e+02 -7.9977230e+01      
1.7601213e+02 -8.3914096e+01      
1.7768570e+02 -8.7675517e+01      
1.7935234e+02 -8.9792961e+01      
1.8074069e+02 -8.9905658e+01      
1.8164760e+02 -8.7946618e+01      
1.8189921e+02 -8.3984915e+01      
1.8140848e+02 -7.8199252e+01      
1.8116055e+02 -7.2420082e+01      
1.8124120e+02 -6.7323164e+01      
1.8157940e+02 -6.3083572e+01      
1.7624293e+02 -4.9785245e+01      
1.7388927e+02 -5.4389064e+01      
1.7181252e+02 -5.9614715e+01      
1.7000942e+02 -6.5427327e+01      
1.6846247e+02 -7.1781204e+01      
1.6714028e+02 -7.8613969e+01      
1.6600044e+02 -8.5842705e+01      
1.6499020e+02 -9.3391108e+01      
1.6413144e+02 -1.0101572e+02      
1.6401253e+02 -1.0695759e+02      
1.6425630e+02 -1.1207701e+02      
1.6492229e+02 -1.1606954e+02      
1.6580820e+02 -1.1824904e+02      
1.6674910e+02 -1.1832796e+02      
1.6761401e+02 -1.1631314e+02      
1.6832208e+02 -1.1248618e+02      
1.6891709e+02 -1.0744503e+02      
1.6898931e+02 -1.0070052e+02      
1.6930411e+02 -9.4919451e+01      
1.6982135e+02 -9.0231069e+01      
1.6586764e+02 -7.4632334e+01      
1.6331953e+02 -7.9088815e+01      
1.6099526e+02 -8.4138653e+01      
1.5889405e+02 -8.9744807e+01      
1.5700360e+02 -9.5863238e+01      
1.5530114e+02 -1.0244335e+02      
1.5375690e+02 -1.0943368e+02      
1.5234410e+02 -1.1679699e+02      
1.5109326e+02 -1.2448431e+02      
1.5011110e+02 -1.3238295e+02      
1.4942063e+02 -1.3889088e+02      
1.4916965e+02 -1.4349836e+02      
1.4938536e+02 -1.4588282e+02      
1.4999699e+02 -1.4592032e+02      
1.5090065e+02 -1.4365218e+02      
1.5197211e+02 -1.3931895e+02      
1.5302982e+02 -1.3327693e+02      
1.5382189e+02 -1.2600369e+02      
1.5451180e+02 -1.1995530e+02      
1.5523322e+02 -1.1505813e+02      
1.5265833e+02 -9.7677310e+01      
1.4994543e+02 -1.0194675e+02      
1.4741107e+02 -1.0677780e+02      
1.4505734e+02 -1.1213285e+02      
1.4287649e+02 -1.1797041e+02      
1.4085157e+02 -1.2424809e+02      
1.3895869e+02 -1.3092947e+02      
1.3717172e+02 -1.3799623e+02      
1.3546549e+02 -1.4546971e+02      
1.3378614e+02 -1.5337401e+02      
1.3212131e+02 -1.6126460e+02      
1.3105401e+02 -1.6661462e+02      
1.3070864e+02 -1.6925821e+02      
1.3107917e+02 -1.6921039e+02      
1.3208468e+02 -1.6649987e+02      
1.3353370e+02 -1.6133566e+02      
1.3507391e+02 -1.5434687e+02      
1.3626468e+02 -1.4773703e+02      
1.3723764e+02 -1.4199857e+02      
1.3812764e+02 -1.3716999e+02      
1.3687041e+02 -1.1858608e+02      
1.3402365e+02 -1.2263374e+02      
1.3131706e+02 -1.2720737e+02      
1.2875586e+02 -1.3226856e+02      
1.2633626e+02 -1.3777641e+02      
1.2404544e+02 -1.4369089e+02      
1.2186123e+02 -1.4997894e+02      
1.1974994e+02 -1.5662497e+02      
1.1765572e+02 -1.6364908e+02      
1.1546376e+02 -1.7116272e+02      
1.1307136e+02 -1.7910925e+02      
1.1126274e+02 -1.8487852e+02      
1.1041851e+02 -1.8773570e+02      
1.1061819e+02 -1.8757427e+02      
1.1179079e+02 -1.8438650e+02      
1.1373323e+02 -1.7832885e+02      
1.1541958e+02 -1.7201521e+02      
1.1675929e+02 -1.6613925e+02      
1.1786741e+02 -1.6088719e+02      
1.1884939e+02 -1.5630849e+02      
1.1879360e+02 -1.3706253e+02      
1.1584405e+02 -1.4085875e+02      
1.1300276e+02 -1.4514128e+02      
1.1027826e+02 -1.4987000e+02      
1.0767092e+02 -1.5500210e+02      
1.0517227e+02 -1.6049458e+02      
1.0276351e+02 -1.6630835e+02      
1.0041186e+02 -1.7241407e+02      
9.8062000e+01 -1.7879978e+02      
9.5624840e+01 -1.8546937e+02      
9.3017639e+01 -1.9228336e+02      
9.0426108e+01 -1.9846857e+02      
8.9145029e+01 -2.0144577e+02      
8.9256837e+01 -2.0113208e+02      
9.0576343e+01 -1.9775392e+02      
9.2648063e+01 -1.9199419e+02      
9.4310773e+01 -1.8643800e+02      
9.5635309e+01 -1.8128171e+02      
9.6754564e+01 -1.7655368e+02      
9.7748559e+01 -1.7231153e+02      
9.8747764e+01 -1.5285278e+02      
9.5725759e+01 -1.5637352e+02      
9.2786022e+01 -1.6033755e+02      
8.9940800e+01 -1.6470225e+02      
8.7195156e+01 -1.6942108e+02      
8.4546307e+01 -1.7444481e+02      
8.1982410e+01 -1.7972304e+02      
7.9480189e+01 -1.8520527e+02      
7.7000916e+01 -1.9083936e+02      
7.4484309e+01 -1.9656347e+02      
7.1820872e+01 -2.0232223e+02      
6.8990259e+01 -2.0784860e+02      
6.7455114e+01 -2.1060190e+02      
6.7598340e+01 -2.1002591e+02      
6.9108034e+01 -2.0649272e+02      
7.0662036e+01 -2.0210283e+02      
7.2026584e+01 -1.9755801e+02      
7.3199359e+01 -1.9313304e+02      
7.4234030e+01 -1.8894241e+02      
7.5174000e+01 -1.8507230e+02      
7.7078262e+01 -1.6574844e+02      
7.4012559e+01 -1.6897583e+02      
7.1008515e+01 -1.7260141e+02      
6.8082349e+01 -1.7657983e+02      
6.5244348e+01 -1.8086022e+02      
6.2498579e+01 -1.8538632e+02      
5.9842567e+01 -1.9009594e+02      
5.7266992e+01 -1.9491881e+02      
5.4755832e+01 -1.9977121e+02      
5.2288046e+01 -2.0454546e+02      
4.9846985e+01 -2.0908841e+02      
4.7516228e+01 -2.1305042e+02      
4.5728913e+01 -2.1558325e+02      
4.5981724e+01 -2.1471786e+02      
4.6816839e+01 -2.1228696e+02      
4.7805756e+01 -2.0904775e+02      
4.8797619e+01 -2.0542897e+02      
4.9742874e+01 -2.0169689e+02      
5.0633308e+01 -1.9802330e+02      
5.1474920e+01 -1.9452569e+02      
