3.9810640e+01 2.3891892e+02      
3.9401166e+01 2.3818337e+02      
3.9424447e+01 2.3742795e+02      
3.9762860e+01 2.3669942e+02      
4.0167189e+01 2.3604718e+02      
4.0139563e+01 2.3548142e+02      
3.9091001e+01 2.3495689e+02      
3.7626582e+01 2.3457610e+02      
3.6255127e+01 2.3438402e+02      
3.5230907e+01 2.3438124e+02      
3.4669558e+01 2.3456134e+02      
3.4596111e+01 2.3491073e+02      
3.4982517e+01 2.3540070e+02      
3.5770714e+01 2.3597985e+02      
3.6886433e+01 2.3656691e+02      
3.8255678e+01 2.3705389e+02      
3.9859288e+01 2.3738778e+02      
4.1774793e+01 2.3765316e+02      
4.4091730e+01 2.3793807e+02      
4.6862038e+01 2.3826096e+02      
6.8651655e+01 2.3053992e+02      
6.8578161e+01 2.2976105e+02      
6.9114527e+01 2.2891720e+02      
7.0196914e+01 2.2806948e+02      
7.1535823e+01 2.2730595e+02      
7.2357533e+01 2.2668599e+02      
7.0446773e+01 2.2591223e+02      
6.8046960e+01 2.2535052e+02      
6.5944945e+01 2.2500945e+02      
6.4438122e+01 2.2486506e+02      
6.3592689e+01 2.2491160e+02      
6.3372006e+01 2.2514640e+02      
6.3693384e+01 2.2554708e+02      
6.4450380e+01 2.2606038e+02      
6.5518045e+01 2.2658733e+02      
6.6727676e+01 2.2690150e+02      
6.7941295e+01 2.2673162e+02      
6.9431722e+01 2.2648627e+02      
7.1363867e+01 2.2635759e+02      
7.3782757e+01 2.2633308e+02      
9.5823143e+01 2.1862646e+02      
9.6050054e+01 2.1777846e+02      
9.7138699e+01 2.1680085e+02      
9.9154415e+01 2.1575496e+02      
1.0163661e+02 2.1477154e+02      
1.0224736e+02 2.1386217e+02      
1.0052498e+02 2.1302772e+02      
9.6983534e+01 2.1234652e+02      
9.3969116e+01 2.1188967e+02      
9.1952043e+01 2.1160785e+02      
9.0881883e+01 2.1151847e+02      
9.0602687e+01 2.1165576e+02      
9.0961552e+01 2.1201277e+02      
9.1797923e+01 2.1254362e+02      
9.2942346e+01 2.1316304e+02      
9.4085086e+01 2.1352406e+02      
9.4608194e+01 2.1244673e+02      
9.5538514e+01 2.1160585e+02      
9.7019444e+01 2.1109350e+02      
9.9037143e+01 2.1077929e+02      
1.2078901e+02 2.0341924e+02      
1.2115079e+02 2.0248856e+02      
1.2257085e+02 2.0135076e+02      
1.2542668e+02 2.0000698e+02      
1.2767439e+02 1.9865667e+02      
1.2816281e+02 1.9746169e+02      
1.2654043e+02 1.9650864e+02      
1.2321776e+02 1.9580127e+02      
1.1938412e+02 1.9527088e+02      
1.1707267e+02 1.9481769e+02      
1.1594856e+02 1.9455161e+02      
1.1575978e+02 1.9459177e+02      
1.1632876e+02 1.9496701e+02      
1.1734282e+02 1.9551686e+02      
1.1866952e+02 1.9625498e+02      
1.1933132e+02 1.9592374e+02      
1.1920931e+02 1.9430003e+02      
1.1959078e+02 1.9307032e+02      
1.2060772e+02 1.9230110e+02      
1.2220178e+02 1.9180324e+02      
1.4311370e+02 1.8521045e+02      
1.4335412e+02 1.8420185e+02      
1.4443207e+02 1.8294332e+02      
1.4640561e+02 1.8142766e+02      
1.4879991e+02 1.7967533e+02      
1.4935511e+02 1.7816044e+02      
1.4764801e+02 1.7706701e+02      
1.4417105e+02 1.7630865e+02      
1.4119813e+02 1.7551016e+02      
1.3923254e+02 1.7476181e+02      
1.3826875e+02 1.7420461e+02      
1.3826093e+02 1.7403596e+02      
1.3923830e+02 1.7448344e+02      
1.4035328e+02 1.7478831e+02      
1.4144510e+02 1.7490973e+02      
1.4178947e+02 1.7416305e+02      
1.4119740e+02 1.7237358e+02      
1.4113000e+02 1.7104158e+02      
1.4171986e+02 1.7020821e+02      
1.4289314e+02 1.6967283e+02      
1.6250994e+02 1.6433049e+02      
1.6246249e+02 1.6325258e+02      
1.6298226e+02 1.6190364e+02      
1.6400579e+02 1.6029897e+02      
1.6524266e+02 1.5847427e+02      
1.6594344e+02 1.5658678e+02      
1.6406865e+02 1.5535269e+02      
1.6170843e+02 1.5415317e+02      
1.5964582e+02 1.5293137e+02      
1.5820520e+02 1.5176087e+02      
1.5749049e+02 1.5075094e+02      
1.5751818e+02 1.5002808e+02      
1.5819778e+02 1.4963879e+02      
1.5925810e+02 1.4942449e+02      
1.6059524e+02 1.4938329e+02      
1.6097462e+02 1.4859672e+02      
1.6017308e+02 1.4698647e+02      
1.5979783e+02 1.4582409e+02      
1.6001794e+02 1.4513666e+02      
1.6078291e+02 1.4472993e+02      
1.7880061e+02 1.4114117e+02      
1.7842502e+02 1.3999524e+02      
1.7842543e+02 1.3856282e+02      
1.7869413e+02 1.3687917e+02      
1.7899552e+02 1.3500457e+02      
1.7886557e+02 1.3308201e+02      
1.7776965e+02 1.3132274e+02      
1.7628744e+02 1.2960790e+02      
1.7492224e+02 1.2788939e+02      
1.7394262e+02 1.2620671e+02      
1.7347952e+02 1.2462943e+02      
1.7355867e+02 1.2323220e+02      
1.7410749e+02 1.2206011e+02      
1.7497943e+02 1.2112896e+02      
1.7596909e+02 1.2042827e+02      
1.7664342e+02 1.1976744e+02      
1.7590925e+02 1.1858864e+02      
1.7536445e+02 1.1783514e+02      
1.7525037e+02 1.1749798e+02      
1.7560500e+02 1.1739053e+02      
1.9185875e+02 1.1603447e+02      
1.9118182e+02 1.1481419e+02      
1.9076150e+02 1.1328803e+02      
1.9050083e+02 1.1149674e+02      
1.9023499e+02 1.0950058e+02      
1.8974915e+02 1.0738533e+02      
1.8893038e+02 1.0522488e+02      
1.8793784e+02 1.0302891e+02      
1.8702855e+02 1.0079672e+02      
1.8640142e+02 9.8555684e+01      
1.8617214e+02 9.6355131e+01      
1.8637293e+02 9.4255786e+01      
1.8695048e+02 9.2323925e+01      
1.8776050e+02 9.0637059e+01      
1.8854955e+02 8.9285931e+01      
1.8889565e+02 8.8324208e+01      
1.8844364e+02 8.7716022e+01      
1.8774327e+02 8.7570472e+01      
1.8724493e+02 8.7778355e+01      
1.8714867e+02 8.8139021e+01      
2.0158234e+02 8.9430915e+01      
2.0065441e+02 8.8126785e+01      
1.9991392e+02 8.6491726e+01      
1.9929294e+02 8.4562919e+01      
1.9869786e+02 8.2387497e+01      
1.9803837e+02 8.0018861e+01      
1.9728831e+02 7.7502348e+01      
1.9652467e+02 7.4864544e+01      
1.9588564e+02 7.2124687e+01      
1.9550596e+02 6.9309660e+01      
1.9548152e+02 6.6458708e+01      
1.9585323e+02 6.3625542e+01      
1.9659203e+02 6.0888814e+01      
1.9757294e+02 5.8377518e+01      
1.9853102e+02 5.6301925e+01      
1.9892611e+02 5.5017759e+01      
1.9814391e+02 5.4919849e+01      
1.9692301e+02 5.5564254e+01      
1.9586455e+02 5.6526488e+01      
1.9523607e+02 5.7523804e+01      
2.0789378e+02 6.1774909e+01      
2.0676599e+02 6.0379071e+01      
2.0578510e+02 5.8624257e+01      
2.0491124e+02 5.6541062e+01      
2.0409792e+02 5.4164737e+01      
2.0331112e+02 5.1532029e+01      
2.0255450e+02 4.8675677e+01      
2.0188189e+02 4.5621337e+01      
2.0138360e+02 4.2390721e+01      
2.0115953e+02 3.9007074e+01      
2.0129737e+02 3.5498640e+01      
2.0185903e+02 3.1902433e+01      
2.0286461e+02 2.8281383e+01      
2.0425565e+02 2.4777488e+01      
2.0579678e+02 2.1722391e+01      
2.0680662e+02 1.9807545e+01      
2.0499713e+02 2.0594053e+01      
2.0278828e+02 2.2379063e+01      
2.0093583e+02 2.4364436e+01      
1.9969297e+02 2.6161123e+01      
2.1074782e+02 3.3527447e+01      
2.0946304e+02 3.2036748e+01      
2.0829828e+02 3.0159339e+01      
2.0723490e+02 2.7918991e+01      
2.0625495e+02 2.5341561e+01      
2.0535229e+02 2.2453019e+01      
2.0454451e+02 1.9277049e+01      
2.0387841e+02 1.5833824e+01      
2.0342544e+02 1.2140791e+01      
2.0327102e+02 8.2141327e+00      
2.0350529e+02 4.0686281e+00      
2.0422176e+02 -2.8745782e-01      
2.0552793e+02 -4.8642410e+00      
2.0746565e+02 -9.5667456e+00      
2.0969894e+02 -1.3816449e+01      
2.1012466e+02 -1.5560929e+01      
2.0836094e+02 -1.4526292e+01      
2.0498870e+02 -1.1255804e+01      
2.0219902e+02 -7.9616839e+00      
2.0033250e+02 -5.2532483e+00      
2.1014009e+02 5.1574167e+00      
2.0873131e+02 3.5747078e+00      
2.0742076e+02 1.5804942e+00      
2.0620455e+02 -8.0775833e-01      
2.0508174e+02 -3.5719401e+00      
2.0406103e+02 -6.6945603e+00      
2.0316726e+02 -1.0159936e+01      
2.0244489e+02 -1.3954757e+01      
2.0195748e+02 -1.8067985e+01      
2.0178486e+02 -2.2491002e+01      
2.0202079e+02 -2.7219055e+01      
2.0277519e+02 -3.2255912e+01      
2.0422279e+02 -3.7675070e+01      
2.0655961e+02 -4.3591005e+01      
2.0807420e+02 -4.7837283e+01      
2.0794099e+02 -4.9297919e+01      
2.0604405e+02 -4.7839789e+01      
2.0281910e+02 -4.4098426e+01      
1.9924846e+02 -3.9432405e+01      
1.9697657e+02 -3.5955254e+01      
2.0611313e+02 -2.2867435e+01      
2.0460481e+02 -2.4533090e+01      
2.0317391e+02 -2.6630191e+01      
2.0182621e+02 -2.9146915e+01      
2.0057073e+02 -3.2071858e+01      
1.9942395e+02 -3.5394982e+01      
1.9841381e+02 -3.9108268e+01      
1.9758259e+02 -4.3205748e+01      
1.9698843e+02 -4.7683055e+01      
1.9670685e+02 -5.2537796e+01      
1.9683353e+02 -5.7772642e+01      
1.9748024e+02 -6.3389854e+01      
1.9865860e+02 -6.9228191e+01      
2.0002204e+02 -7.4683551e+01      
2.0104906e+02 -7.9118941e+01      
2.0033213e+02 -8.0150438e+01      
1.9805180e+02 -7.7897619e+01      
1.9464451e+02 -7.3256937e+01      
1.9169000e+02 -6.8893476e+01      
1.8959067e+02 -6.5276867e+01      
1.9875955e+02 -5.0089338e+01      
1.9716982e+02 -5.1823054e+01      
1.9563597e+02 -5.4001871e+01      
1.9416981e+02 -5.6618862e+01      
1.9278576e+02 -5.9668508e+01      
1.9150361e+02 -6.3147658e+01      
1.9035113e+02 -6.7056056e+01      
1.8936639e+02 -7.1395822e+01      
1.8860005e+02 -7.6169433e+01      
1.8811905e+02 -8.1377446e+01      
1.8801591e+02 -8.7024133e+01      
1.8843997e+02 -9.3162960e+01      
1.8945607e+02 -9.9664438e+01      
1.8988729e+02 -1.0450805e+02      
1.8952025e+02 -1.0733841e+02      
1.8794823e+02 -1.0750775e+02      
1.8520534e+02 -1.0425085e+02      
1.8244483e+02 -1.0030442e+02      
1.8012743e+02 -9.6403494e+01      
1.7842185e+02 -9.2853676e+01      
1.8822258e+02 -7.6068894e+01      
1.8656532e+02 -7.7850737e+01      
1.8494139e+02 -8.0083945e+01      
1.8336600e+02 -8.2765551e+01      
1.8185596e+02 -8.5894983e+01      
1.8043135e+02 -8.9475407e+01      
1.7911711e+02 -9.3514729e+01      
1.7794443e+02 -9.8025227e+01      
1.7695246e+02 -1.0301949e+02      
1.7619105e+02 -1.0849934e+02      
1.7572651e+02 -1.1444045e+02      
1.7565818e+02 -1.2080853e+02      
1.7593684e+02 -1.2722738e+02      
1.7540644e+02 -1.3115698e+02      
1.7398579e+02 -1.3264465e+02      
1.7161216e+02 -1.3147423e+02      
1.6909426e+02 -1.2891762e+02      
1.6684198e+02 -1.2561901e+02      
1.6507933e+02 -1.2202307e+02      
1.6384456e+02 -1.1846292e+02      
1.7469472e+02 -1.0039289e+02      
1.7298127e+02 -1.0219897e+02      
1.7127801e+02 -1.0445448e+02      
1.6960176e+02 -1.0715915e+02      
1.6796980e+02 -1.1031599e+02      
1.6640063e+02 -1.1393325e+02      
1.6491450e+02 -1.1802690e+02      
1.6353376e+02 -1.2262254e+02      
1.6228298e+02 -1.2775355e+02      
1.6118900e+02 -1.3344231e+02      
1.6027928e+02 -1.3964112e+02      
1.5955595e+02 -1.4608829e+02      
1.5882160e+02 -1.5186711e+02      
1.5728286e+02 -1.5438966e+02      
1.5510703e+02 -1.5502772e+02      
1.5245341e+02 -1.5420126e+02      
1.4999448e+02 -1.5217656e+02      
1.4808711e+02 -1.4924156e+02      
1.4686685e+02 -1.4568011e+02      
1.4625934e+02 -1.4184888e+02      
1.5841480e+02 -1.2268139e+02      
1.5665521e+02 -1.2448526e+02      
1.5488286e+02 -1.2672797e+02      
1.5311513e+02 -1.2941036e+02      
1.5136869e+02 -1.3253689e+02      
1.4965956e+02 -1.3611837e+02      
1.4800273e+02 -1.4017613e+02      
1.4641128e+02 -1.4474882e+02      
1.4489464e+02 -1.4990337e+02      
1.4345630e+02 -1.5574264e+02      
1.4209321e+02 -1.6227490e+02      
1.4077251e+02 -1.6901806e+02      
1.3917281e+02 -1.7383664e+02      
1.3703591e+02 -1.7603070e+02      
1.3421913e+02 -1.7588120e+02      
1.3084797e+02 -1.7534954e+02      
1.2824752e+02 -1.7358324e+02      
1.2657066e+02 -1.7078402e+02      
1.2589875e+02 -1.6706691e+02      
1.2621997e+02 -1.6255469e+02      
1.3966389e+02 -1.4259396e+02      
1.3786775e+02 -1.4436823e+02      
1.3603702e+02 -1.4656217e+02      
1.3418910e+02 -1.4917590e+02      
1.3233974e+02 -1.5221264e+02      
1.3050253e+02 -1.5568156e+02      
1.2868787e+02 -1.5960264e+02      
1.2690101e+02 -1.6401606e+02      
1.2513861e+02 -1.6900485e+02      
1.2338302e+02 -1.7477410e+02      
1.2159086e+02 -1.8157552e+02      
1.1966607e+02 -1.8763365e+02      
1.1752895e+02 -1.9182302e+02      
1.1504897e+02 -1.9369959e+02      
1.1200559e+02 -1.9361666e+02      
1.0836223e+02 -1.9255347e+02      
1.0570224e+02 -1.9077324e+02      
1.0416145e+02 -1.8807670e+02      
1.0379478e+02 -1.8439689e+02      
1.0457131e+02 -1.7982898e+02      
1.1876045e+02 -1.5983488e+02      
1.1693730e+02 -1.6155289e+02      
1.1505971e+02 -1.6366362e+02      
1.1314500e+02 -1.6616465e+02      
1.1120819e+02 -1.6905523e+02      
1.0926125e+02 -1.7233830e+02      
1.0731162e+02 -1.7602377e+02      
1.0535995e+02 -1.8013427e+02      
1.0339582e+02 -1.8471537e+02      
1.0138954e+02 -1.8984442e+02      
9.9270928e+01 -1.9550993e+02      
9.6927184e+01 -2.0124832e+02      
9.4488441e+01 -2.0502556e+02      
9.1960585e+01 -2.0636737e+02      
8.9116943e+01 -2.0570299e+02      
8.5659101e+01 -2.0495778e+02      
8.3150011e+01 -2.0333617e+02      
8.1674972e+01 -2.0084276e+02      
8.1271374e+01 -1.9748189e+02      
8.1935012e+01 -1.9334943e+02      
9.6054651e+01 -1.7415713e+02      
9.4214131e+01 -1.7579461e+02      
9.2301974e+01 -1.7779141e+02      
9.0335590e+01 -1.8014132e+02      
8.8329811e+01 -1.8283767e+02      
8.6296044e+01 -1.8587403e+02      
8.4240963e+01 -1.8924478e+02      
8.2164476e+01 -1.9294474e+02      
8.0056514e+01 -1.9696447e+02      
7.7891937e+01 -2.0126893e+02      
7.5623892e+01 -2.0574024e+02      
7.3191517e+01 -2.1006337e+02      
7.0597835e+01 -2.1351646e+02      
6.8259078e+01 -2.1419926e+02      
6.5715274e+01 -2.1388606e+02      
6.3086618e+01 -2.1305409e+02      
6.0928102e+01 -2.1154812e+02      
5.9471625e+01 -2.0932550e+02      
5.8745461e+01 -2.0645983e+02      
5.8580061e+01 -2.0317588e+02      
