1.6662132e+01 2.5583372e+02      
1.3558643e+01 2.5412487e+02      
1.0707672e+01 2.5229574e+02      
8.1195047e+00 2.5040037e+02      
5.8491849e+00 2.4850585e+02      
3.9687676e+00 2.4668244e+02      
2.5407411e+00 2.4499479e+02      
1.6076777e+00 2.4349969e+02      
1.1919502e+00 2.4224756e+02      
1.2982326e+00 2.4128411e+02      
1.9168087e+00 2.4065008e+02      
3.0275868e+00 2.4037878e+02      
4.6046562e+00 2.4049193e+02      
6.6216407e+00 2.4099472e+02      
9.0580717e+00 2.4187081e+02      
1.1905502e+01 2.4307901e+02      
1.5171924e+01 2.4455331e+02      
1.8883591e+01 2.4620690e+02      
2.3079253e+01 2.4794032e+02      
2.7795101e+01 2.4965197e+02      
4.4516031e+01 2.4544338e+02      
4.1595159e+01 2.4355740e+02      
3.8812548e+01 2.4149226e+02      
3.6175871e+01 2.3930725e+02      
3.3795136e+01 2.3709219e+02      
3.1797341e+01 2.3493820e+02      
3.0271698e+01 2.3292000e+02      
2.9268165e+01 2.3109759e+02      
2.8807590e+01 2.2952397e+02      
2.8887516e+01 2.2825079e+02      
2.9486738e+01 2.2732893e+02      
3.0570874e+01 2.2680463e+02      
3.2097655e+01 2.2671333e+02      
3.4022919e+01 2.2707244e+02      
3.6310631e+01 2.2787253e+02      
3.8943313e+01 2.2906989e+02      
4.1927762e+01 2.3058603e+02      
4.5305197e+01 2.3231220e+02      
4.9149195e+01 2.3412092e+02      
5.3526913e+01 2.3588761e+02      
7.1435746e+01 2.3138287e+02      
6.8857218e+01 2.2932875e+02      
6.6179309e+01 2.2700073e+02      
6.3406606e+01 2.2446443e+02      
6.0817443e+01 2.2187000e+02      
5.8646249e+01 2.1934577e+02      
5.6999217e+01 2.1697047e+02      
5.5921045e+01 2.1479767e+02      
5.5426041e+01 2.1287604e+02      
5.5500499e+01 2.1126171e+02      
5.6106061e+01 2.1001940e+02      
5.7189421e+01 2.0921390e+02      
5.8687609e+01 2.0890066e+02      
6.0528781e+01 2.0911838e+02      
6.2649498e+01 2.0987346e+02      
6.5020948e+01 2.1112015e+02      
6.7636861e+01 2.1276410e+02      
7.0544107e+01 2.1466729e+02      
7.3903837e+01 2.1664923e+02      
7.7843195e+01 2.1855074e+02      
9.7031957e+01 2.1391160e+02      
9.5194784e+01 2.1177215e+02      
9.2658178e+01 2.0915191e+02      
8.9429475e+01 2.0612562e+02      
8.6438930e+01 2.0306500e+02      
8.4037854e+01 2.0013690e+02      
8.2254925e+01 1.9739186e+02      
8.1104329e+01 1.9485663e+02      
8.0596837e+01 1.9256156e+02      
8.0704992e+01 1.9056525e+02      
8.1361484e+01 1.8895579e+02      
8.2489051e+01 1.8782570e+02      
8.4009254e+01 1.8725442e+02      
8.5807522e+01 1.8731625e+02      
8.7752886e+01 1.8806101e+02      
8.9828477e+01 1.8943538e+02      
9.2025203e+01 1.9131039e+02      
9.4201533e+01 1.9356123e+02      
9.6896602e+01 1.9584393e+02      
1.0030963e+02 1.9796293e+02      
1.2062492e+02 1.9323410e+02      
1.2032515e+02 1.9119645e+02      
1.1796230e+02 1.8825048e+02      
1.1357723e+02 1.8448783e+02      
1.1007971e+02 1.8091132e+02      
1.0748905e+02 1.7758105e+02      
1.0558110e+02 1.7448718e+02      
1.0435778e+02 1.7160426e+02      
1.0387285e+02 1.6891406e+02      
1.0408729e+02 1.6647384e+02      
1.0486362e+02 1.6442685e+02      
1.0608818e+02 1.6291310e+02      
1.0771551e+02 1.6202014e+02      
1.0961308e+02 1.6185242e+02      
1.1136346e+02 1.6262978e+02      
1.1297831e+02 1.6429131e+02      
1.1475583e+02 1.6654355e+02      
1.1569062e+02 1.6942854e+02      
1.1762685e+02 1.7211772e+02      
1.2049603e+02 1.7451378e+02      
1.4095185e+02 1.6943745e+02      
1.4125033e+02 1.6698344e+02      
1.3911475e+02 1.6368146e+02      
1.3460231e+02 1.5963216e+02      
1.3111929e+02 1.5567231e+02      
1.2861062e+02 1.5197539e+02      
1.2656073e+02 1.4861790e+02      
1.2520932e+02 1.4546268e+02      
1.2478643e+02 1.4237027e+02      
1.2527665e+02 1.3935588e+02      
1.2627687e+02 1.3675875e+02      
1.2761410e+02 1.3480078e+02      
1.2933138e+02 1.3356282e+02      
1.3154672e+02 1.3304270e+02      
1.3298461e+02 1.3395060e+02      
1.3368866e+02 1.3618786e+02      
1.3360661e+02 1.3955003e+02      
1.3412956e+02 1.4290268e+02      
1.3560698e+02 1.4595532e+02      
1.3801183e+02 1.4864484e+02      
1.5738461e+02 1.4300192e+02      
1.5748144e+02 1.3995027e+02      
1.5560710e+02 1.3626855e+02      
1.5184996e+02 1.3204383e+02      
1.4909396e+02 1.2773901e+02      
1.4715703e+02 1.2366159e+02      
1.4478140e+02 1.2021620e+02      
1.4313999e+02 1.1697260e+02      
1.4268959e+02 1.1360259e+02      
1.4369992e+02 1.0984572e+02      
1.4501291e+02 1.0656758e+02      
1.4643371e+02 1.0410034e+02      
1.4792074e+02 1.0264033e+02      
1.4932575e+02 1.0238230e+02      
1.5015020e+02 1.0363609e+02      
1.5012994e+02 1.0646641e+02      
1.4927870e+02 1.1061750e+02      
1.4938506e+02 1.1445893e+02      
1.5052139e+02 1.1784844e+02      
1.5255121e+02 1.2082355e+02      
1.6994872e+02 1.1456599e+02      
1.6886927e+02 1.1100291e+02      
1.6725021e+02 1.0694849e+02      
1.6521480e+02 1.0241890e+02      
1.6360881e+02 9.7696631e+01      
1.6178911e+02 9.3459711e+01      
1.5967425e+02 8.9845452e+01      
1.5761501e+02 8.6757356e+01      
1.5675318e+02 8.3528485e+01      
1.5725755e+02 7.9899507e+01      
1.5882718e+02 7.5957143e+01      
1.6034497e+02 7.2904144e+01      
1.6162028e+02 7.1149064e+01      
1.6250636e+02 7.0968513e+01      
1.6278846e+02 7.2577189e+01      
1.6232065e+02 7.5951126e+01      
1.6133660e+02 8.0516709e+01      
1.6127541e+02 8.4637892e+01      
1.6216975e+02 8.8285410e+01      
1.6389805e+02 9.1523364e+01      
1.7932526e+02 8.4683531e+01      
1.7774287e+02 8.0772554e+01      
1.7622046e+02 7.6447281e+01      
1.7502543e+02 7.1549488e+01      
1.7364479e+02 6.6710661e+01      
1.7194986e+02 6.2338985e+01      
1.7001465e+02 5.8620424e+01      
1.6813678e+02 5.5498863e+01      
1.6685020e+02 5.2626249e+01      
1.6691375e+02 4.9317439e+01      
1.6798938e+02 4.5696000e+01      
1.6958311e+02 4.2061717e+01      
1.7076389e+02 3.9848403e+01      
1.7136588e+02 3.9520591e+01      
1.7126148e+02 4.1386816e+01      
1.7037848e+02 4.5453340e+01      
1.6970507e+02 4.9808774e+01      
1.6968370e+02 5.3921106e+01      
1.7042882e+02 5.7723529e+01      
1.7191415e+02 6.1205864e+01      
1.8570341e+02 5.3770375e+01      
1.8385737e+02 4.9647084e+01      
1.8205502e+02 4.5381497e+01      
1.8049706e+02 4.0737084e+01      
1.7922509e+02 3.5697598e+01      
1.7760909e+02 3.1137103e+01      
1.7571497e+02 2.7371144e+01      
1.7384717e+02 2.4372195e+01      
1.7286634e+02 2.1393612e+01      
1.7289859e+02 1.8294666e+01      
1.7371975e+02 1.5088392e+01      
1.7491772e+02 1.1940320e+01      
1.7601509e+02 9.2329655e+00      
1.7642288e+02 8.5341390e+00      
1.7612513e+02 1.0306307e+01      
1.7523192e+02 1.4454778e+01      
1.7465498e+02 1.8646294e+01      
1.7463452e+02 2.2658073e+01      
1.7525466e+02 2.6557048e+01      
1.7653013e+02 3.0304361e+01      
1.8914626e+02 2.2065943e+01      
1.8708051e+02 1.7822961e+01      
1.8471291e+02 1.4038417e+01      
1.8255053e+02 9.9214363e+00      
1.8072816e+02 5.2715041e+00      
1.7908316e+02 4.3347431e-01      
1.7712408e+02 -3.4472517e+00      
1.7565546e+02 -6.9757937e+00      
1.7506323e+02 -1.0014135e+01      
1.7534503e+02 -1.2893830e+01      
1.7629494e+02 -1.5756837e+01      
1.7744379e+02 -1.8419215e+01      
1.7808809e+02 -2.0442459e+01      
1.7821037e+02 -2.1552833e+01      
1.7773667e+02 -2.0197123e+01      
1.7688497e+02 -1.6414854e+01      
1.7628439e+02 -1.2657377e+01      
1.7617514e+02 -8.8666820e+00      
1.7665180e+02 -4.8960622e+00      
1.7773287e+02 -7.9883010e-01      
1.8967006e+02 -1.0087794e+01      
1.8740874e+02 -1.4397299e+01      
1.8411873e+02 -1.6987054e+01      
1.8133205e+02 -2.0442238e+01      
1.7899300e+02 -2.4768210e+01      
1.7691670e+02 -2.9536085e+01      
1.7504569e+02 -3.4217900e+01      
1.7378215e+02 -3.8541430e+01      
1.7360479e+02 -4.1327594e+01      
1.7432572e+02 -4.3855285e+01      
1.7576332e+02 -4.6469433e+01      
1.7753269e+02 -4.9007442e+01      
1.7768690e+02 -5.0231072e+01      
1.7721823e+02 -5.0464073e+01      
1.7639137e+02 -4.9570707e+01      
1.7542393e+02 -4.6458613e+01      
1.7463572e+02 -4.3609833e+01      
1.7434303e+02 -4.0142686e+01      
1.7464679e+02 -3.6107199e+01      
1.7554936e+02 -3.1592199e+01      
1.8574880e+02 -4.0017637e+01      
1.8335854e+02 -4.4348959e+01      
1.7989623e+02 -4.6473325e+01      
1.7683073e+02 -4.9626945e+01      
1.7415601e+02 -5.3910539e+01      
1.7172848e+02 -5.8977391e+01      
1.6966884e+02 -6.4372060e+01      
1.6855425e+02 -6.8748319e+01      
1.6860891e+02 -7.1860207e+01      
1.6986963e+02 -7.3967544e+01      
1.7185383e+02 -7.6326189e+01      
1.7412639e+02 -7.8865779e+01      
1.7472087e+02 -7.9914407e+01      
1.7369953e+02 -7.9193970e+01      
1.7236373e+02 -7.7460820e+01      
1.7100882e+02 -7.4945798e+01      
1.6982760e+02 -7.2496152e+01      
1.6924662e+02 -6.9129517e+01      
1.6932169e+02 -6.5010289e+01      
1.7003599e+02 -6.0266428e+01      
1.7783525e+02 -6.6940218e+01      
1.7538291e+02 -7.1253200e+01      
1.7216910e+02 -7.3622508e+01      
1.6916691e+02 -7.6945942e+01      
1.6637912e+02 -8.1370769e+01      
1.6365603e+02 -8.6838061e+01      
1.6155697e+02 -9.2095592e+01      
1.6050405e+02 -9.6489591e+01      
1.6072637e+02 -9.9828721e+01      
1.6221064e+02 -1.0230166e+02      
1.6465948e+02 -1.0446958e+02      
1.6717492e+02 -1.0710951e+02      
1.6808664e+02 -1.0816274e+02      
1.6742179e+02 -1.0730787e+02      
1.6559367e+02 -1.0473877e+02      
1.6376913e+02 -1.0174281e+02      
1.6217306e+02 -9.8872095e+01      
1.6128034e+02 -9.5219113e+01      
1.6108579e+02 -9.0970874e+01      
1.6155479e+02 -8.6253969e+01      
1.6652592e+02 -9.0401690e+01      
1.6408712e+02 -9.4662571e+01      
1.6134653e+02 -9.8242493e+01      
1.5860470e+02 -1.0203565e+02      
1.5597260e+02 -1.0641416e+02      
1.5346063e+02 -1.1139272e+02      
1.5120646e+02 -1.1669256e+02      
1.5011393e+02 -1.2113630e+02      
1.5050766e+02 -1.2454361e+02      
1.5229419e+02 -1.2717631e+02      
1.5457528e+02 -1.3010554e+02      
1.5685238e+02 -1.3296800e+02      
1.5776312e+02 -1.3398685e+02      
1.5735709e+02 -1.3310162e+02      
1.5589454e+02 -1.3051007e+02      
1.5372984e+02 -1.2654729e+02      
1.5192728e+02 -1.2244518e+02      
1.5076805e+02 -1.1817827e+02      
1.5029127e+02 -1.1376309e+02      
1.5044445e+02 -1.0926991e+02      
1.5277698e+02 -1.1264914e+02      
1.5039108e+02 -1.1685631e+02      
1.4790635e+02 -1.2088340e+02      
1.4541371e+02 -1.2490874e+02      
1.4301196e+02 -1.2910573e+02      
1.4078764e+02 -1.3352333e+02      
1.3888468e+02 -1.3808919e+02      
1.3765247e+02 -1.4251434e+02      
1.3819234e+02 -1.4584357e+02      
1.3963559e+02 -1.4928100e+02      
1.4173143e+02 -1.5318573e+02      
1.4329335e+02 -1.5575668e+02      
1.4390544e+02 -1.5650106e+02      
1.4355483e+02 -1.5546994e+02      
1.4240650e+02 -1.5289917e+02      
1.4067553e+02 -1.4899164e+02      
1.3867901e+02 -1.4398366e+02      
1.3729073e+02 -1.3911577e+02      
1.3658810e+02 -1.3454316e+02      
1.3648884e+02 -1.3024504e+02      
1.3671895e+02 -1.3323530e+02      
1.3444275e+02 -1.3745394e+02      
1.3213444e+02 -1.4160173e+02      
1.2983224e+02 -1.4561584e+02      
1.2762225e+02 -1.4952400e+02      
1.2561301e+02 -1.5334787e+02      
1.2397147e+02 -1.5711766e+02      
1.2301518e+02 -1.6086939e+02      
1.2308625e+02 -1.6443836e+02      
1.2400964e+02 -1.6821758e+02      
1.2553364e+02 -1.7231323e+02      
1.2651640e+02 -1.7458983e+02      
1.2675521e+02 -1.7490417e+02      
1.2628012e+02 -1.7347979e+02      
1.2529641e+02 -1.7086330e+02      
1.2395291e+02 -1.6724069e+02      
1.2241036e+02 -1.6269430e+02      
1.2092454e+02 -1.5749895e+02      
1.2012647e+02 -1.5295088e+02      
1.1988887e+02 -1.4886422e+02      
1.1846422e+02 -1.5148366e+02      
1.1635999e+02 -1.5582840e+02      
1.1420643e+02 -1.6003609e+02      
1.1204611e+02 -1.6393301e+02      
1.0996253e+02 -1.6746459e+02      
1.0805620e+02 -1.7064179e+02      
1.0646575e+02 -1.7356178e+02      
1.0550920e+02 -1.7677869e+02      
1.0526072e+02 -1.8019593e+02      
1.0565714e+02 -1.8379208e+02      
1.0645410e+02 -1.8723329e+02      
1.0687533e+02 -1.8889315e+02      
1.0675545e+02 -1.8871090e+02      
1.0601726e+02 -1.8659351e+02      
1.0511131e+02 -1.8396971e+02      
1.0405449e+02 -1.8072848e+02      
1.0292445e+02 -1.7686294e+02      
1.0189571e+02 -1.7262547e+02      
1.0122775e+02 -1.6854195e+02      
1.0096358e+02 -1.6476547e+02      
9.8181591e+01 -1.6680108e+02      
9.6059814e+01 -1.7072919e+02      
9.4024328e+01 -1.7491650e+02      
9.1973215e+01 -1.7863935e+02      
8.9976254e+01 -1.8172791e+02      
8.8123610e+01 -1.8426393e+02      
8.6627556e+01 -1.8691426e+02      
8.5604546e+01 -1.8975708e+02      
8.5104821e+01 -1.9282998e+02      
8.5085290e+01 -1.9611304e+02      
8.5050254e+01 -1.9774107e+02      
8.4967249e+01 -1.9856700e+02      
8.4636360e+01 -1.9821944e+02      
8.4014592e+01 -1.9667315e+02      
8.3243369e+01 -1.9440056e+02      
8.2400503e+01 -1.9157444e+02      
8.1558987e+01 -1.8828977e+02      
8.0828532e+01 -1.8473831e+02      
8.0321240e+01 -1.8116378e+02      
8.0089328e+01 -1.7773653e+02      
7.6230809e+01 -1.7905648e+02      
7.4095194e+01 -1.8247974e+02      
7.2042436e+01 -1.8607745e+02      
7.0060292e+01 -1.8958588e+02      
6.8133352e+01 -1.9221181e+02      
6.6389590e+01 -1.9465591e+02      
6.4931385e+01 -1.9709769e+02      
6.3821485e+01 -1.9955940e+02      
6.3071896e+01 -2.0199523e+02      
6.2602663e+01 -2.0414259e+02      
6.2221494e+01 -2.0540961e+02      
6.1842230e+01 -2.0586586e+02      
6.1378894e+01 -2.0547335e+02      
6.0798882e+01 -2.0424020e+02      
6.0138063e+01 -2.0232122e+02      
5.9451217e+01 -1.9987166e+02      
5.8798466e+01 -1.9702555e+02      
5.8248060e+01 -1.9393570e+02      
5.7862101e+01 -1.9076552e+02      
5.7676454e+01 -1.8765500e+02      
