2.5431705e+01 2.5007167e+02      
2.3953635e+01 2.4859010e+02      
2.3024631e+01 2.4708230e+02      
2.2634104e+01 2.4559733e+02      
2.2749737e+01 2.4418065e+02      
2.3301662e+01 2.4286666e+02      
2.4166717e+01 2.4166859e+02      
2.5227907e+01 2.4059759e+02      
2.6478763e+01 2.3969937e+02      
2.7965011e+01 2.3902240e+02      
2.9714094e+01 2.3859064e+02      
3.1716156e+01 2.3840232e+02      
3.3917281e+01 2.3843083e+02      
3.6224291e+01 2.3862619e+02      
3.8536277e+01 2.3892452e+02      
4.0811835e+01 2.3927349e+02      
4.3114231e+01 2.3965114e+02      
4.5570110e+01 2.4004960e+02      
4.8304887e+01 2.4045265e+02      
5.1412369e+01 2.4082994e+02      
5.2733767e+01 2.4092236e+02      
5.1385473e+01 2.3934617e+02      
5.0626182e+01 2.3772225e+02      
5.0457451e+01 2.3610853e+02      
5.0862919e+01 2.3456377e+02      
5.1785571e+01 2.3313980e+02      
5.3011651e+01 2.3182980e+02      
5.4174894e+01 2.3055710e+02      
5.5422215e+01 2.2945190e+02      
5.6905159e+01 2.2860458e+02      
5.8690692e+01 2.2804564e+02      
6.0782440e+01 2.2777301e+02      
6.3107987e+01 2.2775312e+02      
6.5505870e+01 2.2791376e+02      
6.7744549e+01 2.2814035e+02      
6.9689068e+01 2.2833862e+02      
7.1490540e+01 2.2851879e+02      
7.3403955e+01 2.2871358e+02      
7.5625784e+01 2.2891867e+02      
7.8276203e+01 2.2910074e+02      
7.8626707e+01 2.2807178e+02      
7.7416640e+01 2.2637044e+02      
7.6836511e+01 2.2459802e+02      
7.6905898e+01 2.2282171e+02      
7.7640387e+01 2.2111701e+02      
7.9060569e+01 2.1957770e+02      
8.0999069e+01 2.1824806e+02      
8.2134161e+01 2.1667757e+02      
8.3246769e+01 2.1531682e+02      
8.4634423e+01 2.1428379e+02      
8.6422502e+01 2.1360867e+02      
8.8640277e+01 2.1328825e+02      
9.1214999e+01 2.1329023e+02      
9.3918256e+01 2.1353451e+02      
9.6250928e+01 2.1381177e+02      
9.7616245e+01 2.1381438e+02      
9.8613301e+01 2.1375550e+02      
9.9757705e+01 2.1375061e+02      
1.0131473e+02 2.1378998e+02      
1.0341051e+02 2.1382425e+02      
1.0267319e+02 2.1175232e+02      
1.0159612e+02 2.0989158e+02      
1.0118484e+02 2.0793201e+02      
1.0147636e+02 2.0594689e+02      
1.0251423e+02 2.0402109e+02      
1.0436470e+02 2.0226016e+02      
1.0686907e+02 2.0071881e+02      
1.0854200e+02 1.9905941e+02      
1.0943894e+02 1.9743898e+02      
1.1061627e+02 1.9621812e+02      
1.1234518e+02 1.9544012e+02      
1.1471581e+02 1.9510624e+02      
1.1771998e+02 1.9520364e+02      
1.2108658e+02 1.9567462e+02      
1.2400806e+02 1.9627140e+02      
1.2424133e+02 1.9589925e+02      
1.2400208e+02 1.9554965e+02      
1.2410094e+02 1.9536184e+02      
1.2485217e+02 1.9528792e+02      
1.2632879e+02 1.9524006e+02      
1.2447016e+02 1.9225369e+02      
1.2350716e+02 1.9019780e+02      
1.2323509e+02 1.8800957e+02      
1.2370304e+02 1.8576364e+02      
1.2496783e+02 1.8354493e+02      
1.2710782e+02 1.8145179e+02      
1.2997264e+02 1.7955117e+02      
1.3205637e+02 1.7769032e+02      
1.3334268e+02 1.7598548e+02      
1.3425207e+02 1.7460647e+02      
1.3585277e+02 1.7374074e+02      
1.3830691e+02 1.7340940e+02      
1.4188151e+02 1.7362682e+02      
1.4612298e+02 1.7433018e+02      
1.4858212e+02 1.7473546e+02      
1.4871187e+02 1.7460041e+02      
1.4697833e+02 1.7406040e+02      
1.4580138e+02 1.7377145e+02      
1.4567898e+02 1.7367565e+02      
1.4655114e+02 1.7363774e+02      
1.4365841e+02 1.6991892e+02      
1.4277908e+02 1.6763356e+02      
1.4260216e+02 1.6517719e+02      
1.4318433e+02 1.6262193e+02      
1.4458363e+02 1.6004742e+02      
1.4685896e+02 1.5754282e+02      
1.4985121e+02 1.5518835e+02      
1.5209360e+02 1.5302536e+02      
1.5354977e+02 1.5116687e+02      
1.5472554e+02 1.4971552e+02      
1.5620335e+02 1.4877483e+02      
1.5837961e+02 1.4841334e+02      
1.6245960e+02 1.4866579e+02      
1.6621685e+02 1.4908184e+02      
1.6829945e+02 1.4940691e+02      
1.6823591e+02 1.4952025e+02      
1.6639468e+02 1.4941842e+02      
1.6400565e+02 1.4923055e+02      
1.6321759e+02 1.4926788e+02      
1.6364024e+02 1.4936221e+02      
1.5993079e+02 1.4513849e+02      
1.5909625e+02 1.4259346e+02      
1.5896059e+02 1.3983605e+02      
1.5958830e+02 1.3693313e+02      
1.6104797e+02 1.3395322e+02      
1.6333578e+02 1.3098458e+02      
1.6616168e+02 1.2815087e+02      
1.6838520e+02 1.2561229e+02      
1.6970416e+02 1.2352758e+02      
1.7068805e+02 1.2195534e+02      
1.7186595e+02 1.2092326e+02      
1.7375469e+02 1.2042176e+02      
1.7677597e+02 1.2039015e+02      
1.8049361e+02 1.2064688e+02      
1.8241540e+02 1.2098944e+02      
1.8196917e+02 1.2138512e+02      
1.7962126e+02 1.2172431e+02      
1.7781006e+02 1.2206911e+02      
1.7704501e+02 1.2246133e+02      
1.7727297e+02 1.2282207e+02      
1.7303872e+02 1.1834291e+02      
1.7220498e+02 1.1551364e+02      
1.7204878e+02 1.1243176e+02      
1.7263901e+02 1.0915963e+02      
1.7407784e+02 1.0574896e+02      
1.7640556e+02 1.0226217e+02      
1.7863157e+02 9.9013989e+01      
1.8101945e+02 9.5989461e+01      
1.8302821e+02 9.3455277e+01      
1.8341519e+02 9.1734477e+01      
1.8389213e+02 9.0634813e+01      
1.8502027e+02 9.0022307e+01      
1.8692121e+02 8.9821218e+01      
1.8927046e+02 8.9962312e+01      
1.9115926e+02 9.0359186e+01      
1.9025439e+02 9.1135929e+01      
1.8879224e+02 9.2001525e+01      
1.8762039e+02 9.2894378e+01      
1.8708922e+02 9.3752152e+01      
1.8728761e+02 9.4488516e+01      
1.8279712e+02 8.9994208e+01      
1.8191993e+02 8.6861418e+01      
1.8167922e+02 8.3440369e+01      
1.8213399e+02 7.9795005e+01      
1.8334942e+02 7.5981335e+01      
1.8530992e+02 7.2062953e+01      
1.8778337e+02 6.8168821e+01      
1.9058844e+02 6.4488576e+01      
1.9229627e+02 6.1566547e+01      
1.9271121e+02 5.9554014e+01      
1.9227988e+02 5.8451956e+01      
1.9252606e+02 5.7790850e+01      
1.9353780e+02 5.7479420e+01      
1.9485578e+02 5.7606305e+01      
1.9573012e+02 5.8239103e+01      
1.9543084e+02 5.9367101e+01      
1.9457442e+02 6.0790095e+01      
1.9379232e+02 6.2283335e+01      
1.9343278e+02 6.3682673e+01      
1.9363976e+02 6.4877834e+01      
1.8908694e+02 6.0577515e+01      
1.8812809e+02 5.7124823e+01      
1.8774874e+02 5.3353513e+01      
1.8799144e+02 4.9336224e+01      
1.8890501e+02 4.5136092e+01      
1.9058928e+02 4.0772718e+01      
1.9318621e+02 3.6223227e+01      
1.9544801e+02 3.2106014e+01      
1.9675139e+02 2.8809537e+01      
1.9699261e+02 2.6494037e+01      
1.9652358e+02 2.5102905e+01      
1.9610446e+02 2.4353373e+01      
1.9677454e+02 2.3772630e+01      
1.9769483e+02 2.3836219e+01      
1.9820812e+02 2.4715696e+01      
1.9797172e+02 2.6370516e+01      
1.9716763e+02 2.8561697e+01      
1.9644701e+02 3.0791493e+01      
1.9613790e+02 3.2814369e+01      
1.9633513e+02 3.4534097e+01      
1.9185457e+02 3.0593796e+01      
1.9078727e+02 2.6804319e+01      
1.9023352e+02 2.2668181e+01      
1.9021451e+02 1.8275606e+01      
1.9074621e+02 1.3718329e+01      
1.9184906e+02 9.0704228e+00      
1.9348418e+02 4.3872521e+00      
1.9534506e+02 -2.0679983e-01      
1.9622913e+02 -3.8766418e+00      
1.9605437e+02 -6.4220771e+00      
1.9523688e+02 -8.0197103e+00      
1.9524728e+02 -9.4955177e+00      
1.9645617e+02 -1.0810150e+01      
1.9752059e+02 -1.0879269e+01      
1.9808307e+02 -9.7339903e+00      
1.9775998e+02 -7.4117601e+00      
1.9644485e+02 -4.0637902e+00      
1.9556201e+02 -9.6578888e-01      
1.9522895e+02 1.7329330e+00      
1.9540313e+02 4.0181853e+00      
1.9110802e+02 5.5464797e-01      
1.8991987e+02 -3.5918803e+00      
1.8917956e+02 -8.1188061e+00      
1.8888516e+02 -1.2912000e+01      
1.8900762e+02 -1.7833191e+01      
1.8947252e+02 -2.2722936e+01      
1.9013108e+02 -2.7413933e+01      
1.9077689e+02 -3.1797747e+01      
1.9112815e+02 -3.5768354e+01      
1.9034030e+02 -3.8450273e+01      
1.8967996e+02 -4.0924248e+01      
1.8982807e+02 -4.3209054e+01      
1.9109666e+02 -4.4718317e+01      
1.9243810e+02 -4.4660769e+01      
1.9348229e+02 -4.3274355e+01      
1.9337773e+02 -4.0395655e+01      
1.9198986e+02 -3.6191952e+01      
1.9105275e+02 -3.2322679e+01      
1.9073197e+02 -2.8967316e+01      
1.9090580e+02 -2.6106555e+01      
1.8691102e+02 -2.9020512e+01      
1.8560354e+02 -3.3547864e+01      
1.8468899e+02 -3.8507899e+01      
1.8415019e+02 -4.3764480e+01      
1.8392910e+02 -4.9131620e+01      
1.8389911e+02 -5.4363976e+01      
1.8377156e+02 -5.9102428e+01      
1.8315844e+02 -6.3007489e+01      
1.8228395e+02 -6.6518518e+01      
1.8117094e+02 -6.9759629e+01      
1.8027605e+02 -7.3163092e+01      
1.8007039e+02 -7.6644888e+01      
1.8080064e+02 -7.7345561e+01      
1.8242700e+02 -7.6725532e+01      
1.8463280e+02 -7.5237829e+01      
1.8507318e+02 -7.1920051e+01      
1.8370682e+02 -6.7147871e+01      
1.8292325e+02 -6.2673017e+01      
1.8274153e+02 -5.8725853e+01      
1.8296204e+02 -5.5292664e+01      
1.7937619e+02 -5.7605389e+01      
1.7796007e+02 -6.2535729e+01      
1.7690051e+02 -6.7984824e+01      
1.7617930e+02 -7.3805601e+01      
1.7573730e+02 -7.9778087e+01      
1.7542794e+02 -8.5562005e+01      
1.7485348e+02 -9.0546219e+01      
1.7273231e+02 -9.3398619e+01      
1.7070207e+02 -9.6360491e+01      
1.6887512e+02 -9.9749546e+01      
1.6733874e+02 -1.0370197e+02      
1.6636918e+02 -1.0792805e+02      
1.6663670e+02 -1.0926309e+02      
1.6839199e+02 -1.0784551e+02      
1.7113153e+02 -1.0576868e+02      
1.7221960e+02 -1.0182599e+02      
1.7152737e+02 -9.6429325e+01      
1.7135014e+02 -9.1522557e+01      
1.7149588e+02 -8.7065085e+01      
1.7176047e+02 -8.3013961e+01      
1.6865917e+02 -8.4667330e+01      
1.6714615e+02 -9.0009010e+01      
1.6597408e+02 -9.6004867e+01      
1.6513875e+02 -1.0251762e+02      
1.6458333e+02 -1.0927735e+02      
1.6407915e+02 -1.1571732e+02      
1.6235680e+02 -1.1992447e+02      
1.5922903e+02 -1.2184496e+02      
1.5628324e+02 -1.2429988e+02      
1.5363464e+02 -1.2762603e+02      
1.5126619e+02 -1.3176717e+02      
1.4939423e+02 -1.3627520e+02      
1.4906690e+02 -1.3802264e+02      
1.5045714e+02 -1.3702719e+02      
1.5332313e+02 -1.3392598e+02      
1.5511936e+02 -1.2913163e+02      
1.5562236e+02 -1.2329019e+02      
1.5663297e+02 -1.1835183e+02      
1.5729293e+02 -1.1349356e+02      
1.5747404e+02 -1.0868171e+02      
1.5495501e+02 -1.0966949e+02      
1.5334858e+02 -1.1539538e+02      
1.5208623e+02 -1.2197927e+02      
1.5117258e+02 -1.2928287e+02      
1.5048256e+02 -1.3683449e+02      
1.4903323e+02 -1.4265065e+02      
1.4645847e+02 -1.4611909e+02      
1.4274027e+02 -1.4734597e+02      
1.3913659e+02 -1.4942818e+02      
1.3570244e+02 -1.5269582e+02      
1.3245386e+02 -1.5688499e+02      
1.2982073e+02 -1.6111804e+02      
1.2895709e+02 -1.6273214e+02      
1.2975957e+02 -1.6175641e+02      
1.3179689e+02 -1.5841413e+02      
1.3427948e+02 -1.5276719e+02      
1.3634277e+02 -1.4690014e+02      
1.3833650e+02 -1.4177289e+02      
1.3960123e+02 -1.3664932e+02      
1.4017768e+02 -1.3155752e+02      
1.3849764e+02 -1.3207800e+02      
1.3678357e+02 -1.3808793e+02      
1.3542059e+02 -1.4522110e+02      
1.3436488e+02 -1.5318752e+02      
1.3288161e+02 -1.6002698e+02      
1.3069516e+02 -1.6518705e+02      
1.2761566e+02 -1.6822090e+02      
1.2365150e+02 -1.6913673e+02      
1.1964816e+02 -1.7103124e+02      
1.1554529e+02 -1.7430471e+02      
1.1130107e+02 -1.7878313e+02      
1.0848183e+02 -1.8192364e+02      
1.0740255e+02 -1.8291300e+02      
1.0786573e+02 -1.8170353e+02      
1.0946475e+02 -1.7847930e+02      
1.1183590e+02 -1.7343878e+02      
1.1476417e+02 -1.6709193e+02      
1.1726751e+02 -1.6127227e+02      
1.1907082e+02 -1.5599886e+02      
1.2032719e+02 -1.5123394e+02      
1.1956438e+02 -1.5139271e+02      
1.1768608e+02 -1.5736959e+02      
1.1614082e+02 -1.6473809e+02      
1.1443041e+02 -1.7167231e+02      
1.1233278e+02 -1.7763675e+02      
1.0969618e+02 -1.8232102e+02      
1.0640960e+02 -1.8543018e+02      
1.0248027e+02 -1.8678621e+02      
9.8352043e+01 -1.8862550e+02      
9.3954811e+01 -1.9162136e+02      
8.9343360e+01 -1.9560709e+02      
8.6498358e+01 -1.9791439e+02      
8.5499285e+01 -1.9818475e+02      
8.6037725e+01 -1.9652358e+02      
8.7463440e+01 -1.9339031e+02      
8.9513485e+01 -1.8898515e+02      
9.2093804e+01 -1.8351254e+02      
9.4984561e+01 -1.7742241e+02      
9.7070957e+01 -1.7222448e+02      
9.8640285e+01 -1.6772284e+02      
9.8502404e+01 -1.6729523e+02      
9.6346472e+01 -1.7259270e+02      
9.4280448e+01 -1.7848367e+02      
9.2091596e+01 -1.8421784e+02      
8.9626693e+01 -1.8934796e+02      
8.6783648e+01 -1.9366628e+02      
8.3501585e+01 -1.9720712e+02      
7.9795862e+01 -2.0035350e+02      
7.5742185e+01 -2.0197146e+02      
7.1431786e+01 -2.0449831e+02      
6.7261036e+01 -2.0745031e+02      
6.4797103e+01 -2.0885888e+02      
6.4053198e+01 -2.0847251e+02      
6.5074030e+01 -2.0611325e+02      
6.6361451e+01 -2.0305243e+02      
6.7995340e+01 -1.9921018e+02      
6.9986375e+01 -1.9465645e+02      
7.2133292e+01 -1.8974351e+02      
7.4021889e+01 -1.8510810e+02      
7.5610669e+01 -1.8094111e+02      
7.5743198e+01 -1.7977673e+02      
7.3343057e+01 -1.8430432e+02      
7.0942378e+01 -1.8911814e+02      
6.8449055e+01 -1.9388035e+02      
6.5771262e+01 -1.9829496e+02      
6.2843893e+01 -2.0220205e+02      
5.9634017e+01 -2.0560116e+02      
5.6135873e+01 -2.0850590e+02      
5.2297159e+01 -2.1083413e+02      
4.8140404e+01 -2.1329398e+02      
4.5647883e+01 -2.1452238e+02      
4.3847849e+01 -2.1504209e+02      
4.3092931e+01 -2.1441073e+02      
4.3385908e+01 -2.1255068e+02      
4.4225048e+01 -2.0987217e+02      
4.5426250e+01 -2.0654945e+02      
4.6909144e+01 -2.0272027e+02      
4.8527280e+01 -1.9863589e+02      
5.0110605e+01 -1.9459705e+02      
5.1577469e+01 -1.9080719e+02      
