8.2282234e+00 2.2992635e+02      
7.3980193e+00 2.2728164e+02      
6.9699994e+00 2.2484692e+02      
6.8505570e+00 2.2268554e+02      
6.9306559e+00 2.2085372e+02      
7.1158690e+00 2.1939851e+02      
7.3654461e+00 2.1835573e+02      
7.7069409e+00 2.1774489e+02      
8.2058959e+00 2.1755648e+02      
8.9086629e+00 2.1773060e+02      
9.8213234e+00 2.1816902e+02      
1.0948133e+01 2.1880062e+02      
1.2309872e+01 2.1960444e+02      
1.3943028e+01 2.2060969e+02      
1.5878242e+01 2.2187193e+02      
1.8099911e+01 2.2340828e+02      
2.0577732e+01 2.2519151e+02      
2.3325694e+01 2.2717698e+02      
2.6400779e+01 2.2930902e+02      
2.9871768e+01 2.3151950e+02      
3.7717891e+01 2.1798177e+02      
3.7318213e+01 2.1517529e+02      
3.7345278e+01 2.1257607e+02      
3.7674114e+01 2.1025663e+02      
3.8127442e+01 2.0828169e+02      
3.8529984e+01 2.0670690e+02      
3.8811363e+01 2.0558010e+02      
3.9054961e+01 2.0494015e+02      
3.9433942e+01 2.0480577e+02      
4.0049648e+01 2.0509853e+02      
4.0830650e+01 2.0557027e+02      
4.1764565e+01 2.0611721e+02      
4.2875589e+01 2.0671783e+02      
4.4225766e+01 2.0743342e+02      
4.5933242e+01 2.0846811e+02      
4.7915267e+01 2.0984578e+02      
5.0029814e+01 2.1149946e+02      
5.2300696e+01 2.1337845e+02      
5.4843628e+01 2.1542710e+02      
5.7768345e+01 2.1756740e+02      
6.6104580e+01 2.0246451e+02      
6.6215364e+01 1.9946340e+02      
6.6819279e+01 1.9666773e+02      
6.7776585e+01 1.9416203e+02      
6.8792323e+01 1.9202010e+02      
6.9485490e+01 1.9030272e+02      
6.9699712e+01 1.8906985e+02      
6.9641574e+01 1.8838554e+02      
6.9749597e+01 1.8833381e+02      
7.0308809e+01 1.8893239e+02      
7.0926031e+01 1.8948236e+02      
7.1627503e+01 1.8995726e+02      
7.2439532e+01 1.9033474e+02      
7.3394377e+01 1.9059987e+02      
7.4974709e+01 1.9141959e+02      
7.6889013e+01 1.9270280e+02      
7.8545825e+01 1.9423965e+02      
8.0175717e+01 1.9603671e+02      
8.2035374e+01 1.9804961e+02      
8.4281921e+01 2.0017823e+02      
9.2887126e+01 1.8363223e+02      
9.3564180e+01 1.8039627e+02      
9.4857806e+01 1.7736264e+02      
9.6719769e+01 1.7463494e+02      
9.8745361e+01 1.7230384e+02      
9.9886804e+01 1.7041004e+02      
9.9812230e+01 1.6902957e+02      
9.8937393e+01 1.6823484e+02      
9.8400149e+01 1.6813533e+02      
9.8610854e+01 1.6871598e+02      
9.8937599e+01 1.6924193e+02      
9.9364041e+01 1.6965778e+02      
9.9916055e+01 1.6993830e+02      
1.0066725e+02 1.7009731e+02      
1.0236734e+02 1.7086093e+02      
1.0477770e+02 1.7221868e+02      
1.0577544e+02 1.7361883e+02      
1.0654724e+02 1.7537808e+02      
1.0753795e+02 1.7742726e+02      
1.0896166e+02 1.7962502e+02      
1.1757787e+02 1.6179748e+02      
1.1881833e+02 1.5827914e+02      
1.2080095e+02 1.5495254e+02      
1.2372918e+02 1.5193486e+02      
1.2756489e+02 1.4937711e+02      
1.2928568e+02 1.4724386e+02      
1.2869502e+02 1.4569031e+02      
1.2610275e+02 1.4473057e+02      
1.2459271e+02 1.4447300e+02      
1.2421726e+02 1.4482870e+02      
1.2412495e+02 1.4522739e+02      
1.2424031e+02 1.4560145e+02      
1.2458439e+02 1.4591569e+02      
1.2528417e+02 1.4618418e+02      
1.2712746e+02 1.4695880e+02      
1.2986033e+02 1.4825541e+02      
1.3113140e+02 1.4981037e+02      
1.3095649e+02 1.5165185e+02      
1.3090266e+02 1.5385513e+02      
1.3135376e+02 1.5623446e+02      
1.3973851e+02 1.3732361e+02      
1.4147640e+02 1.3347126e+02      
1.4394776e+02 1.2979671e+02      
1.4742217e+02 1.2637644e+02      
1.5186038e+02 1.2327882e+02      
1.5379807e+02 1.2082672e+02      
1.5295979e+02 1.1914541e+02      
1.4975261e+02 1.1825634e+02      
1.4764264e+02 1.1783978e+02      
1.4656480e+02 1.1783545e+02      
1.4600752e+02 1.1807191e+02      
1.4580417e+02 1.1843381e+02      
1.4588662e+02 1.1885902e+02      
1.4669179e+02 1.1937750e+02      
1.4860640e+02 1.2017814e+02      
1.5140784e+02 1.2136270e+02      
1.5282053e+02 1.2303697e+02      
1.5275068e+02 1.2516317e+02      
1.5163707e+02 1.2768377e+02      
1.5099892e+02 1.3039276e+02      
1.5902117e+02 1.1061720e+02      
1.6120183e+02 1.0637204e+02      
1.6389619e+02 1.0232519e+02      
1.6719082e+02 9.8546565e+01      
1.7111608e+02 9.5006568e+01      
1.7279634e+02 9.2282355e+01      
1.7207638e+02 9.0432312e+01      
1.6929415e+02 8.9499489e+01      
1.6735556e+02 8.8879475e+01      
1.6601522e+02 8.8657330e+01      
1.6502346e+02 8.8814103e+01      
1.6449943e+02 8.9231471e+01      
1.6396088e+02 8.9767623e+01      
1.6461973e+02 9.0365177e+01      
1.6648276e+02 9.1118038e+01      
1.6897861e+02 9.2243811e+01      
1.7019986e+02 9.4077326e+01      
1.7014652e+02 9.6498707e+01      
1.6908486e+02 9.9371881e+01      
1.6740403e+02 1.0256310e+02      
1.7516888e+02 8.2121187e+01      
1.7788840e+02 7.7385402e+01      
1.8076790e+02 7.2926502e+01      
1.8322406e+02 6.8992187e+01      
1.8541237e+02 6.5519866e+01      
1.8645694e+02 6.2682303e+01      
1.8608638e+02 6.0558260e+01      
1.8478075e+02 5.9106818e+01      
1.8367178e+02 5.8128857e+01      
1.8227616e+02 5.7753762e+01      
1.8067839e+02 5.7937542e+01      
1.7893227e+02 5.8558214e+01      
1.7812320e+02 5.9217644e+01      
1.7866000e+02 5.9810217e+01      
1.8058885e+02 6.0377935e+01      
1.8217441e+02 6.1697840e+01      
1.8284575e+02 6.3829580e+01      
1.8257706e+02 6.6606696e+01      
1.8154409e+02 6.9827850e+01      
1.7993355e+02 7.3348515e+01      
1.8793764e+02 5.2326023e+01      
1.9146521e+02 4.6928413e+01      
1.9496169e+02 4.1903105e+01      
1.9615706e+02 3.8005064e+01      
1.9723220e+02 3.4589063e+01      
1.9767434e+02 3.1676696e+01      
1.9738889e+02 2.9295682e+01      
1.9654106e+02 2.7494265e+01      
1.9536393e+02 2.6321671e+01      
1.9376095e+02 2.5864444e+01      
1.9169242e+02 2.6129402e+01      
1.8931812e+02 2.6983265e+01      
1.8809685e+02 2.7790550e+01      
1.8824750e+02 2.8456379e+01      
1.8963039e+02 2.9063036e+01      
1.9044769e+02 3.0672028e+01      
1.9045768e+02 3.3236739e+01      
1.8973314e+02 3.6511344e+01      
1.8859404e+02 4.0101484e+01      
1.8710423e+02 4.3876799e+01      
1.9693847e+02 2.1831585e+01      
2.0138631e+02 1.5604137e+01      
2.0435079e+02 1.0304431e+01      
2.0532883e+02 6.2356227e+00      
2.0472263e+02 3.3129309e+00      
2.0451979e+02 4.4024586e-01      
2.0413767e+02 -2.1793966e+00      
2.0339318e+02 -4.3141846e+00      
2.0216891e+02 -5.7273307e+00      
2.0036335e+02 -6.2532787e+00      
1.9796992e+02 -5.8762116e+00      
1.9534287e+02 -4.8686381e+00      
1.9377136e+02 -3.9577974e+00      
1.9333333e+02 -3.1166597e+00      
1.9372465e+02 -2.0638571e+00      
1.9368516e+02 5.7267593e-02      
1.9304107e+02 3.1376785e+00      
1.9164848e+02 7.0942099e+00      
1.9039696e+02 1.1007511e+01      
1.8919513e+02 1.4867333e+01      
2.0139914e+02 -8.4646664e+00      
2.0535009e+02 -1.4986147e+01      
2.0786207e+02 -2.0497078e+01      
2.0854610e+02 -2.4641068e+01      
2.0768918e+02 -2.7549113e+01      
2.0624943e+02 -2.9884539e+01      
2.0586015e+02 -3.2855958e+01      
2.0531672e+02 -3.5486752e+01      
2.0420851e+02 -3.7286966e+01      
2.0231697e+02 -3.7944129e+01      
1.9957539e+02 -3.7358937e+01      
1.9706168e+02 -3.6459580e+01      
1.9521452e+02 -3.5515488e+01      
1.9421536e+02 -3.4559419e+01      
1.9308799e+02 -3.2325385e+01      
1.9217130e+02 -2.9523364e+01      
1.9115368e+02 -2.6061811e+01      
1.8995480e+02 -2.2090371e+01      
1.8883493e+02 -1.8030309e+01      
1.8789590e+02 -1.4089210e+01      
1.9933457e+02 -3.6693257e+01      
2.0313597e+02 -4.3623706e+01      
2.0538973e+02 -4.9368407e+01      
2.0567292e+02 -5.3400939e+01      
2.0431756e+02 -5.5990320e+01      
2.0323307e+02 -5.8797816e+01      
2.0274628e+02 -6.1995127e+01      
2.0258180e+02 -6.5322839e+01      
2.0180093e+02 -6.7741225e+01      
2.0011633e+02 -6.8782703e+01      
1.9749824e+02 -6.8322954e+01      
1.9498260e+02 -6.7521023e+01      
1.9259165e+02 -6.6370714e+01      
1.9059534e+02 -6.4787489e+01      
1.8887740e+02 -6.2331936e+01      
1.8745531e+02 -5.9068990e+01      
1.8622400e+02 -5.5169871e+01      
1.8510279e+02 -5.0931080e+01      
1.8412603e+02 -4.6665044e+01      
1.8336238e+02 -4.2576807e+01      
1.9301052e+02 -6.3465610e+01      
1.9555048e+02 -6.9724268e+01      
1.9763998e+02 -7.5723332e+01      
1.9752457e+02 -7.9517244e+01      
1.9685939e+02 -8.2884441e+01      
1.9624897e+02 -8.6291341e+01      
1.9587414e+02 -8.9812632e+01      
1.9566143e+02 -9.3336408e+01      
1.9534125e+02 -9.6555169e+01      
1.9413610e+02 -9.8298369e+01      
1.9196246e+02 -9.8302114e+01      
1.8960114e+02 -9.7796701e+01      
1.8634560e+02 -9.6427251e+01      
1.8354130e+02 -9.4733826e+01      
1.8132088e+02 -9.2116148e+01      
1.7960408e+02 -8.8360703e+01      
1.7827090e+02 -8.3744714e+01      
1.7718336e+02 -7.8970007e+01      
1.7629921e+02 -7.4374690e+01      
1.7564356e+02 -7.0078894e+01      
1.8326312e+02 -8.8854006e+01      
1.8479688e+02 -9.4467855e+01      
1.8596972e+02 -9.9791453e+01      
1.8627761e+02 -1.0427808e+02      
1.8613638e+02 -1.0834532e+02      
1.8589771e+02 -1.1228779e+02      
1.8570107e+02 -1.1616745e+02      
1.8554469e+02 -1.1991810e+02      
1.8530637e+02 -1.2334793e+02      
1.8470831e+02 -1.2602607e+02      
1.8311681e+02 -1.2677769e+02      
1.8035218e+02 -1.2632393e+02      
1.7650047e+02 -1.2498642e+02      
1.7305591e+02 -1.2386364e+02      
1.7043242e+02 -1.2120534e+02      
1.6856204e+02 -1.1685156e+02      
1.6728329e+02 -1.1101708e+02      
1.6627246e+02 -1.0556250e+02      
1.6546367e+02 -1.0060629e+02      
1.6487503e+02 -9.6094705e+01      
1.7050917e+02 -1.1268843e+02      
1.7139041e+02 -1.1788621e+02      
1.7208192e+02 -1.2293923e+02      
1.7244055e+02 -1.2769019e+02      
1.7254421e+02 -1.3219275e+02      
1.7254472e+02 -1.3655260e+02      
1.7253811e+02 -1.4080019e+02      
1.7254534e+02 -1.4487830e+02      
1.7249389e+02 -1.4860828e+02      
1.7213035e+02 -1.5157046e+02      
1.7046435e+02 -1.5270832e+02      
1.6744297e+02 -1.5229537e+02      
1.6325411e+02 -1.5087145e+02      
1.5935876e+02 -1.4980822e+02      
1.5646920e+02 -1.4703489e+02      
1.5455595e+02 -1.4229557e+02      
1.5344046e+02 -1.3589004e+02      
1.5254105e+02 -1.3001606e+02      
1.5179771e+02 -1.2481320e+02      
1.5124933e+02 -1.2014807e+02      
1.5501763e+02 -1.3465511e+02      
1.5547298e+02 -1.3958935e+02      
1.5586593e+02 -1.4450473e+02      
1.5613959e+02 -1.4933350e+02      
1.5631819e+02 -1.5407975e+02      
1.5646142e+02 -1.5875917e+02      
1.5662416e+02 -1.6336198e+02      
1.5684147e+02 -1.6784667e+02      
1.5700315e+02 -1.7196061e+02      
1.5627163e+02 -1.7464882e+02      
1.5439323e+02 -1.7568044e+02      
1.5126334e+02 -1.7510140e+02      
1.4699565e+02 -1.7336034e+02      
1.4289401e+02 -1.7201515e+02      
1.3990095e+02 -1.6904283e+02      
1.3801160e+02 -1.6417565e+02      
1.3705799e+02 -1.5770033e+02      
1.3624474e+02 -1.5177332e+02      
1.3553907e+02 -1.4652636e+02      
1.3500613e+02 -1.4181971e+02      
1.3703104e+02 -1.5439776e+02      
1.3717132e+02 -1.5911495e+02      
1.3732419e+02 -1.6389026e+02      
1.3747352e+02 -1.6870253e+02      
1.3765395e+02 -1.7358933e+02      
1.3789355e+02 -1.7854574e+02      
1.3814577e+02 -1.8340162e+02      
1.3849601e+02 -1.8822473e+02      
1.3829181e+02 -1.9201005e+02      
1.3727299e+02 -1.9439262e+02      
1.3528521e+02 -1.9518112e+02      
1.3222829e+02 -1.9429511e+02      
1.2817790e+02 -1.9203433e+02      
1.2422603e+02 -1.9010149e+02      
1.2132577e+02 -1.8687101e+02      
1.1945729e+02 -1.8214229e+02      
1.1851191e+02 -1.7609259e+02      
1.1767947e+02 -1.7048074e+02      
1.1696319e+02 -1.6540012e+02      
1.1642151e+02 -1.6077282e+02      
1.1681751e+02 -1.7158294e+02      
1.1669698e+02 -1.7607694e+02      
1.1662692e+02 -1.8066204e+02      
1.1661131e+02 -1.8533894e+02      
1.1671370e+02 -1.9020453e+02      
1.1703820e+02 -1.9542099e+02      
1.1715117e+02 -2.0015193e+02      
1.1708872e+02 -2.0445853e+02      
1.1661837e+02 -2.0796937e+02      
1.1546744e+02 -2.1013513e+02      
1.1351923e+02 -2.1073112e+02      
1.1071568e+02 -2.0958925e+02      
1.0716908e+02 -2.0677015e+02      
1.0388622e+02 -2.0383997e+02      
1.0126957e+02 -2.0034685e+02      
9.9379812e+01 -1.9600291e+02      
9.8095495e+01 -1.9100871e+02      
9.7124521e+01 -1.8598905e+02      
9.6361722e+01 -1.8121735e+02      
9.5798299e+01 -1.7675933e+02      
9.4686606e+01 -1.8593012e+02      
9.4333846e+01 -1.9017379e+02      
9.4041877e+01 -1.9450193e+02      
9.3811780e+01 -1.9889934e+02      
9.3661140e+01 -2.0337693e+02      
9.3565136e+01 -2.0786638e+02      
9.3366936e+01 -2.1206417e+02      
9.3017935e+01 -2.1590819e+02      
9.2482195e+01 -2.1939699e+02      
9.1310226e+01 -2.2139782e+02      
8.9510622e+01 -2.2193311e+02      
8.7090220e+01 -2.2085254e+02      
8.4123583e+01 -2.1789211e+02      
8.1382317e+01 -2.1467743e+02      
7.9082068e+01 -2.1116040e+02      
7.7266317e+01 -2.0717049e+02      
7.5885604e+01 -2.0280001e+02      
7.4835863e+01 -1.9829361e+02      
7.4040058e+01 -1.9385676e+02      
7.3462852e+01 -1.8960728e+02      
7.0987799e+01 -1.9722106e+02      
7.0422725e+01 -2.0118686e+02      
6.9913387e+01 -2.0520649e+02      
6.9451729e+01 -2.0923895e+02      
6.9024950e+01 -2.1323400e+02      
6.8594739e+01 -2.1709584e+02      
6.8094281e+01 -2.2068252e+02      
6.7464024e+01 -2.2387679e+02      
6.6618835e+01 -2.2648762e+02      
6.5396225e+01 -2.2809212e+02      
6.3775263e+01 -2.2861131e+02      
6.1816603e+01 -2.2807741e+02      
5.9419270e+01 -2.2548375e+02      
5.7139826e+01 -2.2247417e+02      
5.5145492e+01 -2.1915685e+02      
5.3485557e+01 -2.1547936e+02      
5.2156190e+01 -2.1150840e+02      
5.1119475e+01 -2.0738139e+02      
5.0333562e+01 -2.0324095e+02      
4.9767254e+01 -1.9919985e+02      
