3.3522060e+01 2.3778519e+02      
3.3323680e+01 2.3743936e+02      
3.3577628e+01 2.3726634e+02      
3.4294419e+01 2.3731715e+02      
3.5503954e+01 2.3765826e+02      
3.7278868e+01 2.3840169e+02      
3.9555476e+01 2.3957235e+02      
4.1031758e+01 2.4006257e+02      
4.1618337e+01 2.3986670e+02      
4.1337459e+01 2.3900569e+02      
4.0319909e+01 2.3752474e+02      
3.9910983e+01 2.3655316e+02      
4.0199194e+01 2.3610046e+02      
4.1128292e+01 2.3609888e+02      
4.2687979e+01 2.3654764e+02      
4.4912448e+01 2.3752211e+02      
4.7718653e+01 2.3894756e+02      
4.9997440e+01 2.3902074e+02      
5.1719124e+01 2.3770054e+02      
5.3981229e+01 2.3669291e+02      
6.1964831e+01 2.2839724e+02      
6.1921341e+01 2.2806764e+02      
6.2341933e+01 2.2790499e+02      
6.3243606e+01 2.2796707e+02      
6.4679770e+01 2.2833300e+02      
6.6780067e+01 2.2913424e+02      
6.9473220e+01 2.3035818e+02      
7.1122806e+01 2.3082800e+02      
7.1611402e+01 2.3049335e+02      
7.0972620e+01 2.2938006e+02      
6.9386048e+01 2.2758657e+02      
6.8542783e+01 2.2631443e+02      
6.8543841e+01 2.2561605e+02      
6.9274758e+01 2.2541228e+02      
7.0706362e+01 2.2570630e+02      
7.2900132e+01 2.2659955e+02      
7.5769919e+01 2.2797300e+02      
7.7868897e+01 2.2784630e+02      
7.9162851e+01 2.2617469e+02      
8.1078834e+01 2.2482944e+02      
8.8969790e+01 2.1528669e+02      
8.9080197e+01 2.1492858e+02      
8.9647461e+01 2.1472344e+02      
9.0673059e+01 2.1472176e+02      
9.2193717e+01 2.1498491e+02      
9.4338901e+01 2.1560844e+02      
9.7052914e+01 2.1655081e+02      
9.8626558e+01 2.1681100e+02      
9.8972241e+01 2.1632475e+02      
9.8140974e+01 2.1512117e+02      
9.6313999e+01 2.1331910e+02      
9.5269278e+01 2.1194790e+02      
9.5091139e+01 2.1108764e+02      
9.5641966e+01 2.1068386e+02      
9.6870933e+01 2.1073064e+02      
9.8811961e+01 2.1127718e+02      
1.0140861e+02 2.1220442e+02      
1.0330834e+02 2.1193235e+02      
1.0448027e+02 2.1041078e+02      
1.0625221e+02 2.0910211e+02      
1.1410792e+02 1.9867368e+02      
1.1437727e+02 1.9824241e+02      
1.1508508e+02 1.9794942e+02      
1.1619140e+02 1.9782678e+02      
1.1765795e+02 1.9789300e+02      
1.1952881e+02 1.9817718e+02      
1.2178669e+02 1.9863012e+02      
1.2298530e+02 1.9855385e+02      
1.2313063e+02 1.9790290e+02      
1.2229774e+02 1.9670745e+02      
1.2062178e+02 1.9507282e+02      
1.1964902e+02 1.9373483e+02      
1.1942284e+02 1.9277801e+02      
1.1983423e+02 1.9218657e+02      
1.2081993e+02 1.9194533e+02      
1.2231979e+02 1.9200544e+02      
1.2413697e+02 1.9212724e+02      
1.2582085e+02 1.9177279e+02      
1.2735514e+02 1.9088051e+02      
1.2916093e+02 1.8986665e+02      
1.3698199e+02 1.7883168e+02      
1.3742736e+02 1.7828476e+02      
1.3830626e+02 1.7787642e+02      
1.3952664e+02 1.7762041e+02      
1.4089976e+02 1.7746733e+02      
1.4222944e+02 1.7733764e+02      
1.4335419e+02 1.7713962e+02      
1.4388842e+02 1.7666455e+02      
1.4375789e+02 1.7583691e+02      
1.4306644e+02 1.7468350e+02      
1.4209455e+02 1.7333938e+02      
1.4141512e+02 1.7208558e+02      
1.4123859e+02 1.7105972e+02      
1.4156307e+02 1.7030122e+02      
1.4233765e+02 1.6980891e+02      
1.4347768e+02 1.6952516e+02      
1.4484730e+02 1.6929809e+02      
1.4630420e+02 1.6892928e+02      
1.4784327e+02 1.6834495e+02      
1.4959078e+02 1.6760702e+02      
1.5722310e+02 1.5607680e+02      
1.5786581e+02 1.5536727e+02      
1.5898393e+02 1.5483081e+02      
1.6049515e+02 1.5449659e+02      
1.6200385e+02 1.5423074e+02      
1.6277611e+02 1.5371322e+02      
1.6300887e+02 1.5303539e+02      
1.6284006e+02 1.5220659e+02      
1.6233243e+02 1.5119075e+02      
1.6161768e+02 1.5000389e+02      
1.6090382e+02 1.4872652e+02      
1.6042539e+02 1.4748063e+02      
1.6031819e+02 1.4636799e+02      
1.6060277e+02 1.4545243e+02      
1.6123372e+02 1.4476571e+02      
1.6213244e+02 1.4429504e+02      
1.6321401e+02 1.4396623e+02      
1.6442514e+02 1.4366437e+02      
1.6577752e+02 1.4329300e+02      
1.6733381e+02 1.4279919e+02      
1.7449034e+02 1.3075751e+02      
1.7532880e+02 1.2981679e+02      
1.7672589e+02 1.2912111e+02      
1.7875082e+02 1.2877342e+02      
1.8110419e+02 1.2870783e+02      
1.8117427e+02 1.2775224e+02      
1.8049456e+02 1.2666753e+02      
1.7957212e+02 1.2554146e+02      
1.7856331e+02 1.2433886e+02      
1.7762772e+02 1.2305591e+02      
1.7691313e+02 1.2172696e+02      
1.7651198e+02 1.2040716e+02      
1.7646509e+02 1.1916357e+02      
1.7675537e+02 1.1807130e+02      
1.7731494e+02 1.1720939e+02      
1.7804941e+02 1.1663614e+02      
1.7888654e+02 1.1633838e+02      
1.7981834e+02 1.1620928e+02      
1.8088959e+02 1.1610250e+02      
1.8216138e+02 1.1589227e+02      
1.8848534e+02 1.0324719e+02      
1.8946942e+02 1.0196650e+02      
1.9106500e+02 1.0103100e+02      
1.9344251e+02 1.0055786e+02      
1.9635303e+02 1.0044662e+02      
1.9688405e+02 9.9673463e+01      
1.9526996e+02 9.8315668e+01      
1.9358518e+02 9.6982782e+01      
1.9189039e+02 9.5608525e+01      
1.9060370e+02 9.4214055e+01      
1.8980763e+02 9.2797618e+01      
1.8944752e+02 9.1357419e+01      
1.8948012e+02 8.9927621e+01      
1.8984269e+02 8.8593410e+01      
1.9042495e+02 8.7501792e+01      
1.9106524e+02 8.6841499e+01      
1.9164882e+02 8.6698831e+01      
1.9223500e+02 8.6901812e+01      
1.9294284e+02 8.7188072e+01      
1.9385738e+02 8.7352921e+01      
1.9898512e+02 7.3926825e+01      
2.0002171e+02 7.2150181e+01      
2.0163154e+02 7.0879080e+01      
2.0402498e+02 7.0207079e+01      
2.0699583e+02 6.9994803e+01      
2.0763212e+02 6.9352344e+01      
2.0625181e+02 6.8231422e+01      
2.0419586e+02 6.6888433e+01      
2.0162519e+02 6.5366919e+01      
2.0008120e+02 6.3909682e+01      
1.9927314e+02 6.2432429e+01      
1.9899589e+02 6.0863069e+01      
1.9916545e+02 5.9187034e+01      
1.9970213e+02 5.7484146e+01      
2.0047056e+02 5.5972996e+01      
2.0116741e+02 5.5092909e+01      
2.0138505e+02 5.5338490e+01      
2.0148698e+02 5.6151502e+01      
2.0173674e+02 5.7030664e+01      
2.0223317e+02 5.7695355e+01      
2.0581738e+02 4.3340841e+01      
2.0677464e+02 4.0952278e+01      
2.0817503e+02 3.9275407e+01      
2.1021685e+02 3.8374541e+01      
2.1263849e+02 3.8252179e+01      
2.1271919e+02 3.7664194e+01      
2.1072158e+02 3.6620995e+01      
2.0878872e+02 3.5359631e+01      
2.0698842e+02 3.3998892e+01      
2.0573032e+02 3.2625601e+01      
2.0507642e+02 3.1181243e+01      
2.0495590e+02 2.9529529e+01      
2.0533006e+02 2.7562306e+01      
2.0615868e+02 2.5302917e+01      
2.0732254e+02 2.3036832e+01      
2.0842537e+02 2.1513019e+01      
2.0795812e+02 2.2644632e+01      
2.0739237e+02 2.4475692e+01      
2.0708859e+02 2.6209253e+01      
2.0712854e+02 2.7501605e+01      
2.0856504e+02 1.3226222e+01      
2.0926666e+02 1.0378981e+01      
2.1026662e+02 8.2716702e+00      
2.1167352e+02 6.9501117e+00      
2.1322894e+02 6.4349002e+00      
2.1242774e+02 5.6628207e+00      
2.1101365e+02 4.5292604e+00      
2.0959517e+02 3.2904931e+00      
2.0838440e+02 2.0670540e+00      
2.0752956e+02 8.8577570e-01      
2.0711650e+02 -3.5105556e-01      
2.0718568e+02 -1.9336204e+00      
2.0779066e+02 -4.1693239e+00      
2.0896890e+02 -7.1599570e+00      
2.1056244e+02 -1.0410447e+01      
2.1132343e+02 -1.1674747e+01      
2.1094652e+02 -1.0511317e+01      
2.0970490e+02 -7.3793553e+00      
2.0881767e+02 -4.5531836e+00      
2.0841291e+02 -2.5651136e+00      
2.0745391e+02 -1.5726622e+01      
2.0780700e+02 -1.8782723e+01      
2.0831989e+02 -2.1322248e+01      
2.0893202e+02 -2.3305615e+01      
2.0929900e+02 -2.4599274e+01      
2.0879909e+02 -2.6077789e+01      
2.0786771e+02 -2.7561500e+01      
2.0690303e+02 -2.8857887e+01      
2.0611325e+02 -2.9952076e+01      
2.0560497e+02 -3.0865866e+01      
2.0540787e+02 -3.1524707e+01      
2.0561443e+02 -3.2700588e+01      
2.0635331e+02 -3.4933205e+01      
2.0776776e+02 -3.8593411e+01      
2.0896976e+02 -4.1571161e+01      
2.0947622e+02 -4.2627713e+01      
2.0912539e+02 -4.1355053e+01      
2.0805380e+02 -3.8156889e+01      
2.0672198e+02 -3.4265133e+01      
2.0600136e+02 -3.1779349e+01      
2.0281259e+02 -4.3076452e+01      
2.0283869e+02 -4.6119526e+01      
2.0291832e+02 -4.9067040e+01      
2.0294516e+02 -5.1980630e+01      
2.0274051e+02 -5.4864035e+01      
2.0219294e+02 -5.7423655e+01      
2.0145091e+02 -5.9436594e+01      
2.0075510e+02 -6.0783284e+01      
2.0028204e+02 -6.1553428e+01      
2.0010293e+02 -6.2132208e+01      
2.0004642e+02 -6.1516273e+01      
2.0029456e+02 -6.1953163e+01      
2.0089727e+02 -6.3515155e+01      
2.0183144e+02 -6.6105595e+01      
2.0283013e+02 -6.9194393e+01      
2.0317715e+02 -7.0235426e+01      
2.0277388e+02 -6.8668238e+01      
2.0170051e+02 -6.5030325e+01      
2.0066496e+02 -6.1827723e+01      
1.9992391e+02 -5.9525429e+01      
1.9484676e+02 -6.9552190e+01      
1.9460407e+02 -7.2560011e+01      
1.9434957e+02 -7.5791933e+01      
1.9398853e+02 -7.9486592e+01      
1.9340800e+02 -8.4051657e+01      
1.9261979e+02 -8.7839265e+01      
1.9182602e+02 -9.0485678e+01      
1.9123965e+02 -9.1828126e+01      
1.9099261e+02 -9.1758278e+01      
1.9106694e+02 -9.0235589e+01      
1.9120775e+02 -8.9237089e+01      
1.9146008e+02 -8.9159016e+01      
1.9186814e+02 -8.9948487e+01      
1.9239478e+02 -9.1402496e+01      
1.9289363e+02 -9.3139921e+01      
1.9309698e+02 -9.4286171e+01      
1.9263686e+02 -9.2339405e+01      
1.9187424e+02 -8.9764644e+01      
1.9107473e+02 -8.7385285e+01      
1.9038688e+02 -8.5501886e+01      
1.8374762e+02 -9.4726192e+01      
1.8330295e+02 -9.7665862e+01      
1.8281141e+02 -1.0094161e+02      
1.8219899e+02 -1.0470029e+02      
1.8137161e+02 -1.0909788e+02      
1.8026359e+02 -1.1392490e+02      
1.7926903e+02 -1.1726406e+02      
1.7869204e+02 -1.1865207e+02      
1.7865465e+02 -1.1797613e+02      
1.7897919e+02 -1.1579134e+02      
1.7921985e+02 -1.1451356e+02      
1.7943525e+02 -1.1408621e+02      
1.7967343e+02 -1.1427861e+02      
1.7991172e+02 -1.1485899e+02      
1.8006606e+02 -1.1549145e+02      
1.8000534e+02 -1.1558801e+02      
1.7961969e+02 -1.1446443e+02      
1.7901933e+02 -1.1276783e+02      
1.7833951e+02 -1.1103916e+02      
1.7767605e+02 -1.0954718e+02      
1.6973605e+02 -1.1811232e+02      
1.6915047e+02 -1.2091464e+02      
1.6850348e+02 -1.2403615e+02      
1.6774309e+02 -1.2751917e+02      
1.6680934e+02 -1.3139213e+02      
1.6565595e+02 -1.3555113e+02      
1.6434776e+02 -1.3951615e+02      
1.6366547e+02 -1.4110508e+02      
1.6390146e+02 -1.3986352e+02      
1.6420656e+02 -1.3828958e+02      
1.6441106e+02 -1.3717362e+02      
1.6454294e+02 -1.3658821e+02      
1.6463051e+02 -1.3639955e+02      
1.6466371e+02 -1.3642195e+02      
1.6459868e+02 -1.3640823e+02      
1.6437742e+02 -1.3606137e+02      
1.6397009e+02 -1.3520630e+02      
1.6341028e+02 -1.3399112e+02      
1.6276319e+02 -1.3268076e+02      
1.6208735e+02 -1.3148056e+02      
1.5306254e+02 -1.3933236e+02      
1.5238604e+02 -1.4194202e+02      
1.5164606e+02 -1.4481006e+02      
1.5081096e+02 -1.4792128e+02      
1.4984922e+02 -1.5123219e+02      
1.4873911e+02 -1.5463213e+02      
1.4750867e+02 -1.5785132e+02      
1.4646521e+02 -1.6006535e+02      
1.4671495e+02 -1.5914224e+02      
1.4696766e+02 -1.5799291e+02      
1.4707393e+02 -1.5712469e+02      
1.4708935e+02 -1.5653040e+02      
1.4703591e+02 -1.5614528e+02      
1.4691031e+02 -1.5585475e+02      
1.4669140e+02 -1.5551250e+02      
1.4635398e+02 -1.5497663e+02      
1.4588734e+02 -1.5418063e+02      
1.4530591e+02 -1.5317990e+02      
1.4464124e+02 -1.5210430e+02      
1.4392640e+02 -1.5108753e+02      
1.3400720e+02 -1.5808181e+02      
1.3327748e+02 -1.6047050e+02      
1.3248854e+02 -1.6305024e+02      
1.3162495e+02 -1.6577662e+02      
1.3067440e+02 -1.6857933e+02      
1.2963133e+02 -1.7134860e+02      
1.2848011e+02 -1.7396313e+02      
1.2734038e+02 -1.7607598e+02      
1.2745849e+02 -1.7562461e+02      
1.2754365e+02 -1.7492137e+02      
1.2749990e+02 -1.7430908e+02      
1.2737725e+02 -1.7378400e+02      
1.2718808e+02 -1.7332502e+02      
1.2692905e+02 -1.7287712e+02      
1.2658827e+02 -1.7236668e+02      
1.2615307e+02 -1.7172830e+02      
1.2561817e+02 -1.7093680e+02      
1.2498988e+02 -1.7002344e+02      
1.2428341e+02 -1.6906172e+02      
1.2351619e+02 -1.6813876e+02      
1.1287958e+02 -1.7411082e+02      
1.1212299e+02 -1.7627256e+02      
1.1131364e+02 -1.7856496e+02      
1.1044835e+02 -1.8093070e+02      
1.0952911e+02 -1.8329091e+02      
1.0856833e+02 -1.8553723e+02      
1.0760173e+02 -1.8751919e+02      
1.0679541e+02 -1.8889650e+02      
1.0643201e+02 -1.8920961e+02      
1.0621644e+02 -1.8900903e+02      
1.0598658e+02 -1.8864792e+02      
1.0571743e+02 -1.8822111e+02      
1.0539983e+02 -1.8775307e+02      
1.0502463e+02 -1.8723286e+02      
1.0458153e+02 -1.8663350e+02      
1.0406148e+02 -1.8593119e+02      
1.0345992e+02 -1.8512241e+02      
1.0277827e+02 -1.8423206e+02      
1.0202273e+02 -1.8330898e+02      
1.0120111e+02 -1.8241359e+02      
9.0017194e+01 -1.8721488e+02      
8.9250635e+01 -1.8915841e+02      
8.8437457e+01 -1.9118297e+02      
8.7582955e+01 -1.9322797e+02      
8.6698417e+01 -1.9521566e+02      
8.5806962e+01 -1.9704517e+02      
8.4955127e+01 -1.9858224e+02      
8.4224869e+01 -1.9965468e+02      
8.3672123e+01 -2.0016737e+02      
8.3237484e+01 -2.0024585e+02      
8.2839912e+01 -2.0006335e+02      
8.2436185e+01 -1.9972114e+02      
8.2004229e+01 -1.9926538e+02      
8.1529548e+01 -1.9871121e+02      
8.1000725e+01 -1.9805924e+02      
8.0408914e+01 -1.9730913e+02      
7.9748520e+01 -1.9647004e+02      
7.9017484e+01 -1.9556574e+02      
7.8216459e+01 -1.9463353e+02      
7.7347052e+01 -1.9371866e+02      
