3.0140484e+01 2.2896631e+02      
2.9625012e+01 2.2871858e+02      
2.9051121e+01 2.2864481e+02      
2.8280649e+01 2.2874631e+02      
2.7302994e+01 2.2902885e+02      
2.6237369e+01 2.2950316e+02      
2.5235029e+01 2.3017453e+02      
2.4413626e+01 2.3103758e+02      
2.3853860e+01 2.3207831e+02      
2.3613630e+01 2.3327680e+02      
2.3738165e+01 2.3460865e+02      
2.4264725e+01 2.3604561e+02      
2.5224261e+01 2.3755596e+02      
2.6641744e+01 2.3910482e+02      
2.8536077e+01 2.4065449e+02      
3.0919943e+01 2.4216501e+02      
3.3799734e+01 2.4359470e+02      
3.7175573e+01 2.4490093e+02      
4.1041457e+01 2.4604082e+02      
4.5385483e+01 2.4697195e+02      
6.0695044e+01 2.1852637e+02      
6.0655252e+01 2.1835222e+02      
6.0447275e+01 2.1834408e+02      
5.9728551e+01 2.1848197e+02      
5.8482443e+01 2.1877088e+02      
5.7022032e+01 2.1924217e+02      
5.5629117e+01 2.1991049e+02      
5.4446976e+01 2.2076772e+02      
5.3549886e+01 2.2179572e+02      
5.2987673e+01 2.2297180e+02      
5.2801186e+01 2.2426978e+02      
5.3026232e+01 2.2566017e+02      
5.3693770e+01 2.2711010e+02      
5.4829220e+01 2.2858343e+02      
5.6451811e+01 2.3004102e+02      
5.8574191e+01 2.3144121e+02      
6.1202262e+01 2.3274051e+02      
6.4335199e+01 2.3389438e+02      
6.7965597e+01 2.3485812e+02      
7.2079735e+01 2.3558771e+02      
9.0130537e+01 2.0446470e+02      
9.0870432e+01 2.0436611e+02      
9.1472221e+01 2.0445626e+02      
9.0833826e+01 2.0462373e+02      
8.8928959e+01 2.0487064e+02      
8.6813170e+01 2.0531842e+02      
8.4924524e+01 2.0598379e+02      
8.3332858e+01 2.0684040e+02      
8.2065010e+01 2.0786221e+02      
8.1149419e+01 2.0902338e+02      
8.0619109e+01 2.1029643e+02      
8.0508074e+01 2.1165109e+02      
8.0847609e+01 2.1305378e+02      
8.1663850e+01 2.1446743e+02      
8.2976437e+01 2.1585158e+02      
8.4797928e+01 2.1716286e+02      
8.7133625e+01 2.1835580e+02      
8.9981615e+01 2.1938381e+02      
9.3332940e+01 2.2020023e+02      
9.7171898e+01 2.2075936e+02      
1.1777946e+02 1.8698120e+02      
1.1953748e+02 1.8692497e+02      
1.2184742e+02 1.8717491e+02      
1.2132712e+02 1.8736752e+02      
1.1793411e+02 1.8749570e+02      
1.1497455e+02 1.8793347e+02      
1.1257947e+02 1.8861384e+02      
1.1058068e+02 1.8948182e+02      
1.0893367e+02 1.9050674e+02      
1.0764550e+02 1.9166195e+02      
1.0674521e+02 1.9292004e+02      
1.0626823e+02 1.9425101e+02      
1.0624812e+02 1.9562133e+02      
1.0671258e+02 1.9699341e+02      
1.0768189e+02 1.9832563e+02      
1.0916844e+02 1.9957283e+02      
1.1117682e+02 2.0068723e+02      
1.1370387e+02 2.0161982e+02      
1.1673893e+02 2.0232176e+02      
1.2026412e+02 2.0274554e+02      
1.4289157e+02 1.6633344e+02      
1.4527275e+02 1.6618519e+02      
1.4829324e+02 1.6624749e+02      
1.4794850e+02 1.6646144e+02      
1.4415792e+02 1.6681038e+02      
1.4080567e+02 1.6735246e+02      
1.3807822e+02 1.6808067e+02      
1.3573913e+02 1.6897475e+02      
1.3372743e+02 1.7001257e+02      
1.3205560e+02 1.7117065e+02      
1.3076292e+02 1.7242367e+02      
1.2989345e+02 1.7374333e+02      
1.2948615e+02 1.7509710e+02      
1.2957124e+02 1.7644753e+02      
1.3016959e+02 1.7775201e+02      
1.3129320e+02 1.7896329e+02      
1.3294569e+02 1.8003069e+02      
1.3512259e+02 1.8090207e+02      
1.3781137e+02 1.8152593e+02      
1.4099173e+02 1.8185288e+02      
1.6493092e+02 1.4287126e+02      
1.6738124e+02 1.4259641e+02      
1.7031991e+02 1.4245898e+02      
1.7024838e+02 1.4270401e+02      
1.6698721e+02 1.4328661e+02      
1.6384977e+02 1.4394257e+02      
1.6103513e+02 1.4472732e+02      
1.5843827e+02 1.4565562e+02      
1.5607418e+02 1.4671329e+02      
1.5400257e+02 1.4788095e+02      
1.5229246e+02 1.4913716e+02      
1.5100484e+02 1.5045695e+02      
1.5018660e+02 1.5181012e+02      
1.4987027e+02 1.5316014e+02      
1.5007636e+02 1.5446364e+02      
1.5081568e+02 1.5567074e+02      
1.5209067e+02 1.5672663e+02      
1.5389558e+02 1.5757470e+02      
1.5621595e+02 1.5816000e+02      
1.5902876e+02 1.5843126e+02      
1.8370363e+02 1.1697664e+02      
1.8585305e+02 1.1663465e+02      
1.8781985e+02 1.1660774e+02      
1.8825881e+02 1.1694289e+02      
1.8657294e+02 1.1744908e+02      
1.8403101e+02 1.1811515e+02      
1.8124850e+02 1.1894200e+02      
1.7840983e+02 1.1990677e+02      
1.7566545e+02 1.2098710e+02      
1.7315532e+02 1.2216692e+02      
1.7099303e+02 1.2343112e+02      
1.6926094e+02 1.2476015e+02      
1.6801264e+02 1.2612768e+02      
1.6727986e+02 1.2749924e+02      
1.6707990e+02 1.2883120e+02      
1.6742079e+02 1.3007028e+02      
1.6830379e+02 1.3115509e+02      
1.6972261e+02 1.3202159e+02      
1.7166107e+02 1.3261025e+02      
1.7409279e+02 1.3286849e+02      
1.9922655e+02 8.9000602e+01      
2.0130710e+02 8.8534148e+01      
2.0327019e+02 8.8558411e+01      
2.0475552e+02 8.9150109e+01      
2.0372740e+02 8.9579342e+01      
2.0151518e+02 9.0259511e+01      
1.9865534e+02 9.1141194e+01      
1.9546829e+02 9.2150521e+01      
1.9224409e+02 9.3251052e+01      
1.8922126e+02 9.4438606e+01      
1.8655920e+02 9.5709994e+01      
1.8435786e+02 9.7053325e+01      
1.8266886e+02 9.8447818e+01      
1.8151482e+02 9.9862676e+01      
1.8090438e+02 1.0125535e+02      
1.8084008e+02 1.0256903e+02      
1.8132283e+02 1.0373096e+02      
1.8234926e+02 1.0466194e+02      
1.8390190e+02 1.0529673e+02      
1.8594923e+02 1.0558443e+02      
2.1146384e+02 5.9292014e+01      
2.1371645e+02 5.8552532e+01      
2.1582552e+02 5.8443013e+01      
2.1759015e+02 5.8981323e+01      
2.1842744e+02 5.9922649e+01      
2.1636379e+02 6.0767871e+01      
2.1327492e+02 6.1783865e+01      
2.0945870e+02 6.2853921e+01      
2.0557393e+02 6.3954260e+01      
2.0192935e+02 6.5133608e+01      
1.9871127e+02 6.6404026e+01      
1.9602787e+02 6.7760946e+01      
1.9390469e+02 6.9190831e+01      
1.9234018e+02 7.0668654e+01      
1.9132714e+02 7.2156204e+01      
1.9085785e+02 7.3597097e+01      
1.9093301e+02 7.4902688e+01      
1.9156901e+02 7.5947222e+01      
1.9274370e+02 7.6667358e+01      
1.9441509e+02 7.7024057e+01      
2.2033426e+02 2.8200014e+01      
2.2290737e+02 2.6993250e+01      
2.2522538e+02 2.6686450e+01      
2.2732857e+02 2.7313995e+01      
2.2905190e+02 2.8665965e+01      
2.2805083e+02 3.0059815e+01      
2.2490710e+02 3.1380119e+01      
2.2004693e+02 3.2548748e+01      
2.1540349e+02 3.3624279e+01      
2.1096827e+02 3.4777467e+01      
2.0714582e+02 3.6028982e+01      
2.0400769e+02 3.7389996e+01      
2.0148773e+02 3.8856543e+01      
1.9954483e+02 4.0410386e+01      
1.9815298e+02 4.2023810e+01      
1.9729238e+02 4.3645943e+01      
1.9695627e+02 4.5173168e+01      
1.9722431e+02 4.6357797e+01      
1.9804532e+02 4.7189362e+01      
1.9936253e+02 4.7648998e+01      
2.2563672e+02 -3.7474630e+00      
2.2856033e+02 -5.5721444e+00      
2.3103080e+02 -6.0972663e+00      
2.3318884e+02 -5.3012938e+00      
2.3478258e+02 -3.2573988e+00      
2.3399911e+02 -1.3490614e+00      
2.3088876e+02 3.5054283e-01      
2.2617971e+02 1.8594682e+00      
2.2108052e+02 3.1456455e+00      
2.1569231e+02 4.2673704e+00      
2.1140395e+02 5.4599887e+00      
2.0793187e+02 6.7990195e+00      
2.0509066e+02 8.2911614e+00      
2.0282151e+02 9.9176674e+00      
2.0109262e+02 1.1663744e+01      
1.9987973e+02 1.3494203e+01      
1.9925407e+02 1.5093128e+01      
1.9921567e+02 1.6380811e+01      
1.9972414e+02 1.7334928e+01      
2.0072222e+02 1.7927295e+01      
2.2602433e+02 -3.4560316e+01      
2.2901782e+02 -3.6829610e+01      
2.3145901e+02 -3.7551760e+01      
2.3350497e+02 -3.6738132e+01      
2.3493700e+02 -3.4503595e+01      
2.3393045e+02 -3.2311576e+01      
2.3049218e+02 -3.0297377e+01      
2.2530529e+02 -2.8474828e+01      
2.2034504e+02 -2.7042752e+01      
2.1559221e+02 -2.5854460e+01      
2.1139250e+02 -2.4776929e+01      
2.0777474e+02 -2.3479605e+01      
2.0470275e+02 -2.1973852e+01      
2.0216672e+02 -2.0289100e+01      
2.0016123e+02 -1.8451364e+01      
1.9868825e+02 -1.6552128e+01      
1.9780945e+02 -1.4903994e+01      
1.9751384e+02 -1.3525514e+01      
1.9775968e+02 -1.2434655e+01      
1.9848573e+02 -1.1676485e+01      
2.2164993e+02 -6.3466262e+01      
2.2441149e+02 -6.5893159e+01      
2.2661996e+02 -6.6753261e+01      
2.2840072e+02 -6.6089569e+01      
2.2952765e+02 -6.4004364e+01      
2.2806625e+02 -6.1768805e+01      
2.2418763e+02 -5.9607328e+01      
2.1989006e+02 -5.7923610e+01      
2.1558372e+02 -5.6556423e+01      
2.1137165e+02 -5.5365044e+01      
2.0737287e+02 -5.4280312e+01      
2.0369770e+02 -5.2991032e+01      
2.0044762e+02 -5.1480090e+01      
1.9768637e+02 -4.9763632e+01      
1.9544411e+02 -4.7853280e+01      
1.9375426e+02 -4.6047985e+01      
1.9265540e+02 -4.4405513e+01      
1.9214931e+02 -4.2935580e+01      
1.9219165e+02 -4.1677837e+01      
1.9270635e+02 -4.0707760e+01      
2.1290069e+02 -8.9825161e+01      
2.1521899e+02 -9.2065888e+01      
2.1703199e+02 -9.2977487e+01      
2.1837663e+02 -9.2602949e+01      
2.1900428e+02 -9.0981784e+01      
2.1705873e+02 -8.8963471e+01      
2.1418530e+02 -8.7369679e+01      
2.1091981e+02 -8.6147834e+01      
2.0735543e+02 -8.5025720e+01      
2.0358818e+02 -8.3865329e+01      
1.9973861e+02 -8.2618962e+01      
1.9595719e+02 -8.1281041e+01      
1.9251891e+02 -7.9768238e+01      
1.8954823e+02 -7.8093426e+01      
1.8708270e+02 -7.6302467e+01      
1.8516176e+02 -7.4643471e+01      
1.8385977e+02 -7.3041908e+01      
1.8319773e+02 -7.1462569e+01      
1.8311575e+02 -6.9976971e+01      
1.8350028e+02 -6.8723086e+01      
2.0025776e+02 -1.1321927e+02      
2.0204421e+02 -1.1498085e+02      
2.0339997e+02 -1.1586836e+02      
2.0421802e+02 -1.1587232e+02      
2.0421654e+02 -1.1514347e+02      
2.0299390e+02 -1.1412709e+02      
2.0105939e+02 -1.1331148e+02      
1.9881164e+02 -1.1282559e+02      
1.9591633e+02 -1.1206386e+02      
1.9253383e+02 -1.1098485e+02      
1.8879082e+02 -1.0958234e+02      
1.8478919e+02 -1.0787712e+02      
1.8113912e+02 -1.0637984e+02      
1.7797097e+02 -1.0479932e+02      
1.7522803e+02 -1.0336976e+02      
1.7301688e+02 -1.0201948e+02      
1.7150731e+02 -1.0052204e+02      
1.7076465e+02 -9.8779979e+01      
1.7068316e+02 -9.6937346e+01      
1.7105283e+02 -9.5281557e+01      
1.8463126e+02 -1.3515513e+02      
1.8596952e+02 -1.3653981e+02      
1.8693028e+02 -1.3738717e+02      
1.8738940e+02 -1.3767767e+02      
1.8721005e+02 -1.3753564e+02      
1.8634102e+02 -1.3721641e+02      
1.8497105e+02 -1.3702449e+02      
1.8329575e+02 -1.3707665e+02      
1.8087811e+02 -1.3663399e+02      
1.7782808e+02 -1.3567208e+02      
1.7426154e+02 -1.3421918e+02      
1.7029427e+02 -1.3236652e+02      
1.6655654e+02 -1.3089455e+02      
1.6319711e+02 -1.2958397e+02      
1.6009169e+02 -1.2868451e+02      
1.5741533e+02 -1.2796632e+02      
1.5565026e+02 -1.2670245e+02      
1.5495151e+02 -1.2467239e+02      
1.5511850e+02 -1.2215676e+02      
1.5563871e+02 -1.1991424e+02      
1.6633441e+02 -1.5534644e+02      
1.6733784e+02 -1.5650533e+02      
1.6800411e+02 -1.5731561e+02      
1.6824429e+02 -1.5776684e+02      
1.6799505e+02 -1.5794145e+02      
1.6725989e+02 -1.5800267e+02      
1.6614579e+02 -1.5816926e+02      
1.6473837e+02 -1.5852719e+02      
1.6261871e+02 -1.5828657e+02      
1.5985394e+02 -1.5744326e+02      
1.5653965e+02 -1.5604564e+02      
1.5278870e+02 -1.5419952e+02      
1.4914174e+02 -1.5277764e+02      
1.4562996e+02 -1.5184987e+02      
1.4210626e+02 -1.5161297e+02      
1.3860727e+02 -1.5210127e+02      
1.3653391e+02 -1.5117857e+02      
1.3601402e+02 -1.4874752e+02      
1.3685715e+02 -1.4499967e+02      
1.3765851e+02 -1.4207259e+02      
1.4564721e+02 -1.7334546e+02      
1.4640175e+02 -1.7436204e+02      
1.4685291e+02 -1.7513363e+02      
1.4694115e+02 -1.7565445e+02      
1.4663141e+02 -1.7597479e+02      
1.4592949e+02 -1.7619501e+02      
1.4489212e+02 -1.7646015e+02      
1.4355684e+02 -1.7684231e+02      
1.4160998e+02 -1.7664711e+02      
1.3909608e+02 -1.7590038e+02      
1.3608862e+02 -1.7465708e+02      
1.3267767e+02 -1.7300614e+02      
1.2924299e+02 -1.7175943e+02      
1.2576876e+02 -1.7105210e+02      
1.2207757e+02 -1.7110096e+02      
1.1819051e+02 -1.7189586e+02      
1.1595314e+02 -1.7108409e+02      
1.1552935e+02 -1.6850065e+02      
1.1669480e+02 -1.6441815e+02      
1.1761521e+02 -1.6118845e+02      
1.2289178e+02 -1.8880089e+02      
1.2345806e+02 -1.8971823e+02      
1.2374838e+02 -1.9044568e+02      
1.2372136e+02 -1.9097645e+02      
1.2335219e+02 -1.9133534e+02      
1.2263738e+02 -1.9157075e+02      
1.2158833e+02 -1.9173115e+02      
1.2018615e+02 -1.9177245e+02      
1.1834389e+02 -1.9147838e+02      
1.1606056e+02 -1.9079550e+02      
1.1339034e+02 -1.8977470e+02      
1.1043031e+02 -1.8857420e+02      
1.0732661e+02 -1.8752831e+02      
1.0410601e+02 -1.8684234e+02      
1.0065452e+02 -1.8670754e+02      
9.6968842e+01 -1.8710755e+02      
9.4815348e+01 -1.8613685e+02      
9.4296564e+01 -1.8368304e+02      
9.5264329e+01 -1.7996407e+02      
9.5971537e+01 -1.7689851e+02      
9.8420590e+01 -2.0143113e+02      
9.8841436e+01 -2.0227285e+02      
9.9008903e+01 -2.0295185e+02      
9.8892734e+01 -2.0345814e+02      
9.8472906e+01 -2.0379841e+02      
9.7740056e+01 -2.0398763e+02      
9.6689245e+01 -2.0402983e+02      
9.5307268e+01 -2.0388983e+02      
9.3576663e+01 -2.0350334e+02      
9.1506237e+01 -2.0284618e+02      
8.9139516e+01 -2.0196031e+02      
8.6548316e+01 -2.0095455e+02      
8.3813909e+01 -1.9998007e+02      
8.0993225e+01 -1.9915776e+02      
7.8134400e+01 -1.9853191e+02      
7.5477770e+01 -1.9788585e+02      
7.3645424e+01 -1.9658600e+02      
7.2840167e+01 -1.9444226e+02      
7.2843761e+01 -1.9172335e+02      
7.3038328e+01 -1.8911894e+02      
