1.9623317e+01 2.3609692e+02      
1.9459101e+01 2.3361917e+02      
1.9854801e+01 2.3122010e+02      
2.0755011e+01 2.2894689e+02      
2.2090948e+01 2.2684125e+02      
2.3792437e+01 2.2493984e+02      
2.5804519e+01 2.2327686e+02      
2.8087721e+01 2.2188462e+02      
3.0585354e+01 2.2078776e+02      
3.3174340e+01 2.1999295e+02      
3.5629072e+01 2.1947612e+02      
3.7636201e+01 2.1917393e+02      
3.8990900e+01 2.1903922e+02      
3.9826513e+01 2.1911798e+02      
4.0411920e+01 2.1946648e+02      
4.0978340e+01 2.2009433e+02      
4.1708509e+01 2.2097475e+02      
4.2744646e+01 2.2205921e+02      
4.4191811e+01 2.2328782e+02      
4.6121645e+01 2.2459615e+02      
4.8033930e+01 2.2622078e+02      
4.8203514e+01 2.2368310e+02      
4.8972657e+01 2.2121043e+02      
5.0274952e+01 2.1885385e+02      
5.2017183e+01 2.1665600e+02      
5.4097686e+01 2.1465069e+02      
5.6459585e+01 2.1287301e+02      
5.9119557e+01 2.1136776e+02      
6.2094650e+01 2.1017730e+02      
6.5289858e+01 2.0932377e+02      
6.8410844e+01 2.0878982e+02      
7.0826015e+01 2.0843654e+02      
7.1768266e+01 2.0802257e+02      
7.1872610e+01 2.0780164e+02      
7.1677841e+01 2.0791058e+02      
7.1477192e+01 2.0835038e+02      
7.1484046e+01 2.0907523e+02      
7.1860727e+01 2.1001731e+02      
7.2718955e+01 2.1110060e+02      
7.4126371e+01 2.1224889e+02      
7.5044243e+01 2.1276259e+02      
7.5584297e+01 2.1014895e+02      
7.6780495e+01 2.0759009e+02      
7.8559366e+01 2.0514441e+02      
8.0792084e+01 2.0285726e+02      
8.3284599e+01 2.0074727e+02      
8.5926394e+01 1.9883523e+02      
8.8883846e+01 1.9719547e+02      
9.2369711e+01 1.9590564e+02      
9.6406268e+01 1.9501813e+02      
1.0065792e+02 1.9455055e+02      
1.0413237e+02 1.9435778e+02      
1.0409567e+02 1.9344963e+02      
1.0305534e+02 1.9286015e+02      
1.0180686e+02 1.9273414e+02      
1.0063233e+02 1.9302835e+02      
9.9753039e+01 1.9365601e+02      
9.9354273e+01 1.9451801e+02      
9.9544378e+01 1.9551542e+02      
1.0037494e+02 1.9655805e+02      
1.0017434e+02 1.9595182e+02      
1.0111104e+02 1.9324093e+02      
1.0278585e+02 1.9057665e+02      
1.0513642e+02 1.8803200e+02      
1.0803396e+02 1.8567472e+02      
1.1108417e+02 1.8349351e+02      
1.1371896e+02 1.8138253e+02      
1.1668389e+02 1.7955513e+02      
1.2058712e+02 1.7813709e+02      
1.2563593e+02 1.7718681e+02      
1.3128888e+02 1.7671809e+02      
1.3463810e+02 1.7611609e+02      
1.3497631e+02 1.7525806e+02      
1.3268315e+02 1.7438070e+02      
1.3027532e+02 1.7409111e+02      
1.2789119e+02 1.7432316e+02      
1.2595397e+02 1.7494499e+02      
1.2468219e+02 1.7581341e+02      
1.2415278e+02 1.7679932e+02      
1.2438218e+02 1.7779896e+02      
1.2296049e+02 1.7607090e+02      
1.2429808e+02 1.7323520e+02      
1.2648455e+02 1.7043415e+02      
1.2948515e+02 1.6775751e+02      
1.3324145e+02 1.6532501e+02      
1.3736810e+02 1.6319963e+02      
1.3921835e+02 1.6072406e+02      
1.4168666e+02 1.5866856e+02      
1.4557676e+02 1.5708481e+02      
1.5145187e+02 1.5596332e+02      
1.5682338e+02 1.5498143e+02      
1.6019269e+02 1.5403500e+02      
1.6097546e+02 1.5314918e+02      
1.5939767e+02 1.5245680e+02      
1.5633029e+02 1.5217206e+02      
1.5258353e+02 1.5247275e+02      
1.4949048e+02 1.5322863e+02      
1.4729016e+02 1.5421972e+02      
1.4603749e+02 1.5528086e+02      
1.4568727e+02 1.5630343e+02      
1.4296331e+02 1.5345326e+02      
1.4466801e+02 1.5046096e+02      
1.4736413e+02 1.4747965e+02      
1.5105966e+02 1.4460406e+02      
1.5556885e+02 1.4194961e+02      
1.5999342e+02 1.3954409e+02      
1.6151718e+02 1.3699822e+02      
1.6314628e+02 1.3482730e+02      
1.6602515e+02 1.3306474e+02      
1.7047136e+02 1.3159494e+02      
1.7596605e+02 1.3021964e+02      
1.7960825e+02 1.2897566e+02      
1.8074787e+02 1.2800012e+02      
1.7957677e+02 1.2737875e+02      
1.7718243e+02 1.2728445e+02      
1.7378459e+02 1.2780583e+02      
1.6971359e+02 1.2887514e+02      
1.6661498e+02 1.3012997e+02      
1.6471060e+02 1.3135363e+02      
1.6387059e+02 1.3245661e+02      
1.5978266e+02 1.2848001e+02      
1.6175618e+02 1.2530227e+02      
1.6489907e+02 1.2209554e+02      
1.6931222e+02 1.1894575e+02      
1.7462052e+02 1.1598442e+02      
1.7843402e+02 1.1321279e+02      
1.8026390e+02 1.1064133e+02      
1.8066385e+02 1.0844688e+02      
1.8210423e+02 1.0661971e+02      
1.8493099e+02 1.0500579e+02      
1.8876091e+02 1.0348145e+02      
1.9265110e+02 1.0197745e+02      
1.9398969e+02 1.0092078e+02      
1.9387320e+02 1.0028299e+02      
1.9235995e+02 1.0030042e+02      
1.8953704e+02 1.0105724e+02      
1.8579809e+02 1.0241874e+02      
1.8202556e+02 1.0405234e+02      
1.7972913e+02 1.0547395e+02      
1.7858502e+02 1.0668744e+02      
1.7308990e+02 1.0157224e+02      
1.7513270e+02 9.8193930e+01      
1.7843807e+02 9.4746916e+01      
1.8331658e+02 9.1267039e+01      
1.8769951e+02 8.8003474e+01      
1.9094726e+02 8.5001152e+01      
1.9284449e+02 8.2320371e+01      
1.9358672e+02 8.0063623e+01      
1.9376554e+02 7.8300717e+01      
1.9535168e+02 7.6666937e+01      
1.9776349e+02 7.5171475e+01      
2.0018921e+02 7.3857517e+01      
2.0176672e+02 7.2821849e+01      
2.0276302e+02 7.2012267e+01      
2.0205765e+02 7.2066671e+01      
1.9963719e+02 7.3107097e+01      
1.9600816e+02 7.4869111e+01      
1.9293674e+02 7.6583501e+01      
1.9081521e+02 7.8121786e+01      
1.8960546e+02 7.9448456e+01      
1.8268269e+02 7.3176878e+01      
1.8455233e+02 6.9594808e+01      
1.8737902e+02 6.5953452e+01      
1.9096026e+02 6.2342745e+01      
1.9442838e+02 5.8910283e+01      
1.9720362e+02 5.5761736e+01      
1.9898006e+02 5.2975443e+01      
1.9999187e+02 5.0609545e+01      
2.0072471e+02 4.8650505e+01      
2.0190263e+02 4.6969151e+01      
2.0348749e+02 4.5531935e+01      
2.0507069e+02 4.4374634e+01      
2.0628793e+02 4.3552159e+01      
2.0698936e+02 4.3106801e+01      
2.0686812e+02 4.3191424e+01      
2.0467080e+02 4.4600919e+01      
2.0207057e+02 4.6339661e+01      
1.9974513e+02 4.8098722e+01      
1.9797989e+02 4.9744211e+01      
1.9685492e+02 5.1196360e+01      
1.8850539e+02 4.3753791e+01      
1.9008676e+02 3.9956058e+01      
1.9238862e+02 3.6108948e+01      
1.9520650e+02 3.2311420e+01      
1.9813091e+02 2.8689478e+01      
2.0067335e+02 2.5379665e+01      
2.0208127e+02 2.2478311e+01      
2.0300784e+02 2.0029756e+01      
2.0383239e+02 1.7991133e+01      
2.0482385e+02 1.6293219e+01      
2.0599776e+02 1.4900639e+01      
2.0715260e+02 1.3845811e+01      
2.0800396e+02 1.3243354e+01      
2.0830489e+02 1.3226420e+01      
2.0784089e+02 1.3885395e+01      
2.0640920e+02 1.5299282e+01      
2.0457751e+02 1.7091842e+01      
2.0281152e+02 1.8973267e+01      
2.0136520e+02 2.0776747e+01      
2.0036385e+02 2.2390834e+01      
1.9058826e+02 1.3772026e+01      
1.9187275e+02 9.7379272e+00      
1.9379972e+02 5.6505335e+00      
1.9625413e+02 1.5983377e+00      
1.9893263e+02 -2.2825791e+00      
2.0103168e+02 -5.7932727e+00      
2.0231534e+02 -8.8168357e+00      
2.0290459e+02 -1.1278950e+01      
2.0350047e+02 -1.3284749e+01      
2.0429162e+02 -1.4933449e+01      
2.0526117e+02 -1.6287591e+01      
2.0627072e+02 -1.7343731e+01      
2.0701058e+02 -1.7886066e+01      
2.0701413e+02 -1.7485575e+01      
2.0636068e+02 -1.6302153e+01      
2.0519369e+02 -1.4557598e+01      
2.0376059e+02 -1.2500211e+01      
2.0233450e+02 -1.0365196e+01      
2.0111323e+02 -8.3247735e+00      
2.0021510e+02 -6.4977697e+00      
1.8899378e+02 -1.6295255e+01      
1.8997633e+02 -2.0581620e+01      
1.9157939e+02 -2.4918830e+01      
1.9380886e+02 -2.9266232e+01      
1.9600937e+02 -3.3408850e+01      
1.9775760e+02 -3.7152221e+01      
1.9887147e+02 -4.0325506e+01      
1.9941617e+02 -4.2822975e+01      
1.9971185e+02 -4.4694345e+01      
2.0034040e+02 -4.6210572e+01      
2.0122621e+02 -4.7491182e+01      
2.0230712e+02 -4.8661318e+01      
2.0338488e+02 -4.9573590e+01      
2.0305752e+02 -4.8651705e+01      
2.0217540e+02 -4.6812943e+01      
2.0100106e+02 -4.4489971e+01      
1.9970417e+02 -4.1960601e+01      
1.9844422e+02 -3.9436725e+01      
1.9735273e+02 -3.7075968e+01      
1.9651861e+02 -3.4985278e+01      
1.8382052e+02 -4.5987754e+01      
1.8447237e+02 -5.0535878e+01      
1.8565095e+02 -5.5070982e+01      
1.8730262e+02 -5.9575756e+01      
1.8921420e+02 -6.4024408e+01      
1.9071398e+02 -6.8078256e+01      
1.9161612e+02 -7.1465976e+01      
1.9198097e+02 -7.3975995e+01      
1.9238045e+02 -7.5745358e+01      
1.9298444e+02 -7.6997065e+01      
1.9383389e+02 -7.8053635e+01      
1.9494956e+02 -7.9205481e+01      
1.9617218e+02 -8.0363233e+01      
1.9618116e+02 -7.9622679e+01      
1.9506653e+02 -7.7021290e+01      
1.9375889e+02 -7.3920101e+01      
1.9245146e+02 -7.0742987e+01      
1.9124445e+02 -6.7714098e+01      
1.9021212e+02 -6.4966222e+01      
1.8940778e+02 -6.2577181e+01      
1.7522027e+02 -7.4886134e+01      
1.7552533e+02 -7.9720850e+01      
1.7627903e+02 -8.4383295e+01      
1.7741043e+02 -8.8930435e+01      
1.7876527e+02 -9.3495529e+01      
1.8008012e+02 -9.7995564e+01      
1.8078503e+02 -1.0181387e+02      
1.8132379e+02 -1.0472022e+02      
1.8176861e+02 -1.0611982e+02      
1.8233675e+02 -1.0675426e+02      
1.8312759e+02 -1.0728542e+02      
1.8417832e+02 -1.0813860e+02      
1.8536082e+02 -1.0927737e+02      
1.8559317e+02 -1.0863164e+02      
1.8485797e+02 -1.0613452e+02      
1.8343443e+02 -1.0220252e+02      
1.8205793e+02 -9.8250796e+01      
1.8084638e+02 -9.4632075e+01      
1.7983636e+02 -9.1466857e+01      
1.7904452e+02 -8.8778106e+01      
1.6339105e+02 -1.0266223e+02      
1.6334813e+02 -1.0785550e+02      
1.6373322e+02 -1.1250260e+02      
1.6446808e+02 -1.1681567e+02      
1.6537933e+02 -1.2141790e+02      
1.6629074e+02 -1.2637462e+02      
1.6706564e+02 -1.3122064e+02      
1.6780766e+02 -1.3508154e+02      
1.6811232e+02 -1.3543840e+02      
1.6858205e+02 -1.3490195e+02      
1.6927678e+02 -1.3449179e+02      
1.7018355e+02 -1.3469115e+02      
1.7118260e+02 -1.3543834e+02      
1.7147638e+02 -1.3461988e+02      
1.7103318e+02 -1.3220892e+02      
1.7000196e+02 -1.2848490e+02      
1.6860693e+02 -1.2381249e+02      
1.6739017e+02 -1.1959221e+02      
1.6640145e+02 -1.1604339e+02      
1.6562685e+02 -1.1310853e+02      
1.4857233e+02 -1.2884101e+02      
1.4817737e+02 -1.3443345e+02      
1.4826218e+02 -1.3888771e+02      
1.4876312e+02 -1.4239262e+02      
1.4936242e+02 -1.4698787e+02      
1.4996404e+02 -1.5269786e+02      
1.5060126e+02 -1.5875457e+02      
1.5112171e+02 -1.6230686e+02      
1.5152169e+02 -1.6274605e+02      
1.5193385e+02 -1.6066113e+02      
1.5254885e+02 -1.5894872e+02      
1.5327961e+02 -1.5820099e+02      
1.5399510e+02 -1.5798677e+02      
1.5422351e+02 -1.5662802e+02      
1.5393892e+02 -1.5416400e+02      
1.5322285e+02 -1.5074143e+02      
1.5219923e+02 -1.4653906e+02      
1.5104984e+02 -1.4191538e+02      
1.5012723e+02 -1.3818354e+02      
1.4939695e+02 -1.3513467e+02      
1.3113541e+02 -1.5114194e+02      
1.3043011e+02 -1.5682463e+02      
1.3028634e+02 -1.6112899e+02      
1.3065816e+02 -1.6434621e+02      
1.3100547e+02 -1.6899532e+02      
1.3125165e+02 -1.7550670e+02      
1.3146148e+02 -1.8119349e+02      
1.3173580e+02 -1.8448319e+02      
1.3214411e+02 -1.8483551e+02      
1.3268942e+02 -1.8271605e+02      
1.3330618e+02 -1.7966561e+02      
1.3388540e+02 -1.7822570e+02      
1.3425550e+02 -1.7621529e+02      
1.3435970e+02 -1.7412693e+02      
1.3413993e+02 -1.7155883e+02      
1.3362492e+02 -1.6841144e+02      
1.3289273e+02 -1.6478585e+02      
1.3206447e+02 -1.6097525e+02      
1.3130027e+02 -1.5750856e+02      
1.3064833e+02 -1.5451304e+02      
1.1171069e+02 -1.6907513e+02      
1.1079583e+02 -1.7446830e+02      
1.1043125e+02 -1.7869618e+02      
1.1059976e+02 -1.8195697e+02      
1.1068120e+02 -1.8627588e+02      
1.1062228e+02 -1.9170988e+02      
1.1039726e+02 -1.9751585e+02      
1.1040006e+02 -2.0075286e+02      
1.1079630e+02 -2.0074546e+02      
1.1146053e+02 -1.9804252e+02      
1.1198547e+02 -1.9548492e+02      
1.1237670e+02 -1.9343331e+02      
1.1259801e+02 -1.9129495e+02      
1.1262300e+02 -1.8899334e+02      
1.1243357e+02 -1.8641467e+02      
1.1204482e+02 -1.8349191e+02      
1.1150681e+02 -1.8029582e+02      
1.1089428e+02 -1.7701203e+02      
1.1028437e+02 -1.7386961e+02      
1.0972356e+02 -1.7101032e+02      
9.0867945e+01 -1.8256994e+02      
8.9877158e+01 -1.8737752e+02      
8.9265051e+01 -1.9156848e+02      
8.8957712e+01 -1.9535736e+02      
8.8726587e+01 -1.9937452e+02      
8.8462757e+01 -2.0374076e+02      
8.8132005e+01 -2.0807412e+02      
8.7824166e+01 -2.1137449e+02      
8.8235142e+01 -2.1089985e+02      
8.8667902e+01 -2.0928122e+02      
8.9008329e+01 -2.0739980e+02      
8.9242794e+01 -2.0547499e+02      
8.9355547e+01 -2.0342619e+02      
8.9329112e+01 -2.0117882e+02      
8.9156437e+01 -1.9869365e+02      
8.8848604e+01 -1.9596755e+02      
8.8436225e+01 -1.9306059e+02      
8.7962917e+01 -1.9008898e+02      
8.7472859e+01 -1.8718784e+02      
8.6998132e+01 -1.8446636e+02      
6.8363617e+01 -1.9328433e+02      
6.7298463e+01 -1.9755422e+02      
6.6485536e+01 -2.0153482e+02      
6.5883181e+01 -2.0527704e+02      
6.5406528e+01 -2.0891976e+02      
6.4991386e+01 -2.1244838e+02      
6.4622350e+01 -2.1558833e+02      
6.4381240e+01 -2.1771383e+02      
6.4429077e+01 -2.1806898e+02      
6.4582909e+01 -2.1732596e+02      
6.4727053e+01 -2.1603240e+02      
6.4821489e+01 -2.1441482e+02      
6.4842281e+01 -2.1254327e+02      
6.4773665e+01 -2.1043070e+02      
6.4609567e+01 -2.0808671e+02      
6.4355860e+01 -2.0553892e+02      
6.4029960e+01 -2.0284466e+02      
6.3656736e+01 -2.0008800e+02      
6.3261822e+01 -1.9736338e+02      
6.2865205e+01 -1.9475621e+02      
