3.7107359e+01 2.3618083e+02      
3.6852318e+01 2.3564501e+02      
3.6937323e+01 2.3516602e+02      
3.7254706e+01 2.3475930e+02      
3.7686561e+01 2.3444015e+02      
3.8214594e+01 2.3424395e+02      
3.8876554e+01 2.3420572e+02      
3.9720731e+01 2.3434684e+02      
4.0803602e+01 2.3467920e+02      
4.2183929e+01 2.3521007e+02      
4.3915002e+01 2.3594582e+02      
4.6040038e+01 2.3689398e+02      
4.8588942e+01 2.3806187e+02      
5.1567426e+01 2.3944403e+02      
5.4925207e+01 2.4098510e+02      
5.8496995e+01 2.4249702e+02      
6.1922237e+01 2.4347704e+02      
6.4407480e+01 2.4239417e+02      
6.6705914e+01 2.4073079e+02      
6.9162847e+01 2.3893497e+02      
6.6070024e+01 2.2765584e+02      
6.6036893e+01 2.2717606e+02      
6.6423349e+01 2.2674100e+02      
6.7058924e+01 2.2635831e+02      
6.7557045e+01 2.2599310e+02      
6.8030428e+01 2.2573603e+02      
6.8573159e+01 2.2564208e+02      
6.9250156e+01 2.2573063e+02      
7.0145451e+01 2.2601067e+02      
7.1346873e+01 2.2648918e+02      
7.2931018e+01 2.2717756e+02      
7.4961833e+01 2.2809825e+02      
7.7498591e+01 2.2929355e+02      
8.0605732e+01 2.3083467e+02      
8.4283761e+01 2.3274489e+02      
8.8268413e+01 2.3474603e+02      
9.1560403e+01 2.3534150e+02      
9.3934767e+01 2.3418615e+02      
9.5538548e+01 2.3158203e+02      
9.7371853e+01 2.2895980e+02      
9.3548377e+01 2.1552707e+02      
9.3748447e+01 2.1507360e+02      
9.4504900e+01 2.1465801e+02      
9.5801528e+01 2.1433040e+02      
9.6327465e+01 2.1384695e+02      
9.6705800e+01 2.1349705e+02      
9.7057071e+01 2.1333135e+02      
9.7468631e+01 2.1335830e+02      
9.8071908e+01 2.1357569e+02      
9.8999028e+01 2.1398391e+02      
1.0034881e+02 2.1459309e+02      
1.0219675e+02 2.1543185e+02      
1.0461507e+02 2.1656284e+02      
1.0773287e+02 2.1813791e+02      
1.1170851e+02 2.2034804e+02      
1.1556909e+02 2.2196696e+02      
1.1871433e+02 2.2227573e+02      
1.2091588e+02 2.2102302e+02      
1.2232245e+02 2.1841006e+02      
1.2348573e+02 2.1509824e+02      
1.1905939e+02 2.0001309e+02      
1.1944638e+02 1.9954463e+02      
1.2040145e+02 1.9906355e+02      
1.2188179e+02 1.9859579e+02      
1.2347747e+02 1.9813898e+02      
1.2383967e+02 1.9769566e+02      
1.2397196e+02 1.9745823e+02      
1.2395083e+02 1.9742719e+02      
1.2412111e+02 1.9757905e+02      
1.2466203e+02 1.9790187e+02      
1.2568359e+02 1.9839573e+02      
1.2725541e+02 1.9908280e+02      
1.2941433e+02 2.0000987e+02      
1.3220844e+02 2.0124401e+02      
1.3565392e+02 2.0277607e+02      
1.3953159e+02 2.0426841e+02      
1.4258419e+02 2.0444244e+02      
1.4448719e+02 2.0303260e+02      
1.4547697e+02 2.0024693e+02      
1.4679013e+02 1.9728127e+02      
1.4217087e+02 1.8139443e+02      
1.4268831e+02 1.8087735e+02      
1.4378924e+02 1.8029342e+02      
1.4553744e+02 1.7966847e+02      
1.4775518e+02 1.7905012e+02      
1.4879681e+02 1.7855253e+02      
1.4888357e+02 1.7826798e+02      
1.4819704e+02 1.7819898e+02      
1.4784898e+02 1.7829240e+02      
1.4786482e+02 1.7852841e+02      
1.4847905e+02 1.7887647e+02      
1.4972198e+02 1.7935442e+02      
1.5154036e+02 1.7999178e+02      
1.5389038e+02 1.8078927e+02      
1.5670634e+02 1.8167181e+02      
1.5982526e+02 1.8241359e+02      
1.6281816e+02 1.8253841e+02      
1.6434412e+02 1.8098988e+02      
1.6567785e+02 1.7873918e+02      
1.6720157e+02 1.7617694e+02      
1.6250958e+02 1.6000554e+02      
1.6309497e+02 1.5941951e+02      
1.6427066e+02 1.5871816e+02      
1.6614372e+02 1.5791288e+02      
1.6857073e+02 1.5705809e+02      
1.6983131e+02 1.5645345e+02      
1.6993623e+02 1.5613970e+02      
1.6932020e+02 1.5605439e+02      
1.6867350e+02 1.5608739e+02      
1.6804364e+02 1.5624029e+02      
1.6830238e+02 1.5640282e+02      
1.6925327e+02 1.5663049e+02      
1.7073976e+02 1.5695930e+02      
1.7266579e+02 1.5737274e+02      
1.7492402e+02 1.5777707e+02      
1.7735180e+02 1.5797940e+02      
1.7964416e+02 1.5765960e+02      
1.8142603e+02 1.5647808e+02      
1.8301346e+02 1.5466115e+02      
1.8465557e+02 1.5242649e+02      
1.7976500e+02 1.3622257e+02      
1.8034260e+02 1.3555774e+02      
1.8147572e+02 1.3473887e+02      
1.8326936e+02 1.3376085e+02      
1.8556975e+02 1.3268297e+02      
1.8666346e+02 1.3199724e+02      
1.8651693e+02 1.3171051e+02      
1.8554919e+02 1.3167832e+02      
1.8490222e+02 1.3159207e+02      
1.8458621e+02 1.3149111e+02      
1.8481370e+02 1.3138678e+02      
1.8558420e+02 1.3132410e+02      
1.8680220e+02 1.3135068e+02      
1.8837382e+02 1.3146277e+02      
1.9019445e+02 1.3157546e+02      
1.9213124e+02 1.3151843e+02      
1.9402141e+02 1.3107149e+02      
1.9575641e+02 1.3007770e+02      
1.9738813e+02 1.2854510e+02      
1.9902382e+02 1.2655872e+02      
1.9369886e+02 1.1045239e+02      
1.9419381e+02 1.0970610e+02      
1.9516655e+02 1.0878587e+02      
1.9669423e+02 1.0768002e+02      
1.9860365e+02 1.0645829e+02      
1.9926410e+02 1.0578144e+02      
1.9871124e+02 1.0557836e+02      
1.9808299e+02 1.0536030e+02      
1.9767362e+02 1.0506183e+02      
1.9757834e+02 1.0468441e+02      
1.9786246e+02 1.0425360e+02      
1.9853937e+02 1.0384560e+02      
1.9956011e+02 1.0356827e+02      
2.0085370e+02 1.0346091e+02      
2.0233862e+02 1.0345490e+02      
2.0392595e+02 1.0337653e+02      
2.0553188e+02 1.0299904e+02      
2.0710170e+02 1.0216922e+02      
2.0863436e+02 1.0084848e+02      
2.1016465e+02 9.9064460e+01      
2.0414948e+02 8.3122673e+01      
2.0450564e+02 8.2291781e+01      
2.0523073e+02 8.1291577e+01      
2.0634630e+02 8.0131331e+01      
2.0766606e+02 7.8895928e+01      
2.0779149e+02 7.8322437e+01      
2.0752629e+02 7.7902646e+01      
2.0721162e+02 7.7472610e+01      
2.0702187e+02 7.6951168e+01      
2.0705745e+02 7.6287798e+01      
2.0738335e+02 7.5461744e+01      
2.0801429e+02 7.4580000e+01      
2.0889271e+02 7.3962007e+01      
2.0996921e+02 7.3705590e+01      
2.1118628e+02 7.3757910e+01      
2.1248556e+02 7.3917940e+01      
2.1384361e+02 7.3772628e+01      
2.1521956e+02 7.3147503e+01      
2.1658781e+02 7.2023162e+01      
2.1794925e+02 7.0421932e+01      
2.1102670e+02 5.4675216e+01      
2.1121950e+02 5.3744763e+01      
2.1166912e+02 5.2664012e+01      
2.1231770e+02 5.1500746e+01      
2.1293721e+02 5.0406979e+01      
2.1313547e+02 4.9617675e+01      
2.1306791e+02 4.9024955e+01      
2.1293482e+02 4.8455760e+01      
2.1287117e+02 4.7770401e+01      
2.1297056e+02 4.6860860e+01      
2.1330443e+02 4.5612594e+01      
2.1392085e+02 4.4019379e+01      
2.1467997e+02 4.3038931e+01      
2.1558122e+02 4.2691700e+01      
2.1658532e+02 4.2938091e+01      
2.1762024e+02 4.3680624e+01      
2.1876546e+02 4.3876881e+01      
2.1995109e+02 4.3474337e+01      
2.2112952e+02 4.2537462e+01      
2.2228540e+02 4.1109209e+01      
2.1429984e+02 2.5564720e+01      
2.1433555e+02 2.4501195e+01      
2.1454765e+02 2.3295098e+01      
2.1487182e+02 2.2039680e+01      
2.1518250e+02 2.0868369e+01      
2.1533855e+02 1.9945674e+01      
2.1530296e+02 1.9355339e+01      
2.1521860e+02 1.8795878e+01      
2.1519220e+02 1.8058519e+01      
2.1528753e+02 1.7019774e+01      
2.1555338e+02 1.5536178e+01      
2.1601922e+02 1.3626359e+01      
2.1663102e+02 1.2447764e+01      
2.1738587e+02 1.2062342e+01      
2.1825615e+02 1.2438420e+01      
2.1919302e+02 1.3451937e+01      
2.2020066e+02 1.3875041e+01      
2.2122144e+02 1.3645088e+01      
2.2220457e+02 1.2868509e+01      
2.2313176e+02 1.1603161e+01      
2.1398542e+02 -3.7390032e+00      
2.1388453e+02 -4.9828039e+00      
2.1391447e+02 -6.3850291e+00      
2.1403906e+02 -7.8482575e+00      
2.1420052e+02 -9.2353430e+00      
2.1431570e+02 -1.0321300e+01      
2.1416422e+02 -1.0592047e+01      
2.1404092e+02 -1.0975207e+01      
2.1399105e+02 -1.1641669e+01      
2.1403386e+02 -1.2659487e+01      
2.1418445e+02 -1.4145460e+01      
2.1445098e+02 -1.6062019e+01      
2.1490342e+02 -1.7244603e+01      
2.1553177e+02 -1.7623083e+01      
2.1631475e+02 -1.7226426e+01      
2.1722317e+02 -1.6180068e+01      
2.1814779e+02 -1.5706029e+01      
2.1904215e+02 -1.5862592e+01      
2.1983162e+02 -1.6521298e+01      
2.2050177e+02 -1.7628475e+01      
2.1014239e+02 -3.2750676e+01      
2.0992186e+02 -3.4225654e+01      
2.0980507e+02 -3.5899396e+01      
2.0978461e+02 -3.7663337e+01      
2.0983564e+02 -3.9313017e+01      
2.0978324e+02 -4.0140752e+01      
2.0957650e+02 -4.0124551e+01      
2.0941376e+02 -4.0298217e+01      
2.0931710e+02 -4.0814373e+01      
2.0928831e+02 -4.1685641e+01      
2.0932836e+02 -4.2961204e+01      
2.0943357e+02 -4.4592671e+01      
2.0975475e+02 -4.5595987e+01      
2.1027212e+02 -4.5926156e+01      
2.1096528e+02 -4.5615483e+01      
2.1181990e+02 -4.4766801e+01      
2.1266388e+02 -4.4414148e+01      
2.1348228e+02 -4.4611288e+01      
2.1408034e+02 -4.5192128e+01      
2.1444558e+02 -4.6126383e+01      
2.0287506e+02 -6.0973014e+01      
2.0253973e+02 -6.2726209e+01      
2.0228416e+02 -6.4730594e+01      
2.0212122e+02 -6.6810847e+01      
2.0198235e+02 -6.8266423e+01      
2.0181380e+02 -6.8876386e+01      
2.0160011e+02 -6.8661074e+01      
2.0141729e+02 -6.8651096e+01      
2.0127015e+02 -6.8992380e+01      
2.0116304e+02 -6.9662906e+01      
2.0111832e+02 -7.0598409e+01      
2.0117987e+02 -7.1603347e+01      
2.0141681e+02 -7.2292622e+01      
2.0183935e+02 -7.2531383e+01      
2.0241991e+02 -7.2364633e+01      
2.0310525e+02 -7.2002101e+01      
2.0381520e+02 -7.1865365e+01      
2.0449159e+02 -7.2120231e+01      
2.0490148e+02 -7.2642040e+01      
2.0503063e+02 -7.3432792e+01      
1.9233909e+02 -8.7902578e+01      
1.9188138e+02 -8.9959105e+01      
1.9147604e+02 -9.2274610e+01      
1.9114282e+02 -9.4178243e+01      
1.9085506e+02 -9.5472314e+01      
1.9060180e+02 -9.6004725e+01      
1.9039402e+02 -9.5744538e+01      
1.9020745e+02 -9.5570170e+01      
1.9000798e+02 -9.5745201e+01      
1.8980046e+02 -9.6262289e+01      
1.8963825e+02 -9.6977717e+01      
1.8960331e+02 -9.7661453e+01      
1.8975692e+02 -9.8095731e+01      
1.9010787e+02 -9.8191280e+01      
1.9060925e+02 -9.8021008e+01      
1.9117781e+02 -9.7793965e+01      
1.9174602e+02 -9.7748191e+01      
1.9225345e+02 -9.8013499e+01      
1.9248230e+02 -9.8467969e+01      
1.9241866e+02 -9.9130245e+01      
1.7874982e+02 -1.1302228e+02      
1.7816428e+02 -1.1532502e+02      
1.7764779e+02 -1.1742370e+02      
1.7718562e+02 -1.1915276e+02      
1.7677283e+02 -1.2038886e+02      
1.7642939e+02 -1.2100879e+02      
1.7618184e+02 -1.2098827e+02      
1.7601978e+02 -1.2057638e+02      
1.7576026e+02 -1.2062865e+02      
1.7540232e+02 -1.2112510e+02      
1.7503138e+02 -1.2185867e+02      
1.7483432e+02 -1.2245300e+02      
1.7489384e+02 -1.2271548e+02      
1.7521549e+02 -1.2259330e+02      
1.7572541e+02 -1.2219170e+02      
1.7624017e+02 -1.2184293e+02      
1.7667893e+02 -1.2173148e+02      
1.7700602e+02 -1.2192219e+02      
1.7706311e+02 -1.2228637e+02      
1.7684196e+02 -1.2283866e+02      
1.6240836e+02 -1.3574823e+02      
1.6180669e+02 -1.3774707e+02      
1.6123454e+02 -1.3959550e+02      
1.6067144e+02 -1.4121968e+02      
1.6012386e+02 -1.4252118e+02      
1.5967250e+02 -1.4328735e+02      
1.5935946e+02 -1.4344411e+02      
1.5918152e+02 -1.4309028e+02      
1.5883932e+02 -1.4316601e+02      
1.5828500e+02 -1.4377173e+02      
1.5755437e+02 -1.4482678e+02      
1.5714601e+02 -1.4546309e+02      
1.5710476e+02 -1.4560532e+02      
1.5743488e+02 -1.4521940e+02      
1.5809928e+02 -1.4431888e+02      
1.5860262e+02 -1.4372309e+02      
1.5891275e+02 -1.4346220e+02      
1.5903359e+02 -1.4348620e+02      
1.5892592e+02 -1.4374069e+02      
1.5858952e+02 -1.4422787e+02      
1.4379556e+02 -1.5521406e+02      
1.4323352e+02 -1.5687842e+02      
1.4265297e+02 -1.5849493e+02      
1.4202706e+02 -1.6003755e+02      
1.4131733e+02 -1.6152628e+02      
1.4075694e+02 -1.6244134e+02      
1.4032897e+02 -1.6283066e+02      
1.4003712e+02 -1.6276428e+02      
1.3961169e+02 -1.6293751e+02      
1.3892114e+02 -1.6358105e+02      
1.3796736e+02 -1.6467145e+02      
1.3739822e+02 -1.6528159e+02      
1.3725357e+02 -1.6533670e+02      
1.3753648e+02 -1.6481453e+02      
1.3821395e+02 -1.6374583e+02      
1.3864518e+02 -1.6301251e+02      
1.3881290e+02 -1.6263379e+02      
1.3875897e+02 -1.6253161e+02      
1.3848901e+02 -1.6266943e+02      
1.3800760e+02 -1.6304128e+02      
1.2298043e+02 -1.7201426e+02      
1.2246877e+02 -1.7341078e+02      
1.2191201e+02 -1.7480838e+02      
1.2130779e+02 -1.7615415e+02      
1.2067144e+02 -1.7737339e+02      
1.2007459e+02 -1.7829348e+02      
1.1950592e+02 -1.7893257e+02      
1.1889831e+02 -1.7945291e+02      
1.1845518e+02 -1.7964492e+02      
1.1774219e+02 -1.8019963e+02      
1.1675882e+02 -1.8109387e+02      
1.1613424e+02 -1.8156506e+02      
1.1588639e+02 -1.8155577e+02      
1.1601582e+02 -1.8105407e+02      
1.1650760e+02 -1.8009225e+02      
1.1674798e+02 -1.7938884e+02      
1.1673580e+02 -1.7896625e+02      
1.1650942e+02 -1.7877653e+02      
1.1607804e+02 -1.7879980e+02      
1.1544395e+02 -1.7903186e+02      
1.0027658e+02 -1.8601245e+02      
9.9812190e+01 -1.8721095e+02      
9.9292548e+01 -1.8841673e+02      
9.8728225e+01 -1.8956964e+02      
9.8136452e+01 -1.9060531e+02      
9.7538063e+01 -1.9146531e+02      
9.6932466e+01 -1.9215127e+02      
9.6320333e+01 -1.9269281e+02      
9.5731020e+01 -1.9308830e+02      
9.5054676e+01 -1.9353329e+02      
9.4321403e+01 -1.9401127e+02      
9.3742154e+01 -1.9427220e+02      
9.3395123e+01 -1.9421227e+02      
9.3276791e+01 -1.9382963e+02      
9.3301431e+01 -1.9322646e+02      
9.3246203e+01 -1.9266239e+02      
9.3024843e+01 -1.9224393e+02      
9.2623601e+01 -1.9198828e+02      
9.2036218e+01 -1.9189978e+02      
9.1257287e+01 -1.9198246e+02      
