2.2681807e+01 2.2097365e+02      
2.3115934e+01 2.1858624e+02      
2.3981591e+01 2.1635803e+02      
2.5213034e+01 2.1434472e+02      
2.6743737e+01 2.1259133e+02      
2.8510790e+01 2.1112371e+02      
3.0443270e+01 2.0994191e+02      
3.2435129e+01 2.0901445e+02      
3.4319842e+01 2.0827084e+02      
3.5881304e+01 2.0760277e+02      
3.6996412e+01 2.0695085e+02      
3.7796981e+01 2.0641303e+02      
3.8513038e+01 2.0613116e+02      
3.9330590e+01 2.0620402e+02      
4.0372363e+01 2.0669289e+02      
4.1707762e+01 2.0764452e+02      
4.3383068e+01 2.0912705e+02      
4.5329717e+01 2.1110772e+02      
4.6597212e+01 2.1250188e+02      
4.7278383e+01 2.1322888e+02      
5.3032883e+01 2.1096933e+02      
5.3870243e+01 2.0855740e+02      
5.5158249e+01 2.0629308e+02      
5.6811332e+01 2.0425013e+02      
5.8751002e+01 2.0249184e+02      
6.0928361e+01 2.0105572e+02      
6.3306920e+01 1.9994515e+02      
6.5797982e+01 1.9912452e+02      
6.8185868e+01 1.9850215e+02      
7.0026750e+01 1.9783921e+02      
7.0807116e+01 1.9680688e+02      
7.1047262e+01 1.9578787e+02      
7.1212621e+01 1.9506183e+02      
7.1562327e+01 1.9474699e+02      
7.2241417e+01 1.9490123e+02      
7.3315871e+01 1.9556750e+02      
7.4787744e+01 1.9682941e+02      
7.6466685e+01 1.9863822e+02      
7.7126685e+01 1.9985241e+02      
7.6980012e+01 2.0034940e+02      
8.2024525e+01 1.9755878e+02      
8.3320849e+01 1.9508835e+02      
8.5100768e+01 1.9274783e+02      
8.7232835e+01 1.9064148e+02      
8.9597062e+01 1.8886734e+02      
9.2174651e+01 1.8748178e+02      
9.5036382e+01 1.8649297e+02      
9.8195792e+01 1.8587731e+02      
1.0141285e+02 1.8554862e+02      
1.0396238e+02 1.8518502e+02      
1.0393335e+02 1.8344834e+02      
1.0322526e+02 1.8176115e+02      
1.0258460e+02 1.8049199e+02      
1.0232356e+02 1.7974370e+02      
1.0256299e+02 1.7952746e+02      
1.0336865e+02 1.7982478e+02      
1.0462362e+02 1.8067550e+02      
1.0569237e+02 1.8211579e+02      
1.0545133e+02 1.8326295e+02      
1.0458297e+02 1.8386473e+02      
1.0914564e+02 1.8098893e+02      
1.1096376e+02 1.7841234e+02      
1.1334803e+02 1.7592473e+02      
1.1606564e+02 1.7368269e+02      
1.1883521e+02 1.7186360e+02      
1.2167204e+02 1.7054703e+02      
1.2493123e+02 1.6971874e+02      
1.2887011e+02 1.6936043e+02      
1.3310968e+02 1.6933654e+02      
1.3547186e+02 1.6854611e+02      
1.3550409e+02 1.6678086e+02      
1.3359848e+02 1.6439551e+02      
1.3193327e+02 1.6254168e+02      
1.3096483e+02 1.6136530e+02      
1.3069040e+02 1.6081127e+02      
1.3119438e+02 1.6073620e+02      
1.3251481e+02 1.6102106e+02      
1.3250431e+02 1.6198455e+02      
1.3082534e+02 1.6326534e+02      
1.2956541e+02 1.6423685e+02      
1.3387765e+02 1.6157609e+02      
1.3626353e+02 1.5884064e+02      
1.3944787e+02 1.5608753e+02      
1.4307986e+02 1.5353664e+02      
1.4620462e+02 1.5162211e+02      
1.4881728e+02 1.5044358e+02      
1.5201849e+02 1.4976752e+02      
1.5654667e+02 1.4957768e+02      
1.6049067e+02 1.4909225e+02      
1.6270617e+02 1.4793111e+02      
1.6276467e+02 1.4603865e+02      
1.6096703e+02 1.4365547e+02      
1.5837540e+02 1.4130905e+02      
1.5688205e+02 1.3980804e+02      
1.5603772e+02 1.3906472e+02      
1.5582314e+02 1.3883494e+02      
1.5630274e+02 1.3887399e+02      
1.5546332e+02 1.3966331e+02      
1.5324361e+02 1.4099798e+02      
1.5168026e+02 1.4209281e+02      
1.5569603e+02 1.3970822e+02      
1.5858388e+02 1.3679381e+02      
1.6266537e+02 1.3366428e+02      
1.6791814e+02 1.3046062e+02      
1.7136633e+02 1.2838492e+02      
1.7290058e+02 1.2756948e+02      
1.7518034e+02 1.2690400e+02      
1.7834923e+02 1.2627738e+02      
1.8226541e+02 1.2548855e+02      
1.8452365e+02 1.2401341e+02      
1.8449795e+02 1.2188239e+02      
1.8257891e+02 1.1928900e+02      
1.8102550e+02 1.1692522e+02      
1.7982861e+02 1.1527208e+02      
1.7835511e+02 1.1458928e+02      
1.7698232e+02 1.1456742e+02      
1.7579021e+02 1.1496301e+02      
1.7422850e+02 1.1577748e+02      
1.7230596e+02 1.1685686e+02      
1.7067512e+02 1.1789094e+02      
1.7412504e+02 1.1582644e+02      
1.7725462e+02 1.1279445e+02      
1.8170382e+02 1.0938864e+02      
1.8742778e+02 1.0569954e+02      
1.9114855e+02 1.0343499e+02      
1.9285544e+02 1.0272160e+02      
1.9438456e+02 1.0192492e+02      
1.9580403e+02 1.0093501e+02      
1.9818634e+02 9.9632821e+01      
2.0065069e+02 9.7823916e+01      
2.0056270e+02 9.5396263e+01      
2.0023929e+02 9.2627531e+01      
2.0020393e+02 8.9966007e+01      
2.0002473e+02 8.8007698e+01      
1.9761520e+02 8.7689852e+01      
1.9498094e+02 8.8146156e+01      
1.9256397e+02 8.8952374e+01      
1.9031324e+02 8.9931653e+01      
1.8820189e+02 9.0983472e+01      
1.8639777e+02 9.1987515e+01      
1.8883618e+02 9.0379303e+01      
1.9186233e+02 8.7362102e+01      
1.9600444e+02 8.3962578e+01      
2.0123516e+02 8.0194650e+01      
2.0491281e+02 7.7746369e+01      
2.0696606e+02 7.6696586e+01      
2.0828258e+02 7.5561822e+01      
2.0886858e+02 7.4294510e+01      
2.1021158e+02 7.2621810e+01      
2.1182253e+02 7.0442733e+01      
2.1296185e+02 6.7680447e+01      
2.1423287e+02 6.4430908e+01      
2.1572792e+02 6.1165811e+01      
2.1555417e+02 5.9237182e+01      
2.1335471e+02 5.8932082e+01      
2.0956484e+02 6.0052827e+01      
2.0615186e+02 6.1370923e+01      
2.0330551e+02 6.2581855e+01      
2.0080490e+02 6.3730913e+01      
1.9869786e+02 6.4774705e+01      
1.9969630e+02 6.3779991e+01      
2.0236605e+02 6.0899218e+01      
2.0571466e+02 5.7813031e+01      
2.0943045e+02 5.4730592e+01      
2.1271388e+02 5.2186863e+01      
2.1548707e+02 5.0180341e+01      
2.1700433e+02 4.8504458e+01      
2.1753007e+02 4.6921255e+01      
2.1854300e+02 4.4959529e+01      
2.1991888e+02 4.2528263e+01      
2.2161541e+02 3.9475756e+01      
2.2402161e+02 3.5619095e+01      
2.2558051e+02 3.2299820e+01      
2.2546477e+02 3.0347383e+01      
2.2345281e+02 3.0059714e+01      
2.1990110e+02 3.1208099e+01      
2.1578781e+02 3.3036183e+01      
2.1272351e+02 3.4317430e+01      
2.0981762e+02 3.5589938e+01      
2.0739188e+02 3.6701937e+01      
2.0672171e+02 3.6406880e+01      
2.0896849e+02 3.3693159e+01      
2.1160667e+02 3.0878976e+01      
2.1440594e+02 2.8114680e+01      
2.1706190e+02 2.5574020e+01      
2.1933789e+02 2.3300328e+01      
2.2093974e+02 2.1240869e+01      
2.2202144e+02 1.9231268e+01      
2.2310605e+02 1.7037338e+01      
2.2437314e+02 1.4522354e+01      
2.2589803e+02 1.1578404e+01      
2.2774007e+02 8.1563740e+00      
2.2955726e+02 4.5312294e+00      
2.2961049e+02 2.4236806e+00      
2.2764467e+02 2.2542856e+00      
2.2406811e+02 3.6416133e+00      
2.2071349e+02 4.9036423e+00      
2.1790745e+02 5.8761446e+00      
2.1497603e+02 7.0770605e+00      
2.1234092e+02 8.2338828e+00      
2.0998907e+02 8.6421006e+00      
2.1185557e+02 6.0682856e+00      
2.1397092e+02 3.4207270e+00      
2.1617999e+02 7.9584051e-01      
2.1829879e+02 -1.7179438e+00      
2.2016094e+02 -4.0841227e+00      
2.2166708e+02 -6.3309539e+00      
2.2287679e+02 -8.5441411e+00      
2.2396219e+02 -1.0833986e+01      
2.2504903e+02 -1.3287462e+01      
2.2618561e+02 -1.5949715e+01      
2.2734180e+02 -1.8799951e+01      
2.2831247e+02 -2.1667239e+01      
2.2853926e+02 -2.4005050e+01      
2.2654826e+02 -2.3978274e+01      
2.2394615e+02 -2.3425778e+01      
2.2137105e+02 -2.2866064e+01      
2.1895830e+02 -2.2320664e+01      
2.1628829e+02 -2.1390393e+01      
2.1349782e+02 -2.0173762e+01      
2.0958772e+02 -1.9106858e+01      
2.1113758e+02 -2.1574424e+01      
2.1285680e+02 -2.4114539e+01      
2.1463491e+02 -2.6656771e+01      
2.1634992e+02 -2.9140571e+01      
2.1789612e+02 -3.1533906e+01      
2.1921558e+02 -3.3842023e+01      
2.2031986e+02 -3.6102100e+01      
2.2126762e+02 -3.8364701e+01      
2.2211095e+02 -4.0669092e+01      
2.2285842e+02 -4.3020263e+01      
2.2345033e+02 -4.5361777e+01      
2.2372809e+02 -4.7538328e+01      
2.2336731e+02 -4.9186310e+01      
2.2200859e+02 -4.9841550e+01      
2.2014554e+02 -5.0020162e+01      
2.1820085e+02 -5.0107609e+01      
2.1597937e+02 -4.9788090e+01      
2.1349448e+02 -4.9064129e+01      
2.1083913e+02 -4.8014676e+01      
2.0562092e+02 -4.6414961e+01      
2.0691099e+02 -4.8802809e+01      
2.0832017e+02 -5.1268355e+01      
2.0976584e+02 -5.3751801e+01      
2.1116063e+02 -5.6199806e+01      
2.1242948e+02 -5.8576403e+01      
2.1352583e+02 -6.0869002e+01      
2.1443754e+02 -6.3085333e+01      
2.1517529e+02 -6.5242311e+01      
2.1574989e+02 -6.7351933e+01      
2.1615013e+02 -6.9404782e+01      
2.1632326e+02 -7.1348556e+01      
2.1616464e+02 -7.3071090e+01      
2.1553669e+02 -7.4410685e+01      
2.1438894e+02 -7.5287395e+01      
2.1287184e+02 -7.5826390e+01      
2.1114595e+02 -7.6131449e+01      
2.0905274e+02 -7.5934866e+01      
2.0670046e+02 -7.5357594e+01      
2.0417232e+02 -7.4470155e+01      
1.9821854e+02 -7.2854294e+01      
1.9929502e+02 -7.5182390e+01      
2.0045630e+02 -7.7595663e+01      
2.0163687e+02 -8.0036355e+01      
2.0276720e+02 -8.2446898e+01      
2.0378644e+02 -8.4781247e+01      
2.0465228e+02 -8.7012370e+01      
2.0534211e+02 -8.9130666e+01      
2.0584387e+02 -9.1133541e+01      
2.0614838e+02 -9.3020451e+01      
2.0624560e+02 -9.4791620e+01      
2.0610307e+02 -9.6418397e+01      
2.0566378e+02 -9.7837353e+01      
2.0487496e+02 -9.8982661e+01      
2.0374430e+02 -9.9856491e+01      
2.0234521e+02 -1.0052248e+02      
2.0050517e+02 -1.0055722e+02      
1.9844143e+02 -1.0033592e+02      
1.9618610e+02 -9.9857648e+01      
1.9379773e+02 -9.9160474e+01      
1.8754555e+02 -9.8005312e+01      
1.8844492e+02 -1.0028857e+02      
1.8940667e+02 -1.0266999e+02      
1.9037523e+02 -1.0508910e+02      
1.9128572e+02 -1.0747137e+02      
1.9208175e+02 -1.0975333e+02      
1.9272417e+02 -1.1189536e+02      
1.9319103e+02 -1.1388268e+02      
1.9346013e+02 -1.1570411e+02      
1.9349299e+02 -1.1732875e+02      
1.9331829e+02 -1.1881892e+02      
1.9292381e+02 -1.2017131e+02      
1.9227330e+02 -1.2134169e+02      
1.9134014e+02 -1.2229041e+02      
1.9012396e+02 -1.2300156e+02      
1.8862868e+02 -1.2343915e+02      
1.8683066e+02 -1.2350277e+02      
1.8480926e+02 -1.2329470e+02      
1.8262448e+02 -1.2287724e+02      
1.8033421e+02 -1.2230353e+02      
1.7380527e+02 -1.2146489e+02      
1.7455424e+02 -1.2371046e+02      
1.7535657e+02 -1.2608134e+02      
1.7616728e+02 -1.2852224e+02      
1.7690065e+02 -1.3090292e+02      
1.7749990e+02 -1.3313611e+02      
1.7792984e+02 -1.3516956e+02      
1.7817344e+02 -1.3698431e+02      
1.7823253e+02 -1.3860736e+02      
1.7797069e+02 -1.3989088e+02      
1.7755515e+02 -1.4110327e+02      
1.7695479e+02 -1.4220883e+02      
1.7613328e+02 -1.4315567e+02      
1.7507036e+02 -1.4390711e+02      
1.7375953e+02 -1.4443649e+02      
1.7220245e+02 -1.4471739e+02      
1.7041162e+02 -1.4473515e+02      
1.6842411e+02 -1.4451942e+02      
1.6628768e+02 -1.4411879e+02      
1.6405385e+02 -1.4358853e+02      
1.5724059e+02 -1.4285499e+02      
1.5785240e+02 -1.4505251e+02      
1.5851465e+02 -1.4740610e+02      
1.5922247e+02 -1.4992649e+02      
1.5981470e+02 -1.5233955e+02      
1.6024291e+02 -1.5454048e+02      
1.6047506e+02 -1.5645909e+02      
1.6047628e+02 -1.5803103e+02      
1.6020576e+02 -1.5921304e+02      
1.5976789e+02 -1.6027865e+02      
1.5917686e+02 -1.6127110e+02      
1.5841405e+02 -1.6216086e+02      
1.5745501e+02 -1.6290576e+02      
1.5628442e+02 -1.6347256e+02      
1.5489694e+02 -1.6383739e+02      
1.5329659e+02 -1.6398528e+02      
1.5149805e+02 -1.6391539e+02      
1.4952826e+02 -1.6364718e+02      
1.4742308e+02 -1.6321627e+02      
1.4522322e+02 -1.6266871e+02      
1.3813600e+02 -1.6183631e+02      
1.3861174e+02 -1.6395720e+02      
1.3911012e+02 -1.6621184e+02      
1.3961328e+02 -1.6858864e+02      
1.4007207e+02 -1.7102628e+02      
1.4035061e+02 -1.7321319e+02      
1.4041358e+02 -1.7504071e+02      
1.4022716e+02 -1.7642157e+02      
1.3977097e+02 -1.7733508e+02      
1.3918333e+02 -1.7819073e+02      
1.3845686e+02 -1.7899495e+02      
1.3756893e+02 -1.7969817e+02      
1.3650282e+02 -1.8026238e+02      
1.3524820e+02 -1.8065912e+02      
1.3380218e+02 -1.8086947e+02      
1.3216976e+02 -1.8088457e+02      
1.3036420e+02 -1.8070744e+02      
1.2840678e+02 -1.8035444e+02      
1.2632514e+02 -1.7985388e+02      
1.2415071e+02 -1.7924320e+02      
1.1681788e+02 -1.7812143e+02      
1.1715958e+02 -1.8014114e+02      
1.1749442e+02 -1.8225730e+02      
1.1780238e+02 -1.8444571e+02      
1.1805052e+02 -1.8666623e+02      
1.1818682e+02 -1.8883224e+02      
1.1811003e+02 -1.9060676e+02      
1.1779373e+02 -1.9187627e+02      
1.1723471e+02 -1.9264014e+02      
1.1654137e+02 -1.9334417e+02      
1.1571203e+02 -1.9399427e+02      
1.1473007e+02 -1.9453787e+02      
1.1358421e+02 -1.9494084e+02      
1.1226827e+02 -1.9518014e+02      
1.1078164e+02 -1.9524189e+02      
1.0912975e+02 -1.9512129e+02      
1.0732412e+02 -1.9482314e+02      
1.0538196e+02 -1.9436214e+02      
1.0332494e+02 -1.9376203e+02      
1.0117741e+02 -1.9305386e+02      
9.3648124e+01 -1.9147692e+02      
9.3862908e+01 -1.9338356e+02      
9.4048211e+01 -1.9535087e+02      
9.4184911e+01 -1.9734596e+02      
9.4246678e+01 -1.9932697e+02      
9.4198646e+01 -2.0123363e+02      
9.3996422e+01 -2.0295793e+02      
9.3581948e+01 -2.0416415e+02      
9.2960208e+01 -2.0487956e+02      
9.2195897e+01 -2.0550376e+02      
9.1292873e+01 -2.0603889e+02      
9.0243617e+01 -2.0644734e+02      
8.9042413e+01 -2.0670542e+02      
8.7686610e+01 -2.0679735e+02      
8.6177464e+01 -2.0671447e+02      
8.4520601e+01 -2.0645534e+02      
8.2726067e+01 -2.0602606e+02      
8.0807927e+01 -2.0544034e+02      
7.8783372e+01 -2.0471884e+02      
7.6671412e+01 -2.0388799e+02      
