3.3504963e+01 2.2626465e+02      
3.4376469e+01 2.2493211e+02      
3.5536523e+01 2.2381663e+02      
3.6358236e+01 2.2287791e+02      
3.5125854e+01 2.2153919e+02      
3.3572976e+01 2.2046964e+02      
3.2291281e+01 2.1978336e+02      
3.1399551e+01 2.1946361e+02      
3.0676251e+01 2.1942314e+02      
2.9536380e+01 2.1940394e+02      
2.7286432e+01 2.1902559e+02      
2.4649242e+01 2.1868020e+02      
2.2243691e+01 2.1863813e+02      
2.0381883e+01 2.1899508e+02      
1.9204927e+01 2.1978330e+02      
1.8755806e+01 2.2099908e+02      
1.9040234e+01 2.2261469e+02      
2.0057905e+01 2.2458281e+02      
2.1809712e+01 2.2683850e+02      
2.4295688e+01 2.2930154e+02      
6.3695077e+01 2.1628604e+02      
6.5513513e+01 2.1489743e+02      
6.7789573e+01 2.1375130e+02      
6.8665853e+01 2.1253855e+02      
6.7809141e+01 2.1122097e+02      
6.5673999e+01 2.0997235e+02      
6.4167935e+01 2.0920843e+02      
6.3623452e+01 2.0893742e+02      
6.3663692e+01 2.0908830e+02      
6.3240610e+01 2.0933702e+02      
5.9711131e+01 2.0816727e+02      
5.5713620e+01 2.0710228e+02      
5.2215557e+01 2.0648221e+02      
4.9569880e+01 2.0637982e+02      
4.7826583e+01 2.0679715e+02      
4.6926108e+01 2.0771313e+02      
4.6808679e+01 2.0909037e+02      
4.7447182e+01 2.1087381e+02      
4.8834078e+01 2.1298922e+02      
5.0964914e+01 2.1534420e+02      
9.1918992e+01 2.0273065e+02      
9.4635828e+01 2.0116088e+02      
9.6944023e+01 1.9962405e+02      
9.7910277e+01 1.9813658e+02      
9.7300075e+01 1.9676504e+02      
9.5575922e+01 1.9561259e+02      
9.3926564e+01 1.9483404e+02      
9.4120753e+01 1.9464412e+02      
9.5320337e+01 1.9496648e+02      
9.4433970e+01 1.9469142e+02      
9.0869518e+01 1.9352627e+02      
8.5256464e+01 1.9175931e+02      
8.0471070e+01 1.9054286e+02      
7.7057902e+01 1.8998347e+02      
7.4854893e+01 1.9004538e+02      
7.3581078e+01 1.9068385e+02      
7.3087118e+01 1.9185561e+02      
7.3340803e+01 1.9350044e+02      
7.4344850e+01 1.9553492e+02      
7.6093319e+01 1.9785212e+02      
1.1725816e+02 1.8584178e+02      
1.1950467e+02 1.8391450e+02      
1.2215221e+02 1.8197994e+02      
1.2330774e+02 1.8018904e+02      
1.2265813e+02 1.7869892e+02      
1.2079147e+02 1.7754345e+02      
1.2002547e+02 1.7675731e+02      
1.2134271e+02 1.7653312e+02      
1.2216474e+02 1.7623948e+02      
1.2097907e+02 1.7551883e+02      
1.1734082e+02 1.7425996e+02      
1.1180746e+02 1.7259125e+02      
1.0591072e+02 1.7091030e+02      
1.0212641e+02 1.6997128e+02      
9.9800562e+01 1.6971737e+02      
9.8318068e+01 1.7010809e+02      
9.7469468e+01 1.7111520e+02      
9.7324855e+01 1.7267857e+02      
9.7938474e+01 1.7470729e+02      
9.9288976e+01 1.7707765e+02      
1.3979850e+02 1.6601042e+02      
1.4156324e+02 1.6374581e+02      
1.4349780e+02 1.6147043e+02      
1.4486735e+02 1.5930210e+02      
1.4393216e+02 1.5766173e+02      
1.4258304e+02 1.5630257e+02      
1.4178040e+02 1.5524627e+02      
1.4204806e+02 1.5445922e+02      
1.4303033e+02 1.5369804e+02      
1.4182397e+02 1.5259228e+02      
1.3792636e+02 1.5114540e+02      
1.3207511e+02 1.4938933e+02      
1.2729849e+02 1.4777171e+02      
1.2419276e+02 1.4661516e+02      
1.2240346e+02 1.4606487e+02      
1.2092981e+02 1.4622443e+02      
1.1959270e+02 1.4711325e+02      
1.1900131e+02 1.4865981e+02      
1.1925217e+02 1.5077435e+02      
1.2021065e+02 1.5331717e+02      
1.5957333e+02 1.4363773e+02      
1.6112561e+02 1.4100596e+02      
1.6264536e+02 1.3836481e+02      
1.6343102e+02 1.3592953e+02      
1.6286866e+02 1.3391291e+02      
1.6150823e+02 1.3228583e+02      
1.6002674e+02 1.3095270e+02      
1.5892554e+02 1.2975318e+02      
1.5821382e+02 1.2848814e+02      
1.5707875e+02 1.2698135e+02      
1.5281758e+02 1.2532877e+02      
1.4836175e+02 1.2351308e+02      
1.4482105e+02 1.2178041e+02      
1.4278829e+02 1.2034917e+02      
1.4239386e+02 1.1940924e+02      
1.4112421e+02 1.1931318e+02      
1.3888270e+02 1.2013701e+02      
1.3794385e+02 1.2171581e+02      
1.3799533e+02 1.2402218e+02      
1.3860264e+02 1.2690292e+02      
1.7639644e+02 1.1915591e+02      
1.7812558e+02 1.1606223e+02      
1.7989636e+02 1.1288446e+02      
1.8064844e+02 1.1001579e+02      
1.7996445e+02 1.0766922e+02      
1.7799814e+02 1.0586860e+02      
1.7528164e+02 1.0445456e+02      
1.7272380e+02 1.0305466e+02      
1.7047014e+02 1.0147282e+02      
1.6800981e+02 9.9661340e+01      
1.6466224e+02 9.7673200e+01      
1.6126302e+02 9.5584829e+01      
1.5856419e+02 9.3550982e+01      
1.5710856e+02 9.1736237e+01      
1.5709156e+02 9.0297517e+01      
1.5615662e+02 8.9858811e+01      
1.5429667e+02 9.0556941e+01      
1.5377432e+02 9.2082320e+01      
1.5406890e+02 9.4718697e+01      
1.5438601e+02 9.8186930e+01      
1.8989060e+02 9.3084008e+01      
1.9205576e+02 8.9438106e+01      
1.9494227e+02 8.5425120e+01      
1.9594579e+02 8.1998240e+01      
1.9494584e+02 7.9346520e+01      
1.9202097e+02 7.7507381e+01      
1.8737339e+02 7.6358753e+01      
1.8342017e+02 7.4924919e+01      
1.8007030e+02 7.3109357e+01      
1.7692552e+02 7.0973922e+01      
1.7379734e+02 6.8598478e+01      
1.7089599e+02 6.6093073e+01      
1.6858237e+02 6.3609837e+01      
1.6712897e+02 6.1349609e+01      
1.6645482e+02 5.9564233e+01      
1.6590245e+02 5.8617979e+01      
1.6548921e+02 5.8872326e+01      
1.6612706e+02 6.0103010e+01      
1.6727224e+02 6.3369916e+01      
1.6738892e+02 6.7692929e+01      
1.9958772e+02 6.6026902e+01      
2.0185511e+02 6.1914605e+01      
2.0494591e+02 5.7212115e+01      
2.0592154e+02 5.3299577e+01      
2.0458529e+02 5.0378225e+01      
2.0099997e+02 4.8488261e+01      
1.9543381e+02 4.7496143e+01      
1.9063659e+02 4.5991284e+01      
1.8664169e+02 4.3914324e+01      
1.8313053e+02 4.1409107e+01      
1.7997465e+02 3.8578091e+01      
1.7722825e+02 3.5542461e+01      
1.7504304e+02 3.2452125e+01      
1.7353422e+02 2.9533374e+01      
1.7267525e+02 2.7248630e+01      
1.7245899e+02 2.5612788e+01      
1.7261442e+02 2.5917739e+01      
1.7352046e+02 2.8010167e+01      
1.7501448e+02 3.1971459e+01      
1.7514785e+02 3.7074390e+01      
2.0520476e+02 3.8594852e+01      
2.0711777e+02 3.4246067e+01      
2.0975670e+02 2.9144796e+01      
2.1035488e+02 2.4937360e+01      
2.0870714e+02 2.1786826e+01      
2.0487233e+02 1.9726856e+01      
1.9913161e+02 1.8652314e+01      
1.9407568e+02 1.6889311e+01      
1.8981337e+02 1.4445010e+01      
1.8612342e+02 1.1518298e+01      
1.8291766e+02 8.1654146e+00      
1.8019857e+02 4.4676071e+00      
1.7802431e+02 7.3821190e-01      
1.7649374e+02 -3.0927169e+00      
1.7546617e+02 -5.5449875e+00      
1.7502663e+02 -6.5705547e+00      
1.7517178e+02 -5.7417577e+00      
1.7601813e+02 -2.8725330e+00      
1.7746070e+02 1.8575246e+00      
1.7777759e+02 7.5161051e+00      
2.0673355e+02 1.1320066e+01      
2.0788963e+02 7.0864242e+00      
2.0952999e+02 2.0917711e+00      
2.0946543e+02 -2.1071342e+00      
2.0755239e+02 -5.4364417e+00      
2.0383726e+02 -7.8805718e+00      
1.9853374e+02 -9.4838661e+00      
1.9368916e+02 -1.1825555e+01      
1.8943804e+02 -1.4796133e+01      
1.8570991e+02 -1.8146438e+01      
1.8249225e+02 -2.1904213e+01      
1.7978465e+02 -2.6336070e+01      
1.7753090e+02 -3.0213061e+01      
1.7574109e+02 -3.3715464e+01      
1.7446421e+02 -3.6028427e+01      
1.7377521e+02 -3.6703598e+01      
1.7372150e+02 -3.5432790e+01      
1.7429277e+02 -3.1878559e+01      
1.7519650e+02 -2.6023461e+01      
1.7575095e+02 -2.0083236e+01      
2.0440944e+02 -1.5417755e+01      
2.0456563e+02 -1.9198304e+01      
2.0459900e+02 -2.3303717e+01      
2.0371515e+02 -2.7181552e+01      
2.0159778e+02 -3.0622725e+01      
1.9826332e+02 -3.3641650e+01      
1.9403819e+02 -3.6484677e+01      
1.8967882e+02 -3.9744075e+01      
1.8555604e+02 -4.3471406e+01      
1.8185751e+02 -4.7203890e+01      
1.7866921e+02 -5.0832885e+01      
1.7600625e+02 -5.4338011e+01      
1.7377899e+02 -5.7600870e+01      
1.7178912e+02 -6.1178129e+01      
1.7024802e+02 -6.3542120e+01      
1.6929857e+02 -6.4196144e+01      
1.6900105e+02 -6.2829578e+01      
1.6937522e+02 -5.9035681e+01      
1.7025025e+02 -5.2840700e+01      
1.7103538e+02 -4.6870330e+01      
1.9861237e+02 -4.1374045e+01      
1.9796557e+02 -4.4724698e+01      
1.9705350e+02 -4.8299595e+01      
1.9555013e+02 -5.1886999e+01      
1.9325391e+02 -5.5368415e+01      
1.9016220e+02 -5.8782548e+01      
1.8646010e+02 -6.2343920e+01      
1.8243680e+02 -6.6428111e+01      
1.7835773e+02 -7.1220791e+01      
1.7468847e+02 -7.5275633e+01      
1.7156567e+02 -7.8602045e+01      
1.6904716e+02 -8.1177263e+01      
1.6710204e+02 -8.2961926e+01      
1.6525672e+02 -8.5310956e+01      
1.6348502e+02 -8.7798278e+01      
1.6228833e+02 -8.8638698e+01      
1.6167344e+02 -8.7652821e+01      
1.6186029e+02 -8.4153869e+01      
1.6282468e+02 -7.8163107e+01      
1.6374813e+02 -7.2401235e+01      
1.8967417e+02 -6.6284077e+01      
1.8847970e+02 -6.9303047e+01      
1.8701791e+02 -7.2544252e+01      
1.8512237e+02 -7.5905633e+01      
1.8268414e+02 -7.9336634e+01      
1.7969409e+02 -8.2882122e+01      
1.7623312e+02 -8.6705331e+01      
1.7240803e+02 -9.1105555e+01      
1.6836995e+02 -9.6182298e+01      
1.6477775e+02 -1.0024979e+02      
1.6176854e+02 -1.0327319e+02      
1.5942608e+02 -1.0523746e+02      
1.5776758e+02 -1.0613479e+02      
1.5614981e+02 -1.0748690e+02      
1.5461914e+02 -1.0895649e+02      
1.5334880e+02 -1.0980989e+02      
1.5228209e+02 -1.0978703e+02      
1.5212043e+02 -1.0700702e+02      
1.5302483e+02 -1.0156788e+02      
1.5392704e+02 -9.6209201e+01      
1.7784479e+02 -8.9822089e+01      
1.7628014e+02 -9.2563298e+01      
1.7447237e+02 -9.5532726e+01      
1.7233038e+02 -9.8672581e+01      
1.6979616e+02 -1.0195767e+02      
1.6686381e+02 -1.0541775e+02      
1.6357219e+02 -1.0915039e+02      
1.5996156e+02 -1.1333724e+02      
1.5610583e+02 -1.1801892e+02      
1.5269303e+02 -1.2174378e+02      
1.4982200e+02 -1.2447013e+02      
1.4757827e+02 -1.2617676e+02      
1.4602458e+02 -1.2684801e+02      
1.4451646e+02 -1.2776636e+02      
1.4313259e+02 -1.2873314e+02      
1.4199782e+02 -1.2942918e+02      
1.4115643e+02 -1.2950540e+02      
1.4044733e+02 -1.2752028e+02      
1.4101811e+02 -1.2283959e+02      
1.4169395e+02 -1.1800673e+02      
1.6335231e+02 -1.1164748e+02      
1.6153923e+02 -1.1413495e+02      
1.5951070e+02 -1.1684810e+02      
1.5721752e+02 -1.1974588e+02      
1.5463210e+02 -1.2280541e+02      
1.5175846e+02 -1.2602931e+02      
1.4863206e+02 -1.2944131e+02      
1.4531612e+02 -1.3305224e+02      
1.4195458e+02 -1.3668570e+02      
1.3883516e+02 -1.3982651e+02      
1.3611114e+02 -1.4226576e+02      
1.3385230e+02 -1.4397223e+02      
1.3203277e+02 -1.4507954e+02      
1.3046473e+02 -1.4599616e+02      
1.2912583e+02 -1.4679590e+02      
1.2809061e+02 -1.4739261e+02      
1.2741153e+02 -1.4750772e+02      
1.2692352e+02 -1.4574056e+02      
1.2686422e+02 -1.4194443e+02      
1.2715567e+02 -1.3762092e+02      
1.4643836e+02 -1.3143649e+02      
1.4446306e+02 -1.3368007e+02      
1.4229769e+02 -1.3613713e+02      
1.3991889e+02 -1.3877136e+02      
1.3731896e+02 -1.4155391e+02      
1.3451253e+02 -1.4446294e+02      
1.3154028e+02 -1.4747235e+02      
1.2847431e+02 -1.5052036e+02      
1.2543032e+02 -1.5345896e+02      
1.2255284e+02 -1.5607508e+02      
1.1995480e+02 -1.5822288e+02      
1.1769348e+02 -1.5986914e+02      
1.1576624e+02 -1.6108974e+02      
1.1413248e+02 -1.6202337e+02      
1.1278233e+02 -1.6275178e+02      
1.1175379e+02 -1.6329876e+02      
1.1108037e+02 -1.6347887e+02      
1.1061865e+02 -1.6201680e+02      
1.1039921e+02 -1.5896361e+02      
1.1040603e+02 -1.5488112e+02      
1.2737092e+02 -1.4889703e+02      
1.2529614e+02 -1.5090169e+02      
1.2305301e+02 -1.5310090e+02      
1.2063497e+02 -1.5545880e+02      
1.1804750e+02 -1.5794064e+02      
1.1531260e+02 -1.6051004e+02      
1.1247211e+02 -1.6312062e+02      
1.0958981e+02 -1.6570184e+02      
1.0675040e+02 -1.6814966e+02      
1.0404684e+02 -1.7034545e+02      
1.0155781e+02 -1.7220029e+02      
9.9332307e+01 -1.7368379e+02      
9.7387733e+01 -1.7482480e+02      
9.5723162e+01 -1.7568557e+02      
9.4342245e+01 -1.7632278e+02      
9.3264627e+01 -1.7677965e+02      
9.2501462e+01 -1.7693011e+02      
9.1982068e+01 -1.7559943e+02      
9.1694517e+01 -1.7290603e+02      
9.1618752e+01 -1.6939063e+02      
1.0644707e+02 -1.6377573e+02      
1.0431947e+02 -1.6554625e+02      
1.0204148e+02 -1.6748883e+02      
9.9617736e+01 -1.6956748e+02      
9.7062117e+01 -1.7174429e+02      
9.4400643e+01 -1.7397719e+02      
9.1673234e+01 -1.7621563e+02      
8.8933683e+01 -1.7839599e+02      
8.6246411e+01 -1.8044200e+02      
8.3678430e+01 -1.8227623e+02      
8.1288464e+01 -1.8383913e+02      
7.9118736e+01 -1.8510344e+02      
7.7193227e+01 -1.8607650e+02      
7.5522494e+01 -1.8679188e+02      
7.4111333e+01 -1.8729582e+02      
7.2972007e+01 -1.8758147e+02      
7.2121688e+01 -1.8743121e+02      
7.1543133e+01 -1.8598811e+02      
7.1208589e+01 -1.8329657e+02      
7.1070095e+01 -1.8023539e+02      
8.3991471e+01 -1.7586178e+02      
8.1846287e+01 -1.7740457e+02      
7.9565394e+01 -1.7909572e+02      
7.7160878e+01 -1.8089977e+02      
7.4651823e+01 -1.8277836e+02      
7.2066020e+01 -1.8468897e+02      
6.9440651e+01 -1.8658327e+02      
6.6821478e+01 -1.8840636e+02      
6.4259931e+01 -1.9009909e+02      
6.1808050e+01 -1.9160479e+02      
5.9512484e+01 -1.9287862e+02      
5.7409794e+01 -1.9389479e+02      
5.5524659e+01 -1.9464892e+02      
5.3870435e+01 -1.9515777e+02      
5.2447210e+01 -1.9547505e+02      
5.1252750e+01 -1.9561228e+02      
5.0409481e+01 -1.9468555e+02      
4.9792728e+01 -1.9311593e+02      
4.9392591e+01 -1.9087561e+02      
4.9191644e+01 -1.8825976e+02      
