1.6984971e+01 2.4511218e+02      
1.6018849e+01 2.4276985e+02      
1.5612699e+01 2.4049512e+02      
1.5704197e+01 2.3835266e+02      
1.6209110e+01 2.3640580e+02      
1.7025056e+01 2.3471839e+02      
1.8029551e+01 2.3335995e+02      
1.9055332e+01 2.3240779e+02      
1.9780762e+01 2.3193138e+02      
1.9812602e+01 2.3195773e+02      
1.9651298e+01 2.3244212e+02      
1.9702070e+01 2.3330119e+02      
2.0169027e+01 2.3444922e+02      
2.1155863e+01 2.3581368e+02      
2.2707145e+01 2.3733253e+02      
2.4837722e+01 2.3894793e+02      
2.7548293e+01 2.4060228e+02      
3.0831969e+01 2.4223666e+02      
3.4676776e+01 2.4379084e+02      
3.9066506e+01 2.4520386e+02      
4.4471865e+01 2.3467547e+02      
4.3840135e+01 2.3214021e+02      
4.3827153e+01 2.2965077e+02      
4.4362940e+01 2.2727680e+02      
4.5347373e+01 2.2508364e+02      
4.6664233e+01 2.2313398e+02      
4.8201614e+01 2.2150387e+02      
4.9798826e+01 2.2030722e+02      
5.1000730e+01 2.1968848e+02      
5.0209377e+01 2.1971105e+02      
4.9189541e+01 2.2028487e+02      
4.8534220e+01 2.2124684e+02      
4.8463050e+01 2.2247422e+02      
4.9035531e+01 2.2388904e+02      
5.0251469e+01 2.2543375e+02      
5.2095129e+01 2.2705410e+02      
5.4548916e+01 2.2869344e+02      
5.7594867e+01 2.3029198e+02      
6.1214070e+01 2.3178729e+02      
6.5385936e+01 2.3311529e+02      
7.0596515e+01 2.2055786e+02      
7.0346563e+01 2.1779865e+02      
7.0796744e+01 2.1506373e+02      
7.1870544e+01 2.1243040e+02      
7.3439475e+01 2.0996590e+02      
7.5348132e+01 2.0771338e+02      
7.7483121e+01 2.0573150e+02      
7.9661276e+01 2.0419790e+02      
8.0415849e+01 2.0344447e+02      
7.9549631e+01 2.0349325e+02      
7.7504784e+01 2.0427764e+02      
7.5996722e+01 2.0544102e+02      
7.5340660e+01 2.0680198e+02      
7.5497450e+01 2.0829929e+02      
7.6376068e+01 2.0989890e+02      
7.7921268e+01 2.1155504e+02      
8.0097316e+01 2.1321320e+02      
8.2876188e+01 2.1481312e+02      
8.6233013e+01 2.1629011e+02      
9.0144056e+01 2.1757639e+02      
9.4871929e+01 2.0301090e+02      
9.5036024e+01 1.9999339e+02      
9.6016988e+01 1.9697763e+02      
9.7742442e+01 1.9405627e+02      
1.0004398e+02 1.9131679e+02      
1.0260267e+02 1.8878016e+02      
1.0504575e+02 1.8638402e+02      
1.0653878e+02 1.8463371e+02      
1.0676489e+02 1.8378506e+02      
1.0567813e+02 1.8387892e+02      
1.0360220e+02 1.8479048e+02      
1.0132159e+02 1.8622867e+02      
1.0022324e+02 1.8772708e+02      
1.0005388e+02 1.8931562e+02      
1.0063259e+02 1.9099148e+02      
1.0188873e+02 1.9271212e+02      
1.0378002e+02 1.9442315e+02      
1.0627246e+02 1.9606390e+02      
1.0933725e+02 1.9756723e+02      
1.1294980e+02 1.9886040e+02      
1.1682169e+02 1.8234315e+02      
1.1739928e+02 1.7902934e+02      
1.1896138e+02 1.7568664e+02      
1.2147974e+02 1.7242943e+02      
1.2472503e+02 1.6940328e+02      
1.2800623e+02 1.6673508e+02      
1.2904534e+02 1.6427267e+02      
1.2976121e+02 1.6228816e+02      
1.2940284e+02 1.6136547e+02      
1.2792148e+02 1.6157274e+02      
1.2557601e+02 1.6269535e+02      
1.2373256e+02 1.6405497e+02      
1.2264955e+02 1.6557932e+02      
1.2229768e+02 1.6725008e+02      
1.2262768e+02 1.6902171e+02      
1.2361467e+02 1.7083446e+02      
1.2522507e+02 1.7263167e+02      
1.2742037e+02 1.7435441e+02      
1.3016872e+02 1.7593349e+02      
1.3344817e+02 1.7728869e+02      
1.3599149e+02 1.5891767e+02      
1.3691462e+02 1.5527044e+02      
1.3904768e+02 1.5154194e+02      
1.4246760e+02 1.4785430e+02      
1.4673934e+02 1.4443861e+02      
1.4951225e+02 1.4153554e+02      
1.5022619e+02 1.3924194e+02      
1.4916495e+02 1.3765299e+02      
1.4814188e+02 1.3672560e+02      
1.4627898e+02 1.3710814e+02      
1.4463673e+02 1.3794911e+02      
1.4335017e+02 1.3913778e+02      
1.4242239e+02 1.4066184e+02      
1.4193340e+02 1.4244106e+02      
1.4202815e+02 1.4434294e+02      
1.4276579e+02 1.4627402e+02      
1.4411054e+02 1.4818621e+02      
1.4600633e+02 1.5003269e+02      
1.4841571e+02 1.5174375e+02      
1.5132576e+02 1.5322595e+02      
1.5198131e+02 1.3314628e+02      
1.5306586e+02 1.2914264e+02      
1.5552711e+02 1.2499577e+02      
1.5971370e+02 1.2076085e+02      
1.6360296e+02 1.1689428e+02      
1.6600309e+02 1.1378794e+02      
1.6644437e+02 1.1166795e+02      
1.6514874e+02 1.1053109e+02      
1.6300894e+02 1.1017862e+02      
1.6169906e+02 1.1026574e+02      
1.6102515e+02 1.1069316e+02      
1.6036597e+02 1.1167216e+02      
1.5952977e+02 1.1325476e+02      
1.5872085e+02 1.1527231e+02      
1.5852779e+02 1.1736378e+02      
1.5905492e+02 1.1942176e+02      
1.6017450e+02 1.2146163e+02      
1.6177888e+02 1.2347228e+02      
1.6382160e+02 1.2538416e+02      
1.6631410e+02 1.2707609e+02      
1.6450690e+02 1.0547573e+02      
1.6549331e+02 1.0110747e+02      
1.6762870e+02 9.6596331e+01      
1.7092905e+02 9.2040637e+01      
1.7485233e+02 8.7624776e+01      
1.7716029e+02 8.4249913e+01      
1.7729438e+02 8.2345994e+01      
1.7556552e+02 8.1781926e+01      
1.7415141e+02 8.1601821e+01      
1.7376222e+02 8.1475370e+01      
1.7454045e+02 8.1296015e+01      
1.7457508e+02 8.2053314e+01      
1.7376385e+02 8.3777955e+01      
1.7221470e+02 8.6297918e+01      
1.7178732e+02 8.8575525e+01      
1.7224802e+02 9.0694935e+01      
1.7323631e+02 9.2837464e+01      
1.7456989e+02 9.5051068e+01      
1.7619655e+02 9.7260352e+01      
1.7818666e+02 9.9282545e+01      
1.7343724e+02 7.6374069e+01      
1.7416087e+02 7.1617095e+01      
1.7577948e+02 6.6727322e+01      
1.7819459e+02 6.1872186e+01      
1.8104590e+02 5.7296947e+01      
1.8348529e+02 5.3476197e+01      
1.8339736e+02 5.1794233e+01      
1.8229430e+02 5.1526527e+01      
1.8145358e+02 5.1680525e+01      
1.8162823e+02 5.1636227e+01      
1.8296199e+02 5.1252696e+01      
1.8342465e+02 5.1932079e+01      
1.8287082e+02 5.3728804e+01      
1.8154968e+02 5.6399089e+01      
1.8149648e+02 5.8523092e+01      
1.8222310e+02 6.0489534e+01      
1.8323941e+02 6.2654907e+01      
1.8433362e+02 6.5113661e+01      
1.8544483e+02 6.7774871e+01      
1.8673022e+02 7.0349041e+01      
1.7875037e+02 4.6332758e+01      
1.7916682e+02 4.1134134e+01      
1.8032289e+02 3.5778937e+01      
1.8209745e+02 3.0488208e+01      
1.8421467e+02 2.5579056e+01      
1.8611329e+02 2.1591968e+01      
1.8690783e+02 1.9423235e+01      
1.8565484e+02 2.0225812e+01      
1.8487620e+02 2.1145110e+01      
1.8507324e+02 2.1601692e+01      
1.8625956e+02 2.1542382e+01      
1.8683118e+02 2.2383321e+01      
1.8671104e+02 2.4138904e+01      
1.8622280e+02 2.6540595e+01      
1.8728383e+02 2.7940748e+01      
1.8864426e+02 2.9439113e+01      
1.8986780e+02 3.1500689e+01      
1.9075830e+02 3.4258866e+01      
1.9126459e+02 3.7561460e+01      
1.9155976e+02 4.0981181e+01      
1.8047252e+02 1.5878030e+01      
1.8058960e+02 1.0168381e+01      
1.8137534e+02 4.2170396e+00      
1.8275087e+02 -1.7370197e+00      
1.8453395e+02 -7.3113347e+00      
1.8632306e+02 -1.1797774e+01      
1.8660564e+02 -1.3031248e+01      
1.8528439e+02 -1.1099107e+01      
1.8443801e+02 -9.2944971e+00      
1.8434670e+02 -8.0450882e+00      
1.8478998e+02 -7.0868149e+00      
1.8523132e+02 -5.8636769e+00      
1.8553560e+02 -4.2135789e+00      
1.8600946e+02 -2.4130290e+00      
1.8728739e+02 -1.0704355e+00      
1.8933065e+02 -2.0758022e-01      
1.9084926e+02 1.6151257e+00      
1.9155875e+02 4.7241673e+00      
1.9156300e+02 8.7167574e+00      
1.9212421e+02 1.2082960e+01      
1.7865528e+02 -1.4420809e+01      
1.7848284e+02 -2.0702514e+01      
1.7896192e+02 -2.7394325e+01      
1.8006488e+02 -3.4222162e+01      
1.8162453e+02 -4.0571998e+01      
1.8255474e+02 -4.4183912e+01      
1.8240261e+02 -4.4437975e+01      
1.8116234e+02 -4.1562027e+01      
1.8032817e+02 -3.9030863e+01      
1.8004978e+02 -3.7156256e+01      
1.8017277e+02 -3.5635947e+01      
1.8051803e+02 -3.4132433e+01      
1.8102771e+02 -3.2420241e+01      
1.8183444e+02 -3.0686678e+01      
1.8313194e+02 -2.9185690e+01      
1.8492073e+02 -2.7976319e+01      
1.8675225e+02 -2.6545414e+01      
1.8731641e+02 -2.2968915e+01      
1.8784352e+02 -1.9263661e+01      
1.8878551e+02 -1.6085280e+01      
1.7338021e+02 -4.3950531e+01      
1.7290297e+02 -5.0820169e+01      
1.7307292e+02 -5.8343574e+01      
1.7385857e+02 -6.6007409e+01      
1.7456112e+02 -7.1485094e+01      
1.7485768e+02 -7.4201196e+01      
1.7450997e+02 -7.3797140e+01      
1.7351535e+02 -7.0419505e+01      
1.7280957e+02 -6.7499931e+01      
1.7249647e+02 -6.5314166e+01      
1.7251504e+02 -6.3608941e+01      
1.7282097e+02 -6.2064209e+01      
1.7338219e+02 -6.0132672e+01      
1.7426312e+02 -5.8213587e+01      
1.7550559e+02 -5.6456257e+01      
1.7710421e+02 -5.4921182e+01      
1.7885946e+02 -5.3376710e+01      
1.7971245e+02 -4.9837366e+01      
1.8067070e+02 -4.6338125e+01      
1.8193066e+02 -4.3284362e+01      
1.6477506e+02 -7.2075964e+01      
1.6393288e+02 -7.9355319e+01      
1.6370223e+02 -8.7561265e+01      
1.6371880e+02 -9.4281541e+01      
1.6378079e+02 -9.8718730e+01      
1.6370727e+02 -1.0068629e+02      
1.6334188e+02 -1.0014996e+02      
1.6267682e+02 -9.7136649e+01      
1.6216994e+02 -9.4185283e+01      
1.6189209e+02 -9.1939219e+01      
1.6186127e+02 -9.0300488e+01      
1.6212504e+02 -8.8648913e+01      
1.6268716e+02 -8.6761852e+01      
1.6356979e+02 -8.4633954e+01      
1.6474740e+02 -8.2624722e+01      
1.6617046e+02 -8.0701833e+01      
1.6767908e+02 -7.8543992e+01      
1.6901231e+02 -7.5607337e+01      
1.7034540e+02 -7.2246412e+01      
1.7185099e+02 -6.9184291e+01      
1.5304357e+02 -9.8282802e+01      
1.5172404e+02 -1.0548577e+02      
1.5083493e+02 -1.1278024e+02      
1.5027709e+02 -1.1868574e+02      
1.4995222e+02 -1.2196453e+02      
1.4972033e+02 -1.2309078e+02      
1.4943328e+02 -1.2270409e+02      
1.4904807e+02 -1.2152749e+02      
1.4875353e+02 -1.1848862e+02      
1.4851328e+02 -1.1637695e+02      
1.4846148e+02 -1.1474420e+02      
1.4867394e+02 -1.1316062e+02      
1.4918867e+02 -1.1142216e+02      
1.5001703e+02 -1.0946953e+02      
1.5113469e+02 -1.0736276e+02      
1.5245752e+02 -1.0530818e+02      
1.5395241e+02 -1.0304113e+02      
1.5556404e+02 -1.0032083e+02      
1.5713641e+02 -9.6584255e+01      
1.5882929e+02 -9.3388026e+01      
1.3848566e+02 -1.2227850e+02      
1.3665334e+02 -1.2960344e+02      
1.3516976e+02 -1.3693713e+02      
1.3414313e+02 -1.4295016e+02      
1.3359113e+02 -1.4462196e+02      
1.3337543e+02 -1.4443945e+02      
1.3325184e+02 -1.4335522e+02      
1.3310482e+02 -1.4175915e+02      
1.3295083e+02 -1.3963054e+02      
1.3280043e+02 -1.3778635e+02      
1.3268987e+02 -1.3643184e+02      
1.3281182e+02 -1.3510663e+02      
1.3324074e+02 -1.3363293e+02      
1.3397965e+02 -1.3196374e+02      
1.3492585e+02 -1.3032852e+02      
1.3616189e+02 -1.2843178e+02      
1.3769072e+02 -1.2615805e+02      
1.3947963e+02 -1.2241843e+02      
1.4130699e+02 -1.1868325e+02      
1.4316375e+02 -1.1546966e+02      
1.2147171e+02 -1.4367730e+02      
1.1909245e+02 -1.5149366e+02      
1.1698255e+02 -1.5948923e+02      
1.1554841e+02 -1.6463408e+02      
1.1486432e+02 -1.6609329e+02      
1.1486928e+02 -1.6430496e+02      
1.1501926e+02 -1.6206297e+02      
1.1508231e+02 -1.5995269e+02      
1.1505483e+02 -1.5802451e+02      
1.1498772e+02 -1.5638296e+02      
1.1491866e+02 -1.5512148e+02      
1.1490265e+02 -1.5418248e+02      
1.1518893e+02 -1.5313436e+02      
1.1567424e+02 -1.5212155e+02      
1.1634886e+02 -1.5125989e+02      
1.1749897e+02 -1.4943351e+02      
1.1913358e+02 -1.4647680e+02      
1.2117551e+02 -1.4217665e+02      
1.2320769e+02 -1.3829727e+02      
1.2518656e+02 -1.3507622e+02      
1.0247969e+02 -1.6172443e+02      
9.9548245e+01 -1.7003313e+02      
9.7006864e+01 -1.7724697e+02      
9.5273858e+01 -1.8177873e+02      
9.4517939e+01 -1.8299733e+02      
9.4611919e+01 -1.8125283e+02      
9.5120474e+01 -1.7792588e+02      
9.5331854e+01 -1.7549873e+02      
9.5377913e+01 -1.7362305e+02      
9.5364561e+01 -1.7209803e+02      
9.5336559e+01 -1.7091575e+02      
9.5306052e+01 -1.7013480e+02      
9.5267597e+01 -1.6984751e+02      
9.5526543e+01 -1.6923767e+02      
9.6055841e+01 -1.6835473e+02      
9.7101349e+01 -1.6654231e+02      
9.8786802e+01 -1.6340424e+02      
1.0104206e+02 -1.5897607e+02      
1.0321474e+02 -1.5508199e+02      
1.0525677e+02 -1.5190243e+02      
8.2072333e+01 -1.7553202e+02      
7.9143556e+01 -1.8239298e+02      
7.6173624e+01 -1.8935419e+02      
7.4173949e+01 -1.9357788e+02      
7.3468183e+01 -1.9438234e+02      
7.3804060e+01 -1.9223708e+02      
7.4088254e+01 -1.8985018e+02      
7.4215761e+01 -1.8782082e+02      
7.4246160e+01 -1.8615223e+02      
7.4244852e+01 -1.8475984e+02      
7.4248700e+01 -1.8362626e+02      
7.4272684e+01 -1.8277263e+02      
7.4340922e+01 -1.8215908e+02      
7.4511260e+01 -1.8158395e+02      
7.4724876e+01 -1.8108846e+02      
7.5549884e+01 -1.7954664e+02      
7.7169042e+01 -1.7661658e+02      
7.9511356e+01 -1.7241567e+02      
8.1716920e+01 -1.6872111e+02      
8.3745654e+01 -1.6569376e+02      
6.0482753e+01 -1.8562542e+02      
5.7752157e+01 -1.9100879e+02      
5.5100003e+01 -1.9623990e+02      
5.2834330e+01 -2.0030826e+02      
5.2281442e+01 -2.0063857e+02      
5.2138672e+01 -1.9965825e+02      
5.2076639e+01 -1.9826365e+02      
5.2019445e+01 -1.9682779e+02      
5.1968574e+01 -1.9547851e+02      
5.1943949e+01 -1.9425169e+02      
5.1965455e+01 -1.9315963e+02      
5.2049550e+01 -1.9220132e+02      
5.2214439e+01 -1.9133993e+02      
5.2469842e+01 -1.9051683e+02      
5.2818279e+01 -1.8965846e+02      
5.3367567e+01 -1.8849055e+02      
5.4808623e+01 -1.8596982e+02      
5.7014421e+01 -1.8232107e+02      
5.9092997e+01 -1.7904703e+02      
6.1021457e+01 -1.7628565e+02      
