2.4464052e+01 2.2994173e+02      
2.4010963e+01 2.2796944e+02      
2.4012264e+01 2.2608276e+02      
2.4464984e+01 2.2433148e+02      
2.5380925e+01 2.2276313e+02      
2.6792917e+01 2.2142210e+02      
2.8760514e+01 2.2034990e+02      
3.1376154e+01 2.1958738e+02      
3.4775483e+01 2.1918184e+02      
3.9174277e+01 2.1921117e+02      
4.4533298e+01 2.1974533e+02      
4.8402966e+01 2.2029236e+02      
5.0616094e+01 2.2092324e+02      
5.1124061e+01 2.2163145e+02      
4.9990737e+01 2.2231109e+02      
4.9614354e+01 2.2330060e+02      
4.9925826e+01 2.2442080e+02      
5.0649099e+01 2.2552061e+02      
5.1682653e+01 2.2653221e+02      
5.3056016e+01 2.2744849e+02      
5.3677503e+01 2.2060180e+02      
5.3366343e+01 2.1858766e+02      
5.3481151e+01 2.1663312e+02      
5.4009949e+01 2.1479277e+02      
5.4961956e+01 2.1311847e+02      
5.6377498e+01 2.1165784e+02      
5.8337934e+01 2.1045394e+02      
6.0978693e+01 2.0954698e+02      
6.4512045e+01 2.0897971e+02      
6.9274820e+01 2.0881087e+02      
7.5214276e+01 2.0906826e+02      
7.9411238e+01 2.0944911e+02      
8.1634206e+01 2.1000655e+02      
8.1848871e+01 2.1075403e+02      
8.0196108e+01 2.1162533e+02      
7.9492135e+01 2.1272440e+02      
7.9554179e+01 2.1383274e+02      
7.9914262e+01 2.1477270e+02      
8.0411139e+01 2.1548171e+02      
8.1133008e+01 2.1600233e+02      
8.1595964e+01 2.0777384e+02      
8.1455828e+01 2.0569429e+02      
8.1696102e+01 2.0364800e+02      
8.2285057e+01 2.0169560e+02      
8.3219438e+01 1.9989423e+02      
8.4537054e+01 1.9829440e+02      
8.6327679e+01 1.9693845e+02      
8.8747320e+01 1.9586072e+02      
9.2038331e+01 1.9508696e+02      
9.6567769e+01 1.9462674e+02      
1.0230825e+02 1.9446427e+02      
1.0637377e+02 1.9461227e+02      
1.0856759e+02 1.9510846e+02      
1.0890883e+02 1.9599941e+02      
1.0761289e+02 1.9730663e+02      
1.0741621e+02 1.9880334e+02      
1.0767989e+02 2.0005488e+02      
1.0782302e+02 2.0088124e+02      
1.0768064e+02 2.0123399e+02      
1.0744860e+02 2.0121131e+02      
1.0780178e+02 1.9169244e+02      
1.0788156e+02 1.8951935e+02      
1.0827798e+02 1.8735254e+02      
1.0892307e+02 1.8526139e+02      
1.0978897e+02 1.8331075e+02      
1.1090068e+02 1.8155485e+02      
1.1234078e+02 1.8003408e+02      
1.1426459e+02 1.7877594e+02      
1.1690916e+02 1.7779458e+02      
1.2058897e+02 1.7707340e+02      
1.2533794e+02 1.7656856e+02      
1.2878967e+02 1.7651497e+02      
1.3086633e+02 1.7693200e+02      
1.3166379e+02 1.7790008e+02      
1.3151175e+02 1.7958814e+02      
1.3289811e+02 1.8176347e+02      
1.3377602e+02 1.8322522e+02      
1.3385498e+02 1.8397333e+02      
1.3302127e+02 1.8396325e+02      
1.3129898e+02 1.8313159e+02      
1.3190491e+02 1.7264620e+02      
1.3229014e+02 1.7034551e+02      
1.3290903e+02 1.6802212e+02      
1.3362984e+02 1.6575948e+02      
1.3438862e+02 1.6363565e+02      
1.3519729e+02 1.6171145e+02      
1.3611272e+02 1.6002282e+02      
1.3726760e+02 1.5858782e+02      
1.3892656e+02 1.5742178e+02      
1.4126627e+02 1.5653354e+02      
1.4405430e+02 1.5595021e+02      
1.4648887e+02 1.5577020e+02      
1.4830120e+02 1.5605815e+02      
1.4962641e+02 1.5689444e+02      
1.5109092e+02 1.5839992e+02      
1.5359144e+02 1.6048903e+02      
1.5494748e+02 1.6191768e+02      
1.5506345e+02 1.6260996e+02      
1.5390765e+02 1.6251233e+02      
1.5156098e+02 1.6160375e+02      
1.5353318e+02 1.5097608e+02      
1.5438036e+02 1.4850519e+02      
1.5535190e+02 1.4597676e+02      
1.5620235e+02 1.4349842e+02      
1.5682351e+02 1.4117270e+02      
1.5725574e+02 1.3907559e+02      
1.5754080e+02 1.3723244e+02      
1.5757606e+02 1.3562527e+02      
1.5802335e+02 1.3428482e+02      
1.5906484e+02 1.3324330e+02      
1.6048847e+02 1.3253373e+02      
1.6197825e+02 1.3219826e+02      
1.6337177e+02 1.3228097e+02      
1.6476735e+02 1.3283520e+02      
1.6658177e+02 1.3393014e+02      
1.6917454e+02 1.3550858e+02      
1.7055210e+02 1.3668664e+02      
1.7073206e+02 1.3735324e+02      
1.6973804e+02 1.3744263e+02      
1.6764532e+02 1.3694106e+02      
1.7228583e+02 1.2707648e+02      
1.7392719e+02 1.2437963e+02      
1.7548697e+02 1.2157518e+02      
1.7656309e+02 1.1881442e+02      
1.7699633e+02 1.1624427e+02      
1.7684412e+02 1.1397507e+02      
1.7646011e+02 1.1203111e+02      
1.7478116e+02 1.1024925e+02      
1.7398917e+02 1.0872973e+02      
1.7394297e+02 1.0752048e+02      
1.7436055e+02 1.0664987e+02      
1.7504977e+02 1.0612322e+02      
1.7591173e+02 1.0594692e+02      
1.7696296e+02 1.0614223e+02      
1.7829390e+02 1.0672254e+02      
1.7977032e+02 1.0758841e+02      
1.8073022e+02 1.0844320e+02      
1.8094661e+02 1.0912894e+02      
1.8046067e+02 1.0956663e+02      
1.7959875e+02 1.0977270e+02      
1.8747553e+02 1.0140736e+02      
1.9035370e+02 9.8427063e+01      
1.9275910e+02 9.5243529e+01      
1.9420702e+02 9.2102251e+01      
1.9444957e+02 8.9221662e+01      
1.9324826e+02 8.6767520e+01      
1.9044950e+02 8.4762614e+01      
1.8806649e+02 8.2866380e+01      
1.8650130e+02 8.1145831e+01      
1.8562070e+02 7.9756509e+01      
1.8522409e+02 7.8739486e+01      
1.8520516e+02 7.8026303e+01      
1.8550151e+02 7.7569142e+01      
1.8607077e+02 7.7377183e+01      
1.8685278e+02 7.7476798e+01      
1.8767723e+02 7.7863196e+01      
1.8827435e+02 7.8483569e+01      
1.8848437e+02 7.9258015e+01      
1.8834904e+02 8.0077456e+01      
1.8810174e+02 8.0847812e+01      
1.9813692e+02 7.4491502e+01      
2.0055678e+02 7.1302748e+01      
2.0374705e+02 6.7677093e+01      
2.0572108e+02 6.4067383e+01      
2.0599648e+02 6.0804417e+01      
2.0420790e+02 5.8140982e+01      
2.0039730e+02 5.6114745e+01      
1.9742558e+02 5.4004233e+01      
1.9539710e+02 5.1924753e+01      
1.9390467e+02 5.0336433e+01      
1.9279004e+02 4.9292405e+01      
1.9212546e+02 4.8452617e+01      
1.9188895e+02 4.7704844e+01      
1.9200846e+02 4.7093774e+01      
1.9238880e+02 4.6710301e+01      
1.9287688e+02 4.6674455e+01      
1.9326747e+02 4.7123151e+01      
1.9342309e+02 4.8093531e+01      
1.9340294e+02 4.9385831e+01      
1.9338336e+02 5.0738920e+01      
2.0451913e+02 4.6821990e+01      
2.0621044e+02 4.3548692e+01      
2.0850744e+02 3.9813891e+01      
2.1096159e+02 3.5680866e+01      
2.1157027e+02 3.1923410e+01      
2.0980940e+02 2.8949025e+01      
2.0585181e+02 2.6816071e+01      
2.0269944e+02 2.4342845e+01      
2.0058036e+02 2.1542800e+01      
1.9865955e+02 1.9729440e+01      
1.9681887e+02 1.8952128e+01      
1.9558318e+02 1.8038308e+01      
1.9488819e+02 1.6957219e+01      
1.9464299e+02 1.5844140e+01      
1.9476704e+02 1.4864145e+01      
1.9513477e+02 1.4257385e+01      
1.9548962e+02 1.4435406e+01      
1.9549807e+02 1.5847252e+01      
1.9540416e+02 1.7869463e+01      
1.9541172e+02 1.9965563e+01      
2.0694415e+02 1.8856575e+01      
2.0791246e+02 1.5579336e+01      
2.0923325e+02 1.1874028e+01      
2.1067003e+02 7.7748978e+00      
2.1168727e+02 3.4522384e+00      
2.1036431e+02 4.6409528e-03      
2.0674203e+02 -2.3723662e+00      
2.0367624e+02 -5.2078736e+00      
2.0142304e+02 -8.4739013e+00      
1.9923694e+02 -1.0536407e+01      
1.9705670e+02 -1.1371424e+01      
1.9542715e+02 -1.2501027e+01      
1.9436208e+02 -1.4020344e+01      
1.9382762e+02 -1.5775740e+01      
1.9381170e+02 -1.7571545e+01      
1.9425095e+02 -1.9060979e+01      
1.9486846e+02 -1.9540735e+01      
1.9452209e+02 -1.7142377e+01      
1.9421159e+02 -1.3972187e+01      
1.9413307e+02 -1.0881554e+01      
2.0563442e+02 -8.9707428e+00      
2.0596545e+02 -1.2208391e+01      
2.0645596e+02 -1.5833035e+01      
2.0692161e+02 -1.9789248e+01      
2.0705992e+02 -2.3957256e+01      
2.0630184e+02 -2.8004612e+01      
2.0332736e+02 -3.0812481e+01      
2.0053558e+02 -3.3998313e+01      
1.9819851e+02 -3.7558919e+01      
1.9586174e+02 -3.9864190e+01      
1.9353577e+02 -4.0953314e+01      
1.9163367e+02 -4.2461977e+01      
1.9024114e+02 -4.4533566e+01      
1.8942889e+02 -4.7087763e+01      
1.8930210e+02 -4.9945515e+01      
1.8985135e+02 -5.2492607e+01      
1.9025308e+02 -5.2598057e+01      
1.9017433e+02 -5.0025316e+01      
1.8969191e+02 -4.5400543e+01      
1.8951320e+02 -4.1075230e+01      
2.0079743e+02 -3.6236288e+01      
2.0059398e+02 -3.9413587e+01      
2.0043143e+02 -4.2953520e+01      
2.0015584e+02 -4.6784644e+01      
1.9955520e+02 -5.0781443e+01      
1.9831045e+02 -5.4682146e+01      
1.9614868e+02 -5.8168684e+01      
1.9371025e+02 -6.1623898e+01      
1.9132839e+02 -6.5199423e+01      
1.8889298e+02 -6.7673970e+01      
1.8647307e+02 -6.9190017e+01      
1.8431527e+02 -7.1205353e+01      
1.8254695e+02 -7.3863939e+01      
1.8133790e+02 -7.7223664e+01      
1.8094993e+02 -8.1253312e+01      
1.8116458e+02 -8.3419992e+01      
1.8153825e+02 -8.3016701e+01      
1.8175479e+02 -8.0063292e+01      
1.8171421e+02 -7.5164756e+01      
1.8155382e+02 -6.9625481e+01      
1.9263981e+02 -6.2523002e+01      
1.9200512e+02 -6.5630214e+01      
1.9134446e+02 -6.9096647e+01      
1.9054426e+02 -7.2861216e+01      
1.8946470e+02 -7.6820491e+01      
1.8796166e+02 -8.0796675e+01      
1.8599190e+02 -8.4559151e+01      
1.8370432e+02 -8.7962159e+01      
1.8126129e+02 -9.0954737e+01      
1.7872923e+02 -9.3420267e+01      
1.7617750e+02 -9.5635271e+01      
1.7370885e+02 -9.8200789e+01      
1.7143641e+02 -1.0138213e+02      
1.6956038e+02 -1.0516262e+02      
1.6841774e+02 -1.0904052e+02      
1.6860147e+02 -1.1078360e+02      
1.6918585e+02 -1.0977090e+02      
1.6977156e+02 -1.0609201e+02      
1.7011241e+02 -1.0049178e+02      
1.7035360e+02 -9.5434289e+01      
1.8137835e+02 -8.7423233e+01      
1.8040466e+02 -9.0448711e+01      
1.7937024e+02 -9.3844686e+01      
1.7819973e+02 -9.7580183e+01      
1.7681541e+02 -1.0161375e+02      
1.7516146e+02 -1.0586678e+02      
1.7320978e+02 -1.1000679e+02      
1.7092762e+02 -1.1326345e+02      
1.6839611e+02 -1.1560000e+02      
1.6574623e+02 -1.1774242e+02      
1.6301230e+02 -1.2010803e+02      
1.6017687e+02 -1.2300379e+02      
1.5726977e+02 -1.2662217e+02      
1.5458274e+02 -1.3070419e+02      
1.5312063e+02 -1.3344336e+02      
1.5300570e+02 -1.3419052e+02      
1.5396265e+02 -1.3253812e+02      
1.5505905e+02 -1.2792807e+02      
1.5581928e+02 -1.2302607e+02      
1.5634266e+02 -1.1860114e+02      
1.6724903e+02 -1.1054740e+02      
1.6601317e+02 -1.1346840e+02      
1.6469829e+02 -1.1677061e+02      
1.6325759e+02 -1.2045705e+02      
1.6165184e+02 -1.2456234e+02      
1.5987754e+02 -1.2920351e+02      
1.5796310e+02 -1.3427303e+02      
1.5563328e+02 -1.3736581e+02      
1.5296051e+02 -1.3846513e+02      
1.5022467e+02 -1.3999392e+02      
1.4737016e+02 -1.4214690e+02      
1.4425911e+02 -1.4503821e+02      
1.4071619e+02 -1.4890808e+02      
1.3779255e+02 -1.5223368e+02      
1.3611213e+02 -1.5408309e+02      
1.3585911e+02 -1.5395269e+02      
1.3680529e+02 -1.5160798e+02      
1.3832281e+02 -1.4726849e+02      
1.3929035e+02 -1.4303210e+02      
1.3992134e+02 -1.3918603e+02      
1.5051361e+02 -1.3153651e+02      
1.4907772e+02 -1.3431782e+02      
1.4755180e+02 -1.3747385e+02      
1.4590672e+02 -1.4102500e+02      
1.4411867e+02 -1.4504288e+02      
1.4217872e+02 -1.4971936e+02      
1.4007807e+02 -1.5492396e+02      
1.3771100e+02 -1.5781244e+02      
1.3513905e+02 -1.5837350e+02      
1.3244695e+02 -1.5946665e+02      
1.2961903e+02 -1.6126499e+02      
1.2659462e+02 -1.6365551e+02      
1.2333463e+02 -1.6655317e+02      
1.2004568e+02 -1.6949932e+02      
1.1812444e+02 -1.7082778e+02      
1.1789399e+02 -1.7007510e+02      
1.1901930e+02 -1.6729972e+02      
1.2008097e+02 -1.6389956e+02      
1.2086046e+02 -1.6041051e+02      
1.2141650e+02 -1.5709446e+02      
1.3146274e+02 -1.5007466e+02      
1.2987739e+02 -1.5267553e+02      
1.2819474e+02 -1.5561948e+02      
1.2639671e+02 -1.5891813e+02      
1.2446522e+02 -1.6261710e+02      
1.2237578e+02 -1.6684497e+02      
1.2008983e+02 -1.7150098e+02      
1.1770996e+02 -1.7414309e+02      
1.1528777e+02 -1.7475511e+02      
1.1270734e+02 -1.7576668e+02      
1.1001056e+02 -1.7726368e+02      
1.0722377e+02 -1.7908149e+02      
1.0438946e+02 -1.8105805e+02      
1.0165427e+02 -1.8288080e+02      
9.9467518e+01 -1.8392262e+02      
9.9352449e+01 -1.8276116e+02      
9.9779015e+01 -1.8060297e+02      
1.0029029e+02 -1.7793849e+02      
1.0074164e+02 -1.7507225e+02      
1.0111024e+02 -1.7221797e+02      
1.1041571e+02 -1.6589744e+02      
1.0872274e+02 -1.6828234e+02      
1.0692840e+02 -1.7095887e+02      
1.0502342e+02 -1.7391343e+02      
1.0299813e+02 -1.7712929e+02      
1.0084243e+02 -1.8055115e+02      
9.8560120e+01 -1.8384419e+02      
9.6199162e+01 -1.8620808e+02      
9.3784409e+01 -1.8762060e+02      
9.1295946e+01 -1.8883832e+02      
8.8757365e+01 -1.9014146e+02      
8.6218788e+01 -1.9149960e+02      
8.3762089e+01 -1.9278031e+02      
8.1536866e+01 -1.9374948e+02      
7.9859197e+01 -1.9401971e+02      
7.9129731e+01 -1.9316928e+02      
7.8945556e+01 -1.9150903e+02      
7.8990455e+01 -1.8935781e+02      
7.9120887e+01 -1.8694548e+02      
7.9270908e+01 -1.8445542e+02      
8.7717673e+01 -1.7879440e+02      
8.5951980e+01 -1.8094106e+02      
8.4083711e+01 -1.8332109e+02      
8.2111445e+01 -1.8589814e+02      
8.0034727e+01 -1.8861348e+02      
7.7856866e+01 -1.9135117e+02      
7.5590943e+01 -1.9388504e+02      
7.3261169e+01 -1.9595534e+02      
7.0889618e+01 -1.9753224e+02      
6.8494418e+01 -1.9881263e+02      
6.6107238e+01 -1.9994776e+02      
6.3781598e+01 -2.0095367e+02      
6.1599197e+01 -2.0174963e+02      
5.9681440e+01 -2.0218408e+02      
5.8186791e+01 -2.0206484e+02      
5.7209504e+01 -2.0127060e+02      
5.6656097e+01 -1.9987310e+02      
5.6370629e+01 -1.9803933e+02      
5.6237794e+01 -1.9593652e+02      
5.6186373e+01 -1.9371176e+02      
