1.4608286e+01 2.3851387e+02      
1.4107521e+01 2.3609918e+02      
1.3576143e+01 2.3368316e+02      
1.2826854e+01 2.3128835e+02      
1.1869018e+01 2.2896769e+02      
1.0892317e+01 2.2680357e+02      
1.0335652e+01 2.2495412e+02      
1.0185491e+01 2.2351025e+02      
1.0093908e+01 2.2253073e+02      
1.0214867e+01 2.2203104e+02      
1.0678937e+01 2.2199475e+02      
1.1525463e+01 2.2239416e+02      
1.2758242e+01 2.2319855e+02      
1.4367328e+01 2.2437199e+02      
1.6344911e+01 2.2586918e+02      
1.8694578e+01 2.2763259e+02      
2.1434257e+01 2.2959201e+02      
2.4592622e+01 2.3166738e+02      
2.8201226e+01 2.3377383e+02      
3.2286545e+01 2.3582683e+02      
4.3595685e+01 2.2740961e+02      
4.4148093e+01 2.2500427e+02      
4.4171805e+01 2.2246765e+02      
4.3616638e+01 2.1988392e+02      
4.2520937e+01 2.1730811e+02      
4.1002566e+01 2.1476420e+02      
4.0437465e+01 2.1260978e+02      
4.0721893e+01 2.1089078e+02      
4.0399528e+01 2.0972387e+02      
4.0259108e+01 2.0911332e+02      
4.0514526e+01 2.0899955e+02      
4.1196210e+01 2.0933724e+02      
4.2271255e+01 2.1009558e+02      
4.3698348e+01 2.1124236e+02      
4.5448733e+01 2.1273439e+02      
4.7518062e+01 2.1451163e+02      
4.9931203e+01 2.1649470e+02      
5.2734014e+01 2.1858964e+02      
5.5976856e+01 2.2069722e+02      
5.9700149e+01 2.2272153e+02      
7.0842776e+01 2.1253349e+02      
7.1962563e+01 2.0988487e+02      
7.2384307e+01 2.0713886e+02      
7.2020903e+01 2.0436040e+02      
7.0934220e+01 2.0160359e+02      
6.9324304e+01 1.9890572e+02      
6.8859518e+01 1.9650567e+02      
6.9476379e+01 1.9446501e+02      
6.9600541e+01 1.9308182e+02      
6.9229039e+01 1.9240627e+02      
6.9278335e+01 1.9225572e+02      
6.9823288e+01 1.9255429e+02      
7.0767790e+01 1.9328544e+02      
7.2021042e+01 1.9442946e+02      
7.3522017e+01 1.9595209e+02      
7.5251958e+01 1.9779516e+02      
7.7251631e+01 1.9986602e+02      
7.9601836e+01 2.0204789e+02      
8.2386296e+01 2.0421977e+02      
8.5665313e+01 2.0627123e+02      
9.5745141e+01 1.9417851e+02      
9.7061191e+01 1.9117570e+02      
9.7664866e+01 1.8816380e+02      
9.7469326e+01 1.8519243e+02      
9.6551048e+01 1.8231253e+02      
9.5133844e+01 1.7956792e+02      
9.4877668e+01 1.7699454e+02      
9.5751803e+01 1.7466593e+02      
9.6289292e+01 1.7306552e+02      
9.6418790e+01 1.7221801e+02      
9.6408435e+01 1.7204850e+02      
9.6962061e+01 1.7229257e+02      
9.7840214e+01 1.7301065e+02      
9.8966858e+01 1.7416411e+02      
1.0021700e+02 1.7574918e+02      
1.0153563e+02 1.7772356e+02      
1.0300250e+02 1.7996977e+02      
1.0477489e+02 1.8232735e+02      
1.0699614e+02 1.8464003e+02      
1.0974980e+02 1.8678071e+02      
1.1794690e+02 1.7275673e+02      
1.1911360e+02 1.6941373e+02      
1.1968834e+02 1.6614530e+02      
1.1961975e+02 1.6299181e+02      
1.1899490e+02 1.5999906e+02      
1.1801112e+02 1.5721316e+02      
1.1805010e+02 1.5452346e+02      
1.1908945e+02 1.5200855e+02      
1.1989127e+02 1.5028236e+02      
1.2045606e+02 1.4931037e+02      
1.2113717e+02 1.4887566e+02      
1.2211180e+02 1.4891918e+02      
1.2307297e+02 1.4959705e+02      
1.2424849e+02 1.5070532e+02      
1.2528545e+02 1.5236887e+02      
1.2608243e+02 1.5456632e+02      
1.2681765e+02 1.5712198e+02      
1.2783401e+02 1.5977785e+02      
1.2937637e+02 1.6232071e+02      
1.3153402e+02 1.6461394e+02      
1.3733279e+02 1.4868226e+02      
1.3794714e+02 1.4511281e+02      
1.3834345e+02 1.4163087e+02      
1.3834207e+02 1.3831426e+02      
1.3805621e+02 1.3520081e+02      
1.3781865e+02 1.3228203e+02      
1.3817494e+02 1.2952841e+02      
1.3918093e+02 1.2705511e+02      
1.4007744e+02 1.2535323e+02      
1.4084919e+02 1.2440666e+02      
1.4216928e+02 1.2370923e+02      
1.4402191e+02 1.2331994e+02      
1.4612107e+02 1.2340901e+02      
1.4776879e+02 1.2427586e+02      
1.4866008e+02 1.2602460e+02      
1.4874236e+02 1.2859104e+02      
1.4831870e+02 1.3170675e+02      
1.4832210e+02 1.3483149e+02      
1.4908803e+02 1.3769373e+02      
1.5061283e+02 1.4019180e+02      
1.5410558e+02 1.2230246e+02      
1.5464689e+02 1.1845710e+02      
1.5495622e+02 1.1474932e+02      
1.5489805e+02 1.1128560e+02      
1.5469916e+02 1.0809952e+02      
1.5471238e+02 1.0514731e+02      
1.5524135e+02 1.0237238e+02      
1.5582341e+02 1.0038385e+02      
1.5681065e+02 9.8745725e+01      
1.5819128e+02 9.7468026e+01      
1.6018979e+02 9.6408720e+01      
1.6303779e+02 9.5479150e+01      
1.6681761e+02 9.4707042e+01      
1.6908158e+02 9.5262787e+01      
1.6986595e+02 9.7129924e+01      
1.6912735e+02 1.0020875e+02      
1.6682583e+02 1.0430060e+02      
1.6567753e+02 1.0803535e+02      
1.6568364e+02 1.1126012e+02      
1.6660776e+02 1.1398425e+02      
1.6820567e+02 9.4007763e+01      
1.6920697e+02 8.9784519e+01      
1.6956374e+02 8.5798170e+01      
1.6915561e+02 8.2212429e+01      
1.6870264e+02 7.9035392e+01      
1.6854949e+02 7.6252606e+01      
1.6879028e+02 7.3871486e+01      
1.6940183e+02 7.1957979e+01      
1.7056140e+02 7.0313013e+01      
1.7237827e+02 6.8813430e+01      
1.7490018e+02 6.7427631e+01      
1.7819180e+02 6.6158917e+01      
1.8219913e+02 6.5059061e+01      
1.8451269e+02 6.5573181e+01      
1.8516965e+02 6.7615313e+01      
1.8412440e+02 7.1054750e+01      
1.8114064e+02 7.5811787e+01      
1.7931005e+02 8.0029335e+01      
1.7875974e+02 8.3565332e+01      
1.7919718e+02 8.6492436e+01      
1.7918542e+02 6.4269049e+01      
1.8140144e+02 5.9482894e+01      
1.8192921e+02 5.5111368e+01      
1.8061885e+02 5.1441973e+01      
1.7973246e+02 4.8322403e+01      
1.7927930e+02 4.5800106e+01      
1.7922099e+02 4.3817659e+01      
1.7971689e+02 4.2175186e+01      
1.8096308e+02 4.0630103e+01      
1.8312362e+02 3.8979436e+01      
1.8615151e+02 3.7219666e+01      
1.8946448e+02 3.5808778e+01      
1.9248607e+02 3.5200771e+01      
1.9429005e+02 3.6024429e+01      
1.9463654e+02 3.8408031e+01      
1.9381158e+02 4.2016678e+01      
1.9085595e+02 4.6972028e+01      
1.8887323e+02 5.1415944e+01      
1.8804529e+02 5.5150325e+01      
1.8815341e+02 5.8223866e+01      
1.8609928e+02 3.3695983e+01      
1.8877449e+02 2.8198364e+01      
1.8963258e+02 2.3284718e+01      
1.8847791e+02 1.9356422e+01      
1.8755887e+02 1.6218944e+01      
1.8681828e+02 1.4058405e+01      
1.8627120e+02 1.2726030e+01      
1.8643861e+02 1.1638153e+01      
1.8758556e+02 1.0424128e+01      
1.8993605e+02 8.7831193e+00      
1.9375155e+02 6.4156941e+00      
1.9731181e+02 4.6271447e+00      
2.0003097e+02 4.0291141e+00      
2.0140491e+02 5.0973839e+00      
2.0100232e+02 8.1479769e+00      
1.9857670e+02 1.3139999e+01      
1.9609960e+02 1.8182022e+01      
1.9432575e+02 2.2688636e+01      
1.9343714e+02 2.6519126e+01      
1.9336093e+02 2.9673151e+01      
1.8855148e+02 3.0239172e+00      
1.9102771e+02 -3.0777427e+00      
1.9229708e+02 -8.6963051e+00      
1.9237157e+02 -1.3502964e+01      
1.9192587e+02 -1.6871831e+01      
1.9097785e+02 -1.8556024e+01      
1.8954951e+02 -1.8713647e+01      
1.8924217e+02 -1.8952348e+01      
1.9010388e+02 -1.9561643e+01      
1.9211198e+02 -2.0685265e+01      
1.9524664e+02 -2.2462448e+01      
1.9911771e+02 -2.4738474e+01      
2.0195106e+02 -2.5715626e+01      
2.0322195e+02 -2.4720009e+01      
2.0249346e+02 -2.1301066e+01      
1.9970683e+02 -1.5578455e+01      
1.9737629e+02 -1.0269805e+01      
1.9580338e+02 -5.7094740e+00      
1.9496211e+02 -1.8558171e+00      
1.9480681e+02 1.3145107e+00      
1.8669306e+02 -2.7108732e+01      
1.8813703e+02 -3.3364621e+01      
1.8952944e+02 -3.9616915e+01      
1.9082520e+02 -4.5492507e+01      
1.9096579e+02 -4.9153993e+01      
1.9009779e+02 -5.0387560e+01      
1.8848886e+02 -4.9556943e+01      
1.8792951e+02 -4.8892089e+01      
1.8849246e+02 -4.8735730e+01      
1.9002264e+02 -4.9104811e+01      
1.9238549e+02 -5.0018546e+01      
1.9533351e+02 -5.1408597e+01      
1.9834506e+02 -5.2900081e+01      
1.9981626e+02 -5.2365610e+01      
1.9928740e+02 -4.9087566e+01      
1.9683242e+02 -4.3195503e+01      
1.9479787e+02 -3.7829933e+01      
1.9345114e+02 -3.3312915e+01      
1.9272063e+02 -2.9521190e+01      
1.9255921e+02 -2.6401345e+01      
1.8121112e+02 -5.6383405e+01      
1.8204582e+02 -6.2990796e+01      
1.8323210e+02 -6.9800581e+01      
1.8469978e+02 -7.6286054e+01      
1.8509861e+02 -8.0040088e+01      
1.8446108e+02 -8.0805864e+01      
1.8308523e+02 -7.9091998e+01      
1.8255285e+02 -7.7562546e+01      
1.8294270e+02 -7.6616230e+01      
1.8408809e+02 -7.6198335e+01      
1.8582508e+02 -7.6236284e+01      
1.8794226e+02 -7.6620295e+01      
1.9012809e+02 -7.7139649e+01      
1.9187230e+02 -7.7262568e+01      
1.9183177e+02 -7.4614517e+01      
1.9003118e+02 -6.9063988e+01      
1.8847318e+02 -6.3970071e+01      
1.8743155e+02 -5.9677179e+01      
1.8686698e+02 -5.6054876e+01      
1.8675199e+02 -5.3054641e+01      
1.7244045e+02 -8.4317256e+01      
1.7279332e+02 -9.1435247e+01      
1.7352706e+02 -9.8869090e+01      
1.7457631e+02 -1.0556750e+02      
1.7491810e+02 -1.0912098e+02      
1.7455295e+02 -1.0933358e+02      
1.7366672e+02 -1.0675682e+02      
1.7338365e+02 -1.0442505e+02      
1.7375066e+02 -1.0275729e+02      
1.7464730e+02 -1.0162730e+02      
1.7593972e+02 -1.0089720e+02      
1.7745380e+02 -1.0040605e+02      
1.7896459e+02 -9.9948693e+01      
1.8017639e+02 -9.9203299e+01      
1.8065654e+02 -9.7479228e+01      
1.7964869e+02 -9.2795158e+01      
1.7866434e+02 -8.8329352e+01      
1.7797751e+02 -8.4442259e+01      
1.7761285e+02 -8.1087927e+01      
1.7757724e+02 -7.8265852e+01      
1.6058935e+02 -1.1026611e+02      
1.6044849e+02 -1.1794067e+02      
1.6058001e+02 -1.2641923e+02      
1.6081885e+02 -1.3267370e+02      
1.6093111e+02 -1.3576505e+02      
1.6086346e+02 -1.3539924e+02      
1.6072359e+02 -1.3196878e+02      
1.6083350e+02 -1.2897238e+02      
1.6128349e+02 -1.2673813e+02      
1.6204663e+02 -1.2504888e+02      
1.6304569e+02 -1.2371874e+02      
1.6415937e+02 -1.2256341e+02      
1.6522667e+02 -1.2137438e+02      
1.6605624e+02 -1.1989060e+02      
1.6642056e+02 -1.1768876e+02      
1.6617169e+02 -1.1435373e+02      
1.6573609e+02 -1.1074125e+02      
1.6538803e+02 -1.0734732e+02      
1.6522278e+02 -1.0431119e+02      
1.6527784e+02 -1.0169931e+02      
1.4594642e+02 -1.3355375e+02      
1.4529857e+02 -1.4135369e+02      
1.4472668e+02 -1.4998694e+02      
1.4440649e+02 -1.5595355e+02      
1.4432960e+02 -1.5865427e+02      
1.4449634e+02 -1.5791063e+02      
1.4492906e+02 -1.5407625e+02      
1.4539251e+02 -1.5073550e+02      
1.4594910e+02 -1.4817849e+02      
1.4664422e+02 -1.4613770e+02      
1.4745570e+02 -1.4440816e+02      
1.4831338e+02 -1.4281016e+02      
1.4911493e+02 -1.4116428e+02      
1.4974340e+02 -1.3927770e+02      
1.5009687e+02 -1.3695875e+02      
1.5016568e+02 -1.3416711e+02      
1.5008234e+02 -1.3115089e+02      
1.4999619e+02 -1.2819160e+02      
1.4999917e+02 -1.2546078e+02      
1.5013755e+02 -1.2305867e+02      
1.2887942e+02 -1.5368519e+02      
1.2781988e+02 -1.6109263e+02      
1.2667746e+02 -1.6926420e+02      
1.2598582e+02 -1.7478307e+02      
1.2577593e+02 -1.7719261e+02      
1.2606995e+02 -1.7637970e+02      
1.2686974e+02 -1.7262697e+02      
1.2754720e+02 -1.6935496e+02      
1.2816064e+02 -1.6677391e+02      
1.2880202e+02 -1.6461207e+02      
1.2948554e+02 -1.6268561e+02      
1.3017850e+02 -1.6084672e+02      
1.3082235e+02 -1.5896225e+02      
1.3135245e+02 -1.5691252e+02      
1.3172303e+02 -1.5461517e+02      
1.3193654e+02 -1.5207667e+02      
1.3204982e+02 -1.4941068e+02      
1.3213929e+02 -1.4677260e+02      
1.3226699e+02 -1.4429588e+02      
1.3247108e+02 -1.4207893e+02      
1.0977353e+02 -1.7042079e+02      
1.0851438e+02 -1.7692707e+02      
1.0711875e+02 -1.8396708e+02      
1.0626435e+02 -1.8871742e+02      
1.0595418e+02 -1.9088046e+02      
1.0620905e+02 -1.9037584e+02      
1.0705553e+02 -1.8736444e+02      
1.0773093e+02 -1.8464111e+02      
1.0830796e+02 -1.8233049e+02      
1.0887617e+02 -1.8025728e+02      
1.0945680e+02 -1.7830852e+02      
1.1003559e+02 -1.7639016e+02      
1.1058009e+02 -1.7441973e+02      
1.1105477e+02 -1.7233157e+02      
1.1143649e+02 -1.7009208e+02      
1.1172669e+02 -1.6771789e+02      
1.1195237e+02 -1.6527761e+02      
1.1215324e+02 -1.6286854e+02      
1.1236624e+02 -1.6058866e+02      
1.1261683e+02 -1.5852214e+02      
8.8957889e+01 -1.8378201e+02      
8.7732283e+01 -1.8902551e+02      
8.6602024e+01 -1.9403737e+02      
8.5800589e+01 -1.9775107e+02      
8.5416030e+01 -1.9968858e+02      
8.5455877e+01 -1.9979243e+02      
8.5834151e+01 -1.9844036e+02      
8.6287957e+01 -1.9663183e+02      
8.6743797e+01 -1.9477788e+02      
8.7212866e+01 -1.9293423e+02      
8.7698315e+01 -1.9108682e+02      
8.8188640e+01 -1.8920240e+02      
8.8663211e+01 -1.8724527e+02      
8.9100441e+01 -1.8518885e+02      
8.9486084e+01 -1.8302677e+02      
8.9818931e+01 -1.8078122e+02      
9.0110966e+01 -1.7850286e+02      
9.0381808e+01 -1.7626091e+02      
9.0651102e+01 -1.7412975e+02      
9.0932727e+01 -1.7217909e+02      
6.6698670e+01 -1.9396390e+02      
6.5535947e+01 -1.9815307e+02      
6.4532592e+01 -2.0193948e+02      
6.3774950e+01 -2.0485592e+02      
6.3318919e+01 -2.0659291e+02      
6.3164951e+01 -2.0710550e+02      
6.3253237e+01 -2.0661907e+02      
6.3485125e+01 -2.0552809e+02      
6.3794044e+01 -2.0413070e+02      
6.4153290e+01 -2.0256539e+02      
6.4548422e+01 -2.0088399e+02      
6.4964519e+01 -1.9910068e+02      
6.5384660e+01 -1.9721622e+02      
6.5792785e+01 -1.9523195e+02      
6.6177515e+01 -1.9315934e+02      
6.6534743e+01 -1.9102547e+02      
6.6867565e+01 -1.8887352e+02      
6.7183525e+01 -1.8675826e+02      
6.7490578e+01 -1.8473927e+02      
6.7793455e+01 -1.8287479e+02      
