3.1481724e+01 2.4660533e+02      
3.0866476e+01 2.4559799e+02      
3.0551551e+01 2.4456841e+02      
2.9881192e+01 2.4315793e+02      
2.8922411e+01 2.4157141e+02      
2.7644570e+01 2.3988462e+02      
2.6047229e+01 2.3812064e+02      
2.4277591e+01 2.3635892e+02      
2.2603548e+01 2.3474077e+02      
2.1321613e+01 2.3343270e+02      
2.0592910e+01 2.3253259e+02      
2.0449746e+01 2.3206664e+02      
2.0873481e+01 2.3202752e+02      
2.1831862e+01 2.3239047e+02      
2.3293384e+01 2.3311702e+02      
2.5234895e+01 2.3415576e+02      
2.7646296e+01 2.3544297e+02      
3.0531374e+01 2.3690441e+02      
3.3903908e+01 2.3845823e+02      
3.7780715e+01 2.4001885e+02      
5.9745250e+01 2.3719733e+02      
5.9825581e+01 2.3630191e+02      
6.0770827e+01 2.3574135e+02      
6.0498319e+01 2.3411588e+02      
5.9880217e+01 2.3239748e+02      
5.8587061e+01 2.3047180e+02      
5.6617641e+01 2.2833012e+02      
5.4188438e+01 2.2605260e+02      
5.1727049e+01 2.2383699e+02      
4.9918190e+01 2.2207111e+02      
4.8896044e+01 2.2084894e+02      
4.8576826e+01 2.2014412e+02      
4.8875306e+01 2.1992497e+02      
4.9718685e+01 2.2015537e+02      
5.1047306e+01 2.2078956e+02      
5.2819239e+01 2.2176900e+02      
5.5017120e+01 2.2302095e+02      
5.7650004e+01 2.2445961e+02      
6.0745397e+01 2.2599002e+02      
6.4335519e+01 2.2751378e+02      
8.6257539e+01 2.2386497e+02      
8.6730117e+01 2.2276298e+02      
8.8116736e+01 2.2189872e+02      
8.9927454e+01 2.2108905e+02      
9.0087082e+01 2.1948537e+02      
8.8748723e+01 2.1732665e+02      
8.6224882e+01 2.1476311e+02      
8.2858156e+01 2.1187949e+02      
7.9200330e+01 2.0884706e+02      
7.6929914e+01 2.0665426e+02      
7.5727837e+01 2.0516181e+02      
7.5322791e+01 2.0425981e+02      
7.5563847e+01 2.0389927e+02      
7.6339216e+01 2.0403858e+02      
7.7557159e+01 2.0462854e+02      
7.9149339e+01 2.0560591e+02      
8.1088483e+01 2.0688912e+02      
8.3397615e+01 2.0837796e+02      
8.6132760e+01 2.0995989e+02      
8.9353561e+01 2.1151961e+02      
1.1050381e+02 2.0683925e+02      
1.1123304e+02 2.0537888e+02      
1.1305688e+02 2.0415469e+02      
1.1573682e+02 2.0318729e+02      
1.1627274e+02 2.0141548e+02      
1.1467443e+02 1.9895304e+02      
1.1143503e+02 1.9596607e+02      
1.0717541e+02 1.9258278e+02      
1.0386324e+02 1.8962209e+02      
1.0171977e+02 1.8730954e+02      
1.0058306e+02 1.8565248e+02      
1.0024036e+02 1.8461027e+02      
1.0052893e+02 1.8415353e+02      
1.0131612e+02 1.8424770e+02      
1.0247600e+02 1.8484640e+02      
1.0389280e+02 1.8588748e+02      
1.0551608e+02 1.8728273e+02      
1.0740350e+02 1.8891230e+02      
1.0967233e+02 1.9063715e+02      
1.1242908e+02 1.9231845e+02      
1.3207489e+02 1.8646270e+02      
1.3291371e+02 1.8452873e+02      
1.3485104e+02 1.8274273e+02      
1.3760170e+02 1.8112194e+02      
1.3791994e+02 1.7888573e+02      
1.3574553e+02 1.7604909e+02      
1.3180914e+02 1.7273557e+02      
1.2828287e+02 1.6952723e+02      
1.2561945e+02 1.6668782e+02      
1.2390705e+02 1.6435611e+02      
1.2306696e+02 1.6260028e+02      
1.2295049e+02 1.6146000e+02      
1.2340953e+02 1.6094806e+02      
1.2432105e+02 1.6104160e+02      
1.2553087e+02 1.6169948e+02      
1.2681179e+02 1.6287416e+02      
1.2802387e+02 1.6448166e+02      
1.2932948e+02 1.6636854e+02      
1.3098588e+02 1.6834963e+02      
1.3316916e+02 1.7025215e+02      
1.5064930e+02 1.6314154e+02      
1.5142702e+02 1.6062266e+02      
1.5313467e+02 1.5812817e+02      
1.5542551e+02 1.5567980e+02      
1.5506442e+02 1.5287825e+02      
1.5219443e+02 1.4970415e+02      
1.4910246e+02 1.4646730e+02      
1.4641369e+02 1.4338665e+02      
1.4442270e+02 1.4060574e+02      
1.4325524e+02 1.3822907e+02      
1.4288674e+02 1.3636241e+02      
1.4315262e+02 1.3512584e+02      
1.4388429e+02 1.3459420e+02      
1.4504817e+02 1.3472969e+02      
1.4653476e+02 1.3547874e+02      
1.4787863e+02 1.3684089e+02      
1.4842084e+02 1.3880017e+02      
1.4884613e+02 1.4110623e+02      
1.4969005e+02 1.4348709e+02      
1.5118317e+02 1.4572408e+02      
1.6602504e+02 1.3734315e+02      
1.6665231e+02 1.3415059e+02      
1.6785000e+02 1.3088976e+02      
1.6925289e+02 1.2760659e+02      
1.6800829e+02 1.2428446e+02      
1.6586504e+02 1.2093587e+02      
1.6355331e+02 1.1770307e+02      
1.6151749e+02 1.1467809e+02      
1.6009768e+02 1.1190051e+02      
1.5951836e+02 1.0941454e+02      
1.5980844e+02 1.0733913e+02      
1.6067698e+02 1.0592388e+02      
1.6163420e+02 1.0545159e+02      
1.6311640e+02 1.0568876e+02      
1.6519702e+02 1.0651934e+02      
1.6716599e+02 1.0807175e+02      
1.6642907e+02 1.1059224e+02      
1.6555935e+02 1.1354981e+02      
1.6535770e+02 1.1651277e+02      
1.6606844e+02 1.1920410e+02      
1.7808857e+02 1.0958740e+02      
1.7874144e+02 1.0560706e+02      
1.7925541e+02 1.0158259e+02      
1.7945545e+02 9.7576389e+01      
1.7860018e+02 9.3716447e+01      
1.7700579e+02 9.0123578e+01      
1.7513952e+02 8.6863493e+01      
1.7343775e+02 8.3911627e+01      
1.7237214e+02 8.1151387e+01      
1.7235403e+02 7.8480786e+01      
1.7349155e+02 7.6015763e+01      
1.7537042e+02 7.4195633e+01      
1.7615060e+02 7.4002648e+01      
1.7786337e+02 7.4445062e+01      
1.8059793e+02 7.5341911e+01      
1.8191301e+02 7.7325431e+01      
1.8118722e+02 8.0373153e+01      
1.7886662e+02 8.4239863e+01      
1.7747353e+02 8.7988528e+01      
1.7740213e+02 9.1235239e+01      
1.8650890e+02 8.0516040e+01      
1.8780467e+02 7.5538651e+01      
1.8777933e+02 7.0701731e+01      
1.8771346e+02 6.5858827e+01      
1.8702881e+02 6.1395479e+01      
1.8562969e+02 5.7538415e+01      
1.8380447e+02 5.4326292e+01      
1.8198521e+02 5.1624247e+01      
1.8082475e+02 4.9071647e+01      
1.8120819e+02 4.6181343e+01      
1.8313797e+02 4.3188352e+01      
1.8487963e+02 4.1465326e+01      
1.8626649e+02 4.1180815e+01      
1.8801108e+02 4.1957596e+01      
1.8979173e+02 4.3478731e+01      
1.9058925e+02 4.5962899e+01      
1.8983569e+02 4.9549735e+01      
1.8772075e+02 5.4007800e+01      
1.8533326e+02 5.8652506e+01      
1.8476899e+02 6.2428124e+01      
1.9055347e+02 5.0937836e+01      
1.9126758e+02 4.5350815e+01      
1.9264469e+02 3.9039594e+01      
1.9318921e+02 3.3006601e+01      
1.9268304e+02 2.7811007e+01      
1.9119617e+02 2.3720817e+01      
1.8902540e+02 2.0742446e+01      
1.8658814e+02 1.8638488e+01      
1.8461561e+02 1.6772338e+01      
1.8517622e+02 1.3691215e+01      
1.8665310e+02 1.0921779e+01      
1.8814167e+02 9.3827446e+00      
1.8941961e+02 9.3537742e+00      
1.9067432e+02 1.0590538e+01      
1.9207565e+02 1.2533392e+01      
1.9276635e+02 1.5280558e+01      
1.9194146e+02 1.9407008e+01      
1.8972161e+02 2.4606531e+01      
1.8823352e+02 2.9352196e+01      
1.8793883e+02 3.3376527e+01      
1.9053678e+02 2.1368812e+01      
1.9056557e+02 1.5365372e+01      
1.9138042e+02 8.5013141e+00      
1.9259387e+02 1.1156437e+00      
1.9219991e+02 -4.8294843e+00      
1.9043027e+02 -9.0391790e+00      
1.8768149e+02 -1.1540619e+01      
1.8446862e+02 -1.2734787e+01      
1.8264729e+02 -1.4324964e+01      
1.8261617e+02 -1.6666658e+01      
1.8398381e+02 -1.9487325e+01      
1.8528604e+02 -2.0919912e+01      
1.8619815e+02 -2.0482109e+01      
1.8675178e+02 -1.8455785e+01      
1.8788287e+02 -1.6412957e+01      
1.8906885e+02 -1.4007346e+01      
1.8831413e+02 -9.3968557e+00      
1.8732997e+02 -4.3877166e+00      
1.8682029e+02 3.5895624e-01      
1.8705618e+02 4.5462048e+00      
1.8673350e+02 -7.7021856e+00      
1.8599447e+02 -1.3959856e+01      
1.8596162e+02 -2.1133939e+01      
1.8657174e+02 -2.9124451e+01      
1.8585764e+02 -3.5659014e+01      
1.8362926e+02 -3.9919535e+01      
1.8031751e+02 -4.1946136e+01      
1.7750171e+02 -4.3126284e+01      
1.7578912e+02 -4.4296327e+01      
1.7534984e+02 -4.5813593e+01      
1.7599559e+02 -4.7578414e+01      
1.7720269e+02 -4.9007965e+01      
1.7786188e+02 -4.8112544e+01      
1.7875571e+02 -4.6659678e+01      
1.7998967e+02 -4.4906114e+01      
1.8110820e+02 -4.2309269e+01      
1.8137258e+02 -3.7994510e+01      
1.8139680e+02 -3.2974840e+01      
1.8167873e+02 -2.8061296e+01      
1.8243264e+02 -2.3649369e+01      
1.7937188e+02 -3.5811108e+01      
1.7781105e+02 -4.2181383e+01      
1.7669174e+02 -4.9334783e+01      
1.7587054e+02 -5.7062128e+01      
1.7474138e+02 -6.4416900e+01      
1.7195131e+02 -6.8703735e+01      
1.6909351e+02 -7.1914776e+01      
1.6650407e+02 -7.2635245e+01      
1.6483898e+02 -7.3176448e+01      
1.6415352e+02 -7.3891101e+01      
1.6432988e+02 -7.4697816e+01      
1.6510326e+02 -7.5230041e+01      
1.6612582e+02 -7.4960520e+01      
1.6749459e+02 -7.4293289e+01      
1.6918654e+02 -7.3290874e+01      
1.7089447e+02 -7.1314520e+01      
1.7165123e+02 -6.6469360e+01      
1.7231000e+02 -6.0888229e+01      
1.7317290e+02 -5.5505510e+01      
1.7437369e+02 -5.0755181e+01      
1.6874658e+02 -6.2540348e+01      
1.6636894e+02 -6.8942898e+01      
1.6421556e+02 -7.6051666e+01      
1.6222069e+02 -8.3736039e+01      
1.6017361e+02 -9.1470002e+01      
1.5708483e+02 -9.6424191e+01      
1.5423350e+02 -1.0019554e+02      
1.5187359e+02 -1.0083929e+02      
1.5029242e+02 -1.0071535e+02      
1.4948544e+02 -1.0066997e+02      
1.4941272e+02 -1.0078402e+02      
1.5005189e+02 -1.0087416e+02      
1.5135613e+02 -1.0086916e+02      
1.5322249e+02 -1.0094884e+02      
1.5550235e+02 -1.0089158e+02      
1.5756857e+02 -9.8695325e+01      
1.5912694e+02 -9.4045828e+01      
1.6026628e+02 -8.7526978e+01      
1.6158335e+02 -8.1404896e+01      
1.6316619e+02 -7.6242788e+01      
1.5520033e+02 -8.7496625e+01      
1.5206704e+02 -9.3898122e+01      
1.4899135e+02 -1.0099879e+02      
1.4590840e+02 -1.0864553e+02      
1.4270469e+02 -1.1628316e+02      
1.3933410e+02 -1.2273880e+02      
1.3634911e+02 -1.2651254e+02      
1.3405662e+02 -1.2751637e+02      
1.3261561e+02 -1.2643359e+02      
1.3172555e+02 -1.2566877e+02      
1.3142398e+02 -1.2530913e+02      
1.3195222e+02 -1.2511992e+02      
1.3363615e+02 -1.2497432e+02      
1.3605115e+02 -1.2551606e+02      
1.3868486e+02 -1.2508106e+02      
1.4121604e+02 -1.2269677e+02      
1.4346688e+02 -1.1810723e+02      
1.4540611e+02 -1.1178143e+02      
1.4716305e+02 -1.0493071e+02      
1.4910079e+02 -9.9528272e+01      
1.3910294e+02 -1.1029268e+02      
1.3530190e+02 -1.1666279e+02      
1.3141652e+02 -1.2377494e+02      
1.2738588e+02 -1.3156531e+02      
1.2319297e+02 -1.3975223e+02      
1.1938648e+02 -1.4595497e+02      
1.1619178e+02 -1.4963934e+02      
1.1379972e+02 -1.5075672e+02      
1.1235635e+02 -1.4952233e+02      
1.1131618e+02 -1.4829126e+02      
1.1062056e+02 -1.4762603e+02      
1.1075359e+02 -1.4731024e+02      
1.1315080e+02 -1.4615841e+02      
1.1627854e+02 -1.4537443e+02      
1.1944432e+02 -1.4482401e+02      
1.2247865e+02 -1.4239112e+02      
1.2532032e+02 -1.3766732e+02      
1.2787375e+02 -1.3117203e+02      
1.3020481e+02 -1.2516638e+02      
1.3250585e+02 -1.2013479e+02      
1.2084595e+02 -1.3055008e+02      
1.1648291e+02 -1.3683830e+02      
1.1190175e+02 -1.4394131e+02      
1.0709862e+02 -1.5172481e+02      
1.0224350e+02 -1.5960114e+02      
9.8079524e+01 -1.6533834e+02      
9.4659620e+01 -1.6882920e+02      
9.2019006e+01 -1.7017223e+02      
9.0165251e+01 -1.6959845e+02      
8.8951806e+01 -1.6784774e+02      
8.7710005e+01 -1.6694069e+02      
8.8140294e+01 -1.6586797e+02      
9.0589037e+01 -1.6421884e+02      
9.4698930e+01 -1.6204314e+02      
9.8696939e+01 -1.6006449e+02      
1.0218582e+02 -1.5767816e+02      
1.0552565e+02 -1.5275934e+02      
1.0848357e+02 -1.4739394e+02      
1.1118420e+02 -1.4233167e+02      
1.1376184e+02 -1.3788081e+02      
1.0084321e+02 -1.4790954e+02      
9.6046834e+01 -1.5402858e+02      
9.0881539e+01 -1.6107620e+02      
8.5445666e+01 -1.6876897e+02      
8.0524296e+01 -1.7537088e+02      
7.6274386e+01 -1.8034431e+02      
7.2737166e+01 -1.8354185e+02      
6.9906396e+01 -1.8500251e+02      
6.7696003e+01 -1.8484307e+02      
6.5889199e+01 -1.8337563e+02      
6.4967771e+01 -1.8186767e+02      
6.5597278e+01 -1.8024245e+02      
6.8109853e+01 -1.7819622e+02      
7.2247707e+01 -1.7559076e+02      
7.7082579e+01 -1.7252578e+02      
8.1039774e+01 -1.6931642e+02      
8.4502232e+01 -1.6527358e+02      
8.7630755e+01 -1.6088260e+02      
9.0519582e+01 -1.5661270e+02      
9.3257921e+01 -1.5272333e+02      
7.9522958e+01 -1.6205166e+02      
7.4517021e+01 -1.6777695e+02      
6.8982336e+01 -1.7455270e+02      
6.3751403e+01 -1.8090388e+02      
5.9023372e+01 -1.8632018e+02      
5.4889188e+01 -1.9051436e+02      
5.1393709e+01 -1.9335052e+02      
4.8542639e+01 -1.9481108e+02      
4.6291076e+01 -1.9497234e+02      
4.4586746e+01 -1.9402099e+02      
4.3564180e+01 -1.9226470e+02      
4.4070310e+01 -1.9043113e+02      
4.6680358e+01 -1.8816465e+02      
5.1072213e+01 -1.8527276e+02      
5.5314497e+01 -1.8220818e+02      
5.9094199e+01 -1.7895790e+02      
6.2494414e+01 -1.7541092e+02      
6.5629491e+01 -1.7168610e+02      
6.8569974e+01 -1.6802161e+02      
7.1368115e+01 -1.6461721e+02      
5.7258163e+01 -1.7279975e+02      
5.2424822e+01 -1.7768270e+02      
4.7449169e+01 -1.8297348e+02      
4.2671029e+01 -1.8802879e+02      
3.8289699e+01 -1.9242927e+02      
3.4407968e+01 -1.9593128e+02      
3.1088807e+01 -1.9839724e+02      
2.8363006e+01 -1.9978668e+02      
2.6237670e+01 -2.0014543e+02      
2.4717430e+01 -1.9959830e+02      
2.3819399e+01 -1.9837920e+02      
2.3749226e+01 -1.9680771e+02      
2.6397530e+01 -1.9456188e+02      
2.9769558e+01 -1.9196462e+02      
3.3234738e+01 -1.8914723e+02      
3.6578931e+01 -1.8614175e+02      
3.9758116e+01 -1.8296687e+02      
4.2783473e+01 -1.7970861e+02      
4.5676414e+01 -1.7650706e+02      
4.8455582e+01 -1.7350458e+02      
