2.4564564e+01 2.4730557e+02      
2.2987360e+01 2.4550471e+02      
2.1831771e+01 2.4365922e+02      
2.1026696e+01 2.4181515e+02      
2.0489353e+01 2.4001353e+02      
2.0170876e+01 2.3829231e+02      
2.0089774e+01 2.3668836e+02      
2.0297738e+01 2.3523170e+02      
2.0834962e+01 2.3394079e+02      
2.1719019e+01 2.3282394e+02      
2.2950488e+01 2.3188309e+02      
2.4518830e+01 2.3111900e+02      
2.6400801e+01 2.3053909e+02      
2.8548864e+01 2.3016912e+02      
3.0881176e+01 2.3006077e+02      
3.3305211e+01 2.3027394e+02      
3.5772859e+01 2.3083546e+02      
3.8313375e+01 2.3171132e+02      
4.1030101e+01 2.3280585e+02      
4.4060614e+01 2.3398904e+02      
5.2673701e+01 2.3793083e+02      
5.1374530e+01 2.3602778e+02      
5.0533334e+01 2.3405945e+02      
5.0044107e+01 2.3207912e+02      
4.9734689e+01 2.3012684e+02      
4.9483400e+01 2.2823747e+02      
4.9378888e+01 2.2646056e+02      
4.9556723e+01 2.2483439e+02      
5.0083081e+01 2.2337362e+02      
5.0974116e+01 2.2207776e+02      
5.2224115e+01 2.2093737e+02      
5.3823466e+01 2.1993874e+02      
5.5760672e+01 2.1907261e+02      
5.7993977e+01 2.1835874e+02      
6.0386500e+01 2.1789007e+02      
6.2728813e+01 2.1781436e+02      
6.4911999e+01 2.1821211e+02      
6.6975102e+01 2.1905014e+02      
6.9101898e+01 2.2017866e+02      
7.1563289e+01 2.2137505e+02      
7.9435678e+01 2.2492029e+02      
7.8485210e+01 2.2288824e+02      
7.8072204e+01 2.2077283e+02      
7.8090335e+01 2.1864726e+02      
7.8196321e+01 2.1654955e+02      
7.7865827e+01 2.1446224e+02      
7.7592264e+01 2.1250180e+02      
7.7677440e+01 2.1071907e+02      
7.8173158e+01 2.0911295e+02      
7.9065949e+01 2.0766855e+02      
8.0325025e+01 2.0636150e+02      
8.1937615e+01 2.0515686e+02      
8.3928053e+01 2.0400751e+02      
8.6341085e+01 2.0287177e+02      
8.9017069e+01 2.0186804e+02      
9.1345513e+01 2.0142307e+02      
9.3170444e+01 2.0168341e+02      
9.4542343e+01 2.0262011e+02      
9.5720807e+01 2.0402291e+02      
9.7407850e+01 2.0537959e+02      
1.0435814e+02 2.0851028e+02      
1.0381127e+02 2.0631325e+02      
1.0392688e+02 2.0400786e+02      
1.0466481e+02 2.0170434e+02      
1.0570207e+02 1.9950165e+02      
1.0480890e+02 1.9714146e+02      
1.0419864e+02 1.9500502e+02      
1.0415219e+02 1.9309796e+02      
1.0462993e+02 1.9138712e+02      
1.0554729e+02 1.8984106e+02      
1.0681169e+02 1.8842229e+02      
1.0838698e+02 1.8707864e+02      
1.1033717e+02 1.8572022e+02      
1.1288838e+02 1.8416251e+02      
1.1622842e+02 1.8231112e+02      
1.1849606e+02 1.8145655e+02      
1.1988418e+02 1.8160841e+02      
1.2044703e+02 1.8274120e+02      
1.2013742e+02 1.8480614e+02      
1.2098225e+02 1.8640383e+02      
1.2695042e+02 1.8899814e+02      
1.2682844e+02 1.8659265e+02      
1.2753749e+02 1.8402866e+02      
1.2894975e+02 1.8142673e+02      
1.3035528e+02 1.7890713e+02      
1.2947181e+02 1.7643196e+02      
1.2860803e+02 1.7420460e+02      
1.2844595e+02 1.7223110e+02      
1.2899480e+02 1.7047367e+02      
1.3002579e+02 1.6888645e+02      
1.3131827e+02 1.6742706e+02      
1.3277342e+02 1.6604690e+02      
1.3446047e+02 1.6466542e+02      
1.3659007e+02 1.6306388e+02      
1.3917952e+02 1.6100902e+02      
1.4080220e+02 1.6003907e+02      
1.4168148e+02 1.6013766e+02      
1.4182613e+02 1.6125257e+02      
1.4119500e+02 1.6335690e+02      
1.4168434e+02 1.6492323e+02      
1.4673076e+02 1.6674388e+02      
1.4699718e+02 1.6409013e+02      
1.4833250e+02 1.6119240e+02      
1.5048185e+02 1.5820020e+02      
1.5160131e+02 1.5533858e+02      
1.5134551e+02 1.5268806e+02      
1.5017253e+02 1.5040547e+02      
1.4996308e+02 1.4842492e+02      
1.5085120e+02 1.4670121e+02      
1.5221229e+02 1.4513636e+02      
1.5361704e+02 1.4370448e+02      
1.5486979e+02 1.4238182e+02      
1.5597747e+02 1.4114309e+02      
1.5718542e+02 1.3997648e+02      
1.5758549e+02 1.3851048e+02      
1.5808964e+02 1.3779887e+02      
1.5844672e+02 1.3791970e+02      
1.5855510e+02 1.3876543e+02      
1.5859631e+02 1.4008521e+02      
1.5918833e+02 1.4130504e+02      
1.6324892e+02 1.4216562e+02      
1.6368186e+02 1.3926744e+02      
1.6544142e+02 1.3599811e+02      
1.6697677e+02 1.3273410e+02      
1.6789111e+02 1.2957342e+02      
1.6811636e+02 1.2662092e+02      
1.6787813e+02 1.2403579e+02      
1.6778780e+02 1.2200410e+02      
1.6954740e+02 1.2034865e+02      
1.7156174e+02 1.1882868e+02      
1.7324851e+02 1.1747666e+02      
1.7431008e+02 1.1627647e+02      
1.7448034e+02 1.1517397e+02      
1.7356338e+02 1.1406702e+02      
1.7289867e+02 1.1325832e+02      
1.7259819e+02 1.1294832e+02      
1.7250430e+02 1.1318648e+02      
1.7253418e+02 1.1388036e+02      
1.7277799e+02 1.1483348e+02      
1.7343509e+02 1.1578465e+02      
1.7620980e+02 1.1570587e+02      
1.7629581e+02 1.1264936e+02      
1.7708088e+02 1.0929823e+02      
1.7798662e+02 1.0583076e+02      
1.7873380e+02 1.0237096e+02      
1.7930095e+02 9.9030295e+01      
1.7985702e+02 9.5949691e+01      
1.8082626e+02 9.3276608e+01      
1.8280811e+02 9.1119474e+01      
1.8559611e+02 8.9619481e+01      
1.8775208e+02 8.8410824e+01      
1.8883395e+02 8.7417487e+01      
1.8843893e+02 8.6609658e+01      
1.8648703e+02 8.5952882e+01      
1.8505386e+02 8.5661393e+01      
1.8420162e+02 8.5749132e+01      
1.8374459e+02 8.6193628e+01      
1.8360431e+02 8.6918548e+01      
1.8379580e+02 8.7789983e+01      
1.8438704e+02 8.8645225e+01      
1.8558488e+02 8.7793247e+01      
1.8526299e+02 8.4580639e+01      
1.8542901e+02 8.1071421e+01      
1.8588109e+02 7.7366043e+01      
1.8647703e+02 7.3561232e+01      
1.8721313e+02 6.9749944e+01      
1.8821968e+02 6.6045388e+01      
1.8972591e+02 6.2614072e+01      
1.9188163e+02 5.9757356e+01      
1.9422933e+02 5.8266065e+01      
1.9689520e+02 5.7263102e+01      
1.9830701e+02 5.6534136e+01      
1.9787032e+02 5.6130718e+01      
1.9557880e+02 5.6089905e+01      
1.9373316e+02 5.6332895e+01      
1.9251828e+02 5.6829370e+01      
1.9178390e+02 5.7549610e+01      
1.9145399e+02 5.8432264e+01      
1.9150911e+02 5.9380099e+01      
1.9196294e+02 6.0274900e+01      
1.9142479e+02 5.8871029e+01      
1.9079022e+02 5.5477918e+01      
1.9058248e+02 5.1757119e+01      
1.9072200e+02 4.7777288e+01      
1.9115915e+02 4.3599580e+01      
1.9192018e+02 3.9267570e+01      
1.9310520e+02 3.4858098e+01      
1.9481278e+02 3.0635778e+01      
1.9677762e+02 2.7536185e+01      
1.9890459e+02 2.5728249e+01      
2.0107286e+02 2.5013860e+01      
2.0303134e+02 2.4521531e+01      
2.0296222e+02 2.4487538e+01      
2.0072899e+02 2.5070327e+01      
1.9874091e+02 2.5860399e+01      
1.9732718e+02 2.6783074e+01      
1.9640085e+02 2.7828211e+01      
1.9590185e+02 2.8954447e+01      
1.9580071e+02 3.0085883e+01      
1.9608876e+02 3.1125156e+01      
1.9375491e+02 2.9411478e+01      
1.9287257e+02 2.5826976e+01      
1.9238554e+02 2.1882474e+01      
1.9226783e+02 1.7627990e+01      
1.9251433e+02 1.3100823e+01      
1.9317248e+02 8.2931128e+00      
1.9433516e+02 3.1866361e+00      
1.9583974e+02 -1.2728276e+00      
1.9762473e+02 -4.5598647e+00      
1.9963585e+02 -6.5667356e+00      
2.0175894e+02 -7.5234221e+00      
2.0357954e+02 -7.7770548e+00      
2.0409975e+02 -7.6465538e+00      
2.0204591e+02 -6.4762189e+00      
2.0003865e+02 -5.1545555e+00      
1.9853864e+02 -3.8141289e+00      
1.9749546e+02 -2.4197951e+00      
1.9686273e+02 -9.8949904e-01      
1.9661289e+02 4.0802239e-01      
1.9673118e+02 1.6783477e+00      
1.9260767e+02 -9.9763162e-02      
1.9151315e+02 -3.8732831e+00      
1.9078549e+02 -8.0304342e+00      
1.9042259e+02 -1.2532594e+01      
1.9043358e+02 -1.7349368e+01      
1.9085123e+02 -2.2433564e+01      
1.9171213e+02 -2.7609570e+01      
1.9299619e+02 -3.2442124e+01      
1.9462896e+02 -3.5864730e+01      
1.9662170e+02 -3.7824891e+01      
1.9896122e+02 -3.8843204e+01      
2.0147079e+02 -3.9941367e+01      
2.0179280e+02 -3.9685127e+01      
1.9965048e+02 -3.7885205e+01      
1.9766302e+02 -3.6108976e+01      
1.9616125e+02 -3.4415314e+01      
1.9506536e+02 -3.2674479e+01      
1.9433496e+02 -3.0889238e+01      
1.9395339e+02 -2.9149545e+01      
1.9391014e+02 -2.7569316e+01      
1.8805120e+02 -2.9179804e+01      
1.8676281e+02 -3.3131395e+01      
1.8581053e+02 -3.7474333e+01      
1.8520159e+02 -4.2180374e+01      
1.8494396e+02 -4.7244371e+01      
1.8505552e+02 -5.2642535e+01      
1.8557692e+02 -5.8081850e+01      
1.8656307e+02 -6.2749082e+01      
1.8802788e+02 -6.6116989e+01      
1.9002870e+02 -6.7563513e+01      
1.9249114e+02 -6.8919727e+01      
1.9513708e+02 -7.0595308e+01      
1.9548923e+02 -7.0455602e+01      
1.9350933e+02 -6.8389279e+01      
1.9168916e+02 -6.6429790e+01      
1.9028821e+02 -6.4544967e+01      
1.8919414e+02 -6.2472127e+01      
1.8839093e+02 -6.0258588e+01      
1.8789297e+02 -5.8085477e+01      
1.8770121e+02 -5.6115091e+01      
1.8020050e+02 -5.7361529e+01      
1.7872689e+02 -6.1479526e+01      
1.7755878e+02 -6.5969036e+01      
1.7670702e+02 -7.0805382e+01      
1.7616889e+02 -7.6034621e+01      
1.7593600e+02 -8.1804324e+01      
1.7605201e+02 -8.8055255e+01      
1.7672256e+02 -9.2654544e+01      
1.7804503e+02 -9.5258159e+01      
1.8000805e+02 -9.5887093e+01      
1.8238094e+02 -9.7125055e+01      
1.8486608e+02 -9.9087665e+01      
1.8531241e+02 -9.9200954e+01      
1.8372677e+02 -9.7311743e+01      
1.8227849e+02 -9.5649012e+01      
1.8112763e+02 -9.3916754e+01      
1.8004661e+02 -9.1437686e+01      
1.7916418e+02 -8.8630045e+01      
1.7855781e+02 -8.5893879e+01      
1.7823303e+02 -8.3448656e+01      
1.6922007e+02 -8.4203547e+01      
1.6756188e+02 -8.8492857e+01      
1.6618488e+02 -9.3088171e+01      
1.6510745e+02 -9.7935705e+01      
1.6431048e+02 -1.0311330e+02      
1.6373100e+02 -1.0887457e+02      
1.6337123e+02 -1.1517377e+02      
1.6372063e+02 -1.1953648e+02      
1.6488760e+02 -1.2162179e+02      
1.6680995e+02 -1.2173438e+02      
1.6891818e+02 -1.2264815e+02      
1.7099585e+02 -1.2454055e+02      
1.7151818e+02 -1.2504774e+02      
1.7053253e+02 -1.2401315e+02      
1.6965486e+02 -1.2334886e+02      
1.6897151e+02 -1.2240458e+02      
1.6781114e+02 -1.1918844e+02      
1.6682573e+02 -1.1551014e+02      
1.6611896e+02 -1.1203867e+02      
1.6568286e+02 -1.0904411e+02      
1.5532418e+02 -1.0929137e+02      
1.5346709e+02 -1.1381432e+02      
1.5188116e+02 -1.1850836e+02      
1.5061279e+02 -1.2321987e+02      
1.4963482e+02 -1.2801532e+02      
1.4881433e+02 -1.3323121e+02      
1.4807205e+02 -1.3896028e+02      
1.4814321e+02 -1.4284553e+02      
1.4912121e+02 -1.4457630e+02      
1.5090965e+02 -1.4443513e+02      
1.5258695e+02 -1.4495979e+02      
1.5389765e+02 -1.4611208e+02      
1.5443671e+02 -1.4713157e+02      
1.5428736e+02 -1.4796967e+02      
1.5400566e+02 -1.4885503e+02      
1.5345316e+02 -1.4797881e+02      
1.5258848e+02 -1.4496794e+02      
1.5155574e+02 -1.4026460e+02      
1.5078575e+02 -1.3591304e+02      
1.5027409e+02 -1.3235161e+02      
1.3878397e+02 -1.3220227e+02      
1.3667244e+02 -1.3719393e+02      
1.3484936e+02 -1.4207802e+02      
1.3343175e+02 -1.4652110e+02      
1.3241718e+02 -1.5052730e+02      
1.3162256e+02 -1.5450041e+02      
1.3079486e+02 -1.5901526e+02      
1.3071006e+02 -1.6218317e+02      
1.3142527e+02 -1.6371516e+02      
1.3287670e+02 -1.6372857e+02      
1.3409344e+02 -1.6422057e+02      
1.3495999e+02 -1.6521449e+02      
1.3542252e+02 -1.6664327e+02      
1.3555408e+02 -1.6878420e+02      
1.3536050e+02 -1.6995118e+02      
1.3491838e+02 -1.6924534e+02      
1.3429083e+02 -1.6641700e+02      
1.3354955e+02 -1.6187814e+02      
1.3280895e+02 -1.5673394e+02      
1.3227840e+02 -1.5281410e+02      
1.1998004e+02 -1.5226692e+02      
1.1752823e+02 -1.5809880e+02      
1.1539895e+02 -1.6332589e+02      
1.1385997e+02 -1.6743245e+02      
1.1298278e+02 -1.7029910e+02      
1.1255848e+02 -1.7230133e+02      
1.1212328e+02 -1.7497492e+02      
1.1201789e+02 -1.7731862e+02      
1.1238038e+02 -1.7883242e+02      
1.1309623e+02 -1.7964713e+02      
1.1380522e+02 -1.8041386e+02      
1.1433074e+02 -1.8139613e+02      
1.1461628e+02 -1.8268133e+02      
1.1464965e+02 -1.8432012e+02      
1.1441724e+02 -1.8596273e+02      
1.1402033e+02 -1.8555947e+02      
1.1356791e+02 -1.8275597e+02      
1.1305447e+02 -1.7807568e+02      
1.1250414e+02 -1.7368055e+02      
1.1202513e+02 -1.7001240e+02      
9.9402019e+01 -1.6856757e+02      
9.6968716e+01 -1.7368342e+02      
9.4524416e+01 -1.7920488e+02      
9.2868591e+01 -1.8304725e+02      
9.2284985e+01 -1.8471777e+02      
9.1858147e+01 -1.8636316e+02      
9.1485901e+01 -1.8827642e+02      
9.1295666e+01 -1.9009767e+02      
9.1356480e+01 -1.9154287e+02      
9.1609258e+01 -1.9262233e+02      
9.1912677e+01 -1.9353111e+02      
9.2146126e+01 -1.9442859e+02      
9.2241949e+01 -1.9537671e+02      
9.2166224e+01 -1.9634605e+02      
9.1899953e+01 -1.9712075e+02      
9.1466642e+01 -1.9705316e+02      
9.1164897e+01 -1.9417929e+02      
9.0769335e+01 -1.9059178e+02      
9.0326527e+01 -1.8704246e+02      
8.9899081e+01 -1.8383243e+02      
7.7331403e+01 -1.8130110e+02      
7.5049978e+01 -1.8553712e+02      
7.2826524e+01 -1.8996454e+02      
7.0902879e+01 -1.9388400e+02      
7.0243599e+01 -1.9549156e+02      
6.9690673e+01 -1.9707000e+02      
6.9202915e+01 -1.9873892e+02      
6.8858355e+01 -2.0030310e+02      
6.8679722e+01 -2.0163365e+02      
6.8633438e+01 -2.0270902e+02      
6.8647884e+01 -2.0358666e+02      
6.8649265e+01 -2.0432746e+02      
6.8583599e+01 -2.0494274e+02      
6.8419499e+01 -2.0536436e+02      
6.8147031e+01 -2.0540810e+02      
6.7800865e+01 -2.0466721e+02      
6.7462727e+01 -2.0265192e+02      
6.7095354e+01 -1.9995698e+02      
6.6700396e+01 -1.9708489e+02      
6.6304139e+01 -1.9430431e+02      
