2.8650381e+01 2.3732615e+02      
2.9325636e+01 2.3594697e+02      
3.0445589e+01 2.3490443e+02      
3.1932547e+01 2.3429087e+02      
3.3747056e+01 2.3419236e+02      
3.5869141e+01 2.3467130e+02      
3.8215602e+01 2.3573037e+02      
4.0488815e+01 2.3722849e+02      
4.1906418e+01 2.3863433e+02      
4.0258412e+01 2.3794893e+02      
3.7956762e+01 2.3711057e+02      
3.5944468e+01 2.3660056e+02      
3.4598689e+01 2.3651344e+02      
3.4010053e+01 2.3681011e+02      
3.4154913e+01 2.3741049e+02      
3.4987003e+01 2.3823045e+02      
3.6471270e+01 2.3919416e+02      
3.8586467e+01 2.4023346e+02      
4.1318270e+01 2.4128411e+02      
4.4652631e+01 2.4228339e+02      
5.6523636e+01 2.2701129e+02      
5.7688508e+01 2.2547320e+02      
5.9292249e+01 2.2428875e+02      
6.1224153e+01 2.2358386e+02      
6.3485144e+01 2.2349752e+02      
6.6210798e+01 2.2417945e+02      
6.9458367e+01 2.2571374e+02      
7.2732185e+01 2.2787930e+02      
7.3629756e+01 2.2898444e+02      
7.1827574e+01 2.2860254e+02      
6.7949955e+01 2.2707788e+02      
6.4668862e+01 2.2605401e+02      
6.2547747e+01 2.2568813e+02      
6.1502387e+01 2.2584279e+02      
6.1328819e+01 2.2634952e+02      
6.1894410e+01 2.2708263e+02      
6.3132188e+01 2.2795094e+02      
6.5014037e+01 2.2888185e+02      
6.7525674e+01 2.2980849e+02      
7.0652993e+01 2.3066476e+02      
8.2907897e+01 2.1287274e+02      
8.4709932e+01 2.1108835e+02      
8.6894852e+01 2.0965482e+02      
8.9246206e+01 2.0873122e+02      
9.1768935e+01 2.0850617e+02      
9.4825232e+01 2.0922656e+02      
9.8865948e+01 2.1109875e+02      
1.0131403e+02 2.1281157e+02      
1.0156202e+02 2.1372390e+02      
9.9469993e+01 2.1358390e+02      
9.5507871e+01 2.1254011e+02      
9.1050661e+01 2.1121292e+02      
8.8440788e+01 2.1078538e+02      
8.7167505e+01 2.1096530e+02      
8.6808449e+01 2.1149417e+02      
8.7160256e+01 2.1221673e+02      
8.8155638e+01 2.1304606e+02      
8.9786559e+01 2.1391993e+02      
9.2051643e+01 2.1477386e+02      
9.4941691e+01 2.1553934e+02      
1.0726462e+02 1.9515198e+02      
1.1003737e+02 1.9302662e+02      
1.1299674e+02 1.9120566e+02      
1.1574144e+02 1.8989133e+02      
1.1818677e+02 1.8931059e+02      
1.2056076e+02 1.8966242e+02      
1.2333916e+02 1.9095753e+02      
1.2467769e+02 1.9241681e+02      
1.2439805e+02 1.9329010e+02      
1.2184699e+02 1.9331952e+02      
1.1744290e+02 1.9255816e+02      
1.1391260e+02 1.9201483e+02      
1.1168741e+02 1.9198871e+02      
1.1057114e+02 1.9241980e+02      
1.1023495e+02 1.9312026e+02      
1.1041524e+02 1.9389526e+02      
1.1115328e+02 1.9473135e+02      
1.1250709e+02 1.9559887e+02      
1.1449872e+02 1.9643541e+02      
1.1712583e+02 1.9716814e+02      
1.2872694e+02 1.7415048e+02      
1.3292864e+02 1.7158976e+02      
1.3688215e+02 1.6919686e+02      
1.4006880e+02 1.6729139e+02      
1.4223479e+02 1.6616983e+02      
1.4310459e+02 1.6599761e+02      
1.4238830e+02 1.6664992e+02      
1.4209380e+02 1.6768578e+02      
1.4185393e+02 1.6866027e+02      
1.3892044e+02 1.6890139e+02      
1.3587294e+02 1.6895756e+02      
1.3351818e+02 1.6916991e+02      
1.3206858e+02 1.6969901e+02      
1.3143980e+02 1.7054874e+02      
1.3137572e+02 1.7159234e+02      
1.3134960e+02 1.7243006e+02      
1.3177760e+02 1.7330672e+02      
1.3281044e+02 1.7421809e+02      
1.3450060e+02 1.7509791e+02      
1.3684585e+02 1.7586261e+02      
1.4611032e+02 1.5023309e+02      
1.4978857e+02 1.4700565e+02      
1.5461344e+02 1.4385191e+02      
1.5834198e+02 1.4116757e+02      
1.6040176e+02 1.3938848e+02      
1.6029782e+02 1.3877924e+02      
1.5791112e+02 1.3925554e+02      
1.5624852e+02 1.4012338e+02      
1.5495457e+02 1.4103947e+02      
1.5311859e+02 1.4177908e+02      
1.5132966e+02 1.4248031e+02      
1.5007401e+02 1.4331419e+02      
1.4951104e+02 1.4438662e+02      
1.4953764e+02 1.4570235e+02      
1.4961155e+02 1.4698376e+02      
1.4962299e+02 1.4811616e+02      
1.4969379e+02 1.4909822e+02      
1.5035309e+02 1.5011571e+02      
1.5172058e+02 1.5110986e+02      
1.5377943e+02 1.5198045e+02      
1.5959871e+02 1.2392237e+02      
1.6244361e+02 1.2002042e+02      
1.6625353e+02 1.1612702e+02      
1.7046764e+02 1.1245032e+02      
1.7277277e+02 1.0984519e+02      
1.7246791e+02 1.0882933e+02      
1.6962897e+02 1.0935097e+02      
1.6743403e+02 1.1027819e+02      
1.6590878e+02 1.1133100e+02      
1.6469325e+02 1.1243587e+02      
1.6382990e+02 1.1361242e+02      
1.6351347e+02 1.1493800e+02      
1.6385413e+02 1.1648526e+02      
1.6431274e+02 1.1809892e+02      
1.6454968e+02 1.1966111e+02      
1.6454820e+02 1.2111292e+02      
1.6451170e+02 1.2243726e+02      
1.6478128e+02 1.2365704e+02      
1.6585343e+02 1.2486025e+02      
1.6764914e+02 1.2592294e+02      
1.6943804e+02 9.5756944e+01      
1.7146278e+02 9.1143110e+01      
1.7420309e+02 8.6462904e+01      
1.7733072e+02 8.1979075e+01      
1.8006465e+02 7.8266005e+01      
1.8003383e+02 7.6837554e+01      
1.7741980e+02 7.7482366e+01      
1.7533691e+02 7.8568869e+01      
1.7403251e+02 7.9834852e+01      
1.7332722e+02 8.1252911e+01      
1.7319205e+02 8.2804882e+01      
1.7364874e+02 8.4503159e+01      
1.7461984e+02 8.6360881e+01      
1.7572142e+02 8.8309134e+01      
1.7605397e+02 9.0156442e+01      
1.7586180e+02 9.1928611e+01      
1.7554230e+02 9.3609751e+01      
1.7575549e+02 9.5244064e+01      
1.7665764e+02 9.6785598e+01      
1.7823689e+02 9.8134290e+01      
1.7573568e+02 6.6299942e+01      
1.7703795e+02 6.0909394e+01      
1.7890960e+02 5.5281082e+01      
1.8111317e+02 4.9750906e+01      
1.8311789e+02 4.5101378e+01      
1.8334471e+02 4.3452592e+01      
1.8132836e+02 4.4206592e+01      
1.7972006e+02 4.5432230e+01      
1.7883957e+02 4.6929037e+01      
1.7866395e+02 4.8659466e+01      
1.7921485e+02 5.0546224e+01      
1.8047467e+02 5.2558390e+01      
1.8226370e+02 5.4708929e+01      
1.8402776e+02 5.6984800e+01      
1.8416376e+02 5.9050974e+01      
1.8353521e+02 6.1159272e+01      
1.8310921e+02 6.3299080e+01      
1.8322902e+02 6.5404414e+01      
1.8399359e+02 6.7375678e+01      
1.8539427e+02 6.9098612e+01      
1.7856077e+02 3.6179931e+01      
1.7923214e+02 2.9978051e+01      
1.8041687e+02 2.3224421e+01      
1.8191058e+02 1.6428023e+01      
1.8282806e+02 1.1650871e+01      
1.8272104e+02 9.5531423e+00      
1.8154026e+02 1.0086284e+01      
1.8056223e+02 1.1263477e+01      
1.8012564e+02 1.3049574e+01      
1.8044893e+02 1.5150646e+01      
1.8167836e+02 1.7372883e+01      
1.8384244e+02 1.9646603e+01      
1.8661436e+02 2.2010071e+01      
1.8843901e+02 2.4426719e+01      
1.8883061e+02 2.6856738e+01      
1.8789182e+02 2.9363988e+01      
1.8719739e+02 3.2014804e+01      
1.8715020e+02 3.4663397e+01      
1.8778367e+02 3.7150450e+01      
1.8903687e+02 3.9331515e+01      
1.7797498e+02 6.0847308e+00      
1.7805924e+02 -7.6058019e-01      
1.7861551e+02 -8.6058894e+00      
1.7910771e+02 -1.5625336e+01      
1.7926024e+02 -2.0702670e+01      
1.7896646e+02 -2.3400169e+01      
1.7837656e+02 -2.4026767e+01      
1.7793532e+02 -2.3420250e+01      
1.7777756e+02 -2.1269857e+01      
1.7847796e+02 -1.8710534e+01      
1.8025512e+02 -1.6096859e+01      
1.8329018e+02 -1.3621667e+01      
1.8625882e+02 -1.1176894e+01      
1.8831749e+02 -8.6743809e+00      
1.8907186e+02 -6.0035567e+00      
1.8860318e+02 -3.0360787e+00      
1.8759637e+02 2.3246690e-01      
1.8743355e+02 3.5375927e+00      
1.8799037e+02 6.6479803e+00      
1.8913871e+02 9.3739718e+00      
1.7407944e+02 -2.3375175e+01      
1.7355675e+02 -3.0319602e+01      
1.7330171e+02 -3.7835548e+01      
1.7305686e+02 -4.5413748e+01      
1.7264375e+02 -5.0976236e+01      
1.7215271e+02 -5.4102592e+01      
1.7169332e+02 -5.5285002e+01      
1.7147989e+02 -5.6314862e+01      
1.7169787e+02 -5.5245314e+01      
1.7264852e+02 -5.2278213e+01      
1.7460401e+02 -4.9146958e+01      
1.7751301e+02 -4.6291825e+01      
1.8097870e+02 -4.3857440e+01      
1.8349508e+02 -4.1442435e+01      
1.8463309e+02 -3.8771600e+01      
1.8444050e+02 -3.5541385e+01      
1.8406014e+02 -3.1587232e+01      
1.8407412e+02 -2.7443354e+01      
1.8464344e+02 -2.3566020e+01      
1.8573657e+02 -2.0205894e+01      
1.6704509e+02 -5.1827996e+01      
1.6600184e+02 -5.8718401e+01      
1.6515295e+02 -6.5860129e+01      
1.6432821e+02 -7.2822053e+01      
1.6339225e+02 -7.8851439e+01      
1.6265276e+02 -8.2188586e+01      
1.6196681e+02 -8.4860528e+01      
1.6162124e+02 -8.7027267e+01      
1.6195273e+02 -8.6890880e+01      
1.6310051e+02 -8.4712784e+01      
1.6516632e+02 -8.1073146e+01      
1.6797978e+02 -7.7718213e+01      
1.7122191e+02 -7.5032444e+01      
1.7432605e+02 -7.2967491e+01      
1.7592159e+02 -7.0670910e+01      
1.7703870e+02 -6.7978178e+01      
1.7706338e+02 -6.2987863e+01      
1.7724264e+02 -5.7701436e+01      
1.7785560e+02 -5.2872129e+01      
1.7893139e+02 -4.8804553e+01      
1.5706867e+02 -7.8987422e+01      
1.5561786e+02 -8.5906266e+01      
1.5436510e+02 -9.2934536e+01      
1.5317667e+02 -9.9516245e+01      
1.5188518e+02 -1.0479008e+02      
1.5062306e+02 -1.0894399e+02      
1.4942527e+02 -1.1289547e+02      
1.4891156e+02 -1.1512305e+02      
1.4922488e+02 -1.1537293e+02      
1.5039564e+02 -1.1386724e+02      
1.5244290e+02 -1.1095682e+02      
1.5531696e+02 -1.0715306e+02      
1.5852139e+02 -1.0421450e+02      
1.6164554e+02 -1.0239525e+02      
1.6426119e+02 -1.0108941e+02      
1.6596886e+02 -9.8113335e+01      
1.6682081e+02 -9.3085629e+01      
1.6713346e+02 -8.6485202e+01      
1.6779008e+02 -8.0553902e+01      
1.6887863e+02 -7.5775045e+01      
1.4435063e+02 -1.0451402e+02      
1.4257114e+02 -1.1159611e+02      
1.4103356e+02 -1.1882964e+02      
1.3968609e+02 -1.2570451e+02      
1.3794275e+02 -1.2991874e+02      
1.3627767e+02 -1.3374104e+02      
1.3470087e+02 -1.3763292e+02      
1.3405367e+02 -1.3966430e+02      
1.3432309e+02 -1.3995784e+02      
1.3543081e+02 -1.3884050e+02      
1.3734265e+02 -1.3659444e+02      
1.4001701e+02 -1.3355989e+02      
1.4334655e+02 -1.3038130e+02      
1.4667629e+02 -1.2895600e+02      
1.4944358e+02 -1.2732394e+02      
1.5150082e+02 -1.2421063e+02      
1.5291511e+02 -1.1917116e+02      
1.5385088e+02 -1.1259346e+02      
1.5461555e+02 -1.0567914e+02      
1.5578102e+02 -1.0044762e+02      
1.2911216e+02 -1.2800746e+02      
1.2703990e+02 -1.3538646e+02      
1.2520489e+02 -1.4287812e+02      
1.2353820e+02 -1.4959417e+02      
1.2164223e+02 -1.5315683e+02      
1.1985491e+02 -1.5598331e+02      
1.1835384e+02 -1.5868713e+02      
1.1781707e+02 -1.5996935e+02      
1.1810331e+02 -1.6000189e+02      
1.1912679e+02 -1.5900146e+02      
1.2084125e+02 -1.5716585e+02      
1.2319493e+02 -1.5473808e+02      
1.2610604e+02 -1.5206201e+02      
1.2936603e+02 -1.4957661e+02      
1.3209558e+02 -1.4822337e+02      
1.3427054e+02 -1.4531407e+02      
1.3599732e+02 -1.4019739e+02      
1.3731149e+02 -1.3337535e+02      
1.3854140e+02 -1.2725892e+02      
1.3991344e+02 -1.2229640e+02      
1.1161390e+02 -1.4901978e+02      
1.0926165e+02 -1.5682624e+02      
1.0715003e+02 -1.6470824e+02      
1.0519699e+02 -1.7055168e+02      
1.0330896e+02 -1.7389799e+02      
1.0153706e+02 -1.7527923e+02      
1.0093998e+02 -1.7564522e+02      
1.0076107e+02 -1.7580042e+02      
1.0112018e+02 -1.7538392e+02      
1.0205943e+02 -1.7431523e+02      
1.0355531e+02 -1.7266297e+02      
1.0555167e+02 -1.7056782e+02      
1.0794885e+02 -1.6821976e+02      
1.1053733e+02 -1.6588439e+02      
1.1294318e+02 -1.6384082e+02      
1.1502268e+02 -1.6142045e+02      
1.1691640e+02 -1.5624847e+02      
1.1855159e+02 -1.5068944e+02      
1.2008504e+02 -1.4555073e+02      
1.2164383e+02 -1.4113341e+02      
9.2168731e+01 -1.6700090e+02      
8.9542681e+01 -1.7514571e+02      
8.7210367e+01 -1.8201232e+02      
8.5167450e+01 -1.8701747e+02      
8.3460041e+01 -1.8977560e+02      
8.2311709e+01 -1.9002124e+02      
8.1825500e+01 -1.8962561e+02      
8.1808340e+01 -1.8905294e+02      
8.2220334e+01 -1.8822543e+02      
8.3082469e+01 -1.8702860e+02      
8.4384263e+01 -1.8544080e+02      
8.6078165e+01 -1.8351138e+02      
8.8071674e+01 -1.8133474e+02      
9.0216982e+01 -1.7901389e+02      
9.2342240e+01 -1.7654839e+02      
9.4349511e+01 -1.7357462e+02      
9.6239417e+01 -1.6953235e+02      
9.8004640e+01 -1.6508909e+02      
9.9693685e+01 -1.6079558e+02      
1.0136700e+02 -1.5693241e+02      
7.1195890e+01 -1.8111593e+02      
6.8495341e+01 -1.8801868e+02      
6.6114729e+01 -1.9378995e+02      
6.4084210e+01 -1.9808611e+02      
6.2472096e+01 -2.0066159e+02      
6.1407589e+01 -2.0143939e+02      
6.1047306e+01 -2.0062264e+02      
6.1130654e+01 -1.9959624e+02      
6.1567132e+01 -1.9847888e+02      
6.2348188e+01 -1.9719141e+02      
6.3481635e+01 -1.9563944e+02      
6.4936108e+01 -1.9380706e+02      
6.6643318e+01 -1.9172073e+02      
6.8507064e+01 -1.8940399e+02      
7.0426823e+01 -1.8681965e+02      
7.2331095e+01 -1.8383887e+02      
7.4186870e+01 -1.8039679e+02      
7.5985274e+01 -1.7670086e+02      
7.7738346e+01 -1.7304883e+02      
7.9466527e+01 -1.6966815e+02      
4.9410818e+01 -1.8959734e+02      
4.6801024e+01 -1.9518697e+02      
4.4490311e+01 -1.9997688e+02      
4.2523813e+01 -2.0369251e+02      
4.0947771e+01 -2.0619707e+02      
3.9780264e+01 -2.0759569e+02      
3.9000261e+01 -2.0824015e+02      
3.9180985e+01 -2.0698216e+02      
3.9593329e+01 -2.0578188e+02      
4.0270796e+01 -2.0451798e+02      
4.1250128e+01 -2.0303519e+02      
4.2511374e+01 -2.0129536e+02      
4.4005119e+01 -1.9929876e+02      
4.5665017e+01 -1.9704981e+02      
4.7422426e+01 -1.9453561e+02      
4.9221212e+01 -1.9173402e+02      
5.1024442e+01 -1.8867042e+02      
5.2812485e+01 -1.8546335e+02      
5.4578441e+01 -1.8228476e+02      
5.6321006e+01 -1.7929724e+02      
