3.2009083e+01 2.4278893e+02      
3.0822665e+01 2.4139065e+02      
2.9911410e+01 2.3985911e+02      
2.9136957e+01 2.3816775e+02      
2.8410117e+01 2.3632786e+02      
2.7784320e+01 2.3446036e+02      
2.7350825e+01 2.3272177e+02      
2.7141644e+01 2.3124452e+02      
2.7103792e+01 2.3013155e+02      
2.7099444e+01 2.2945255e+02      
2.7033252e+01 2.2923918e+02      
2.7017689e+01 2.2948612e+02      
2.7227546e+01 2.3015264e+02      
2.7789455e+01 2.3117310e+02      
2.8790086e+01 2.3247009e+02      
3.0288428e+01 2.3396270e+02      
3.2322290e+01 2.3557092e+02      
3.4912968e+01 2.3721752e+02      
3.8068780e+01 2.3882891e+02      
4.1787537e+01 2.4033547e+02      
6.0872608e+01 2.3406812e+02      
6.0080963e+01 2.3268163e+02      
5.9603691e+01 2.3114001e+02      
5.9165680e+01 2.2933238e+02      
5.8445623e+01 2.2709637e+02      
5.7745158e+01 2.2474294e+02      
5.7303523e+01 2.2252912e+02      
5.7192607e+01 2.2061893e+02      
5.7350327e+01 2.1914220e+02      
5.7451393e+01 2.1819132e+02      
5.6995825e+01 2.1779668e+02      
5.6462590e+01 2.1795309e+02      
5.6187022e+01 2.1859323e+02      
5.6304354e+01 2.1962020e+02      
5.6903342e+01 2.2093243e+02      
5.8041077e+01 2.2243221e+02      
5.9750312e+01 2.2402833e+02      
6.2046229e+01 2.2563626e+02      
6.4931237e+01 2.2717760e+02      
6.8397823e+01 2.2857954e+02      
8.8310194e+01 2.2178312e+02      
8.8060105e+01 2.2044312e+02      
8.8248483e+01 2.1897851e+02      
8.8438870e+01 2.1721695e+02      
8.7468653e+01 2.1433736e+02      
8.6514305e+01 2.1132776e+02      
8.6000066e+01 2.0851436e+02      
8.6045627e+01 2.0607240e+02      
8.6605466e+01 2.0415282e+02      
8.7307852e+01 2.0290564e+02      
8.5998594e+01 2.0235005e+02      
8.4742784e+01 2.0249195e+02      
8.3860911e+01 2.0319543e+02      
8.3444386e+01 2.0431524e+02      
8.3576600e+01 2.0571980e+02      
8.4304261e+01 2.0729401e+02      
8.5647529e+01 2.0893705e+02      
8.7610475e+01 2.1055901e+02      
9.0186855e+01 2.1207849e+02      
9.3362481e+01 2.1342103e+02      
1.1373330e+02 2.0610490e+02      
1.1414608e+02 2.0481359e+02      
1.1514024e+02 2.0341430e+02      
1.1541233e+02 2.0120270e+02      
1.1473640e+02 1.9808551e+02      
1.1340874e+02 1.9434849e+02      
1.1275255e+02 1.9083558e+02      
1.1303236e+02 1.8775373e+02      
1.1403780e+02 1.8525991e+02      
1.1488070e+02 1.8359328e+02      
1.1328186e+02 1.8300131e+02      
1.1133481e+02 1.8327357e+02      
1.0974056e+02 1.8417594e+02      
1.0871272e+02 1.8550258e+02      
1.0833177e+02 1.8709150e+02      
1.0861957e+02 1.8881530e+02      
1.0957250e+02 1.9056855e+02      
1.1117804e+02 1.9225985e+02      
1.1341936e+02 1.9380763e+02      
1.1627519e+02 1.9513777e+02      
1.3643310e+02 1.8720802e+02      
1.3746428e+02 1.8587174e+02      
1.3849341e+02 1.8400594e+02      
1.3887222e+02 1.8136555e+02      
1.3843298e+02 1.7793402e+02      
1.3746183e+02 1.7390755e+02      
1.3669957e+02 1.6969541e+02      
1.3739151e+02 1.6592051e+02      
1.3919045e+02 1.6270334e+02      
1.3975317e+02 1.6068489e+02      
1.3847643e+02 1.5998677e+02      
1.3573597e+02 1.6054898e+02      
1.3330779e+02 1.6183132e+02      
1.3160911e+02 1.6350481e+02      
1.3070559e+02 1.6537746e+02      
1.3055492e+02 1.6732762e+02      
1.3111556e+02 1.6925389e+02      
1.3235502e+02 1.7106878e+02      
1.3424686e+02 1.7269418e+02      
1.3676441e+02 1.7405858e+02      
1.5567876e+02 1.6531905e+02      
1.5627373e+02 1.6346974e+02      
1.5752978e+02 1.6124126e+02      
1.5808729e+02 1.5821856e+02      
1.5773186e+02 1.5441073e+02      
1.5685424e+02 1.4996623e+02      
1.5694370e+02 1.4539128e+02      
1.5824623e+02 1.4100640e+02      
1.6021112e+02 1.3722698e+02      
1.6072984e+02 1.3491004e+02      
1.5967772e+02 1.3409205e+02      
1.5724016e+02 1.3472381e+02      
1.5394844e+02 1.3658751e+02      
1.5162860e+02 1.3873211e+02      
1.5026537e+02 1.4097747e+02      
1.4972082e+02 1.4322360e+02      
1.4991208e+02 1.4537889e+02      
1.5079099e+02 1.4736613e+02      
1.5232939e+02 1.4911470e+02      
1.5449982e+02 1.5055763e+02      
1.7150697e+02 1.4102689e+02      
1.7156394e+02 1.3870680e+02      
1.7215429e+02 1.3592058e+02      
1.7288104e+02 1.3253135e+02      
1.7247487e+02 1.2835039e+02      
1.7241584e+02 1.2365051e+02      
1.7332656e+02 1.1862538e+02      
1.7539293e+02 1.1351210e+02      
1.7687515e+02 1.0955055e+02      
1.7722027e+02 1.0707553e+02      
1.7632431e+02 1.0615632e+02      
1.7419125e+02 1.0682318e+02      
1.7094879e+02 1.0902000e+02      
1.6832934e+02 1.1165880e+02      
1.6664041e+02 1.1435394e+02      
1.6579515e+02 1.1695077e+02      
1.6565859e+02 1.1937653e+02      
1.6618750e+02 1.2157478e+02      
1.6737470e+02 1.2348581e+02      
1.6919751e+02 1.2504761e+02      
1.8396540e+02 1.1489782e+02      
1.8354652e+02 1.1219581e+02      
1.8352781e+02 1.0896609e+02      
1.8368398e+02 1.0514944e+02      
1.8375484e+02 1.0069637e+02      
1.8424468e+02 9.5675932e+01      
1.8556575e+02 9.0217822e+01      
1.8759196e+02 8.4752158e+01      
1.8876291e+02 8.0642371e+01      
1.8897402e+02 7.8045309e+01      
1.8823151e+02 7.7018061e+01      
1.8656049e+02 7.7581124e+01      
1.8412921e+02 7.9623172e+01      
1.8137905e+02 8.2816981e+01      
1.7953571e+02 8.6032604e+01      
1.7857153e+02 8.9003038e+01      
1.7812714e+02 9.1714834e+01      
1.7829931e+02 9.4149539e+01      
1.7914081e+02 9.6255395e+01      
1.8062350e+02 9.7972182e+01      
1.9302139e+02 8.7440418e+01      
1.9221576e+02 8.4435649e+01      
1.9175190e+02 8.0869262e+01      
1.9155645e+02 7.6726796e+01      
1.9163998e+02 7.2007114e+01      
1.9224956e+02 6.6695813e+01      
1.9368938e+02 6.0794547e+01      
1.9497601e+02 5.5547066e+01      
1.9575901e+02 5.1421953e+01      
1.9589818e+02 4.8685492e+01      
1.9532612e+02 4.7532090e+01      
1.9405212e+02 4.8026292e+01      
1.9227618e+02 4.9960067e+01      
1.9031541e+02 5.2985338e+01      
1.8858835e+02 5.6672453e+01      
1.8794043e+02 5.9903696e+01      
1.8710410e+02 6.2878877e+01      
1.8692284e+02 6.5563875e+01      
1.8743688e+02 6.7893127e+01      
1.8859611e+02 6.9798357e+01      
1.9863225e+02 5.9147265e+01      
1.9750258e+02 5.5901791e+01      
1.9668769e+02 5.2072072e+01      
1.9617838e+02 4.7672082e+01      
1.9600828e+02 4.2741324e+01      
1.9626535e+02 3.7364136e+01      
1.9692725e+02 3.1800349e+01      
1.9762449e+02 2.6670127e+01      
1.9812637e+02 2.2426937e+01      
1.9830306e+02 1.9410206e+01      
1.9796341e+02 1.8030356e+01      
1.9687177e+02 1.8686937e+01      
1.9547358e+02 2.0775690e+01      
1.9416774e+02 2.3711235e+01      
1.9330467e+02 2.7008458e+01      
1.9309615e+02 3.0177028e+01      
1.9232828e+02 3.3345004e+01      
1.9191576e+02 3.6295551e+01      
1.9212821e+02 3.8882794e+01      
1.9298739e+02 4.1010246e+01      
2.0077550e+02 3.0505245e+01      
1.9935645e+02 2.7069606e+01      
1.9821988e+02 2.3025569e+01      
1.9737669e+02 1.8400491e+01      
1.9685111e+02 1.3260348e+01      
1.9666436e+02 7.7452766e+00      
1.9677501e+02 2.1266891e+00      
1.9705424e+02 -3.1866318e+00      
1.9739063e+02 -7.7974836e+00      
1.9772271e+02 -1.1367277e+01      
1.9781931e+02 -1.3295359e+01      
1.9652360e+02 -1.1938095e+01      
1.9519380e+02 -9.2248230e+00      
1.9427732e+02 -6.0218656e+00      
1.9397691e+02 -2.7866805e+00      
1.9415433e+02 3.3841018e-01      
1.9383726e+02 3.5825060e+00      
1.9321247e+02 6.8304526e+00      
1.9313497e+02 9.7201772e+00      
1.9372037e+02 1.2105679e+01      
1.9947094e+02 1.9981219e+00      
1.9778111e+02 -1.5804319e+00      
1.9633190e+02 -5.7989962e+00      
1.9514229e+02 -1.0636476e+01      
1.9423705e+02 -1.6034129e+01      
1.9363906e+02 -2.1862089e+01      
1.9335324e+02 -2.7887914e+01      
1.9333625e+02 -3.3728353e+01      
1.9350390e+02 -3.8857640e+01      
1.9392714e+02 -4.3066197e+01      
1.9373964e+02 -4.4582299e+01      
1.9278430e+02 -4.3190775e+01      
1.9138053e+02 -3.9475517e+01      
1.9064874e+02 -3.5638588e+01      
1.9079538e+02 -3.2269450e+01      
1.9097037e+02 -2.8945338e+01      
1.9092540e+02 -2.5599891e+01      
1.9067860e+02 -2.2278171e+01      
1.9039583e+02 -1.9073751e+01      
1.9076109e+02 -1.6403834e+01      
1.9479103e+02 -2.5896888e+01      
1.9284306e+02 -2.9564718e+01      
1.9108574e+02 -3.3908858e+01      
1.8954253e+02 -3.8935051e+01      
1.8824580e+02 -4.4628008e+01      
1.8723980e+02 -5.0909523e+01      
1.8657801e+02 -5.7570332e+01      
1.8629409e+02 -6.4204152e+01      
1.8603323e+02 -6.9562211e+01      
1.8576902e+02 -7.3040173e+01      
1.8530850e+02 -7.4010143e+01      
1.8456663e+02 -7.2369440e+01      
1.8366536e+02 -6.8648287e+01      
1.8298459e+02 -6.4028429e+01      
1.8312469e+02 -6.0322437e+01      
1.8332009e+02 -5.6819037e+01      
1.8348988e+02 -5.3404539e+01      
1.8363447e+02 -5.0082147e+01      
1.8379304e+02 -4.6898110e+01      
1.8409051e+02 -4.3974178e+01      
1.8686350e+02 -5.2718096e+01      
1.8467020e+02 -5.6407230e+01      
1.8260986e+02 -6.0800342e+01      
1.8070550e+02 -6.5943540e+01      
1.7899462e+02 -7.1911742e+01      
1.7753305e+02 -7.8714380e+01      
1.7636885e+02 -8.6012419e+01      
1.7523616e+02 -9.2266204e+01      
1.7419898e+02 -9.7029586e+01      
1.7337087e+02 -9.9990686e+01      
1.7272030e+02 -1.0038724e+02      
1.7212942e+02 -9.8188091e+01      
1.7152679e+02 -9.4037319e+01      
1.7135296e+02 -9.0151533e+01      
1.7121694e+02 -8.6233730e+01      
1.7141149e+02 -8.2656733e+01      
1.7178842e+02 -7.9256294e+01      
1.7229357e+02 -7.5978055e+01      
1.7292933e+02 -7.2869688e+01      
1.7376171e+02 -7.0074435e+01      
1.7586986e+02 -7.8032788e+01      
1.7344910e+02 -8.1659870e+01      
1.7109687e+02 -8.5989127e+01      
1.6882616e+02 -9.1090693e+01      
1.6666520e+02 -9.7137888e+01      
1.6465491e+02 -1.0435067e+02      
1.6259718e+02 -1.1131496e+02      
1.6051796e+02 -1.1712310e+02      
1.5859474e+02 -1.2126133e+02      
1.5714864e+02 -1.2339076e+02      
1.5649750e+02 -1.2319625e+02      
1.5619592e+02 -1.2031611e+02      
1.5601004e+02 -1.1698596e+02      
1.5595263e+02 -1.1370802e+02      
1.5608407e+02 -1.1026932e+02      
1.5644873e+02 -1.0689276e+02      
1.5706071e+02 -1.0360171e+02      
1.5791262e+02 -1.0037301e+02      
1.5898734e+02 -9.7275083e+01      
1.6026626e+02 -9.4469280e+01      
1.6204126e+02 -1.0145161e+02      
1.5942058e+02 -1.0492769e+02      
1.5680228e+02 -1.0906250e+02      
1.5417954e+02 -1.1390346e+02      
1.5153399e+02 -1.1953035e+02      
1.4880831e+02 -1.2595903e+02      
1.4588427e+02 -1.3283319e+02      
1.4278693e+02 -1.3844472e+02      
1.3981940e+02 -1.4217333e+02      
1.3752987e+02 -1.4368355e+02      
1.3731359e+02 -1.4268479e+02      
1.3763287e+02 -1.4038311e+02      
1.3789659e+02 -1.3778584e+02      
1.3789835e+02 -1.3539893e+02      
1.3824763e+02 -1.3238189e+02      
1.3876511e+02 -1.2936851e+02      
1.3961182e+02 -1.2626549e+02      
1.4081552e+02 -1.2306916e+02      
1.4233151e+02 -1.1986668e+02      
1.4405309e+02 -1.1685949e+02      
1.4565144e+02 -1.2263834e+02      
1.4287072e+02 -1.2588492e+02      
1.4003417e+02 -1.2971549e+02      
1.3711717e+02 -1.3413694e+02      
1.3406571e+02 -1.3914478e+02      
1.3077281e+02 -1.4468307e+02      
1.2706150e+02 -1.5055425e+02      
1.2285431e+02 -1.5617014e+02      
1.1877385e+02 -1.5967399e+02      
1.1634427e+02 -1.6111828e+02      
1.1588314e+02 -1.6054909e+02      
1.1702470e+02 -1.5836207e+02      
1.1796150e+02 -1.5604188e+02      
1.1829475e+02 -1.5399030e+02      
1.1824476e+02 -1.5211969e+02      
1.1872114e+02 -1.4967788e+02      
1.1977859e+02 -1.4679422e+02      
1.2135737e+02 -1.4359277e+02      
1.2335984e+02 -1.4018448e+02      
1.2560188e+02 -1.3677422e+02      
1.2700774e+02 -1.4131181e+02      
1.2411757e+02 -1.4427218e+02      
1.2113031e+02 -1.4772961e+02      
1.1801491e+02 -1.5165931e+02      
1.1470722e+02 -1.5601511e+02      
1.1108280e+02 -1.6071334e+02      
1.0687876e+02 -1.6564188e+02      
1.0179136e+02 -1.7053316e+02      
9.7498657e+01 -1.7385928e+02      
9.4905610e+01 -1.7538728e+02      
9.4287641e+01 -1.7520987e+02      
9.5296827e+01 -1.7365880e+02      
9.6916773e+01 -1.7143996e+02      
9.7407451e+01 -1.6970815e+02      
9.7167605e+01 -1.6836452e+02      
9.7620431e+01 -1.6631313e+02      
9.8890238e+01 -1.6358470e+02      
1.0085123e+02 -1.6033859e+02      
1.0328845e+02 -1.5675895e+02      
1.0550253e+02 -1.5363692e+02      
1.0644189e+02 -1.5724242e+02      
1.0349802e+02 -1.5988377e+02      
1.0043613e+02 -1.6293640e+02      
9.7231511e+01 -1.6635513e+02      
9.3834823e+01 -1.7007202e+02      
9.0159768e+01 -1.7398711e+02      
8.6073407e+01 -1.7795851e+02      
8.1510091e+01 -1.8172827e+02      
7.6817771e+01 -1.8483154e+02      
7.3981329e+01 -1.8638164e+02      
7.3418079e+01 -1.8637531e+02      
7.4658282e+01 -1.8509597e+02      
7.5623501e+01 -1.8356007e+02      
7.5854349e+01 -1.8220665e+02      
7.5486660e+01 -1.8107767e+02      
7.5994108e+01 -1.7919560e+02      
7.7508170e+01 -1.7653324e+02      
7.9793389e+01 -1.7327752e+02      
8.2001239e+01 -1.7015444e+02      
8.4018336e+01 -1.6739475e+02      
8.4302758e+01 -1.7024777e+02      
8.1359014e+01 -1.7255786e+02      
7.8294216e+01 -1.7520115e+02      
7.5098133e+01 -1.7812101e+02      
7.1749341e+01 -1.8123885e+02      
6.8218427e+01 -1.8444648e+02      
6.4487470e+01 -1.8759459e+02      
6.0603394e+01 -1.9047783e+02      
5.6790887e+01 -1.9282657e+02      
5.3696311e+01 -1.9429542e+02      
5.3335398e+01 -1.9431703e+02      
5.3655128e+01 -1.9359399e+02      
5.3956625e+01 -1.9253853e+02      
5.3934800e+01 -1.9142300e+02      
5.3586098e+01 -1.9031587e+02      
5.4187443e+01 -1.8849410e+02      
5.5895841e+01 -1.8589699e+02      
5.7780968e+01 -1.8313612e+02      
5.9637324e+01 -1.8046457e+02      
6.1397891e+01 -1.7803533e+02      
