5.6206325e+01 2.4044970e+02      
5.6641851e+01 2.4168820e+02      
5.7437586e+01 2.4303419e+02      
5.8395319e+01 2.4446190e+02      
5.9028881e+01 2.4581720e+02      
5.8064797e+01 2.4643380e+02      
5.6748097e+01 2.4697513e+02      
5.5553087e+01 2.4760706e+02      
5.4684549e+01 2.4838041e+02      
5.4216745e+01 2.4931353e+02      
5.4157639e+01 2.5039190e+02      
5.4408772e+01 2.5140849e+02      
5.4720207e+01 2.5181808e+02      
5.5011924e+01 2.5142919e+02      
5.5391967e+01 2.5042128e+02      
5.6134599e+01 2.4932554e+02      
5.7356983e+01 2.4833273e+02      
5.9075831e+01 2.4743649e+02      
6.1287188e+01 2.4659641e+02      
6.3981323e+01 2.4576444e+02      
8.4850501e+01 2.3313995e+02      
8.5620405e+01 2.3454820e+02      
8.6994982e+01 2.3611424e+02      
8.8665763e+01 2.3780259e+02      
8.9220830e+01 2.3909008e+02      
8.8349711e+01 2.3983925e+02      
8.6306712e+01 2.4017066e+02      
8.4487354e+01 2.4062977e+02      
8.3220254e+01 2.4130540e+02      
8.2537418e+01 2.4224337e+02      
8.2443181e+01 2.4354932e+02      
8.2879093e+01 2.4519734e+02      
8.3101201e+01 2.4563359e+02      
8.3032147e+01 2.4472607e+02      
8.2772697e+01 2.4259783e+02      
8.3081560e+01 2.4078851e+02      
8.4005159e+01 2.3931021e+02      
8.5486958e+01 2.3802532e+02      
8.7494920e+01 2.3684130e+02      
9.0007788e+01 2.3568243e+02      
1.1158016e+02 2.2203972e+02      
1.1255852e+02 2.2352920e+02      
1.1448360e+02 2.2521942e+02      
1.1609535e+02 2.2677927e+02      
1.1664422e+02 2.2801718e+02      
1.1584627e+02 2.2885305e+02      
1.1388336e+02 2.2932386e+02      
1.1145740e+02 2.2962449e+02      
1.0986721e+02 2.3016928e+02      
1.0897971e+02 2.3100555e+02      
1.0878259e+02 2.3228850e+02      
1.0922796e+02 2.3397431e+02      
1.0930598e+02 2.3429186e+02      
1.0890330e+02 2.3303259e+02      
1.0815997e+02 2.3039493e+02      
1.0810709e+02 2.2814053e+02      
1.0877530e+02 2.2632068e+02      
1.1002450e+02 2.2475707e+02      
1.1181712e+02 2.2332245e+02      
1.1413012e+02 2.2191982e+02      
1.3587900e+02 2.0733354e+02      
1.3664937e+02 2.0874505e+02      
1.3806909e+02 2.1022467e+02      
1.3986690e+02 2.1169643e+02      
1.4056588e+02 2.1291192e+02      
1.3978417e+02 2.1380744e+02      
1.3770342e+02 2.1433253e+02      
1.3571934e+02 2.1472409e+02      
1.3413524e+02 2.1513552e+02      
1.3303639e+02 2.1569980e+02      
1.3257824e+02 2.1663246e+02      
1.3282686e+02 2.1794356e+02      
1.3267475e+02 2.1799388e+02      
1.3200801e+02 2.1656814e+02      
1.3096241e+02 2.1385042e+02      
1.3070229e+02 2.1147915e+02      
1.3124070e+02 2.0951338e+02      
1.3227756e+02 2.0781644e+02      
1.3385448e+02 2.0624772e+02      
1.3595754e+02 2.0470074e+02      
1.5744286e+02 1.8931109e+02      
1.5785336e+02 1.9056750e+02      
1.5868970e+02 1.9181785e+02      
1.5981143e+02 1.9305897e+02      
1.6077658e+02 1.9425691e+02      
1.6010353e+02 1.9529195e+02      
1.5886150e+02 1.9600110e+02      
1.5737531e+02 1.9639649e+02      
1.5582604e+02 1.9657028e+02      
1.5438364e+02 1.9664618e+02      
1.5334926e+02 1.9686212e+02      
1.5307936e+02 1.9744665e+02      
1.5258850e+02 1.9712821e+02      
1.5177496e+02 1.9571178e+02      
1.5070303e+02 1.9328414e+02      
1.5042298e+02 1.9109677e+02      
1.5090898e+02 1.8918267e+02      
1.5186790e+02 1.8747999e+02      
1.5324903e+02 1.8589844e+02      
1.5514049e+02 1.8431427e+02      
1.7607752e+02 1.6832748e+02      
1.7612312e+02 1.6938208e+02      
1.7645144e+02 1.7038019e+02      
1.7697024e+02 1.7136732e+02      
1.7749861e+02 1.7244738e+02      
1.7782568e+02 1.7377503e+02      
1.7740928e+02 1.7462139e+02      
1.7631947e+02 1.7492779e+02      
1.7467339e+02 1.7474369e+02      
1.7268241e+02 1.7415946e+02      
1.7068301e+02 1.7332846e+02      
1.6948606e+02 1.7287413e+02      
1.6859240e+02 1.7217726e+02      
1.6777365e+02 1.7093599e+02      
1.6711989e+02 1.6922919e+02      
1.6698646e+02 1.6744755e+02      
1.6747343e+02 1.6573459e+02      
1.6838319e+02 1.6414607e+02      
1.6968023e+02 1.6263128e+02      
1.7137277e+02 1.6111275e+02      
1.9160946e+02 1.4477708e+02      
1.9131908e+02 1.4557898e+02      
1.9122672e+02 1.4626933e+02      
1.9127422e+02 1.4690704e+02      
1.9139660e+02 1.4758324e+02      
1.9156985e+02 1.4837557e+02      
1.9173691e+02 1.4919416e+02      
1.9093036e+02 1.4932677e+02      
1.8905359e+02 1.4872043e+02      
1.8646657e+02 1.4752422e+02      
1.8433793e+02 1.4649468e+02      
1.8277826e+02 1.4566394e+02      
1.8163474e+02 1.4480922e+02      
1.8079557e+02 1.4375113e+02      
1.8029376e+02 1.4247800e+02      
1.8025015e+02 1.4108362e+02      
1.8072871e+02 1.3964635e+02      
1.8158322e+02 1.3826550e+02      
1.8279891e+02 1.3690991e+02      
1.8438301e+02 1.3551331e+02      
2.0388279e+02 1.1909383e+02      
2.0329114e+02 1.1959081e+02      
2.0283978e+02 1.1990668e+02      
2.0249279e+02 1.2009496e+02      
2.0221302e+02 1.2022206e+02      
2.0198059e+02 1.2034596e+02      
2.0175477e+02 1.2045770e+02      
2.0118257e+02 1.2033922e+02      
1.9892944e+02 1.1929487e+02      
1.9652101e+02 1.1811344e+02      
1.9444593e+02 1.1707589e+02      
1.9279036e+02 1.1619970e+02      
1.9153136e+02 1.1538793e+02      
1.9064562e+02 1.1453438e+02      
1.9015325e+02 1.1358546e+02      
1.9010670e+02 1.1253920e+02      
1.9053137e+02 1.1141975e+02      
1.9130257e+02 1.1032443e+02      
1.9242487e+02 1.0921029e+02      
1.9388976e+02 1.0802604e+02      
2.1277103e+02 9.1750647e+01      
2.1191033e+02 9.1897262e+01      
2.1114490e+02 9.1780416e+01      
2.1044981e+02 9.1446552e+01      
2.0979347e+02 9.0957975e+01      
2.0914242e+02 9.0383631e+01      
2.0848362e+02 8.9783646e+01      
2.0766766e+02 8.9115659e+01      
2.0536431e+02 8.7852674e+01      
2.0307157e+02 8.6639659e+01      
2.0105156e+02 8.5630239e+01      
1.9936345e+02 8.4835626e+01      
1.9803998e+02 8.4196775e+01      
1.9709872e+02 8.3614064e+01      
1.9656404e+02 8.2996791e+01      
1.9646192e+02 8.2304105e+01      
1.9678624e+02 8.1552087e+01      
1.9743970e+02 8.0817924e+01      
1.9847990e+02 7.9999524e+01      
1.9989171e+02 7.9048824e+01      
2.1818718e+02 6.3253879e+01      
2.1708620e+02 6.3017896e+01      
2.1604424e+02 6.2424081e+01      
2.1504430e+02 6.1509736e+01      
2.1405624e+02 6.0340905e+01      
2.1302799e+02 5.9018137e+01      
2.1186894e+02 5.7664400e+01      
2.1037837e+02 5.6311743e+01      
2.0832663e+02 5.4878375e+01      
2.0615029e+02 5.3585948e+01      
2.0414352e+02 5.2604583e+01      
2.0242204e+02 5.1969288e+01      
2.0104186e+02 5.1621591e+01      
2.0003499e+02 5.1416977e+01      
1.9943309e+02 5.1184795e+01      
1.9925958e+02 5.0855531e+01      
1.9944999e+02 5.0529298e+01      
2.0003598e+02 5.0146535e+01      
2.0101216e+02 4.9667991e+01      
2.0235887e+02 4.9036763e+01      
2.2008983e+02 3.4134700e+01      
2.1877340e+02 3.3503393e+01      
2.1748775e+02 3.2406475e+01      
2.1622747e+02 3.0861369e+01      
2.1497244e+02 2.8929935e+01      
2.1366965e+02 2.6744916e+01      
2.1216649e+02 2.4568118e+01      
2.1022471e+02 2.2689713e+01      
2.0802245e+02 2.0851413e+01      
2.0578600e+02 1.9355476e+01      
2.0371767e+02 1.8386990e+01      
2.0193965e+02 1.7979474e+01      
2.0049748e+02 1.8076638e+01      
1.9940885e+02 1.8459335e+01      
1.9871450e+02 1.8684168e+01      
1.9843168e+02 1.8750282e+01      
1.9855132e+02 1.8779123e+01      
1.9907872e+02 1.8778006e+01      
2.0000050e+02 1.8700841e+01      
2.0128569e+02 1.8473896e+01      
2.1848682e+02 4.9382842e+00      
2.1697393e+02 3.9273416e+00      
2.1546914e+02 2.3313414e+00      
2.1398567e+02 1.2313742e-01      
2.1253070e+02 -2.6707607e+00      
2.1107862e+02 -5.8865779e+00      
2.0947343e+02 -9.0862173e+00      
2.0698493e+02 -1.1079543e+01      
2.0443460e+02 -1.3471598e+01      
2.0195597e+02 -1.5250767e+01      
1.9974372e+02 -1.6231122e+01      
1.9789960e+02 -1.6352523e+01      
1.9641660e+02 -1.5684459e+01      
1.9523249e+02 -1.4481102e+01      
1.9444000e+02 -1.3950375e+01      
1.9405786e+02 -1.3617438e+01      
1.9410402e+02 -1.3241893e+01      
1.9458160e+02 -1.2816349e+01      
1.9546622e+02 -1.2414267e+01      
1.9671153e+02 -1.2144701e+01      
2.1343829e+02 -2.3791246e+01      
2.1174008e+02 -2.5126397e+01      
2.1002568e+02 -2.7161673e+01      
2.0833335e+02 -3.0014536e+01      
2.0670429e+02 -3.3739935e+01      
2.0511123e+02 -3.8040204e+01      
2.0301223e+02 -4.1435368e+01      
2.0034399e+02 -4.3705700e+01      
1.9732693e+02 -4.5191478e+01      
1.9450010e+02 -4.7114067e+01      
1.9210132e+02 -4.8145850e+01      
1.9023530e+02 -4.7984963e+01      
1.8878506e+02 -4.6888407e+01      
1.8757507e+02 -4.6362649e+01      
1.8668862e+02 -4.6269450e+01      
1.8618912e+02 -4.5840435e+01      
1.8615587e+02 -4.5115880e+01      
1.8660192e+02 -4.4190455e+01      
1.8748330e+02 -4.3201868e+01      
1.8872907e+02 -4.2322263e+01      
2.0505992e+02 -5.1532610e+01      
2.0318094e+02 -5.3091838e+01      
2.0124689e+02 -5.5414076e+01      
1.9931260e+02 -5.8716464e+01      
1.9744989e+02 -6.3267746e+01      
1.9530415e+02 -6.7696312e+01      
1.9275708e+02 -7.1213916e+01      
1.8986251e+02 -7.3539929e+01      
1.8679884e+02 -7.4840860e+01      
1.8379936e+02 -7.5711051e+01      
1.8120126e+02 -7.6954616e+01      
1.7944527e+02 -7.6528350e+01      
1.7793961e+02 -7.6273339e+01      
1.7661249e+02 -7.6829533e+01      
1.7558147e+02 -7.8039332e+01      
1.7489546e+02 -7.7545757e+01      
1.7478090e+02 -7.6512347e+01      
1.7523744e+02 -7.4927958e+01      
1.7617377e+02 -7.3197263e+01      
1.7748637e+02 -7.1559763e+01      
1.9352514e+02 -7.7813098e+01      
1.9147162e+02 -7.9471563e+01      
1.8930361e+02 -8.1862355e+01      
1.8703736e+02 -8.5107625e+01      
1.8465625e+02 -8.9266466e+01      
1.8204872e+02 -9.4031197e+01      
1.7907677e+02 -9.7776100e+01      
1.7589345e+02 -1.0008592e+02      
1.7272602e+02 -1.0106537e+02      
1.6990325e+02 -1.0198916e+02      
1.6738438e+02 -1.0318664e+02      
1.6571916e+02 -1.0308708e+02      
1.6412955e+02 -1.0357231e+02      
1.6256871e+02 -1.0505348e+02      
1.6116417e+02 -1.0733142e+02      
1.6028656e+02 -1.0792768e+02      
1.6010174e+02 -1.0697042e+02      
1.6063152e+02 -1.0451662e+02      
1.6169918e+02 -1.0197010e+02      
1.6319217e+02 -9.9346152e+01      
1.7906233e+02 -1.0222516e+02      
1.7685347e+02 -1.0387260e+02      
1.7446776e+02 -1.0616919e+02      
1.7189118e+02 -1.0915232e+02      
1.6908344e+02 -1.1280194e+02      
1.6597418e+02 -1.1693708e+02      
1.6252471e+02 -1.2100897e+02      
1.5896122e+02 -1.2337909e+02      
1.5555968e+02 -1.2522626e+02      
1.5314019e+02 -1.2596081e+02      
1.5113639e+02 -1.2660365e+02      
1.4941984e+02 -1.2716914e+02      
1.4769879e+02 -1.2827330e+02      
1.4584992e+02 -1.3036676e+02      
1.4398219e+02 -1.3330033e+02      
1.4283441e+02 -1.3454087e+02      
1.4254583e+02 -1.3397516e+02      
1.4307534e+02 -1.3194714e+02      
1.4431586e+02 -1.2894658e+02      
1.4614993e+02 -1.2503761e+02      
1.6194583e+02 -1.2442438e+02      
1.5961692e+02 -1.2598503e+02      
1.5706257e+02 -1.2810594e+02      
1.5425479e+02 -1.3078766e+02      
1.5113784e+02 -1.3398953e+02      
1.4762519e+02 -1.3759947e+02      
1.4369141e+02 -1.4129926e+02      
1.3958380e+02 -1.4449726e+02      
1.3621468e+02 -1.4657001e+02      
1.3382094e+02 -1.4760737e+02      
1.3231943e+02 -1.4793194e+02      
1.3083213e+02 -1.4858603e+02      
1.2907453e+02 -1.4995676e+02      
1.2696597e+02 -1.5232575e+02      
1.2465947e+02 -1.5550096e+02      
1.2325919e+02 -1.5697988e+02      
1.2289673e+02 -1.5662508e+02      
1.2347801e+02 -1.5474806e+02      
1.2487606e+02 -1.5162415e+02      
1.2687740e+02 -1.4759962e+02      
1.4248443e+02 -1.4411833e+02      
1.4008172e+02 -1.4554628e+02      
1.3742506e+02 -1.4745355e+02      
1.3448446e+02 -1.4982718e+02      
1.3119935e+02 -1.5263621e+02      
1.2743938e+02 -1.5585871e+02      
1.2304782e+02 -1.5945651e+02      
1.1889817e+02 -1.6249269e+02      
1.1553110e+02 -1.6460671e+02      
1.1315874e+02 -1.6581595e+02      
1.1165496e+02 -1.6639316e+02      
1.1050944e+02 -1.6690294e+02      
1.0875948e+02 -1.6828026e+02      
1.0645689e+02 -1.7063000e+02      
1.0382156e+02 -1.7369500e+02      
1.0228067e+02 -1.7507737e+02      
1.0194233e+02 -1.7464199e+02      
1.0265151e+02 -1.7265507e+02      
1.0426899e+02 -1.6931786e+02      
1.0650134e+02 -1.6501803e+02      
1.2101188e+02 -1.6105907e+02      
1.1858480e+02 -1.6232840e+02      
1.1589580e+02 -1.6400388e+02      
1.1292483e+02 -1.6606490e+02      
1.0963334e+02 -1.6847863e+02      
1.0595869e+02 -1.7120494e+02      
1.0187060e+02 -1.7415068e+02      
9.7559069e+01 -1.7704508e+02      
9.4138508e+01 -1.7911274e+02      
9.1890240e+01 -1.8030463e+02      
9.0595319e+01 -1.8086349e+02      
8.9125628e+01 -1.8165494e+02      
8.7236262e+01 -1.8301055e+02      
8.4835896e+01 -1.8510871e+02      
8.2066947e+01 -1.8775282e+02      
8.0586848e+01 -1.8873046e+02      
8.0455601e+01 -1.8793576e+02      
8.1302788e+01 -1.8576390e+02      
8.3104662e+01 -1.8224166e+02      
8.4893589e+01 -1.7872207e+02      
9.7880423e+01 -1.7504149e+02      
9.5474406e+01 -1.7613974e+02      
9.2814484e+01 -1.7757740e+02      
8.9897021e+01 -1.7932725e+02      
8.6715291e+01 -1.8134759e+02      
8.3269552e+01 -1.8357634e+02      
7.9595039e+01 -1.8591518e+02      
7.5824753e+01 -1.8819951e+02      
7.2332690e+01 -1.9015287e+02      
7.0293164e+01 -1.9120537e+02      
6.8569848e+01 -1.9202075e+02      
6.6797166e+01 -1.9292929e+02      
6.4821188e+01 -1.9412425e+02      
6.2528278e+01 -1.9573581e+02      
5.9972354e+01 -1.9763319e+02      
5.8749801e+01 -1.9800963e+02      
5.9054945e+01 -1.9660528e+02      
5.9771493e+01 -1.9454141e+02      
6.0902933e+01 -1.9187788e+02      
6.2156130e+01 -1.8909478e+02      
