2.9382089e+01 2.3177187e+02      
2.9725745e+01 2.3016446e+02      
3.0645012e+01 2.2865985e+02      
3.2116318e+01 2.2729879e+02      
3.4092663e+01 2.2611418e+02      
3.6492140e+01 2.2512327e+02      
3.9179905e+01 2.2431020e+02      
4.1954876e+01 2.2360277e+02      
4.4650953e+01 2.2292203e+02      
4.7190464e+01 2.2207513e+02      
4.9362835e+01 2.2045231e+02      
5.1287459e+01 2.1815269e+02      
5.3425862e+01 2.1598639e+02      
5.5986263e+01 2.1428718e+02      
5.8960843e+01 2.1309422e+02      
6.2190280e+01 2.1237501e+02      
6.5324402e+01 2.1204004e+02      
6.7690767e+01 2.1185895e+02      
6.8519976e+01 2.1149262e+02      
6.8599342e+01 2.1118111e+02      
5.8367151e+01 2.2294350e+02      
5.8942159e+01 2.2140895e+02      
6.0142760e+01 2.1997560e+02      
6.1961767e+01 2.1869747e+02      
6.4368499e+01 2.1762605e+02      
6.7294268e+01 2.1680650e+02      
7.0608962e+01 2.1626463e+02      
7.3961413e+01 2.1587239e+02      
7.6865155e+01 2.1540934e+02      
7.9713462e+01 2.1521930e+02      
8.1679425e+01 2.1321729e+02      
8.2902659e+01 2.0951636e+02      
8.4706514e+01 2.0650725e+02      
8.7287096e+01 2.0431225e+02      
9.0622922e+01 2.0281516e+02      
9.4575388e+01 2.0194874e+02      
9.8698500e+01 2.0162303e+02      
1.0190716e+02 2.0156048e+02      
1.0132698e+02 2.0054162e+02      
9.9838015e+01 1.9967049e+02      
8.5811223e+01 2.1054744e+02      
8.6601759e+01 2.0905594e+02      
8.8070156e+01 2.0766224e+02      
9.0236219e+01 2.0643521e+02      
9.3101138e+01 2.0544790e+02      
9.6626184e+01 2.0477808e+02      
1.0074380e+02 2.0453914e+02      
1.0511270e+02 2.0469838e+02      
1.0759548e+02 2.0375851e+02      
1.1028445e+02 2.0331810e+02      
1.1186099e+02 2.0089346e+02      
1.1243794e+02 1.9654278e+02      
1.1387456e+02 1.9298287e+02      
1.1643782e+02 1.9042007e+02      
1.2019787e+02 1.8870409e+02      
1.2514473e+02 1.8776051e+02      
1.3056568e+02 1.8746998e+02      
1.3326360e+02 1.8696756e+02      
1.3257822e+02 1.8598950e+02      
1.2916501e+02 1.8468672e+02      
1.1124927e+02 1.9479333e+02      
1.1221695e+02 1.9330477e+02      
1.1390814e+02 1.9190389e+02      
1.1638174e+02 1.9067421e+02      
1.1969557e+02 1.8971082e+02      
1.2385907e+02 1.8911319e+02      
1.2870587e+02 1.8893845e+02      
1.3346301e+02 1.8890828e+02      
1.3578546e+02 1.8765603e+02      
1.3802702e+02 1.8662576e+02      
1.3903334e+02 1.8377047e+02      
1.3903645e+02 1.7920897e+02      
1.4014426e+02 1.7544214e+02      
1.4257213e+02 1.7269015e+02      
1.4650824e+02 1.7083427e+02      
1.5236560e+02 1.6980174e+02      
1.5726679e+02 1.6904126e+02      
1.5953538e+02 1.6826859e+02      
1.5862258e+02 1.6735501e+02      
1.5507994e+02 1.6629045e+02      
1.3425837e+02 1.7594922e+02      
1.3534041e+02 1.7441527e+02      
1.3716788e+02 1.7294632e+02      
1.3984412e+02 1.7163736e+02      
1.4353310e+02 1.7061177e+02      
1.4834191e+02 1.6999299e+02      
1.5393480e+02 1.6976077e+02      
1.5818473e+02 1.6896549e+02      
1.6075132e+02 1.6747850e+02      
1.6198736e+02 1.6552250e+02      
1.6226554e+02 1.6224984e+02      
1.6198210e+02 1.5782518e+02      
1.6293763e+02 1.5413790e+02      
1.6507040e+02 1.5135722e+02      
1.6831889e+02 1.4940539e+02      
1.7269866e+02 1.4810195e+02      
1.7757215e+02 1.4711278e+02      
1.7965036e+02 1.4623378e+02      
1.7824708e+02 1.4544296e+02      
1.7406388e+02 1.4461254e+02      
1.5447321e+02 1.5434024e+02      
1.5558871e+02 1.5270931e+02      
1.5742580e+02 1.5110284e+02      
1.6009856e+02 1.4961316e+02      
1.6386586e+02 1.4838091e+02      
1.6905422e+02 1.4756246e+02      
1.7372585e+02 1.4651999e+02      
1.7736428e+02 1.4502280e+02      
1.7978522e+02 1.4298781e+02      
1.8088534e+02 1.4031391e+02      
1.8057567e+02 1.3674830e+02      
1.8087949e+02 1.3294375e+02      
1.8203733e+02 1.2950949e+02      
1.8389774e+02 1.2678729e+02      
1.8616789e+02 1.2492462e+02      
1.8889703e+02 1.2366433e+02      
1.9178930e+02 1.2269950e+02      
1.9378390e+02 1.2181583e+02      
1.9177048e+02 1.2126249e+02      
1.8887013e+02 1.2062424e+02      
1.7159896e+02 1.3034493e+02      
1.7266680e+02 1.2857000e+02      
1.7438151e+02 1.2676254e+02      
1.7680252e+02 1.2499162e+02      
1.7999455e+02 1.2332447e+02      
1.8378742e+02 1.2173797e+02      
1.8740878e+02 1.1998527e+02      
1.9042881e+02 1.1790986e+02      
1.9267447e+02 1.1542584e+02      
1.9409978e+02 1.1246559e+02      
1.9494319e+02 1.0905055e+02      
1.9598642e+02 1.0548583e+02      
1.9750522e+02 1.0213574e+02      
1.9931902e+02 9.9394915e+01      
2.0052757e+02 9.7889435e+01      
2.0178264e+02 9.6982519e+01      
2.0295016e+02 9.6334082e+01      
2.0337934e+02 9.5781995e+01      
2.0223247e+02 9.5314881e+01      
2.0032868e+02 9.4807978e+01      
1.8541567e+02 1.0438779e+02      
1.8637537e+02 1.0243373e+02      
1.8788220e+02 1.0038452e+02      
1.8993420e+02 9.8287068e+01      
1.9247603e+02 9.6167673e+01      
1.9531668e+02 9.3998543e+01      
1.9812911e+02 9.1691616e+01      
2.0063966e+02 8.9158717e+01      
2.0271724e+02 8.6340173e+01      
2.0438301e+02 8.3204695e+01      
2.0585314e+02 7.9769508e+01      
2.0745841e+02 7.6162976e+01      
2.0930429e+02 7.2708461e+01      
2.1068847e+02 7.0227122e+01      
2.1140760e+02 6.8893050e+01      
2.1149209e+02 6.8549292e+01      
2.1145330e+02 6.8398659e+01      
2.1105881e+02 6.8206823e+01      
2.1007374e+02 6.7938422e+01      
2.0864902e+02 6.7582137e+01      
1.9577233e+02 7.6928498e+01      
1.9659274e+02 7.4774211e+01      
1.9786493e+02 7.2466510e+01      
1.9955516e+02 7.0043210e+01      
2.0158415e+02 6.7527274e+01      
2.0380972e+02 6.4915741e+01      
2.0604781e+02 6.2181002e+01      
2.0813891e+02 5.9288908e+01      
2.1000375e+02 5.6214594e+01      
2.1167275e+02 5.2944624e+01      
2.1331690e+02 4.9448269e+01      
2.1518424e+02 4.5693959e+01      
2.1676973e+02 4.2471466e+01      
2.1778702e+02 4.0247664e+01      
2.1811119e+02 3.9167203e+01      
2.1776597e+02 3.9066366e+01      
2.1694715e+02 3.9478460e+01      
2.1610186e+02 3.9622786e+01      
2.1504999e+02 3.9577417e+01      
2.1378324e+02 3.9395488e+01      
2.0257655e+02 4.8450255e+01      
2.0325081e+02 4.6086121e+01      
2.0429855e+02 4.3517026e+01      
2.0567518e+02 4.0780928e+01      
2.0730381e+02 3.7910982e+01      
2.0907652e+02 3.4929773e+01      
2.1087336e+02 3.1847278e+01      
2.1259501e+02 2.8666910e+01      
2.1419160e+02 2.5396229e+01      
2.1567677e+02 2.2054773e+01      
2.1712334e+02 1.8671298e+01      
2.1859146e+02 1.5309408e+01      
2.1997084e+02 1.2181811e+01      
2.2069231e+02 1.0186596e+01      
2.2065288e+02 9.4913256e+00      
2.1991458e+02 9.8410540e+00      
2.1899647e+02 1.0274690e+01      
2.1798940e+02 1.0576757e+01      
2.1686558e+02 1.0721709e+01      
2.1562759e+02 1.0718526e+01      
2.0578669e+02 1.9449969e+01      
2.0632244e+02 1.6874613e+01      
2.0717220e+02 1.4046145e+01      
2.0829002e+02 1.1006254e+01      
2.0960347e+02 7.8045711e+00      
2.1102104e+02 4.4919712e+00      
2.1245238e+02 1.1089808e+00      
2.1382942e+02 -2.3154000e+00      
2.1511876e+02 -5.7507741e+00      
2.1631808e+02 -9.1417374e+00      
2.1743329e+02 -1.2384367e+01      
2.1844356e+02 -1.5328020e+01      
2.1926445e+02 -1.7798085e+01      
2.1970613e+02 -1.9535909e+01      
2.1933531e+02 -1.9720160e+01      
2.1858698e+02 -1.9384327e+01      
2.1764015e+02 -1.8914159e+01      
2.1656378e+02 -1.8480942e+01      
2.1538148e+02 -1.8158025e+01      
2.1411970e+02 -1.7977579e+01      
2.0540802e+02 -9.5694845e+00      
2.0581870e+02 -1.2349835e+01      
2.0650200e+02 -1.5434109e+01      
2.0741669e+02 -1.8780382e+01      
2.0848936e+02 -2.2316629e+01      
2.0962326e+02 -2.5948877e+01      
2.1073663e+02 -2.9605620e+01      
2.1178023e+02 -3.3246167e+01      
2.1274019e+02 -3.6842417e+01      
2.1362245e+02 -4.0332618e+01      
2.1440475e+02 -4.3542062e+01      
2.1500761e+02 -4.6175480e+01      
2.1532721e+02 -4.7978322e+01      
2.1527922e+02 -4.8879973e+01      
2.1478376e+02 -4.8873272e+01      
2.1397670e+02 -4.8391182e+01      
2.1297017e+02 -4.7754368e+01      
2.1182502e+02 -4.7130340e+01      
2.1057925e+02 -4.6607136e+01      
2.0926596e+02 -4.6229060e+01      
2.0149182e+02 -3.8106322e+01      
2.0178926e+02 -4.1074092e+01      
2.0233424e+02 -4.4403996e+01      
2.0310430e+02 -4.8074627e+01      
2.0402610e+02 -5.1996353e+01      
2.0494115e+02 -5.5961193e+01      
2.0576870e+02 -5.9871526e+01      
2.0647547e+02 -6.3693592e+01      
2.0707331e+02 -6.7435778e+01      
2.0764237e+02 -7.1143060e+01      
2.0816124e+02 -7.4584356e+01      
2.0847306e+02 -7.7185121e+01      
2.0833166e+02 -7.8252191e+01      
2.0785864e+02 -7.8262397e+01      
2.0712578e+02 -7.7660760e+01      
2.0617957e+02 -7.6768149e+01      
2.0507126e+02 -7.5814636e+01      
2.0384084e+02 -7.4927975e+01      
2.0251993e+02 -7.4172469e+01      
2.0113786e+02 -7.3580414e+01      
1.9413655e+02 -6.5668817e+01      
1.9432434e+02 -6.8787605e+01      
1.9474173e+02 -7.2326309e+01      
1.9540232e+02 -7.6316072e+01      
1.9628926e+02 -8.0732096e+01      
1.9702710e+02 -8.5025410e+01      
1.9759009e+02 -8.9154675e+01      
1.9796170e+02 -9.3117189e+01      
1.9813290e+02 -9.6927261e+01      
1.9842003e+02 -1.0105493e+02      
1.9877869e+02 -1.0515534e+02      
1.9901529e+02 -1.0831094e+02      
1.9832289e+02 -1.0822254e+02      
1.9742165e+02 -1.0702134e+02      
1.9640916e+02 -1.0549233e+02      
1.9528572e+02 -1.0397558e+02      
1.9405417e+02 -1.0260083e+02      
1.9272746e+02 -1.0140657e+02      
1.9132367e+02 -1.0040132e+02      
1.8986399e+02 -9.9587850e+01      
1.8349090e+02 -9.1788455e+01      
1.8356243e+02 -9.4998758e+01      
1.8383701e+02 -9.8663631e+01      
1.8433726e+02 -1.0284391e+02      
1.8503850e+02 -1.0751631e+02      
1.8556289e+02 -1.1200090e+02      
1.8587838e+02 -1.1626302e+02      
1.8598158e+02 -1.2035658e+02      
1.8589916e+02 -1.2444698e+02      
1.8597743e+02 -1.2928592e+02      
1.8619202e+02 -1.3434965e+02      
1.8598926e+02 -1.3709817e+02      
1.8520767e+02 -1.3693956e+02      
1.8396257e+02 -1.3430967e+02      
1.8270465e+02 -1.3161844e+02      
1.8141719e+02 -1.2938469e+02      
1.8006816e+02 -1.2758301e+02      
1.7864782e+02 -1.2609463e+02      
1.7716207e+02 -1.2485351e+02      
1.7562435e+02 -1.2382828e+02      
1.6975667e+02 -1.1603584e+02      
1.6970068e+02 -1.1926147e+02      
1.6980852e+02 -1.2293799e+02      
1.7009443e+02 -1.2713243e+02      
1.7052676e+02 -1.3182810e+02      
1.7079992e+02 -1.3631318e+02      
1.7087915e+02 -1.4056843e+02      
1.7076534e+02 -1.4468402e+02      
1.7050201e+02 -1.4897603e+02      
1.7037104e+02 -1.5457208e+02      
1.7010788e+02 -1.5930046e+02      
1.6956743e+02 -1.6177729e+02      
1.6870079e+02 -1.6150599e+02      
1.6752879e+02 -1.5885345e+02      
1.6614447e+02 -1.5506918e+02      
1.6474974e+02 -1.5232609e+02      
1.6331202e+02 -1.5024787e+02      
1.6181328e+02 -1.4855018e+02      
1.6025502e+02 -1.4712151e+02      
1.5864634e+02 -1.4591216e+02      
1.5318796e+02 -1.3803409e+02      
1.5299623e+02 -1.4119679e+02      
1.5292238e+02 -1.4476519e+02      
1.5296703e+02 -1.4878218e+02      
1.5309696e+02 -1.5323912e+02      
1.5310618e+02 -1.5751227e+02      
1.5296135e+02 -1.6159397e+02      
1.5265668e+02 -1.6554107e+02      
1.5220780e+02 -1.6949720e+02      
1.5173248e+02 -1.7416027e+02      
1.5111441e+02 -1.7901630e+02      
1.5031624e+02 -1.8146442e+02      
1.4938547e+02 -1.8091534e+02      
1.4827079e+02 -1.7786581e+02      
1.4695280e+02 -1.7482088e+02      
1.4553153e+02 -1.7227650e+02      
1.4404024e+02 -1.7018220e+02      
1.4248379e+02 -1.6840040e+02      
1.4086793e+02 -1.6685168e+02      
1.3920102e+02 -1.6549642e+02      
1.3408569e+02 -1.5746534e+02      
1.3375749e+02 -1.6050131e+02      
1.3350268e+02 -1.6386949e+02      
1.3330800e+02 -1.6755047e+02      
1.3313087e+02 -1.7144804e+02      
1.3288936e+02 -1.7532924e+02      
1.3254032e+02 -1.7910255e+02      
1.3206924e+02 -1.8276762e+02      
1.3148087e+02 -1.8639700e+02      
1.3078970e+02 -1.9012085e+02      
1.2994849e+02 -1.9368476e+02      
1.2891784e+02 -1.9623044e+02      
1.2797542e+02 -1.9533236e+02      
1.2683545e+02 -1.9336972e+02      
1.2551977e+02 -1.9117411e+02      
1.2408324e+02 -1.8906466e+02      
1.2255920e+02 -1.8712823e+02      
1.2096385e+02 -1.8536499e+02      
1.1930737e+02 -1.8375742e+02      
1.1759854e+02 -1.8229335e+02      
1.1278943e+02 -1.7406914e+02      
1.1233161e+02 -1.7693894e+02      
1.1191106e+02 -1.8006714e+02      
1.1151241e+02 -1.8340558e+02      
1.1110558e+02 -1.8686831e+02      
1.1065122e+02 -1.9034234e+02      
1.1011846e+02 -1.9374321e+02      
1.0949078e+02 -1.9702799e+02      
1.0876215e+02 -2.0017337e+02      
1.0792725e+02 -2.0311059e+02      
1.0697163e+02 -2.0560754e+02      
1.0590790e+02 -2.0712897e+02      
1.0479683e+02 -2.0702585e+02      
1.0357274e+02 -2.0593330e+02      
1.0222004e+02 -2.0439207e+02      
1.0075987e+02 -2.0268114e+02      
9.9213017e+01 -2.0094489e+02      
9.7594428e+01 -1.9924828e+02      
9.5914810e+01 -1.9761948e+02      
9.4182641e+01 -1.9607338e+02      
8.9668898e+01 -1.8763620e+02      
8.9092890e+01 -1.9032175e+02      
8.8527621e+01 -1.9320475e+02      
8.7961515e+01 -1.9623252e+02      
8.7375436e+01 -1.9933453e+02      
8.6746436e+01 -2.0243009e+02      
8.6054158e+01 -2.0544425e+02      
8.5284501e+01 -2.0831239e+02      
8.4428984e+01 -2.1096517e+02      
8.3481906e+01 -2.1329430e+02      
8.2440420e+01 -2.1511377e+02      
8.1311354e+01 -2.1616598e+02      
8.0103046e+01 -2.1629724e+02      
7.8805650e+01 -2.1566205e+02      
7.7412625e+01 -2.1452880e+02      
7.5930585e+01 -2.1310926e+02      
7.4370877e+01 -2.1154310e+02      
7.2744288e+01 -2.0991548e+02      
7.1059742e+01 -2.0827777e+02      
6.9324453e+01 -2.0666308e+02      
