4.2216822e+01 2.2934939e+02      
4.3712291e+01 2.2803312e+02      
4.4443916e+01 2.2706762e+02      
4.4345069e+01 2.2652538e+02      
4.3354892e+01 2.2642428e+02      
4.1411008e+01 2.2672465e+02      
3.9962697e+01 2.2705004e+02      
3.8952114e+01 2.2738450e+02      
3.8242934e+01 2.2777134e+02      
3.7738061e+01 2.2822381e+02      
3.7291309e+01 2.2870879e+02      
3.6807610e+01 2.2919528e+02      
3.6397572e+01 2.2972901e+02      
3.6233324e+01 2.3036293e+02      
3.6437855e+01 2.3111226e+02      
3.7091622e+01 2.3196738e+02      
3.8245844e+01 2.3290471e+02      
3.9930757e+01 2.3389180e+02      
4.2161481e+01 2.3489004e+02      
4.4942054e+01 2.3585651e+02      
7.1469116e+01 2.2074090e+02      
7.3381903e+01 2.1925009e+02      
7.4464503e+01 2.1819142e+02      
7.4642566e+01 2.1762524e+02      
7.3855894e+01 2.1757460e+02      
7.1993508e+01 2.1801314e+02      
7.0567107e+01 2.1834485e+02      
6.9532803e+01 2.1859501e+02      
6.8842400e+01 2.1887850e+02      
6.8445448e+01 2.1925099e+02      
6.8022923e+01 2.1962652e+02      
6.7091098e+01 2.1979600e+02      
6.6117489e+01 2.1998767e+02      
6.5435079e+01 2.2031711e+02      
6.5175704e+01 2.2078658e+02      
6.5417528e+01 2.2137590e+02      
6.6204456e+01 2.2205414e+02      
6.7557334e+01 2.2278321e+02      
6.9482259e+01 2.2351987e+02      
7.1975533e+01 2.2421714e+02      
9.8339966e+01 2.0893741e+02      
1.0008102e+02 2.0745452e+02      
1.0121229e+02 2.0639227e+02      
1.0171930e+02 2.0578847e+02      
1.0162258e+02 2.0568383e+02      
1.0072618e+02 2.0608260e+02      
9.9742737e+01 2.0626893e+02      
9.8657981e+01 2.0630942e+02      
9.8030970e+01 2.0642599e+02      
9.7962297e+01 2.0673539e+02      
9.8056253e+01 2.0719542e+02      
9.6225702e+01 2.0682769e+02      
9.4485433e+01 2.0662513e+02      
9.3173791e+01 2.0664945e+02      
9.2378713e+01 2.0685294e+02      
9.2162923e+01 2.0719851e+02      
9.2550729e+01 2.0764526e+02      
9.3544910e+01 2.0814816e+02      
9.5137729e+01 2.0865865e+02      
9.7315402e+01 2.0912525e+02      
1.2259215e+02 1.9416009e+02      
1.2355626e+02 1.9301722e+02      
1.2448535e+02 1.9204952e+02      
1.2527894e+02 1.9138045e+02      
1.2615542e+02 1.9107871e+02      
1.2737358e+02 1.9113179e+02      
1.2711027e+02 1.9099642e+02      
1.2557753e+02 1.9065294e+02      
1.2511315e+02 1.9053004e+02      
1.2546691e+02 1.9065210e+02      
1.2567313e+02 1.9084229e+02      
1.2344695e+02 1.9027616e+02      
1.2095051e+02 1.8978557e+02      
1.1891741e+02 1.8953952e+02      
1.1753845e+02 1.8951011e+02      
1.1684753e+02 1.8964738e+02      
1.1682906e+02 1.8990055e+02      
1.1745720e+02 1.9021789e+02      
1.1870669e+02 1.9054565e+02      
1.2055276e+02 1.9082776e+02      
1.4436096e+02 1.7645177e+02      
1.4489831e+02 1.7547074e+02      
1.4561956e+02 1.7454129e+02      
1.4650375e+02 1.7375746e+02      
1.4777813e+02 1.7317314e+02      
1.4964672e+02 1.7276282e+02      
1.4999543e+02 1.7227600e+02      
1.4907227e+02 1.7172275e+02      
1.4935230e+02 1.7136848e+02      
1.5045524e+02 1.7126360e+02      
1.5025751e+02 1.7099332e+02      
1.4829531e+02 1.7041535e+02      
1.4494571e+02 1.6968223e+02      
1.4211335e+02 1.6921971e+02      
1.4014820e+02 1.6900820e+02      
1.3901537e+02 1.6898550e+02      
1.3861778e+02 1.6909249e+02      
1.3889492e+02 1.6927280e+02      
1.3980577e+02 1.6946870e+02      
1.4131672e+02 1.6961976e+02      
1.6350851e+02 1.5603260e+02      
1.6379614e+02 1.5509381e+02      
1.6432960e+02 1.5412440e+02      
1.6509831e+02 1.5318527e+02      
1.6614269e+02 1.5230924e+02      
1.6731099e+02 1.5148146e+02      
1.6802152e+02 1.5064742e+02      
1.6854481e+02 1.4984077e+02      
1.6990507e+02 1.4918130e+02      
1.7063964e+02 1.4857403e+02      
1.7022602e+02 1.4793730e+02      
1.6848407e+02 1.4724642e+02      
1.6559231e+02 1.4655431e+02      
1.6209750e+02 1.4597366e+02      
1.5972069e+02 1.4565030e+02      
1.5826126e+02 1.4552601e+02      
1.5754738e+02 1.4554063e+02      
1.5750817e+02 1.4563841e+02      
1.5809867e+02 1.4575979e+02      
1.5928201e+02 1.4584009e+02      
1.7977080e+02 1.3325415e+02      
1.7987088e+02 1.3229585e+02      
1.8022218e+02 1.3123863e+02      
1.8080266e+02 1.3012395e+02      
1.8157831e+02 1.2897681e+02      
1.8244397e+02 1.2780329e+02      
1.8327451e+02 1.2660670e+02      
1.8414799e+02 1.2541893e+02      
1.8511306e+02 1.2428717e+02      
1.8559287e+02 1.2322032e+02      
1.8512455e+02 1.2224687e+02      
1.8352004e+02 1.2140187e+02      
1.8103345e+02 1.2069631e+02      
1.7823509e+02 1.2014869e+02      
1.7590914e+02 1.1979789e+02      
1.7427553e+02 1.1963002e+02      
1.7331941e+02 1.1960661e+02      
1.7300703e+02 1.1967957e+02      
1.7330381e+02 1.1978937e+02      
1.7417528e+02 1.1986607e+02      
1.9291347e+02 1.0851971e+02      
1.9285656e+02 1.0750590e+02      
1.9303980e+02 1.0633473e+02      
1.9344400e+02 1.0503645e+02      
1.9403998e+02 1.0363230e+02      
1.9478103e+02 1.0213610e+02      
1.9562358e+02 1.0056369e+02      
1.9654417e+02 9.8945758e+01      
1.9744543e+02 9.7331333e+01      
1.9805349e+02 9.5789607e+01      
1.9781344e+02 9.4448839e+01      
1.9604243e+02 9.3462664e+01      
1.9351785e+02 9.2740019e+01      
1.9090552e+02 9.2213437e+01      
1.8861346e+02 9.1869279e+01      
1.8686087e+02 9.1699252e+01      
1.8571232e+02 9.1685577e+01      
1.8516617e+02 9.1792125e+01      
1.8519876e+02 9.1959200e+01      
1.8577947e+02 9.2107622e+01      
2.0275260e+02 8.2264149e+01      
2.0255701e+02 8.1174148e+01      
2.0258703e+02 7.9876685e+01      
2.0283516e+02 7.8394258e+01      
2.0329228e+02 7.6743173e+01      
2.0394847e+02 7.4934736e+01      
2.0479574e+02 7.2981343e+01      
2.0581536e+02 7.0908668e+01      
2.0693753e+02 6.8773279e+01      
2.0805458e+02 6.6675675e+01      
2.0872058e+02 6.4826205e+01      
2.0604555e+02 6.3814295e+01      
2.0302409e+02 6.3130328e+01      
2.0020124e+02 6.2639857e+01      
1.9777535e+02 6.2314648e+01      
1.9588341e+02 6.2161252e+01      
1.9456860e+02 6.2192453e+01      
1.9382300e+02 6.2391253e+01      
1.9362187e+02 6.2693919e+01      
1.9393632e+02 6.3001443e+01      
2.0915801e+02 5.4942950e+01      
2.0883345e+02 5.3766610e+01      
2.0871709e+02 5.2340564e+01      
2.0881435e+02 5.0681276e+01      
2.0913621e+02 4.8799028e+01      
2.0970396e+02 4.6696585e+01      
2.1055279e+02 4.4370507e+01      
2.1171984e+02 4.1822704e+01      
2.1319579e+02 3.9095981e+01      
2.1479050e+02 3.6347472e+01      
2.1559685e+02 3.3988521e+01      
2.1270959e+02 3.2916263e+01      
2.0915429e+02 3.2334884e+01      
2.0592160e+02 3.1919395e+01      
2.0326446e+02 3.1605707e+01      
2.0122887e+02 3.1451938e+01      
1.9978240e+02 3.1541247e+01      
1.9887549e+02 3.1895267e+01      
1.9847247e+02 3.2432139e+01      
1.9854737e+02 3.3006745e+01      
2.1205572e+02 2.7023303e+01      
2.1160464e+02 2.5758337e+01      
2.1133880e+02 2.4209440e+01      
2.1127352e+02 2.2388985e+01      
2.1143478e+02 2.0302604e+01      
2.1186895e+02 1.7944133e+01      
2.1266031e+02 1.5286300e+01      
2.1395401e+02 1.2269732e+01      
2.1584870e+02 8.8817770e+00      
2.1801379e+02 5.3732991e+00      
2.1814112e+02 2.7904319e+00      
2.1577633e+02 1.3289111e+00      
2.1153810e+02 9.2465754e-01      
2.0779284e+02 6.1018490e-01      
2.0491059e+02 2.4275893e-01      
2.0280687e+02 -7.7299697e-03      
2.0130666e+02 1.0730885e-01      
2.0028631e+02 7.0256377e-01      
1.9971130e+02 1.6211109e+00      
1.9957358e+02 2.6063338e+00      
2.1143021e+02 -1.0241190e+00      
2.1085014e+02 -2.3741384e+00      
2.1042461e+02 -4.0342380e+00      
2.1017341e+02 -5.9935061e+00      
2.1012804e+02 -8.2463857e+00      
2.1034262e+02 -1.0799075e+01      
2.1091917e+02 -1.3686103e+01      
2.1209922e+02 -1.7029213e+01      
2.1418557e+02 -2.0996290e+01      
2.1529486e+02 -2.4472300e+01      
2.1488699e+02 -2.7216185e+01      
2.1285171e+02 -2.9137132e+01      
2.0946747e+02 -3.0214670e+01      
2.0541056e+02 -3.0567193e+01      
2.0254567e+02 -3.1238068e+01      
2.0058592e+02 -3.1846592e+01      
1.9919596e+02 -3.1875045e+01      
1.9809086e+02 -3.0831971e+01      
1.9735673e+02 -2.9271502e+01      
1.9703284e+02 -2.7680735e+01      
2.0732575e+02 -2.8732873e+01      
2.0661260e+02 -3.0160243e+01      
2.0601529e+02 -3.1916632e+01      
2.0555230e+02 -3.3990240e+01      
2.0525053e+02 -3.6370130e+01      
2.0515038e+02 -3.9048879e+01      
2.0531108e+02 -4.2028886e+01      
2.0579914e+02 -4.5323742e+01      
2.0645521e+02 -4.8828944e+01      
2.0654626e+02 -5.2117985e+01      
2.0569594e+02 -5.4984108e+01      
2.0385913e+02 -5.7367950e+01      
2.0125142e+02 -5.9271900e+01      
1.9840308e+02 -6.0813488e+01      
1.9612962e+02 -6.2310619e+01      
1.9459267e+02 -6.3663988e+01      
1.9358900e+02 -6.4261546e+01      
1.9235019e+02 -6.2287197e+01      
1.9147071e+02 -5.9706222e+01      
1.9099586e+02 -5.7269532e+01      
1.9984573e+02 -5.5647817e+01      
1.9899734e+02 -5.7141902e+01      
1.9821988e+02 -5.8978696e+01      
1.9752644e+02 -6.1145179e+01      
1.9693377e+02 -6.3622967e+01      
1.9646171e+02 -6.6384701e+01      
1.9612315e+02 -6.9390464e+01      
1.9588487e+02 -7.2578365e+01      
1.9558368e+02 -7.5834642e+01      
1.9492897e+02 -7.9004491e+01      
1.9370355e+02 -8.1994368e+01      
1.9188317e+02 -8.4796662e+01      
1.8966415e+02 -8.7459769e+01      
1.8748010e+02 -9.0029979e+01      
1.8584942e+02 -9.2438498e+01      
1.8483830e+02 -9.4656718e+01      
1.8397261e+02 -9.4866688e+01      
1.8305637e+02 -9.2793864e+01      
1.8214273e+02 -8.8952201e+01      
1.8158728e+02 -8.5467587e+01      
1.8914999e+02 -8.1331615e+01      
1.8816901e+02 -8.2878946e+01      
1.8721096e+02 -8.4779665e+01      
1.8628140e+02 -8.7022493e+01      
1.8538617e+02 -8.9585791e+01      
1.8453139e+02 -9.2425892e+01      
1.8371603e+02 -9.5466084e+01      
1.8290563e+02 -9.8604756e+01      
1.8199849e+02 -1.0174629e+02      
1.8083716e+02 -1.0483878e+02      
1.7928404e+02 -1.0790603e+02      
1.7731429e+02 -1.1103406e+02      
1.7509830e+02 -1.1430564e+02      
1.7305696e+02 -1.1773300e+02      
1.7195857e+02 -1.2061267e+02      
1.7124246e+02 -1.2228038e+02      
1.7065670e+02 -1.2206431e+02      
1.7008720e+02 -1.1977906e+02      
1.6951545e+02 -1.1584569e+02      
1.6899784e+02 -1.1137086e+02      
1.7545031e+02 -1.0537106e+02      
1.7434603e+02 -1.0695412e+02      
1.7321717e+02 -1.0889900e+02      
1.7206049e+02 -1.1120231e+02      
1.7086995e+02 -1.1385168e+02      
1.6964258e+02 -1.1680284e+02      
1.6839001e+02 -1.1993696e+02      
1.6712269e+02 -1.2307802e+02      
1.6579581e+02 -1.2611432e+02      
1.6429944e+02 -1.2905436e+02      
1.6248054e+02 -1.3205459e+02      
1.6024612e+02 -1.3534360e+02      
1.5778811e+02 -1.3893016e+02      
1.5592355e+02 -1.4189968e+02      
1.5488339e+02 -1.4412871e+02      
1.5456133e+02 -1.4547854e+02      
1.5434876e+02 -1.4492160e+02      
1.5413235e+02 -1.4224124e+02      
1.5385795e+02 -1.3789942e+02      
1.5350634e+02 -1.3401470e+02      
1.5900453e+02 -1.2738385e+02      
1.5779354e+02 -1.2897923e+02      
1.5651500e+02 -1.3093993e+02      
1.5515633e+02 -1.3327644e+02      
1.5369481e+02 -1.3600556e+02      
1.5210257e+02 -1.3913591e+02      
1.5040681e+02 -1.4252462e+02      
1.4874835e+02 -1.4573212e+02      
1.4713593e+02 -1.4861233e+02      
1.4548765e+02 -1.5120043e+02      
1.4359680e+02 -1.5376701e+02      
1.4111316e+02 -1.5691922e+02      
1.3873539e+02 -1.5989052e+02      
1.3696602e+02 -1.6218089e+02      
1.3602057e+02 -1.6356986e+02      
1.3580047e+02 -1.6397289e+02      
1.3592483e+02 -1.6320674e+02      
1.3599647e+02 -1.6014774e+02      
1.3581956e+02 -1.5672754e+02      
1.3551824e+02 -1.5356517e+02      
1.4010965e+02 -1.4702621e+02      
1.3881513e+02 -1.4860401e+02      
1.3741923e+02 -1.5053942e+02      
1.3590280e+02 -1.5285461e+02      
1.3422632e+02 -1.5560003e+02      
1.3230840e+02 -1.5890248e+02      
1.3009787e+02 -1.6282386e+02      
1.2811073e+02 -1.6609657e+02      
1.2632286e+02 -1.6874741e+02      
1.2469574e+02 -1.7079720e+02      
1.2316823e+02 -1.7226778e+02      
1.2107948e+02 -1.7441123e+02      
1.1861394e+02 -1.7690669e+02      
1.1684244e+02 -1.7862625e+02      
1.1606613e+02 -1.7924451e+02      
1.1612776e+02 -1.7870379e+02      
1.1612184e+02 -1.7749410e+02      
1.1600635e+02 -1.7531359e+02      
1.1575391e+02 -1.7272879e+02      
1.1540588e+02 -1.7017119e+02      
1.1909457e+02 -1.6400063e+02      
1.1774375e+02 -1.6552718e+02      
1.1627040e+02 -1.6738682e+02      
1.1465663e+02 -1.6959985e+02      
1.1286428e+02 -1.7221375e+02      
1.1080815e+02 -1.7534853e+02      
1.0842005e+02 -1.7905082e+02      
1.0631133e+02 -1.8208235e+02      
1.0445512e+02 -1.8444709e+02      
1.0284656e+02 -1.8613688e+02      
1.0150498e+02 -1.8711912e+02      
9.9747891e+01 -1.8854141e+02      
9.7733972e+01 -1.9016402e+02      
9.5875950e+01 -1.9146766e+02      
9.5286713e+01 -1.9150403e+02      
9.4976584e+01 -1.9088078e+02      
9.4683631e+01 -1.8970253e+02      
9.4347323e+01 -1.8799442e+02      
9.3953743e+01 -1.8595202e+02      
9.3508670e+01 -1.8382534e+02      
9.6313181e+01 -1.7806216e+02      
9.4933354e+01 -1.7950583e+02      
9.3422372e+01 -1.8124225e+02      
9.1771521e+01 -1.8327658e+02      
8.9964144e+01 -1.8561817e+02      
8.7981806e+01 -1.8826545e+02      
8.5878460e+01 -1.9106638e+02      
8.3864798e+01 -1.9357986e+02      
8.2014678e+01 -1.9563358e+02      
8.0335872e+01 -1.9719691e+02      
7.8769465e+01 -1.9836813e+02      
7.7126182e+01 -1.9947456e+02      
7.5444518e+01 -2.0049483e+02      
7.3971051e+01 -2.0115779e+02      
7.3020204e+01 -2.0114503e+02      
7.2354946e+01 -2.0055997e+02      
7.1792944e+01 -1.9949939e+02      
7.1260379e+01 -1.9804030e+02      
7.0723007e+01 -1.9630987e+02      
7.0167771e+01 -1.9446319e+02      
