3.1288160e+01 2.3472738e+02      
3.1340986e+01 2.3354493e+02      
3.1926538e+01 2.3251651e+02      
3.3028326e+01 2.3172119e+02      
3.4616986e+01 2.3127027e+02      
3.6490525e+01 2.3107693e+02      
3.7589314e+01 2.2959173e+02      
3.8378095e+01 2.2794534e+02      
3.9043341e+01 2.2649962e+02      
3.9660673e+01 2.2537844e+02      
4.0328468e+01 2.2466934e+02      
4.1144555e+01 2.2441698e+02      
4.2175369e+01 2.2460720e+02      
4.3448404e+01 2.2517232e+02      
4.4916449e+01 2.2595860e+02      
4.6464712e+01 2.2674042e+02      
4.8019399e+01 2.2734942e+02      
4.9608725e+01 2.2773665e+02      
5.1360554e+01 2.2796952e+02      
5.3441845e+01 2.2816893e+02      
6.0073572e+01 2.2555889e+02      
6.0383868e+01 2.2437222e+02      
6.1291844e+01 2.2333825e+02      
6.2812025e+01 2.2256489e+02      
6.4965421e+01 2.2221202e+02      
6.7557934e+01 2.2221290e+02      
6.9246504e+01 2.2100301e+02      
6.9968856e+01 2.1884354e+02      
7.0488890e+01 2.1696034e+02      
7.0802256e+01 2.1540966e+02      
7.1164220e+01 2.1441159e+02      
7.1716948e+01 2.1401544e+02      
7.2547350e+01 2.1418933e+02      
7.3738329e+01 2.1489827e+02      
7.5239710e+01 2.1596450e+02      
7.6694458e+01 2.1686168e+02      
7.7930581e+01 2.1732018e+02      
7.8981371e+01 2.1729247e+02      
8.0071142e+01 2.1693847e+02      
8.1602504e+01 2.1665771e+02      
8.7327759e+01 2.1275947e+02      
8.7877069e+01 2.1150792e+02      
8.9079398e+01 2.1038087e+02      
9.0975512e+01 2.0949073e+02      
9.3624578e+01 2.0899622e+02      
9.6843004e+01 2.0884617e+02      
9.9088648e+01 2.0764293e+02      
1.0030089e+02 2.0562027e+02      
1.0086854e+02 2.0349779e+02      
1.0071062e+02 2.0141119e+02      
1.0068716e+02 2.0016463e+02      
1.0088065e+02 1.9966708e+02      
1.0140473e+02 1.9984805e+02      
1.0245186e+02 2.0075150e+02      
1.0419892e+02 2.0245233e+02      
1.0566330e+02 2.0364760e+02      
1.0652119e+02 2.0399121e+02      
1.0683952e+02 2.0346198e+02      
1.0697515e+02 2.0228565e+02      
1.0792609e+02 2.0159746e+02      
1.1258363e+02 1.9656329e+02      
1.1333260e+02 1.9518354e+02      
1.1477110e+02 1.9387219e+02      
1.1695671e+02 1.9272595e+02      
1.1997474e+02 1.9187446e+02      
1.2365027e+02 1.9126186e+02      
1.2629449e+02 1.8969632e+02      
1.2780973e+02 1.8736213e+02      
1.2884079e+02 1.8521356e+02      
1.2882460e+02 1.8331057e+02      
1.2843071e+02 1.8203582e+02      
1.2812841e+02 1.8150103e+02      
1.2816412e+02 1.8167030e+02      
1.2874025e+02 1.8251472e+02      
1.2995959e+02 1.8394628e+02      
1.3149669e+02 1.8549676e+02      
1.3184147e+02 1.8570795e+02      
1.3132210e+02 1.8475211e+02      
1.3127582e+02 1.8382985e+02      
1.3189784e+02 1.8314343e+02      
1.3541869e+02 1.7727346e+02      
1.3631271e+02 1.7571165e+02      
1.3790931e+02 1.7414224e+02      
1.4026953e+02 1.7263276e+02      
1.4347887e+02 1.7126066e+02      
1.4740429e+02 1.6995887e+02      
1.5043593e+02 1.6782623e+02      
1.5327963e+02 1.6556254e+02      
1.5548447e+02 1.6353161e+02      
1.5509832e+02 1.6157037e+02      
1.5404052e+02 1.6028408e+02      
1.5300962e+02 1.5976948e+02      
1.5235459e+02 1.5995445e+02      
1.5227858e+02 1.6072379e+02      
1.5290633e+02 1.6196229e+02      
1.5397522e+02 1.6332043e+02      
1.5347533e+02 1.6323107e+02      
1.5292040e+02 1.6270688e+02      
1.5278079e+02 1.6215500e+02      
1.5316139e+02 1.6165443e+02      
1.5546488e+02 1.5525344e+02      
1.5644123e+02 1.5347353e+02      
1.5811109e+02 1.5160360e+02      
1.6053076e+02 1.4968030e+02      
1.6374977e+02 1.4771558e+02      
1.6767891e+02 1.4561512e+02      
1.7195247e+02 1.4321221e+02      
1.7632908e+02 1.4078691e+02      
1.7884546e+02 1.3847708e+02      
1.7901827e+02 1.3650431e+02      
1.7710901e+02 1.3520615e+02      
1.7508267e+02 1.3481271e+02      
1.7354666e+02 1.3512998e+02      
1.7271025e+02 1.3593094e+02      
1.7262478e+02 1.3704636e+02      
1.7307377e+02 1.3818206e+02      
1.7223438e+02 1.3821950e+02      
1.7163492e+02 1.3805009e+02      
1.7134511e+02 1.3785307e+02      
1.7146029e+02 1.3760114e+02      
1.7241507e+02 1.3091456e+02      
1.7340872e+02 1.2890061e+02      
1.7506844e+02 1.2672090e+02      
1.7744969e+02 1.2439383e+02      
1.8062166e+02 1.2191342e+02      
1.8473287e+02 1.1923679e+02      
1.8999990e+02 1.1633701e+02      
1.9461304e+02 1.1336928e+02      
1.9754027e+02 1.1061418e+02      
1.9836697e+02 1.0837634e+02      
1.9700441e+02 1.0705608e+02      
1.9377973e+02 1.0703168e+02      
1.9128651e+02 1.0769751e+02      
1.8967833e+02 1.0868796e+02      
1.8879105e+02 1.0977770e+02      
1.8831795e+02 1.1068313e+02      
1.8775949e+02 1.1110374e+02      
1.8731252e+02 1.1126054e+02      
1.8677151e+02 1.1143059e+02      
1.8656441e+02 1.1147717e+02      
1.8602699e+02 1.0470272e+02      
1.8697449e+02 1.0245561e+02      
1.8854317e+02 9.9980112e+01      
1.9078341e+02 9.7288593e+01      
1.9376065e+02 9.4378177e+01      
1.9757129e+02 9.1230457e+01      
2.0223918e+02 8.7822591e+01      
2.0734824e+02 8.4181514e+01      
2.1086757e+02 8.0804349e+01      
2.1238630e+02 7.8060694e+01      
2.1193189e+02 7.6306591e+01      
2.0827695e+02 7.6993576e+01      
2.0515194e+02 7.8246846e+01      
2.0291930e+02 7.9626399e+01      
2.0143598e+02 8.0904255e+01      
2.0053023e+02 8.1881436e+01      
1.9998133e+02 8.2497686e+01      
1.9941288e+02 8.2983957e+01      
1.9879867e+02 8.3422700e+01      
1.9824595e+02 8.3800621e+01      
1.9612557e+02 7.7086606e+01      
1.9696897e+02 7.4618758e+01      
1.9837268e+02 7.1873221e+01      
2.0037464e+02 6.8862205e+01      
2.0301466e+02 6.5588444e+01      
2.0632218e+02 6.2044199e+01      
2.1026968e+02 5.8214880e+01      
2.1465075e+02 5.4112684e+01      
2.1881972e+02 4.9927862e+01      
2.2077011e+02 4.6617599e+01      
2.2144999e+02 4.4415252e+01      
2.1833483e+02 4.5447371e+01      
2.1492015e+02 4.7418162e+01      
2.1219907e+02 4.9413758e+01      
2.1030089e+02 5.1078833e+01      
2.0916473e+02 5.2250921e+01      
2.0835416e+02 5.3138734e+01      
2.0762758e+02 5.3887743e+01      
2.0690975e+02 5.4566167e+01      
2.0625106e+02 5.5149554e+01      
2.0260366e+02 4.8548414e+01      
2.0329440e+02 4.5879315e+01      
2.0447324e+02 4.2894443e+01      
2.0616445e+02 3.9608524e+01      
2.0838853e+02 3.6031226e+01      
2.1115466e+02 3.2163357e+01      
2.1444649e+02 2.7986558e+01      
2.1820259e+02 2.3451083e+01      
2.2211859e+02 1.8658107e+01      
2.2539716e+02 1.4246255e+01      
2.2614640e+02 1.2273317e+01      
2.2423865e+02 1.2998107e+01      
2.2046585e+02 1.5930296e+01      
2.1729727e+02 1.8765298e+01      
2.1505346e+02 2.0975778e+01      
2.1359310e+02 2.2549297e+01      
2.1265710e+02 2.3627190e+01      
2.1182545e+02 2.4571169e+01      
2.1098871e+02 2.5478457e+01      
2.1017961e+02 2.6295873e+01      
2.0542080e+02 1.9576234e+01      
2.0592230e+02 1.6729694e+01      
2.0683319e+02 1.3537718e+01      
2.0816534e+02 1.0018638e+01      
2.0992657e+02 6.1919434e+00      
2.1212124e+02 2.0762969e+00      
2.1476089e+02 -2.3283592e+00      
2.1793759e+02 -7.1404527e+00      
2.2175210e+02 -1.2529601e+01      
2.2425502e+02 -1.6273624e+01      
2.2495870e+02 -1.7896343e+01      
2.2386057e+02 -1.7386140e+01      
2.2129425e+02 -1.5015656e+01      
2.1793564e+02 -1.1416139e+01      
2.1561843e+02 -8.8158629e+00      
2.1404447e+02 -6.9410206e+00      
2.1292961e+02 -5.5491376e+00      
2.1206225e+02 -4.4733978e+00      
2.1113116e+02 -3.3542525e+00      
2.1036621e+02 -2.5107932e+00      
2.0460046e+02 -9.3426305e+00      
2.0488926e+02 -1.2339579e+01      
2.0550590e+02 -1.5706317e+01      
2.0645013e+02 -1.9422496e+01      
2.0771725e+02 -2.3458708e+01      
2.0930128e+02 -2.7767226e+01      
2.1120078e+02 -3.2270256e+01      
2.1341285e+02 -3.6834691e+01      
2.1572162e+02 -4.1026777e+01      
2.1737468e+02 -4.3859634e+01      
2.1797172e+02 -4.4996966e+01      
2.1743678e+02 -4.4532039e+01      
2.1593254e+02 -4.2745542e+01      
2.1390456e+02 -4.0197907e+01      
2.1209316e+02 -3.7815223e+01      
2.1065900e+02 -3.5841746e+01      
2.0951934e+02 -3.4234443e+01      
2.0856454e+02 -3.2908159e+01      
2.0769426e+02 -3.1767532e+01      
2.0695988e+02 -3.0896944e+01      
2.0022635e+02 -3.7728181e+01      
2.0029262e+02 -4.0844680e+01      
2.0060564e+02 -4.4352395e+01      
2.0115222e+02 -4.8234743e+01      
2.0191228e+02 -5.2462310e+01      
2.0286310e+02 -5.6971124e+01      
2.0398339e+02 -6.1618740e+01      
2.0523643e+02 -6.6103590e+01      
2.0651249e+02 -6.9781818e+01      
2.0759663e+02 -7.1795076e+01      
2.0815469e+02 -7.2311348e+01      
2.0802393e+02 -7.1623712e+01      
2.0725553e+02 -7.0036129e+01      
2.0608753e+02 -6.7950895e+01      
2.0482693e+02 -6.5792179e+01      
2.0365208e+02 -6.3808905e+01      
2.0260482e+02 -6.2079449e+01      
2.0166952e+02 -6.0607704e+01      
2.0082883e+02 -5.9389402e+01      
2.0009596e+02 -5.8453586e+01      
1.9243775e+02 -6.5114784e+01      
1.9228536e+02 -6.8314112e+01      
1.9230317e+02 -7.1922586e+01      
1.9246422e+02 -7.5935796e+01      
1.9272898e+02 -8.0344786e+01      
1.9305149e+02 -8.5112098e+01      
1.9339890e+02 -9.0109362e+01      
1.9378254e+02 -9.4991327e+01      
1.9428395e+02 -9.8966245e+01      
1.9511188e+02 -1.0002243e+02      
1.9577360e+02 -9.9697900e+01      
1.9599577e+02 -9.8501234e+01      
1.9572517e+02 -9.6733391e+01      
1.9507448e+02 -9.4660734e+01      
1.9421740e+02 -9.2526710e+01      
1.9329340e+02 -9.0504333e+01      
1.9237825e+02 -8.8684852e+01      
1.9150369e+02 -8.7107115e+01      
1.9068515e+02 -8.5792054e+01      
1.8993832e+02 -8.4763270e+01      
1.8142390e+02 -9.1059442e+01      
1.8106963e+02 -9.4297007e+01      
1.8081868e+02 -9.7952917e+01      
1.8063175e+02 -1.0203939e+02      
1.8044642e+02 -1.0658698e+02      
1.8017245e+02 -1.1164967e+02      
1.7974741e+02 -1.1719456e+02      
1.7928386e+02 -1.2276990e+02      
1.7931366e+02 -1.2643321e+02      
1.7986978e+02 -1.2756686e+02      
1.8079088e+02 -1.2632456e+02      
1.8139126e+02 -1.2439492e+02      
1.8149333e+02 -1.2220452e+02      
1.8117831e+02 -1.1992343e+02      
1.8059548e+02 -1.1767382e+02      
1.7986597e+02 -1.1555943e+02      
1.7907067e+02 -1.1364599e+02      
1.7825832e+02 -1.1197010e+02      
1.7745874e+02 -1.1055501e+02      
1.7669254e+02 -1.0942124e+02      
1.6741752e+02 -1.1515129e+02      
1.6688858e+02 -1.1837517e+02      
1.6641098e+02 -1.2200984e+02      
1.6593988e+02 -1.2607650e+02      
1.6539955e+02 -1.3063263e+02      
1.6464754e+02 -1.3584210e+02      
1.6350007e+02 -1.4190972e+02      
1.6257096e+02 -1.4725886e+02      
1.6223748e+02 -1.5088150e+02      
1.6260661e+02 -1.5221585e+02      
1.6350713e+02 -1.5119086e+02      
1.6448540e+02 -1.4851154e+02      
1.6481418e+02 -1.4584139e+02      
1.6468208e+02 -1.4325661e+02      
1.6426065e+02 -1.4082056e+02      
1.6365816e+02 -1.3858419e+02      
1.6294911e+02 -1.3657339e+02      
1.6218377e+02 -1.3480451e+02      
1.6139569e+02 -1.3329162e+02      
1.6060728e+02 -1.3204962e+02      
1.5068823e+02 -1.3702099e+02      
1.5001770e+02 -1.4017669e+02      
1.4936406e+02 -1.4371428e+02      
1.4868754e+02 -1.4764743e+02      
1.4792515e+02 -1.5201327e+02      
1.4698181e+02 -1.5688260e+02      
1.4576515e+02 -1.6225393e+02      
1.4434051e+02 -1.6774188e+02      
1.4366275e+02 -1.7168961e+02      
1.4397156e+02 -1.7345588e+02      
1.4500446e+02 -1.7250127e+02      
1.4571030e+02 -1.7016899e+02      
1.4596692e+02 -1.6711761e+02      
1.4586537e+02 -1.6417072e+02      
1.4550697e+02 -1.6154043e+02      
1.4496808e+02 -1.5919406e+02      
1.4430757e+02 -1.5710240e+02      
1.4356889e+02 -1.5525492e+02      
1.4278285e+02 -1.5365332e+02      
1.4197043e+02 -1.5230633e+02      
1.3153701e+02 -1.5634790e+02      
1.3075820e+02 -1.5938560e+02      
1.2997738e+02 -1.6275830e+02      
1.2916709e+02 -1.6646163e+02      
1.2828946e+02 -1.7049436e+02      
1.2730200e+02 -1.7484533e+02      
1.2617769e+02 -1.7945472e+02      
1.2496243e+02 -1.8414718e+02      
1.2393905e+02 -1.8856077e+02      
1.2427919e+02 -1.9131659e+02      
1.2477347e+02 -1.9144155e+02      
1.2510551e+02 -1.8936290e+02      
1.2516250e+02 -1.8545170e+02      
1.2499796e+02 -1.8216159e+02      
1.2463249e+02 -1.7942956e+02      
1.2410730e+02 -1.7703911e+02      
1.2346293e+02 -1.7490879e+02      
1.2273232e+02 -1.7300938e+02      
1.2194017e+02 -1.7133514e+02      
1.2110367e+02 -1.6989157e+02      
1.1029199e+02 -1.7286346e+02      
1.0943397e+02 -1.7574403e+02      
1.0856560e+02 -1.7890301e+02      
1.0767275e+02 -1.8231774e+02      
1.0673942e+02 -1.8595776e+02      
1.0575595e+02 -1.8977348e+02      
1.0473589e+02 -1.9367951e+02      
1.0374358e+02 -1.9755029e+02      
1.0297142e+02 -2.0123977e+02      
1.0268502e+02 -2.0442314e+02      
1.0266699e+02 -2.0509109e+02      
1.0267307e+02 -2.0346374e+02      
1.0261115e+02 -1.9986401e+02      
1.0236062e+02 -1.9677380e+02      
1.0194836e+02 -1.9416261e+02      
1.0140405e+02 -1.9183649e+02      
1.0075314e+02 -1.8972615e+02      
1.0001764e+02 -1.8780873e+02      
9.9214896e+01 -1.8608194e+02      
9.8357153e+01 -1.8455327e+02      
8.7305524e+01 -1.8635160e+02      
8.6390943e+01 -1.8904895e+02      
8.5463263e+01 -1.9196620e+02      
8.4519179e+01 -1.9506699e+02      
8.3557238e+01 -1.9830304e+02      
8.2584453e+01 -2.0160638e+02      
8.1626487e+01 -2.0488024e+02      
8.0739891e+01 -2.0799196e+02      
8.0013749e+01 -2.1076033e+02      
7.9507568e+01 -2.1279997e+02      
7.9178151e+01 -2.1337717e+02      
7.8917649e+01 -2.1238540e+02      
7.8637645e+01 -2.1023928e+02      
7.8265641e+01 -2.0785318e+02      
7.7785621e+01 -2.0556148e+02      
7.7205094e+01 -2.0339580e+02      
7.6535787e+01 -2.0135798e+02      
7.5789650e+01 -1.9945348e+02      
7.4976777e+01 -1.9769314e+02      
7.4104239e+01 -1.9609112e+02      
