2.6087582e+01 2.4907020e+02      
2.4036290e+01 2.4845906e+02      
2.2374052e+01 2.4780649e+02      
2.1112809e+01 2.4713934e+02      
2.0262716e+01 2.4648364e+02      
1.9831384e+01 2.4586409e+02      
1.9823015e+01 2.4530328e+02      
2.0237516e+01 2.4482084e+02      
2.1069757e+01 2.4443219e+02      
2.2309118e+01 2.4414722e+02      
2.3939473e+01 2.4396878e+02      
2.5939761e+01 2.4389147e+02      
2.8285262e+01 2.4390091e+02      
3.0949728e+01 2.4397416e+02      
3.3908379e+01 2.4408141e+02      
3.7141430e+01 2.4418871e+02      
4.0636981e+01 2.4426106e+02      
4.4391697e+01 2.4426456e+02      
4.8408642e+01 2.4416702e+02      
5.2693421e+01 2.4393759e+02      
5.4121778e+01 2.3961342e+02      
5.2100775e+01 2.3898840e+02      
5.0461392e+01 2.3829821e+02      
4.9217425e+01 2.3757217e+02      
4.8381239e+01 2.3683918e+02      
4.7962757e+01 2.3612722e+02      
4.7968212e+01 2.3546270e+02      
4.8398839e+01 2.3486949e+02      
4.9249688e+01 2.3436747e+02      
5.0508756e+01 2.3397072e+02      
5.2156668e+01 2.3368527e+02      
5.4167088e+01 2.3350687e+02      
5.6508017e+01 2.3341953e+02      
5.9144285e+01 2.3339550e+02      
6.2041756e+01 2.3339759e+02      
6.5173422e+01 2.3338379e+02      
6.8525491e+01 2.3331285e+02      
7.2099256e+01 2.3314779e+02      
7.5906579e+01 2.3285584e+02      
7.9962196e+01 2.3240632e+02      
8.0935082e+01 2.2646691e+02      
7.8961737e+01 2.2580852e+02      
7.7357224e+01 2.2506230e+02      
7.6137669e+01 2.2425995e+02      
7.5318492e+01 2.2343322e+02      
7.4913028e+01 2.2261360e+02      
7.4930783e+01 2.2183184e+02      
7.5375526e+01 2.2111707e+02      
7.6243457e+01 2.2049520e+02      
7.7521734e+01 2.1998655e+02      
7.9187658e+01 2.1960251e+02      
8.1208772e+01 2.1934179e+02      
8.3543920e+01 2.1918711e+02      
8.6145463e+01 2.1910408e+02      
8.8964089e+01 2.1904388e+02      
9.1959070e+01 2.1895101e+02      
9.5112560e+01 2.1877469e+02      
9.8435665e+01 2.1847594e+02      
1.0195747e+02 2.1802451e+02      
1.0570807e+02 2.1739207e+02      
1.0611840e+02 2.0986302e+02      
1.0420788e+02 2.0915023e+02      
1.0264735e+02 2.0832809e+02      
1.0145586e+02 2.0743042e+02      
1.0065303e+02 2.0649153e+02      
1.0025718e+02 2.0554636e+02      
1.0028288e+02 2.0463040e+02      
1.0073825e+02 2.0377911e+02      
1.0162223e+02 2.0302640e+02      
1.0292218e+02 2.0240184e+02      
1.0461236e+02 2.0192600e+02      
1.0665363e+02 2.0160406e+02      
1.0899433e+02 2.0141918e+02      
1.1157092e+02 2.0132846e+02      
1.1430961e+02 2.0126443e+02      
1.1713983e+02 2.0114603e+02      
1.2003154e+02 2.0090520e+02      
1.2301926e+02 2.0050628e+02      
1.2616827e+02 1.9993025e+02      
1.2953333e+02 1.9915452e+02      
1.2929451e+02 1.9008729e+02      
1.2745957e+02 1.8929808e+02      
1.2594847e+02 1.8837930e+02      
1.2478397e+02 1.8736627e+02      
1.2399149e+02 1.8629520e+02      
1.2359651e+02 1.8520393e+02      
1.2362121e+02 1.8413264e+02      
1.2408066e+02 1.8312398e+02      
1.2497903e+02 1.8222208e+02      
1.2630579e+02 1.8146986e+02      
1.2803273e+02 1.8090333e+02      
1.3011356e+02 1.8054136e+02      
1.3248625e+02 1.8037212e+02      
1.3507231e+02 1.8034393e+02      
1.3776534e+02 1.8036286e+02      
1.4042278e+02 1.8029365e+02      
1.4296410e+02 1.8002320e+02      
1.4549636e+02 1.7954557e+02      
1.4816703e+02 1.7887655e+02      
1.5106194e+02 1.7799968e+02      
1.5012512e+02 1.6747369e+02      
1.4837606e+02 1.6658574e+02      
1.4691538e+02 1.6554969e+02      
1.4577045e+02 1.6440132e+02      
1.4497481e+02 1.6317736e+02      
1.4456422e+02 1.6191719e+02      
1.4457184e+02 1.6066483e+02      
1.4502331e+02 1.5947028e+02      
1.4593183e+02 1.5838974e+02      
1.4729246e+02 1.5748411e+02      
1.4907566e+02 1.5681449e+02      
1.5122521e+02 1.5642829e+02      
1.5366877e+02 1.5632908e+02      
1.5632568e+02 1.5645638e+02      
1.5908336e+02 1.5669914e+02      
1.6165577e+02 1.5682586e+02      
1.6364607e+02 1.5650272e+02      
1.6552496e+02 1.5593357e+02      
1.6759478e+02 1.5520293e+02      
1.6993832e+02 1.5427360e+02      
1.6831797e+02 1.4239877e+02      
1.6666313e+02 1.4139029e+02      
1.6524828e+02 1.4021778e+02      
1.6410689e+02 1.3891592e+02      
1.6328416e+02 1.3751945e+02      
1.6283055e+02 1.3606662e+02      
1.6279459e+02 1.3460314e+02      
1.6321687e+02 1.3318531e+02      
1.6412496e+02 1.3188182e+02      
1.6552664e+02 1.3077428e+02      
1.6739614e+02 1.2995921e+02      
1.6965528e+02 1.2954609e+02      
1.7220725e+02 1.2958402e+02      
1.7499519e+02 1.2997417e+02      
1.7795649e+02 1.3059348e+02      
1.8079508e+02 1.3123564e+02      
1.8172466e+02 1.3066899e+02      
1.8272712e+02 1.3001041e+02      
1.8409517e+02 1.2927593e+02      
1.8582746e+02 1.2835787e+02      
1.8363435e+02 1.1527466e+02      
1.8208141e+02 1.1412518e+02      
1.8070084e+02 1.1280048e+02      
1.7953475e+02 1.1133165e+02      
1.7864633e+02 1.0974724e+02      
1.7810750e+02 1.0807968e+02      
1.7798727e+02 1.0637230e+02      
1.7834519e+02 1.0468510e+02      
1.7922869e+02 1.0309803e+02      
1.8067052e+02 1.0171111e+02      
1.8267667e+02 1.0064602e+02      
1.8513129e+02 1.0012891e+02      
1.8778096e+02 1.0044085e+02      
1.9074123e+02 1.0123413e+02      
1.9387137e+02 1.0223273e+02      
1.9643269e+02 1.0306794e+02      
1.9653612e+02 1.0267445e+02      
1.9669060e+02 1.0212743e+02      
1.9732181e+02 1.0149506e+02      
1.9842123e+02 1.0066969e+02      
1.9589793e+02 8.6540658e+01      
1.9445703e+02 8.5231422e+01      
1.9308953e+02 8.3745021e+01      
1.9185177e+02 8.2105076e+01      
1.9083792e+02 8.0326649e+01      
1.9015250e+02 7.8428444e+01      
1.8989018e+02 7.6444900e+01      
1.9013052e+02 7.4435217e+01      
1.9094168e+02 7.2489310e+01      
1.9238732e+02 7.0727718e+01      
1.9454692e+02 6.9275004e+01      
1.9739626e+02 6.8383828e+01      
1.9998973e+02 6.9318718e+01      
2.0320565e+02 7.0674482e+01      
2.0665072e+02 7.2142388e+01      
2.0832461e+02 7.3016212e+01      
2.0775093e+02 7.2991725e+01      
2.0707519e+02 7.2726863e+01      
2.0695827e+02 7.2308319e+01      
2.0744975e+02 7.1663762e+01      
2.0500670e+02 5.6652582e+01      
2.0369784e+02 5.5165666e+01      
2.0230625e+02 5.3518541e+01      
2.0091708e+02 5.1720626e+01      
1.9968600e+02 4.9759688e+01      
1.9876983e+02 4.7627934e+01      
1.9829098e+02 4.5341559e+01      
1.9834308e+02 4.2951701e+01      
1.9900735e+02 4.0555350e+01      
2.0036724e+02 3.8303286e+01      
2.0250432e+02 3.6435989e+01      
2.0534848e+02 3.5516447e+01      
2.0817533e+02 3.6900138e+01      
2.1172373e+02 3.8764233e+01      
2.1436907e+02 4.0440626e+01      
2.1557475e+02 4.1634770e+01      
2.1514452e+02 4.2219612e+01      
2.1349951e+02 4.2312358e+01      
2.1271294e+02 4.2207804e+01      
2.1269654e+02 4.1829950e+01      
2.1095295e+02 2.6068592e+01      
2.0982412e+02 2.4382127e+01      
2.0833874e+02 2.2593147e+01      
2.0665036e+02 2.0683086e+01      
2.0505951e+02 1.8581541e+01      
2.0380699e+02 1.6235204e+01      
2.0302879e+02 1.3633025e+01      
2.0281314e+02 1.0805779e+01      
2.0323919e+02 7.8448952e+00      
2.0439059e+02 4.9509819e+00      
2.0632440e+02 2.5363608e+00      
2.0871199e+02 2.0280488e+00      
2.1164637e+02 3.7120522e+00      
2.1421045e+02 5.9329891e+00      
2.1609212e+02 7.9790410e+00      
2.1703928e+02 9.6046456e+00      
2.1685239e+02 1.0732330e+01      
2.1541259e+02 1.1387173e+01      
2.1438146e+02 1.1723111e+01      
2.1402716e+02 1.1688754e+01      
2.1387120e+02 -4.7739421e+00      
2.1303606e+02 -6.6988999e+00      
2.1131805e+02 -8.5799808e+00      
2.0900212e+02 -1.0484262e+01      
2.0683835e+02 -1.2638442e+01      
2.0514555e+02 -1.5152649e+01      
2.0399813e+02 -1.8056452e+01      
2.0344247e+02 -2.1363521e+01      
2.0353300e+02 -2.5000344e+01      
2.0431280e+02 -2.8582455e+01      
2.0553677e+02 -3.0682849e+01      
2.0711967e+02 -3.1019271e+01      
2.0890797e+02 -2.9582285e+01      
2.1044323e+02 -2.6767507e+01      
2.1171686e+02 -2.4270295e+01      
2.1253892e+02 -2.2187242e+01      
2.1288419e+02 -2.0548843e+01      
2.1299126e+02 -1.9404125e+01      
2.1189019e+02 -1.8559436e+01      
2.1141315e+02 -1.8215510e+01      
2.1377437e+02 -3.5410064e+01      
2.1334129e+02 -3.7620529e+01      
2.1125505e+02 -3.9524073e+01      
2.0774049e+02 -4.1192114e+01      
2.0485890e+02 -4.3290713e+01      
2.0269824e+02 -4.5911339e+01      
2.0115789e+02 -4.9056468e+01      
2.0021536e+02 -5.2782428e+01      
1.9988074e+02 -5.7110925e+01      
2.0003027e+02 -6.0474974e+01      
2.0052974e+02 -6.2129847e+01      
2.0129970e+02 -6.2305318e+01      
2.0220294e+02 -6.1127313e+01      
2.0308665e+02 -5.8515906e+01      
2.0397151e+02 -5.5759942e+01      
2.0472203e+02 -5.3196664e+01      
2.0525290e+02 -5.0984458e+01      
2.0547280e+02 -4.9252165e+01      
2.0520549e+02 -4.8023749e+01      
2.0498246e+02 -4.7340384e+01      
2.0874496e+02 -6.4892601e+01      
2.0852151e+02 -6.7347544e+01      
2.0625276e+02 -6.9253069e+01      
2.0226731e+02 -7.0715964e+01      
1.9895417e+02 -7.2742069e+01      
1.9644149e+02 -7.5426926e+01      
1.9455290e+02 -7.8733742e+01      
1.9321039e+02 -8.2621666e+01      
1.9238338e+02 -8.6799093e+01      
1.9201433e+02 -9.0251928e+01      
1.9187013e+02 -9.1184173e+01      
1.9195956e+02 -9.1092385e+01      
1.9215205e+02 -9.0443527e+01      
1.9250974e+02 -8.9096732e+01      
1.9316056e+02 -8.6118174e+01      
1.9390859e+02 -8.3034885e+01      
1.9458563e+02 -8.0095416e+01      
1.9497246e+02 -7.7781503e+01      
1.9507180e+02 -7.6166866e+01      
1.9506351e+02 -7.5178204e+01      
1.9891726e+02 -9.2458728e+01      
1.9869404e+02 -9.5055766e+01      
1.9644755e+02 -9.6980060e+01      
1.9250313e+02 -9.8360515e+01      
1.8913410e+02 -1.0036700e+02      
1.8647344e+02 -1.0310030e+02      
1.8433888e+02 -1.0654412e+02      
1.8263526e+02 -1.1065296e+02      
1.8135499e+02 -1.1508929e+02      
1.8048260e+02 -1.1801839e+02      
1.7991919e+02 -1.1898225e+02      
1.7953014e+02 -1.1841887e+02      
1.7904714e+02 -1.1821983e+02      
1.7893508e+02 -1.1710815e+02      
1.7937567e+02 -1.1457912e+02      
1.8023215e+02 -1.1107797e+02      
1.8119110e+02 -1.0716056e+02      
1.8172071e+02 -1.0438486e+02      
1.8194696e+02 -1.0248700e+02      
1.8201320e+02 -1.0125920e+02      
1.8461670e+02 -1.1736468e+02      
1.8421474e+02 -1.1992409e+02      
1.8217019e+02 -1.2191165e+02      
1.7870416e+02 -1.2339875e+02      
1.7562815e+02 -1.2548216e+02      
1.7303762e+02 -1.2822289e+02      
1.7080077e+02 -1.3170508e+02      
1.6880503e+02 -1.3611088e+02      
1.6715726e+02 -1.4005107e+02      
1.6592850e+02 -1.4260676e+02      
1.6509089e+02 -1.4345079e+02      
1.6449247e+02 -1.4289839e+02      
1.6389739e+02 -1.4180371e+02      
1.6323549e+02 -1.4111560e+02      
1.6358230e+02 -1.3863787e+02      
1.6462729e+02 -1.3472395e+02      
1.6542349e+02 -1.3123420e+02      
1.6589110e+02 -1.2852047e+02      
1.6610151e+02 -1.2653499e+02      
1.6614199e+02 -1.2516609e+02      
1.6629125e+02 -1.3904322e+02      
1.6558405e+02 -1.4136011e+02      
1.6388394e+02 -1.4346420e+02      
1.6143171e+02 -1.4549502e+02      
1.5889306e+02 -1.4773834e+02      
1.5653079e+02 -1.5037930e+02      
1.5436363e+02 -1.5349498e+02      
1.5234568e+02 -1.5707918e+02      
1.5041175e+02 -1.6088904e+02      
1.4893231e+02 -1.6324010e+02      
1.4798456e+02 -1.6375827e+02      
1.4737586e+02 -1.6277747e+02      
1.4655229e+02 -1.6196189e+02      
1.4564276e+02 -1.6131409e+02      
1.4617240e+02 -1.5850889e+02      
1.4687963e+02 -1.5529212e+02      
1.4740002e+02 -1.5235682e+02      
1.4769663e+02 -1.4990609e+02      
1.4779847e+02 -1.4797771e+02      
1.4774672e+02 -1.4655439e+02      
1.4587250e+02 -1.5841640e+02      
1.4498145e+02 -1.6050546e+02      
1.4351677e+02 -1.6259964e+02      
1.4159551e+02 -1.6475957e+02      
1.3949454e+02 -1.6700377e+02      
1.3739922e+02 -1.6943427e+02      
1.3538946e+02 -1.7207422e+02      
1.3348450e+02 -1.7485310e+02      
1.3165106e+02 -1.7764910e+02      
1.2998633e+02 -1.7987754e+02      
1.2906564e+02 -1.7998727e+02      
1.2823456e+02 -1.7947029e+02      
1.2727952e+02 -1.7888478e+02      
1.2627601e+02 -1.7820588e+02      
1.2666331e+02 -1.7568357e+02      
1.2704650e+02 -1.7303393e+02      
1.2727772e+02 -1.7057009e+02      
1.2736574e+02 -1.6839502e+02      
1.2731343e+02 -1.6657930e+02      
1.2713288e+02 -1.6515196e+02      
1.2365749e+02 -1.7523850e+02      
1.2269903e+02 -1.7713771e+02      
1.2137235e+02 -1.7910265e+02      
1.1974047e+02 -1.8112838e+02      
1.1793380e+02 -1.8321414e+02      
1.1607200e+02 -1.8537187e+02      
1.1423447e+02 -1.8757854e+02      
1.1246601e+02 -1.8975025e+02      
1.1079669e+02 -1.9172579e+02      
1.0931926e+02 -1.9314080e+02      
1.0817481e+02 -1.9355524e+02      
1.0719571e+02 -1.9333416e+02      
1.0628551e+02 -1.9275349e+02      
1.0557581e+02 -1.9173340e+02      
1.0537117e+02 -1.8995795e+02      
1.0534210e+02 -1.8787181e+02      
1.0529018e+02 -1.8579219e+02      
1.0516514e+02 -1.8385904e+02      
1.0494592e+02 -1.8215953e+02      
1.0462454e+02 -1.8074548e+02      
9.9835787e+01 -1.8919004e+02      
9.8863691e+01 -1.9091606e+02      
9.7629591e+01 -1.9271242e+02      
9.6173195e+01 -1.9455408e+02      
9.4567666e+01 -1.9642185e+02      
9.2891961e+01 -1.9829200e+02      
9.1212388e+01 -2.0011825e+02      
8.9580469e+01 -2.0181519e+02      
8.8043238e+01 -2.0324504e+02      
8.6656190e+01 -2.0421992e+02      
8.5455150e+01 -2.0460985e+02      
8.4416350e+01 -2.0446611e+02      
8.3522358e+01 -2.0388164e+02      
8.2818043e+01 -2.0286660e+02      
8.2340874e+01 -2.0142930e+02      
8.2009081e+01 -1.9972058e+02      
8.1716562e+01 -1.9792625e+02      
8.1399797e+01 -1.9618052e+02      
8.1023790e+01 -1.9457453e+02      
8.0568183e+01 -1.9316928e+02      
