1.8173738e+01 2.4554968e+02      
1.6280294e+01 2.4352940e+02      
1.4841671e+01 2.4145447e+02      
1.3857480e+01 2.3936826e+02      
1.3328236e+01 2.3731522e+02      
1.3254480e+01 2.3534027e+02      
1.3634552e+01 2.3348796e+02      
1.4461410e+01 2.3180152e+02      
1.5718992e+01 2.3032163e+02      
1.7378431e+01 2.2908471e+02      
1.9394098e+01 2.2812068e+02      
2.1699095e+01 2.2745045e+02      
2.4201118e+01 2.2708354e+02      
2.6785222e+01 2.2701564e+02      
2.9340115e+01 2.2722733e+02      
3.1819142e+01 2.2768698e+02      
3.4281234e+01 2.2835462e+02      
3.6849036e+01 2.2918110e+02      
3.9645849e+01 2.3010855e+02      
4.2766651e+01 2.3107507e+02      
4.6470357e+01 2.3564765e+02      
4.4730658e+01 2.3354521e+02      
4.3436404e+01 2.3135761e+02      
4.2586251e+01 2.2913002e+02      
4.2183133e+01 2.2690967e+02      
4.2233098e+01 2.2474509e+02      
4.2741958e+01 2.2268529e+02      
4.3710595e+01 2.2077890e+02      
4.5129772e+01 2.1907317e+02      
4.6975074e+01 2.1761217e+02      
4.9201756e+01 2.1643379e+02      
5.1736950e+01 2.1556612e+02      
5.4464690e+01 2.1502454e+02      
5.7206875e+01 2.1480795e+02      
5.9731471e+01 2.1489146e+02      
6.1906094e+01 2.1523338e+02      
6.3879225e+01 2.1579378e+02      
6.5899792e+01 2.1651861e+02      
6.8160341e+01 2.1733775e+02      
7.0782472e+01 2.1817828e+02      
7.3584540e+01 2.2215224e+02      
7.2030887e+01 2.1995813e+02      
7.0903026e+01 2.1764729e+02      
7.0197204e+01 2.1526626e+02      
6.9919966e+01 2.1286510e+02      
7.0086259e+01 2.1049610e+02      
7.0714109e+01 2.0821267e+02      
7.1817596e+01 2.0606902e+02      
7.3399515e+01 2.0411992e+02      
7.5445043e+01 2.0241946e+02      
7.7917756e+01 2.0101686e+02      
8.0754987e+01 1.9994971e+02      
8.3841569e+01 1.9924152e+02      
8.6949045e+01 1.9890417e+02      
8.9601841e+01 1.9890770e+02      
9.1223573e+01 1.9915877e+02      
9.2408649e+01 1.9965816e+02      
9.3658207e+01 2.0034252e+02      
9.5228547e+01 2.0111416e+02      
9.7247790e+01 2.0188416e+02      
9.9100950e+01 2.0530807e+02      
9.7770260e+01 2.0301450e+02      
9.6830851e+01 2.0057040e+02      
9.6273608e+01 1.9802336e+02      
9.6110789e+01 1.9542699e+02      
9.6371597e+01 1.9283763e+02      
9.7093229e+01 1.9031259e+02      
9.8310252e+01 1.8791072e+02      
1.0004403e+02 1.8569447e+02      
1.0229366e+02 1.8373095e+02      
1.0503240e+02 1.8208809e+02      
1.0822998e+02 1.8081625e+02      
1.1184446e+02 1.7993873e+02      
1.1564073e+02 1.7949096e+02      
1.1889053e+02 1.7949718e+02      
1.1940685e+02 1.7966249e+02      
1.1938605e+02 1.8018271e+02      
1.1959606e+02 1.8091762e+02      
1.2033243e+02 1.8171856e+02      
1.2167417e+02 1.8248026e+02      
1.2263703e+02 1.8541282e+02      
1.2157840e+02 1.8301625e+02      
1.2085216e+02 1.8042975e+02      
1.2043916e+02 1.7770278e+02      
1.2036265e+02 1.7489570e+02      
1.2067494e+02 1.7206987e+02      
1.2144269e+02 1.6928479e+02      
1.2273118e+02 1.6660061e+02      
1.2458926e+02 1.6408488e+02      
1.2703678e+02 1.6181895e+02      
1.3003755e+02 1.5990550e+02      
1.3355253e+02 1.5843810e+02      
1.3778735e+02 1.5737250e+02      
1.4240878e+02 1.5675923e+02      
1.4517612e+02 1.5663668e+02      
1.4559862e+02 1.5694519e+02      
1.4413887e+02 1.5765547e+02      
1.4309191e+02 1.5857794e+02      
1.4291880e+02 1.5949704e+02      
1.4357968e+02 1.6031132e+02      
1.4384810e+02 1.6281252e+02      
1.4314280e+02 1.6032076e+02      
1.4265983e+02 1.5758157e+02      
1.4237191e+02 1.5465569e+02      
1.4232836e+02 1.5162064e+02      
1.4261804e+02 1.4854405e+02      
1.4335213e+02 1.4548413e+02      
1.4464074e+02 1.4249400e+02      
1.4657329e+02 1.3963722e+02      
1.4918825e+02 1.3701190e+02      
1.5241989e+02 1.3477498e+02      
1.5588216e+02 1.3320123e+02      
1.6053617e+02 1.3195124e+02      
1.6459103e+02 1.3117951e+02      
1.6693133e+02 1.3101943e+02      
1.6714828e+02 1.3150261e+02      
1.6557258e+02 1.3251321e+02      
1.6332987e+02 1.3377220e+02      
1.6242123e+02 1.3486386e+02      
1.6252241e+02 1.3577297e+02      
1.6241656e+02 1.3789046e+02      
1.6225798e+02 1.3535711e+02      
1.6202719e+02 1.3243044e+02      
1.6182014e+02 1.2927335e+02      
1.6171763e+02 1.2599090e+02      
1.6186525e+02 1.2265449e+02      
1.6244136e+02 1.1931793e+02      
1.6361705e+02 1.1600900e+02      
1.6553634e+02 1.1277040e+02      
1.6820177e+02 1.0974592e+02      
1.7109361e+02 1.0735302e+02      
1.7418678e+02 1.0566560e+02      
1.7760738e+02 1.0458818e+02      
1.8143195e+02 1.0370321e+02      
1.8353001e+02 1.0353797e+02      
1.8336526e+02 1.0426940e+02      
1.8128649e+02 1.0568605e+02      
1.7946325e+02 1.0705447e+02      
1.7841919e+02 1.0827134e+02      
1.7816514e+02 1.0929571e+02      
1.7789336e+02 1.1098545e+02      
1.7870285e+02 1.0855994e+02      
1.7873567e+02 1.0536787e+02      
1.7864545e+02 1.0197971e+02      
1.7830105e+02 9.8420244e+01      
1.7812753e+02 9.4823342e+01      
1.7836884e+02 9.1238290e+01      
1.7923364e+02 8.7649858e+01      
1.8097699e+02 8.4031388e+01      
1.8319551e+02 8.0831683e+01      
1.8562846e+02 7.8326467e+01      
1.8814748e+02 7.6620463e+01      
1.9069714e+02 7.5646061e+01      
1.9317107e+02 7.5181186e+01      
1.9520958e+02 7.4959804e+01      
1.9464919e+02 7.5998467e+01      
1.9326905e+02 7.7372357e+01      
1.9185198e+02 7.8806699e+01      
1.9081245e+02 8.0158298e+01      
1.9031494e+02 8.1328026e+01      
1.8959472e+02 8.2347526e+01      
1.9074804e+02 7.9632572e+01      
1.9231593e+02 7.6664339e+01      
1.9266983e+02 7.3173319e+01      
1.9179075e+02 6.9295064e+01      
1.9117235e+02 6.5478803e+01      
1.9088906e+02 6.1708551e+01      
1.9107371e+02 5.7974918e+01      
1.9212943e+02 5.4328427e+01      
1.9396836e+02 5.0898897e+01      
1.9599087e+02 4.8274744e+01      
1.9797847e+02 4.6631608e+01      
1.9981890e+02 4.5885372e+01      
2.0166136e+02 4.5517927e+01      
2.0303650e+02 4.5597114e+01      
2.0314396e+02 4.6417037e+01      
2.0213725e+02 4.7803238e+01      
2.0079745e+02 4.9401360e+01      
1.9963081e+02 5.0964697e+01      
1.9887655e+02 5.2335865e+01      
1.9742189e+02 5.2558954e+01      
1.9891836e+02 4.9552542e+01      
2.0116647e+02 4.6364916e+01      
2.0195971e+02 4.2769969e+01      
2.0143186e+02 3.8918092e+01      
2.0045158e+02 3.5022130e+01      
1.9961563e+02 3.1142020e+01      
1.9885976e+02 2.7311397e+01      
1.9931008e+02 2.3689728e+01      
2.0060984e+02 2.0376219e+01      
2.0233839e+02 1.7609965e+01      
2.0393829e+02 1.6065232e+01      
2.0560246e+02 1.5181924e+01      
2.0727413e+02 1.4788891e+01      
2.0867905e+02 1.4891721e+01      
2.0931795e+02 1.5635610e+01      
2.0804199e+02 1.7299533e+01      
2.0636177e+02 1.9263492e+01      
2.0486080e+02 2.1167747e+01      
2.0378300e+02 2.2813366e+01      
2.0123720e+02 2.2176649e+01      
2.0282207e+02 1.8827255e+01      
2.0516100e+02 1.5238914e+01      
2.0593230e+02 1.1469782e+01      
2.0517901e+02 7.6135225e+00      
2.0355448e+02 3.7235873e+00      
2.0257803e+02 -1.7656137e-01      
2.0216327e+02 -3.9938165e+00      
2.0251568e+02 -7.5982322e+00      
2.0354179e+02 -1.0845315e+01      
2.0496456e+02 -1.3498447e+01      
2.0648902e+02 -1.5253764e+01      
2.0808897e+02 -1.6214912e+01      
2.0981904e+02 -1.6628308e+01      
2.1148203e+02 -1.6555158e+01      
2.1183593e+02 -1.5527470e+01      
2.1068391e+02 -1.3613712e+01      
2.0841586e+02 -1.1080071e+01      
2.0640974e+02 -8.6901117e+00      
2.0496251e+02 -6.7075924e+00      
2.0097448e+02 -8.2569983e+00      
2.0235535e+02 -1.1957272e+01      
2.0434938e+02 -1.5954886e+01      
2.0464835e+02 -1.9886482e+01      
2.0337433e+02 -2.3729854e+01      
2.0220418e+02 -2.7662718e+01      
2.0151418e+02 -3.1601153e+01      
2.0138157e+02 -3.5451725e+01      
2.0183965e+02 -3.9109229e+01      
2.0284202e+02 -4.2441571e+01      
2.0422807e+02 -4.5240779e+01      
2.0572293e+02 -4.7144883e+01      
2.0709124e+02 -4.7845579e+01      
2.0877543e+02 -4.8036028e+01      
2.0990572e+02 -4.7472356e+01      
2.0994469e+02 -4.6024960e+01      
2.0874792e+02 -4.3745096e+01      
2.0656975e+02 -4.0890130e+01      
2.0407076e+02 -3.7949984e+01      
2.0234656e+02 -3.5662016e+01      
1.9674616e+02 -3.8198202e+01      
1.9766759e+02 -4.2198577e+01      
1.9896270e+02 -4.6513081e+01      
1.9858409e+02 -5.0539811e+01      
1.9779607e+02 -5.4577333e+01      
1.9709889e+02 -5.8609455e+01      
1.9672826e+02 -6.2610895e+01      
1.9680965e+02 -6.6539877e+01      
1.9741346e+02 -7.0314163e+01      
1.9854408e+02 -7.3878263e+01      
2.0010019e+02 -7.7084926e+01      
2.0175623e+02 -7.9366492e+01      
2.0232619e+02 -7.9054489e+01      
2.0297349e+02 -7.8008182e+01      
2.0370795e+02 -7.6836881e+01      
2.0348284e+02 -7.4906595e+01      
2.0209564e+02 -7.2137831e+01      
1.9976877e+02 -6.8812598e+01      
1.9762964e+02 -6.5890410e+01      
1.9595897e+02 -6.3514719e+01      
1.8882880e+02 -6.7141252e+01      
1.8916044e+02 -7.1382335e+01      
1.8951457e+02 -7.5857835e+01      
1.8935254e+02 -8.0288160e+01      
1.8893522e+02 -8.4571312e+01      
1.8854303e+02 -8.8659737e+01      
1.8837711e+02 -9.2689709e+01      
1.8859762e+02 -9.6744666e+01      
1.8932994e+02 -1.0061721e+02      
1.9064080e+02 -1.0439571e+02      
1.9239837e+02 -1.0808800e+02      
1.9357647e+02 -1.0981171e+02      
1.9389645e+02 -1.0916032e+02      
1.9351040e+02 -1.0652494e+02      
1.9323121e+02 -1.0389827e+02      
1.9277901e+02 -1.0146849e+02      
1.9117212e+02 -9.8181321e+01      
1.8929956e+02 -9.5010241e+01      
1.8752639e+02 -9.2207313e+01      
1.8601301e+02 -8.9843835e+01      
1.7758777e+02 -9.4619302e+01      
1.7750349e+02 -9.9155871e+01      
1.7745605e+02 -1.0399189e+02      
1.7730904e+02 -1.0889132e+02      
1.7706483e+02 -1.1348067e+02      
1.7677490e+02 -1.1736582e+02      
1.7666005e+02 -1.2116614e+02      
1.7689075e+02 -1.2539033e+02      
1.7763597e+02 -1.2908235e+02      
1.7904214e+02 -1.3263942e+02      
1.8035020e+02 -1.3559395e+02      
1.8112754e+02 -1.3679918e+02      
1.8119678e+02 -1.3574530e+02      
1.8059151e+02 -1.3270717e+02      
1.7955430e+02 -1.2869792e+02      
1.7855519e+02 -1.2541889e+02      
1.7721271e+02 -1.2227384e+02      
1.7569012e+02 -1.1930093e+02      
1.7418640e+02 -1.1662380e+02      
1.7281667e+02 -1.1430029e+02      
1.6334509e+02 -1.2014971e+02      
1.6299920e+02 -1.2504622e+02      
1.6273994e+02 -1.3041220e+02      
1.6254265e+02 -1.3598877e+02      
1.6239761e+02 -1.4116031e+02      
1.6200711e+02 -1.4423978e+02      
1.6181748e+02 -1.4709222e+02      
1.6190677e+02 -1.5043664e+02      
1.6243638e+02 -1.5322600e+02      
1.6339278e+02 -1.5554677e+02      
1.6440780e+02 -1.5836681e+02      
1.6488735e+02 -1.5933484e+02      
1.6471361e+02 -1.5778702e+02      
1.6388700e+02 -1.5411057e+02      
1.6288519e+02 -1.5048363e+02      
1.6180348e+02 -1.4722231e+02      
1.6059156e+02 -1.4421459e+02      
1.5927745e+02 -1.4140727e+02      
1.5795185e+02 -1.3884139e+02      
1.5669308e+02 -1.3656457e+02      
1.4638203e+02 -1.4321420e+02      
1.4583968e+02 -1.4847108e+02      
1.4539907e+02 -1.5447876e+02      
1.4508453e+02 -1.6083634e+02      
1.4475034e+02 -1.6567367e+02      
1.4439768e+02 -1.6857967e+02      
1.4414874e+02 -1.6991258e+02      
1.4416828e+02 -1.7142245e+02      
1.4444725e+02 -1.7305080e+02      
1.4491822e+02 -1.7466884e+02      
1.4539430e+02 -1.7631255e+02      
1.4561807e+02 -1.7728443e+02      
1.4526355e+02 -1.7526177e+02      
1.4456289e+02 -1.7241008e+02      
1.4367214e+02 -1.6941252e+02      
1.4265877e+02 -1.6648932e+02      
1.4154343e+02 -1.6368982e+02      
1.4035741e+02 -1.6103900e+02      
1.3915103e+02 -1.5857604e+02      
1.3797439e+02 -1.5634508e+02      
1.2699821e+02 -1.6328722e+02      
1.2628590e+02 -1.6869675e+02      
1.2563011e+02 -1.7523851e+02      
1.2502010e+02 -1.8125578e+02      
1.2450455e+02 -1.8574385e+02      
1.2413781e+02 -1.8832379e+02      
1.2395046e+02 -1.8921896e+02      
1.2392954e+02 -1.8924777e+02      
1.2400261e+02 -1.8991983e+02      
1.2413281e+02 -1.9079118e+02      
1.2422370e+02 -1.9148617e+02      
1.2413676e+02 -1.9148503e+02      
1.2375131e+02 -1.9014827e+02      
1.2311701e+02 -1.8802580e+02      
1.2230542e+02 -1.8557127e+02      
1.2136653e+02 -1.8300234e+02      
1.2033436e+02 -1.8043533e+02      
1.1924068e+02 -1.7794072e+02      
1.1812053e+02 -1.7557405e+02      
1.1700751e+02 -1.7338442e+02      
1.0553198e+02 -1.7997351e+02      
1.0468224e+02 -1.8496935e+02      
1.0384175e+02 -1.9063844e+02      
1.0296152e+02 -1.9656704e+02      
1.0226988e+02 -2.0081624e+02      
1.0188875e+02 -2.0290641e+02      
1.0176296e+02 -2.0312837e+02      
1.0163910e+02 -2.0329244e+02      
1.0152897e+02 -2.0365983e+02      
1.0142052e+02 -2.0405176e+02      
1.0126084e+02 -2.0419110e+02      
1.0097928e+02 -2.0379229e+02      
1.0052564e+02 -2.0268255e+02      
9.9900044e+01 -2.0097690e+02      
9.9131132e+01 -1.9889668e+02      
9.8250671e+01 -1.9661663e+02      
9.7287117e+01 -1.9425732e+02      
9.6267021e+01 -1.9190383e+02      
9.5216167e+01 -1.8962169e+02      
9.4157851e+01 -1.8746508e+02      
8.2350040e+01 -1.9315951e+02      
8.1407151e+01 -1.9754351e+02      
8.0478598e+01 -2.0224474e+02      
7.9545755e+01 -2.0697661e+02      
7.8664676e+01 -2.1105141e+02      
7.8297502e+01 -2.1260443e+02      
7.8004824e+01 -2.1334228e+02      
7.7721563e+01 -2.1381325e+02      
7.7442983e+01 -2.1416119e+02      
7.7154391e+01 -2.1433734e+02      
7.6823120e+01 -2.1421592e+02      
7.6410364e+01 -2.1366505e+02      
7.5887857e+01 -2.1261814e+02      
7.5248368e+01 -2.1111679e+02      
7.4501811e+01 -2.0927099e+02      
7.3665796e+01 -2.0719917e+02      
7.2759849e+01 -2.0500269e+02      
7.1803361e+01 -2.0276343e+02      
7.0814628e+01 -2.0054822e+02      
6.9809486e+01 -1.9841293e+02      
