2.7621287e+01 2.4764889e+02      
2.6378585e+01 2.4631455e+02      
2.5266908e+01 2.4508388e+02      
2.4092999e+01 2.4406607e+02      
2.2787080e+01 2.4332913e+02      
2.1403241e+01 2.4288815e+02      
1.9973549e+01 2.4271486e+02      
1.8381405e+01 2.4276823e+02      
1.7230073e+01 2.4294806e+02      
1.6752310e+01 2.4320969e+02      
1.6944599e+01 2.4354022e+02      
1.7780208e+01 2.4393065e+02      
1.9228997e+01 2.4437103e+02      
2.1258691e+01 2.4484929e+02      
2.3835012e+01 2.4535069e+02      
2.6922410e+01 2.4585726e+02      
3.0485517e+01 2.4634709e+02      
3.4490937e+01 2.4679355e+02      
3.8908778e+01 2.4716481e+02      
4.3713300e+01 2.4742400e+02      
5.5822409e+01 2.3772676e+02      
5.5284422e+01 2.3610084e+02      
5.4719051e+01 2.3459715e+02      
5.3815516e+01 2.3338340e+02      
5.2488684e+01 2.3255652e+02      
5.0845754e+01 2.3213463e+02      
4.9220908e+01 2.3202908e+02      
4.6592131e+01 2.3219980e+02      
4.4951766e+01 2.3239692e+02      
4.4232610e+01 2.3261636e+02      
4.4282447e+01 2.3286904e+02      
4.5028426e+01 2.3315595e+02      
4.6417875e+01 2.3347275e+02      
4.8403896e+01 2.3381128e+02      
5.0940472e+01 2.3416025e+02      
5.3981537e+01 2.3450495e+02      
5.7482384e+01 2.3482624e+02      
6.1402311e+01 2.3509906e+02      
6.5707145e+01 2.3529130e+02      
7.0370282e+01 2.3536374e+02      
8.2383421e+01 2.2420041e+02      
8.2954306e+01 2.2213993e+02      
8.3152563e+01 2.2023860e+02      
8.2624416e+01 2.1874704e+02      
8.1239649e+01 2.1781567e+02      
7.8910094e+01 2.1750066e+02      
7.5561550e+01 2.1773413e+02      
7.2841175e+01 2.1796710e+02      
7.1087360e+01 2.1814966e+02      
7.0256124e+01 2.1831497e+02      
7.0229345e+01 2.1848528e+02      
7.0924523e+01 2.1866876e+02      
7.2278751e+01 2.1886519e+02      
7.4235507e+01 2.1906987e+02      
7.6738489e+01 2.1927537e+02      
7.9730263e+01 2.1947161e+02      
8.3154620e+01 2.1964406e+02      
8.6961425e+01 2.1977092e+02      
9.1111606e+01 2.1982048e+02      
9.5579298e+01 2.1975036e+02      
1.0624745e+02 2.0749454e+02      
1.0649077e+02 2.0533590e+02      
1.0741140e+02 2.0295725e+02      
1.0736648e+02 2.0107313e+02      
1.0601261e+02 1.9997949e+02      
1.0326895e+02 1.9975023e+02      
9.9554509e+01 2.0012141e+02      
9.6865856e+01 2.0034806e+02      
9.5185136e+01 2.0047118e+02      
9.4374563e+01 2.0055852e+02      
9.4350068e+01 2.0063668e+02      
9.5044110e+01 2.0071462e+02      
9.6397141e+01 2.0079261e+02      
9.8349682e+01 2.0086759e+02      
1.0083724e+02 2.0093616e+02      
1.0378941e+02 2.0099479e+02      
1.0713413e+02 2.0103693e+02      
1.1080707e+02 2.0104733e+02      
1.1476244e+02 2.0099601e+02      
1.1897801e+02 2.0083602e+02      
1.2739331e+02 1.8783596e+02      
1.2714641e+02 1.8566588e+02      
1.2745398e+02 1.8329865e+02      
1.2788039e+02 1.8093080e+02      
1.2672566e+02 1.7956265e+02      
1.2368328e+02 1.7947160e+02      
1.2068510e+02 1.7958909e+02      
1.1839190e+02 1.7965087e+02      
1.1691600e+02 1.7965713e+02      
1.1622137e+02 1.7964121e+02      
1.1626545e+02 1.7961838e+02      
1.1700539e+02 1.7959019e+02      
1.1839431e+02 1.7955205e+02      
1.2037593e+02 1.7949961e+02      
1.2287972e+02 1.7943317e+02      
1.2581919e+02 1.7935880e+02      
1.2909763e+02 1.7928406e+02      
1.3262537e+02 1.7920723e+02      
1.3634467e+02 1.7910337e+02      
1.4024306e+02 1.7891768e+02      
1.4583039e+02 1.6547213e+02      
1.4516103e+02 1.6328832e+02      
1.4488175e+02 1.6096742e+02      
1.4475153e+02 1.5864188e+02      
1.4413467e+02 1.5672976e+02      
1.4152788e+02 1.5644052e+02      
1.3908186e+02 1.5632046e+02      
1.3722531e+02 1.5617077e+02      
1.3602145e+02 1.5602440e+02      
1.3549603e+02 1.5589153e+02      
1.3565006e+02 1.5576783e+02      
1.3647004e+02 1.5563960e+02      
1.3792814e+02 1.5549105e+02      
1.3997752e+02 1.5531195e+02      
1.4254504e+02 1.5510487e+02      
1.4552472e+02 1.5488926e+02      
1.4877938e+02 1.5469787e+02      
1.5216662e+02 1.5455850e+02      
1.5560081e+02 1.5445997e+02      
1.5909566e+02 1.5433122e+02      
1.6145514e+02 1.4071223e+02      
1.6047992e+02 1.3847259e+02      
1.5979435e+02 1.3614253e+02      
1.5928437e+02 1.3380374e+02      
1.5868397e+02 1.3166349e+02      
1.5661488e+02 1.3104246e+02      
1.5469451e+02 1.3060327e+02      
1.5323247e+02 1.3021824e+02      
1.5229855e+02 1.2991166e+02      
1.5195105e+02 1.2966921e+02      
1.5222599e+02 1.2946146e+02      
1.5313996e+02 1.2925233e+02      
1.5468967e+02 1.2900712e+02      
1.5684611e+02 1.2870247e+02      
1.5954235e+02 1.2833823e+02      
1.6265559e+02 1.2794926e+02      
1.6598879e+02 1.2761009e+02      
1.6927824e+02 1.2741642e+02      
1.7234892e+02 1.2740080e+02      
1.7530165e+02 1.2744696e+02      
1.7414007e+02 1.1391577e+02      
1.7296881e+02 1.1156105e+02      
1.7202386e+02 1.0915810e+02      
1.7118661e+02 1.0684594e+02      
1.7021798e+02 1.0488201e+02      
1.6882370e+02 1.0361145e+02      
1.6741453e+02 1.0275157e+02      
1.6628927e+02 1.0212637e+02      
1.6558179e+02 1.0168103e+02      
1.6538248e+02 1.0136333e+02      
1.6575742e+02 1.0111218e+02      
1.6675325e+02 1.0086163e+02      
1.6839701e+02 1.0054896e+02      
1.7069012e+02 1.0012591e+02      
1.7359152e+02 9.9576604e+01      
1.7698414e+02 9.8944023e+01      
1.8062499e+02 9.8355118e+01      
1.8400818e+02 9.8048042e+01      
1.8649808e+02 9.8261029e+01      
1.8865096e+02 9.8673260e+01      
1.8375971e+02 8.5487472e+01      
1.8249524e+02 8.2938697e+01      
1.8142061e+02 8.0367539e+01      
1.8043080e+02 7.7940866e+01      
1.7940258e+02 7.5849053e+01      
1.7828318e+02 7.4226695e+01      
1.7719110e+02 7.3051856e+01      
1.7629742e+02 7.2241240e+01      
1.7573943e+02 7.1715592e+01      
1.7562627e+02 7.1389434e+01      
1.7604878e+02 7.1165930e+01      
1.7708292e+02 7.0942288e+01      
1.7879076e+02 7.0618056e+01      
1.8121967e+02 7.0103776e+01      
1.8438859e+02 6.9340178e+01      
1.8824028e+02 6.8347528e+01      
1.9252365e+02 6.7312142e+01      
1.9651377e+02 6.6684715e+01      
1.9789819e+02 6.7415869e+01      
1.9889393e+02 6.8481852e+01      
1.9020598e+02 5.5874743e+01      
1.8894577e+02 5.3033315e+01      
1.8786306e+02 5.0169028e+01      
1.8686975e+02 4.7467523e+01      
1.8588970e+02 4.5109015e+01      
1.8490199e+02 4.3219394e+01      
1.8396397e+02 4.1837347e+01      
1.8318217e+02 4.0929484e+01      
1.8267520e+02 4.0416442e+01      
1.8255981e+02 4.0184688e+01      
1.8294758e+02 4.0096385e+01      
1.8394188e+02 4.0004562e+01      
1.8563818e+02 3.9765471e+01      
1.8813752e+02 3.9235713e+01      
1.9156854e+02 3.8261412e+01      
1.9599054e+02 3.6782846e+01      
2.0103521e+02 3.5127613e+01      
2.0452628e+02 3.4624217e+01      
2.0591819e+02 3.5503429e+01      
2.0561953e+02 3.7488911e+01      
1.9339499e+02 2.5568510e+01      
1.9223215e+02 2.2318041e+01      
1.9125093e+02 1.9015624e+01      
1.9035389e+02 1.5893210e+01      
1.8946412e+02 1.3172320e+01      
1.8855924e+02 1.1011347e+01      
1.8767692e+02 9.4821500e+00      
1.8689939e+02 8.5718635e+00      
1.8633476e+02 8.1941980e+00      
1.8610702e+02 8.2007721e+00      
1.8635056e+02 8.3981886e+00      
1.8719623e+02 8.5824758e+00      
1.8875847e+02 8.5720138e+00      
1.9115980e+02 8.1919422e+00      
1.9463220e+02 7.1832542e+00      
1.9946386e+02 5.2398031e+00      
2.0393470e+02 3.6934466e+00      
2.0701086e+02 3.3432993e+00      
2.0830371e+02 4.4402376e+00      
2.0806851e+02 6.6805128e+00      
1.9326668e+02 -4.8915937e+00      
1.9229671e+02 -8.6889457e+00      
1.9153845e+02 -1.2619658e+01      
1.9083458e+02 -1.6344011e+01      
1.9007214e+02 -1.9546003e+01      
1.8922366e+02 -2.2015019e+01      
1.8832547e+02 -2.3652199e+01      
1.8745513e+02 -2.4462776e+01      
1.8671769e+02 -2.4548783e+01      
1.8624481e+02 -2.4105077e+01      
1.8620599e+02 -2.3414020e+01      
1.8677947e+02 -2.2778176e+01      
1.8807396e+02 -2.2398057e+01      
1.9015319e+02 -2.2402336e+01      
1.9309934e+02 -2.2939441e+01      
1.9690272e+02 -2.4127452e+01      
2.0109856e+02 -2.5750046e+01      
2.0390527e+02 -2.6019749e+01      
2.0492915e+02 -2.4537885e+01      
2.0442328e+02 -2.1756549e+01      
1.8977194e+02 -3.4898995e+01      
1.8909497e+02 -3.9397269e+01      
1.8876106e+02 -4.4272425e+01      
1.8837592e+02 -4.8864041e+01      
1.8777557e+02 -5.2706609e+01      
1.8695675e+02 -5.5541690e+01      
1.8597710e+02 -5.7254543e+01      
1.8492266e+02 -5.7850168e+01      
1.8389544e+02 -5.7448816e+01      
1.8301568e+02 -5.6287680e+01      
1.8249166e+02 -5.4774666e+01      
1.8268612e+02 -5.3511741e+01      
1.8364222e+02 -5.2636716e+01      
1.8528235e+02 -5.2120299e+01      
1.8754221e+02 -5.1972086e+01      
1.9031712e+02 -5.2210223e+01      
1.9331849e+02 -5.2714452e+01      
1.9590377e+02 -5.2946660e+01      
1.9661370e+02 -5.0968196e+01      
1.9679790e+02 -4.8783997e+01      
1.8285540e+02 -6.3759095e+01      
1.8245249e+02 -6.8961545e+01      
1.8280147e+02 -7.5185185e+01      
1.8283842e+02 -8.0960976e+01      
1.8241161e+02 -8.5627081e+01      
1.8157857e+02 -8.8886291e+01      
1.8045022e+02 -9.0639932e+01      
1.7913030e+02 -9.0892984e+01      
1.7771456e+02 -8.9776983e+01      
1.7630227e+02 -8.7591751e+01      
1.7507163e+02 -8.4869063e+01      
1.7494161e+02 -8.3004638e+01      
1.7563411e+02 -8.1697301e+01      
1.7686288e+02 -8.0651818e+01      
1.7848285e+02 -7.9781937e+01      
1.8041226e+02 -7.9112627e+01      
1.8245906e+02 -7.8560264e+01      
1.8422747e+02 -7.7766067e+01      
1.8527484e+02 -7.6241370e+01      
1.8593101e+02 -7.4533978e+01      
1.7252888e+02 -9.0785013e+01      
1.7206539e+02 -9.6269862e+01      
1.7216062e+02 -1.0276817e+02      
1.7258142e+02 -1.0989416e+02      
1.7227411e+02 -1.1543406e+02      
1.7137123e+02 -1.1911153e+02      
1.7004521e+02 -1.2085928e+02      
1.6840843e+02 -1.2064579e+02      
1.6656740e+02 -1.1861582e+02      
1.6470145e+02 -1.1533721e+02      
1.6367726e+02 -1.1261168e+02      
1.6363557e+02 -1.1066516e+02      
1.6434503e+02 -1.0924606e+02      
1.6527742e+02 -1.0776135e+02      
1.6627047e+02 -1.0610536e+02      
1.6751277e+02 -1.0461448e+02      
1.6891970e+02 -1.0328056e+02      
1.7024983e+02 -1.0190179e+02      
1.7132929e+02 -1.0036895e+02      
1.7218706e+02 -9.8828751e+01      
1.5899838e+02 -1.1547811e+02      
1.5832795e+02 -1.2096381e+02      
1.5808603e+02 -1.2748085e+02      
1.5822762e+02 -1.3501894e+02      
1.5780396e+02 -1.4122996e+02      
1.5674843e+02 -1.4530019e+02      
1.5518087e+02 -1.4702757e+02      
1.5320340e+02 -1.4634108e+02      
1.5096512e+02 -1.4330050e+02      
1.4935054e+02 -1.4023126e+02      
1.4863823e+02 -1.3770784e+02      
1.4890498e+02 -1.3594083e+02      
1.5006454e+02 -1.3492520e+02      
1.5084346e+02 -1.3312282e+02      
1.5108446e+02 -1.3046349e+02      
1.5178668e+02 -1.2828736e+02      
1.5279600e+02 -1.2642352e+02      
1.5388429e+02 -1.2464862e+02      
1.5490855e+02 -1.2292287e+02      
1.5582126e+02 -1.2133115e+02      
1.4259154e+02 -1.3749001e+02      
1.4166914e+02 -1.4275303e+02      
1.4099893e+02 -1.4885221e+02      
1.4049068e+02 -1.5572737e+02      
1.3986371e+02 -1.6268822e+02      
1.3858558e+02 -1.6708954e+02      
1.3674370e+02 -1.6876582e+02      
1.3444389e+02 -1.6793614e+02      
1.3205812e+02 -1.6510039e+02      
1.3069738e+02 -1.6229646e+02      
1.3028693e+02 -1.5989546e+02      
1.3076517e+02 -1.5808661e+02      
1.3199597e+02 -1.5693948e+02      
1.3275532e+02 -1.5493322e+02      
1.3289113e+02 -1.5204663e+02      
1.3337840e+02 -1.4966261e+02      
1.3419183e+02 -1.4751156e+02      
1.3517073e+02 -1.4540016e+02      
1.3616446e+02 -1.4340759e+02      
1.3708754e+02 -1.4165351e+02      
1.2368156e+02 -1.5656985e+02      
1.2251262e+02 -1.6144957e+02      
1.2146555e+02 -1.6697419e+02      
1.2046767e+02 -1.7317531e+02      
1.1937298e+02 -1.7985293e+02      
1.1778770e+02 -1.8425942e+02      
1.1568671e+02 -1.8571175e+02      
1.1299939e+02 -1.8480768e+02      
1.1010497e+02 -1.8378470e+02      
1.0912993e+02 -1.8133944e+02      
1.0899578e+02 -1.7900883e+02      
1.0963032e+02 -1.7685701e+02      
1.1077634e+02 -1.7478206e+02      
1.1164032e+02 -1.7264315e+02      
1.1209553e+02 -1.7048073e+02      
1.1254416e+02 -1.6851508e+02      
1.1329977e+02 -1.6628396e+02      
1.1432258e+02 -1.6373382e+02      
1.1535225e+02 -1.6138255e+02      
1.1628217e+02 -1.5941471e+02      
1.0266499e+02 -1.7254551e+02      
1.0129128e+02 -1.7695118e+02      
9.9958873e+01 -1.8181486e+02      
9.8594848e+01 -1.8707034e+02      
9.7064457e+01 -1.9245328e+02      
9.5203281e+01 -1.9695262e+02      
9.3015016e+01 -1.9788082e+02      
9.0220665e+01 -1.9798516e+02      
8.6979645e+01 -1.9814100e+02      
8.5579525e+01 -1.9684699e+02      
8.5637230e+01 -1.9473884e+02      
8.6493299e+01 -1.9235127e+02      
8.8079477e+01 -1.8956710e+02      
8.9037983e+01 -1.8738780e+02      
8.9505293e+01 -1.8575917e+02      
8.9706630e+01 -1.8469740e+02      
9.0444458e+01 -1.8248910e+02      
9.1718389e+01 -1.7914742e+02      
9.2827768e+01 -1.7641534e+02      
9.3752573e+01 -1.7426534e+02      
7.9946655e+01 -1.8530218e+02      
7.8422792e+01 -1.8919746e+02      
7.6896744e+01 -1.9338013e+02      
7.5308205e+01 -1.9773403e+02      
7.3554825e+01 -2.0210625e+02      
7.1534436e+01 -2.0602771e+02      
6.9454216e+01 -2.0697488e+02      
6.6868905e+01 -2.0752770e+02      
6.3837317e+01 -2.0807063e+02      
6.2547449e+01 -2.0722905e+02      
6.3105477e+01 -2.0510843e+02      
6.3851027e+01 -2.0291478e+02      
6.4763834e+01 -2.0068256e+02      
6.5477097e+01 -1.9873594e+02      
6.5860484e+01 -1.9727470e+02      
6.5962843e+01 -1.9631803e+02      
6.6656424e+01 -1.9417321e+02      
6.7941105e+01 -1.9086734e+02      
6.9009770e+01 -1.8812010e+02      
6.9878629e+01 -1.8592520e+02      
