2.1320219e+01 2.3489399e+02      
2.0473126e+01 2.3307813e+02      
2.0063634e+01 2.3136476e+02      
2.0063001e+01 2.2981966e+02      
2.0439325e+01 2.2851388e+02      
2.1162590e+01 2.2752524e+02      
2.2212474e+01 2.2694151e+02      
2.3591446e+01 2.2686759e+02      
2.5354821e+01 2.2744323e+02      
2.7706560e+01 2.2890600e+02      
3.0681088e+01 2.3132340e+02      
3.1480668e+01 2.3231210e+02      
3.0181299e+01 2.3178478e+02      
2.9751032e+01 2.3198742e+02      
3.0230815e+01 2.3276858e+02      
3.1426815e+01 2.3385448e+02      
3.3263072e+01 2.3509585e+02      
3.5700277e+01 2.3639054e+02      
3.8711333e+01 2.3765905e+02      
4.2272546e+01 2.3883458e+02      
5.0089392e+01 2.2467233e+02      
4.9455065e+01 2.2271427e+02      
4.9264684e+01 2.2082205e+02      
4.9481804e+01 2.1906606e+02      
5.0063944e+01 2.1752352e+02      
5.0968665e+01 2.1628050e+02      
5.2163091e+01 2.1543647e+02      
5.3636265e+01 2.1511396e+02      
5.5420782e+01 2.1547880e+02      
5.7681157e+01 2.1678901e+02      
6.0451373e+01 2.1907320e+02      
6.0882765e+01 2.2014113e+02      
5.9129534e+01 2.1984907e+02      
5.8309401e+01 2.2018041e+02      
5.8444438e+01 2.2102867e+02      
5.9329422e+01 2.2213589e+02      
6.0881242e+01 2.2335553e+02      
6.3053850e+01 2.2458721e+02      
6.5814146e+01 2.2575306e+02      
6.9133275e+01 2.2678760e+02      
7.7595793e+01 2.1090201e+02      
7.7211634e+01 2.0876852e+02      
7.7280214e+01 2.0665727e+02      
7.7755010e+01 2.0464138e+02      
7.8577728e+01 2.0280128e+02      
7.9684415e+01 2.0122584e+02      
8.1018162e+01 2.0001562e+02      
8.2538591e+01 1.9929089e+02      
8.4203656e+01 1.9920081e+02      
8.5838846e+01 1.9992004e+02      
8.6865016e+01 2.0136739e+02      
8.6736842e+01 2.0263918e+02      
8.5763795e+01 2.0349267e+02      
8.5051505e+01 2.0442350e+02      
8.5002197e+01 2.0555539e+02      
8.5635042e+01 2.0680394e+02      
8.6920623e+01 2.0807928e+02      
8.8826101e+01 2.0930473e+02      
9.1320283e+01 2.1041409e+02      
9.4372860e+01 2.1134842e+02      
1.0339024e+02 1.9384602e+02      
1.0329495e+02 1.9150478e+02      
1.0366811e+02 1.8913496e+02      
1.0445207e+02 1.8681097e+02      
1.0556852e+02 1.8461414e+02      
1.0691884e+02 1.8263219e+02      
1.0840876e+02 1.8095717e+02      
1.0998352e+02 1.7969154e+02      
1.1157978e+02 1.7897996e+02      
1.1288194e+02 1.7905535e+02      
1.1251810e+02 1.8040305e+02      
1.1158962e+02 1.8207648e+02      
1.1052720e+02 1.8368972e+02      
1.0975573e+02 1.8522249e+02      
1.0953324e+02 1.8672124e+02      
1.0993728e+02 1.8818177e+02      
1.1096942e+02 1.8956841e+02      
1.1260857e+02 1.9083377e+02      
1.1482725e+02 1.9192761e+02      
1.1759554e+02 1.9280025e+02      
1.2704343e+02 1.7382530e+02      
1.2727653e+02 1.7124649e+02      
1.2800586e+02 1.6858116e+02      
1.2916378e+02 1.6590473e+02      
1.3065868e+02 1.6329772e+02      
1.3233417e+02 1.6084935e+02      
1.3400876e+02 1.5863722e+02      
1.3561888e+02 1.5673289e+02      
1.3710102e+02 1.5535248e+02      
1.3750050e+02 1.5528533e+02      
1.3665601e+02 1.5653388e+02      
1.3481874e+02 1.5878754e+02      
1.3321451e+02 1.6106319e+02      
1.3214756e+02 1.6311981e+02      
1.3169926e+02 1.6497162e+02      
1.3187404e+02 1.6665983e+02      
1.3265950e+02 1.6818440e+02      
1.3403435e+02 1.6952030e+02      
1.3597237e+02 1.7063109e+02      
1.3844422e+02 1.7147595e+02      
1.4814665e+02 1.5121466e+02      
1.4874895e+02 1.4837159e+02      
1.4989257e+02 1.4537654e+02      
1.5148831e+02 1.4231103e+02      
1.5348961e+02 1.3924484e+02      
1.5570033e+02 1.3627717e+02      
1.5754317e+02 1.3355338e+02      
1.5896406e+02 1.3104094e+02      
1.5929292e+02 1.2961560e+02      
1.5875769e+02 1.2954792e+02      
1.5741473e+02 1.3085175e+02      
1.5539525e+02 1.3326208e+02      
1.5320577e+02 1.3617678e+02      
1.5182979e+02 1.3863887e+02      
1.5116151e+02 1.4077228e+02      
1.5111771e+02 1.4266523e+02      
1.5166598e+02 1.4433082e+02      
1.5278123e+02 1.4575359e+02      
1.5443734e+02 1.4690502e+02      
1.5660553e+02 1.4775062e+02      
1.6630588e+02 1.2643999e+02      
1.6732129e+02 1.2330867e+02      
1.6897674e+02 1.1994217e+02      
1.7101475e+02 1.1647015e+02      
1.7352084e+02 1.1293118e+02      
1.7663319e+02 1.0936524e+02      
1.7840362e+02 1.0636555e+02      
1.7875312e+02 1.0406122e+02      
1.7755398e+02 1.0264714e+02      
1.7613132e+02 1.0259287e+02      
1.7426922e+02 1.0409548e+02      
1.7190477e+02 1.0687012e+02      
1.6987597e+02 1.0968258e+02      
1.6843844e+02 1.1226393e+02      
1.6761889e+02 1.1457991e+02      
1.6738497e+02 1.1664014e+02      
1.6771149e+02 1.1843810e+02      
1.6857544e+02 1.1995481e+02      
1.6995215e+02 1.2116365e+02      
1.7181398e+02 1.2203358e+02      
1.8112979e+02 9.9977583e+01      
1.8253119e+02 9.6556336e+01      
1.8485887e+02 9.2758245e+01      
1.8718228e+02 8.8913448e+01      
1.8969145e+02 8.5024597e+01      
1.9242923e+02 8.1126987e+01      
1.9378843e+02 7.7988331e+01      
1.9342463e+02 7.5879204e+01      
1.9127658e+02 7.5027390e+01      
1.8946602e+02 7.4833389e+01      
1.8726589e+02 7.6582689e+01      
1.8509394e+02 7.9053401e+01      
1.8320860e+02 8.1742900e+01      
1.8177059e+02 8.4379603e+01      
1.8084673e+02 8.6829937e+01      
1.8045010e+02 8.9032604e+01      
1.8057205e+02 9.0954233e+01      
1.8119553e+02 9.2567993e+01      
1.8229861e+02 9.3846491e+01      
1.8385546e+02 9.4760338e+01      
1.9227245e+02 7.2339687e+01      
1.9378179e+02 6.8708741e+01      
1.9619708e+02 6.4608134e+01      
1.9842055e+02 6.0536892e+01      
2.0051725e+02 5.6513619e+01      
2.0254820e+02 5.2532587e+01      
2.0346703e+02 4.9262089e+01      
2.0299300e+02 4.6982873e+01      
2.0096491e+02 4.6110083e+01      
1.9908771e+02 4.6095761e+01      
1.9709061e+02 4.7464798e+01      
1.9504001e+02 4.9823685e+01      
1.9318698e+02 5.2585397e+01      
1.9171057e+02 5.5360381e+01      
1.9068979e+02 5.7959558e+01      
1.9014709e+02 6.0300065e+01      
1.9008000e+02 6.2340809e+01      
1.9047510e+02 6.4053308e+01      
1.9131296e+02 6.5410725e+01      
1.9256975e+02 6.6384948e+01      
1.9955123e+02 4.4030103e+01      
2.0085433e+02 4.0334523e+01      
2.0288710e+02 3.6153633e+01      
2.0468948e+02 3.2033955e+01      
2.0616704e+02 2.8061595e+01      
2.0711602e+02 2.4403491e+01      
2.0773175e+02 2.0936390e+01      
2.0771417e+02 1.7932781e+01      
2.0699513e+02 1.5808453e+01      
2.0569540e+02 1.5279457e+01      
2.0386011e+02 1.6633175e+01      
2.0169140e+02 1.9445186e+01      
1.9972078e+02 2.2619650e+01      
1.9815990e+02 2.5658359e+01      
1.9704092e+02 2.8437831e+01      
1.9636522e+02 3.0915851e+01      
1.9612426e+02 3.3070331e+01      
1.9630429e+02 3.4880927e+01      
1.9688754e+02 3.6323952e+01      
1.9785228e+02 3.7372485e+01      
2.0298151e+02 1.5500619e+01      
2.0387384e+02 1.1883013e+01      
2.0512967e+02 7.9358362e+00      
2.0639110e+02 3.8882709e+00      
2.0746513e+02 -1.1717277e-01      
2.0827573e+02 -4.0104078e+00      
2.0890529e+02 -7.8729048e+00      
2.0942733e+02 -1.1855288e+01      
2.0994092e+02 -1.5850735e+01      
2.0926657e+02 -1.7150320e+01      
2.0751437e+02 -1.5536600e+01      
2.0484144e+02 -1.1384226e+01      
2.0267607e+02 -7.5289586e+00      
2.0103557e+02 -4.1802621e+00      
1.9983678e+02 -1.2298083e+00      
1.9904787e+02 1.3660641e+00      
1.9865074e+02 3.6198891e+00      
1.9863056e+02 5.5237188e+00      
1.9897159e+02 7.0567465e+00      
1.9965486e+02 8.1916753e+00      
2.0270962e+02 -1.2846890e+01      
2.0322890e+02 -1.6379961e+01      
2.0397531e+02 -2.0210273e+01      
2.0479938e+02 -2.4218928e+01      
2.0558565e+02 -2.8303416e+01      
2.0629139e+02 -3.2385974e+01      
2.0694628e+02 -3.6481161e+01      
2.0767758e+02 -4.1035742e+01      
2.0849626e+02 -4.5957260e+01      
2.0813740e+02 -4.7765550e+01      
2.0658672e+02 -4.6056325e+01      
2.0405340e+02 -4.1320069e+01      
2.0193279e+02 -3.7081012e+01      
2.0030192e+02 -3.3563831e+01      
1.9906977e+02 -3.0529277e+01      
1.9819676e+02 -2.7867509e+01      
1.9766386e+02 -2.5540756e+01      
1.9745916e+02 -2.3551928e+01      
1.9757130e+02 -2.1925089e+01      
1.9798554e+02 -2.0692243e+01      
1.9890202e+02 -4.0603372e+01      
1.9913413e+02 -4.4079052e+01      
1.9953270e+02 -4.7865073e+01      
2.0002392e+02 -5.1874820e+01      
2.0055243e+02 -5.6032206e+01      
2.0110542e+02 -6.0206820e+01      
2.0167021e+02 -6.4044211e+01      
2.0232412e+02 -6.8570457e+01      
2.0299956e+02 -7.3681919e+01      
2.0272984e+02 -7.5688628e+01      
2.0146480e+02 -7.4141011e+01      
1.9938641e+02 -6.9485471e+01      
1.9753007e+02 -6.5364243e+01      
1.9601492e+02 -6.1956229e+01      
1.9480373e+02 -5.8986114e+01      
1.9387747e+02 -5.6333341e+01      
1.9322808e+02 -5.3964383e+01      
1.9285281e+02 -5.1895767e+01      
1.9274864e+02 -5.0167597e+01      
1.9290723e+02 -4.8823822e+01      
1.9172100e+02 -6.7334716e+01      
1.9172605e+02 -7.0766402e+01      
1.9184923e+02 -7.4550630e+01      
1.9206243e+02 -7.8543616e+01      
1.9233800e+02 -8.2709688e+01      
1.9269652e+02 -8.6477686e+01      
1.9313251e+02 -8.9835619e+01      
1.9358117e+02 -9.3788476e+01      
1.9394887e+02 -9.8304319e+01      
1.9367013e+02 -1.0019371e+02      
1.9270501e+02 -9.9139148e+01      
1.9117423e+02 -9.5370686e+01      
1.8967219e+02 -9.1949067e+01      
1.8833215e+02 -8.8957295e+01      
1.8717886e+02 -8.6208645e+01      
1.8622116e+02 -8.3634581e+01      
1.8546731e+02 -8.1240009e+01      
1.8492950e+02 -7.9080827e+01      
1.8461856e+02 -7.7233154e+01      
1.8453512e+02 -7.5762010e+01      
1.8135072e+02 -9.2598304e+01      
1.8117820e+02 -9.5942187e+01      
1.8106596e+02 -9.9757293e+01      
1.8104094e+02 -1.0359295e+02      
1.8108581e+02 -1.0737565e+02      
1.8125234e+02 -1.1071786e+02      
1.8154528e+02 -1.1351273e+02      
1.8176869e+02 -1.1650796e+02      
1.8181298e+02 -1.1933057e+02      
1.8150729e+02 -1.2083355e+02      
1.8082147e+02 -1.2061724e+02      
1.7982989e+02 -1.1896057e+02      
1.7865191e+02 -1.1669729e+02      
1.7748630e+02 -1.1432680e+02      
1.7640322e+02 -1.1190780e+02      
1.7542152e+02 -1.0944478e+02      
1.7456209e+02 -1.0700147e+02      
1.7385743e+02 -1.0470361e+02      
1.7334366e+02 -1.0269941e+02      
1.7303258e+02 -1.0108236e+02      
1.6800655e+02 -1.1599196e+02      
1.6771497e+02 -1.1908832e+02      
1.6747757e+02 -1.2247696e+02      
1.6727703e+02 -1.2600474e+02      
1.6707981e+02 -1.2960560e+02      
1.6703961e+02 -1.3266037e+02      
1.6718290e+02 -1.3501837e+02      
1.6722790e+02 -1.3731944e+02      
1.6710567e+02 -1.3933016e+02      
1.6678375e+02 -1.4062805e+02      
1.6629667e+02 -1.4108440e+02      
1.6573678e+02 -1.4091670e+02      
1.6475415e+02 -1.3961897e+02      
1.6375281e+02 -1.3794488e+02      
1.6274147e+02 -1.3589491e+02      
1.6173194e+02 -1.3351832e+02      
1.6074833e+02 -1.3093618e+02      
1.5984325e+02 -1.2836563e+02      
1.5912502e+02 -1.2614861e+02      
1.5860629e+02 -1.2437829e+02      
1.5193082e+02 -1.3720832e+02      
1.5155440e+02 -1.4001880e+02      
1.5122062e+02 -1.4302640e+02      
1.5091250e+02 -1.4614267e+02      
1.5061463e+02 -1.4925732e+02      
1.5035215e+02 -1.5214524e+02      
1.5032103e+02 -1.5427885e+02      
1.5020766e+02 -1.5622911e+02      
1.4997130e+02 -1.5790265e+02      
1.4961547e+02 -1.5913030e+02      
1.4917173e+02 -1.5988877e+02      
1.4868426e+02 -1.6030084e+02      
1.4814532e+02 -1.6041064e+02      
1.4735297e+02 -1.5952669e+02      
1.4640872e+02 -1.5781667e+02      
1.4536461e+02 -1.5544676e+02      
1.4424300e+02 -1.5260033e+02      
1.4308551e+02 -1.4956446e+02      
1.4219216e+02 -1.4715520e+02      
1.4150372e+02 -1.4526950e+02      
1.3339869e+02 -1.5599239e+02      
1.3295777e+02 -1.5853490e+02      
1.3254837e+02 -1.6121307e+02      
1.3216264e+02 -1.6394359e+02      
1.3179668e+02 -1.6662019e+02      
1.3146907e+02 -1.6908494e+02      
1.3121163e+02 -1.7116584e+02      
1.3093587e+02 -1.7295286e+02      
1.3059341e+02 -1.7445252e+02      
1.3017918e+02 -1.7562304e+02      
1.2971072e+02 -1.7648630e+02      
1.2922935e+02 -1.7718471e+02      
1.2876868e+02 -1.7786514e+02      
1.2807764e+02 -1.7754232e+02      
1.2717568e+02 -1.7607287e+02      
1.2610213e+02 -1.7361850e+02      
1.2488832e+02 -1.7050557e+02      
1.2377260e+02 -1.6769563e+02      
1.2281954e+02 -1.6534318e+02      
1.2201721e+02 -1.6342952e+02      
1.1272082e+02 -1.7211037e+02      
1.1222983e+02 -1.7440887e+02      
1.1175971e+02 -1.7679827e+02      
1.1130801e+02 -1.7920320e+02      
1.1087468e+02 -1.8153385e+02      
1.1046373e+02 -1.8368971e+02      
1.1007054e+02 -1.8559406e+02      
1.0966742e+02 -1.8722842e+02      
1.0922839e+02 -1.8858765e+02      
1.0874448e+02 -1.8966762e+02      
1.0822122e+02 -1.9049485e+02      
1.0767262e+02 -1.9114198e+02      
1.0709423e+02 -1.9165052e+02      
1.0642657e+02 -1.9176938e+02      
1.0554442e+02 -1.9039093e+02      
1.0447375e+02 -1.8781474e+02      
1.0337085e+02 -1.8515195e+02      
1.0231938e+02 -1.8267638e+02      
1.0135695e+02 -1.8048676e+02      
1.0048696e+02 -1.7861343e+02      
9.0239572e+01 -1.8535592e+02      
8.9708627e+01 -1.8743558e+02      
8.9188075e+01 -1.8957349e+02      
8.8678195e+01 -1.9170440e+02      
8.8179011e+01 -1.9375690e+02      
8.7689330e+01 -1.9566048e+02      
8.7202749e+01 -1.9735934e+02      
8.6706043e+01 -1.9882087e+02      
8.6185555e+01 -2.0002867e+02      
8.5633344e+01 -2.0097790e+02      
8.5047343e+01 -2.0167909e+02      
8.4426270e+01 -2.0215670e+02      
8.3760140e+01 -2.0244664e+02      
8.3019730e+01 -2.0243769e+02      
8.2146494e+01 -2.0091453e+02      
8.1169142e+01 -1.9885328e+02      
8.0155748e+01 -1.9664518e+02      
7.9156425e+01 -1.9447932e+02      
7.8198673e+01 -1.9246121e+02      
7.7290684e+01 -1.9065262e+02      
