2.9115698e+01 2.4251290e+02      
2.7847413e+01 2.4165541e+02      
2.6994735e+01 2.4078880e+02      
2.6557957e+01 2.3993968e+02      
2.6533544e+01 2.3913195e+02      
2.6913213e+01 2.3838592e+02      
2.7682618e+01 2.3771759e+02      
2.8819830e+01 2.3713803e+02      
3.0294289e+01 2.3665310e+02      
3.2067651e+01 2.3626335e+02      
3.4097865e+01 2.3596415e+02      
3.6345454e+01 2.3574586e+02      
3.8777354e+01 2.3559329e+02      
4.1364786e+01 2.3548450e+02      
4.4078150e+01 2.3538994e+02      
4.6886042e+01 2.3527404e+02      
4.9763433e+01 2.3510102e+02      
5.2706283e+01 2.3484390e+02      
5.5739502e+01 2.3448937e+02      
5.8908686e+01 2.3403335e+02      
5.7626077e+01 2.3347065e+02      
5.6444149e+01 2.3263736e+02      
5.5679321e+01 2.3177441e+02      
5.5333840e+01 2.3091148e+02      
5.5406466e+01 2.3007534e+02      
5.5891355e+01 2.2928883e+02      
5.6776056e+01 2.2856982e+02      
5.8038454e+01 2.2793060e+02      
5.9643270e+01 2.2737744e+02      
6.1540815e+01 2.2691061e+02      
6.3673242e+01 2.2652491e+02      
6.5989474e+01 2.2621067e+02      
6.8455680e+01 2.2595325e+02      
7.1047378e+01 2.2572963e+02      
7.3731765e+01 2.2550415e+02      
7.6458862e+01 2.2522764e+02      
7.9174966e+01 2.2484577e+02      
8.1861566e+01 2.2432149e+02      
8.4562390e+01 2.2365069e+02      
8.7358333e+01 2.2284682e+02      
8.4815117e+01 2.2080208e+02      
8.3733013e+01 2.1997468e+02      
8.3065791e+01 2.1909927e+02      
8.2818120e+01 2.1820923e+02      
8.2992141e+01 2.1733497e+02      
8.3586494e+01 2.1650244e+02      
8.4593926e+01 2.1573181e+02      
8.5996384e+01 2.1503673e+02      
8.7756683e+01 2.1442390e+02      
8.9809054e+01 2.1389278e+02      
9.2063303e+01 2.1343632e+02      
9.4443646e+01 2.1304502e+02      
9.6926083e+01 2.1270898e+02      
9.9512044e+01 2.1240931e+02      
1.0217683e+02 2.1210662e+02      
1.0484109e+02 2.1173229e+02      
1.0737822e+02 2.1118863e+02      
1.0971618e+02 2.1040555e+02      
1.1195380e+02 2.0941153e+02      
1.1425114e+02 2.0826218e+02      
1.1025747e+02 2.0472919e+02      
1.0928537e+02 2.0388573e+02      
1.0872160e+02 2.0297811e+02      
1.0857338e+02 2.0204443e+02      
1.0884703e+02 2.0111977e+02      
1.0954792e+02 2.0023410e+02      
1.1067877e+02 1.9941038e+02      
1.1223432e+02 1.9866368e+02      
1.1418757e+02 1.9800138e+02      
1.1645955e+02 1.9742218e+02      
1.1888523e+02 1.9691245e+02      
1.2130917e+02 1.9645831e+02      
1.2375730e+02 1.9606570e+02      
1.2631673e+02 1.9573263e+02      
1.2899885e+02 1.9542489e+02      
1.3169769e+02 1.9506251e+02      
1.3412918e+02 1.9446230e+02      
1.3594269e+02 1.9337747e+02      
1.3750943e+02 1.9201433e+02      
1.3914954e+02 1.9051183e+02      
1.3355951e+02 1.8552628e+02      
1.3270438e+02 1.8464075e+02      
1.3224586e+02 1.8367695e+02      
1.3219310e+02 1.8267900e+02      
1.3255651e+02 1.8168832e+02      
1.3334937e+02 1.8074044e+02      
1.3458899e+02 1.7986170e+02      
1.3629522e+02 1.7906782e+02      
1.3848039e+02 1.7836677e+02      
1.4110877e+02 1.7776282e+02      
1.4388347e+02 1.7723052e+02      
1.4623859e+02 1.7670486e+02      
1.4850844e+02 1.7626127e+02      
1.5098439e+02 1.7593233e+02      
1.5374443e+02 1.7570039e+02      
1.5666105e+02 1.7549042e+02      
1.5926023e+02 1.7506145e+02      
1.6019129e+02 1.7351314e+02      
1.6080157e+02 1.7171252e+02      
1.6159756e+02 1.6985058e+02      
1.5436587e+02 1.6351607e+02      
1.5363208e+02 1.6255788e+02      
1.5327714e+02 1.6150872e+02      
1.5331058e+02 1.6042042e+02      
1.5374502e+02 1.5934329e+02      
1.5459994e+02 1.5832161e+02      
1.5590767e+02 1.5738652e+02      
1.5772061e+02 1.5655117e+02      
1.6011804e+02 1.5581719e+02      
1.6322586e+02 1.5519891e+02      
1.6687445e+02 1.5470873e+02      
1.6884743e+02 1.5405345e+02      
1.7068258e+02 1.5355387e+02      
1.7295657e+02 1.5325074e+02      
1.7582618e+02 1.5314574e+02      
1.7905207e+02 1.5312927e+02      
1.8116014e+02 1.5244979e+02      
1.8181896e+02 1.5092486e+02      
1.8129491e+02 1.4872644e+02      
1.8109137e+02 1.4654242e+02      
1.7236517e+02 1.3906538e+02      
1.7175578e+02 1.3799877e+02      
1.7150095e+02 1.3682870e+02      
1.7160804e+02 1.3561638e+02      
1.7208824e+02 1.3442435e+02      
1.7296078e+02 1.3331277e+02      
1.7426467e+02 1.3232400e+02      
1.7607825e+02 1.3146244e+02      
1.7853709e+02 1.3070134e+02      
1.8186463e+02 1.3001709e+02      
1.8594964e+02 1.2939793e+02      
1.8841651e+02 1.2876644e+02      
1.8963109e+02 1.2822951e+02      
1.9153131e+02 1.2792532e+02      
1.9432443e+02 1.2791405e+02      
1.9694372e+02 1.2762958e+02      
1.9860917e+02 1.2677765e+02      
1.9895473e+02 1.2527464e+02      
1.9816671e+02 1.2321138e+02      
1.9700057e+02 1.2084711e+02      
1.8729471e+02 1.1258065e+02      
1.8681359e+02 1.1136396e+02      
1.8665603e+02 1.1003020e+02      
1.8682435e+02 1.0865037e+02      
1.8732542e+02 1.0729972e+02      
1.8816671e+02 1.0606882e+02      
1.8937062e+02 1.0503865e+02      
1.9102463e+02 1.0419826e+02      
1.9329637e+02 1.0345105e+02      
1.9643041e+02 1.0270266e+02      
2.0033476e+02 1.0191867e+02      
2.0274866e+02 1.0127281e+02      
2.0428738e+02 1.0071306e+02      
2.0575755e+02 1.0027881e+02      
2.0715776e+02 9.9995773e+01      
2.0951561e+02 9.9559194e+01      
2.1094851e+02 9.8606121e+01      
2.1090350e+02 9.7118781e+01      
2.0962411e+02 9.5154815e+01      
2.0867918e+02 9.3065655e+01      
1.9894357e+02 8.4503495e+01      
1.9859878e+02 8.3087718e+01      
1.9853943e+02 8.1540180e+01      
1.9875831e+02 7.9942360e+01      
1.9926502e+02 7.8363767e+01      
2.0005250e+02 7.6929483e+01      
2.0105225e+02 7.5886282e+01      
2.0234708e+02 7.5200881e+01      
2.0416721e+02 7.4571282e+01      
2.0669099e+02 7.3843074e+01      
2.0976310e+02 7.2991856e+01      
2.1125674e+02 7.2413964e+01      
2.1258690e+02 7.1794352e+01      
2.1386616e+02 7.1166607e+01      
2.1517352e+02 7.0527762e+01      
2.1677181e+02 6.9756227e+01      
2.1818773e+02 6.8709315e+01      
2.1776531e+02 6.7264516e+01      
2.1699290e+02 6.5584156e+01      
2.1636064e+02 6.3793238e+01      
2.0715319e+02 5.5307435e+01      
2.0696343e+02 5.3630865e+01      
2.0701348e+02 5.1809216e+01      
2.0726826e+02 4.9954269e+01      
2.0774802e+02 4.8101669e+01      
2.0850434e+02 4.6289538e+01      
2.0920088e+02 4.5285524e+01      
2.0992017e+02 4.5021599e+01      
2.1112626e+02 4.4613908e+01      
2.1279183e+02 4.4000493e+01      
2.1459551e+02 4.3268760e+01      
2.1595399e+02 4.2547003e+01      
2.1710455e+02 4.1786736e+01      
2.1819773e+02 4.0967841e+01      
2.1927527e+02 4.0074440e+01      
2.2032533e+02 3.9060086e+01      
2.2107372e+02 3.7875758e+01      
2.2108480e+02 3.6512394e+01      
2.2072191e+02 3.5061758e+01      
2.2029185e+02 3.3583550e+01      
2.1181195e+02 2.5500421e+01      
2.1181930e+02 2.3473598e+01      
2.1202351e+02 2.1280077e+01      
2.1229976e+02 1.9149269e+01      
2.1262285e+02 1.7152538e+01      
2.1305730e+02 1.5290164e+01      
2.1335692e+02 1.4418499e+01      
2.1362571e+02 1.4404025e+01      
2.1427349e+02 1.4153413e+01      
2.1524183e+02 1.3612100e+01      
2.1632707e+02 1.2893835e+01      
2.1733808e+02 1.2074202e+01      
2.1824994e+02 1.1173949e+01      
2.1910059e+02 1.0189295e+01      
2.1989738e+02 9.1091272e+00      
2.2059217e+02 7.9191763e+00      
2.2105962e+02 6.6214004e+00      
2.2119388e+02 5.2637003e+00      
2.2102444e+02 3.9836338e+00      
2.2061949e+02 2.9242932e+00      
2.1283541e+02 -4.3540465e+00      
2.1311868e+02 -6.8670703e+00      
2.1363709e+02 -9.6839733e+00      
2.1396207e+02 -1.2140461e+01      
2.1397709e+02 -1.4048107e+01      
2.1380640e+02 -1.5526652e+01      
2.1360586e+02 -1.6120225e+01      
2.1349651e+02 -1.6012314e+01      
2.1370421e+02 -1.6246605e+01      
2.1416807e+02 -1.6818946e+01      
2.1476445e+02 -1.7596983e+01      
2.1539174e+02 -1.8510857e+01      
2.1600369e+02 -1.9532260e+01      
2.1658881e+02 -2.0656039e+01      
2.1713248e+02 -2.1888086e+01      
2.1759794e+02 -2.3231664e+01      
2.1793133e+02 -2.4665534e+01      
2.1808950e+02 -2.6103630e+01      
2.1802095e+02 -2.7308663e+01      
2.1741896e+02 -2.7635403e+01      
2.1013438e+02 -3.3597508e+01      
2.1070089e+02 -3.6629029e+01      
2.1183701e+02 -4.0535065e+01      
2.1222964e+02 -4.3337721e+01      
2.1185709e+02 -4.4932992e+01      
2.1074743e+02 -4.5346524e+01      
2.1003464e+02 -4.5622673e+01      
2.0962715e+02 -4.5640957e+01      
2.0950135e+02 -4.6067322e+01      
2.0958312e+02 -4.6789436e+01      
2.0979110e+02 -4.7681393e+01      
2.1006510e+02 -4.8699860e+01      
2.1037174e+02 -4.9829806e+01      
2.1069372e+02 -5.1067101e+01      
2.1101249e+02 -5.2424226e+01      
2.1130225e+02 -5.3918228e+01      
2.1153542e+02 -5.5519792e+01      
2.1166889e+02 -5.7051146e+01      
2.1139256e+02 -5.7658326e+01      
2.1067245e+02 -5.7334684e+01      
2.0366559e+02 -6.1553057e+01      
2.0419253e+02 -6.4628704e+01      
2.0517926e+02 -6.8601903e+01      
2.0543471e+02 -7.1390435e+01      
2.0489949e+02 -7.2848304e+01      
2.0363090e+02 -7.2911768e+01      
2.0273109e+02 -7.3353669e+01      
2.0215002e+02 -7.4020870e+01      
2.0178434e+02 -7.4890730e+01      
2.0156615e+02 -7.5865218e+01      
2.0144387e+02 -7.6889954e+01      
2.0139138e+02 -7.8009563e+01      
2.0140161e+02 -7.9236941e+01      
2.0147273e+02 -8.0553574e+01      
2.0158943e+02 -8.1991772e+01      
2.0172334e+02 -8.3606952e+01      
2.0183784e+02 -8.5317528e+01      
2.0172138e+02 -8.6310041e+01      
2.0127701e+02 -8.6359975e+01      
2.0050646e+02 -8.5528959e+01      
1.9358619e+02 -8.7780323e+01      
1.9380626e+02 -9.0398930e+01      
1.9410290e+02 -9.3290999e+01      
1.9407207e+02 -9.5722925e+01      
1.9357510e+02 -9.7409407e+01      
1.9273418e+02 -9.8499919e+01      
1.9192310e+02 -9.9617733e+01      
1.9126418e+02 -1.0096594e+02      
1.9073697e+02 -1.0244884e+02      
1.9027528e+02 -1.0371720e+02      
1.8984876e+02 -1.0477638e+02      
1.8947606e+02 -1.0597224e+02      
1.8918699e+02 -1.0731600e+02      
1.8902191e+02 -1.0865705e+02      
1.8896606e+02 -1.1004944e+02      
1.8895092e+02 -1.1161895e+02      
1.8882984e+02 -1.1270467e+02      
1.8850846e+02 -1.1315652e+02      
1.8794364e+02 -1.1281458e+02      
1.8715538e+02 -1.1168385e+02      
1.8022933e+02 -1.1209164e+02      
1.8018235e+02 -1.1428674e+02      
1.8010469e+02 -1.1660516e+02      
1.7985287e+02 -1.1877686e+02      
1.7935647e+02 -1.2065981e+02      
1.7866984e+02 -1.2234056e+02      
1.7792251e+02 -1.2406773e+02      
1.7721334e+02 -1.2608543e+02      
1.7658594e+02 -1.2843724e+02      
1.7592105e+02 -1.2997315e+02      
1.7519843e+02 -1.3076150e+02      
1.7449267e+02 -1.3208233e+02      
1.7384662e+02 -1.3376284e+02      
1.7346754e+02 -1.3500263e+02      
1.7332847e+02 -1.3590861e+02      
1.7318931e+02 -1.3652106e+02      
1.7290193e+02 -1.3690809e+02      
1.7242254e+02 -1.3693847e+02      
1.7174404e+02 -1.3646416e+02      
1.7090946e+02 -1.3539205e+02      
1.6394791e+02 -1.3430133e+02      
1.6372921e+02 -1.3622121e+02      
1.6345428e+02 -1.3825644e+02      
1.6305984e+02 -1.4028363e+02      
1.6251329e+02 -1.4224405e+02      
1.6183263e+02 -1.4418979e+02      
1.6106790e+02 -1.4627037e+02      
1.6026601e+02 -1.4869680e+02      
1.5945501e+02 -1.5146355e+02      
1.5862979e+02 -1.5317133e+02      
1.5776306e+02 -1.5394875e+02      
1.5675916e+02 -1.5555266e+02      
1.5559602e+02 -1.5816931e+02      
1.5504017e+02 -1.5906961e+02      
1.5508642e+02 -1.5813679e+02      
1.5492242e+02 -1.5769191e+02      
1.5451205e+02 -1.5749587e+02      
1.5389508e+02 -1.5724246e+02      
1.5308202e+02 -1.5685167e+02      
1.5208727e+02 -1.5642667e+02      
1.4507354e+02 -1.5415188e+02      
1.4474414e+02 -1.5588629e+02      
1.4434760e+02 -1.5774428e+02      
1.4385305e+02 -1.5966189e+02      
1.4324342e+02 -1.6161381e+02      
1.4252201e+02 -1.6363574e+02      
1.4170339e+02 -1.6582838e+02      
1.4079253e+02 -1.6835833e+02      
1.3979584e+02 -1.7119450e+02      
1.3886031e+02 -1.7292646e+02      
1.3796148e+02 -1.7367374e+02      
1.3684137e+02 -1.7517501e+02      
1.3545105e+02 -1.7758093e+02      
1.3475176e+02 -1.7816134e+02      
1.3474697e+02 -1.7679480e+02      
1.3445630e+02 -1.7593767e+02      
1.3389998e+02 -1.7543009e+02      
1.3314539e+02 -1.7499222e+02      
1.3221605e+02 -1.7453709e+02      
1.3114045e+02 -1.7403096e+02      
1.2394313e+02 -1.7137089e+02      
1.2353980e+02 -1.7296709e+02      
1.2306164e+02 -1.7468824e+02      
1.2249318e+02 -1.7649530e+02      
1.2182507e+02 -1.7837244e+02      
1.2105605e+02 -1.8033743e+02      
1.2018734e+02 -1.8244503e+02      
1.1920665e+02 -1.8479588e+02      
1.1810209e+02 -1.8736805e+02      
1.1710449e+02 -1.8898432e+02      
1.1620973e+02 -1.8969355e+02      
1.1516107e+02 -1.9074339e+02      
1.1406468e+02 -1.9191002e+02      
1.1324388e+02 -1.9227836e+02      
1.1269856e+02 -1.9176775e+02      
1.1210920e+02 -1.9112054e+02      
1.1136573e+02 -1.9055267e+02      
1.1046680e+02 -1.9001441e+02      
1.0942093e+02 -1.8946523e+02      
1.0824106e+02 -1.8889185e+02      
1.0091355e+02 -1.8571075e+02      
1.0045908e+02 -1.8719302e+02      
9.9923435e+01 -1.8879174e+02      
9.9299794e+01 -1.9047740e+02      
9.8584104e+01 -1.9223270e+02      
9.7776058e+01 -1.9405528e+02      
9.6877490e+01 -1.9595230e+02      
9.5891224e+01 -1.9791601e+02      
9.4844211e+01 -1.9979873e+02      
9.3816785e+01 -2.0121990e+02      
9.2815960e+01 -2.0217247e+02      
9.1784415e+01 -2.0298310e+02      
9.0762303e+01 -2.0362053e+02      
8.9834268e+01 -2.0385068e+02      
8.8996123e+01 -2.0364134e+02      
8.8152962e+01 -2.0318764e+02      
8.7228237e+01 -2.0264192e+02      
8.6190996e+01 -2.0205157e+02      
8.5032091e+01 -2.0142830e+02      
8.3750631e+01 -2.0078626e+02      
