3.0420137e+01 2.3188672e+02      
3.0814792e+01 2.3051151e+02      
3.1636689e+01 2.2928970e+02      
3.2793124e+01 2.2827910e+02      
3.4152714e+01 2.2753733e+02      
3.5537735e+01 2.2711432e+02      
3.6714005e+01 2.2703682e+02      
3.7317325e+01 2.2725999e+02      
3.7017055e+01 2.2766359e+02      
3.6567060e+01 2.2830765e+02      
3.6418460e+01 2.2918020e+02      
3.6706982e+01 2.3022096e+02      
3.7487441e+01 2.3137146e+02      
3.8774093e+01 2.3257917e+02      
4.0549597e+01 2.3379612e+02      
4.2768922e+01 2.3497694e+02      
4.5370312e+01 2.3607788e+02      
4.8300764e+01 2.3705754e+02      
5.1542749e+01 2.3787838e+02      
5.5115093e+01 2.3850664e+02      
5.9445759e+01 2.2232906e+02      
6.0231709e+01 2.2090381e+02      
6.1518020e+01 2.1960793e+02      
6.3212113e+01 2.1851247e+02      
6.5171460e+01 2.1769677e+02      
6.7193375e+01 2.1724322e+02      
6.8962270e+01 2.1721959e+02      
6.9852802e+01 2.1760541e+02      
6.8235428e+01 2.1794757e+02      
6.6863783e+01 2.1862844e+02      
6.6108504e+01 2.1956233e+02      
6.5964140e+01 2.2064632e+02      
6.6436362e+01 2.2180875e+02      
6.7513768e+01 2.2299309e+02      
6.9156762e+01 2.2415091e+02      
7.1285000e+01 2.2523664e+02      
7.3777010e+01 2.2620435e+02      
7.6520201e+01 2.2700972e+02      
7.9490130e+01 2.2761578e+02      
8.2750935e+01 2.2799286e+02      
8.6975410e+01 2.0919415e+02      
8.8191894e+01 2.0768009e+02      
9.0012848e+01 2.0625964e+02      
9.2357979e+01 2.0501665e+02      
9.5088820e+01 2.0405578e+02      
9.7958939e+01 2.0350233e+02      
1.0042723e+02 2.0347497e+02      
1.0037538e+02 2.0382369e+02      
9.7709102e+01 2.0438768e+02      
9.5505600e+01 2.0525608e+02      
9.4144923e+01 2.0633161e+02      
9.3561567e+01 2.0751130e+02      
9.3727958e+01 2.0872259e+02      
9.4616247e+01 2.0991231e+02      
9.6179359e+01 2.1103750e+02      
9.8312193e+01 2.1205709e+02      
1.0078584e+02 2.1292188e+02      
1.0332292e+02 2.1357709e+02      
1.0589193e+02 2.1398703e+02      
1.0870777e+02 2.1413474e+02      
1.1248901e+02 1.9273004e+02      
1.1414883e+02 1.9108628e+02      
1.1655326e+02 1.8948064e+02      
1.1965135e+02 1.8800484e+02      
1.2328727e+02 1.8679272e+02      
1.2701484e+02 1.8602687e+02      
1.2879935e+02 1.8587948e+02      
1.2799159e+02 1.8631731e+02      
1.2465014e+02 1.8725873e+02      
1.2182004e+02 1.8844242e+02      
1.1992348e+02 1.8974364e+02      
1.1893322e+02 1.9107080e+02      
1.1881672e+02 1.9236338e+02      
1.1954328e+02 1.9358129e+02      
1.2109237e+02 1.9469515e+02      
1.2342351e+02 1.9568057e+02      
1.2619691e+02 1.9649061e+02      
1.2851962e+02 1.9702072e+02      
1.3035157e+02 1.9723815e+02      
1.3251390e+02 1.9717694e+02      
1.3547900e+02 1.7324998e+02      
1.3755133e+02 1.7144175e+02      
1.4055200e+02 1.6958534e+02      
1.4444276e+02 1.6778019e+02      
1.4889452e+02 1.6621811e+02      
1.5201145e+02 1.6530469e+02      
1.5323213e+02 1.6509699e+02      
1.5212716e+02 1.6564112e+02      
1.4862530e+02 1.6695037e+02      
1.4528974e+02 1.6853823e+02      
1.4290057e+02 1.7013943e+02      
1.4155599e+02 1.7165045e+02      
1.4119053e+02 1.7304241e+02      
1.4176218e+02 1.7429795e+02      
1.4328956e+02 1.7540543e+02      
1.4592941e+02 1.7636676e+02      
1.4966575e+02 1.7718638e+02      
1.5177673e+02 1.7761620e+02      
1.5220548e+02 1.7763197e+02      
1.5361197e+02 1.7740242e+02      
1.5546242e+02 1.5112987e+02      
1.5784590e+02 1.4914494e+02      
1.6136876e+02 1.4699007e+02      
1.6586143e+02 1.4481516e+02      
1.6960146e+02 1.4319390e+02      
1.7213006e+02 1.4220702e+02      
1.7311045e+02 1.4192639e+02      
1.7221383e+02 1.4246683e+02      
1.6939533e+02 1.4388783e+02      
1.6538038e+02 1.4600905e+02      
1.6257000e+02 1.4794475e+02      
1.6097239e+02 1.4963919e+02      
1.6040913e+02 1.5112548e+02      
1.6080735e+02 1.5241126e+02      
1.6217054e+02 1.5349804e+02      
1.6463944e+02 1.5438705e+02      
1.6817913e+02 1.5505236e+02      
1.7007391e+02 1.5541693e+02      
1.7027654e+02 1.5544767e+02      
1.7144022e+02 1.5514082e+02      
1.7201074e+02 1.2679494e+02      
1.7442534e+02 1.2470810e+02      
1.7815956e+02 1.2230716e+02      
1.8171291e+02 1.2028048e+02      
1.8466806e+02 1.1874071e+02      
1.8682662e+02 1.1769660e+02      
1.8793026e+02 1.1722745e+02      
1.8742815e+02 1.1765322e+02      
1.8513348e+02 1.1910210e+02      
1.8131797e+02 1.2149452e+02      
1.7850138e+02 1.2364234e+02      
1.7682895e+02 1.2546918e+02      
1.7614666e+02 1.2702106e+02      
1.7636858e+02 1.2831657e+02      
1.7744220e+02 1.2936233e+02      
1.7928689e+02 1.3016929e+02      
1.8149205e+02 1.3076285e+02      
1.8315829e+02 1.3110956e+02      
1.8429522e+02 1.3113027e+02      
1.8573146e+02 1.3078165e+02      
1.8487146e+02 1.0065483e+02      
1.8677784e+02 9.8682094e+01      
1.8930521e+02 9.6689995e+01      
1.9185678e+02 9.4958434e+01      
1.9410577e+02 9.3601727e+01      
1.9598892e+02 9.2571568e+01      
1.9756470e+02 9.1752753e+01      
1.9749180e+02 9.2019694e+01      
1.9589873e+02 9.3281722e+01      
1.9296986e+02 9.5498358e+01      
1.9050158e+02 9.7691396e+01      
1.8891396e+02 9.9589375e+01      
1.8820665e+02 1.0116414e+02      
1.8829550e+02 1.0244406e+02      
1.8910531e+02 1.0343094e+02      
1.9050273e+02 1.0412848e+02      
1.9205432e+02 1.0468675e+02      
1.9346796e+02 1.0508091e+02      
1.9488700e+02 1.0511305e+02      
1.9651492e+02 1.0474623e+02      
1.9406699e+02 7.3040077e+01      
1.9539874e+02 7.1185765e+01      
1.9706730e+02 6.9451865e+01      
1.9881462e+02 6.7981508e+01      
2.0041784e+02 6.6864675e+01      
2.0175324e+02 6.6115220e+01      
2.0264260e+02 6.5787825e+01      
2.0265364e+02 6.6127990e+01      
2.0184386e+02 6.7066521e+01      
2.0063818e+02 6.8333473e+01      
1.9852113e+02 7.0567406e+01      
1.9713766e+02 7.2457150e+01      
1.9650319e+02 7.3998710e+01      
1.9652685e+02 7.5241601e+01      
1.9714786e+02 7.6178070e+01      
1.9825183e+02 7.6815270e+01      
1.9949504e+02 7.7356928e+01      
2.0074711e+02 7.7779667e+01      
2.0217203e+02 7.7832425e+01      
2.0382719e+02 7.7469956e+01      
1.9969933e+02 4.4279104e+01      
2.0056865e+02 4.2453164e+01      
2.0165328e+02 4.0840863e+01      
2.0279627e+02 3.9563693e+01      
2.0384240e+02 3.8698751e+01      
2.0465855e+02 3.8277699e+01      
2.0510399e+02 3.8324459e+01      
2.0505454e+02 3.8857115e+01      
2.0454129e+02 3.9810873e+01      
2.0367192e+02 4.1121520e+01      
2.0248212e+02 4.2826127e+01      
2.0152644e+02 4.4500624e+01      
2.0104210e+02 4.5955958e+01      
2.0105600e+02 4.7152392e+01      
2.0155159e+02 4.8057990e+01      
2.0245689e+02 4.8672185e+01      
2.0351855e+02 4.9213788e+01      
2.0466505e+02 4.9658090e+01      
2.0603658e+02 4.9735043e+01      
2.0764396e+02 4.9396944e+01      
2.0183926e+02 1.4743729e+01      
2.0234778e+02 1.2835002e+01      
2.0299774e+02 1.1242260e+01      
2.0367739e+02 1.0100992e+01      
2.0427579e+02 9.4777514e+00      
2.0469537e+02 9.3742337e+00      
2.0485562e+02 9.7507538e+00      
2.0471067e+02 1.0537979e+01      
2.0427681e+02 1.1653884e+01      
2.0362170e+02 1.3023483e+01      
2.0287296e+02 1.4550958e+01      
2.0224431e+02 1.6070640e+01      
2.0190370e+02 1.7445674e+01      
2.0192577e+02 1.8606033e+01      
2.0232939e+02 1.9510710e+01      
2.0308296e+02 2.0148882e+01      
2.0402192e+02 2.0707774e+01      
2.0510201e+02 2.1160450e+01      
2.0641486e+02 2.1263895e+01      
2.0794915e+02 2.0972275e+01      
2.0055279e+02 -1.5165387e+01      
2.0078676e+02 -1.7307647e+01      
2.0110720e+02 -1.8996796e+01      
2.0142567e+02 -2.0049580e+01      
2.0166386e+02 -2.0416896e+01      
2.0176315e+02 -2.0162161e+01      
2.0168854e+02 -1.9388322e+01      
2.0143130e+02 -1.8274067e+01      
2.0101057e+02 -1.6937979e+01      
2.0047827e+02 -1.5462449e+01      
1.9992382e+02 -1.3934350e+01      
1.9946426e+02 -1.2456565e+01      
1.9920650e+02 -1.1121530e+01      
1.9922138e+02 -9.9804852e+00      
1.9954065e+02 -9.0493947e+00      
2.0015179e+02 -8.3113841e+00      
2.0099856e+02 -7.7162056e+00      
2.0205093e+02 -7.2934778e+00      
2.0331407e+02 -7.1516437e+00      
2.0477192e+02 -7.3645037e+00      
1.9592613e+02 -4.5025831e+01      
1.9596778e+02 -4.7642573e+01      
1.9604451e+02 -4.9594816e+01      
1.9607647e+02 -5.0590080e+01      
1.9600961e+02 -5.0604748e+01      
1.9582166e+02 -4.9867652e+01      
1.9552284e+02 -4.8538013e+01      
1.9513939e+02 -4.7015075e+01      
1.9468752e+02 -4.5402497e+01      
1.9419697e+02 -4.3760976e+01      
1.9372027e+02 -4.2148241e+01      
1.9332616e+02 -4.0635904e+01      
1.9308497e+02 -3.9313895e+01      
1.9306077e+02 -3.8196632e+01      
1.9329726e+02 -3.7259619e+01      
1.9380855e+02 -3.6471981e+01      
1.9458125e+02 -3.5820050e+01      
1.9559029e+02 -3.5337178e+01      
1.9680702e+02 -3.5097974e+01      
1.9819574e+02 -3.5181743e+01      
1.8806963e+02 -7.4356796e+01      
1.8802434e+02 -7.7928610e+01      
1.8793464e+02 -8.0410231e+01      
1.8773448e+02 -8.1359927e+01      
1.8738901e+02 -8.0757800e+01      
1.8689299e+02 -7.8995158e+01      
1.8635823e+02 -7.7024439e+01      
1.8584408e+02 -7.5042348e+01      
1.8533910e+02 -7.3119974e+01      
1.8484408e+02 -7.1282842e+01      
1.8438019e+02 -6.9550095e+01      
1.8398213e+02 -6.7960976e+01      
1.8369404e+02 -6.6677137e+01      
1.8358618e+02 -6.5628725e+01      
1.8372181e+02 -6.4734444e+01      
1.8414246e+02 -6.3930718e+01      
1.8485539e+02 -6.3197951e+01      
1.8583197e+02 -6.2579378e+01      
1.8701964e+02 -6.2165098e+01      
1.8835842e+02 -6.2053919e+01      
1.7706631e+02 -1.0233535e+02      
1.7705836e+02 -1.0766134e+02      
1.7682996e+02 -1.1088940e+02      
1.7643876e+02 -1.1179720e+02      
1.7586766e+02 -1.1036857e+02      
1.7502026e+02 -1.0679841e+02      
1.7428428e+02 -1.0387348e+02      
1.7366675e+02 -1.0139727e+02      
1.7311178e+02 -9.9180769e+01      
1.7259271e+02 -9.7167445e+01      
1.7210131e+02 -9.5351092e+01      
1.7162530e+02 -9.3886138e+01      
1.7122084e+02 -9.2755481e+01      
1.7096600e+02 -9.1872464e+01      
1.7095455e+02 -9.1104244e+01      
1.7127044e+02 -9.0320728e+01      
1.7194313e+02 -8.9472473e+01      
1.7292732e+02 -8.8630494e+01      
1.7412903e+02 -8.7944374e+01      
1.7545271e+02 -8.7559497e+01      
1.6296444e+02 -1.2754560e+02      
1.6264028e+02 -1.3365935e+02      
1.6219109e+02 -1.3730324e+02      
1.6165412e+02 -1.3816333e+02      
1.6102342e+02 -1.3622889e+02      
1.6023875e+02 -1.3179940e+02      
1.5947152e+02 -1.2825629e+02      
1.5881595e+02 -1.2543375e+02      
1.5823598e+02 -1.2302022e+02      
1.5768816e+02 -1.2091569e+02      
1.5710067e+02 -1.1923554e+02      
1.5648994e+02 -1.1797895e+02      
1.5589771e+02 -1.1711464e+02      
1.5540243e+02 -1.1654945e+02      
1.5515101e+02 -1.1606548e+02      
1.5532388e+02 -1.1537155e+02      
1.5599585e+02 -1.1434246e+02      
1.5707555e+02 -1.1312394e+02      
1.5837149e+02 -1.1202498e+02      
1.5973053e+02 -1.1127688e+02      
1.4612228e+02 -1.4917664e+02      
1.4538836e+02 -1.5527814e+02      
1.4469553e+02 -1.5888441e+02      
1.4405322e+02 -1.5968898e+02      
1.4346157e+02 -1.5768377e+02      
1.4289802e+02 -1.5316486e+02      
1.4220827e+02 -1.4954160e+02      
1.4157198e+02 -1.4666116e+02      
1.4098992e+02 -1.4422656e+02      
1.4035249e+02 -1.4228035e+02      
1.3964614e+02 -1.4080665e+02      
1.3886992e+02 -1.3980895e+02      
1.3802830e+02 -1.3930369e+02      
1.3715399e+02 -1.3927984e+02      
1.3644990e+02 -1.3944295e+02      
1.3639632e+02 -1.3898358e+02      
1.3715548e+02 -1.3763493e+02      
1.3854073e+02 -1.3568589e+02      
1.4006290e+02 -1.3396340e+02      
1.4150979e+02 -1.3277617e+02      
1.2703989e+02 -1.6687463e+02      
1.2604463e+02 -1.7213989e+02      
1.2520367e+02 -1.7524435e+02      
1.2449264e+02 -1.7598683e+02      
1.2391409e+02 -1.7435823e+02      
1.2348789e+02 -1.7054485e+02      
1.2285827e+02 -1.6740188e+02      
1.2225312e+02 -1.6477772e+02      
1.2159851e+02 -1.6262705e+02      
1.2087172e+02 -1.6092659e+02      
1.2005606e+02 -1.5968258e+02      
1.1912486e+02 -1.5893818e+02      
1.1802869e+02 -1.5878821e+02      
1.1667334e+02 -1.5943162e+02      
1.1512523e+02 -1.6087418e+02      
1.1475551e+02 -1.6077667e+02      
1.1570331e+02 -1.5898761e+02      
1.1778352e+02 -1.5568623e+02      
1.1963445e+02 -1.5322708e+02      
1.2117546e+02 -1.5162147e+02      
1.0614230e+02 -1.8076782e+02      
1.0524476e+02 -1.8415412e+02      
1.0440644e+02 -1.8640368e+02      
1.0365906e+02 -1.8708132e+02      
1.0300352e+02 -1.8617506e+02      
1.0240511e+02 -1.8409307e+02      
1.0175992e+02 -1.8184239e+02      
1.0108412e+02 -1.7978258e+02      
1.0036113e+02 -1.7801155e+02      
9.9568719e+01 -1.7658267e+02      
9.8681720e+01 -1.7554623e+02      
9.7656499e+01 -1.7497858e+02      
9.6408614e+01 -1.7501434e+02      
9.4761324e+01 -1.7591761e+02      
9.2736204e+01 -1.7766634e+02      
9.2155590e+01 -1.7767381e+02      
9.3187072e+01 -1.7570979e+02      
9.5609437e+01 -1.7203746e+02      
9.7611082e+01 -1.6925941e+02      
9.9153587e+01 -1.6741896e+02      
8.3646329e+01 -1.9165464e+02      
8.2807139e+01 -1.9396645e+02      
8.1990866e+01 -1.9556792e+02      
8.1220883e+01 -1.9618166e+02      
8.0498381e+01 -1.9579472e+02      
7.9801907e+01 -1.9465668e+02      
7.9098792e+01 -1.9317311e+02      
7.8371804e+01 -1.9164754e+02      
7.7606787e+01 -1.9024451e+02      
7.6784848e+01 -1.8906281e+02      
7.5880737e+01 -1.8817874e+02      
7.4854302e+01 -1.8767300e+02      
7.3633072e+01 -1.8765501e+02      
7.2062954e+01 -1.8830748e+02      
7.0116604e+01 -1.8959454e+02      
6.9545458e+01 -1.8940668e+02      
7.0446954e+01 -1.8757599e+02      
7.2672132e+01 -1.8430648e+02      
7.4473056e+01 -1.8172678e+02      
7.5856046e+01 -1.7989930e+02      
