1.9858544e+01 2.3742777e+02      
1.9417767e+01 2.3505122e+02      
1.9606959e+01 2.3272958e+02      
2.0407942e+01 2.3052547e+02      
2.1783685e+01 2.2850406e+02      
2.3672446e+01 2.2673278e+02      
2.5982257e+01 2.2528017e+02      
2.8586677e+01 2.2421289e+02      
3.1321962e+01 2.2358951e+02      
3.3990278e+01 2.2345019e+02      
3.6398186e+01 2.2381129e+02      
3.8556352e+01 2.2472414e+02      
4.0869372e+01 2.2638120e+02      
4.3631884e+01 2.2885279e+02      
4.5604490e+01 2.3055178e+02      
4.6785805e+01 2.3141224e+02      
4.7214036e+01 2.3137638e+02      
4.6992759e+01 2.3040287e+02      
4.7600183e+01 2.3000455e+02      
4.9068264e+01 2.3007670e+02      
4.7833337e+01 2.2774925e+02      
4.7594323e+01 2.2525390e+02      
4.8030792e+01 2.2277962e+02      
4.9135528e+01 2.2039265e+02      
5.0881363e+01 2.1816367e+02      
5.3211193e+01 2.1616875e+02      
5.6028081e+01 2.1448980e+02      
5.9187828e+01 2.1321292e+02      
6.2486074e+01 2.1242157e+02      
6.5635243e+01 2.1217899e+02      
6.8166926e+01 2.1245517e+02      
6.9688795e+01 2.1315909e+02      
7.1394239e+01 2.1469930e+02      
7.3868090e+01 2.1715725e+02      
7.5488712e+01 2.1883792e+02      
7.6215324e+01 2.1960572e+02      
7.6057496e+01 2.1938713e+02      
7.5100484e+01 2.1817593e+02      
7.5152387e+01 2.1755807e+02      
7.6209186e+01 2.1745383e+02      
7.4383301e+01 2.1451592e+02      
7.4343480e+01 2.1187887e+02      
7.5026380e+01 2.0922507e+02      
7.6442770e+01 2.0662262e+02      
7.8586270e+01 2.0414554e+02      
8.1416100e+01 2.0187657e+02      
8.4837637e+01 1.9991097e+02      
8.8701873e+01 1.9835874e+02      
9.2796529e+01 1.9734311e+02      
9.6729922e+01 1.9697667e+02      
9.9644871e+01 1.9723134e+02      
9.9319026e+01 1.9734059e+02      
9.9651828e+01 1.9839518e+02      
1.0111514e+02 2.0033051e+02      
1.0200507e+02 2.0174898e+02      
1.0223988e+02 2.0247941e+02      
1.0179030e+02 2.0243370e+02      
1.0067968e+02 2.0160321e+02      
1.0054766e+02 2.0119414e+02      
1.0135930e+02 2.0115312e+02      
9.9056333e+01 1.9797571e+02      
9.9196436e+01 1.9517517e+02      
1.0010299e+02 1.9231608e+02      
1.0181211e+02 1.8946591e+02      
1.0435586e+02 1.8669801e+02      
1.0773579e+02 1.8409627e+02      
1.1185777e+02 1.8176508e+02      
1.1656641e+02 1.7983814e+02      
1.2168085e+02 1.7847960e+02      
1.2652157e+02 1.7784113e+02      
1.2808319e+02 1.7750366e+02      
1.2616715e+02 1.7732800e+02      
1.2498360e+02 1.7789343e+02      
1.2474268e+02 1.7899194e+02      
1.2466462e+02 1.8005930e+02      
1.2442276e+02 1.8081977e+02      
1.2395458e+02 1.8117869e+02      
1.2344244e+02 1.8122063e+02      
1.2344417e+02 1.8130289e+02      
1.2414464e+02 1.8150721e+02      
1.2143624e+02 1.7843103e+02      
1.2171856e+02 1.7544824e+02      
1.2279806e+02 1.7236200e+02      
1.2473774e+02 1.6923657e+02      
1.2762691e+02 1.6613963e+02      
1.3159046e+02 1.6314443e+02      
1.3656333e+02 1.6034971e+02      
1.4204422e+02 1.5791699e+02      
1.4810087e+02 1.5601112e+02      
1.5197590e+02 1.5465683e+02      
1.5247527e+02 1.5387022e+02      
1.4952964e+02 1.5363796e+02      
1.4729490e+02 1.5395979e+02      
1.4598542e+02 1.5468040e+02      
1.4513935e+02 1.5556802e+02      
1.4448290e+02 1.5643958e+02      
1.4393903e+02 1.5719690e+02      
1.4360425e+02 1.5783434e+02      
1.4367659e+02 1.5841171e+02      
1.4429114e+02 1.5894862e+02      
1.4115444e+02 1.5623327e+02      
1.4152527e+02 1.5305420e+02      
1.4270005e+02 1.4972556e+02      
1.4475430e+02 1.4630692e+02      
1.4781009e+02 1.4285810e+02      
1.5215133e+02 1.3943365e+02      
1.5814572e+02 1.3608878e+02      
1.6366354e+02 1.3304009e+02      
1.6870088e+02 1.3040911e+02      
1.7210285e+02 1.2834255e+02      
1.7229167e+02 1.2715815e+02      
1.6906300e+02 1.2694105e+02      
1.6636974e+02 1.2718012e+02      
1.6449904e+02 1.2777455e+02      
1.6316611e+02 1.2865013e+02      
1.6217865e+02 1.2971868e+02      
1.6146775e+02 1.3086998e+02      
1.6107256e+02 1.3200239e+02      
1.6108217e+02 1.3304842e+02      
1.6157253e+02 1.3395764e+02      
1.5790035e+02 1.3177591e+02      
1.5829768e+02 1.2839246e+02      
1.5947766e+02 1.2481444e+02      
1.6150458e+02 1.2109648e+02      
1.6445922e+02 1.1729209e+02      
1.6843259e+02 1.1345660e+02      
1.7325780e+02 1.0967017e+02      
1.7811812e+02 1.0607248e+02      
1.8267626e+02 1.0278087e+02      
1.8663311e+02 9.9911396e+01      
1.8726297e+02 9.8257055e+01      
1.8471706e+02 9.7848981e+01      
1.8201898e+02 9.8029310e+01      
1.7989086e+02 9.8570529e+01      
1.7829457e+02 9.9501803e+01      
1.7705629e+02 1.0086863e+02      
1.7614040e+02 1.0250264e+02      
1.7558973e+02 1.0417441e+02      
1.7545669e+02 1.0571978e+02      
1.7578164e+02 1.0703801e+02      
1.7142787e+02 1.0548681e+02      
1.7179101e+02 1.0189703e+02      
1.7289474e+02 9.8071493e+01      
1.7478322e+02 9.4059878e+01      
1.7748492e+02 8.9906742e+01      
1.8096861e+02 8.5656617e+01      
1.8504035e+02 8.1374720e+01      
1.8931942e+02 7.7178372e+01      
1.9338129e+02 7.3264155e+01      
1.9646680e+02 7.0035093e+01      
1.9736939e+02 6.8045419e+01      
1.9680886e+02 6.6879629e+01      
1.9405066e+02 6.7060155e+01      
1.9190825e+02 6.7420734e+01      
1.9028567e+02 6.8289213e+01      
1.8882569e+02 7.0157334e+01      
1.8766788e+02 7.2492616e+01      
1.8691516e+02 7.4838174e+01      
1.8659970e+02 7.6954265e+01      
1.8673516e+02 7.8719574e+01      
1.8155693e+02 7.7819734e+01      
1.8183230e+02 7.4026974e+01      
1.8279680e+02 6.9964341e+01      
1.8448280e+02 6.5678517e+01      
1.8690102e+02 6.1201183e+01      
1.9001496e+02 5.6544935e+01      
1.9370355e+02 5.1721267e+01      
1.9773288e+02 4.6802632e+01      
2.0169886e+02 4.2042769e+01      
2.0479288e+02 3.8057901e+01      
2.0495793e+02 3.6305307e+01      
2.0391660e+02 3.5430856e+01      
2.0205996e+02 3.5033995e+01      
2.0035943e+02 3.4787209e+01      
1.9903266e+02 3.5161631e+01      
1.9725861e+02 3.7980289e+01      
1.9582221e+02 4.1353875e+01      
1.9484992e+02 4.4568990e+01      
1.9434405e+02 4.7334246e+01      
1.9428730e+02 4.9565043e+01      
1.8817207e+02 4.9245973e+01      
1.8831342e+02 4.5256020e+01      
1.8908926e+02 4.0972325e+01      
1.9053124e+02 3.6447237e+01      
1.9265733e+02 3.1705924e+01      
1.9546767e+02 2.6716397e+01      
1.9894844e+02 2.1370471e+01      
2.0300122e+02 1.5617506e+01      
2.0718632e+02 9.8377933e+00      
2.0964405e+02 5.7411320e+00      
2.0987777e+02 3.6610871e+00      
2.0823183e+02 3.2044448e+00      
2.0645581e+02 2.5335345e+00      
2.0504158e+02 1.5670353e+00      
2.0362095e+02 2.3160797e+00      
2.0203711e+02 5.2097366e+00      
2.0039931e+02 9.8195918e+00      
1.9924193e+02 1.4072644e+01      
1.9857106e+02 1.7512411e+01      
1.9834200e+02 2.0165274e+01      
1.9122110e+02 2.0247073e+01      
1.9118665e+02 1.6062529e+01      
1.9172889e+02 1.1569840e+01      
1.9288509e+02 6.8464413e+00      
1.9468643e+02 1.9430053e+00      
1.9716276e+02 -3.1866308e+00      
2.0040030e+02 -8.7990976e+00      
2.0449815e+02 -1.5270610e+01      
2.0799144e+02 -2.1043962e+01      
2.1002470e+02 -2.5171499e+01      
2.1028887e+02 -2.7383310e+01      
2.0902382e+02 -2.8212604e+01      
2.0704025e+02 -2.8979534e+01      
2.0544737e+02 -2.9540924e+01      
2.0401181e+02 -2.8570807e+01      
2.0260107e+02 -2.5581377e+01      
2.0122145e+02 -2.0927296e+01      
1.9999320e+02 -1.5711097e+01      
1.9922451e+02 -1.1805358e+01      
1.9886379e+02 -8.8916058e+00      
1.9071507e+02 -8.6890754e+00      
1.9046503e+02 -1.3075984e+01      
1.9072715e+02 -1.7788460e+01      
1.9154824e+02 -2.2698103e+01      
1.9297236e+02 -2.7657355e+01      
1.9502451e+02 -3.2625002e+01      
1.9769698e+02 -3.7812644e+01      
2.0086322e+02 -4.3457419e+01      
2.0403657e+02 -4.9354799e+01      
2.0585616e+02 -5.3491693e+01      
2.0605594e+02 -5.5427417e+01      
2.0483239e+02 -5.5685641e+01      
2.0337526e+02 -5.6397140e+01      
2.0194728e+02 -5.7438130e+01      
2.0058688e+02 -5.6574669e+01      
1.9933162e+02 -5.3369901e+01      
1.9814155e+02 -4.8357109e+01      
1.9709671e+02 -4.3756427e+01      
1.9633429e+02 -4.0012220e+01      
1.9588694e+02 -3.7084924e+01      
1.8672981e+02 -3.7066681e+01      
1.8622554e+02 -4.1676807e+01      
1.8615568e+02 -4.6663640e+01      
1.8658210e+02 -5.1845286e+01      
1.8757770e+02 -5.6874364e+01      
1.8918240e+02 -6.1341993e+01      
1.9128196e+02 -6.5667780e+01      
1.9365981e+02 -7.0149243e+01      
1.9596971e+02 -7.4734812e+01      
1.9767221e+02 -7.8828613e+01      
1.9780767e+02 -8.0251803e+01      
1.9724086e+02 -8.1126545e+01      
1.9633270e+02 -8.1892647e+01      
1.9519165e+02 -8.2283147e+01      
1.9389113e+02 -8.1638371e+01      
1.9278689e+02 -7.8111542e+01      
1.9171969e+02 -7.4011439e+01      
1.9077268e+02 -7.0136272e+01      
1.9002578e+02 -6.6777421e+01      
1.8951502e+02 -6.4007931e+01      
1.7940869e+02 -6.4375508e+01      
1.7861515e+02 -6.9230040e+01      
1.7815143e+02 -7.4589082e+01      
1.7810332e+02 -8.0234558e+01      
1.7861547e+02 -8.5614182e+01      
1.7984866e+02 -8.9131313e+01      
1.8155007e+02 -9.2289448e+01      
1.8341162e+02 -9.5514865e+01      
1.8512549e+02 -9.8792209e+01      
1.8636162e+02 -1.0171308e+02      
1.8683947e+02 -1.0369275e+02      
1.8680538e+02 -1.0524260e+02      
1.8641866e+02 -1.0639890e+02      
1.8556155e+02 -1.0629207e+02      
1.8435522e+02 -1.0456381e+02      
1.8319085e+02 -1.0155651e+02      
1.8214337e+02 -9.8161765e+01      
1.8122792e+02 -9.4865193e+01      
1.8047576e+02 -9.1888128e+01      
1.7990746e+02 -8.9337447e+01      
1.6896577e+02 -9.0085385e+01      
1.6786255e+02 -9.5167679e+01      
1.6693820e+02 -1.0097535e+02      
1.6632983e+02 -1.0716872e+02      
1.6642533e+02 -1.1211374e+02      
1.6728333e+02 -1.1540713e+02      
1.6880233e+02 -1.1729180e+02      
1.7041346e+02 -1.1927369e+02      
1.7179989e+02 -1.2150076e+02      
1.7280153e+02 -1.2372316e+02      
1.7338285e+02 -1.2575705e+02      
1.7368727e+02 -1.2782839e+02      
1.7387851e+02 -1.3004812e+02      
1.7322327e+02 -1.2971482e+02      
1.7182387e+02 -1.2670890e+02      
1.7060120e+02 -1.2363324e+02      
1.6955978e+02 -1.2063554e+02      
1.6865603e+02 -1.1775854e+02      
1.6788959e+02 -1.1511223e+02      
1.6726751e+02 -1.1278379e+02      
1.5568277e+02 -1.1366142e+02      
1.5431676e+02 -1.1879171e+02      
1.5291308e+02 -1.2494454e+02      
1.5192706e+02 -1.3071449e+02      
1.5166208e+02 -1.3526524e+02      
1.5221669e+02 -1.3826893e+02      
1.5345681e+02 -1.3988793e+02      
1.5499154e+02 -1.4080403e+02      
1.5615537e+02 -1.4230940e+02      
1.5696994e+02 -1.4405879e+02      
1.5749044e+02 -1.4585450e+02      
1.5781997e+02 -1.4782162e+02      
1.5802287e+02 -1.4998047e+02      
1.5748422e+02 -1.4957710e+02      
1.5627899e+02 -1.4658573e+02      
1.5515636e+02 -1.4373852e+02      
1.5416679e+02 -1.4108771e+02      
1.5328438e+02 -1.3855686e+02      
1.5250710e+02 -1.3619587e+02      
1.5183827e+02 -1.3407238e+02      
1.3986651e+02 -1.3467431e+02      
1.3841563e+02 -1.3938502e+02      
1.3696595e+02 -1.4472029e+02      
1.3557237e+02 -1.5030383e+02      
1.3496455e+02 -1.5457902e+02      
1.3533753e+02 -1.5717330e+02      
1.3648384e+02 -1.5829764e+02      
1.3755110e+02 -1.5938504e+02      
1.3838205e+02 -1.6069110e+02      
1.3896334e+02 -1.6212133e+02      
1.3931796e+02 -1.6354599e+02      
1.3947314e+02 -1.6488126e+02      
1.3939025e+02 -1.6578355e+02      
1.3890457e+02 -1.6536308e+02      
1.3806730e+02 -1.6361778e+02      
1.3713842e+02 -1.6144311e+02      
1.3623560e+02 -1.5920716e+02      
1.3538778e+02 -1.5699890e+02      
1.3460743e+02 -1.5488950e+02      
1.3390123e+02 -1.5294714e+02      
1.2179046e+02 -1.5292350e+02      
1.2034788e+02 -1.5706199e+02      
1.1897202e+02 -1.6153356e+02      
1.1770625e+02 -1.6608096e+02      
1.1676549e+02 -1.7013776e+02      
1.1705532e+02 -1.7228666e+02      
1.1763068e+02 -1.7380635e+02      
1.1820617e+02 -1.7513817e+02      
1.1867362e+02 -1.7642055e+02      
1.1899018e+02 -1.7764208e+02      
1.1913954e+02 -1.7872763e+02      
1.1911015e+02 -1.7955081e+02      
1.1887282e+02 -1.7988033e+02      
1.1839576e+02 -1.7945467e+02      
1.1771301e+02 -1.7828133e+02      
1.1691990e+02 -1.7664007e+02      
1.1609633e+02 -1.7478496e+02      
1.1528498e+02 -1.7286253e+02      
1.1450719e+02 -1.7096880e+02      
1.1377315e+02 -1.6917896e+02      
1.0172364e+02 -1.6831444e+02      
1.0031691e+02 -1.7190496e+02      
9.9023548e+01 -1.7564725e+02      
9.7904335e+01 -1.7931993e+02      
9.7119937e+01 -1.8254666e+02      
9.6891444e+01 -1.8490116e+02      
9.6956897e+01 -1.8668504e+02      
9.7109738e+01 -1.8815448e+02      
9.7245931e+01 -1.8941544e+02      
9.7305616e+01 -1.9048730e+02      
9.7254395e+01 -1.9132944e+02      
9.7069378e+01 -1.9185633e+02      
9.6732179e+01 -1.9195090e+02      
9.6236480e+01 -1.9151993e+02      
9.5603527e+01 -1.9057641e+02      
9.4878532e+01 -1.8924113e+02      
9.4108196e+01 -1.8766270e+02      
9.3326422e+01 -1.8596467e+02      
9.2553788e+01 -1.8424235e+02      
9.1800877e+01 -1.8257175e+02      
7.9966403e+01 -1.8075507e+02      
7.8593839e+01 -1.8386657e+02      
7.7347933e+01 -1.8703779e+02      
7.6283103e+01 -1.9009483e+02      
7.5475211e+01 -1.9282722e+02      
7.4963462e+01 -1.9508879e+02      
7.4675741e+01 -1.9691120e+02      
7.4503501e+01 -1.9839266e+02      
7.4362918e+01 -1.9959808e+02      
7.4196753e+01 -2.0054626e+02      
7.3967111e+01 -2.0121748e+02      
7.3648980e+01 -2.0156538e+02      
7.3227327e+01 -2.0153509e+02      
7.2699020e+01 -2.0109297e+02      
7.2075813e+01 -2.0025543e+02      
7.1381455e+01 -1.9909039e+02      
7.0643008e+01 -1.9769123e+02      
6.9883275e+01 -1.9615116e+02      
6.9117847e+01 -1.9455253e+02      
6.8355112e+01 -1.9296562e+02      
