3.5478686e+01 2.2516158e+02      
3.6444846e+01 2.2431106e+02      
3.7849518e+01 2.2364181e+02      
3.9559753e+01 2.2317347e+02      
4.1281813e+01 2.2289770e+02      
4.2608542e+01 2.2278164e+02      
4.3266682e+01 2.2280474e+02      
4.3217172e+01 2.2296719e+02      
4.2669033e+01 2.2329125e+02      
4.1995862e+01 2.2381460e+02      
4.1480445e+01 2.2454980e+02      
4.1240807e+01 2.2546490e+02      
4.1281074e+01 2.2647422e+02      
4.1510102e+01 2.2739014e+02      
4.1808484e+01 2.2797153e+02      
4.2341787e+01 2.2841349e+02      
4.3258466e+01 2.2885995e+02      
4.4641695e+01 2.2935661e+02      
4.6531490e+01 2.2990308e+02      
4.8939048e+01 2.3047209e+02      
6.5267436e+01 2.1577841e+02      
6.6668333e+01 2.1498411e+02      
6.8675321e+01 2.1437491e+02      
7.1253652e+01 2.1399412e+02      
7.4027885e+01 2.1383414e+02      
7.6020785e+01 2.1377612e+02      
7.6805224e+01 2.1379471e+02      
7.6314422e+01 2.1388932e+02      
7.4875412e+01 2.1408832e+02      
7.3443544e+01 2.1452399e+02      
7.2426993e+01 2.1523680e+02      
7.1889307e+01 2.1620592e+02      
7.1767089e+01 2.1734085e+02      
7.1846869e+01 2.1837497e+02      
7.1603203e+01 2.1844580e+02      
7.1576074e+01 2.1836529e+02      
7.1998007e+01 2.1835419e+02      
7.2966953e+01 2.1845943e+02      
7.4504357e+01 2.1865814e+02      
7.6597790e+01 2.1890131e+02      
9.3436479e+01 2.0284858e+02      
9.5229674e+01 2.0207750e+02      
9.7815059e+01 2.0149175e+02      
1.0140840e+02 2.0117365e+02      
1.0597684e+02 2.0120274e+02      
1.0884870e+02 2.0119305e+02      
1.0981773e+02 2.0121066e+02      
1.0875594e+02 2.0124674e+02      
1.0568325e+02 2.0123229e+02      
1.0328509e+02 2.0156446e+02      
1.0173573e+02 2.0226065e+02      
1.0095235e+02 2.0332924e+02      
1.0074621e+02 2.0463989e+02      
1.0043362e+02 2.0539310e+02      
9.9880383e+01 2.0538548e+02      
9.9198729e+01 2.0476175e+02      
9.9044035e+01 2.0427544e+02      
9.9567618e+01 2.0401498e+02      
1.0074488e+02 2.0391484e+02      
1.0251467e+02 2.0388560e+02      
1.1945648e+02 1.8658929e+02      
1.2151151e+02 1.8579742e+02      
1.2444587e+02 1.8517250e+02      
1.2858123e+02 1.8477817e+02      
1.3390760e+02 1.8464518e+02      
1.3733245e+02 1.8459020e+02      
1.3859581e+02 1.8463429e+02      
1.3744821e+02 1.8473657e+02      
1.3376598e+02 1.8481722e+02      
1.3069445e+02 1.8507476e+02      
1.2863359e+02 1.8568275e+02      
1.2764101e+02 1.8679619e+02      
1.2701778e+02 1.8780432e+02      
1.2635274e+02 1.8833168e+02      
1.2549181e+02 1.8823112e+02      
1.2452683e+02 1.8758341e+02      
1.2380317e+02 1.8670854e+02      
1.2394476e+02 1.8619062e+02      
1.2480633e+02 1.8588293e+02      
1.2627005e+02 1.8565682e+02      
1.4288150e+02 1.6727594e+02      
1.4502170e+02 1.6641729e+02      
1.4796857e+02 1.6570067e+02      
1.5196598e+02 1.6516380e+02      
1.5703203e+02 1.6479820e+02      
1.6052713e+02 1.6468124e+02      
1.6229806e+02 1.6481418e+02      
1.6194503e+02 1.6511368e+02      
1.5862678e+02 1.6530449e+02      
1.5508930e+02 1.6532685e+02      
1.5236737e+02 1.6560008e+02      
1.5067455e+02 1.6624707e+02      
1.4981914e+02 1.6708569e+02      
1.4891546e+02 1.6746959e+02      
1.4773118e+02 1.6724773e+02      
1.4639792e+02 1.6649064e+02      
1.4567968e+02 1.6577587e+02      
1.4566986e+02 1.6523687e+02      
1.4630324e+02 1.6483890e+02      
1.4749717e+02 1.6450355e+02      
1.6337623e+02 1.4523611e+02      
1.6545387e+02 1.4426505e+02      
1.6815278e+02 1.4342257e+02      
1.7147829e+02 1.4276465e+02      
1.7513333e+02 1.4233630e+02      
1.7827304e+02 1.4220470e+02      
1.8071032e+02 1.4245694e+02      
1.8229766e+02 1.4312412e+02      
1.8040697e+02 1.4318686e+02      
1.7604829e+02 1.4262219e+02      
1.7260949e+02 1.4247377e+02      
1.7027555e+02 1.4269391e+02      
1.6878284e+02 1.4308881e+02      
1.6775738e+02 1.4338229e+02      
1.6628008e+02 1.4305972e+02      
1.6512914e+02 1.4253969e+02      
1.6450991e+02 1.4200515e+02      
1.6445637e+02 1.4153233e+02      
1.6493535e+02 1.4112966e+02      
1.6589571e+02 1.4076681e+02      
1.8070606e+02 1.2084188e+02      
1.8265211e+02 1.1970445e+02      
1.8503172e+02 1.1869118e+02      
1.8774235e+02 1.1789086e+02      
1.9058067e+02 1.1737151e+02      
1.9333487e+02 1.1717537e+02      
1.9606755e+02 1.1735515e+02      
1.9855754e+02 1.1786089e+02      
1.9733889e+02 1.1777819e+02      
1.9283355e+02 1.1710162e+02      
1.8904152e+02 1.1673805e+02      
1.8631806e+02 1.1668677e+02      
1.8437935e+02 1.1678685e+02      
1.8292207e+02 1.1684335e+02      
1.8163901e+02 1.1666339e+02      
1.8068427e+02 1.1632398e+02      
1.8016974e+02 1.1592046e+02      
1.8011171e+02 1.1551675e+02      
1.8048484e+02 1.1514731e+02      
1.8123906e+02 1.1482216e+02      
1.9470308e+02 9.4506788e+01      
1.9652418e+02 9.3129872e+01      
1.9863969e+02 9.1869148e+01      
2.0089952e+02 9.0869523e+01      
2.0316110e+02 9.0231111e+01      
2.0543681e+02 8.9934406e+01      
2.0795620e+02 8.9917839e+01      
2.1052638e+02 9.0058618e+01      
2.0952567e+02 8.9833276e+01      
2.0518044e+02 8.9254238e+01      
2.0143511e+02 8.8850227e+01      
1.9863687e+02 8.8681139e+01      
1.9653845e+02 8.8661783e+01      
1.9494929e+02 8.8662005e+01      
1.9375007e+02 8.8565020e+01      
1.9293577e+02 8.8332434e+01      
1.9252253e+02 8.7999500e+01      
1.9248833e+02 8.7639088e+01      
1.9280340e+02 8.7297694e+01      
1.9339338e+02 8.7036021e+01      
2.0523423e+02 6.6690239e+01      
2.0698743e+02 6.4973839e+01      
2.0896160e+02 6.3332221e+01      
2.1091713e+02 6.2021913e+01      
2.1255090e+02 6.1321951e+01      
2.1410140e+02 6.0998976e+01      
2.1586540e+02 6.0825619e+01      
2.1776669e+02 6.0621799e+01      
2.1677242e+02 6.0240429e+01      
2.1301461e+02 5.9732690e+01      
2.0972344e+02 5.9313728e+01      
2.0712801e+02 5.9117227e+01      
2.0509340e+02 5.9117409e+01      
2.0353818e+02 5.9195585e+01      
2.0241707e+02 5.9213856e+01      
2.0173005e+02 5.9056025e+01      
2.0145874e+02 5.8706758e+01      
2.0147592e+02 5.8353247e+01      
2.0175820e+02 5.8035804e+01      
2.0228082e+02 5.7786318e+01      
2.1218045e+02 3.7910110e+01      
2.1394634e+02 3.5729662e+01      
2.1593846e+02 3.3514814e+01      
2.1783758e+02 3.1662171e+01      
2.1862148e+02 3.1116157e+01      
2.1920683e+02 3.0956115e+01      
2.1977516e+02 3.0789341e+01      
2.1998897e+02 3.0431256e+01      
2.1889585e+02 2.9845911e+01      
2.1655743e+02 2.9146398e+01      
2.1403460e+02 2.8590297e+01      
2.1179371e+02 2.8408050e+01      
2.0993673e+02 2.8559655e+01      
2.0848901e+02 2.8858292e+01      
2.0745752e+02 2.9110435e+01      
2.0688117e+02 2.9109776e+01      
2.0682349e+02 2.8658124e+01      
2.0688417e+02 2.8331951e+01      
2.0708069e+02 2.8086185e+01      
2.0722813e+02 2.8250311e+01      
2.1542471e+02 8.7621813e+00      
2.1725804e+02 6.0080935e+00      
2.1932867e+02 3.0918981e+00      
2.2071694e+02 1.1191236e+00      
2.2116794e+02 3.1934162e-01      
2.2079933e+02 4.8211674e-01      
2.2033459e+02 4.7810278e-01      
2.1963457e+02 2.2357043e-02      
2.1839658e+02 -8.6756568e-01      
2.1662966e+02 -2.0364060e+00      
2.1465312e+02 -3.0287754e+00      
2.1272065e+02 -3.0995864e+00      
2.1105360e+02 -2.5937968e+00      
2.0973663e+02 -1.8873847e+00      
2.0878497e+02 -1.2197153e+00      
2.0820595e+02 -7.7363190e-01      
2.0797029e+02 -6.2849179e-01      
2.0796135e+02 -6.9992865e-01      
2.0816520e+02 -1.0459618e+00      
2.0818328e+02 -8.0711484e-01      
2.1482876e+02 -2.0021593e+01      
2.1667770e+02 -2.3326674e+01      
2.1829623e+02 -2.6334411e+01      
2.1926449e+02 -2.8434031e+01      
2.1940494e+02 -2.9422943e+01      
2.1876078e+02 -2.9505646e+01      
2.1759462e+02 -2.9313943e+01      
2.1642502e+02 -2.9944539e+01      
2.1504952e+02 -3.1259298e+01      
2.1344504e+02 -3.3183818e+01      
2.1177645e+02 -3.5350478e+01      
2.0998415e+02 -3.5035682e+01      
2.0848044e+02 -3.3894395e+01      
2.0730756e+02 -3.2555515e+01      
2.0644362e+02 -3.1302024e+01      
2.0586060e+02 -3.0276430e+01      
2.0551656e+02 -2.9547172e+01      
2.0536039e+02 -2.9126912e+01      
2.0533829e+02 -2.8979621e+01      
2.0532924e+02 -2.8871279e+01      
2.1029476e+02 -4.7655503e+01      
2.1162423e+02 -5.0631343e+01      
2.1295876e+02 -5.3888228e+01      
2.1362513e+02 -5.6172074e+01      
2.1347086e+02 -5.7208781e+01      
2.1253818e+02 -5.7288027e+01      
2.1136383e+02 -5.7719621e+01      
2.1005428e+02 -5.8795084e+01      
2.0857598e+02 -6.0575087e+01      
2.0692925e+02 -6.3147386e+01      
2.0521287e+02 -6.6185757e+01      
2.0359706e+02 -6.6672642e+01      
2.0228182e+02 -6.4769029e+01      
2.0129674e+02 -6.2609321e+01      
2.0055928e+02 -6.0651949e+01      
2.0002203e+02 -5.8992170e+01      
1.9963644e+02 -5.7695270e+01      
1.9935979e+02 -5.6772141e+01      
1.9915564e+02 -5.6148626e+01      
1.9896968e+02 -5.5656007e+01      
2.0216183e+02 -7.3970377e+01      
2.0302281e+02 -7.6521470e+01      
2.0380296e+02 -7.9240445e+01      
2.0423617e+02 -8.1719897e+01      
2.0384372e+02 -8.2698765e+01      
2.0300596e+02 -8.3474886e+01      
2.0188766e+02 -8.4511064e+01      
2.0054822e+02 -8.6028056e+01      
1.9899466e+02 -8.8171581e+01      
1.9722653e+02 -9.1118932e+01      
1.9532123e+02 -9.4607256e+01      
1.9375222e+02 -9.5650253e+01      
1.9261316e+02 -9.4298072e+01      
1.9187935e+02 -9.1371759e+01      
1.9130133e+02 -8.8771148e+01      
1.9087664e+02 -8.6395956e+01      
1.9049632e+02 -8.4545823e+01      
1.9013584e+02 -8.3212392e+01      
1.8979806e+02 -8.2249292e+01      
1.8947394e+02 -8.1533006e+01      
1.9075935e+02 -9.8790525e+01      
1.9126391e+02 -1.0097710e+02      
1.9162976e+02 -1.0321714e+02      
1.9169542e+02 -1.0524018e+02      
1.9129859e+02 -1.0672214e+02      
1.9051874e+02 -1.0802795e+02      
1.8943650e+02 -1.0947987e+02      
1.8808853e+02 -1.1128204e+02      
1.8648518e+02 -1.1359656e+02      
1.8462102e+02 -1.1658566e+02      
1.8257011e+02 -1.2001161e+02      
1.8107680e+02 -1.2107056e+02      
1.8012672e+02 -1.1992125e+02      
1.7945327e+02 -1.1763336e+02      
1.7896287e+02 -1.1494009e+02      
1.7871111e+02 -1.1176440e+02      
1.7832660e+02 -1.0954465e+02      
1.7788381e+02 -1.0797315e+02      
1.7743036e+02 -1.0681295e+02      
1.7697922e+02 -1.0595858e+02      
1.7636613e+02 -1.2185284e+02      
1.7661563e+02 -1.2376953e+02      
1.7670965e+02 -1.2570433e+02      
1.7655763e+02 -1.2752490e+02      
1.7609453e+02 -1.2916194e+02      
1.7531852e+02 -1.3071711e+02      
1.7425387e+02 -1.3236363e+02      
1.7291222e+02 -1.3426521e+02      
1.7128295e+02 -1.3657298e+02      
1.6940131e+02 -1.3930327e+02      
1.6748002e+02 -1.4196273e+02      
1.6620630e+02 -1.4249228e+02      
1.6559131e+02 -1.4085680e+02      
1.6495959e+02 -1.3888717e+02      
1.6438525e+02 -1.3664476e+02      
1.6389575e+02 -1.3425608e+02      
1.6338148e+02 -1.3222672e+02      
1.6282887e+02 -1.3063405e+02      
1.6225796e+02 -1.2939512e+02      
1.6168001e+02 -1.2845396e+02      
1.5926102e+02 -1.4286241e+02      
1.5933048e+02 -1.4458289e+02      
1.5924694e+02 -1.4632507e+02      
1.5895748e+02 -1.4802259e+02      
1.5842436e+02 -1.4964981e+02      
1.5763483e+02 -1.5124738e+02      
1.5659114e+02 -1.5290159e+02      
1.5529058e+02 -1.5471766e+02      
1.5368852e+02 -1.5684991e+02      
1.5177860e+02 -1.5932829e+02      
1.5057719e+02 -1.6017193e+02      
1.4951271e+02 -1.6019403e+02      
1.4867988e+02 -1.5920691e+02      
1.4793132e+02 -1.5770700e+02      
1.4722558e+02 -1.5595138e+02      
1.4655670e+02 -1.5410791e+02      
1.4589398e+02 -1.5238125e+02      
1.4521883e+02 -1.5088520e+02      
1.4452948e+02 -1.4964259e+02      
1.4382792e+02 -1.4865054e+02      
1.3973943e+02 -1.6152153e+02      
1.3968132e+02 -1.6309122e+02      
1.3947735e+02 -1.6468634e+02      
1.3909496e+02 -1.6626588e+02      
1.3851072e+02 -1.6781147e+02      
1.3771444e+02 -1.6933449e+02      
1.3670690e+02 -1.7086724e+02      
1.3549474e+02 -1.7244418e+02      
1.3409463e+02 -1.7406787e+02      
1.3263557e+02 -1.7549939e+02      
1.3141792e+02 -1.7613628e+02      
1.3035030e+02 -1.7608278e+02      
1.2939473e+02 -1.7541880e+02      
1.2852093e+02 -1.7429724e+02      
1.2769658e+02 -1.7290068e+02      
1.2690175e+02 -1.7138409e+02      
1.2611768e+02 -1.6988413e+02      
1.2532988e+02 -1.6849785e+02      
1.2453049e+02 -1.6727795e+02      
1.2371517e+02 -1.6625133e+02      
1.1812139e+02 -1.7755489e+02      
1.1797197e+02 -1.7899977e+02      
1.1768465e+02 -1.8046630e+02      
1.1723954e+02 -1.8192281e+02      
1.1662306e+02 -1.8334923e+02      
1.1583075e+02 -1.8473810e+02      
1.1486834e+02 -1.8608708e+02      
1.1375397e+02 -1.8738133e+02      
1.1252889e+02 -1.8855943e+02      
1.1127797e+02 -1.8946508e+02      
1.1009540e+02 -1.8991031e+02      
1.0900296e+02 -1.8984452e+02      
1.0798809e+02 -1.8931201e+02      
1.0703376e+02 -1.8840421e+02      
1.0612099e+02 -1.8723789e+02      
1.0523292e+02 -1.8592945e+02      
1.0435467e+02 -1.8458264e+02      
1.0347380e+02 -1.8327947e+02      
1.0258079e+02 -1.8207761e+02      
1.0166807e+02 -1.8101602e+02      
9.4753076e+01 -1.9072498e+02      
9.4537463e+01 -1.9206086e+02      
9.4191890e+01 -1.9340836e+02      
9.3705107e+01 -1.9473908e+02      
9.3070710e+01 -1.9603001e+02      
9.2289347e+01 -1.9726238e+02      
9.1370554e+01 -1.9841587e+02      
9.0335186e+01 -1.9945769e+02      
8.9219037e+01 -2.0032862e+02      
8.8072282e+01 -2.0093957e+02      
8.6942877e+01 -2.0120365e+02      
8.5855865e+01 -2.0108273e+02      
8.4815393e+01 -2.0059390e+02      
8.3815328e+01 -1.9979303e+02      
8.2845099e+01 -1.9875791e+02      
8.1892831e+01 -1.9757297e+02      
8.0946785e+01 -1.9631827e+02      
7.9996055e+01 -1.9506247e+02      
7.9030816e+01 -1.9386018e+02      
7.8041975e+01 -1.9275329e+02      
