1.4599299e+01 2.1932258e+02      
1.5127075e+01 2.1654505e+02      
1.6103281e+01 2.1398400e+02      
1.7463832e+01 2.1169209e+02      
1.9142739e+01 2.0971975e+02      
2.1078015e+01 2.0811514e+02      
2.3218032e+01 2.0692400e+02      
2.5527404e+01 2.0618940e+02      
2.7990646e+01 2.0595075e+02      
3.0611000e+01 2.0624091e+02      
3.3401144e+01 2.0707903e+02      
3.6364056e+01 2.0845871e+02      
3.9473718e+01 2.1035217e+02      
4.2614339e+01 2.1254868e+02      
4.5339827e+01 2.1366103e+02      
4.7992412e+01 2.1491104e+02      
5.0581848e+01 2.1633148e+02      
5.3010748e+01 2.1772955e+02      
5.5104760e+01 2.1874730e+02      
5.6737990e+01 2.1898365e+02      
4.4779951e+01 2.0853315e+02      
4.5693282e+01 2.0572879e+02      
4.7051453e+01 2.0312327e+02      
4.8775132e+01 2.0077140e+02      
5.0781326e+01 1.9872660e+02      
5.2991506e+01 1.9704124e+02      
5.5340923e+01 1.9576722e+02      
5.7788754e+01 1.9495716e+02      
6.0326809e+01 1.9466576e+02      
6.2982934e+01 1.9495029e+02      
6.5812746e+01 1.9586570e+02      
6.8867418e+01 1.9744337e+02      
7.2127602e+01 1.9962376e+02      
7.5383180e+01 2.0199372e+02      
7.8037180e+01 2.0317464e+02      
8.0563974e+01 2.0438304e+02      
8.3071620e+01 2.0587914e+02      
8.5411716e+01 2.0748538e+02      
8.7187087e+01 2.0861934e+02      
8.7626028e+01 2.0759004e+02      
7.3738381e+01 1.9430814e+02      
7.5092435e+01 1.9146495e+02      
7.6891375e+01 1.8880155e+02      
7.9035099e+01 1.8637362e+02      
8.1416756e+01 1.8423647e+02      
8.3933276e+01 1.8244543e+02      
8.6497269e+01 1.8105645e+02      
8.9053744e+01 1.8012929e+02      
9.1597860e+01 1.7973224e+02      
9.4186992e+01 1.7994840e+02      
9.6951497e+01 1.8088887e+02      
1.0003826e+02 1.8265177e+02      
1.0343824e+02 1.8514565e+02      
1.0660916e+02 1.8737734e+02      
1.0941902e+02 1.8904364e+02      
1.1183426e+02 1.9027603e+02      
1.1435288e+02 1.9198134e+02      
1.1670482e+02 1.9391663e+02      
1.1750641e+02 1.9414849e+02      
1.1671377e+02 1.9234425e+02      
1.0100116e+02 1.7689178e+02      
1.0285916e+02 1.7399787e+02      
1.0517199e+02 1.7126330e+02      
1.0781023e+02 1.6874252e+02      
1.1063434e+02 1.6649164e+02      
1.1350749e+02 1.6456792e+02      
1.1630376e+02 1.6302722e+02      
1.1893491e+02 1.6193015e+02      
1.2139005e+02 1.6135353e+02      
1.2374035e+02 1.6138839e+02      
1.2619204e+02 1.6218927e+02      
1.2909978e+02 1.6397820e+02      
1.3205173e+02 1.6607529e+02      
1.3508267e+02 1.6827210e+02      
1.3814439e+02 1.7042236e+02      
1.4092904e+02 1.7234884e+02      
1.4353792e+02 1.7431489e+02      
1.4518405e+02 1.7558798e+02      
1.4512242e+02 1.7530406e+02      
1.4325993e+02 1.7324718e+02      
1.2610668e+02 1.5657806e+02      
1.2854308e+02 1.5362373e+02      
1.3146564e+02 1.5080756e+02      
1.3469815e+02 1.4817772e+02      
1.3805704e+02 1.4579070e+02      
1.4137114e+02 1.4370985e+02      
1.4445285e+02 1.4198444e+02      
1.4712719e+02 1.4065664e+02      
1.4938305e+02 1.3982040e+02      
1.5129897e+02 1.3955857e+02      
1.5290658e+02 1.3985728e+02      
1.5477934e+02 1.4092996e+02      
1.5701710e+02 1.4258521e+02      
1.5973179e+02 1.4472118e+02      
1.6313367e+02 1.4739378e+02      
1.6595862e+02 1.4962010e+02      
1.6831511e+02 1.5149810e+02      
1.6977677e+02 1.5268788e+02      
1.6930798e+02 1.5245967e+02      
1.6668897e+02 1.5063604e+02      
1.4859805e+02 1.3370352e+02      
1.5170256e+02 1.3068475e+02      
1.5537366e+02 1.2778624e+02      
1.5933671e+02 1.2503255e+02      
1.6334128e+02 1.2247947e+02      
1.6722664e+02 1.2022251e+02      
1.7076457e+02 1.1831614e+02      
1.7344743e+02 1.1668086e+02      
1.7526754e+02 1.1544157e+02      
1.7657995e+02 1.1484355e+02      
1.7673357e+02 1.1438247e+02      
1.7748577e+02 1.1489445e+02      
1.7886512e+02 1.1617867e+02      
1.8081949e+02 1.1802327e+02      
1.8322465e+02 1.2021351e+02      
1.8560843e+02 1.2233428e+02      
1.8785478e+02 1.2426817e+02      
1.8988616e+02 1.2594826e+02      
1.8962246e+02 1.2625380e+02      
1.8668477e+02 1.2507950e+02      
1.6800258e+02 1.0863527e+02      
1.7187163e+02 1.0555598e+02      
1.7654896e+02 1.0261093e+02      
1.8143586e+02 9.9720556e+01      
1.8617446e+02 9.6940056e+01      
1.9066167e+02 9.4430649e+01      
1.9491764e+02 9.2378372e+01      
1.9747646e+02 9.0307834e+01      
1.9839564e+02 8.8366412e+01      
1.9768635e+02 8.6689760e+01      
1.9696151e+02 8.6002178e+01      
1.9680144e+02 8.6304607e+01      
1.9732008e+02 8.7392064e+01      
1.9846624e+02 8.9025761e+01      
2.0011694e+02 9.0963350e+01      
2.0203217e+02 9.2966550e+01      
2.0398049e+02 9.4875513e+01      
2.0560592e+02 9.6509257e+01      
2.0584914e+02 9.7477131e+01      
2.0304150e+02 9.7281308e+01      
1.8381206e+02 8.1757759e+01      
1.8836245e+02 7.8579107e+01      
1.9436415e+02 7.5652786e+01      
2.0036144e+02 7.2586654e+01      
2.0588632e+02 6.9480952e+01      
2.1067885e+02 6.6497229e+01      
2.1441642e+02 6.3723144e+01      
2.1647690e+02 6.1050152e+01      
2.1665071e+02 5.8436928e+01      
2.1509503e+02 5.6029415e+01      
2.1336672e+02 5.5240383e+01      
2.1232678e+02 5.5569768e+01      
2.1202390e+02 5.6680990e+01      
2.1244696e+02 5.8313477e+01      
2.1358642e+02 6.0232431e+01      
2.1526690e+02 6.2234134e+01      
2.1694576e+02 6.4175205e+01      
2.1850652e+02 6.5921738e+01      
2.1757711e+02 6.7030490e+01      
2.1370191e+02 6.7314064e+01      
1.9559738e+02 5.3498432e+01      
2.0028110e+02 5.0061918e+01      
2.0620111e+02 4.6702857e+01      
2.1318425e+02 4.3365112e+01      
2.1950948e+02 3.9864337e+01      
2.2464232e+02 3.6361214e+01      
2.2817096e+02 3.2985071e+01      
2.2971585e+02 2.9776889e+01      
2.2924226e+02 2.6694023e+01      
2.2738155e+02 2.3863367e+01      
2.2551670e+02 2.2688772e+01      
2.2374193e+02 2.3202821e+01      
2.2266020e+02 2.4555808e+01      
2.2235521e+02 2.6398725e+01      
2.2297211e+02 2.8480862e+01      
2.2471604e+02 3.0601154e+01      
2.2574119e+02 3.2639659e+01      
2.2596385e+02 3.4412255e+01      
2.2436155e+02 3.5721179e+01      
2.2014542e+02 3.6554594e+01      
2.0320509e+02 2.4371169e+01      
2.0772168e+02 2.0638612e+01      
2.1322184e+02 1.6863237e+01      
2.1964948e+02 1.3021940e+01      
2.2664932e+02 9.0509515e+00      
2.3229123e+02 5.0195635e+00      
2.3593070e+02 1.1316268e+00      
2.3707984e+02 -2.4711432e+00      
2.3567311e+02 -5.7940012e+00      
2.3423164e+02 -8.9002864e+00      
2.3255566e+02 -1.0390198e+01      
2.3075306e+02 -1.0141477e+01      
2.2900054e+02 -8.4140888e+00      
2.2790148e+02 -6.1682679e+00      
2.2752564e+02 -3.7462495e+00      
2.2767159e+02 -1.3473360e+00      
2.2762276e+02 8.9322755e-01      
2.2711057e+02 2.8245660e+00      
2.2592315e+02 4.3246792e+00      
2.2216125e+02 5.6354237e+00      
2.0666714e+02 -5.0767519e+00      
2.1089051e+02 -9.0756544e+00      
2.1587510e+02 -1.3194579e+01      
2.2154576e+02 -1.7443015e+01      
2.2770750e+02 -2.1854105e+01      
2.3385574e+02 -2.6442137e+01      
2.3789786e+02 -3.0838012e+01      
2.3910565e+02 -3.4754729e+01      
2.3752630e+02 -3.8140773e+01      
2.3614449e+02 -4.1408890e+01      
2.3456908e+02 -4.3087772e+01      
2.3278510e+02 -4.3054184e+01      
2.3091588e+02 -4.1510552e+01      
2.2910313e+02 -3.8773377e+01      
2.2777697e+02 -3.5880906e+01      
2.2677574e+02 -3.3107028e+01      
2.2577285e+02 -3.0553574e+01      
2.2451338e+02 -2.8321186e+01      
2.2269007e+02 -2.6455283e+01      
2.1993166e+02 -2.4903847e+01      
2.0608583e+02 -3.4312270e+01      
2.0995910e+02 -3.8531293e+01      
2.1442322e+02 -4.2919154e+01      
2.1937436e+02 -4.7473416e+01      
2.2463093e+02 -5.2197038e+01      
2.2987278e+02 -5.7078522e+01      
2.3444879e+02 -6.2014888e+01      
2.3614389e+02 -6.6264051e+01      
2.3479828e+02 -6.9632943e+01      
2.3342835e+02 -7.2908500e+01      
2.3184054e+02 -7.4597020e+01      
2.3001807e+02 -7.4618572e+01      
2.2806228e+02 -7.3205746e+01      
2.2605145e+02 -7.0629455e+01      
2.2406210e+02 -6.7278523e+01      
2.2233088e+02 -6.4140463e+01      
2.2062575e+02 -6.1187021e+01      
2.1879415e+02 -5.8618853e+01      
2.1667092e+02 -5.6461503e+01      
2.1420437e+02 -5.4666020e+01      
2.0160764e+02 -6.2825727e+01      
2.0511330e+02 -6.7212121e+01      
2.0908610e+02 -7.1801006e+01      
2.1341942e+02 -7.6584357e+01      
2.1793677e+02 -8.1544497e+01      
2.2236167e+02 -8.6628061e+01      
2.2623849e+02 -9.1697230e+01      
2.2867094e+02 -9.6376915e+01      
2.2775234e+02 -9.9665611e+01      
2.2639719e+02 -1.0273375e+02      
2.2472239e+02 -1.0417903e+02      
2.2279884e+02 -1.0404074e+02      
2.2072868e+02 -1.0257496e+02      
2.1857650e+02 -1.0004934e+02      
2.1642204e+02 -9.7001921e+01      
2.1430599e+02 -9.3797300e+01      
2.1210184e+02 -9.0387831e+01      
2.0992267e+02 -8.7578895e+01      
2.0764239e+02 -8.5224127e+01      
2.0522512e+02 -8.3222648e+01      
1.9341591e+02 -9.0134425e+01      
1.9655454e+02 -9.4630508e+01      
2.0007611e+02 -9.9353787e+01      
2.0389387e+02 -1.0430377e+02      
2.0787211e+02 -1.0946980e+02      
2.1179006e+02 -1.1478648e+02      
2.1526579e+02 -1.2005046e+02      
2.1753201e+02 -1.2475926e+02      
2.1697400e+02 -1.2782957e+02      
2.1550557e+02 -1.3032435e+02      
2.1362375e+02 -1.3111389e+02      
2.1154323e+02 -1.3059505e+02      
2.0934458e+02 -1.2896440e+02      
2.0703919e+02 -1.2621291e+02      
2.0476449e+02 -1.2337722e+02      
2.0249191e+02 -1.2044983e+02      
2.0018439e+02 -1.1747689e+02      
1.9785972e+02 -1.1473689e+02      
1.9549224e+02 -1.1229722e+02      
1.9307229e+02 -1.1014520e+02      
1.8172962e+02 -1.1578788e+02      
1.8450456e+02 -1.2032923e+02      
1.8760350e+02 -1.2511063e+02      
1.9097470e+02 -1.3015212e+02      
1.9456239e+02 -1.3549658e+02      
1.9824796e+02 -1.4112353e+02      
2.0165153e+02 -1.4671080e+02      
2.0338283e+02 -1.5104470e+02      
2.0309786e+02 -1.5386231e+02      
2.0119917e+02 -1.5523997e+02      
1.9896258e+02 -1.5482985e+02      
1.9669716e+02 -1.5385148e+02      
1.9441907e+02 -1.5226415e+02      
1.9210636e+02 -1.5007117e+02      
1.8978521e+02 -1.4761473e+02      
1.8745419e+02 -1.4503440e+02      
1.8510155e+02 -1.4239525e+02      
1.8272145e+02 -1.3978203e+02      
1.8031574e+02 -1.3731205e+02      
1.7789128e+02 -1.3504677e+02      
1.6680623e+02 -1.3937582e+02      
1.6921584e+02 -1.4389145e+02      
1.7189637e+02 -1.4863688e+02      
1.7482219e+02 -1.5364368e+02      
1.7802111e+02 -1.5902504e+02      
1.8154129e+02 -1.6493045e+02      
1.8430751e+02 -1.7022910e+02      
1.8565625e+02 -1.7419155e+02      
1.8536090e+02 -1.7648975e+02      
1.8363213e+02 -1.7706838e+02      
1.8107757e+02 -1.7614068e+02      
1.7871548e+02 -1.7500153e+02      
1.7643017e+02 -1.7355255e+02      
1.7413595e+02 -1.7173419e+02      
1.7181863e+02 -1.6964635e+02      
1.6947924e+02 -1.6738953e+02      
1.6711910e+02 -1.6501255e+02      
1.6472304e+02 -1.6245984e+02      
1.6231365e+02 -1.5995035e+02      
1.5989942e+02 -1.5758134e+02      
1.4894538e+02 -1.6053720e+02      
1.5098498e+02 -1.6495648e+02      
1.5323575e+02 -1.6956531e+02      
1.5566672e+02 -1.7437224e+02      
1.5825398e+02 -1.7941202e+02      
1.6091221e+02 -1.8467603e+02      
1.6330433e+02 -1.8987622e+02      
1.6438878e+02 -1.9357677e+02      
1.6394800e+02 -1.9534201e+02      
1.6216652e+02 -1.9529843e+02      
1.6004343e+02 -1.9468989e+02      
1.5786756e+02 -1.9374985e+02      
1.5567373e+02 -1.9249916e+02      
1.5343971e+02 -1.9094755e+02      
1.5116085e+02 -1.8915642e+02      
1.4884631e+02 -1.8717690e+02      
1.4650256e+02 -1.8493584e+02      
1.4413474e+02 -1.8248117e+02      
1.4175476e+02 -1.7991263e+02      
1.3937348e+02 -1.7743516e+02      
1.2848937e+02 -1.7896635e+02      
1.3015904e+02 -1.8323030e+02      
1.3197721e+02 -1.8762324e+02      
1.3389673e+02 -1.9211802e+02      
1.3584998e+02 -1.9667552e+02      
1.3771972e+02 -2.0120946e+02      
1.3928631e+02 -2.0550669e+02      
1.4015824e+02 -2.0904901e+02      
1.3953972e+02 -2.1033595e+02      
1.3819140e+02 -2.1067036e+02      
1.3646679e+02 -2.1043090e+02      
1.3454502e+02 -2.0975728e+02      
1.3250241e+02 -2.0871776e+02      
1.3036785e+02 -2.0737860e+02      
1.2815501e+02 -2.0582235e+02      
1.2589055e+02 -2.0397721e+02      
1.2359476e+02 -2.0183746e+02      
1.2128224e+02 -1.9944829e+02      
1.1896263e+02 -1.9689811e+02      
1.1664084e+02 -1.9431716e+02      
1.0581819e+02 -1.9441355e+02      
1.0712787e+02 -1.9848210e+02      
1.0853058e+02 -2.0261531e+02      
1.0997070e+02 -2.0675997e+02      
1.1136930e+02 -2.1084047e+02      
1.1260992e+02 -2.1473512e+02      
1.1352499e+02 -2.1824275e+02      
1.1387341e+02 -2.2099812e+02      
1.1341856e+02 -2.2255915e+02      
1.1236400e+02 -2.2323257e+02      
1.1091700e+02 -2.2327480e+02      
1.0921076e+02 -2.2281657e+02      
1.0732804e+02 -2.2194674e+02      
1.0531626e+02 -2.2073918e+02      
1.0320336e+02 -2.1925835e+02      
1.0101063e+02 -2.1753452e+02      
9.8786486e+01 -2.1547661e+02      
9.6555511e+01 -2.1311774e+02      
9.4322869e+01 -2.1054852e+02      
9.2070523e+01 -2.0797147e+02      
8.1340798e+01 -2.0668175e+02      
8.2309767e+01 -2.1053352e+02      
8.3328980e+01 -2.1439281e+02      
8.4343184e+01 -2.1819331e+02      
8.5278456e+01 -2.2184793e+02      
8.6037589e+01 -2.2523673e+02      
8.6499688e+01 -2.2819521e+02      
8.6534809e+01 -2.3052042e+02      
8.6067911e+01 -2.3207063e+02      
8.5144565e+01 -2.3288676e+02      
8.3865281e+01 -2.3308498e+02      
8.2321990e+01 -2.3276549e+02      
8.0584316e+01 -2.3200768e+02      
7.8701191e+01 -2.3087748e+02      
7.6706868e+01 -2.2943005e+02      
7.4627764e+01 -2.2770411e+02      
7.2493010e+01 -2.2570636e+02      
7.0367773e+01 -2.2335218e+02      
6.8219402e+01 -2.2083809e+02      
6.6052799e+01 -2.1826436e+02      
