4.3867420e+01 2.3933712e+02      
4.4464414e+01 2.3934777e+02      
4.5687453e+01 2.3956982e+02      
4.7544050e+01 2.4006044e+02      
4.9919016e+01 2.4085305e+02      
5.2390325e+01 2.4189431e+02      
5.3911036e+01 2.4284137e+02      
5.1705018e+01 2.4216406e+02      
4.8572478e+01 2.4139986e+02      
4.5577177e+01 2.4090353e+02      
4.3153476e+01 2.4073877e+02      
4.1427127e+01 2.4087939e+02      
4.0402138e+01 2.4127327e+02      
4.0055609e+01 2.4186464e+02      
4.0370261e+01 2.4260074e+02      
4.1336677e+01 2.4343093e+02      
4.2947916e+01 2.4430427e+02      
4.5194627e+01 2.4516819e+02      
4.8062480e+01 2.4596855e+02      
5.1531328e+01 2.4665051e+02      
7.1814142e+01 2.3074830e+02      
7.2649845e+01 2.3075837e+02      
7.4272190e+01 2.3100362e+02      
7.6866484e+01 2.3159858e+02      
8.0487645e+01 2.3264612e+02      
8.4471790e+01 2.3406470e+02      
8.5726986e+01 2.3466639e+02      
8.3632356e+01 2.3416814e+02      
7.8844149e+01 2.3285703e+02      
7.4469289e+01 2.3194207e+02      
7.1178489e+01 2.3152013e+02      
6.8921788e+01 2.3149621e+02      
6.7520775e+01 2.3176024e+02      
6.6870882e+01 2.3223006e+02      
6.6924059e+01 2.3284281e+02      
6.7661271e+01 2.3354416e+02      
6.9071931e+01 2.3428030e+02      
7.1143225e+01 2.3499482e+02      
7.3856459e+01 2.3562907e+02      
7.7186534e+01 2.3612365e+02      
9.7968465e+01 2.1837128e+02      
9.8916177e+01 2.1829485e+02      
1.0072120e+02 2.1844551e+02      
1.0376712e+02 2.1898747e+02      
1.0854537e+02 2.2011096e+02      
1.1228417e+02 2.2103446e+02      
1.1336658e+02 2.2135491e+02      
1.1127932e+02 2.2095018e+02      
1.0658280e+02 2.1995334e+02      
1.0092078e+02 2.1878367e+02      
9.7054698e+01 2.1825277e+02      
9.4488782e+01 2.1817495e+02      
9.2833354e+01 2.1838514e+02      
9.1933498e+01 2.1878681e+02      
9.1739818e+01 2.1931928e+02      
9.2245095e+01 2.1993394e+02      
9.3445188e+01 2.2057764e+02      
9.5326962e+01 2.2119027e+02      
9.7867862e+01 2.2170789e+02      
1.0103764e+02 2.2206583e+02      
1.2189780e+02 2.0242479e+02      
1.2279274e+02 2.0216516e+02      
1.2443942e+02 2.0207506e+02      
1.2702869e+02 2.0225638e+02      
1.3063236e+02 2.0273925e+02      
1.3461363e+02 2.0331070e+02      
1.3576166e+02 2.0341334e+02      
1.3342883e+02 2.0301157e+02      
1.2833552e+02 2.0215949e+02      
1.2371425e+02 2.0144816e+02      
1.2019777e+02 2.0111374e+02      
1.1768599e+02 2.0112974e+02      
1.1594360e+02 2.0137667e+02      
1.1484617e+02 2.0175961e+02      
1.1440931e+02 2.0224895e+02      
1.1467741e+02 2.0282021e+02      
1.1566124e+02 2.0342187e+02      
1.1734660e+02 2.0398728e+02      
1.1970546e+02 2.0444496e+02      
1.2270138e+02 2.0472374e+02      
1.4327784e+02 1.8320496e+02      
1.4399446e+02 1.8267649e+02      
1.4526010e+02 1.8224034e+02      
1.4709398e+02 1.8196071e+02      
1.4939160e+02 1.8185095e+02      
1.5173185e+02 1.8182323e+02      
1.5304505e+02 1.8168947e+02      
1.5033078e+02 1.8127998e+02      
1.4670128e+02 1.8080122e+02      
1.4327021e+02 1.8048180e+02      
1.4044459e+02 1.8044270e+02      
1.3827436e+02 1.8068020e+02      
1.3661305e+02 1.8107072e+02      
1.3528571e+02 1.8143721e+02      
1.3456186e+02 1.8189755e+02      
1.3458092e+02 1.8247089e+02      
1.3534891e+02 1.8308909e+02      
1.3684000e+02 1.8367037e+02      
1.3901629e+02 1.8413230e+02      
1.4183342e+02 1.8439579e+02      
1.6188573e+02 1.6107537e+02      
1.6237474e+02 1.6020997e+02      
1.6320038e+02 1.5936342e+02      
1.6433073e+02 1.5860523e+02      
1.6559747e+02 1.5797702e+02      
1.6659179e+02 1.5747113e+02      
1.6658932e+02 1.5704054e+02      
1.6487350e+02 1.5665477e+02      
1.6239164e+02 1.5639549e+02      
1.5991086e+02 1.5636516e+02      
1.5779284e+02 1.5663060e+02      
1.5612617e+02 1.5718338e+02      
1.5472026e+02 1.5786926e+02      
1.5291034e+02 1.5810004e+02      
1.5183439e+02 1.5855270e+02      
1.5160807e+02 1.5919377e+02      
1.5217613e+02 1.5990173e+02      
1.5348796e+02 1.6057250e+02      
1.5549186e+02 1.6111058e+02      
1.5813446e+02 1.6142837e+02      
1.7758671e+02 1.3645581e+02      
1.7785677e+02 1.3519497e+02      
1.7823566e+02 1.3387681e+02      
1.7879290e+02 1.3260627e+02      
1.7941884e+02 1.3147841e+02      
1.7967435e+02 1.3055539e+02      
1.7894356e+02 1.2986234e+02      
1.7738742e+02 1.2942838e+02      
1.7546646e+02 1.2928509e+02      
1.7362195e+02 1.2947319e+02      
1.7213861e+02 1.3002992e+02      
1.7099618e+02 1.3091040e+02      
1.6935385e+02 1.3159112e+02      
1.6720521e+02 1.3192785e+02      
1.6586642e+02 1.3252415e+02      
1.6544878e+02 1.3333791e+02      
1.6585807e+02 1.3422753e+02      
1.6702145e+02 1.3507245e+02      
1.6887453e+02 1.3576564e+02      
1.7135592e+02 1.3621182e+02      
1.9037444e+02 1.0982222e+02      
1.9045289e+02 1.0810863e+02      
1.9023618e+02 1.0622525e+02      
1.9031319e+02 1.0436601e+02      
1.9067944e+02 1.0268944e+02      
1.9080001e+02 1.0134137e+02      
1.8931703e+02 1.0037387e+02      
1.8745013e+02 9.9869631e+01      
1.8567762e+02 9.9805341e+01      
1.8415970e+02 1.0015209e+02      
1.8314659e+02 1.0093731e+02      
1.8188942e+02 1.0183325e+02      
1.8010441e+02 1.0264265e+02      
1.7781633e+02 1.0328666e+02      
1.7636789e+02 1.0419226e+02      
1.7585503e+02 1.0530379e+02      
1.7616981e+02 1.0648025e+02      
1.7722981e+02 1.0759255e+02      
1.7896366e+02 1.0852490e+02      
1.8130508e+02 1.0917600e+02      
2.0011818e+02 8.1656166e+01      
2.0000751e+02 7.9431969e+01      
1.9874690e+02 7.6852460e+01      
1.9845534e+02 7.4302228e+01      
1.9881795e+02 7.1967326e+01      
1.9836489e+02 7.0111893e+01      
1.9675976e+02 6.8856578e+01      
1.9434368e+02 6.8291058e+01      
1.9252870e+02 6.8317761e+01      
1.9092184e+02 6.8730765e+01      
1.8964859e+02 6.9499975e+01      
1.8840347e+02 7.0489264e+01      
1.8671895e+02 7.1562607e+01      
1.8454220e+02 7.2660520e+01      
1.8316002e+02 7.4011385e+01      
1.8266233e+02 7.5543830e+01      
1.8295780e+02 7.7117622e+01      
1.8396799e+02 7.8595399e+01      
1.8562088e+02 7.9853239e+01      
1.8784912e+02 8.0785412e+01      
2.0456798e+02 5.2142584e+01      
2.0420969e+02 4.9372204e+01      
2.0276608e+02 4.6234369e+01      
2.0251370e+02 4.2931531e+01      
2.0234014e+02 3.9905151e+01      
2.0147156e+02 3.7481055e+01      
1.9967312e+02 3.5860715e+01      
1.9716983e+02 3.5103929e+01      
1.9454472e+02 3.5100511e+01      
1.9262916e+02 3.5525261e+01      
1.9126517e+02 3.6354839e+01      
1.9036564e+02 3.7529737e+01      
1.8905168e+02 3.8947647e+01      
1.8734223e+02 4.0575481e+01      
1.8618640e+02 4.2478384e+01      
1.8579475e+02 4.4550265e+01      
1.8614481e+02 4.6635285e+01      
1.8716066e+02 4.8579565e+01      
1.8877319e+02 5.0248414e+01      
1.9091772e+02 5.1533720e+01      
2.0370212e+02 2.2120201e+01      
2.0299400e+02 1.8785285e+01      
2.0197301e+02 1.5055239e+01      
2.0131724e+02 1.1113463e+01      
2.0099263e+02 7.2398085e+00      
1.9988558e+02 4.1264094e+00      
1.9780387e+02 2.0905825e+00      
1.9498604e+02 1.1387923e+00      
1.9249746e+02 8.8221031e-01      
1.9053262e+02 1.2894105e+00      
1.8907236e+02 2.2400025e+00      
1.8799881e+02 3.6310686e+00      
1.8707177e+02 5.4133586e+00      
1.8636484e+02 7.5570926e+00      
1.8545375e+02 1.0106136e+01      
1.8525261e+02 1.2839711e+01      
1.8572972e+02 1.5560546e+01      
1.8680316e+02 1.8075948e+01      
1.8841389e+02 2.0236586e+01      
1.9050376e+02 2.1937807e+01      
1.9969184e+02 -7.7665710e+00      
1.9857335e+02 -1.1695468e+01      
1.9738388e+02 -1.6134430e+01      
1.9626628e+02 -2.0851309e+01      
1.9521281e+02 -2.5434843e+01      
1.9393083e+02 -2.9397482e+01      
1.9154784e+02 -3.1894557e+01      
1.8906487e+02 -3.3435805e+01      
1.8683804e+02 -3.4046819e+01      
1.8492577e+02 -3.3494805e+01      
1.8344188e+02 -3.2340189e+01      
1.8237574e+02 -3.0724410e+01      
1.8165906e+02 -2.8566586e+01      
1.8122836e+02 -2.5846775e+01      
1.8097441e+02 -2.2611967e+01      
1.8112557e+02 -1.9061607e+01      
1.8178832e+02 -1.5545971e+01      
1.8295961e+02 -1.2351679e+01      
1.8460103e+02 -9.6317098e+00      
1.8666228e+02 -7.4692346e+00      
1.9264795e+02 -3.6939669e+01      
1.9112343e+02 -4.1456049e+01      
1.8957052e+02 -4.6751837e+01      
1.8798772e+02 -5.2616163e+01      
1.8628543e+02 -5.8189346e+01      
1.8435313e+02 -6.2858743e+01      
1.8207132e+02 -6.6191227e+01      
1.7981097e+02 -6.8250841e+01      
1.7785027e+02 -6.9319947e+01      
1.7592585e+02 -6.8150916e+01      
1.7448879e+02 -6.6857055e+01      
1.7354120e+02 -6.5151940e+01      
1.7303934e+02 -6.2661868e+01      
1.7294136e+02 -5.9352106e+01      
1.7316893e+02 -5.5331800e+01      
1.7361587e+02 -5.0603147e+01      
1.7446347e+02 -4.6062301e+01      
1.7575630e+02 -4.2100936e+01      
1.7745365e+02 -3.8787336e+01      
1.7950790e+02 -3.6147655e+01      
1.8258827e+02 -6.4800455e+01      
1.8069104e+02 -6.9770198e+01      
1.7876228e+02 -7.5850197e+01      
1.7679912e+02 -8.3352577e+01      
1.7453725e+02 -9.0275526e+01      
1.7209277e+02 -9.5987252e+01      
1.6962574e+02 -1.0011541e+02      
1.6734173e+02 -1.0230581e+02      
1.6534723e+02 -1.0216933e+02      
1.6360659e+02 -1.0157403e+02      
1.6229522e+02 -1.0076355e+02      
1.6152214e+02 -9.9401684e+01      
1.6128203e+02 -9.6638139e+01      
1.6156187e+02 -9.2485232e+01      
1.6232045e+02 -8.7573221e+01      
1.6289895e+02 -8.0929828e+01      
1.6393370e+02 -7.5247577e+01      
1.6537361e+02 -7.0535263e+01      
1.6714768e+02 -6.6657110e+01      
1.6921135e+02 -6.3565575e+01      
1.6967015e+02 -9.0798668e+01      
1.6744537e+02 -9.5944283e+01      
1.6513735e+02 -1.0212805e+02      
1.6267244e+02 -1.0947842e+02      
1.5991028e+02 -1.1770773e+02      
1.5700278e+02 -1.2464913e+02      
1.5426451e+02 -1.2977757e+02      
1.5190867e+02 -1.3274172e+02      
1.4995951e+02 -1.3324182e+02      
1.4823641e+02 -1.3350134e+02      
1.4698045e+02 -1.3343527e+02      
1.4638772e+02 -1.3299552e+02      
1.4642506e+02 -1.2984574e+02      
1.4703531e+02 -1.2415925e+02      
1.4796336e+02 -1.1618947e+02      
1.4907429e+02 -1.0870409e+02      
1.5042763e+02 -1.0232511e+02      
1.5204848e+02 -9.7033129e+01      
1.5391328e+02 -9.2693202e+01      
1.5599541e+02 -8.9219050e+01      
1.5412261e+02 -1.1450873e+02      
1.5163542e+02 -1.1958055e+02      
1.4903062e+02 -1.2551429e+02      
1.4624087e+02 -1.3234966e+02      
1.4316958e+02 -1.3999557e+02      
1.3978132e+02 -1.4801074e+02      
1.3673110e+02 -1.5422232e+02      
1.3435669e+02 -1.5852451e+02      
1.3210171e+02 -1.6135119e+02      
1.3013124e+02 -1.6301091e+02      
1.2874941e+02 -1.6338591e+02      
1.2817413e+02 -1.6205599e+02      
1.2845974e+02 -1.5809428e+02      
1.2950034e+02 -1.5118339e+02      
1.3101617e+02 -1.4172330e+02      
1.3260833e+02 -1.3350660e+02      
1.3427751e+02 -1.2670627e+02      
1.3607864e+02 -1.2105867e+02      
1.3803060e+02 -1.1640770e+02      
1.4012930e+02 -1.1265350e+02      
1.3621668e+02 -1.3562311e+02      
1.3354357e+02 -1.4046420e+02      
1.3074781e+02 -1.4600567e+02      
1.2778307e+02 -1.5222909e+02      
1.2458892e+02 -1.5906308e+02      
1.2112788e+02 -1.6631519e+02      
1.1763612e+02 -1.7325707e+02      
1.1522493e+02 -1.7760545e+02      
1.1254151e+02 -1.8239394e+02      
1.1011603e+02 -1.8560117e+02      
1.0843076e+02 -1.8664679e+02      
1.0778994e+02 -1.8510528e+02      
1.0832291e+02 -1.8052858e+02      
1.0989071e+02 -1.7285890e+02      
1.1200153e+02 -1.6313497e+02      
1.1396595e+02 -1.5483540e+02      
1.1586862e+02 -1.4794998e+02      
1.1780583e+02 -1.4218760e+02      
1.1981946e+02 -1.3739551e+02      
1.2192061e+02 -1.3348051e+02      
1.1624917e+02 -1.5390868e+02      
1.1346236e+02 -1.5842599e+02      
1.1056599e+02 -1.6350150e+02      
1.0753548e+02 -1.6908700e+02      
1.0433864e+02 -1.7510311e+02      
1.0091666e+02 -1.8148281e+02      
9.7346090e+01 -1.8791470e+02      
9.4919781e+01 -1.9205159e+02      
9.2214294e+01 -1.9647421e+02      
8.9206906e+01 -2.0104739e+02      
8.7030679e+01 -2.0308915e+02      
8.6176550e+01 -2.0194206e+02      
8.6912231e+01 -1.9714003e+02      
8.9152753e+01 -1.8866569e+02      
9.1448390e+01 -1.8004683e+02      
9.3567557e+01 -1.7236522e+02      
9.5587442e+01 -1.6575538e+02      
9.7591502e+01 -1.6011230e+02      
9.9625574e+01 -1.5534410e+02      
1.0170576e+02 -1.5138724e+02      
9.4537003e+01 -1.6918273e+02      
9.1697257e+01 -1.7332461e+02      
8.8770706e+01 -1.7790074e+02      
8.5753753e+01 -1.8284204e+02      
8.2645962e+01 -1.8804763e+02      
7.9465148e+01 -1.9336818e+02      
7.6367219e+01 -1.9841921e+02      
7.3638054e+01 -2.0263061e+02      
7.0947501e+01 -2.0652822e+02      
6.8142736e+01 -2.1025427e+02      
6.5393420e+01 -2.1326421e+02      
6.4120446e+01 -2.1293017e+02      
6.4796438e+01 -2.0863559e+02      
6.7302105e+01 -2.0066417e+02      
6.9664531e+01 -1.9297824e+02      
7.1785160e+01 -1.8609060e+02      
7.3805718e+01 -1.7998412e+02      
7.5801158e+01 -1.7464075e+02      
7.7808997e+01 -1.7003363e+02      
7.9841060e+01 -1.6613893e+02      
7.1415605e+01 -1.8130499e+02      
6.8570325e+01 -1.8504870e+02      
6.5664083e+01 -1.8912100e+02      
6.2710244e+01 -1.9343966e+02      
5.9731617e+01 -1.9788942e+02      
5.6774907e+01 -2.0230412e+02      
5.3927654e+01 -2.0644857e+02      
5.1257742e+01 -2.1013215e+02      
4.8724462e+01 -2.1335317e+02      
4.6289291e+01 -2.1607919e+02      
4.4025708e+01 -2.1804204e+02      
4.2268612e+01 -2.1854543e+02      
4.2632361e+01 -2.1521247e+02      
4.4875334e+01 -2.0858582e+02      
4.6997719e+01 -2.0208929e+02      
4.8959602e+01 -1.9609280e+02      
5.0877496e+01 -1.9060834e+02      
5.2797194e+01 -1.8567767e+02      
5.4736491e+01 -1.8132832e+02      
5.6695589e+01 -1.7757543e+02      
