4.0926270e+01 2.3510766e+02      
4.0493708e+01 2.3475699e+02      
4.0160515e+01 2.3444008e+02      
3.9770683e+01 2.3415253e+02      
3.9172474e+01 2.3388636e+02      
3.8299129e+01 2.3365645e+02      
3.7221041e+01 2.3351926e+02      
3.6090935e+01 2.3355002e+02      
3.5056645e+01 2.3380701e+02      
3.4201683e+01 2.3429495e+02      
3.3494232e+01 2.3490603e+02      
3.2806720e+01 2.3543364e+02      
3.2061492e+01 2.3573814e+02      
3.1309855e+01 2.3582638e+02      
3.0726708e+01 2.3584706e+02      
3.0534699e+01 2.3600919e+02      
3.0879629e+01 2.3642277e+02      
3.1825742e+01 2.3709186e+02      
3.3402136e+01 2.3797613e+02      
3.5623570e+01 2.3901905e+02      
7.0715298e+01 2.2621085e+02      
7.0743748e+01 2.2589509e+02      
7.0901529e+01 2.2559910e+02      
7.0943301e+01 2.2530275e+02      
7.0558184e+01 2.2495223e+02      
6.9571571e+01 2.2452961e+02      
6.8172132e+01 2.2414726e+02      
6.6686447e+01 2.2395573e+02      
6.5380189e+01 2.2407768e+02      
6.4427174e+01 2.2460552e+02      
6.3783137e+01 2.2542687e+02      
6.3004757e+01 2.2596299e+02      
6.1888393e+01 2.2595612e+02      
6.0495550e+01 2.2542424e+02      
5.9123655e+01 2.2464233e+02      
5.8277505e+01 2.2418502e+02      
5.8104060e+01 2.2416183e+02      
5.8605885e+01 2.2449290e+02      
5.9781361e+01 2.2509495e+02      
6.1630590e+01 2.2588914e+02      
9.9091110e+01 2.1372679e+02      
9.9731962e+01 2.1344162e+02      
1.0062373e+02 2.1318860e+02      
1.0143246e+02 2.1294908e+02      
1.0152280e+02 2.1257368e+02      
1.0016839e+02 2.1181720e+02      
9.8118660e+01 2.1103901e+02      
9.6035332e+01 2.1050892e+02      
9.4298908e+01 2.1039244e+02      
9.3196795e+01 2.1091494e+02      
9.2923630e+01 2.1231181e+02      
9.2217608e+01 2.1301165e+02      
9.0683127e+01 2.1267015e+02      
8.8432671e+01 2.1134687e+02      
8.5942260e+01 2.0940552e+02      
8.4421145e+01 2.0837764e+02      
8.3738136e+01 2.0800878e+02      
8.3788947e+01 2.0807914e+02      
8.4544171e+01 2.0846746e+02      
8.5993279e+01 2.0907764e+02      
1.2546979e+02 1.9785311e+02      
1.2686628e+02 1.9757951e+02      
1.2880391e+02 1.9738498e+02      
1.3088246e+02 1.9728512e+02      
1.3209204e+02 1.9709752e+02      
1.2972304e+02 1.9569915e+02      
1.2651623e+02 1.9434122e+02      
1.2350190e+02 1.9333076e+02      
1.2111623e+02 1.9279520e+02      
1.1953038e+02 1.9285700e+02      
1.1874363e+02 1.9355035e+02      
1.1825843e+02 1.9439912e+02      
1.1619318e+02 1.9362985e+02      
1.1299345e+02 1.9155366e+02      
1.1031834e+02 1.8979148e+02      
1.0843400e+02 1.8867357e+02      
1.0732656e+02 1.8814385e+02      
1.0694869e+02 1.8806549e+02      
1.0728014e+02 1.8832742e+02      
1.0831244e+02 1.8883183e+02      
1.4920717e+02 1.7883068e+02      
1.5141721e+02 1.7851599e+02      
1.5466490e+02 1.7833352e+02      
1.5831890e+02 1.7829418e+02      
1.5938118e+02 1.7761771e+02      
1.5725417e+02 1.7615355e+02      
1.5258273e+02 1.7419491e+02      
1.4835723e+02 1.7263030e+02      
1.4520931e+02 1.7156089e+02      
1.4309185e+02 1.7100835e+02      
1.4184929e+02 1.7098573e+02      
1.4099316e+02 1.7118484e+02      
1.3802292e+02 1.6970649e+02      
1.3484011e+02 1.6792464e+02      
1.3209734e+02 1.6643118e+02      
1.2996499e+02 1.6540626e+02      
1.2849728e+02 1.6486258e+02      
1.2771373e+02 1.6474436e+02      
1.2762295e+02 1.6497184e+02      
1.2822847e+02 1.6545597e+02      
1.6962325e+02 1.5695366e+02      
1.7236486e+02 1.5648545e+02      
1.7682966e+02 1.5614904e+02      
1.8034828e+02 1.5550583e+02      
1.8136734e+02 1.5436919e+02      
1.7939312e+02 1.5273203e+02      
1.7495823e+02 1.5074050e+02      
1.6962291e+02 1.4869740e+02      
1.6598831e+02 1.4710214e+02      
1.6354457e+02 1.4593197e+02      
1.6189311e+02 1.4516802e+02      
1.6055950e+02 1.4459481e+02      
1.5727675e+02 1.4290198e+02      
1.5404028e+02 1.4127038e+02      
1.5116999e+02 1.3995366e+02      
1.4877531e+02 1.3903614e+02      
1.4695512e+02 1.3855043e+02      
1.4577019e+02 1.3847537e+02      
1.4525484e+02 1.3875395e+02      
1.4542616e+02 1.3930549e+02      
1.8621749e+02 1.3260245e+02      
1.8860792e+02 1.3180589e+02      
1.9203992e+02 1.3089998e+02      
1.9590213e+02 1.2973562e+02      
1.9712553e+02 1.2816349e+02      
1.9508734e+02 1.2627959e+02      
1.9045185e+02 1.2412670e+02      
1.8625259e+02 1.2192632e+02      
1.8304881e+02 1.1990820e+02      
1.8066983e+02 1.1815137e+02      
1.7873169e+02 1.1664441e+02      
1.7663660e+02 1.1522098e+02      
1.7370783e+02 1.1360286e+02      
1.7046695e+02 1.1207589e+02      
1.6737425e+02 1.1085622e+02      
1.6465638e+02 1.1003054e+02      
1.6245440e+02 1.0963495e+02      
1.6085405e+02 1.0966301e+02      
1.5990580e+02 1.1006990e+02      
1.5963661e+02 1.1077775e+02      
1.9891700e+02 1.0626030e+02      
2.0065965e+02 1.0510772e+02      
2.0293303e+02 1.0372734e+02      
2.0535142e+02 1.0205015e+02      
2.0689519e+02 1.0001325e+02      
2.0470093e+02 9.7881385e+01      
2.0165518e+02 9.5495621e+01      
1.9876980e+02 9.3002806e+01      
1.9638852e+02 9.0552180e+01      
1.9448308e+02 8.8239166e+01      
1.9276729e+02 8.6110665e+01      
1.9066669e+02 8.4153748e+01      
1.8757585e+02 8.2343776e+01      
1.8402977e+02 8.0792317e+01      
1.8054823e+02 7.9607395e+01      
1.7741352e+02 7.8851241e+01      
1.7478246e+02 7.8559151e+01      
1.7274356e+02 7.8735400e+01      
1.7135119e+02 7.9343103e+01      
1.7063745e+02 8.0300828e+01      
2.0784083e+02 7.8444671e+01      
2.0897359e+02 7.6966967e+01      
2.1032876e+02 7.5202882e+01      
2.1158174e+02 7.3134387e+01      
2.1208617e+02 7.0777363e+01      
2.1108378e+02 6.8215416e+01      
2.0936233e+02 6.5454277e+01      
2.0759411e+02 6.2558437e+01      
2.0611097e+02 5.9621683e+01      
2.0499685e+02 5.6740206e+01      
2.0403760e+02 5.4031059e+01      
2.0257559e+02 5.1626390e+01      
1.9883289e+02 4.9513005e+01      
1.9459003e+02 4.7860376e+01      
1.9050446e+02 4.6669987e+01      
1.8685589e+02 4.5958814e+01      
1.8375469e+02 4.5768523e+01      
1.8125679e+02 4.6126317e+01      
1.7941014e+02 4.7007731e+01      
1.7825221e+02 4.8321402e+01      
2.1309239e+02 4.9665966e+01      
2.1373626e+02 4.7893760e+01      
2.1446699e+02 4.5796664e+01      
2.1505081e+02 4.3379798e+01      
2.1518010e+02 4.0666150e+01      
2.1468322e+02 3.7697154e+01      
2.1377034e+02 3.4514776e+01      
2.1281504e+02 3.1166294e+01      
2.1216717e+02 2.7697933e+01      
2.1201902e+02 2.4183520e+01      
2.1207375e+02 2.0811260e+01      
2.1049982e+02 1.7863567e+01      
2.0694416e+02 1.5460554e+01      
2.0183317e+02 1.3723376e+01      
1.9699407e+02 1.2522212e+01      
1.9279354e+02 1.1818556e+01      
1.8922368e+02 1.1699150e+01      
1.8625646e+02 1.2254737e+01      
1.8394414e+02 1.3488655e+01      
1.8234795e+02 1.5291514e+01      
2.1474068e+02 2.0428374e+01      
2.1502052e+02 1.8388360e+01      
2.1534841e+02 1.5989286e+01      
2.1558713e+02 1.3240955e+01      
2.1559820e+02 1.0164837e+01      
2.1532171e+02 6.7989053e+00      
2.1483807e+02 3.1951197e+00      
2.1435819e+02 -5.9921658e-01      
2.1425654e+02 -4.5840375e+00      
2.1496604e+02 -8.7935137e+00      
2.1496907e+02 -1.2817251e+01      
2.1340567e+02 -1.6323524e+01      
2.1001628e+02 -1.9092656e+01      
2.0512435e+02 -2.1045654e+01      
1.9964055e+02 -2.2280250e+01      
1.9506998e+02 -2.3095214e+01      
1.9112032e+02 -2.3244045e+01      
1.8766177e+02 -2.2506699e+01      
1.8484915e+02 -2.0828401e+01      
1.8282766e+02 -1.8348292e+01      
2.1284270e+02 -8.7683975e+00      
2.1285420e+02 -1.1048714e+01      
2.1291601e+02 -1.3720247e+01      
2.1295900e+02 -1.6777117e+01      
2.1292540e+02 -2.0205272e+01      
2.1278641e+02 -2.3969355e+01      
2.1253113e+02 -2.7992504e+01      
2.1219567e+02 -3.2182732e+01      
2.1198452e+02 -3.6531523e+01      
2.1212637e+02 -4.1102910e+01      
2.1237522e+02 -4.5847820e+01      
2.1101401e+02 -4.9991435e+01      
2.0771818e+02 -5.3164200e+01      
2.0284310e+02 -5.5348680e+01      
1.9807288e+02 -5.7100539e+01      
1.9371192e+02 -5.8319547e+01      
1.8957269e+02 -5.8736339e+01      
1.8544467e+02 -5.7885908e+01      
1.8201884e+02 -5.5647011e+01      
1.7960926e+02 -5.2206865e+01      
2.0747005e+02 -3.7432974e+01      
2.0727431e+02 -3.9920834e+01      
2.0714170e+02 -4.2827588e+01      
2.0705011e+02 -4.6156806e+01      
2.0699832e+02 -4.9913695e+01      
2.0700700e+02 -5.4093289e+01      
2.0698477e+02 -5.8590302e+01      
2.0658638e+02 -6.3120159e+01      
2.0588701e+02 -6.7656426e+01      
2.0530647e+02 -7.2432962e+01      
2.0478570e+02 -7.7436544e+01      
2.0373677e+02 -8.2336550e+01      
2.0056120e+02 -8.5982128e+01      
1.9676703e+02 -8.9051213e+01      
1.9286002e+02 -9.1528764e+01      
1.8900288e+02 -9.3342857e+01      
1.8493629e+02 -9.4269966e+01      
1.7953785e+02 -9.3265671e+01      
1.7537706e+02 -9.0289466e+01      
1.7267468e+02 -8.5639082e+01      
1.9872939e+02 -6.5089883e+01      
1.9835886e+02 -6.7745178e+01      
1.9805880e+02 -7.0837648e+01      
1.9783732e+02 -7.4380487e+01      
1.9773729e+02 -7.8403592e+01      
1.9788496e+02 -8.2978497e+01      
1.9833976e+02 -8.8108137e+01      
1.9779735e+02 -9.2929650e+01      
1.9628290e+02 -9.7395231e+01      
1.9508387e+02 -1.0234553e+02      
1.9401103e+02 -1.0765070e+02      
1.9260102e+02 -1.1294598e+02      
1.9037947e+02 -1.1776338e+02      
1.8763445e+02 -1.2195108e+02      
1.8446341e+02 -1.2510622e+02      
1.8109741e+02 -1.2735276e+02      
1.7631747e+02 -1.2740599e+02      
1.7011997e+02 -1.2537720e+02      
1.6545971e+02 -1.2143473e+02      
1.6254691e+02 -1.1580819e+02      
1.8677473e+02 -9.1288665e+01      
1.8624256e+02 -9.4064862e+01      
1.8577498e+02 -9.7282276e+01      
1.8539072e+02 -1.0095621e+02      
1.8513818e+02 -1.0512144e+02      
1.8513605e+02 -1.0986450e+02      
1.8541612e+02 -1.1522418e+02      
1.8471559e+02 -1.2026169e+02      
1.8304951e+02 -1.2495762e+02      
1.8165929e+02 -1.3028450e+02      
1.8042613e+02 -1.3610492e+02      
1.7909235e+02 -1.4213503e+02      
1.7754604e+02 -1.4813305e+02      
1.7575323e+02 -1.5364126e+02      
1.7287559e+02 -1.5693740e+02      
1.6908257e+02 -1.5809767e+02      
1.6399946e+02 -1.5678145e+02      
1.5767565e+02 -1.5315976e+02      
1.5289613e+02 -1.4812126e+02      
1.4980780e+02 -1.4193230e+02      
1.7181233e+02 -1.1561262e+02      
1.7112262e+02 -1.1846037e+02      
1.7047871e+02 -1.2173809e+02      
1.6989475e+02 -1.2545435e+02      
1.6939237e+02 -1.2962492e+02      
1.6898592e+02 -1.3426526e+02      
1.6854826e+02 -1.3929382e+02      
1.6769313e+02 -1.4443849e+02      
1.6644270e+02 -1.4975814e+02      
1.6522044e+02 -1.5566882e+02      
1.6412105e+02 -1.6223195e+02      
1.6298126e+02 -1.6903576e+02      
1.6186558e+02 -1.7607779e+02      
1.5992318e+02 -1.8132697e+02      
1.5701850e+02 -1.8422040e+02      
1.5316786e+02 -1.8448461e+02      
1.4832381e+02 -1.8177432e+02      
1.4276393e+02 -1.7608467e+02      
1.3822871e+02 -1.7001292e+02      
1.3495693e+02 -1.6368327e+02      
1.5409968e+02 -1.3768569e+02      
1.5325551e+02 -1.4055714e+02      
1.5243186e+02 -1.4383528e+02      
1.5163490e+02 -1.4751926e+02      
1.5086456e+02 -1.5160648e+02      
1.5009662e+02 -1.5608177e+02      
1.4925177e+02 -1.6089800e+02      
1.4823360e+02 -1.6601266e+02      
1.4707547e+02 -1.7152284e+02      
1.4597580e+02 -1.7776845e+02      
1.4514099e+02 -1.8517865e+02      
1.4397223e+02 -1.9220354e+02      
1.4250045e+02 -1.9878013e+02      
1.4036954e+02 -2.0367709e+02      
1.3745990e+02 -2.0623009e+02      
1.3378493e+02 -2.0598070e+02      
1.2938783e+02 -2.0244374e+02      
1.2453440e+02 -1.9570916e+02      
1.2038714e+02 -1.8904428e+02      
1.1712675e+02 -1.8268286e+02      
1.3394011e+02 -1.5717710e+02      
1.3294759e+02 -1.6002875e+02      
1.3195042e+02 -1.6325611e+02      
1.3095050e+02 -1.6685071e+02      
1.2994172e+02 -1.7080072e+02      
1.2890344e+02 -1.7508806e+02      
1.2780002e+02 -1.7969137e+02      
1.2660511e+02 -1.8461053e+02      
1.2534197e+02 -1.8990840e+02      
1.2408458e+02 -1.9572063e+02      
1.2284757e+02 -2.0204623e+02      
1.2146904e+02 -2.0851591e+02      
1.1992236e+02 -2.1515483e+02      
1.1773281e+02 -2.1987476e+02      
1.1492460e+02 -2.2249236e+02      
1.1152368e+02 -2.2222921e+02      
1.0761823e+02 -2.1855211e+02      
1.0344297e+02 -2.1159716e+02      
9.9739647e+01 -2.0485002e+02      
9.6653865e+01 -1.9860123e+02      
1.1167543e+02 -1.7380445e+02      
1.1054414e+02 -1.7659821e+02      
1.0938667e+02 -1.7973195e+02      
1.0820446e+02 -1.8319159e+02      
1.0699289e+02 -1.8695992e+02      
1.0574021e+02 -1.9101688e+02      
1.0443086e+02 -1.9534332e+02      
1.0305583e+02 -1.9993009e+02      
1.0162220e+02 -2.0478330e+02      
1.0014298e+02 -2.0990074e+02      
9.8600798e+01 -2.1520174e+02      
9.6938441e+01 -2.2052095e+02      
9.5066947e+01 -2.2554881e+02      
9.2825503e+01 -2.2965269e+02      
9.0200040e+01 -2.3278663e+02      
8.7096314e+01 -2.3286956e+02      
8.3660695e+01 -2.2977631e+02      
8.0135017e+01 -2.2332104e+02      
7.6889091e+01 -2.1696625e+02      
7.4055291e+01 -2.1105101e+02      
8.7678455e+01 -1.8733599e+02      
8.6420362e+01 -1.9003928e+02      
8.5119099e+01 -1.9304383e+02      
8.3777578e+01 -1.9633096e+02      
8.2394493e+01 -1.9987868e+02      
8.0964654e+01 -2.0366196e+02      
7.9481240e+01 -2.0765397e+02      
7.7939478e+01 -2.1182694e+02      
7.6337856e+01 -2.1614744e+02      
7.4671792e+01 -2.2055896e+02      
7.2921873e+01 -2.2495511e+02      
7.1048569e+01 -2.2916104e+02      
6.8993808e+01 -2.3291274e+02      
6.6698509e+01 -2.3590418e+02      
6.4132285e+01 -2.3776316e+02      
6.1279552e+01 -2.3784547e+02      
5.8222164e+01 -2.3608994e+02      
5.5239203e+01 -2.3079642e+02      
5.2401277e+01 -2.2525448e+02      
4.9835991e+01 -2.1987417e+02      
