1.2917491e+01 2.4843662e+02      
1.0820312e+01 2.4678886e+02      
9.2048680e+00 2.4517346e+02      
8.0757408e+00 2.4363046e+02      
7.4383742e+00 2.4219094e+02      
7.3002123e+00 2.4087563e+02      
7.6715787e+00 2.3969536e+02      
8.5668080e+00 2.3865268e+02      
1.0006051e+01 2.3774425e+02      
1.2010410e+01 2.3696428e+02      
1.4493725e+01 2.3631949e+02      
1.7100986e+01 2.3585262e+02      
1.9644111e+01 2.3560105e+02      
2.2065156e+01 2.3557873e+02      
2.4390493e+01 2.3576714e+02      
2.6777991e+01 2.3611452e+02      
2.9555605e+01 2.3654408e+02      
3.2788105e+01 2.3701791e+02      
3.6439872e+01 2.3750896e+02      
4.0482964e+01 2.3798306e+02      
4.0690344e+01 2.3763307e+02      
3.8710032e+01 2.3589240e+02      
3.7203222e+01 2.3418238e+02      
3.6172355e+01 2.3254960e+02      
3.5622496e+01 2.3102814e+02      
3.5563280e+01 2.2963734e+02      
3.6010351e+01 2.2838271e+02      
3.6988234e+01 2.2725883e+02      
3.8540330e+01 2.2625216e+02      
4.0771391e+01 2.2533983e+02      
4.3811147e+01 2.2449663e+02      
4.6762759e+01 2.2381559e+02      
4.9399273e+01 2.2338179e+02      
5.1645536e+01 2.2323365e+02      
5.3539083e+01 2.2334411e+02      
5.5270049e+01 2.2362822e+02      
5.7701623e+01 2.2393305e+02      
6.0678929e+01 2.2425926e+02      
6.4082385e+01 2.2459518e+02      
6.7864474e+01 2.2490847e+02      
6.7350261e+01 2.2310023e+02      
6.5516185e+01 2.2123871e+02      
6.4139816e+01 2.1941380e+02      
6.3218761e+01 2.1768265e+02      
6.2755673e+01 2.1608416e+02      
6.2761089e+01 2.1463490e+02      
6.3253622e+01 2.1333165e+02      
6.4260001e+01 2.1215791e+02      
6.5819278e+01 2.1108974e+02      
6.7990845e+01 2.1009802e+02      
7.0798139e+01 2.0915076e+02      
7.4055247e+01 2.0824189e+02      
7.6793840e+01 2.0762154e+02      
7.8818405e+01 2.0739086e+02      
8.0280205e+01 2.0747515e+02      
8.2100785e+01 2.0760301e+02      
8.4424341e+01 2.0775818e+02      
8.7195531e+01 2.0794621e+02      
9.0339222e+01 2.0815493e+02      
9.3819098e+01 2.0834844e+02      
9.2486499e+01 2.0507436e+02      
9.0831246e+01 2.0305298e+02      
8.9610264e+01 2.0108346e+02      
8.8811436e+01 1.9924172e+02      
8.8431876e+01 1.9757544e+02      
8.8483142e+01 1.9609508e+02      
8.8987298e+01 1.9478128e+02      
8.9969258e+01 1.9360043e+02      
9.1451306e+01 1.9251649e+02      
9.3445085e+01 1.9149613e+02      
9.5929117e+01 1.9051024e+02      
9.8791613e+01 1.8954627e+02      
1.0164440e+02 1.8870492e+02      
1.0340699e+02 1.8845216e+02      
1.0510727e+02 1.8834105e+02      
1.0707747e+02 1.8827528e+02      
1.0937335e+02 1.8826547e+02      
1.1197066e+02 1.8832441e+02      
1.1483829e+02 1.8843958e+02      
1.1796915e+02 1.8856526e+02      
1.1571576e+02 1.8384547e+02      
1.1427862e+02 1.8160714e+02      
1.1324615e+02 1.7944518e+02      
1.1258615e+02 1.7747251e+02      
1.1228368e+02 1.7575591e+02      
1.1235649e+02 1.7429011e+02      
1.1283867e+02 1.7302205e+02      
1.1375763e+02 1.7188944e+02      
1.1512360e+02 1.7084020e+02      
1.1692396e+02 1.6983662e+02      
1.1911609e+02 1.6885302e+02      
1.2163371e+02 1.6786511e+02      
1.2428237e+02 1.6691307e+02      
1.2608054e+02 1.6652804e+02      
1.2795349e+02 1.6620122e+02      
1.3002910e+02 1.6591713e+02      
1.3229391e+02 1.6572652e+02      
1.3471304e+02 1.6566638e+02      
1.3726520e+02 1.6573346e+02      
1.3997972e+02 1.6586275e+02      
1.3668436e+02 1.5975856e+02      
1.3551631e+02 1.5721684e+02      
1.3472497e+02 1.5477644e+02      
1.3423315e+02 1.5263100e+02      
1.3399066e+02 1.5090253e+02      
1.3404554e+02 1.4953467e+02      
1.3446948e+02 1.4839739e+02      
1.3529999e+02 1.4738331e+02      
1.3653949e+02 1.4642245e+02      
1.3815965e+02 1.4547621e+02      
1.4010312e+02 1.4452787e+02      
1.4228078e+02 1.4357962e+02      
1.4450877e+02 1.4269524e+02      
1.4654303e+02 1.4199874e+02      
1.4858004e+02 1.4138928e+02      
1.5073206e+02 1.4084488e+02      
1.5297347e+02 1.4043344e+02      
1.5520633e+02 1.4025301e+02      
1.5736751e+02 1.4034123e+02      
1.5955666e+02 1.4058298e+02      
1.5506589e+02 1.3322209e+02      
1.5423217e+02 1.3024880e+02      
1.5377769e+02 1.2736253e+02      
1.5353902e+02 1.2491833e+02      
1.5328465e+02 1.2329931e+02      
1.5324275e+02 1.2219332e+02      
1.5356544e+02 1.2131294e+02      
1.5429267e+02 1.2050184e+02      
1.5541464e+02 1.1968128e+02      
1.5688630e+02 1.1882299e+02      
1.5863575e+02 1.1792553e+02      
1.6057041e+02 1.1700284e+02      
1.6258608e+02 1.1608267e+02      
1.6462410e+02 1.1518333e+02      
1.6672969e+02 1.1429022e+02      
1.6895182e+02 1.1342193e+02      
1.7124462e+02 1.1268636e+02      
1.7336540e+02 1.1231848e+02      
1.7495762e+02 1.1257344e+02      
1.7643013e+02 1.1311231e+02      
1.7055439e+02 1.0472793e+02      
1.7012320e+02 1.0115328e+02      
1.7012543e+02 9.7564151e+01      
1.7034523e+02 9.4513509e+01      
1.6988300e+02 9.3304358e+01      
1.6964412e+02 9.2712700e+01      
1.6982484e+02 9.2256875e+01      
1.7044930e+02 9.1735039e+01      
1.7148220e+02 9.1091742e+01      
1.7285495e+02 9.0334517e+01      
1.7447554e+02 8.9488647e+01      
1.7624738e+02 8.8576424e+01      
1.7810177e+02 8.7604170e+01      
1.8003497e+02 8.6550600e+01      
1.8211323e+02 8.5377503e+01      
1.8440964e+02 8.4091700e+01      
1.8688353e+02 8.2848659e+01      
1.8916947e+02 8.2074177e+01      
1.8980671e+02 8.2799457e+01      
1.9031107e+02 8.3909818e+01      
1.8286052e+02 7.4881115e+01      
1.8286277e+02 7.0544288e+01      
1.8333220e+02 6.6070021e+01      
1.8354364e+02 6.2975904e+01      
1.8334087e+02 6.1601746e+01      
1.8291568e+02 6.1701025e+01      
1.8295304e+02 6.1829809e+01      
1.8350124e+02 6.1650566e+01      
1.8449853e+02 6.1179401e+01      
1.8584540e+02 6.0507230e+01      
1.8741348e+02 5.9702133e+01      
1.8907012e+02 5.8806027e+01      
1.9074047e+02 5.7818557e+01      
1.9245984e+02 5.6677060e+01      
1.9438871e+02 5.5250404e+01      
1.9670941e+02 5.3458404e+01      
1.9933731e+02 5.1577702e+01      
2.0098259e+02 5.0910912e+01      
2.0137086e+02 5.1677048e+01      
2.0081532e+02 5.3585397e+01      
1.9170521e+02 4.4480838e+01      
1.9208127e+02 3.9380569e+01      
1.9253716e+02 3.4803042e+01      
1.9280830e+02 3.1606448e+01      
1.9282374e+02 3.0112234e+01      
1.9268487e+02 3.0108785e+01      
1.9266095e+02 3.0826009e+01      
1.9320426e+02 3.0882029e+01      
1.9424666e+02 3.0497088e+01      
1.9567799e+02 2.9853293e+01      
1.9731369e+02 2.9056534e+01      
1.9891251e+02 2.8187496e+01      
2.0034068e+02 2.7260614e+01      
2.0165111e+02 2.6186905e+01      
2.0313866e+02 2.4709568e+01      
2.0523627e+02 2.2481795e+01      
2.0705666e+02 2.0737682e+01      
2.0807530e+02 2.0197478e+01      
2.0811586e+02 2.1078593e+01      
2.0736339e+02 2.3095553e+01      
1.9686941e+02 1.4418901e+01      
1.9725987e+02 9.6536164e+00      
1.9785477e+02 4.6884056e+00      
1.9826585e+02 1.2416202e+00      
1.9845794e+02 -2.4801413e-01      
1.9849012e+02 -7.6132621e-02      
1.9871610e+02 1.2882617e-01      
1.9936413e+02 1.9930076e-02      
2.0052429e+02 -4.1637738e-01      
2.0219784e+02 -1.1202605e+00      
2.0416129e+02 -1.9887874e+00      
2.0581533e+02 -2.8353151e+00      
2.0693254e+02 -3.6056080e+00      
2.0754390e+02 -4.3699790e+00      
2.0794748e+02 -5.3367735e+00      
2.0874991e+02 -6.7891139e+00      
2.0989351e+02 -8.5734002e+00      
2.1035951e+02 -9.0651192e+00      
2.0994424e+02 -7.9183866e+00      
2.0878994e+02 -5.5267139e+00      
1.9845435e+02 -1.5187226e+01      
1.9898612e+02 -1.9587184e+01      
1.9969357e+02 -2.4042573e+01      
2.0029338e+02 -2.7853777e+01      
2.0065103e+02 -2.9277373e+01      
2.0085584e+02 -2.9858511e+01      
2.0117319e+02 -3.0173209e+01      
2.0185699e+02 -3.0517605e+01      
2.0310183e+02 -3.1053472e+01      
2.0509744e+02 -3.1877101e+01      
2.0783680e+02 -3.2966673e+01      
2.0963260e+02 -3.3803935e+01      
2.1039103e+02 -3.4337119e+01      
2.1010792e+02 -3.4598862e+01      
2.0885805e+02 -3.4695798e+01      
2.0828648e+02 -3.5173778e+01      
2.0823888e+02 -3.5934369e+01      
2.0820522e+02 -3.6430667e+01      
2.0733563e+02 -3.4933479e+01      
2.0633179e+02 -3.3178538e+01      
1.9651862e+02 -4.4151058e+01      
1.9736292e+02 -4.8376561e+01      
1.9846087e+02 -5.2582584e+01      
1.9934651e+02 -5.6088299e+01      
1.9981444e+02 -5.8242145e+01      
1.9992326e+02 -5.9367084e+01      
2.0007661e+02 -5.9951913e+01      
2.0059949e+02 -6.0371339e+01      
2.0174208e+02 -6.0909522e+01      
2.0375958e+02 -6.1775217e+01      
2.0661079e+02 -6.2993199e+01      
2.0831225e+02 -6.3759356e+01      
2.0869295e+02 -6.4005042e+01      
2.0772565e+02 -6.3734874e+01      
2.0551979e+02 -6.3018591e+01      
2.0398562e+02 -6.2642506e+01      
2.0304323e+02 -6.2499965e+01      
2.0227450e+02 -6.2168018e+01      
2.0134225e+02 -6.1162962e+01      
2.0038031e+02 -5.9933730e+01      
1.9103305e+02 -7.2091526e+01      
1.9226584e+02 -7.6340619e+01      
1.9411225e+02 -8.0783007e+01      
1.9539125e+02 -8.4482101e+01      
1.9599034e+02 -8.7113241e+01      
1.9573949e+02 -8.8455721e+01      
1.9544230e+02 -8.8932145e+01      
1.9555521e+02 -8.9139492e+01      
1.9634223e+02 -8.9474495e+01      
1.9800790e+02 -9.0188889e+01      
2.0047858e+02 -9.1343630e+01      
2.0181783e+02 -9.1923214e+01      
2.0183457e+02 -9.1866843e+01      
2.0048960e+02 -9.1161276e+01      
1.9789229e+02 -8.9838162e+01      
1.9588738e+02 -8.8874475e+01      
1.9444414e+02 -8.8165744e+01      
1.9326249e+02 -8.7438836e+01      
1.9216591e+02 -8.6545275e+01      
1.9113093e+02 -8.5576880e+01      
1.8197395e+02 -9.8526971e+01      
1.8334405e+02 -1.0278277e+02      
1.8534905e+02 -1.0737767e+02      
1.8687557e+02 -1.1140276e+02      
1.8787024e+02 -1.1464554e+02      
1.8820211e+02 -1.1676735e+02      
1.8721724e+02 -1.1666277e+02      
1.8675286e+02 -1.1636159e+02      
1.8698410e+02 -1.1625388e+02      
1.8797533e+02 -1.1653819e+02      
1.8964246e+02 -1.1729766e+02      
1.9039866e+02 -1.1752214e+02      
1.9008920e+02 -1.1717825e+02      
1.8866770e+02 -1.1623760e+02      
1.8619514e+02 -1.1467845e+02      
1.8415366e+02 -1.1345483e+02      
1.8253026e+02 -1.1246956e+02      
1.8114767e+02 -1.1155564e+02      
1.7990175e+02 -1.1064194e+02      
1.7875396e+02 -1.0975670e+02      
1.6948025e+02 -1.2300019e+02      
1.7071806e+02 -1.2714656e+02      
1.7231394e+02 -1.3156566e+02      
1.7391354e+02 -1.3591140e+02      
1.7533368e+02 -1.3984956e+02      
1.7623116e+02 -1.4267898e+02      
1.7526894e+02 -1.4246986e+02      
1.7433957e+02 -1.4157337e+02      
1.7393222e+02 -1.4081480e+02      
1.7406283e+02 -1.4041429e+02      
1.7446299e+02 -1.4027470e+02      
1.7451515e+02 -1.3999935e+02      
1.7393385e+02 -1.3940672e+02      
1.7266673e+02 -1.3845115e+02      
1.7089127e+02 -1.3722055e+02      
1.6911275e+02 -1.3602502e+02      
1.6750438e+02 -1.3494036e+02      
1.6604784e+02 -1.3392956e+02      
1.6470554e+02 -1.3297244e+02      
1.6345478e+02 -1.3208897e+02      
1.5385763e+02 -1.4513153e+02      
1.5494222e+02 -1.4915711e+02      
1.5636610e+02 -1.5359732e+02      
1.5806503e+02 -1.5838579e+02      
1.5984815e+02 -1.6309063e+02      
1.6054683e+02 -1.6572266e+02      
1.5998856e+02 -1.6597689e+02      
1.5858349e+02 -1.6429950e+02      
1.5757037e+02 -1.6276196e+02      
1.5700824e+02 -1.6171534e+02      
1.5665419e+02 -1.6099841e+02      
1.5618668e+02 -1.6033420e+02      
1.5539497e+02 -1.5954790e+02      
1.5422470e+02 -1.5858055e+02      
1.5276989e+02 -1.5747342e+02      
1.5121298e+02 -1.5632792e+02      
1.4968067e+02 -1.5521082e+02      
1.4821501e+02 -1.5414248e+02      
1.4681990e+02 -1.5313496e+02      
1.4549050e+02 -1.5221253e+02      
1.3545105e+02 -1.6457599e+02      
1.3637385e+02 -1.6839966e+02      
1.3764608e+02 -1.7275317e+02      
1.3935087e+02 -1.7785122e+02      
1.4058393e+02 -1.8180284e+02      
1.4104183e+02 -1.8412118e+02      
1.4066832e+02 -1.8469008e+02      
1.3961493e+02 -1.8366171e+02      
1.3820647e+02 -1.8151511e+02      
1.3725368e+02 -1.8012862e+02      
1.3651140e+02 -1.7915076e+02      
1.3574188e+02 -1.7827822e+02      
1.3480522e+02 -1.7736697e+02      
1.3365348e+02 -1.7636060e+02      
1.3232055e+02 -1.7526616e+02      
1.3088548e+02 -1.7412536e+02      
1.2942120e+02 -1.7298085e+02      
1.2797022e+02 -1.7186303e+02      
1.2655047e+02 -1.7079682e+02      
1.2516722e+02 -1.6981026e+02      
1.1462344e+02 -1.8105468e+02      
1.1533102e+02 -1.8451983e+02      
1.1623842e+02 -1.8825604e+02      
1.1723567e+02 -1.9204537e+02      
1.1795231e+02 -1.9512614e+02      
1.1818299e+02 -1.9710024e+02      
1.1788266e+02 -1.9786700e+02      
1.1712521e+02 -1.9752224e+02      
1.1610937e+02 -1.9644329e+02      
1.1514685e+02 -1.9535358e+02      
1.1425429e+02 -1.9438949e+02      
1.1333584e+02 -1.9345940e+02      
1.1231549e+02 -1.9249065e+02      
1.1116057e+02 -1.9144954e+02      
1.0988122e+02 -1.9033655e+02      
1.0851412e+02 -1.8917399e+02      
1.0710046e+02 -1.8799163e+02      
1.0567142e+02 -1.8681866e+02      
1.0424532e+02 -1.8568306e+02      
1.0283055e+02 -1.8461384e+02      
9.1784303e+01 -1.9440070e+02      
9.2261504e+01 -1.9744661e+02      
9.2816569e+01 -2.0054299e+02      
9.3347557e+01 -2.0347275e+02      
9.3696612e+01 -2.0590866e+02      
9.3741070e+01 -2.0759876e+02      
9.3440616e+01 -2.0845279e+02      
9.2835212e+01 -2.0853891e+02      
9.2030729e+01 -2.0807910e+02      
9.1144931e+01 -2.0735706e+02      
9.0223329e+01 -2.0653008e+02      
8.9249345e+01 -2.0563074e+02      
8.8193806e+01 -2.0465254e+02      
8.7040899e+01 -2.0359040e+02      
8.5794564e+01 -2.0245155e+02      
8.4473463e+01 -2.0125448e+02      
8.3101381e+01 -2.0002395e+02      
8.1699251e+01 -1.9878694e+02      
8.0281537e+01 -1.9757112e+02      
7.8856010e+01 -1.9640486e+02      
