1.9464519e+01 2.3950329e+02      
1.8388409e+01 2.3710365e+02      
1.7785181e+01 2.3474339e+02      
1.7540228e+01 2.3250551e+02      
1.7492327e+01 2.3047291e+02      
1.7518295e+01 2.2872051e+02      
1.7630324e+01 2.2731220e+02      
1.7868344e+01 2.2630016e+02      
1.8236943e+01 2.2572480e+02      
1.8737196e+01 2.2560958e+02      
1.9381390e+01 2.2595397e+02      
2.0192049e+01 2.2673008e+02      
2.1200836e+01 2.2788534e+02      
2.2446326e+01 2.2934998e+02      
2.3972210e+01 2.3104603e+02      
2.5825600e+01 2.3289565e+02      
2.8054774e+01 2.3482636e+02      
3.0706112e+01 2.3677243e+02      
3.3820393e+01 2.3867364e+02      
3.7429345e+01 2.4047325e+02      
4.7905389e+01 2.2938524e+02      
4.7203639e+01 2.2676720e+02      
4.7059119e+01 2.2414733e+02      
4.7329980e+01 2.2162761e+02      
4.7718092e+01 2.1931348e+02      
4.7845395e+01 2.1729137e+02      
4.7977723e+01 2.1563509e+02      
4.8237091e+01 2.1440196e+02      
4.8572653e+01 2.1364708e+02      
4.8972629e+01 2.1340893e+02      
4.9452207e+01 2.1369311e+02      
5.0036893e+01 2.1446368e+02      
5.0765831e+01 2.1564919e+02      
5.1684848e+01 2.1715645e+02      
5.2845807e+01 2.1888492e+02      
5.4305522e+01 2.2074052e+02      
5.6123588e+01 2.2264329e+02      
5.8358716e+01 2.2452667e+02      
6.1062927e+01 2.2633263e+02      
6.4276034e+01 2.2800696e+02      
7.4965420e+01 2.1573377e+02      
7.4704099e+01 2.1285455e+02      
7.5157199e+01 2.0991318e+02      
7.6174941e+01 2.0703893e+02      
7.7327341e+01 2.0439236e+02      
7.7318827e+01 2.0206052e+02      
7.7410415e+01 2.0013264e+02      
7.7790556e+01 1.9863695e+02      
7.8075566e+01 1.9767485e+02      
7.8358059e+01 1.9730946e+02      
7.8639617e+01 1.9756638e+02      
7.8948451e+01 1.9839292e+02      
7.9340652e+01 1.9968528e+02      
7.9866660e+01 2.0131414e+02      
8.0587375e+01 2.0314290e+02      
8.1570363e+01 2.0505468e+02      
8.2888981e+01 2.0696487e+02      
8.4619733e+01 2.0881290e+02      
8.6830967e+01 2.1054870e+02      
8.9572925e+01 2.1212402e+02      
1.0009861e+02 1.9883012e+02      
1.0029555e+02 1.9564909e+02      
1.0144180e+02 1.9230841e+02      
1.0330718e+02 1.8897751e+02      
1.0459799e+02 1.8592590e+02      
1.0508393e+02 1.8326401e+02      
1.0513070e+02 1.8106873e+02      
1.0600521e+02 1.7923218e+02      
1.0625338e+02 1.7798638e+02      
1.0653853e+02 1.7745468e+02      
1.0655562e+02 1.7774497e+02      
1.0652882e+02 1.7872008e+02      
1.0653189e+02 1.8023048e+02      
1.0659356e+02 1.8209713e+02      
1.0679581e+02 1.8411599e+02      
1.0721314e+02 1.8613622e+02      
1.0793285e+02 1.8808151e+02      
1.0906196e+02 1.8991354e+02      
1.1069467e+02 1.9159945e+02      
1.1289397e+02 1.9310037e+02      
1.2276275e+02 1.7902447e+02      
1.2328425e+02 1.7553876e+02      
1.2504657e+02 1.7173757e+02      
1.2694856e+02 1.6797151e+02      
1.2840461e+02 1.6449774e+02      
1.2927251e+02 1.6146555e+02      
1.2982090e+02 1.5890803e+02      
1.3061871e+02 1.5674422e+02      
1.3229080e+02 1.5486099e+02      
1.3308979e+02 1.5403441e+02      
1.3273495e+02 1.5445213e+02      
1.3240524e+02 1.5568111e+02      
1.3199842e+02 1.5756591e+02      
1.3148817e+02 1.5986500e+02      
1.3110802e+02 1.6219411e+02      
1.3086550e+02 1.6435882e+02      
1.3086099e+02 1.6634105e+02      
1.3127391e+02 1.6815950e+02      
1.3223954e+02 1.6980770e+02      
1.3383228e+02 1.7125636e+02      
1.4251579e+02 1.5670903e+02      
1.4297642e+02 1.5299958e+02      
1.4438935e+02 1.4896358e+02      
1.4651099e+02 1.4470339e+02      
1.4819201e+02 1.4077023e+02      
1.4927500e+02 1.3738076e+02      
1.5005954e+02 1.3449273e+02      
1.5175929e+02 1.3165719e+02      
1.5440679e+02 1.2904493e+02      
1.5598179e+02 1.2780152e+02      
1.5631904e+02 1.2810839e+02      
1.5592077e+02 1.2970021e+02      
1.5520718e+02 1.3212682e+02      
1.5406724e+02 1.3513552e+02      
1.5326451e+02 1.3790811e+02      
1.5222084e+02 1.4016880e+02      
1.5129630e+02 1.4213163e+02      
1.5085084e+02 1.4391583e+02      
1.5106227e+02 1.4553103e+02      
1.5200120e+02 1.4694881e+02      
1.5912081e+02 1.3227802e+02      
1.5938345e+02 1.2838257e+02      
1.6039693e+02 1.2416771e+02      
1.6202844e+02 1.1973486e+02      
1.6391617e+02 1.1530850e+02      
1.6510329e+02 1.1159125e+02      
1.6668878e+02 1.0801699e+02      
1.6916530e+02 1.0445589e+02      
1.7248324e+02 1.0111072e+02      
1.7474648e+02 9.9445975e+01      
1.7556605e+02 9.9779881e+01      
1.7482944e+02 1.0205185e+02      
1.7415326e+02 1.0506715e+02      
1.7365889e+02 1.0850050e+02      
1.7312916e+02 1.1184401e+02      
1.7096200e+02 1.1399557e+02      
1.6884257e+02 1.1584455e+02      
1.6737198e+02 1.1756203e+02      
1.6676264e+02 1.1915014e+02      
1.6703651e+02 1.2056303e+02      
1.7244690e+02 1.0613961e+02      
1.7250726e+02 1.0206116e+02      
1.7319840e+02 9.7651937e+01      
1.7442283e+02 9.3033126e+01      
1.7597085e+02 8.8417879e+01      
1.7762228e+02 8.4059654e+01      
1.7974691e+02 7.9841170e+01      
1.8271434e+02 7.5628589e+01      
1.8648979e+02 7.1608396e+01      
1.8939780e+02 6.9510195e+01      
1.9094563e+02 6.9752205e+01      
1.9026762e+02 7.2373532e+01      
1.8981629e+02 7.6020393e+01      
1.8990109e+02 8.0063934e+01      
1.8887005e+02 8.3533228e+01      
1.8643783e+02 8.6080079e+01      
1.8298318e+02 8.7826275e+01      
1.8036532e+02 8.9476086e+01      
1.7893658e+02 9.1060225e+01      
1.7860570e+02 9.2507052e+01      
1.8238641e+02 7.8734629e+01      
1.8226549e+02 7.4465158e+01      
1.8271867e+02 6.9814878e+01      
1.8368693e+02 6.4900916e+01      
1.8506520e+02 5.9927090e+01      
1.8681320e+02 5.5092411e+01      
1.8911354e+02 5.0397551e+01      
1.9226438e+02 4.5708254e+01      
1.9629025e+02 4.1147297e+01      
1.9973210e+02 3.8607061e+01      
2.0147564e+02 3.8567240e+01      
2.0169195e+02 4.0945680e+01      
2.0130891e+02 4.5315490e+01      
2.0066569e+02 4.9697138e+01      
1.9916767e+02 5.3382346e+01      
1.9648438e+02 5.6231635e+01      
1.9285598e+02 5.8358565e+01      
1.8921091e+02 6.0022345e+01      
1.8719394e+02 6.1670827e+01      
1.8643781e+02 6.3210189e+01      
1.8885272e+02 5.0537436e+01      
1.8856552e+02 4.6080204e+01      
1.8882983e+02 4.1154766e+01      
1.8964311e+02 3.5814834e+01      
1.9092607e+02 3.0295301e+01      
1.9251428e+02 2.5103244e+01      
1.9464846e+02 2.0134018e+01      
1.9760844e+02 1.5276962e+01      
2.0154830e+02 1.0519893e+01      
2.0464883e+02 7.7450001e+00      
2.0630343e+02 7.5022012e+00      
2.0657751e+02 9.6891968e+00      
2.0594466e+02 1.3750604e+01      
2.0498240e+02 1.8541807e+01      
2.0335396e+02 2.2306715e+01      
2.0042075e+02 2.5269322e+01      
1.9642537e+02 2.7596336e+01      
1.9327743e+02 2.9588178e+01      
1.9129833e+02 3.1427842e+01      
1.9038145e+02 3.3125077e+01      
1.9179434e+02 2.2044352e+01      
1.9133601e+02 1.7435949e+01      
1.9140717e+02 1.2271149e+01      
1.9207362e+02 6.4772201e+00      
1.9338459e+02 4.1574450e-02      
1.9458917e+02 -5.4244089e+00      
1.9632674e+02 -1.0618014e+01      
1.9862143e+02 -1.5255863e+01      
2.0139278e+02 -1.9191893e+01      
2.0417849e+02 -2.2098932e+01      
2.0551652e+02 -2.2291400e+01      
2.0534445e+02 -1.9981626e+01      
2.0397294e+02 -1.5848320e+01      
2.0279719e+02 -1.1953892e+01      
2.0162314e+02 -8.6741195e+00      
1.9857188e+02 -5.8180017e+00      
1.9549961e+02 -3.3870163e+00      
1.9301756e+02 -1.2087710e+00      
1.9132760e+02 8.2388477e-01      
1.9044339e+02 2.7207948e+00      
1.9121085e+02 -6.2492942e+00      
1.9056021e+02 -1.0936539e+01      
1.9038840e+02 -1.6213484e+01      
1.9073643e+02 -2.2134527e+01      
1.9160346e+02 -2.8719974e+01      
1.9287509e+02 -3.5667350e+01      
1.9422562e+02 -4.1351999e+01      
1.9577826e+02 -4.5704268e+01      
1.9747246e+02 -4.8684427e+01      
1.9901838e+02 -5.0190775e+01      
1.9986673e+02 -4.9961470e+01      
1.9915961e+02 -4.7413327e+01      
1.9799419e+02 -4.4447767e+01      
1.9672105e+02 -4.1551805e+01      
1.9520367e+02 -3.8877181e+01      
1.9304870e+02 -3.6399582e+01      
1.9080308e+02 -3.4085607e+01      
1.8889486e+02 -3.1858542e+01      
1.8752014e+02 -2.9668449e+01      
1.8675264e+02 -2.7540413e+01      
1.8716350e+02 -3.3873252e+01      
1.8629910e+02 -3.8555425e+01      
1.8584505e+02 -4.3807367e+01      
1.8581970e+02 -4.9654661e+01      
1.8623182e+02 -5.6201716e+01      
1.8704921e+02 -6.3457742e+01      
1.8790325e+02 -6.9386298e+01      
1.8881018e+02 -7.3388266e+01      
1.8968538e+02 -7.5403372e+01      
1.9028408e+02 -7.5616723e+01      
1.9044740e+02 -7.5256780e+01      
1.8989369e+02 -7.3969078e+01      
1.8889685e+02 -7.2194897e+01      
1.8764353e+02 -7.0240080e+01      
1.8615369e+02 -6.8237017e+01      
1.8444897e+02 -6.6225307e+01      
1.8272931e+02 -6.4166717e+01      
1.8123649e+02 -6.1982542e+01      
1.8013347e+02 -5.9640931e+01      
1.7950263e+02 -5.7223225e+01      
1.7977548e+02 -6.0394519e+01      
1.7868573e+02 -6.5001275e+01      
1.7793659e+02 -7.0124253e+01      
1.7753467e+02 -7.5734527e+01      
1.7746307e+02 -8.1823696e+01      
1.7764759e+02 -8.8287428e+01      
1.7796066e+02 -9.4422360e+01      
1.7835362e+02 -9.7953427e+01      
1.7869423e+02 -9.9156119e+01      
1.7881319e+02 -9.9782347e+01      
1.7860597e+02 -1.0000101e+02      
1.7800198e+02 -9.9721834e+01      
1.7704743e+02 -9.8968405e+01      
1.7582973e+02 -9.7850446e+01      
1.7443110e+02 -9.6515462e+01      
1.7295010e+02 -9.5042679e+01      
1.7152783e+02 -9.3367782e+01      
1.7031366e+02 -9.1308062e+01      
1.6942074e+02 -8.8760294e+01      
1.6891969e+02 -8.5921691e+01      
1.6922604e+02 -8.5416472e+01      
1.6790900e+02 -8.9905459e+01      
1.6686816e+02 -9.4850855e+01      
1.6610931e+02 -1.0014650e+02      
1.6560976e+02 -1.0565470e+02      
1.6527972e+02 -1.1141345e+02      
1.6504554e+02 -1.1698572e+02      
1.6509480e+02 -1.1968458e+02      
1.6506216e+02 -1.2138516e+02      
1.6483678e+02 -1.2270031e+02      
1.6437323e+02 -1.2371289e+02      
1.6364932e+02 -1.2437397e+02      
1.6266362e+02 -1.2455906e+02      
1.6142090e+02 -1.2411603e+02      
1.6004617e+02 -1.2338134e+02      
1.5866293e+02 -1.2253727e+02      
1.5740155e+02 -1.2148096e+02      
1.5637541e+02 -1.1975818e+02      
1.5563182e+02 -1.1677567e+02      
1.5525117e+02 -1.1323438e+02      
1.5574448e+02 -1.0857031e+02      
1.5420343e+02 -1.1292938e+02      
1.5288028e+02 -1.1770583e+02      
1.5179702e+02 -1.2272518e+02      
1.5096361e+02 -1.2754847e+02      
1.5026866e+02 -1.3249209e+02      
1.4961965e+02 -1.3731958e+02      
1.4937166e+02 -1.3985020e+02      
1.4901701e+02 -1.4198587e+02      
1.4849816e+02 -1.4397012e+02      
1.4781147e+02 -1.4581790e+02      
1.4696115e+02 -1.4748101e+02      
1.4594427e+02 -1.4871206e+02      
1.4458104e+02 -1.4863510e+02      
1.4314674e+02 -1.4836528e+02      
1.4174928e+02 -1.4826296e+02      
1.4052985e+02 -1.4819200e+02      
1.3965142e+02 -1.4735667e+02      
1.3899638e+02 -1.4336032e+02      
1.3876220e+02 -1.3869160e+02      
1.3960703e+02 -1.2950419e+02      
1.3784752e+02 -1.3373371e+02      
1.3625325e+02 -1.3834823e+02      
1.3490497e+02 -1.4289954e+02      
1.3380299e+02 -1.4721386e+02      
1.3291118e+02 -1.5122524e+02      
1.3212789e+02 -1.5494785e+02      
1.3146561e+02 -1.5790685e+02      
1.3077645e+02 -1.6051621e+02      
1.2998489e+02 -1.6309140e+02      
1.2907923e+02 -1.6575649e+02      
1.2807460e+02 -1.6839369e+02      
1.2688308e+02 -1.7004950e+02      
1.2548968e+02 -1.7068161e+02      
1.2395837e+02 -1.7074968e+02      
1.2243466e+02 -1.7147223e+02      
1.2109458e+02 -1.7259078e+02      
1.2018613e+02 -1.7148582e+02      
1.1973724e+02 -1.6762982e+02      
1.1975486e+02 -1.6160647e+02      
1.2114151e+02 -1.4786384e+02      
1.1917977e+02 -1.5193469e+02      
1.1738261e+02 -1.5615850e+02      
1.1581809e+02 -1.6027372e+02      
1.1450656e+02 -1.6411850e+02      
1.1342050e+02 -1.6760930e+02      
1.1248489e+02 -1.7073553e+02      
1.1154742e+02 -1.7369663e+02      
1.1057810e+02 -1.7654039e+02      
1.0953991e+02 -1.7948642e+02      
1.0840411e+02 -1.8280302e+02      
1.0716129e+02 -1.8563165e+02      
1.0582307e+02 -1.8755310e+02      
1.0439579e+02 -1.8859218e+02      
1.0284942e+02 -1.8931948e+02      
1.0112567e+02 -1.9076675e+02      
9.9638789e+01 -1.9161061e+02      
9.8692513e+01 -1.9040065e+02      
9.8398942e+01 -1.8664407e+02      
9.8673156e+01 -1.8079784e+02      
1.0071708e+02 -1.6331867e+02      
9.8670542e+01 -1.6695671e+02      
9.6687054e+01 -1.7086205e+02      
9.4937977e+01 -1.7460353e+02      
9.3472017e+01 -1.7801963e+02      
9.2247389e+01 -1.8107369e+02      
9.1069765e+01 -1.8402086e+02      
8.9896652e+01 -1.8688664e+02      
8.8704162e+01 -1.8970710e+02      
8.7464763e+01 -1.9258426e+02      
8.6141519e+01 -1.9560860e+02      
8.4695147e+01 -1.9864397e+02      
8.3245260e+01 -2.0069846e+02      
8.1840214e+01 -2.0169731e+02      
8.0418447e+01 -2.0208036e+02      
7.8804388e+01 -2.0306175e+02      
7.7072882e+01 -2.0436274e+02      
7.6026941e+01 -2.0337803e+02      
7.5893781e+01 -1.9958547e+02      
7.6458305e+01 -1.9355946e+02      
7.8664361e+01 -1.7576674e+02      
7.6578476e+01 -1.7897058e+02      
7.4552480e+01 -1.8237227e+02      
7.2643827e+01 -1.8578379e+02      
7.1069596e+01 -1.8880871e+02      
6.9615300e+01 -1.9168895e+02      
6.8216556e+01 -1.9447763e+02      
6.6843896e+01 -1.9718542e+02      
6.5475218e+01 -1.9982834e+02      
6.4087958e+01 -2.0243430e+02      
6.2657292e+01 -2.0501012e+02      
6.1161812e+01 -2.0747229e+02      
5.9625038e+01 -2.0952238e+02      
5.8307343e+01 -2.1019446e+02      
5.6948474e+01 -2.1058643e+02      
5.5518940e+01 -2.1102344e+02      
5.4075715e+01 -2.1134396e+02      
5.2864899e+01 -2.1074686e+02      
5.2921036e+01 -2.0687519e+02      
5.3227170e+01 -2.0217832e+02      
