6.0614512e+00 2.3815824e+02      
4.6719278e+00 2.3542583e+02      
3.5973998e+00 2.3288179e+02      
2.7101046e+00 2.3061265e+02      
1.9143757e+00 2.2869264e+02      
1.1756820e+00 2.2717445e+02      
5.1934440e-01 2.2608601e+02      
2.4857029e-03 2.2543531e+02      
-3.2391302e-01 2.2522141e+02      
-4.2767069e-01 2.2544254e+02      
-2.8294135e-01 2.2609827e+02      
1.4418473e-01 2.2718847e+02      
9.0145556e-01 2.2870867e+02      
2.0484247e+00 2.3064202e+02      
3.6508357e+00 2.3295063e+02      
5.7743225e+00 2.3557168e+02      
8.4780017e+00 2.3842066e+02      
1.1808826e+01 2.4139937e+02      
1.5798161e+01 2.4440432e+02      
2.0460906e+01 2.4733290e+02      
3.4825880e+01 2.2586706e+02      
3.3950907e+01 2.2285831e+02      
3.3382548e+01 2.2002577e+02      
3.2890764e+01 2.1748511e+02      
3.2316375e+01 2.1533193e+02      
3.1620815e+01 2.1362772e+02      
3.0878324e+01 2.1239321e+02      
3.0222547e+01 2.1161452e+02      
2.9733067e+01 2.1127523e+02      
2.9425443e+01 2.1136904e+02      
2.9304690e+01 2.1189857e+02      
2.9397731e+01 2.1287483e+02      
2.9759966e+01 2.1431143e+02      
3.0466935e+01 2.1620978e+02      
3.1603151e+01 2.1853990e+02      
3.3254006e+01 2.2123113e+02      
3.5496592e+01 2.2418011e+02      
3.8390435e+01 2.2726744e+02      
4.1973112e+01 2.3037164e+02      
4.6260666e+01 2.3337706e+02      
6.2546751e+01 2.0994041e+02      
6.2371558e+01 2.0659920e+02      
6.2582885e+01 2.0339882e+02      
6.2655737e+01 2.0053078e+02      
6.2348477e+01 1.9811584e+02      
6.1629460e+01 1.9623097e+02      
6.0647389e+01 1.9489284e+02      
5.9787863e+01 1.9401537e+02      
5.9138303e+01 1.9356193e+02      
5.8631854e+01 1.9352450e+02      
5.8221458e+01 1.9390767e+02      
5.7921943e+01 1.9473839e+02      
5.7805973e+01 1.9606366e+02      
5.7976430e+01 1.9792506e+02      
5.8541736e+01 2.0031207e+02      
5.9615257e+01 2.0313720e+02      
6.1301269e+01 2.0626108e+02      
6.3675111e+01 2.0953066e+02      
6.6779046e+01 2.1280093e+02      
7.0627012e+01 2.1594217e+02      
8.8650862e+01 1.9068030e+02      
8.9314329e+01 1.8696402e+02      
9.0737897e+01 1.8327866e+02      
9.1540563e+01 1.8003425e+02      
9.1534091e+01 1.7731620e+02      
9.0732709e+01 1.7523644e+02      
8.9231826e+01 1.7387891e+02      
8.8184419e+01 1.7293031e+02      
8.7472805e+01 1.7237886e+02      
8.6827887e+01 1.7220831e+02      
8.6118431e+01 1.7241212e+02      
8.5353630e+01 1.7303332e+02      
8.4652748e+01 1.7417559e+02      
8.4178512e+01 1.7597557e+02      
8.4047442e+01 1.7847508e+02      
8.4418733e+01 1.8153566e+02      
8.5446127e+01 1.8494110e+02      
8.7221302e+01 1.8848693e+02      
8.9784676e+01 1.9200090e+02      
9.3141251e+01 1.9534177e+02      
1.1253949e+02 1.6844999e+02      
1.1389401e+02 1.6440196e+02      
1.1612967e+02 1.6035971e+02      
1.1773094e+02 1.5680562e+02      
1.1799206e+02 1.5370347e+02      
1.1722779e+02 1.5130010e+02      
1.1576884e+02 1.4976371e+02      
1.1485407e+02 1.4870155e+02      
1.1439179e+02 1.4809921e+02      
1.1374075e+02 1.4780791e+02      
1.1272941e+02 1.4778825e+02      
1.1139027e+02 1.4808644e+02      
1.0991122e+02 1.4886542e+02      
1.0873234e+02 1.5050776e+02      
1.0771873e+02 1.5325113e+02      
1.0722304e+02 1.5672682e+02      
1.0748733e+02 1.6056627e+02      
1.0859816e+02 1.6450361e+02      
1.1057746e+02 1.6834527e+02      
1.1340948e+02 1.7194896e+02      
1.3372116e+02 1.4362334e+02      
1.3558907e+02 1.3929540e+02      
1.3833673e+02 1.3513690e+02      
1.4125445e+02 1.3144653e+02      
1.4156952e+02 1.2778936e+02      
1.4083097e+02 1.2489343e+02      
1.3975278e+02 1.2286351e+02      
1.3910501e+02 1.2160023e+02      
1.3935153e+02 1.2105836e+02      
1.3871358e+02 1.2064989e+02      
1.3738090e+02 1.2036571e+02      
1.3544997e+02 1.2022113e+02      
1.3286635e+02 1.2033540e+02      
1.3124783e+02 1.2163254e+02      
1.2908019e+02 1.2492318e+02      
1.2755982e+02 1.2909314e+02      
1.2697627e+02 1.3357064e+02      
1.2738782e+02 1.3802628e+02      
1.2877032e+02 1.4227318e+02      
1.3107067e+02 1.4619241e+02      
1.5182414e+02 1.1658022e+02      
1.5418330e+02 1.1187769e+02      
1.5759958e+02 1.0730644e+02      
1.6161415e+02 1.0307996e+02      
1.6315106e+02 9.9096476e+01      
1.6230326e+02 9.5725443e+01      
1.6109967e+02 9.3306711e+01      
1.5993066e+02 9.1794183e+01      
1.5958542e+02 9.0994177e+01      
1.5842322e+02 9.0410093e+01      
1.5672061e+02 8.9855537e+01      
1.5464077e+02 8.9265981e+01      
1.5206412e+02 8.8965242e+01      
1.4978580e+02 9.0515682e+01      
1.4738611e+02 9.4051828e+01      
1.4489639e+02 9.9174561e+01      
1.4345833e+02 1.0450788e+02      
1.4319279e+02 1.0958814e+02      
1.4401322e+02 1.1428453e+02      
1.4580767e+02 1.1854782e+02      
1.6651390e+02 8.7772114e+01      
1.6929199e+02 8.2580916e+01      
1.7326791e+02 7.7370958e+01      
1.7807724e+02 7.2333737e+01      
1.8062475e+02 6.7814761e+01      
1.8087893e+02 6.4106830e+01      
1.7959879e+02 6.1414364e+01      
1.7695904e+02 5.9770719e+01      
1.7460485e+02 5.8834240e+01      
1.7232046e+02 5.8201906e+01      
1.7009995e+02 5.7540500e+01      
1.6818510e+02 5.6555943e+01      
1.6597572e+02 5.6577862e+01      
1.6362672e+02 5.8429533e+01      
1.6113240e+02 6.2315346e+01      
1.5858987e+02 6.7849515e+01      
1.5645429e+02 7.4133640e+01      
1.5565753e+02 7.9803134e+01      
1.5601441e+02 8.4920399e+01      
1.5736158e+02 8.9522087e+01      
1.7750226e+02 5.7736512e+01      
1.8054489e+02 5.2004495e+01      
1.8484068e+02 4.6069009e+01      
1.9006112e+02 4.0115951e+01      
1.9315399e+02 3.4967065e+01      
1.9395911e+02 3.0889082e+01      
1.9287234e+02 2.7967673e+01      
1.9019112e+02 2.6197735e+01      
1.8635674e+02 2.5437273e+01      
1.8297032e+02 2.5003554e+01      
1.7987581e+02 2.4730431e+01      
1.7734613e+02 2.4398770e+01      
1.7526505e+02 2.4341622e+01      
1.7295772e+02 2.6324388e+01      
1.7034083e+02 3.0727248e+01      
1.6758042e+02 3.6990818e+01      
1.6554849e+02 4.3322408e+01      
1.6454416e+02 4.9270134e+01      
1.6457138e+02 5.4720856e+01      
1.6554618e+02 5.9632111e+01      
1.8459381e+02 2.7060263e+01      
1.8770929e+02 2.0808483e+01      
1.9204594e+02 1.4177402e+01      
1.9728716e+02 7.3557380e+00      
2.0047443e+02 1.6301685e+00      
2.0139169e+02 -2.7479035e+00      
2.0038123e+02 -5.7975627e+00      
1.9777654e+02 -7.6025777e+00      
1.9406524e+02 -8.3674641e+00      
1.9016531e+02 -8.5759998e+00      
1.8606983e+02 -8.2508381e+00      
1.8302650e+02 -7.9815677e+00      
1.8066271e+02 -7.3568319e+00      
1.7843598e+02 -5.4897685e+00      
1.7558614e+02 -3.4687810e-01      
1.7291684e+02 5.8882702e+00      
1.7092468e+02 1.2287399e+01      
1.6979956e+02 1.8455060e+01      
1.6958548e+02 2.4192982e+01      
1.7025381e+02 2.9389606e+01      
1.8770723e+02 -3.6610906e+00      
1.9070291e+02 -1.0344832e+01      
1.9480686e+02 -1.7538994e+01      
1.9970490e+02 -2.5045829e+01      
2.0261582e+02 -3.1163023e+01      
2.0331176e+02 -3.5657940e+01      
2.0209459e+02 -3.8624953e+01      
1.9944232e+02 -4.0361634e+01      
1.9546983e+02 -4.0841798e+01      
1.9169242e+02 -4.1066988e+01      
1.8813297e+02 -4.0948043e+01      
1.8515323e+02 -4.0528607e+01      
1.8281148e+02 -3.9604582e+01      
1.8082928e+02 -3.7486586e+01      
1.7760266e+02 -3.1926910e+01      
1.7479208e+02 -2.5379234e+01      
1.7271495e+02 -1.8684683e+01      
1.7145330e+02 -1.2209216e+01      
1.7103739e+02 -6.1720542e+00      
1.7144842e+02 -6.9960164e-01      
1.8687759e+02 -3.3858510e+01      
1.8959019e+02 -4.0838637e+01      
1.9322388e+02 -4.8379190e+01      
1.9744323e+02 -5.6247732e+01      
1.9973772e+02 -6.2417595e+01      
2.0005892e+02 -6.6891975e+01      
1.9838531e+02 -6.9541235e+01      
1.9599998e+02 -7.1462621e+01      
1.9293339e+02 -7.2558884e+01      
1.8966972e+02 -7.3097233e+01      
1.8650652e+02 -7.3206350e+01      
1.8372964e+02 -7.2930306e+01      
1.8147270e+02 -7.2042014e+01      
1.7940429e+02 -6.9650608e+01      
1.7615451e+02 -6.3601000e+01      
1.7318163e+02 -5.6374382e+01      
1.7095219e+02 -4.9115334e+01      
1.6954778e+02 -4.2229068e+01      
1.6895913e+02 -3.5869514e+01      
1.6915468e+02 -3.0130423e+01      
1.8224584e+02 -6.3016087e+01      
1.8457346e+02 -7.0147301e+01      
1.8757395e+02 -7.7772176e+01      
1.9086538e+02 -8.5592750e+01      
1.9224547e+02 -9.1366114e+01      
1.9254591e+02 -9.6114671e+01      
1.9165601e+02 -9.9631184e+01      
1.8986417e+02 -1.0207078e+02      
1.8742345e+02 -1.0359491e+02      
1.8459477e+02 -1.0441945e+02      
1.8151240e+02 -1.0464539e+02      
1.7881562e+02 -1.0465966e+02      
1.7667848e+02 -1.0412557e+02      
1.7423996e+02 -1.0092139e+02      
1.7125372e+02 -9.4751635e+01      
1.6803134e+02 -8.6351421e+01      
1.6565981e+02 -7.8375737e+01      
1.6414781e+02 -7.1048442e+01      
1.6342794e+02 -6.4376893e+01      
1.6345239e+02 -5.8400435e+01      
1.7403218e+02 -9.0677872e+01      
1.7596882e+02 -9.7868993e+01      
1.7834189e+02 -1.0541420e+02      
1.8068816e+02 -1.1284710e+02      
1.8221619e+02 -1.1932160e+02      
1.8290664e+02 -1.2479936e+02      
1.8272521e+02 -1.2915831e+02      
1.8142573e+02 -1.3203280e+02      
1.7922914e+02 -1.3359834e+02      
1.7665236e+02 -1.3448267e+02      
1.7309399e+02 -1.3440017e+02      
1.7029839e+02 -1.3462731e+02      
1.6772956e+02 -1.3303430e+02      
1.6509206e+02 -1.2916008e+02      
1.6224847e+02 -1.2283750e+02      
1.5924382e+02 -1.1420126e+02      
1.5691006e+02 -1.0578396e+02      
1.5536672e+02 -9.8092564e+01      
1.5457270e+02 -9.1172574e+01      
1.5447608e+02 -8.5021971e+01      
1.6248895e+02 -1.1641950e+02      
1.6410894e+02 -1.2365240e+02      
1.6616302e+02 -1.3132563e+02      
1.6835862e+02 -1.3912583e+02      
1.7007922e+02 -1.4629863e+02      
1.7116653e+02 -1.5253992e+02      
1.7174716e+02 -1.5783736e+02      
1.7066866e+02 -1.6084809e+02      
1.6813820e+02 -1.6173641e+02      
1.6435764e+02 -1.6097670e+02      
1.6085927e+02 -1.6083922e+02      
1.5774703e+02 -1.5966592e+02      
1.5491410e+02 -1.5703030e+02      
1.5221675e+02 -1.5272962e+02      
1.4958486e+02 -1.4672293e+02      
1.4706957e+02 -1.3922105e+02      
1.4487700e+02 -1.3072088e+02      
1.4338559e+02 -1.2282017e+02      
1.4258073e+02 -1.1575954e+02      
1.4241588e+02 -1.0954098e+02      
1.4786356e+02 -1.3981524e+02      
1.4920216e+02 -1.4702086e+02      
1.5109326e+02 -1.5487663e+02      
1.5362362e+02 -1.6353337e+02      
1.5558965e+02 -1.7149331e+02      
1.5674757e+02 -1.7820836e+02      
1.5693054e+02 -1.8324540e+02      
1.5570682e+02 -1.8593668e+02      
1.5291634e+02 -1.8596899e+02      
1.4872868e+02 -1.8360780e+02      
1.4498296e+02 -1.8142429e+02      
1.4173170e+02 -1.7888229e+02      
1.3882687e+02 -1.7546165e+02      
1.3617801e+02 -1.7096444e+02      
1.3375018e+02 -1.6539718e+02      
1.3158505e+02 -1.5906736e+02      
1.2980127e+02 -1.5254001e+02      
1.2845291e+02 -1.4465844e+02      
1.2769881e+02 -1.3768512e+02      
1.2751636e+02 -1.3156356e+02      
1.3042213e+02 -1.6047125e+02      
1.3142433e+02 -1.6746790e+02      
1.3288832e+02 -1.7504232e+02      
1.3480106e+02 -1.8325014e+02      
1.3691153e+02 -1.9186758e+02      
1.3811083e+02 -1.9906250e+02      
1.3815120e+02 -2.0414649e+02      
1.3684950e+02 -2.0659236e+02      
1.3406762e+02 -2.0598161e+02      
1.2997734e+02 -2.0248084e+02      
1.2626330e+02 -1.9899712e+02      
1.2304923e+02 -1.9550036e+02      
1.2021476e+02 -1.9155750e+02      
1.1769325e+02 -1.8695609e+02      
1.1546394e+02 -1.8167708e+02      
1.1355153e+02 -1.7587982e+02      
1.1200830e+02 -1.6969530e+02      
1.1088000e+02 -1.6304151e+02      
1.1023093e+02 -1.5664022e+02      
1.1007242e+02 -1.5079380e+02      
1.1049591e+02 -1.7809022e+02      
1.1111462e+02 -1.8470569e+02      
1.1206536e+02 -1.9173919e+02      
1.1329760e+02 -1.9917398e+02      
1.1467190e+02 -2.0690792e+02      
1.1587658e+02 -2.1454359e+02      
1.1596221e+02 -2.1997843e+02      
1.1476018e+02 -2.2249384e+02      
1.1220671e+02 -2.2162515e+02      
1.0849978e+02 -2.1756239e+02      
1.0506431e+02 -2.1348142e+02      
1.0205333e+02 -2.0951454e+02      
9.9399690e+01 -2.0531783e+02      
9.7066495e+01 -2.0070394e+02      
9.5044832e+01 -1.9562735e+02      
9.3349898e+01 -1.9014605e+02      
9.2011267e+01 -1.8435396e+02      
9.1061783e+01 -1.7839754e+02      
9.0529065e+01 -1.7255117e+02      
9.0420914e+01 -1.6704461e+02      
8.8477936e+01 -1.9247734e+02      
8.8713264e+01 -1.9860796e+02      
8.9180870e+01 -2.0500114e+02      
8.9812820e+01 -2.1158112e+02      
9.0494535e+01 -2.1822802e+02      
9.1043055e+01 -2.2472065e+02      
9.1161339e+01 -2.3053479e+02      
9.0146814e+01 -2.3341341e+02      
8.7953077e+01 -2.3270642e+02      
8.4795120e+01 -2.2863803e+02      
8.1788204e+01 -2.2450442e+02      
7.9094384e+01 -2.2047630e+02      
7.6699920e+01 -2.1627575e+02      
7.4600320e+01 -2.1176215e+02      
7.2801430e+01 -2.0689721e+02      
7.1318691e+01 -2.0171733e+02      
7.0173143e+01 -1.9630944e+02      
6.9385611e+01 -1.9080630e+02      
6.8970385e+01 -1.8537873e+02      
6.8929305e+01 -1.8018936e+02      
6.4793397e+01 -2.0351081e+02      
6.4673762e+01 -2.0910796e+02      
6.4715866e+01 -2.1483148e+02      
6.4852275e+01 -2.2057209e+02      
6.4982744e+01 -2.2617684e+02      
6.4972918e+01 -2.3143411e+02      
6.4647671e+01 -2.3601555e+02      
6.3774952e+01 -2.3927610e+02      
6.1959942e+01 -2.3900820e+02      
5.9420086e+01 -2.3557657e+02      
5.6909785e+01 -2.3190905e+02      
5.4589239e+01 -2.2815011e+02      
5.2496576e+01 -2.2414730e+02      
5.0657807e+01 -2.1983904e+02      
4.9093987e+01 -2.1522146e+02      
4.7824841e+01 -2.1033763e+02      
4.6868690e+01 -2.0526830e+02      
4.6240130e+01 -2.0012401e+02      
4.5946802e+01 -1.9503324e+02      
4.5986486e+01 -1.9012273e+02      
