2.3819482e+01 2.4448742e+02      
2.2283316e+01 2.4293142e+02      
2.1233625e+01 2.4132853e+02      
2.0675577e+01 2.3971432e+02      
2.0610600e+01 2.3812325e+02      
2.1034910e+01 2.3658904e+02      
2.1936991e+01 2.3514562e+02      
2.3294424e+01 2.3382826e+02      
2.5071716e+01 2.3267346e+02      
2.7222506e+01 2.3171632e+02      
2.9695717e+01 2.3098638e+02      
3.2421816e+01 2.3051169e+02      
3.5258923e+01 2.3033479e+02      
3.7872694e+01 2.3052463e+02      
3.9834806e+01 2.3113293e+02      
4.1613406e+01 2.3201882e+02      
4.3585263e+01 2.3302331e+02      
4.5929435e+01 2.3402188e+02      
4.8726205e+01 2.3492660e+02      
5.1996906e+01 2.3567722e+02      
5.1996931e+01 2.3525545e+02      
5.0554449e+01 2.3366527e+02      
4.9602935e+01 2.3200117e+02      
4.9150476e+01 2.3029974e+02      
4.9203081e+01 2.2859548e+02      
4.9763225e+01 2.2692129e+02      
5.0826120e+01 2.2531069e+02      
5.2373687e+01 2.2380106e+02      
5.4367867e+01 2.2243576e+02      
5.6750514e+01 2.2126078e+02      
5.9483537e+01 2.2030586e+02      
6.2571270e+01 2.1957936e+02      
6.5898034e+01 2.1913488e+02      
6.8967991e+01 2.1912566e+02      
7.0104336e+01 2.1982150e+02      
7.1028959e+01 2.2085623e+02      
7.2301673e+01 2.2196140e+02      
7.4117278e+01 2.2297168e+02      
7.6511479e+01 2.2380175e+02      
7.9458454e+01 2.2440641e+02      
7.8873208e+01 2.2241991e+02      
7.7537208e+01 2.2078245e+02      
7.6690847e+01 2.1904678e+02      
7.6344914e+01 2.1725069e+02      
7.6511192e+01 2.1542771e+02      
7.7202047e+01 2.1360717e+02      
7.8425792e+01 2.1181797e+02      
8.0176214e+01 2.1009636e+02      
8.2418610e+01 2.0849354e+02      
8.5050469e+01 2.0708363e+02      
8.7960481e+01 2.0592611e+02      
9.1409416e+01 2.0492684e+02      
9.5259535e+01 2.0416153e+02      
9.7896158e+01 2.0411230e+02      
9.8986503e+01 2.0482369e+02      
9.8894163e+01 2.0616558e+02      
9.9314276e+01 2.0750112e+02      
1.0054802e+02 2.0858630e+02      
1.0253539e+02 2.0936913e+02      
1.0515607e+02 2.0984812e+02      
1.0402633e+02 2.0621001e+02      
1.0280706e+02 2.0451044e+02      
1.0206873e+02 2.0269261e+02      
1.0182304e+02 2.0079676e+02      
1.0208732e+02 1.9885516e+02      
1.0288788e+02 1.9688961e+02      
1.0425681e+02 1.9491547e+02      
1.0621534e+02 1.9295781e+02      
1.0873551e+02 1.9107950e+02      
1.1165905e+02 1.8940894e+02      
1.1437220e+02 1.8819945e+02      
1.1793785e+02 1.8699641e+02      
1.2118959e+02 1.8624287e+02      
1.2340591e+02 1.8621903e+02      
1.2433689e+02 1.8700016e+02      
1.2422607e+02 1.8842456e+02      
1.2385714e+02 1.9006606e+02      
1.2464324e+02 1.9120925e+02      
1.2631469e+02 1.9193119e+02      
1.2865161e+02 1.9228748e+02      
1.2706693e+02 1.8690554e+02      
1.2597385e+02 1.8512601e+02      
1.2534430e+02 1.8321390e+02      
1.2518613e+02 1.8121552e+02      
1.2551781e+02 1.7916459e+02      
1.2638045e+02 1.7707267e+02      
1.2784769e+02 1.7492365e+02      
1.2998528e+02 1.7271203e+02      
1.3271566e+02 1.7054496e+02      
1.3533002e+02 1.6884851e+02      
1.3775852e+02 1.6766757e+02      
1.4018905e+02 1.6689215e+02      
1.4303620e+02 1.6614176e+02      
1.4492896e+02 1.6615262e+02      
1.4554997e+02 1.6710755e+02      
1.4513288e+02 1.6877272e+02      
1.4515061e+02 1.7019377e+02      
1.4593627e+02 1.7120974e+02      
1.4744875e+02 1.7182087e+02      
1.4956956e+02 1.7204590e+02      
1.4764402e+02 1.6483253e+02      
1.4668905e+02 1.6294959e+02      
1.4617190e+02 1.6092578e+02      
1.4608744e+02 1.5882111e+02      
1.4644240e+02 1.5668034e+02      
1.4727907e+02 1.5451297e+02      
1.4871435e+02 1.5226319e+02      
1.5090660e+02 1.4983386e+02      
1.5326607e+02 1.4766309e+02      
1.5547644e+02 1.4600923e+02      
1.5743025e+02 1.4497077e+02      
1.5917049e+02 1.4449388e+02      
1.6082042e+02 1.4438358e+02      
1.6248410e+02 1.4439397e+02      
1.6276657e+02 1.4559092e+02      
1.6287396e+02 1.4692818e+02      
1.6328758e+02 1.4807486e+02      
1.6420164e+02 1.4890716e+02      
1.6565328e+02 1.4937895e+02      
1.6761157e+02 1.4946984e+02      
1.6544838e+02 1.4035957e+02      
1.6465042e+02 1.3834016e+02      
1.6426122e+02 1.3617456e+02      
1.6424914e+02 1.3394880e+02      
1.6458480e+02 1.3173845e+02      
1.6528018e+02 1.2957489e+02      
1.6641484e+02 1.2742122e+02      
1.6806067e+02 1.2521664e+02      
1.7010941e+02 1.2300831e+02      
1.7193829e+02 1.2138576e+02      
1.7339269e+02 1.2053645e+02      
1.7446892e+02 1.2042912e+02      
1.7560100e+02 1.2055470e+02      
1.7662554e+02 1.2098440e+02      
1.7720078e+02 1.2191903e+02      
1.7766617e+02 1.2299759e+02      
1.7832471e+02 1.2394021e+02      
1.7932704e+02 1.2461644e+02      
1.8073424e+02 1.2495836e+02      
1.8255138e+02 1.2492765e+02      
1.8021230e+02 1.1389622e+02      
1.7960109e+02 1.1169346e+02      
1.7937990e+02 1.0933166e+02      
1.7947695e+02 1.0693833e+02      
1.7978316e+02 1.0465631e+02      
1.8023855e+02 1.0257213e+02      
1.8092986e+02 1.0064375e+02      
1.8195865e+02 9.8785185e+01      
1.8331075e+02 9.6970079e+01      
1.8479297e+02 9.5339521e+01      
1.8583198e+02 9.4616748e+01      
1.8675187e+02 9.4396152e+01      
1.8760538e+02 9.4605670e+01      
1.8832446e+02 9.5248268e+01      
1.8887430e+02 9.6251634e+01      
1.8944079e+02 9.7278703e+01      
1.9018759e+02 9.8123713e+01      
1.9120754e+02 9.8695632e+01      
1.9254779e+02 9.8937851e+01      
1.9422072e+02 9.8810700e+01      
1.9170509e+02 8.5894778e+01      
1.9131954e+02 8.3446834e+01      
1.9134039e+02 8.0797438e+01      
1.9166416e+02 7.8122036e+01      
1.9203442e+02 7.5691965e+01      
1.9211202e+02 7.3789934e+01      
1.9223166e+02 7.2215901e+01      
1.9262062e+02 7.0783833e+01      
1.9331526e+02 6.9412828e+01      
1.9423483e+02 6.8112816e+01      
1.9522442e+02 6.7012441e+01      
1.9602464e+02 6.6652576e+01      
1.9668760e+02 6.6909674e+01      
1.9719582e+02 6.7737620e+01      
1.9752295e+02 6.9101352e+01      
1.9803420e+02 7.0217923e+01      
1.9876699e+02 7.1034758e+01      
1.9974311e+02 7.1547668e+01      
2.0098492e+02 7.1724806e+01      
2.0249975e+02 7.1532466e+01      
1.9972577e+02 5.6855515e+01      
1.9959969e+02 5.4094501e+01      
1.9995982e+02 5.1025305e+01      
2.0069437e+02 4.7871451e+01      
2.0141920e+02 4.5073744e+01      
2.0082133e+02 4.3559544e+01      
2.0020514e+02 4.2519976e+01      
1.9991802e+02 4.1616510e+01      
2.0001627e+02 4.0719373e+01      
2.0044556e+02 3.9788025e+01      
2.0111219e+02 3.8837520e+01      
2.0169482e+02 3.8569670e+01      
2.0217979e+02 3.8913273e+01      
2.0255687e+02 3.9811015e+01      
2.0282577e+02 4.1216184e+01      
2.0328705e+02 4.2331304e+01      
2.0396363e+02 4.3124117e+01      
2.0485643e+02 4.3604768e+01      
2.0597309e+02 4.3748314e+01      
2.0731457e+02 4.3523573e+01      
2.0409853e+02 2.7332453e+01      
2.0422924e+02 2.4213217e+01      
2.0498895e+02 2.0586025e+01      
2.0619417e+02 1.6785791e+01      
2.0661948e+02 1.3975417e+01      
2.0600650e+02 1.2445629e+01      
2.0462716e+02 1.2071032e+01      
2.0365889e+02 1.1799956e+01      
2.0322984e+02 1.1404012e+01      
2.0322343e+02 1.0943965e+01      
2.0346673e+02 1.0597192e+01      
2.0377930e+02 1.0638619e+01      
2.0408774e+02 1.1122476e+01      
2.0437902e+02 1.1988670e+01      
2.0468825e+02 1.3081301e+01      
2.0512085e+02 1.4079907e+01      
2.0572404e+02 1.4839565e+01      
2.0650995e+02 1.5308838e+01      
2.0748248e+02 1.5448687e+01      
2.0863851e+02 1.5224611e+01      
2.0468458e+02 -2.0757018e+00      
2.0494690e+02 -5.4672645e+00      
2.0601325e+02 -9.6742434e+00      
2.0690847e+02 -1.3570837e+01      
2.0710266e+02 -1.6445958e+01      
2.0643733e+02 -1.7996887e+01      
2.0509286e+02 -1.8333104e+01      
2.0358832e+02 -1.8001786e+01      
2.0281438e+02 -1.8027738e+01      
2.0253010e+02 -1.8136080e+01      
2.0250555e+02 -1.8081497e+01      
2.0259194e+02 -1.7722138e+01      
2.0272959e+02 -1.7042308e+01      
2.0291497e+02 -1.6122076e+01      
2.0317253e+02 -1.5101362e+01      
2.0354205e+02 -1.4147940e+01      
2.0405231e+02 -1.3388636e+01      
2.0471490e+02 -1.2899622e+01      
2.0553089e+02 -1.2731177e+01      
2.0649399e+02 -1.2921149e+01      
2.0145917e+02 -3.0814483e+01      
2.0152781e+02 -3.4141542e+01      
2.0207658e+02 -3.8050884e+01      
2.0285470e+02 -4.2259956e+01      
2.0292062e+02 -4.5333201e+01      
2.0213607e+02 -4.6853814e+01      
2.0068323e+02 -4.7006113e+01      
1.9947789e+02 -4.7054168e+01      
1.9873571e+02 -4.7128855e+01      
1.9838698e+02 -4.7101092e+01      
1.9825560e+02 -4.6806442e+01      
1.9816179e+02 -4.6137397e+01      
1.9812650e+02 -4.5187347e+01      
1.9817852e+02 -4.4087200e+01      
1.9833328e+02 -4.2967432e+01      
1.9860545e+02 -4.1949971e+01      
1.9900457e+02 -4.1132019e+01      
1.9953277e+02 -4.0582784e+01      
2.0018567e+02 -4.0351320e+01      
2.0095340e+02 -4.0474249e+01      
1.9459083e+02 -5.8483453e+01      
1.9437507e+02 -6.1630248e+01      
1.9442370e+02 -6.5170654e+01      
1.9459156e+02 -6.8896219e+01      
1.9455820e+02 -7.2280574e+01      
1.9364126e+02 -7.3782494e+01      
1.9256945e+02 -7.4679331e+01      
1.9168209e+02 -7.5272754e+01      
1.9112039e+02 -7.5593872e+01      
1.9087608e+02 -7.5585180e+01      
1.9081021e+02 -7.5153440e+01      
1.9052735e+02 -7.4097461e+01      
1.9030746e+02 -7.2769745e+01      
1.9020995e+02 -7.1374441e+01      
1.9024379e+02 -7.0048236e+01      
1.9040444e+02 -6.8885539e+01      
1.9068426e+02 -6.7954534e+01      
1.9107428e+02 -6.7306154e+01      
1.9156366e+02 -6.6979481e+01      
1.9213879e+02 -6.7005229e+01      
1.8434322e+02 -8.4753072e+01      
1.8387276e+02 -8.7736171e+01      
1.8353534e+02 -9.1008347e+01      
1.8322861e+02 -9.4377081e+01      
1.8277814e+02 -9.7459142e+01      
1.8201641e+02 -9.9744353e+01      
1.8118187e+02 -1.0141511e+02      
1.8051272e+02 -1.0256619e+02      
1.8014543e+02 -1.0318394e+02      
1.8007678e+02 -1.0322196e+02      
1.7997870e+02 -1.0247684e+02      
1.7973074e+02 -1.0107544e+02      
1.7934940e+02 -9.9253835e+01      
1.7910550e+02 -9.7459526e+01      
1.7902296e+02 -9.5855447e+01      
1.7907749e+02 -9.4499402e+01      
1.7924238e+02 -9.3420070e+01      
1.7949868e+02 -9.2644384e+01      
1.7983030e+02 -9.2197385e+01      
1.8022069e+02 -9.2101247e+01      
1.7099767e+02 -1.0928615e+02      
1.7032431e+02 -1.1215345e+02      
1.6970869e+02 -1.1528966e+02      
1.6908316e+02 -1.1855677e+02      
1.6837121e+02 -1.2175096e+02      
1.6755631e+02 -1.2465224e+02      
1.6675608e+02 -1.2706316e+02      
1.6616325e+02 -1.2875943e+02      
1.6593756e+02 -1.2963958e+02      
1.6588051e+02 -1.2942301e+02      
1.6582517e+02 -1.2818770e+02      
1.6565328e+02 -1.2627645e+02      
1.6534471e+02 -1.2403944e+02      
1.6499924e+02 -1.2179056e+02      
1.6484006e+02 -1.1990012e+02      
1.6481377e+02 -1.1834488e+02      
1.6487906e+02 -1.1710709e+02      
1.6501314e+02 -1.1619122e+02      
1.6519800e+02 -1.1560880e+02      
1.6541594e+02 -1.1537334e+02      
1.5484848e+02 -1.3173399e+02      
1.5402363e+02 -1.3452276e+02      
1.5320913e+02 -1.3760756e+02      
1.5236074e+02 -1.4092938e+02      
1.5143898e+02 -1.4443130e+02      
1.5044634e+02 -1.4805397e+02      
1.4948859e+02 -1.5146037e+02      
1.4878652e+02 -1.5373622e+02      
1.4847014e+02 -1.5456021e+02      
1.4851008e+02 -1.5389947e+02      
1.4860785e+02 -1.5175828e+02      
1.4855464e+02 -1.4905825e+02      
1.4830704e+02 -1.4626764e+02      
1.4807895e+02 -1.4380667e+02      
1.4793027e+02 -1.4172720e+02      
1.4785817e+02 -1.4000756e+02      
1.4784392e+02 -1.3862462e+02      
1.4787099e+02 -1.3757083e+02      
1.4792354e+02 -1.3684833e+02      
1.4798467e+02 -1.3646391e+02      
1.3620873e+02 -1.5175451e+02      
1.3527784e+02 -1.5447057e+02      
1.3432399e+02 -1.5751600e+02      
1.3331180e+02 -1.6090011e+02      
1.3220170e+02 -1.6469324e+02      
1.3096015e+02 -1.6911099e+02      
1.2964884e+02 -1.7415935e+02      
1.2872242e+02 -1.7708009e+02      
1.2829683e+02 -1.7778062e+02      
1.2836518e+02 -1.7623960e+02      
1.2877321e+02 -1.7245391e+02      
1.2889042e+02 -1.6881614e+02      
1.2883692e+02 -1.6575068e+02      
1.2872361e+02 -1.6315374e+02      
1.2860782e+02 -1.6096006e+02      
1.2851038e+02 -1.5912616e+02      
1.2843284e+02 -1.5762618e+02      
1.2836799e+02 -1.5644819e+02      
1.2830411e+02 -1.5558973e+02      
1.2822623e+02 -1.5505374e+02      
1.1541354e+02 -1.6903646e+02      
1.1441681e+02 -1.7165384e+02      
1.1337494e+02 -1.7460825e+02      
1.1225604e+02 -1.7794272e+02      
1.1101110e+02 -1.8178449e+02      
1.0955523e+02 -1.8644657e+02      
1.0788759e+02 -1.9191935e+02      
1.0676093e+02 -1.9501896e+02      
1.0624979e+02 -1.9558635e+02      
1.0635330e+02 -1.9359509e+02      
1.0697986e+02 -1.8912503e+02      
1.0730449e+02 -1.8526797e+02      
1.0737844e+02 -1.8214736e+02      
1.0733234e+02 -1.7952630e+02      
1.0723299e+02 -1.7729496e+02      
1.0711200e+02 -1.7540109e+02      
1.0698016e+02 -1.7381888e+02      
1.0683625e+02 -1.7253702e+02      
1.0667192e+02 -1.7155274e+02      
1.0647408e+02 -1.7086803e+02      
9.2819062e+01 -1.8332065e+02      
9.1791957e+01 -1.8579573e+02      
9.0709702e+01 -1.8857660e+02      
8.9548128e+01 -1.9169715e+02      
8.8264890e+01 -1.9524772e+02      
8.6770169e+01 -1.9944134e+02      
8.5013053e+01 -2.0425112e+02      
8.3842797e+01 -2.0694733e+02      
8.3274373e+01 -2.0739506e+02      
8.3309031e+01 -2.0557220e+02      
8.3930098e+01 -2.0156971e+02      
8.4250909e+01 -1.9809208e+02      
8.4334749e+01 -1.9518985e+02      
8.4293529e+01 -1.9268327e+02      
8.4182930e+01 -1.9049733e+02      
8.4031018e+01 -1.8859746e+02      
8.3848935e+01 -1.8696837e+02      
8.3636922e+01 -1.8560503e+02      
8.3387976e+01 -1.8450806e+02      
8.3090028e+01 -1.8368106e+02      
