3.1457320e+01 2.4386473e+02      
3.0371583e+01 2.4228616e+02      
2.9633603e+01 2.4065608e+02      
2.9111336e+01 2.3903128e+02      
2.8819280e+01 2.3744228e+02      
2.8917686e+01 2.3589310e+02      
2.9544633e+01 2.3438648e+02      
3.0765491e+01 2.3293476e+02      
3.2603683e+01 2.3155686e+02      
3.5056767e+01 2.3027262e+02      
3.8083712e+01 2.2909139e+02      
4.1557437e+01 2.2798876e+02      
4.5263894e+01 2.2691164e+02      
4.8999745e+01 2.2583227e+02      
5.2487253e+01 2.2468692e+02      
5.5369242e+01 2.2335171e+02      
5.7988141e+01 2.2210694e+02      
6.0456945e+01 2.2108589e+02      
6.2746357e+01 2.2028822e+02      
6.4916163e+01 2.1967792e+02      
6.0018229e+01 2.3553860e+02      
5.9270912e+01 2.3392682e+02      
5.8905210e+01 2.3224074e+02      
5.8445417e+01 2.3059028e+02      
5.7911599e+01 2.2900754e+02      
5.7814287e+01 2.2744642e+02      
5.8372384e+01 2.2589256e+02      
5.9627469e+01 2.2436249e+02      
6.1596159e+01 2.2288521e+02      
6.4298838e+01 2.2149877e+02      
6.7762878e+01 2.2024779e+02      
7.1878399e+01 2.1911261e+02      
7.6181923e+01 2.1791322e+02      
8.0466437e+01 2.1664686e+02      
8.4502938e+01 2.1533508e+02      
8.6902510e+01 2.1326619e+02      
8.9307788e+01 2.1149233e+02      
9.1577066e+01 2.1007802e+02      
9.3440363e+01 2.0895829e+02      
9.5014773e+01 2.0806518e+02      
8.7051483e+01 2.2364852e+02      
8.6737981e+01 2.2196081e+02      
8.7135692e+01 2.2013846e+02      
8.6725688e+01 2.1845639e+02      
8.5539239e+01 2.1694813e+02      
8.5127863e+01 2.1540454e+02      
8.5580684e+01 2.1380933e+02      
8.6836946e+01 2.1219573e+02      
8.8886423e+01 2.1060479e+02      
9.1761329e+01 2.0908995e+02      
9.5593508e+01 2.0774785e+02      
1.0056836e+02 2.0669521e+02      
1.0550024e+02 2.0535567e+02      
1.1033786e+02 2.0380430e+02      
1.1431242e+02 2.0186828e+02      
1.1673369e+02 1.9935852e+02      
1.1937730e+02 1.9718941e+02      
1.2175173e+02 1.9545622e+02      
1.2295865e+02 1.9409918e+02      
1.2362814e+02 1.9302368e+02      
1.1197297e+02 2.0844460e+02      
1.1190241e+02 2.0666367e+02      
1.1257400e+02 2.0467309e+02      
1.1220201e+02 2.0295291e+02      
1.1082175e+02 2.0153775e+02      
1.1025414e+02 2.0001437e+02      
1.1064258e+02 1.9836889e+02      
1.1188996e+02 1.9665694e+02      
1.1396163e+02 1.9492740e+02      
1.1686651e+02 1.9322907e+02      
1.2064997e+02 1.9161448e+02      
1.2526454e+02 1.9007461e+02      
1.3043232e+02 1.8845788e+02      
1.3618199e+02 1.8676106e+02      
1.4086777e+02 1.8452680e+02      
1.4406934e+02 1.8180070e+02      
1.4769493e+02 1.7934125e+02      
1.5093994e+02 1.7736675e+02      
1.5091705e+02 1.7588513e+02      
1.5024248e+02 1.7478723e+02      
1.3430531e+02 1.9023636e+02      
1.3424242e+02 1.8838883e+02      
1.3489101e+02 1.8625780e+02      
1.3454120e+02 1.8449288e+02      
1.3322956e+02 1.8312948e+02      
1.3270276e+02 1.8158536e+02      
1.3311009e+02 1.7986082e+02      
1.3436059e+02 1.7802998e+02      
1.3641301e+02 1.7614177e+02      
1.3925126e+02 1.7423160e+02      
1.4285881e+02 1.7231976e+02      
1.4717871e+02 1.7039424e+02      
1.5213663e+02 1.6841283e+02      
1.5767477e+02 1.6630445e+02      
1.6348122e+02 1.6389429e+02      
1.6815248e+02 1.6101312e+02      
1.7329419e+02 1.5824429e+02      
1.7625954e+02 1.5607910e+02      
1.7635759e+02 1.5457904e+02      
1.7412735e+02 1.5368167e+02      
1.5371864e+02 1.6936475e+02      
1.5344974e+02 1.6753012e+02      
1.5381656e+02 1.6537585e+02      
1.5347170e+02 1.6355969e+02      
1.5245039e+02 1.6211775e+02      
1.5213809e+02 1.6046059e+02      
1.5264238e+02 1.5861457e+02      
1.5391365e+02 1.5664677e+02      
1.5592702e+02 1.5459438e+02      
1.5866238e+02 1.5247892e+02      
1.6209042e+02 1.5030905e+02      
1.6615793e+02 1.4808362e+02      
1.7078842e+02 1.4579863e+02      
1.7592963e+02 1.4341307e+02      
1.8162236e+02 1.4076638e+02      
1.8798707e+02 1.3767016e+02      
1.9315149e+02 1.3476814e+02      
1.9601245e+02 1.3250920e+02      
1.9615989e+02 1.3105176e+02      
1.9404821e+02 1.3026590e+02      
1.7002197e+02 1.4616566e+02      
1.6939712e+02 1.4443169e+02      
1.6911333e+02 1.4250804e+02      
1.6875741e+02 1.4063432e+02      
1.6835594e+02 1.3884722e+02      
1.6836873e+02 1.3697831e+02      
1.6900207e+02 1.3498090e+02      
1.7029670e+02 1.3287172e+02      
1.7225710e+02 1.3066635e+02      
1.7487262e+02 1.2837054e+02      
1.7811939e+02 1.2598023e+02      
1.8195296e+02 1.2349138e+02      
1.8625647e+02 1.2095797e+02      
1.9084846e+02 1.1848771e+02      
1.9583340e+02 1.1590736e+02      
2.0126442e+02 1.1305554e+02      
2.0670704e+02 1.0997077e+02      
2.0964256e+02 1.0763724e+02      
2.0961269e+02 1.0634625e+02      
2.0718133e+02 1.0584383e+02      
1.8312306e+02 1.2096589e+02      
1.8222933e+02 1.1929117e+02      
1.8164105e+02 1.1743418e+02      
1.8125312e+02 1.1549561e+02      
1.8109020e+02 1.1351443e+02      
1.8130500e+02 1.1146547e+02      
1.8202883e+02 1.0932609e+02      
1.8332417e+02 1.0709249e+02      
1.8521139e+02 1.0476316e+02      
1.8768874e+02 1.0232833e+02      
1.9074304e+02 9.9765231e+01      
1.9436275e+02 9.7033825e+01      
1.9845445e+02 9.4180008e+01      
2.0234452e+02 9.1821912e+01      
2.0639231e+02 8.9525342e+01      
2.1057973e+02 8.7110134e+01      
2.1459694e+02 8.4571991e+01      
2.1761192e+02 8.2169582e+01      
2.1727985e+02 8.1154109e+01      
2.1601998e+02 8.0262439e+01      
1.9292886e+02 9.4134056e+01      
1.9186888e+02 9.2453659e+01      
1.9113006e+02 9.0573042e+01      
1.9069116e+02 8.8560958e+01      
1.9057720e+02 8.6460526e+01      
1.9085771e+02 8.4286080e+01      
1.9160442e+02 8.2038793e+01      
1.9286275e+02 7.9715955e+01      
1.9465026e+02 7.7308538e+01      
1.9696501e+02 7.4795468e+01      
1.9979561e+02 7.2137703e+01      
2.0313478e+02 6.9270082e+01      
2.0687787e+02 6.6238324e+01      
2.1034603e+02 6.3796754e+01      
2.1350837e+02 6.1885856e+01      
2.1661864e+02 5.9953588e+01      
2.1937331e+02 5.8046435e+01      
2.2128181e+02 5.6260534e+01      
2.2172194e+02 5.4899554e+01      
2.2133963e+02 5.3658282e+01      
1.9933546e+02 6.6090072e+01      
1.9815837e+02 6.4355521e+01      
1.9731082e+02 6.2407664e+01      
1.9680264e+02 6.0310301e+01      
1.9666063e+02 5.8113235e+01      
1.9692607e+02 5.5847986e+01      
1.9763906e+02 5.3530249e+01      
1.9882452e+02 5.1162851e+01      
2.0048762e+02 4.8735453e+01      
2.0261667e+02 4.6221581e+01      
2.0518977e+02 4.3573692e+01      
2.0818349e+02 4.0715142e+01      
2.1148447e+02 3.7690235e+01      
2.1449370e+02 3.5319480e+01      
2.1714706e+02 3.3523853e+01      
2.1950598e+02 3.1949475e+01      
2.2136833e+02 3.0617636e+01      
2.2271651e+02 2.9165003e+01      
2.2334750e+02 2.7740613e+01      
2.2338992e+02 2.6327656e+01      
2.0226822e+02 3.7283489e+01      
2.0099068e+02 3.5453249e+01      
2.0004041e+02 3.3403290e+01      
1.9944379e+02 3.1203362e+01      
1.9923166e+02 2.8913582e+01      
1.9943524e+02 2.6578244e+01      
2.0007780e+02 2.4223742e+01      
2.0116710e+02 2.1858964e+01      
2.0269230e+02 1.9475539e+01      
2.0462537e+02 1.7046727e+01      
2.0692539e+02 1.4524774e+01      
2.0954431e+02 1.1833584e+01      
2.1235804e+02 9.0244863e+00      
2.1486837e+02 6.9606715e+00      
2.1698387e+02 5.5591428e+00      
2.1885684e+02 4.1925062e+00      
2.2036310e+02 2.8755336e+00      
2.2144172e+02 1.5223740e+00      
2.2204472e+02 1.2618002e-01      
2.2222030e+02 -1.3250561e+00      
2.0170338e+02 8.1789518e+00      
2.0032303e+02 6.2101143e+00      
1.9925908e+02 4.0192873e+00      
1.9855196e+02 1.6904933e+00      
1.9824035e+02 -7.0029716e-01      
1.9835432e+02 -3.0950203e+00      
1.9890805e+02 -5.4578853e+00      
1.9989505e+02 -7.7745599e+00      
2.0128703e+02 -1.0050082e+01      
2.0303536e+02 -1.2308765e+01      
2.0507491e+02 -1.4592306e+01      
2.0732873e+02 -1.6957619e+01      
2.0966415e+02 -1.9346641e+01      
2.1170696e+02 -2.0944313e+01      
2.1350855e+02 -2.2294576e+01      
2.1505503e+02 -2.3573489e+01      
2.1629023e+02 -2.4832708e+01      
2.1716823e+02 -2.6111208e+01      
2.1767504e+02 -2.7441808e+01      
2.1784102e+02 -2.8853776e+01      
1.9767606e+02 -2.0750920e+01      
1.9617673e+02 -2.2908992e+01      
1.9497490e+02 -2.5291982e+01      
1.9412861e+02 -2.7790393e+01      
1.9369118e+02 -3.0303061e+01      
1.9369877e+02 -3.2754791e+01      
1.9416121e+02 -3.5102500e+01      
1.9505884e+02 -3.7329595e+01      
1.9634472e+02 -3.9436894e+01      
1.9794660e+02 -4.1446836e+01      
1.9977074e+02 -4.3402546e+01      
2.0171047e+02 -4.5325423e+01      
2.0363161e+02 -4.7120468e+01      
2.0537700e+02 -4.8582141e+01      
2.0690059e+02 -4.9834128e+01      
2.0817315e+02 -5.0993458e+01      
2.0916196e+02 -5.2125722e+01      
2.0984375e+02 -5.3280268e+01      
2.1021465e+02 -5.4496960e+01      
2.1029493e+02 -5.5809900e+01      
1.9028431e+02 -4.9027420e+01      
1.8863675e+02 -5.1439627e+01      
1.8725624e+02 -5.4090216e+01      
1.8622879e+02 -5.6822870e+01      
1.8563474e+02 -5.9493729e+01      
1.8552547e+02 -6.2005643e+01      
1.8590957e+02 -6.4315421e+01      
1.8675083e+02 -6.6417912e+01      
1.8798244e+02 -6.8303421e+01      
1.8950860e+02 -6.9980973e+01      
1.9119381e+02 -7.1546181e+01      
1.9290908e+02 -7.3045251e+01      
1.9454646e+02 -7.4425900e+01      
1.9601883e+02 -7.5627781e+01      
1.9727525e+02 -7.6673840e+01      
1.9828840e+02 -7.7632907e+01      
1.9904002e+02 -7.8571708e+01      
1.9951971e+02 -7.9544943e+01      
1.9972800e+02 -8.0595291e+01      
1.9967850e+02 -8.1756387e+01      
1.7969426e+02 -7.6160235e+01      
1.7785488e+02 -7.8913280e+01      
1.7622716e+02 -8.1955162e+01      
1.7495062e+02 -8.5028204e+01      
1.7415578e+02 -8.7912813e+01      
1.7392221e+02 -9.0486308e+01      
1.7426079e+02 -9.2718173e+01      
1.7510206e+02 -9.4668254e+01      
1.7634549e+02 -9.6331703e+01      
1.7792366e+02 -9.7503744e+01      
1.7957103e+02 -9.8607417e+01      
1.8114084e+02 -9.9725758e+01      
1.8256185e+02 -1.0075671e+02      
1.8378373e+02 -1.0163985e+02      
1.8477824e+02 -1.0238822e+02      
1.8553423e+02 -1.0306439e+02      
1.8604783e+02 -1.0374044e+02      
1.8631774e+02 -1.0447499e+02      
1.8634629e+02 -1.0530948e+02      
1.8614181e+02 -1.0627283e+02      
1.6615038e+02 -1.0162811e+02      
1.6406601e+02 -1.0482637e+02      
1.6206030e+02 -1.0850972e+02      
1.6041982e+02 -1.1209655e+02      
1.5935477e+02 -1.1526967e+02      
1.5898699e+02 -1.1789610e+02      
1.5934585e+02 -1.1994866e+02      
1.6032171e+02 -1.2158028e+02      
1.6166594e+02 -1.2309792e+02      
1.6351288e+02 -1.2339307e+02      
1.6519538e+02 -1.2408645e+02      
1.6666316e+02 -1.2492781e+02      
1.6789683e+02 -1.2565767e+02      
1.6887602e+02 -1.2618980e+02      
1.6960202e+02 -1.2655857e+02      
1.7009203e+02 -1.2686552e+02      
1.7036115e+02 -1.2720945e+02      
1.7041514e+02 -1.2765337e+02      
1.7025526e+02 -1.2823091e+02      
1.6988406e+02 -1.2896033e+02      
1.4998443e+02 -1.2485914e+02      
1.4767523e+02 -1.2844819e+02      
1.4512710e+02 -1.3309922e+02      
1.4297782e+02 -1.3736625e+02      
1.4154347e+02 -1.4090871e+02      
1.4101770e+02 -1.4358192e+02      
1.4149050e+02 -1.4530741e+02      
1.4287975e+02 -1.4612925e+02      
1.4487456e+02 -1.4624581e+02      
1.4675263e+02 -1.4671991e+02      
1.4841351e+02 -1.4750934e+02      
1.4978845e+02 -1.4829365e+02      
1.5083838e+02 -1.4879207e+02      
1.5155702e+02 -1.4892208e+02      
1.5198189e+02 -1.4878985e+02      
1.5218200e+02 -1.4861907e+02      
1.5219793e+02 -1.4856488e+02      
1.5203492e+02 -1.4868015e+02      
1.5168695e+02 -1.4897482e+02      
1.5114860e+02 -1.4944778e+02      
1.3156486e+02 -1.4533980e+02      
1.2925351e+02 -1.4883515e+02      
1.2673577e+02 -1.5313162e+02      
1.2406852e+02 -1.5798757e+02      
1.2219261e+02 -1.6193976e+02      
1.2146905e+02 -1.6469542e+02      
1.2209753e+02 -1.6607812e+02      
1.2405564e+02 -1.6604609e+02      
1.2605240e+02 -1.6634936e+02      
1.2790348e+02 -1.6729805e+02      
1.2957809e+02 -1.6864008e+02      
1.3087792e+02 -1.6963736e+02      
1.3173594e+02 -1.6997627e+02      
1.3214713e+02 -1.6959474e+02      
1.3217705e+02 -1.6868755e+02      
1.3204623e+02 -1.6789123e+02      
1.3180823e+02 -1.6739920e+02      
1.3143848e+02 -1.6717871e+02      
1.3091370e+02 -1.6718826e+02      
1.3021833e+02 -1.6739953e+02      
1.1120551e+02 -1.6279952e+02      
1.0902268e+02 -1.6598354e+02      
1.0672170e+02 -1.6972485e+02      
1.0432274e+02 -1.7390103e+02      
1.0200972e+02 -1.7814586e+02      
1.0101332e+02 -1.8103567e+02      
1.0165086e+02 -1.8233694e+02      
1.0360210e+02 -1.8241019e+02      
1.0540845e+02 -1.8310654e+02      
1.0714356e+02 -1.8467531e+02      
1.0893973e+02 -1.8712503e+02      
1.1015422e+02 -1.8848617e+02      
1.1081149e+02 -1.8872165e+02      
1.1090079e+02 -1.8778886e+02      
1.1038226e+02 -1.8564353e+02      
1.0992717e+02 -1.8419156e+02      
1.0946947e+02 -1.8332033e+02      
1.0892232e+02 -1.8281018e+02      
1.0824422e+02 -1.8256203e+02      
1.0741153e+02 -1.8252481e+02      
8.9192262e+01 -1.7711488e+02      
8.7189556e+01 -1.7994171e+02      
8.5156886e+01 -1.8313701e+02      
8.3147210e+01 -1.8657834e+02      
8.1292405e+01 -1.9003139e+02      
7.9989652e+01 -1.9300385e+02      
8.0658220e+01 -1.9420467e+02      
8.1855357e+01 -1.9504981e+02      
8.3160939e+01 -1.9617687e+02      
8.4529852e+01 -1.9795689e+02      
8.5970789e+01 -2.0051329e+02      
8.6926300e+01 -2.0187254e+02      
8.7373095e+01 -2.0203796e+02      
8.7294417e+01 -2.0098619e+02      
8.6683713e+01 -1.9867252e+02      
8.6093987e+01 -1.9705232e+02      
8.5497041e+01 -1.9600261e+02      
8.4819257e+01 -1.9530035e+02      
8.4020934e+01 -1.9484582e+02      
8.3077792e+01 -1.9458724e+02      
