2.4209296e+01 2.3143307e+02      
2.4343341e+01 2.3013618e+02      
2.4589812e+01 2.2918044e+02      
2.4902860e+01 2.2862048e+02      
2.5300723e+01 2.2847168e+02      
2.5895312e+01 2.2870622e+02      
2.6910653e+01 2.2925515e+02      
2.8375724e+01 2.3006726e+02      
3.0196835e+01 2.3105525e+02      
3.2181957e+01 2.3203646e+02      
3.4117639e+01 2.3279388e+02      
3.6007763e+01 2.3329150e+02      
3.8064736e+01 2.3367762e+02      
4.0447001e+01 2.3407539e+02      
4.3159030e+01 2.3452563e+02      
4.6088490e+01 2.3503027e+02      
4.9087054e+01 2.3557453e+02      
5.2079392e+01 2.3612841e+02      
5.5118062e+01 2.3664525e+02      
5.8339650e+01 2.3706754e+02      
5.3529703e+01 2.2084602e+02      
5.4097258e+01 2.1946634e+02      
5.4597901e+01 2.1849384e+02      
5.4974744e+01 2.1800819e+02      
5.5262085e+01 2.1802343e+02      
5.5612671e+01 2.1849169e+02      
5.6641947e+01 2.1927490e+02      
5.8282191e+01 2.2038609e+02      
6.0441687e+01 2.2179456e+02      
6.2809007e+01 2.2322988e+02      
6.4676941e+01 2.2402981e+02      
6.6064161e+01 2.2415053e+02      
6.7715578e+01 2.2417199e+02      
6.9934203e+01 2.2429667e+02      
7.2673578e+01 2.2451728e+02      
7.5678450e+01 2.2481394e+02      
7.8584394e+01 2.2517184e+02      
8.1208704e+01 2.2556056e+02      
8.3681012e+01 2.2591887e+02      
8.6321076e+01 2.2616501e+02      
8.0734443e+01 2.0676205e+02      
8.1756094e+01 2.0523365e+02      
8.2548677e+01 2.0418779e+02      
8.2969779e+01 2.0376703e+02      
8.3136960e+01 2.0395098e+02      
8.3715050e+01 2.0452489e+02      
8.4885546e+01 2.0549541e+02      
8.6729819e+01 2.0690655e+02      
8.9364374e+01 2.0885269e+02      
9.2664599e+01 2.1125319e+02      
9.4414816e+01 2.1212748e+02      
9.4645253e+01 2.1141913e+02      
9.5692859e+01 2.1100622e+02      
9.7763643e+01 2.1088057e+02      
1.0074317e+02 2.1088942e+02      
1.0421617e+02 2.1098306e+02      
1.0717829e+02 2.1117655e+02      
1.0925300e+02 2.1145637e+02      
1.1072485e+02 2.1173882e+02      
1.1251749e+02 2.1188040e+02      
1.0601453e+02 1.8930672e+02      
1.0707987e+02 1.8773272e+02      
1.0820588e+02 1.8652470e+02      
1.0864538e+02 1.8616446e+02      
1.0910223e+02 1.8632200e+02      
1.0987249e+02 1.8693903e+02      
1.1112663e+02 1.8803562e+02      
1.1304362e+02 1.8965319e+02      
1.1587899e+02 1.9188595e+02      
1.1948682e+02 1.9455367e+02      
1.2103244e+02 1.9554364e+02      
1.2057674e+02 1.9478270e+02      
1.2115337e+02 1.9425379e+02      
1.2311679e+02 1.9401371e+02      
1.2650847e+02 1.9386304e+02      
1.3119978e+02 1.9373480e+02      
1.3437765e+02 1.9378035e+02      
1.3575255e+02 1.9402588e+02      
1.3547491e+02 1.9437165e+02      
1.3626818e+02 1.9449324e+02      
1.2919265e+02 1.6870530e+02      
1.3043218e+02 1.6701455e+02      
1.3172204e+02 1.6566832e+02      
1.3236790e+02 1.6521634e+02      
1.3300731e+02 1.6530202e+02      
1.3381585e+02 1.6592410e+02      
1.3496371e+02 1.6709439e+02      
1.3668114e+02 1.6881146e+02      
1.3928739e+02 1.7109644e+02      
1.4268932e+02 1.7371102e+02      
1.4391909e+02 1.7486995e+02      
1.4306704e+02 1.7448062e+02      
1.4335418e+02 1.7416859e+02      
1.4515657e+02 1.7400818e+02      
1.4857154e+02 1.7380439e+02      
1.5343892e+02 1.7346082e+02      
1.5655471e+02 1.7341554e+02      
1.5752939e+02 1.7369651e+02      
1.5659893e+02 1.7421257e+02      
1.5686707e+02 1.7435884e+02      
1.4997464e+02 1.4526899e+02      
1.5161743e+02 1.4337636e+02      
1.5295129e+02 1.4193691e+02      
1.5392134e+02 1.4118251e+02      
1.5466169e+02 1.4112453e+02      
1.5531465e+02 1.4174081e+02      
1.5611423e+02 1.4297278e+02      
1.5730357e+02 1.4474584e+02      
1.5916508e+02 1.4698367e+02      
1.6173036e+02 1.4943142e+02      
1.6251266e+02 1.5082458e+02      
1.6162570e+02 1.5105224e+02      
1.6182956e+02 1.5118935e+02      
1.6336126e+02 1.5129603e+02      
1.6627604e+02 1.5123746e+02      
1.7043847e+02 1.5091264e+02      
1.7315037e+02 1.5090411e+02      
1.7411117e+02 1.5120960e+02      
1.7347827e+02 1.5177410e+02      
1.7385389e+02 1.5188150e+02      
1.6787071e+02 1.1940236e+02      
1.7045900e+02 1.1709436e+02      
1.7197997e+02 1.1532560e+02      
1.7326227e+02 1.1423936e+02      
1.7399105e+02 1.1403221e+02      
1.7420653e+02 1.1470530e+02      
1.7441386e+02 1.1605291e+02      
1.7480756e+02 1.1793119e+02      
1.7544767e+02 1.2016683e+02      
1.7617388e+02 1.2240726e+02      
1.7636522e+02 1.2410880e+02      
1.7616111e+02 1.2515455e+02      
1.7646855e+02 1.2585294e+02      
1.7765268e+02 1.2634393e+02      
1.7971140e+02 1.2663668e+02      
1.8226096e+02 1.2677969e+02      
1.8433637e+02 1.2696557e+02      
1.8556375e+02 1.2723815e+02      
1.8620572e+02 1.2748936e+02      
1.8713322e+02 1.2744861e+02      
1.8208688e+02 9.1648367e+01      
1.8486941e+02 8.8914627e+01      
1.8804926e+02 8.6333513e+01      
1.9002901e+02 8.4753238e+01      
1.9077533e+02 8.4366327e+01      
1.9022621e+02 8.5223960e+01      
1.8977374e+02 8.6759881e+01      
1.8929457e+02 8.8874201e+01      
1.8869078e+02 9.1367916e+01      
1.8799090e+02 9.3886052e+01      
1.8745825e+02 9.5979569e+01      
1.8720064e+02 9.7553065e+01      
1.8741211e+02 9.8720866e+01      
1.8822999e+02 9.9594540e+01      
1.8960712e+02 1.0024150e+02      
1.9129013e+02 1.0072433e+02      
1.9291317e+02 1.0110814e+02      
1.9428067e+02 1.0140401e+02      
1.9549545e+02 1.0154316e+02      
1.9684288e+02 1.0140879e+02      
1.9252206e+02 6.2529219e+01      
1.9548143e+02 5.9342116e+01      
1.9924315e+02 5.6077164e+01      
2.0169819e+02 5.3991844e+01      
2.0272807e+02 5.3319083e+01      
2.0257720e+02 5.3994815e+01      
2.0177970e+02 5.5720679e+01      
2.0048688e+02 5.8240331e+01      
1.9870544e+02 6.1269469e+01      
1.9658791e+02 6.4407543e+01      
1.9536648e+02 6.6884494e+01      
1.9479459e+02 6.8808498e+01      
1.9475974e+02 7.0314098e+01      
1.9524187e+02 7.1498219e+01      
1.9617122e+02 7.2431434e+01      
1.9739977e+02 7.3164712e+01      
1.9875259e+02 7.3727366e+01      
2.0012554e+02 7.4112954e+01      
2.0153705e+02 7.4274198e+01      
2.0308694e+02 7.4139308e+01      
1.9903736e+02 3.2609703e+01      
2.0185217e+02 2.9116668e+01      
2.0547715e+02 2.5421168e+01      
2.0810113e+02 2.2862614e+01      
2.0930637e+02 2.1944087e+01      
2.0920503e+02 2.2652928e+01      
2.0804395e+02 2.4722817e+01      
2.0599276e+02 2.7810704e+01      
2.0325061e+02 3.1467583e+01      
2.0106697e+02 3.4652941e+01      
1.9960784e+02 3.7269489e+01      
1.9878591e+02 3.9389981e+01      
1.9850515e+02 4.1112824e+01      
1.9870924e+02 4.2520063e+01      
1.9933240e+02 4.3673877e+01      
2.0028162e+02 4.4613488e+01      
2.0145649e+02 4.5351396e+01      
2.0278687e+02 4.5870708e+01      
2.0425482e+02 4.6128522e+01      
2.0588242e+02 4.6067067e+01      
2.0159879e+02 2.3951317e+00      
2.0395988e+02 -1.1940782e+00      
2.0680628e+02 -4.8101148e+00      
2.0957758e+02 -7.9652349e+00      
2.1074340e+02 -8.9892792e+00      
2.1039028e+02 -7.9731178e+00      
2.0875126e+02 -5.3314379e+00      
2.0608940e+02 -1.6079100e+00      
2.0359973e+02 1.8930550e+00      
2.0156975e+02 4.9565217e+00      
2.0007515e+02 7.5591785e+00      
1.9910520e+02 9.7431504e+00      
1.9862941e+02 1.1573753e+01      
1.9861486e+02 1.3119379e+01      
1.9901860e+02 1.4435798e+01      
1.9978107e+02 1.5553805e+01      
2.0083362e+02 1.6472653e+01      
2.0211582e+02 1.7162301e+01      
2.0358863e+02 1.7572782e+01      
2.0523405e+02 1.7645993e+01      
2.0036107e+02 -2.7715447e+01      
2.0225708e+02 -3.1391673e+01      
2.0450142e+02 -3.5000570e+01      
2.0680009e+02 -3.8208850e+01      
2.0757027e+02 -3.8925610e+01      
2.0677111e+02 -3.7270740e+01      
2.0468077e+02 -3.3923098e+01      
2.0238119e+02 -3.0461517e+01      
2.0021475e+02 -2.7232390e+01      
1.9834600e+02 -2.4351813e+01      
1.9685706e+02 -2.1849026e+01      
1.9578774e+02 -1.9704773e+01      
1.9515501e+02 -1.7866021e+01      
1.9496342e+02 -1.6264201e+01      
1.9520219e+02 -1.4837889e+01      
1.9583767e+02 -1.3557965e+01      
1.9681409e+02 -1.2441008e+01      
1.9806659e+02 -1.1540006e+01      
1.9953676e+02 -1.0923654e+01      
2.0117991e+02 -1.0659878e+01      
1.9553030e+02 -5.7355715e+01      
1.9701706e+02 -6.1184539e+01      
1.9867994e+02 -6.4709350e+01      
2.0022989e+02 -6.7505004e+01      
2.0035730e+02 -6.7402350e+01      
1.9906440e+02 -6.4839560e+01      
1.9726037e+02 -6.1715127e+01      
1.9529205e+02 -5.8549386e+01      
1.9336233e+02 -5.5571214e+01      
1.9160369e+02 -5.2890427e+01      
1.9010814e+02 -5.0548933e+01      
1.8894127e+02 -4.8534095e+01      
1.8815624e+02 -4.6788368e+01      
1.8779977e+02 -4.5221577e+01      
1.8790328e+02 -4.3739662e+01      
1.8845991e+02 -4.2299455e+01      
1.8941241e+02 -4.0945219e+01      
1.9067490e+02 -3.9775794e+01      
1.9216326e+02 -3.8894241e+01      
1.9380991e+02 -3.8385137e+01      
1.8731984e+02 -8.6161153e+01      
1.8849352e+02 -9.0345155e+01      
1.8964489e+02 -9.3801370e+01      
1.9030399e+02 -9.5579114e+01      
1.8971123e+02 -9.4139153e+01      
1.8845549e+02 -9.1511396e+01      
1.8684480e+02 -8.8507147e+01      
1.8507288e+02 -8.5512315e+01      
1.8327859e+02 -8.2724557e+01      
1.8156870e+02 -8.0246458e+01      
1.8002730e+02 -7.8117242e+01      
1.7872949e+02 -7.6322708e+01      
1.7775657e+02 -7.4791679e+01      
1.7720499e+02 -7.3388724e+01      
1.7717517e+02 -7.1926708e+01      
1.7770623e+02 -7.0296366e+01      
1.7871114e+02 -6.8618114e+01      
1.8004985e+02 -6.7092754e+01      
1.8160021e+02 -6.5875322e+01      
1.8327341e+02 -6.5067162e+01      
1.7594079e+02 -1.1371941e+02      
1.7694365e+02 -1.1867806e+02      
1.7785450e+02 -1.2252418e+02      
1.7748766e+02 -1.2233381e+02      
1.7651945e+02 -1.2007541e+02      
1.7518909e+02 -1.1702198e+02      
1.7363378e+02 -1.1386839e+02      
1.7194772e+02 -1.1090308e+02      
1.7021238e+02 -1.0825275e+02      
1.6849669e+02 -1.0597872e+02      
1.6686162e+02 -1.0410874e+02      
1.6537414e+02 -1.0263227e+02      
1.6413138e+02 -1.0147503e+02      
1.6328412e+02 -1.0046064e+02      
1.6305905e+02 -9.9206197e+01      
1.6366781e+02 -9.7236147e+01      
1.6485895e+02 -9.5044754e+01      
1.6637629e+02 -9.3033831e+01      
1.6805167e+02 -9.1401269e+01      
1.6978304e+02 -9.0247983e+01      
1.6156134e+02 -1.3938818e+02      
1.6243141e+02 -1.4545609e+02      
1.6273309e+02 -1.4869551e+02      
1.6218157e+02 -1.4830104e+02      
1.6085381e+02 -1.4468243e+02      
1.5937928e+02 -1.4073591e+02      
1.5780884e+02 -1.3721817e+02      
1.5615409e+02 -1.3421949e+02      
1.5443690e+02 -1.3169131e+02      
1.5268392e+02 -1.2962852e+02      
1.5091858e+02 -1.2805342e+02      
1.4917267e+02 -1.2698568e+02      
1.4752951e+02 -1.2639005e+02      
1.4619879e+02 -1.2607356e+02      
1.4559360e+02 -1.2546555e+02      
1.4650080e+02 -1.2274912e+02      
1.4808962e+02 -1.1976752e+02      
1.4992929e+02 -1.1711223e+02      
1.5180072e+02 -1.1499675e+02      
1.5361608e+02 -1.1347700e+02      
1.4430210e+02 -1.6192503e+02      
1.4460206e+02 -1.6758414e+02      
1.4448469e+02 -1.7047773e+02      
1.4384071e+02 -1.6998997e+02      
1.4267618e+02 -1.6653581e+02      
1.4114213e+02 -1.6162844e+02      
1.3957935e+02 -1.5788587e+02      
1.3795721e+02 -1.5495584e+02      
1.3625718e+02 -1.5259052e+02      
1.3447261e+02 -1.5074511e+02      
1.3258073e+02 -1.4946127e+02      
1.3053124e+02 -1.4884284e+02      
1.2834169e+02 -1.4894662e+02      
1.2635038e+02 -1.4946578e+02      
1.2571357e+02 -1.4862681e+02      
1.2660768e+02 -1.4606834e+02      
1.2878687e+02 -1.4218971e+02      
1.3110198e+02 -1.3878289e+02      
1.3321754e+02 -1.3617300e+02      
1.3511015e+02 -1.3432070e+02      
1.2424300e+02 -1.7826957e+02      
1.2413307e+02 -1.8401751e+02      
1.2372540e+02 -1.8687204e+02      
1.2303340e+02 -1.8612582e+02      
1.2199530e+02 -1.8236537e+02      
1.2067552e+02 -1.7856024e+02      
1.1921596e+02 -1.7533962e+02      
1.1766026e+02 -1.7270726e+02      
1.1600708e+02 -1.7057400e+02      
1.1423909e+02 -1.6893162e+02      
1.1230451e+02 -1.6785157e+02      
1.1005492e+02 -1.6753809e+02      
1.0729187e+02 -1.6825816e+02      
1.0522322e+02 -1.6853463e+02      
1.0453911e+02 -1.6756146e+02      
1.0544095e+02 -1.6509533e+02      
1.0766357e+02 -1.6142085e+02      
1.1048603e+02 -1.5737673e+02      
1.1275186e+02 -1.5444804e+02      
1.1464363e+02 -1.5239000e+02      
1.0228468e+02 -1.9086291e+02      
1.0187627e+02 -1.9502195e+02      
1.0122458e+02 -1.9798779e+02      
1.0055366e+02 -1.9690019e+02      
9.9598381e+01 -1.9454981e+02      
9.8409476e+01 -1.9192997e+02      
9.7062831e+01 -1.8944734e+02      
9.5600378e+01 -1.8724798e+02      
9.4034422e+01 -1.8538613e+02      
9.2355301e+01 -1.8390656e+02      
9.0526015e+01 -1.8287943e+02      
8.8470575e+01 -1.8241053e+02      
8.6143899e+01 -1.8252644e+02      
8.3787408e+01 -1.8286382e+02      
8.2949797e+01 -1.8191186e+02      
8.3958072e+01 -1.7941379e+02      
8.6418579e+01 -1.7567356e+02      
8.8791632e+01 -1.7222774e+02      
9.0838051e+01 -1.6946636e+02      
9.2593476e+01 -1.6739007e+02      
7.8848097e+01 -2.0045845e+02      
7.8290511e+01 -2.0331504e+02      
7.7599914e+01 -2.0509198e+02      
7.6810656e+01 -2.0500519e+02      
7.5858508e+01 -2.0379335e+02      
7.4739698e+01 -2.0209837e+02      
7.3487579e+01 -2.0026656e+02      
7.2130734e+01 -1.9849504e+02      
7.0685345e+01 -1.9689379e+02      
6.9155730e+01 -1.9553298e+02      
6.7537279e+01 -1.9446484e+02      
6.5828292e+01 -1.9371546e+02      
6.4065051e+01 -1.9323715e+02      
6.2407948e+01 -1.9281750e+02      
6.1349438e+01 -1.9194829e+02      
6.2534732e+01 -1.8938109e+02      
6.4281751e+01 -1.8640781e+02      
6.6084905e+01 -1.8357356e+02      
6.7773988e+01 -1.8112668e+02      
6.9301093e+01 -1.7915138e+02      
