2.2308554e+01 2.2300095e+02      
2.2231334e+01 2.2120266e+02      
2.2351805e+01 2.1944153e+02      
2.2509679e+01 2.1761129e+02      
2.2811392e+01 2.1591193e+02      
2.3322010e+01 2.1447384e+02      
2.4053583e+01 2.1335333e+02      
2.5018521e+01 2.1259591e+02      
2.6238528e+01 2.1224395e+02      
2.7743697e+01 2.1233653e+02      
2.9565293e+01 2.1290874e+02      
3.1715001e+01 2.1399381e+02      
3.4151456e+01 2.1564568e+02      
3.6670704e+01 2.1780327e+02      
3.8212592e+01 2.1910310e+02      
3.8780152e+01 2.1948644e+02      
3.9480638e+01 2.2021517e+02      
4.0562674e+01 2.2125699e+02      
4.2119856e+01 2.2248002e+02      
4.4196386e+01 2.2379108e+02      
5.2976174e+01 2.1278081e+02      
5.3327483e+01 2.1110083e+02      
5.3883797e+01 2.0950137e+02      
5.4050505e+01 2.0736864e+02      
5.4381001e+01 2.0543630e+02      
5.4927960e+01 2.0380683e+02      
5.5671465e+01 2.0250294e+02      
5.6619712e+01 2.0156704e+02      
5.7805910e+01 2.0104900e+02      
5.9285714e+01 2.0100090e+02      
6.1137308e+01 2.0147517e+02      
6.3456970e+01 2.0252910e+02      
6.6211071e+01 2.0420534e+02      
6.8866813e+01 2.0631104e+02      
7.0136953e+01 2.0753640e+02      
7.0021890e+01 2.0781089e+02      
6.9843631e+01 2.0832254e+02      
7.0182328e+01 2.0915721e+02      
7.1138354e+01 2.1018733e+02      
7.2695051e+01 2.1129613e+02      
8.2457364e+01 1.9910091e+02      
8.3293858e+01 1.9748543e+02      
8.4189369e+01 1.9581610e+02      
8.4474930e+01 1.9353927e+02      
8.4882458e+01 1.9142305e+02      
8.5474781e+01 1.8959895e+02      
8.6210212e+01 1.8808873e+02      
8.7093047e+01 1.8693846e+02      
8.8171172e+01 1.8621016e+02      
8.9525035e+01 1.8597070e+02      
9.1273426e+01 1.8628367e+02      
9.3635271e+01 1.8721946e+02      
9.6842307e+01 1.8881963e+02      
9.9312580e+01 1.9045512e+02      
1.0026984e+02 1.9165252e+02      
9.9733897e+01 1.9232641e+02      
9.8462602e+01 1.9279575e+02      
9.8077452e+01 1.9356580e+02      
9.8436375e+01 1.9450139e+02      
9.9454759e+01 1.9547736e+02      
1.1024158e+02 1.8217104e+02      
1.1167121e+02 1.8062018e+02      
1.1276906e+02 1.7871098e+02      
1.1330167e+02 1.7635573e+02      
1.1386611e+02 1.7410138e+02      
1.1453700e+02 1.7208774e+02      
1.1524813e+02 1.7034794e+02      
1.1600107e+02 1.6893753e+02      
1.1687428e+02 1.6794218e+02      
1.1796934e+02 1.6745214e+02      
1.1940263e+02 1.6753893e+02      
1.2132762e+02 1.6822947e+02      
1.2382675e+02 1.6944223e+02      
1.2640858e+02 1.7089828e+02      
1.2696161e+02 1.7213382e+02      
1.2570185e+02 1.7303194e+02      
1.2449148e+02 1.7386864e+02      
1.2373979e+02 1.7476936e+02      
1.2352469e+02 1.7570836e+02      
1.2399995e+02 1.7661996e+02      
1.3569712e+02 1.6218793e+02      
1.3736828e+02 1.6042518e+02      
1.3887756e+02 1.5840688e+02      
1.4007316e+02 1.5614429e+02      
1.4091181e+02 1.5377381e+02      
1.4177168e+02 1.5159378e+02      
1.4243744e+02 1.4959372e+02      
1.4295933e+02 1.4785527e+02      
1.4351171e+02 1.4651500e+02      
1.4422058e+02 1.4570660e+02      
1.4516179e+02 1.4553327e+02      
1.4642082e+02 1.4600967e+02      
1.4814349e+02 1.4700979e+02      
1.5011572e+02 1.4830748e+02      
1.4997237e+02 1.4967492e+02      
1.4895220e+02 1.5092257e+02      
1.4781743e+02 1.5207545e+02      
1.4679261e+02 1.5316366e+02      
1.4591645e+02 1.5416606e+02      
1.4588259e+02 1.5506996e+02      
1.5780178e+02 1.3923626e+02      
1.5976703e+02 1.3730307e+02      
1.6182562e+02 1.3522751e+02      
1.6383677e+02 1.3303603e+02      
1.6565549e+02 1.3079820e+02      
1.6704688e+02 1.2855881e+02      
1.6753096e+02 1.2622103e+02      
1.6761777e+02 1.2404004e+02      
1.6771660e+02 1.2223974e+02      
1.6796443e+02 1.2101221e+02      
1.6832302e+02 1.2055481e+02      
1.6875402e+02 1.2094117e+02      
1.6943864e+02 1.2196564e+02      
1.7036898e+02 1.2330686e+02      
1.6965717e+02 1.2492229e+02      
1.6853831e+02 1.2646719e+02      
1.6734655e+02 1.2788000e+02      
1.6616899e+02 1.2915544e+02      
1.6505111e+02 1.3028650e+02      
1.6471016e+02 1.3122470e+02      
1.7700447e+02 1.1413150e+02      
1.7936553e+02 1.1207233e+02      
1.8207469e+02 1.0994808e+02      
1.8504235e+02 1.0780132e+02      
1.8803533e+02 1.0567857e+02      
1.9041257e+02 1.0351690e+02      
1.9025797e+02 1.0065172e+02      
1.8958194e+02 9.7887545e+01      
1.8909198e+02 9.5466875e+01      
1.8893656e+02 9.3625301e+01      
1.8881137e+02 9.2764557e+01      
1.8819109e+02 9.3306075e+01      
1.8748346e+02 9.4715847e+01      
1.8675409e+02 9.6505607e+01      
1.8559119e+02 9.8418432e+01      
1.8422886e+02 1.0024233e+02      
1.8288575e+02 1.0188473e+02      
1.8166186e+02 1.0332164e+02      
1.8068995e+02 1.0454077e+02      
1.8022783e+02 1.0551923e+02      
1.9299836e+02 8.7310466e+01      
1.9578333e+02 8.5141273e+01      
1.9917480e+02 8.2958565e+01      
2.0320420e+02 8.0822047e+01      
2.0745165e+02 7.8745570e+01      
2.0979845e+02 7.6252914e+01      
2.0988908e+02 7.3228443e+01      
2.0824121e+02 6.9847513e+01      
2.0709129e+02 6.6631652e+01      
2.0675697e+02 6.3868523e+01      
2.0662368e+02 6.2245008e+01      
2.0460073e+02 6.3419814e+01      
2.0242205e+02 6.5636244e+01      
2.0041342e+02 6.8117222e+01      
1.9854004e+02 7.0500093e+01      
1.9679759e+02 7.2641501e+01      
1.9523480e+02 7.4502703e+01      
1.9390852e+02 7.6083491e+01      
1.9290135e+02 7.7386523e+01      
1.9231198e+02 7.8406479e+01      
2.0542203e+02 5.9179078e+01      
2.0851898e+02 5.6881526e+01      
2.1237296e+02 5.4606691e+01      
2.1731626e+02 5.2414433e+01      
2.2142948e+02 5.0047086e+01      
2.2367941e+02 4.7340060e+01      
2.2383916e+02 4.4184997e+01      
2.2245484e+02 4.0507831e+01      
2.2078501e+02 3.6400553e+01      
2.2057772e+02 3.2506897e+01      
2.1968167e+02 3.0927634e+01      
2.1739337e+02 3.2029279e+01      
2.1390669e+02 3.5360373e+01      
2.1080219e+02 3.8779123e+01      
2.0822808e+02 4.1726814e+01      
2.0607953e+02 4.4178121e+01      
2.0426983e+02 4.6223615e+01      
2.0278161e+02 4.7919032e+01      
2.0163846e+02 4.9291486e+01      
2.0087869e+02 5.0349109e+01      
2.1405296e+02 3.0176549e+01      
2.1728905e+02 2.7702877e+01      
2.2095309e+02 2.5278344e+01      
2.2502724e+02 2.2917380e+01      
2.2917891e+02 2.0439620e+01      
2.3131606e+02 1.7710229e+01      
2.3116992e+02 1.4628120e+01      
2.2948446e+02 1.0872662e+01      
2.2886896e+02 6.0086182e+00      
2.2835313e+02 2.1814983e+00      
2.2709983e+02 6.1673420e-01      
2.2468351e+02 1.7086553e+00      
2.2119112e+02 5.0589270e+00      
2.1726826e+02 9.4371658e+00      
2.1421925e+02 1.2788270e+01      
2.1178055e+02 1.5414762e+01      
2.0976496e+02 1.7559092e+01      
2.0811082e+02 1.9316848e+01      
2.0680639e+02 2.0730002e+01      
2.0585938e+02 2.1813648e+01      
2.1881847e+02 7.7420464e-01      
2.2223425e+02 -1.9798651e+00      
2.2554245e+02 -4.5605184e+00      
2.2849442e+02 -6.8871288e+00      
2.3100195e+02 -9.1357211e+00      
2.3286712e+02 -1.1673680e+01      
2.3209925e+02 -1.4349702e+01      
2.3102972e+02 -1.7641913e+01      
2.3041473e+02 -2.1602051e+01      
2.3013919e+02 -2.5736352e+01      
2.2890860e+02 -2.7487855e+01      
2.2644482e+02 -2.6267544e+01      
2.2282797e+02 -2.2542318e+01      
2.1930254e+02 -1.8830306e+01      
2.1627044e+02 -1.5696484e+01      
2.1373172e+02 -1.3129383e+01      
2.1159446e+02 -1.1004987e+01      
2.0980769e+02 -9.2508474e+00      
2.0835176e+02 -7.8326734e+00      
2.0722227e+02 -6.7387682e+00      
2.1958523e+02 -2.8457387e+01      
2.2352354e+02 -3.1694481e+01      
2.2655855e+02 -3.4426009e+01      
2.2844286e+02 -3.6546416e+01      
2.2903592e+02 -3.8148826e+01      
2.2941892e+02 -4.0114486e+01      
2.2900532e+02 -4.2420691e+01      
2.2825645e+02 -4.5084973e+01      
2.2753376e+02 -4.8030220e+01      
2.2682213e+02 -5.0942466e+01      
2.2575663e+02 -5.3003579e+01      
2.2338592e+02 -5.1648677e+01      
2.2040842e+02 -4.9059416e+01      
2.1726403e+02 -4.6072583e+01      
2.1441638e+02 -4.3372391e+01      
2.1191542e+02 -4.1034749e+01      
2.0973792e+02 -3.9032084e+01      
2.0786363e+02 -3.7340938e+01      
2.0628162e+02 -3.5950412e+01      
2.0498718e+02 -3.4860757e+01      
2.1595712e+02 -5.6767997e+01      
2.1977529e+02 -6.0219062e+01      
2.2242837e+02 -6.2973248e+01      
2.2361221e+02 -6.4881647e+01      
2.2329476e+02 -6.6023995e+01      
2.2296862e+02 -6.7546256e+01      
2.2249504e+02 -6.9427449e+01      
2.2180456e+02 -7.1508834e+01      
2.2096544e+02 -7.3617895e+01      
2.1995337e+02 -7.5469270e+01      
2.1859689e+02 -7.6523667e+01      
2.1666039e+02 -7.6101379e+01      
2.1418487e+02 -7.4476639e+01      
2.1143996e+02 -7.2215501e+01      
2.0882727e+02 -6.9997980e+01      
2.0643091e+02 -6.7959377e+01      
2.0426849e+02 -6.6134381e+01      
2.0234647e+02 -6.4543368e+01      
2.0066714e+02 -6.3201654e+01      
1.9923094e+02 -6.2124709e+01      
2.0797271e+02 -8.3546995e+01      
2.1118522e+02 -8.6843620e+01      
2.1333524e+02 -8.9446957e+01      
2.1418403e+02 -9.1243307e+01      
2.1372298e+02 -9.2258828e+01      
2.1324445e+02 -9.3576600e+01      
2.1269895e+02 -9.5133291e+01      
2.1197799e+02 -9.6756076e+01      
2.1105828e+02 -9.8272206e+01      
2.0990541e+02 -9.9453905e+01      
2.0844845e+02 -1.0001556e+02      
2.0662793e+02 -9.9746126e+01      
2.0446167e+02 -9.8678456e+01      
2.0209428e+02 -9.7093105e+01      
1.9972134e+02 -9.5336270e+01      
1.9745123e+02 -9.3595203e+01      
1.9533284e+02 -9.1958225e+01      
1.9339151e+02 -9.0477984e+01      
1.9164077e+02 -8.9191042e+01      
1.9008713e+02 -8.8126634e+01      
1.9606114e+02 -1.0844632e+02      
1.9822371e+02 -1.1106847e+02      
1.9981153e+02 -1.1336302e+02      
2.0057072e+02 -1.1516629e+02      
2.0058192e+02 -1.1656708e+02      
2.0025716e+02 -1.1790837e+02      
1.9973154e+02 -1.1926904e+02      
1.9899802e+02 -1.2057160e+02      
1.9804254e+02 -1.2169532e+02      
1.9684599e+02 -1.2249145e+02      
1.9538417e+02 -1.2280947e+02      
1.9364806e+02 -1.2255777e+02      
1.9167088e+02 -1.2176230e+02      
1.8953678e+02 -1.2056283e+02      
1.8735105e+02 -1.1914086e+02      
1.8519851e+02 -1.1764390e+02      
1.8313401e+02 -1.1617107e+02      
1.8119127e+02 -1.1478984e+02      
1.7939051e+02 -1.1354945e+02      
1.7774280e+02 -1.1248876e+02      
1.8095774e+02 -1.3146674e+02      
1.8249819e+02 -1.3368690e+02      
1.8367081e+02 -1.3572666e+02      
1.8433235e+02 -1.3748931e+02      
1.8450023e+02 -1.3899768e+02      
1.8429771e+02 -1.4034409e+02      
1.8381819e+02 -1.4157329e+02      
1.8309565e+02 -1.4265627e+02      
1.8213810e+02 -1.4352172e+02      
1.8094478e+02 -1.4408104e+02      
1.7951523e+02 -1.4425363e+02      
1.7786054e+02 -1.4399782e+02      
1.7601404e+02 -1.4333404e+02      
1.7403245e+02 -1.4234175e+02      
1.7198360e+02 -1.4113022e+02      
1.6992985e+02 -1.3980558e+02      
1.6791946e+02 -1.3845506e+02      
1.6598650e+02 -1.3714679e+02      
1.6415346e+02 -1.3593447e+02      
1.6243377e+02 -1.3486189e+02      
1.6311463e+02 -1.5241256e+02      
1.6427913e+02 -1.5439113e+02      
1.6516834e+02 -1.5624495e+02      
1.6569999e+02 -1.5791223e+02      
1.6586198e+02 -1.5938058e+02      
1.6569340e+02 -1.6066735e+02      
1.6524079e+02 -1.6178103e+02      
1.6453486e+02 -1.6270204e+02      
1.6359230e+02 -1.6338794e+02      
1.6242353e+02 -1.6378762e+02      
1.6103983e+02 -1.6385811e+02      
1.5945985e+02 -1.6358137e+02      
1.5771426e+02 -1.6297491e+02      
1.5584556e+02 -1.6209024e+02      
1.5390242e+02 -1.6100000e+02      
1.5193191e+02 -1.5978192e+02      
1.4997393e+02 -1.5850801e+02      
1.4805926e+02 -1.5724055e+02      
1.4620977e+02 -1.5603231e+02      
1.4443936e+02 -1.5492819e+02      
1.4284435e+02 -1.7098149e+02      
1.4374801e+02 -1.7278745e+02      
1.4442724e+02 -1.7449123e+02      
1.4482903e+02 -1.7604547e+02      
1.4493431e+02 -1.7742518e+02      
1.4475226e+02 -1.7862051e+02      
1.4430412e+02 -1.7962208e+02      
1.4361068e+02 -1.8041133e+02      
1.4268872e+02 -1.8096067e+02      
1.4155288e+02 -1.8124023e+02      
1.4021913e+02 -1.8122748e+02      
1.3870821e+02 -1.8091645e+02      
1.3704766e+02 -1.8032308e+02      
1.3527139e+02 -1.7948464e+02      
1.3341676e+02 -1.7845353e+02      
1.3152052e+02 -1.7728889e+02      
1.2961525e+02 -1.7604969e+02      
1.2772750e+02 -1.7479072e+02      
1.2587704e+02 -1.7356114e+02      
1.2407706e+02 -1.7240455e+02      
1.2046741e+02 -1.8688927e+02      
1.2117451e+02 -1.8855982e+02      
1.2168822e+02 -1.9013521e+02      
1.2197164e+02 -1.9157534e+02      
1.2200617e+02 -1.9285161e+02      
1.2179014e+02 -1.9394424e+02      
1.2133240e+02 -1.9483651e+02      
1.2064607e+02 -1.9551033e+02      
1.1974529e+02 -1.9594589e+02      
1.1864497e+02 -1.9612500e+02      
1.1736194e+02 -1.9603618e+02      
1.1591643e+02 -1.9567973e+02      
1.1433277e+02 -1.9507051e+02      
1.1263896e+02 -1.9423778e+02      
1.1086491e+02 -1.9322188e+02      
1.0904004e+02 -1.9206964e+02      
1.0719104e+02 -1.9082988e+02      
1.0534030e+02 -1.8955025e+02      
1.0350504e+02 -1.8827541e+02      
1.0169704e+02 -1.8704631e+02      
9.6332066e+01 -1.9989223e+02      
9.6882453e+01 -2.0145085e+02      
9.7260423e+01 -2.0291349e+02      
9.7439218e+01 -2.0424476e+02      
9.7402897e+01 -2.0541604e+02      
9.7146326e+01 -2.0640461e+02      
9.6672638e+01 -2.0719149e+02      
9.5990132e+01 -2.0775958e+02      
9.5110132e+01 -2.0809358e+02      
9.4046177e+01 -2.0818171e+02      
9.2814116e+01 -2.0801847e+02      
9.1432465e+01 -2.0760731e+02      
8.9922484e+01 -2.0696214e+02      
8.8307643e+01 -2.0610717e+02      
8.6612442e+01 -2.0507508e+02      
8.4860874e+01 -2.0390420e+02      
8.3074891e+01 -2.0263566e+02      
8.1273177e+01 -2.0131091e+02      
7.9470349e+01 -1.9997007e+02      
7.7676531e+01 -1.9865093e+02      
