1.7937050e+01 2.6132775e+02      
1.4811666e+01 2.5959727e+02      
1.2222768e+01 2.5768965e+02      
1.0192559e+01 2.5564927e+02      
8.7385792e+00 2.5352031e+02      
7.8733613e+00 2.5134555e+02      
7.6040937e+00 2.4916533e+02      
7.9322761e+00 2.4701659e+02      
8.8531920e+00 2.4493242e+02      
1.0354782e+01 2.4294222e+02      
1.2415065e+01 2.4107302e+02      
1.4996715e+01 2.3935263e+02      
1.8037316e+01 2.3781487e+02      
2.1435364e+01 2.3650561e+02      
2.5036172e+01 2.3548505e+02      
2.8637943e+01 2.3481725e+02      
3.2109831e+01 2.3452529e+02      
3.5533676e+01 2.3454613e+02      
3.9064895e+01 2.3477351e+02      
4.2817468e+01 2.3510355e+02      
4.4794478e+01 2.5182103e+02      
4.1707737e+01 2.4996336e+02      
3.9166106e+01 2.4790193e+02      
3.7193311e+01 2.4568504e+02      
3.5808435e+01 2.4336065e+02      
3.5025608e+01 2.4097496e+02      
3.4853823e+01 2.3857089e+02      
3.5296938e+01 2.3618684e+02      
3.6353822e+01 2.3385560e+02      
3.8018301e+01 2.3160410e+02      
4.0277802e+01 2.2945427e+02      
4.3108062e+01 2.2742700e+02      
4.6459138e+01 2.2555122e+02      
5.0228246e+01 2.2387923e+02      
5.4220789e+01 2.2250132e+02      
5.8047127e+01 2.2155833e+02      
6.1224257e+01 2.2118017e+02      
6.4176714e+01 2.2119960e+02      
6.7238048e+01 2.2143001e+02      
7.0554909e+01 2.2173109e+02      
7.0428117e+01 2.3858816e+02      
6.7400754e+01 2.3658533e+02      
6.4922803e+01 2.3435425e+02      
6.3019495e+01 2.3194776e+02      
6.1711466e+01 2.2941835e+02      
6.1014422e+01 2.2681634e+02      
6.0939018e+01 2.2418796e+02      
6.1491213e+01 2.2157342e+02      
6.2673376e+01 2.1900523e+02      
6.4486257e+01 2.1650664e+02      
6.6931331e+01 2.1409079e+02      
7.0010761e+01 2.1176248e+02      
7.3715142e+01 2.0952909e+02      
7.7983098e+01 2.0743075e+02      
8.2608117e+01 2.0559133e+02      
8.7027882e+01 2.0427071e+02      
8.9489329e+01 2.0396474e+02      
9.1677083e+01 2.0415565e+02      
9.4081700e+01 2.0452612e+02      
9.6849225e+01 2.0489198e+02      
9.4430305e+01 2.2186685e+02      
9.1480683e+01 2.1969891e+02      
8.9080317e+01 2.1728045e+02      
8.7255913e+01 2.1466969e+02      
8.6029695e+01 2.1192470e+02      
8.5418865e+01 2.0910107e+02      
8.5435268e+01 2.0624945e+02      
8.6085798e+01 2.0341305e+02      
8.7374264e+01 2.0062510e+02      
8.9305664e+01 1.9790591e+02      
9.1894167e+01 1.9525880e+02      
9.5176561e+01 1.9266409e+02      
9.9226797e+01 1.9007551e+02      
1.0407204e+02 1.8748456e+02      
1.0940714e+02 1.8508993e+02      
1.1355351e+02 1.8361714e+02      
1.1612621e+02 1.8321019e+02      
1.1743713e+02 1.8374683e+02      
1.1906418e+02 1.8440953e+02      
1.2122269e+02 1.8492407e+02      
1.1642345e+02 2.0194839e+02      
1.1356744e+02 1.9959311e+02      
1.1125585e+02 1.9696705e+02      
1.0951690e+02 1.9413495e+02      
1.0837463e+02 1.9116185e+02      
1.0784789e+02 1.8811025e+02      
1.0794926e+02 1.8503693e+02      
1.0868472e+02 1.8198986e+02      
1.1005543e+02 1.7900526e+02      
1.1206291e+02 1.7610410e+02      
1.1472065e+02 1.7328585e+02      
1.1807887e+02 1.7051471e+02      
1.2229636e+02 1.6767840e+02      
1.2758873e+02 1.6461712e+02      
1.3258230e+02 1.6206921e+02      
1.3651128e+02 1.6049309e+02      
1.3911639e+02 1.6004452e+02      
1.4059125e+02 1.6056960e+02      
1.4156586e+02 1.6158956e+02      
1.4322854e+02 1.6223575e+02      
1.3606611e+02 1.7917333e+02      
1.3331711e+02 1.7660577e+02      
1.3110259e+02 1.7374864e+02      
1.2945238e+02 1.7067456e+02      
1.2839309e+02 1.6745744e+02      
1.2794616e+02 1.6416891e+02      
1.2812512e+02 1.6087411e+02      
1.2893359e+02 1.5762783e+02      
1.3036516e+02 1.5447187e+02      
1.3240717e+02 1.5143309e+02      
1.3505061e+02 1.4851904e+02      
1.3830788e+02 1.4570729e+02      
1.4222968e+02 1.4293085e+02      
1.4680629e+02 1.4011673e+02      
1.5168335e+02 1.3735946e+02      
1.5549243e+02 1.3568595e+02      
1.5800008e+02 1.3533292e+02      
1.5945655e+02 1.3602711e+02      
1.6104724e+02 1.3666457e+02      
1.6261043e+02 1.3721617e+02      
1.5305864e+02 1.5392689e+02      
1.5042794e+02 1.5111892e+02      
1.4831560e+02 1.4800295e+02      
1.4675327e+02 1.4466111e+02      
1.4577185e+02 1.4117862e+02      
1.4539788e+02 1.3763941e+02      
1.4564798e+02 1.3412011e+02      
1.4652362e+02 1.3068399e+02      
1.4800763e+02 1.2737910e+02      
1.5006392e+02 1.2424143e+02      
1.5264310e+02 1.2129690e+02      
1.5569442e+02 1.1855535e+02      
1.5917068e+02 1.1600238e+02      
1.6299400e+02 1.1361265e+02      
1.6696523e+02 1.1141787e+02      
1.7063732e+02 1.0968353e+02      
1.7294941e+02 1.0955894e+02      
1.7513352e+02 1.0972962e+02      
1.7768094e+02 1.0979581e+02      
1.7923229e+02 1.1020094e+02      
1.6714840e+02 1.2663403e+02      
1.6464619e+02 1.2355376e+02      
1.6263777e+02 1.2014574e+02      
1.6115651e+02 1.1650324e+02      
1.6024102e+02 1.1272561e+02      
1.5992841e+02 1.0891406e+02      
1.6024362e+02 1.0516235e+02      
1.6118963e+02 1.0154348e+02      
1.6273946e+02 9.8106558e+01      
1.6482908e+02 9.4892556e+01      
1.6735591e+02 9.1952066e+01      
1.7019465e+02 8.9340147e+01      
1.7323543e+02 8.7083885e+01      
1.7639614e+02 8.5169308e+01      
1.7956447e+02 8.3595128e+01      
1.8251019e+02 8.2495624e+01      
1.8498183e+02 8.2092765e+01      
1.8738812e+02 8.1955055e+01      
1.9000010e+02 8.1767769e+01      
1.9145857e+02 8.2089386e+01      
1.7813444e+02 9.7754499e+01      
1.7577274e+02 9.4365721e+01      
1.7386682e+02 9.0626013e+01      
1.7245030e+02 8.6640770e+01      
1.7157621e+02 8.2525161e+01      
1.7130341e+02 7.8405295e+01      
1.7167452e+02 7.4406616e+01      
1.7270154e+02 7.0616431e+01      
1.7435604e+02 6.7064670e+01      
1.7655042e+02 6.3774093e+01      
1.7911764e+02 6.0822451e+01      
1.8181343e+02 5.8349709e+01      
1.8443916e+02 5.6450999e+01      
1.8698916e+02 5.5057083e+01      
1.8949067e+02 5.4060368e+01      
1.9188963e+02 5.3425582e+01      
1.9412845e+02 5.3128222e+01      
1.9623671e+02 5.3049841e+01      
1.9811674e+02 5.3124162e+01      
1.9936857e+02 5.3461761e+01      
1.8587123e+02 6.7778147e+01      
1.8367166e+02 6.4039090e+01      
1.8186580e+02 5.9921462e+01      
1.8048096e+02 5.5542167e+01      
1.7959907e+02 5.1026632e+01      
1.7932554e+02 4.6530987e+01      
1.7973387e+02 4.2255230e+01      
1.8085040e+02 3.8335179e+01      
1.8266713e+02 3.4713958e+01      
1.8509643e+02 3.1323457e+01      
1.8792147e+02 2.8253051e+01      
1.9068604e+02 2.5820577e+01      
1.9280217e+02 2.4422450e+01      
1.9465987e+02 2.3695028e+01      
1.9652158e+02 2.3318880e+01      
1.9842759e+02 2.3144339e+01      
2.0032762e+02 2.3113145e+01      
2.0209434e+02 2.3219312e+01      
2.0351746e+02 2.3498275e+01      
2.0444636e+02 2.3958494e+01      
1.9026858e+02 3.7221189e+01      
1.8828437e+02 3.3079596e+01      
1.8658339e+02 2.8532262e+01      
1.8516469e+02 2.3707199e+01      
1.8417224e+02 1.8712628e+01      
1.8382532e+02 1.3699687e+01      
1.8424732e+02 9.0275155e+00      
1.8543016e+02 5.1560178e+00      
1.8746102e+02 1.6143582e+00      
1.9029708e+02 -1.9089294e+00      
1.9369416e+02 -5.3153499e+00      
1.9701239e+02 -8.0278457e+00      
1.9825497e+02 -8.5836568e+00      
1.9922699e+02 -8.3688877e+00      
2.0039116e+02 -7.9764679e+00      
2.0182764e+02 -7.6389806e+00      
2.0347521e+02 -7.3940322e+00      
2.0511026e+02 -7.1530510e+00      
2.0625197e+02 -6.7061929e+00      
2.0672404e+02 -6.0088369e+00      
1.9127209e+02 6.6296858e+00      
1.8966369e+02 1.9971908e+00      
1.8809910e+02 -3.0353022e+00      
1.8651887e+02 -8.3298400e+00      
1.8517306e+02 -1.3850035e+01      
1.8461176e+02 -1.9578583e+01      
1.8504228e+02 -2.4980340e+01      
1.8619316e+02 -2.8316235e+01      
1.8846860e+02 -3.1475496e+01      
1.9184923e+02 -3.5117461e+01      
1.9595480e+02 -3.9018500e+01      
1.9893930e+02 -4.1377065e+01      
2.0031201e+02 -4.1753926e+01      
2.0037266e+02 -4.0384879e+01      
2.0080960e+02 -3.9064726e+01      
2.0181667e+02 -3.8195748e+01      
2.0332407e+02 -3.7735194e+01      
2.0519338e+02 -3.7539477e+01      
2.0614342e+02 -3.6947052e+01      
2.0605398e+02 -3.5909406e+01      
1.8871248e+02 -2.3362035e+01      
1.8777633e+02 -2.8615468e+01      
1.8634265e+02 -3.4139199e+01      
1.8447077e+02 -3.9884770e+01      
1.8235152e+02 -4.5840133e+01      
1.8142045e+02 -5.2338841e+01      
1.8160481e+02 -5.7505298e+01      
1.8284334e+02 -6.0982857e+01      
1.8532151e+02 -6.3365995e+01      
1.8920483e+02 -6.6933611e+01      
1.9296771e+02 -7.0320483e+01      
1.9573698e+02 -7.2387744e+01      
1.9719280e+02 -7.2596830e+01      
1.9751703e+02 -7.1140485e+01      
1.9741367e+02 -6.8960086e+01      
1.9816708e+02 -6.7771064e+01      
1.9942747e+02 -6.7126128e+01      
2.0108046e+02 -6.6858823e+01      
2.0172117e+02 -6.6072239e+01      
2.0117593e+02 -6.4691437e+01      
1.8219860e+02 -5.1980174e+01      
1.8116392e+02 -5.7490120e+01      
1.7960330e+02 -6.3272206e+01      
1.7758231e+02 -6.9357724e+01      
1.7528909e+02 -7.5909395e+01      
1.7411613e+02 -8.2072651e+01      
1.7415701e+02 -8.6936239e+01      
1.7538196e+02 -9.0216852e+01      
1.7776929e+02 -9.2339176e+01      
1.8113726e+02 -9.4351919e+01      
1.8482942e+02 -9.7680600e+01      
1.8751216e+02 -9.9733556e+01      
1.8893334e+02 -9.9704092e+01      
1.8928888e+02 -9.7930276e+01      
1.8987292e+02 -9.6568917e+01      
1.9088464e+02 -9.5760347e+01      
1.9170498e+02 -9.4901954e+01      
1.9282933e+02 -9.4401288e+01      
1.9303625e+02 -9.3335461e+01      
1.9216714e+02 -9.1660058e+01      
1.7191865e+02 -7.8683986e+01      
1.7010215e+02 -8.3900016e+01      
1.6815472e+02 -8.9657621e+01      
1.6610794e+02 -9.5725658e+01      
1.6436352e+02 -1.0177865e+02      
1.6326182e+02 -1.0791818e+02      
1.6327633e+02 -1.1249611e+02      
1.6451644e+02 -1.1520167e+02      
1.6679471e+02 -1.1645486e+02      
1.6950349e+02 -1.1819732e+02      
1.7238006e+02 -1.2061011e+02      
1.7497258e+02 -1.2292783e+02      
1.7630679e+02 -1.2266920e+02      
1.7739596e+02 -1.2212125e+02      
1.7862017e+02 -1.2181231e+02      
1.7957837e+02 -1.2126614e+02      
1.8022634e+02 -1.2045123e+02      
1.8061672e+02 -1.1946970e+02      
1.8030663e+02 -1.1800295e+02      
1.7924758e+02 -1.1614375e+02      
1.5857988e+02 -1.0329371e+02      
1.5628722e+02 -1.0829415e+02      
1.5391363e+02 -1.1400768e+02      
1.5154690e+02 -1.2022636e+02      
1.5018542e+02 -1.2526850e+02      
1.4954131e+02 -1.3002123e+02      
1.4959727e+02 -1.3422187e+02      
1.5095932e+02 -1.3615844e+02      
1.5283590e+02 -1.3765744e+02      
1.5496956e+02 -1.3928216e+02      
1.5717097e+02 -1.4106195e+02      
1.5918454e+02 -1.4257859e+02      
1.6078851e+02 -1.4326526e+02      
1.6233891e+02 -1.4382570e+02      
1.6360357e+02 -1.4403447e+02      
1.6444137e+02 -1.4370931e+02      
1.6479696e+02 -1.4280829e+02      
1.6461701e+02 -1.4136447e+02      
1.6380659e+02 -1.3943332e+02      
1.6272204e+02 -1.3758996e+02      
1.4266173e+02 -1.2552935e+02      
1.4010424e+02 -1.3029019e+02      
1.3740674e+02 -1.3580077e+02      
1.3466733e+02 -1.4184874e+02      
1.3312740e+02 -1.4661776e+02      
1.3295655e+02 -1.5002298e+02      
1.3349556e+02 -1.5286040e+02      
1.3468207e+02 -1.5484261e+02      
1.3621968e+02 -1.5644436e+02      
1.3791050e+02 -1.5795869e+02      
1.3962315e+02 -1.5939645e+02      
1.4123329e+02 -1.6061061e+02      
1.4268776e+02 -1.6151243e+02      
1.4404505e+02 -1.6225648e+02      
1.4528330e+02 -1.6291616e+02      
1.4598854e+02 -1.6280233e+02      
1.4607532e+02 -1.6179504e+02      
1.4554281e+02 -1.6004210e+02      
1.4474770e+02 -1.5828682e+02      
1.4375633e+02 -1.5663923e+02      
1.2451137e+02 -1.4507870e+02      
1.2184655e+02 -1.4949618e+02      
1.1899277e+02 -1.5460053e+02      
1.1600733e+02 -1.6021255e+02      
1.1425017e+02 -1.6466757e+02      
1.1387065e+02 -1.6779683e+02      
1.1475294e+02 -1.6972769e+02      
1.1598060e+02 -1.7134112e+02      
1.1730440e+02 -1.7281075e+02      
1.1865035e+02 -1.7418751e+02      
1.1998059e+02 -1.7543651e+02      
1.2124265e+02 -1.7649439e+02      
1.2239997e+02 -1.7732862e+02      
1.2343824e+02 -1.7796839e+02      
1.2431377e+02 -1.7841985e+02      
1.2488093e+02 -1.7849911e+02      
1.2476784e+02 -1.7740082e+02      
1.2429619e+02 -1.7598542e+02      
1.2358386e+02 -1.7451105e+02      
1.2268442e+02 -1.7307772e+02      
1.0445592e+02 -1.6170223e+02      
1.0183753e+02 -1.6567034e+02      
9.9074669e+01 -1.7017050e+02      
9.6177887e+01 -1.7506106e+02      
9.4376458e+01 -1.7904690e+02      
9.3726907e+01 -1.8200689e+02      
9.4142232e+01 -1.8400319e+02      
9.5411967e+01 -1.8523169e+02      
9.6510575e+01 -1.8653134e+02      
9.7528641e+01 -1.8778668e+02      
9.8514577e+01 -1.8890207e+02      
9.9447580e+01 -1.8982856e+02      
1.0029446e+02 -1.9053776e+02      
1.0101835e+02 -1.9101454e+02      
1.0156531e+02 -1.9122450e+02      
1.0183880e+02 -1.9103932e+02      
1.0172692e+02 -1.9027256e+02      
1.0130804e+02 -1.8917277e+02      
1.0065604e+02 -1.8793726e+02      
9.9818027e+01 -1.8667523e+02      
8.2801504e+01 -1.7524608e+02      
8.0343149e+01 -1.7870921e+02      
7.7904475e+01 -1.8247877e+02      
7.5655281e+01 -1.8630631e+02      
7.4034906e+01 -1.8969444e+02      
7.3202866e+01 -1.9242907e+02      
7.3124039e+01 -1.9450013e+02      
7.3604437e+01 -1.9604563e+02      
7.4236426e+01 -1.9737742e+02      
7.4890738e+01 -1.9856401e+02      
7.5544444e+01 -1.9957610e+02      
7.6167973e+01 -2.0038484e+02      
7.6724905e+01 -2.0096683e+02      
7.7173863e+01 -2.0129937e+02      
7.7465459e+01 -2.0134826e+02      
7.7542886e+01 -2.0106107e+02      
7.7367471e+01 -2.0041779e+02      
7.6949733e+01 -1.9949865e+02      
7.6323166e+01 -1.9841759e+02      
7.5520569e+01 -1.9726932e+02      
