4.6418282e+01 2.3849454e+02      
4.7328257e+01 2.3945970e+02      
4.8037101e+01 2.4011369e+02      
4.8357157e+01 2.4031503e+02      
4.8434995e+01 2.4019974e+02      
4.8718183e+01 2.4016674e+02      
4.9318031e+01 2.4029886e+02      
5.0152759e+01 2.4050902e+02      
5.1099729e+01 2.4066745e+02      
5.2062090e+01 2.4065821e+02      
5.3016850e+01 2.4039451e+02      
5.3960208e+01 2.3974052e+02      
5.5282912e+01 2.3919842e+02      
5.7180145e+01 2.3897957e+02      
5.9696804e+01 2.3909340e+02      
6.2619345e+01 2.3937349e+02      
6.5266737e+01 2.3933740e+02      
6.7382993e+01 2.3880526e+02      
6.8953024e+01 2.3775190e+02      
7.0209081e+01 2.3629739e+02      
7.5572340e+01 2.3049412e+02      
7.7381636e+01 2.3228064e+02      
7.8462769e+01 2.3329561e+02      
7.8684138e+01 2.3348188e+02      
7.8165827e+01 2.3292294e+02      
7.8288917e+01 2.3284236e+02      
7.8955477e+01 2.3310689e+02      
7.9939363e+01 2.3351957e+02      
8.1014984e+01 2.3386988e+02      
8.1841533e+01 2.3377565e+02      
8.2544258e+01 2.3336829e+02      
8.2792756e+01 2.3180505e+02      
8.3760970e+01 2.3078941e+02      
8.5555285e+01 2.3033557e+02      
8.8331259e+01 2.3045786e+02      
9.2158225e+01 2.3117334e+02      
9.5059571e+01 2.3111710e+02      
9.7015410e+01 2.3029699e+02      
9.7997411e+01 2.2869156e+02      
9.7972030e+01 2.2624106e+02      
1.0261509e+02 2.1819230e+02      
1.0482249e+02 2.2017627e+02      
1.0611766e+02 2.2135880e+02      
1.0636020e+02 2.2166328e+02      
1.0577928e+02 2.2128460e+02      
1.0611227e+02 2.2153442e+02      
1.0704093e+02 2.2209822e+02      
1.0829367e+02 2.2279986e+02      
1.0972294e+02 2.2359601e+02      
1.1014179e+02 2.2307035e+02      
1.0959942e+02 2.2121056e+02      
1.0947470e+02 2.1946566e+02      
1.1012631e+02 2.1821947e+02      
1.1165124e+02 2.1752046e+02      
1.1421226e+02 2.1739755e+02      
1.1788343e+02 2.1781867e+02      
1.2060800e+02 2.1752583e+02      
1.2237919e+02 2.1648440e+02      
1.2316369e+02 2.1466847e+02      
1.2290490e+02 2.1205156e+02      
1.2689424e+02 2.0170087e+02      
1.2893405e+02 2.0341936e+02      
1.3017575e+02 2.0454250e+02      
1.3056479e+02 2.0503953e+02      
1.3037471e+02 2.0516772e+02      
1.3143175e+02 2.0617733e+02      
1.3277219e+02 2.0711390e+02      
1.3430579e+02 2.0797954e+02      
1.3543761e+02 2.0831101e+02      
1.3542116e+02 2.0736539e+02      
1.3416581e+02 2.0501030e+02      
1.3359543e+02 2.0306487e+02      
1.3389758e+02 2.0166730e+02      
1.3500567e+02 2.0072777e+02      
1.3687279e+02 2.0016870e+02      
1.3922877e+02 1.9977973e+02      
1.4133416e+02 1.9908944e+02      
1.4290798e+02 1.9790233e+02      
1.4391946e+02 1.9618007e+02      
1.4459084e+02 1.9402985e+02      
1.4817812e+02 1.8147290e+02      
1.4933890e+02 1.8255383e+02      
1.5026567e+02 1.8344966e+02      
1.5083087e+02 1.8408677e+02      
1.5131800e+02 1.8465882e+02      
1.5230111e+02 1.8550380e+02      
1.5380075e+02 1.8652343e+02      
1.5591401e+02 1.8776181e+02      
1.5724005e+02 1.8811383e+02      
1.5715236e+02 1.8714940e+02      
1.5560675e+02 1.8486196e+02      
1.5475236e+02 1.8292799e+02      
1.5475504e+02 1.8147490e+02      
1.5545641e+02 1.8037606e+02      
1.5670643e+02 1.7950900e+02      
1.5826955e+02 1.7869856e+02      
1.5983952e+02 1.7773030e+02      
1.6121965e+02 1.7645790e+02      
1.6238199e+02 1.7483721e+02      
1.6346669e+02 1.7292136e+02      
1.6670957e+02 1.5817508e+02      
1.6737345e+02 1.5884825e+02      
1.6799857e+02 1.5952194e+02      
1.6854269e+02 1.6014986e+02      
1.6914601e+02 1.6077927e+02      
1.7001654e+02 1.6148620e+02      
1.7127792e+02 1.6228619e+02      
1.7294745e+02 1.6312445e+02      
1.7472831e+02 1.6371475e+02      
1.7497264e+02 1.6305075e+02      
1.7351780e+02 1.6114469e+02      
1.7262643e+02 1.5943443e+02      
1.7247369e+02 1.5806375e+02      
1.7288938e+02 1.5693488e+02      
1.7372959e+02 1.5594480e+02      
1.7483411e+02 1.5497090e+02      
1.7603889e+02 1.5388529e+02      
1.7723131e+02 1.5259083e+02      
1.7838705e+02 1.5104363e+02      
1.7956867e+02 1.4925140e+02      
1.8245881e+02 1.3227474e+02      
1.8283446e+02 1.3264516e+02      
1.8319292e+02 1.3313901e+02      
1.8355284e+02 1.3369233e+02      
1.8400698e+02 1.3426171e+02      
1.8465886e+02 1.3483177e+02      
1.8556466e+02 1.3538041e+02      
1.8670170e+02 1.3584679e+02      
1.8790624e+02 1.3608374e+02      
1.8870414e+02 1.3579702e+02      
1.8771659e+02 1.3443556e+02      
1.8705447e+02 1.3308821e+02      
1.8690509e+02 1.3191400e+02      
1.8716427e+02 1.3087278e+02      
1.8774312e+02 1.2989989e+02      
1.8854728e+02 1.2891313e+02      
1.8948620e+02 1.2782785e+02      
1.9049617e+02 1.2657525e+02      
1.9155795e+02 1.2511427e+02      
1.9269650e+02 1.2343143e+02      
1.9527623e+02 1.0412415e+02      
1.9544359e+02 1.0421628e+02      
1.9550609e+02 1.0459990e+02      
1.9557205e+02 1.0511354e+02      
1.9575555e+02 1.0562131e+02      
1.9611894e+02 1.0606333e+02      
1.9667319e+02 1.0640721e+02      
1.9736666e+02 1.0660867e+02      
1.9806455e+02 1.0659017e+02      
1.9847762e+02 1.0622328e+02      
1.9829046e+02 1.0541357e+02      
1.9803148e+02 1.0446412e+02      
1.9797804e+02 1.0354391e+02      
1.9816296e+02 1.0267260e+02      
1.9856719e+02 1.0181682e+02      
1.9915309e+02 1.0092063e+02      
1.9987815e+02 9.9923577e+01      
2.0070890e+02 9.8773489e+01      
2.0163157e+02 9.7433180e+01      
2.0265402e+02 9.5880584e+01      
2.0510571e+02 7.4001011e+01      
2.0510354e+02 7.3814078e+01      
2.0472258e+02 7.4292731e+01      
2.0437629e+02 7.4894921e+01      
2.0422524e+02 7.5382335e+01      
2.0428135e+02 7.5715399e+01      
2.0452300e+02 7.5889468e+01      
2.0489375e+02 7.5900581e+01      
2.0529040e+02 7.5731754e+01      
2.0557009e+02 7.5357557e+01      
2.0565703e+02 7.4795643e+01      
2.0565178e+02 7.4142762e+01      
2.0568047e+02 7.3482047e+01      
2.0581058e+02 7.2831949e+01      
2.0607331e+02 7.2165521e+01      
2.0647658e+02 7.1436469e+01      
2.0701170e+02 7.0596596e+01      
2.0766415e+02 6.9604249e+01      
2.0842389e+02 6.8426819e+01      
2.0929009e+02 6.7039811e+01      
2.1186039e+02 4.2267089e+01      
2.1171141e+02 4.1789873e+01      
2.1057021e+02 4.2811044e+01      
2.0974611e+02 4.3627522e+01      
2.0925908e+02 4.4110794e+01      
2.0902694e+02 4.4330155e+01      
2.0900607e+02 4.4333221e+01      
2.0915048e+02 4.4170682e+01      
2.0939542e+02 4.3887104e+01      
2.0965774e+02 4.3511522e+01      
2.0986246e+02 4.3080298e+01      
2.0997884e+02 4.2645952e+01      
2.1002840e+02 4.2241647e+01      
2.1007187e+02 4.1854455e+01      
2.1018193e+02 4.1436958e+01      
2.1040684e+02 4.0935933e+01      
2.1075996e+02 4.0308391e+01      
2.1123460e+02 3.9521790e+01      
2.1181986e+02 3.8549757e+01      
2.1250851e+02 3.7368775e+01      
2.1424230e+02 1.0747167e+01      
2.1396514e+02 9.9613371e+00      
2.1259309e+02 1.1108252e+01      
2.1148914e+02 1.1987930e+01      
2.1073848e+02 1.2403877e+01      
2.1025997e+02 1.2462002e+01      
2.1002009e+02 1.2241278e+01      
2.1000008e+02 1.1859660e+01      
2.1017695e+02 1.1442875e+01      
2.1050058e+02 1.1038541e+01      
2.1085084e+02 1.0683856e+01      
2.1106332e+02 1.0436741e+01      
2.1106819e+02 1.0310779e+01      
2.1094403e+02 1.0245826e+01      
2.1085012e+02 1.0139510e+01      
2.1088314e+02 9.9169096e+00      
2.1105820e+02 9.5432366e+00      
2.1135961e+02 9.0005569e+00      
2.1176845e+02 8.2724564e+00      
2.1227077e+02 7.3384092e+00      
2.1248241e+02 -1.9972005e+01      
2.1209589e+02 -2.1097297e+01      
2.1075425e+02 -2.0125373e+01      
2.0955650e+02 -1.9397791e+01      
2.0862556e+02 -1.9146073e+01      
2.0793657e+02 -1.9316202e+01      
2.0749726e+02 -1.9876042e+01      
2.0733369e+02 -2.0628909e+01      
2.0748029e+02 -2.1191456e+01      
2.0797728e+02 -2.1650793e+01      
2.0867042e+02 -2.1999345e+01      
2.0904826e+02 -2.2071541e+01      
2.0892449e+02 -2.1854245e+01      
2.0843587e+02 -2.1475033e+01      
2.0804756e+02 -2.1194888e+01      
2.0788334e+02 -2.1105646e+01      
2.0789725e+02 -2.1204079e+01      
2.0804061e+02 -2.1478718e+01      
2.0828037e+02 -2.1930835e+01      
2.0859674e+02 -2.2578125e+01      
2.0692354e+02 -4.9314551e+01      
2.0645335e+02 -5.0838191e+01      
2.0525853e+02 -5.0401362e+01      
2.0405719e+02 -5.0030993e+01      
2.0298161e+02 -4.9975774e+01      
2.0208384e+02 -5.0381840e+01      
2.0142155e+02 -5.1391075e+01      
2.0107617e+02 -5.2885121e+01      
2.0113747e+02 -5.3527776e+01      
2.0184449e+02 -5.4067583e+01      
2.0326003e+02 -5.4504694e+01      
2.0388186e+02 -5.4374249e+01      
2.0359558e+02 -5.3731631e+01      
2.0240884e+02 -5.2698935e+01      
2.0172340e+02 -5.1994698e+01      
2.0142454e+02 -5.1607343e+01      
2.0132689e+02 -5.1443313e+01      
2.0134228e+02 -5.1444763e+01      
2.0142792e+02 -5.1595078e+01      
2.0156437e+02 -5.1914999e+01      
1.9791871e+02 -7.6807117e+01      
1.9740498e+02 -7.8838702e+01      
1.9642485e+02 -7.9549883e+01      
1.9521783e+02 -7.9611167e+01      
1.9395268e+02 -7.9542001e+01      
1.9280912e+02 -8.0044424e+01      
1.9185896e+02 -8.1398376e+01      
1.9117855e+02 -8.3453637e+01      
1.9102751e+02 -8.4764217e+01      
1.9161667e+02 -8.5453850e+01      
1.9300467e+02 -8.5575943e+01      
1.9368008e+02 -8.5135391e+01      
1.9351371e+02 -8.4078704e+01      
1.9246551e+02 -8.2643214e+01      
1.9186477e+02 -8.1666379e+01      
1.9159744e+02 -8.1076095e+01      
1.9147141e+02 -8.0712561e+01      
1.9139793e+02 -8.0456538e+01      
1.9134515e+02 -8.0278593e+01      
1.9130817e+02 -8.0222528e+01      
1.8606254e+02 -1.0362486e+02      
1.8551372e+02 -1.0619856e+02      
1.8455108e+02 -1.0749694e+02      
1.8326298e+02 -1.0774091e+02      
1.8170106e+02 -1.0712647e+02      
1.8029793e+02 -1.0758822e+02      
1.7903229e+02 -1.0916470e+02      
1.7794099e+02 -1.1155194e+02      
1.7743756e+02 -1.1321367e+02      
1.7758783e+02 -1.1404744e+02      
1.7820038e+02 -1.1414324e+02      
1.7873490e+02 -1.1350014e+02      
1.7897651e+02 -1.1205556e+02      
1.7881284e+02 -1.1071410e+02      
1.7867913e+02 -1.0966825e+02      
1.7861803e+02 -1.0904256e+02      
1.7854942e+02 -1.0861838e+02      
1.7841448e+02 -1.0813258e+02      
1.7822508e+02 -1.0757594e+02      
1.7801471e+02 -1.0707238e+02      
1.7093678e+02 -1.2715011e+02      
1.7027561e+02 -1.2984395e+02      
1.6926526e+02 -1.3142533e+02      
1.6794653e+02 -1.3199542e+02      
1.6636671e+02 -1.3166208e+02      
1.6481362e+02 -1.3237184e+02      
1.6327548e+02 -1.3415435e+02      
1.6179455e+02 -1.3669840e+02      
1.6094871e+02 -1.3848447e+02      
1.6074345e+02 -1.3937258e+02      
1.6099367e+02 -1.3946179e+02      
1.6145658e+02 -1.3882163e+02      
1.6192616e+02 -1.3765917e+02      
1.6225735e+02 -1.3650084e+02      
1.6261083e+02 -1.3542123e+02      
1.6282190e+02 -1.3507839e+02      
1.6289477e+02 -1.3493813e+02      
1.6266794e+02 -1.3418627e+02      
1.6230734e+02 -1.3311815e+02      
1.6191369e+02 -1.3205440e+02      
1.5298033e+02 -1.4676017e+02      
1.5217906e+02 -1.4913980e+02      
1.5112165e+02 -1.5085876e+02      
1.4982095e+02 -1.5197535e+02      
1.4832327e+02 -1.5279589e+02      
1.4671264e+02 -1.5404481e+02      
1.4498664e+02 -1.5602641e+02      
1.4321458e+02 -1.5859550e+02      
1.4214970e+02 -1.6034941e+02      
1.4178458e+02 -1.6117711e+02      
1.4194725e+02 -1.6119640e+02      
1.4248745e+02 -1.6049577e+02      
1.4322206e+02 -1.5930296e+02      
1.4372264e+02 -1.5850785e+02      
1.4412576e+02 -1.5818656e+02      
1.4450761e+02 -1.5862722e+02      
1.4488619e+02 -1.5957535e+02      
1.4443341e+02 -1.5833896e+02      
1.4385132e+02 -1.5653894e+02      
1.4326649e+02 -1.5476419e+02      
1.3278555e+02 -1.6420121e+02      
1.3187785e+02 -1.6629019e+02      
1.3077870e+02 -1.6805703e+02      
1.2948821e+02 -1.6953689e+02      
1.2802408e+02 -1.7093017e+02      
1.2640008e+02 -1.7254097e+02      
1.2458757e+02 -1.7460845e+02      
1.2267155e+02 -1.7705653e+02      
1.2157234e+02 -1.7861633e+02      
1.2125510e+02 -1.7923738e+02      
1.2144276e+02 -1.7915265e+02      
1.2209409e+02 -1.7837646e+02      
1.2265579e+02 -1.7769233e+02      
1.2307786e+02 -1.7737889e+02      
1.2342198e+02 -1.7763471e+02      
1.2377739e+02 -1.7873954e+02      
1.2414077e+02 -1.8051291e+02      
1.2386340e+02 -1.7996565e+02      
1.2310226e+02 -1.7735281e+02      
1.2236497e+02 -1.7482223e+02      
1.1066268e+02 -1.7926550e+02      
1.0968985e+02 -1.8116504e+02      
1.0856440e+02 -1.8291581e+02      
1.0728446e+02 -1.8453516e+02      
1.0585425e+02 -1.8612675e+02      
1.0426856e+02 -1.8784184e+02      
1.0248664e+02 -1.8982517e+02      
1.0060644e+02 -1.9199189e+02      
9.9680141e+01 -1.9320196e+02      
9.9628914e+01 -1.9344507e+02      
9.9742274e+01 -1.9340582e+02      
1.0002319e+02 -1.9311749e+02      
1.0031874e+02 -1.9287082e+02      
1.0056452e+02 -1.9290641e+02      
1.0076792e+02 -1.9344829e+02      
1.0095740e+02 -1.9481109e+02      
1.0110419e+02 -1.9689477e+02      
1.0085609e+02 -1.9669306e+02      
1.0027011e+02 -1.9447881e+02      
9.9516902e+01 -1.9159553e+02      
8.6932236e+01 -1.9158580e+02      
8.5924057e+01 -1.9334304e+02      
8.4790938e+01 -1.9503232e+02      
8.3535060e+01 -1.9665574e+02      
8.2162171e+01 -1.9825790e+02      
8.0674427e+01 -1.9990426e+02      
7.9053340e+01 -2.0165548e+02      
7.7405707e+01 -2.0340617e+02      
7.6782422e+01 -2.0421709e+02      
7.6509440e+01 -2.0459360e+02      
7.6400860e+01 -2.0472806e+02      
7.6402082e+01 -2.0472322e+02      
7.6454674e+01 -2.0472312e+02      
7.6508232e+01 -2.0489677e+02      
7.6537619e+01 -2.0542104e+02      
7.6521943e+01 -2.0653412e+02      
7.6401491e+01 -2.0819837e+02      
7.6083118e+01 -2.0777360e+02      
7.5557018e+01 -2.0514847e+02      
7.4849873e+01 -2.0243529e+02      
