4.2124244e+01 2.3826306e+02      
4.1393137e+01 2.3682891e+02      
3.9230622e+01 2.3465413e+02      
3.6091946e+01 2.3196706e+02      
3.3191284e+01 2.2936260e+02      
3.1036877e+01 2.2707020e+02      
2.9711050e+01 2.2512731e+02      
2.9209865e+01 2.2355211e+02      
2.9491093e+01 2.2236361e+02      
3.0461487e+01 2.2158245e+02      
3.1933659e+01 2.2122548e+02      
3.3569253e+01 2.2128844e+02      
3.4751098e+01 2.2167050e+02      
3.4771719e+01 2.2217385e+02      
3.4299428e+01 2.2296421e+02      
3.3922019e+01 2.2410444e+02      
3.3959794e+01 2.2555346e+02      
3.4588784e+01 2.2724257e+02      
3.5892262e+01 2.2909429e+02      
3.7902819e+01 2.3102918e+02      
7.4391994e+01 2.3061128e+02      
7.4341895e+01 2.2933751e+02      
7.1602202e+01 2.2680152e+02      
6.6589267e+01 2.2313283e+02      
6.2694646e+01 2.1996689e+02      
6.0102165e+01 2.1731121e+02      
5.8636410e+01 2.1507156e+02      
5.8214628e+01 2.1322684e+02      
5.8790206e+01 2.1178488e+02      
6.0307286e+01 2.1077165e+02      
6.2613741e+01 2.1022953e+02      
6.5298914e+01 2.1020012e+02      
6.7400034e+01 2.1060730e+02      
6.6338372e+01 2.1067503e+02      
6.4621513e+01 2.1115827e+02      
6.3166311e+01 2.1209684e+02      
6.2358388e+01 2.1339926e+02      
6.2330254e+01 2.1496244e+02      
6.3106827e+01 2.1668992e+02      
6.4676679e+01 2.1849086e+02      
1.0293256e+02 2.1795073e+02      
1.0330504e+02 2.1661448e+02      
1.0026399e+02 2.1390980e+02      
9.4416689e+01 2.1004737e+02      
8.9947953e+01 2.0662077e+02      
8.7106643e+01 2.0371467e+02      
8.5600543e+01 2.0122965e+02      
8.5305236e+01 1.9913532e+02      
8.6206858e+01 1.9743665e+02      
8.8379035e+01 1.9616505e+02      
9.1798716e+01 1.9538551e+02      
9.5836286e+01 1.9517506e+02      
9.7709503e+01 1.9516527e+02      
9.6770880e+01 1.9525182e+02      
9.3537070e+01 1.9554477e+02      
9.0734052e+01 1.9637771e+02      
8.8977514e+01 1.9761609e+02      
8.8280276e+01 1.9912457e+02      
8.8532255e+01 2.0079098e+02      
8.9659136e+01 2.0251546e+02      
1.2703968e+02 2.0089599e+02      
1.2749543e+02 1.9931828e+02      
1.2449165e+02 1.9659212e+02      
1.1863845e+02 1.9292969e+02      
1.1420345e+02 1.8951480e+02      
1.1142988e+02 1.8649134e+02      
1.1002241e+02 1.8382545e+02      
1.0987043e+02 1.8150829e+02      
1.1100220e+02 1.7954973e+02      
1.1365742e+02 1.7797812e+02      
1.1816715e+02 1.7683410e+02      
1.2207871e+02 1.7604953e+02      
1.2390010e+02 1.7566550e+02      
1.2302526e+02 1.7573226e+02      
1.1980184e+02 1.7625033e+02      
1.1567168e+02 1.7716007e+02      
1.1313781e+02 1.7844614e+02      
1.1189667e+02 1.7998645e+02      
1.1169014e+02 1.8166442e+02      
1.1240715e+02 1.8337657e+02      
1.4623213e+02 1.8026714e+02      
1.4640867e+02 1.7837821e+02      
1.4379851e+02 1.7566978e+02      
1.3881714e+02 1.7231914e+02      
1.3504805e+02 1.6903067e+02      
1.3265934e+02 1.6597045e+02      
1.3147528e+02 1.6317331e+02      
1.3144748e+02 1.6065984e+02      
1.3260753e+02 1.5844623e+02      
1.3505680e+02 1.5654548e+02      
1.3877813e+02 1.5494448e+02      
1.4311175e+02 1.5359884e+02      
1.4525423e+02 1.5282524e+02      
1.4435795e+02 1.5285166e+02      
1.4059120e+02 1.5362112e+02      
1.3695093e+02 1.5476001e+02      
1.3429693e+02 1.5620801e+02      
1.3273101e+02 1.5787063e+02      
1.3216845e+02 1.5963634e+02      
1.3253135e+02 1.6140289e+02      
1.6030236e+02 1.5683302e+02      
1.5989087e+02 1.5463676e+02      
1.5798554e+02 1.5191524e+02      
1.5506937e+02 1.4882027e+02      
1.5243071e+02 1.4564397e+02      
1.5060927e+02 1.4256404e+02      
1.4971112e+02 1.3966082e+02      
1.4977695e+02 1.3697490e+02      
1.5083717e+02 1.3452649e+02      
1.5289377e+02 1.3232291e+02      
1.5583208e+02 1.3036269e+02      
1.5923149e+02 1.2866451e+02      
1.6201812e+02 1.2739707e+02      
1.6132692e+02 1.2736574e+02      
1.5820830e+02 1.2821247e+02      
1.5491136e+02 1.2958846e+02      
1.5224284e+02 1.3128876e+02      
1.5047132e+02 1.3316083e+02      
1.4963837e+02 1.3508784e+02      
1.4970686e+02 1.3697347e+02      
1.7240845e+02 1.3136537e+02      
1.7161213e+02 1.2890184e+02      
1.7016918e+02 1.2608147e+02      
1.6831776e+02 1.2301162e+02      
1.6655072e+02 1.1984812e+02      
1.6525350e+02 1.1672407e+02      
1.6462085e+02 1.1372286e+02      
1.6474668e+02 1.1088796e+02      
1.6567344e+02 1.0823628e+02      
1.6739468e+02 1.0576854e+02      
1.6982382e+02 1.0348059e+02      
1.7267026e+02 1.0142811e+02      
1.7509467e+02 9.9899650e+01      
1.7508561e+02 9.9564071e+01      
1.7299639e+02 1.0035435e+02      
1.6970173e+02 1.0206268e+02      
1.6685782e+02 1.0413012e+02      
1.6488827e+02 1.0629670e+02      
1.6384411e+02 1.0844836e+02      
1.6367483e+02 1.1051050e+02      
1.8231508e+02 1.0421430e+02      
1.8134480e+02 1.0150266e+02      
1.8013247e+02 9.8516022e+01      
1.7878737e+02 9.5347253e+01      
1.7753782e+02 9.2111141e+01      
1.7661038e+02 8.8911641e+01      
1.7616703e+02 8.5818764e+01      
1.7630850e+02 8.2864467e+01      
1.7708870e+02 8.0051904e+01      
1.7852213e+02 7.7367977e+01      
1.8061674e+02 7.4779371e+01      
1.8331210e+02 7.2275244e+01      
1.8517439e+02 7.0529271e+01      
1.8535427e+02 7.0000375e+01      
1.8378304e+02 7.0804429e+01      
1.8098534e+02 7.2721204e+01      
1.7788199e+02 7.5268334e+01      
1.7577247e+02 7.7769514e+01      
1.7458985e+02 8.0184467e+01      
1.7424102e+02 8.2469500e+01      
1.8953475e+02 7.5749980e+01      
1.8848904e+02 7.2782323e+01      
1.8740556e+02 6.9580582e+01      
1.8633522e+02 6.6242071e+01      
1.8538710e+02 6.2876756e+01      
1.8468516e+02 5.9582025e+01      
1.8434038e+02 5.6416263e+01      
1.8444215e+02 5.3388560e+01      
1.8505124e+02 5.0473393e+01      
1.8619004e+02 4.7638974e+01      
1.8783218e+02 4.4875979e+01      
1.8981330e+02 4.2254613e+01      
1.9162253e+02 4.0054376e+01      
1.9190581e+02 3.9284258e+01      
1.9041973e+02 4.0253520e+01      
1.8762981e+02 4.2607127e+01      
1.8498369e+02 4.5318659e+01      
1.8298314e+02 4.8084613e+01      
1.8175009e+02 5.0780661e+01      
1.8127747e+02 5.3327229e+01      
1.9377990e+02 4.6398653e+01      
1.9270913e+02 4.3150747e+01      
1.9171632e+02 3.9685197e+01      
1.9082028e+02 3.6115487e+01      
1.9006027e+02 3.2572033e+01      
1.8948364e+02 2.9173788e+01      
1.8915253e+02 2.5978984e+01      
1.8915049e+02 2.2956345e+01      
1.8955547e+02 2.0020905e+01      
1.9040337e+02 1.7095262e+01      
1.9165608e+02 1.4165537e+01      
1.9315233e+02 1.1345155e+01      
1.9452744e+02 8.9595820e+00      
1.9502899e+02 7.7368914e+00      
1.9329319e+02 9.1165091e+00      
1.9081527e+02 1.1657893e+01      
1.8842899e+02 1.4635864e+01      
1.8652853e+02 1.7712814e+01      
1.8527860e+02 2.0723393e+01      
1.8472166e+02 2.3570987e+01      
1.9487900e+02 1.6622952e+01      
1.9381397e+02 1.3059431e+01      
1.9290643e+02 9.2703021e+00      
1.9215674e+02 5.3912796e+00      
1.9155120e+02 1.5977137e+00      
1.9105006e+02 -1.9156879e+00      
1.9064833e+02 -5.0495933e+00      
1.9045841e+02 -7.9236892e+00      
1.9061278e+02 -1.0747347e+01      
1.9118607e+02 -1.3693448e+01      
1.9217977e+02 -1.6844798e+01      
1.9349155e+02 -2.0112577e+01      
1.9483402e+02 -2.3086265e+01      
1.9549022e+02 -2.4771722e+01      
1.9344750e+02 -2.2972942e+01      
1.9081638e+02 -1.9848909e+01      
1.8837911e+02 -1.6350607e+01      
1.8645985e+02 -1.2862016e+01      
1.8518172e+02 -9.4985182e+00      
1.8456750e+02 -6.3095053e+00      
1.9274305e+02 -1.3086892e+01      
1.9170170e+02 -1.7006863e+01      
1.9089041e+02 -2.1194333e+01      
1.9030894e+02 -2.5498013e+01      
1.8991336e+02 -2.9691011e+01      
1.8953348e+02 -3.3407862e+01      
1.8892003e+02 -3.6266481e+01      
1.8840429e+02 -3.8721197e+01      
1.8823066e+02 -4.1210023e+01      
1.8851352e+02 -4.4033841e+01      
1.8932644e+02 -4.7426490e+01      
1.9066335e+02 -5.1418024e+01      
1.9221616e+02 -5.5388395e+01      
1.9232320e+02 -5.6885086e+01      
1.9059885e+02 -5.5358611e+01      
1.8752507e+02 -5.1290375e+01      
1.8480996e+02 -4.7030710e+01      
1.8279082e+02 -4.3099769e+01      
1.8149144e+02 -3.9406942e+01      
1.8085698e+02 -3.5835010e+01      
1.8734862e+02 -4.2218530e+01      
1.8633048e+02 -4.6529436e+01      
1.8562364e+02 -5.1195564e+01      
1.8525683e+02 -5.6079618e+01      
1.8518563e+02 -6.0908126e+01      
1.8514516e+02 -6.5107701e+01      
1.8403386e+02 -6.7236165e+01      
1.8301946e+02 -6.8857345e+01      
1.8241465e+02 -7.0677649e+01      
1.8233258e+02 -7.3100860e+01      
1.8289183e+02 -7.6499696e+01      
1.8422117e+02 -8.1236327e+01      
1.8508795e+02 -8.5041667e+01      
1.8481036e+02 -8.6524840e+01      
1.8319728e+02 -8.5187414e+01      
1.8053176e+02 -8.1421812e+01      
1.7755868e+02 -7.6483214e+01      
1.7551309e+02 -7.2431612e+01      
1.7427305e+02 -6.8634520e+01      
1.7368208e+02 -6.4551216e+01      
1.7873195e+02 -7.0245531e+01      
1.7770379e+02 -7.4954013e+01      
1.7707809e+02 -8.0154268e+01      
1.7693853e+02 -8.5755583e+01      
1.7719485e+02 -9.1337314e+01      
1.7689388e+02 -9.5235028e+01      
1.7584122e+02 -9.7190471e+01      
1.7429477e+02 -9.7627614e+01      
1.7319778e+02 -9.8420833e+01      
1.7266734e+02 -1.0010262e+02      
1.7268641e+02 -1.0280871e+02      
1.7314217e+02 -1.0649568e+02      
1.7362745e+02 -1.1059531e+02      
1.7310110e+02 -1.1233276e+02      
1.7144149e+02 -1.1104539e+02      
1.6886921e+02 -1.0727249e+02      
1.6646332e+02 -1.0361695e+02      
1.6467812e+02 -1.0035849e+02      
1.6364477e+02 -9.6940901e+01      
1.6318833e+02 -9.1882448e+01      
1.6699562e+02 -9.6645582e+01      
1.6587323e+02 -1.0170905e+02      
1.6521120e+02 -1.0735602e+02      
1.6519131e+02 -1.1360934e+02      
1.6512831e+02 -1.1883734e+02      
1.6463937e+02 -1.2230278e+02      
1.6360354e+02 -1.2388233e+02      
1.6215034e+02 -1.2398152e+02      
1.6065144e+02 -1.2361716e+02      
1.5972948e+02 -1.2451109e+02      
1.5923357e+02 -1.2638646e+02      
1.5897087e+02 -1.2894367e+02      
1.5867105e+02 -1.3177526e+02      
1.5792877e+02 -1.3394231e+02      
1.5616960e+02 -1.3266855e+02      
1.5405443e+02 -1.3058681e+02      
1.5204085e+02 -1.2851017e+02      
1.5049872e+02 -1.2638873e+02      
1.4971398e+02 -1.2253621e+02      
1.4959907e+02 -1.1687899e+02      
1.5232926e+02 -1.2092180e+02      
1.5098974e+02 -1.2631416e+02      
1.5001706e+02 -1.3215544e+02      
1.4953043e+02 -1.3766164e+02      
1.4934177e+02 -1.4245669e+02      
1.4878188e+02 -1.4536779e+02      
1.4773587e+02 -1.4627725e+02      
1.4627738e+02 -1.4563830e+02      
1.4492779e+02 -1.4543818e+02      
1.4385566e+02 -1.4602004e+02      
1.4301994e+02 -1.4727499e+02      
1.4228198e+02 -1.4895978e+02      
1.4144743e+02 -1.5075561e+02      
1.4026640e+02 -1.5210832e+02      
1.3857487e+02 -1.5225251e+02      
1.3668690e+02 -1.5162158e+02      
1.3482430e+02 -1.5089711e+02      
1.3354427e+02 -1.4876449e+02      
1.3304276e+02 -1.4474133e+02      
1.3331440e+02 -1.3891147e+02      
1.3502666e+02 -1.4257605e+02      
1.3337339e+02 -1.4829412e+02      
1.3193419e+02 -1.5476857e+02      
1.3103410e+02 -1.5938640e+02      
1.3060506e+02 -1.6186623e+02      
1.3004869e+02 -1.6409872e+02      
1.2902282e+02 -1.6420928e+02      
1.2780118e+02 -1.6401329e+02      
1.2658364e+02 -1.6407307e+02      
1.2546511e+02 -1.6454629e+02      
1.2444072e+02 -1.6539717e+02      
1.2343400e+02 -1.6649032e+02      
1.2231736e+02 -1.6763909e+02      
1.2091512e+02 -1.6870897e+02      
1.1908219e+02 -1.6976276e+02      
1.1734940e+02 -1.6969098e+02      
1.1577479e+02 -1.6886913e+02      
1.1461226e+02 -1.6692963e+02      
1.1426191e+02 -1.6317430e+02      
1.1480768e+02 -1.5761812e+02      
1.1547269e+02 -1.6111633e+02      
1.1348989e+02 -1.6679986e+02      
1.1156355e+02 -1.7313751e+02      
1.1037183e+02 -1.7696598e+02      
1.0989322e+02 -1.7802433e+02      
1.0927666e+02 -1.7891270e+02      
1.0836304e+02 -1.7929057e+02      
1.0727333e+02 -1.7945014e+02      
1.0612573e+02 -1.7967925e+02      
1.0498754e+02 -1.8008123e+02      
1.0387055e+02 -1.8065691e+02      
1.0273949e+02 -1.8133620e+02      
1.0152777e+02 -1.8201702e+02      
1.0016098e+02 -1.8261454e+02      
9.8642838e+01 -1.8298442e+02      
9.7151628e+01 -1.8274520e+02      
9.5742020e+01 -1.8193874e+02      
9.4429765e+01 -1.8067891e+02      
9.4008882e+01 -1.7759788e+02      
9.4508512e+01 -1.7287264e+02      
9.4102757e+01 -1.7621115e+02      
9.1874136e+01 -1.8147965e+02      
8.9567271e+01 -1.8726459e+02      
8.8177233e+01 -1.9046917e+02      
8.7708514e+01 -1.9088652e+02      
8.7060056e+01 -1.9125985e+02      
8.6156812e+01 -1.9165318e+02      
8.5100801e+01 -1.9196387e+02      
8.3972730e+01 -1.9225797e+02      
8.2822848e+01 -1.9258713e+02      
8.1668748e+01 -1.9295456e+02      
8.0500859e+01 -1.9331980e+02      
7.9295303e+01 -1.9361395e+02      
7.8036106e+01 -1.9374929e+02      
7.6747833e+01 -1.9360221e+02      
7.5498327e+01 -1.9303529e+02      
7.4349259e+01 -1.9199647e+02      
7.3407112e+01 -1.9038494e+02      
7.2886970e+01 -1.8790204e+02      
7.2732821e+01 -1.8480813e+02      
7.1348876e+01 -1.8773156e+02      
6.9061364e+01 -1.9225396e+02      
6.6638565e+01 -1.9712236e+02      
6.5115970e+01 -1.9983992e+02      
6.4509218e+01 -2.0026312e+02      
6.3720127e+01 -2.0065689e+02      
6.2738709e+01 -2.0109006e+02      
6.1650937e+01 -2.0145689e+02      
6.0509692e+01 -2.0175674e+02      
5.9349682e+01 -2.0200590e+02      
5.8188342e+01 -2.0220251e+02      
5.7029374e+01 -2.0231913e+02      
5.5871075e+01 -2.0230612e+02      
5.4718841e+01 -2.0209585e+02      
5.3597118e+01 -2.0160634e+02      
5.2550439e+01 -2.0075628e+02      
5.1636650e+01 -1.9948090e+02      
5.0931948e+01 -1.9771233e+02      
5.0508316e+01 -1.9541430e+02      
5.0432937e+01 -1.9261421e+02      
