1.8157828e+00 2.2294188e+02      
1.6898632e+00 2.1887462e+02      
1.7460016e+00 2.1499836e+02      
1.9451770e+00 2.1138572e+02      
2.5429224e+00 2.0809414e+02      
3.5681951e+00 2.0517305e+02      
4.8506221e+00 2.0267089e+02      
6.1713939e+00 2.0064453e+02      
7.4283330e+00 1.9917052e+02      
8.5722909e+00 1.9831553e+02      
9.5707875e+00 1.9812084e+02      
1.0427743e+01 1.9861071e+02      
1.1168541e+01 1.9980181e+02      
1.1804013e+01 2.0170142e+02      
1.2380472e+01 2.0427159e+02      
1.3086766e+01 2.0739085e+02      
1.4142411e+01 2.1089845e+02      
1.5707013e+01 2.1464071e+02      
1.7881525e+01 2.1848496e+02      
2.0723042e+01 2.2231943e+02      
3.1892518e+01 2.1075051e+02      
3.2646158e+01 2.0646299e+02      
3.3149367e+01 2.0237021e+02      
3.3385884e+01 1.9855270e+02      
3.4294532e+01 1.9504479e+02      
3.5874138e+01 1.9188744e+02      
3.7813583e+01 1.8912316e+02      
3.9480195e+01 1.8677682e+02      
4.0954772e+01 1.8499954e+02      
4.2188387e+01 1.8388598e+02      
4.3112371e+01 1.8347254e+02      
4.3753093e+01 1.8377780e+02      
4.4193911e+01 1.8482927e+02      
4.4405748e+01 1.8668930e+02      
4.4176110e+01 1.8940753e+02      
4.3994175e+01 1.9275134e+02      
4.4228428e+01 1.9647389e+02      
4.5063075e+01 2.0038103e+02      
4.6594035e+01 2.0432661e+02      
4.8862631e+01 2.0820000e+02      
6.0557302e+01 1.9515404e+02      
6.1909467e+01 1.9057139e+02      
6.2890148e+01 1.8625305e+02      
6.3490031e+01 1.8228493e+02      
6.4833395e+01 1.7856819e+02      
6.7089523e+01 1.7515990e+02      
7.0218496e+01 1.7214302e+02      
7.2237843e+01 1.6936500e+02      
7.4094262e+01 1.6723743e+02      
7.5464717e+01 1.6585098e+02      
7.6267042e+01 1.6521168e+02      
7.6586889e+01 1.6530248e+02      
7.6627287e+01 1.6615166e+02      
7.6587945e+01 1.6790499e+02      
7.5126973e+01 1.7094729e+02      
7.3770891e+01 1.7469761e+02      
7.3002643e+01 1.7877096e+02      
7.3004223e+01 1.8292445e+02      
7.3830161e+01 1.8701664e+02      
7.5481860e+01 1.9095610e+02      
8.7258629e+01 1.7648318e+02      
8.9056549e+01 1.7159725e+02      
9.0534504e+01 1.6704527e+02      
9.1665758e+01 1.6291786e+02      
9.3494241e+01 1.5897055e+02      
9.6150829e+01 1.5524806e+02      
9.9595667e+01 1.5178737e+02      
1.0347332e+02 1.4861878e+02      
1.0611762e+02 1.4613365e+02      
1.0763600e+02 1.4449779e+02      
1.0820890e+02 1.4367393e+02      
1.0804846e+02 1.4354598e+02      
1.0734150e+02 1.4414580e+02      
1.0628717e+02 1.4602921e+02      
1.0436065e+02 1.4925603e+02      
1.0172958e+02 1.5360235e+02      
9.9840102e+01 1.5818014e+02      
9.8961882e+01 1.6264813e+02      
9.9074152e+01 1.6690786e+02      
1.0010279e+02 1.7092297e+02      
1.1158339e+02 1.5513203e+02      
1.1371378e+02 1.5000963e+02      
1.1572041e+02 1.4521744e+02      
1.1752689e+02 1.4085257e+02      
1.1987498e+02 1.3662888e+02      
1.2281293e+02 1.3259650e+02      
1.2644750e+02 1.2876761e+02      
1.3083862e+02 1.2513261e+02      
1.3398052e+02 1.2227226e+02      
1.3549432e+02 1.2050132e+02      
1.3561247e+02 1.1969843e+02      
1.3490220e+02 1.1943482e+02      
1.3391793e+02 1.2006261e+02      
1.3233774e+02 1.2204904e+02      
1.2995853e+02 1.2549156e+02      
1.2696184e+02 1.3010757e+02      
1.2401998e+02 1.3526603e+02      
1.2237115e+02 1.4001181e+02      
1.2184322e+02 1.4440482e+02      
1.2228558e+02 1.4847957e+02      
1.3322491e+02 1.3148327e+02      
1.3553103e+02 1.2628729e+02      
1.3813903e+02 1.2124742e+02      
1.4088309e+02 1.1646703e+02      
1.4380575e+02 1.1192210e+02      
1.4689039e+02 1.0762843e+02      
1.5027410e+02 1.0358679e+02      
1.5401010e+02 9.9790546e+01      
1.5751050e+02 9.6480744e+01      
1.5876384e+02 9.4786123e+01      
1.5812037e+02 9.4422341e+01      
1.5727902e+02 9.4404851e+01      
1.5635955e+02 9.4804447e+01      
1.5445737e+02 9.6807326e+01      
1.5151851e+02 1.0057433e+02      
1.4788101e+02 1.0565229e+02      
1.4483054e+02 1.1071273e+02      
1.4276742e+02 1.1548746e+02      
1.4172883e+02 1.1993146e+02      
1.4164904e+02 1.2403153e+02      
1.5202253e+02 1.0584147e+02      
1.5479285e+02 1.0047394e+02      
1.5812643e+02 9.5160421e+01      
1.6178340e+02 9.0031248e+01      
1.6536197e+02 8.5189570e+01      
1.6834545e+02 8.0702186e+01      
1.7123379e+02 7.6556342e+01      
1.7437146e+02 7.2666405e+01      
1.7744381e+02 6.9228426e+01      
1.7809263e+02 6.7952823e+01      
1.7776955e+02 6.7555959e+01      
1.7685189e+02 6.7789926e+01      
1.7531739e+02 6.8756144e+01      
1.7298669e+02 7.0762948e+01      
1.6930424e+02 7.4994905e+01      
1.6551405e+02 7.9844263e+01      
1.6227558e+02 8.4745521e+01      
1.5988298e+02 8.9466596e+01      
1.5842148e+02 9.3903684e+01      
1.5788250e+02 9.7997487e+01      
1.6764795e+02 7.8618656e+01      
1.7104508e+02 7.3017179e+01      
1.7528319e+02 6.7381216e+01      
1.8007877e+02 6.1883489e+01      
1.8470967e+02 5.6751349e+01      
1.8710491e+02 5.2148202e+01      
1.8920914e+02 4.8053173e+01      
1.9162121e+02 4.4272839e+01      
1.9418170e+02 4.0880358e+01      
1.9497776e+02 3.9597777e+01      
1.9514248e+02 3.9031412e+01      
1.9421128e+02 3.9414885e+01      
1.9204520e+02 4.0947391e+01      
1.8864079e+02 4.3783107e+01      
1.8421296e+02 4.8002599e+01      
1.7990090e+02 5.2790538e+01      
1.7628363e+02 5.7635610e+01      
1.7353053e+02 6.2322749e+01      
1.7168777e+02 6.6736611e+01      
1.7074317e+02 7.0805550e+01      
1.7968012e+02 5.0311896e+01      
1.8373399e+02 4.4450141e+01      
1.8901516e+02 3.8419096e+01      
1.9509200e+02 3.2455548e+01      
1.9979436e+02 2.7026223e+01      
2.0258837e+02 2.2332970e+01      
2.0378600e+02 1.8483422e+01      
2.0537284e+02 1.5079784e+01      
2.0736368e+02 1.2175595e+01      
2.0904825e+02 1.0213285e+01      
2.1016084e+02 9.0651717e+00      
2.0917181e+02 9.4844038e+00      
2.0639269e+02 1.1468899e+01      
2.0190109e+02 1.4989116e+01      
1.9585825e+02 1.9848785e+01      
1.9071137e+02 2.4879083e+01      
1.8662790e+02 2.9787969e+01      
1.8352058e+02 3.4473795e+01      
1.8134283e+02 3.8862049e+01      
1.8004909e+02 4.2894634e+01      
1.8770072e+02 2.1461484e+01      
1.9217807e+02 1.5392646e+01      
1.9837397e+02 8.9335175e+00      
2.0444835e+02 2.6395633e+00      
2.0928433e+02 -3.0300754e+00      
2.1243590e+02 -7.7949457e+00      
2.1411766e+02 -1.1600973e+01      
2.1523410e+02 -1.4665250e+01      
2.1740132e+02 -1.7519083e+01      
2.1974083e+02 -1.9817110e+01      
2.2010056e+02 -2.1074789e+01      
2.1854154e+02 -2.0500064e+01      
2.1518772e+02 -1.8147258e+01      
2.0999128e+02 -1.4102679e+01      
2.0316690e+02 -8.6291102e+00      
1.9747695e+02 -3.2992712e+00      
1.9305481e+02 1.6972373e+00      
1.8968490e+02 6.3798021e+00      
1.8725151e+02 1.0729622e+01      
1.8567915e+02 1.4711871e+01      
1.9145142e+02 -7.4034502e+00      
1.9569126e+02 -1.3471274e+01      
2.0118841e+02 -1.9868403e+01      
2.0753803e+02 -2.6504825e+01      
2.1265851e+02 -3.2408860e+01      
2.1602960e+02 -3.7162203e+01      
2.1793649e+02 -4.0820329e+01      
2.2037948e+02 -4.4286298e+01      
2.2335929e+02 -4.7399811e+01      
2.2471622e+02 -4.9441402e+01      
2.2403475e+02 -5.0356048e+01      
2.2175385e+02 -4.9428457e+01      
2.1796619e+02 -4.6752134e+01      
2.1253812e+02 -4.2391531e+01      
2.0564191e+02 -3.6565464e+01      
1.9989363e+02 -3.1105948e+01      
1.9539837e+02 -2.6112896e+01      
1.9192536e+02 -2.1485410e+01      
1.8934631e+02 -1.7206592e+01      
1.8757963e+02 -1.3295783e+01      
1.9100391e+02 -3.5838495e+01      
1.9473868e+02 -4.1777502e+01      
1.9938616e+02 -4.7918692e+01      
2.0473973e+02 -5.4193415e+01      
2.1019314e+02 -6.0339700e+01      
2.1378534e+02 -6.5049620e+01      
2.1707374e+02 -6.9278661e+01      
2.2078940e+02 -7.3277872e+01      
2.2313149e+02 -7.6115542e+01      
2.2344619e+02 -7.7559546e+01      
2.2164500e+02 -7.7657540e+01      
2.1868594e+02 -7.6161048e+01      
2.1470310e+02 -7.3236141e+01      
2.0953233e+02 -6.8893174e+01      
2.0325120e+02 -6.3236528e+01      
1.9793596e+02 -5.7984444e+01      
1.9365231e+02 -5.3158576e+01      
1.9025026e+02 -4.8668910e+01      
1.8764348e+02 -4.4506319e+01      
1.8577059e+02 -4.0692664e+01      
1.8659698e+02 -6.3462934e+01      
1.8977612e+02 -6.9223085e+01      
1.9363665e+02 -7.5043835e+01      
1.9803876e+02 -8.0831255e+01      
2.0275221e+02 -8.6473032e+01      
2.0755611e+02 -9.1837540e+01      
2.1148766e+02 -9.6379922e+01      
2.1486505e+02 -1.0023982e+02      
2.1667888e+02 -1.0275438e+02      
2.1619955e+02 -1.0346152e+02      
2.1312798e+02 -1.0210529e+02      
2.0966605e+02 -9.9924519e+01      
2.0575805e+02 -9.6873488e+01      
2.0124785e+02 -9.2906798e+01      
1.9637070e+02 -8.8260698e+01      
1.9185034e+02 -8.3556343e+01      
1.8797712e+02 -7.9040048e+01      
1.8478120e+02 -7.4762167e+01      
1.8224689e+02 -7.0757258e+01      
1.8034713e+02 -6.7064173e+01      
1.7849615e+02 -8.9923212e+01      
1.8112186e+02 -9.5516090e+01      
1.8427808e+02 -1.0102079e+02      
1.8785222e+02 -1.0629473e+02      
1.9169689e+02 -1.1130019e+02      
1.9560372e+02 -1.1600294e+02      
1.9925953e+02 -1.2028940e+02      
2.0276725e+02 -1.2426246e+02      
2.0443964e+02 -1.2662021e+02      
2.0393756e+02 -1.2708126e+02      
2.0079280e+02 -1.2513104e+02      
1.9735267e+02 -1.2256686e+02      
1.9373064e+02 -1.1948257e+02      
1.8985319e+02 -1.1584912e+02      
1.8587009e+02 -1.1180816e+02      
1.8206471e+02 -1.0760580e+02      
1.7865278e+02 -1.0343502e+02      
1.7573274e+02 -9.9403485e+01      
1.7333858e+02 -9.5580516e+01      
1.7147393e+02 -9.2022835e+01      
1.6697999e+02 -1.1487498e+02      
1.6906868e+02 -1.2038900e+02      
1.7158526e+02 -1.2566060e+02      
1.7443340e+02 -1.3035133e+02      
1.7746198e+02 -1.3461384e+02      
1.8046881e+02 -1.3854590e+02      
1.8327156e+02 -1.4212194e+02      
1.8566277e+02 -1.4514419e+02      
1.8710960e+02 -1.4720502e+02      
1.8743602e+02 -1.4817171e+02      
1.8515877e+02 -1.4647383e+02      
1.8215511e+02 -1.4383492e+02      
1.7893479e+02 -1.4077930e+02      
1.7559904e+02 -1.3739540e+02      
1.7223499e+02 -1.3373289e+02      
1.6899041e+02 -1.2990932e+02      
1.6600683e+02 -1.2605226e+02      
1.6337999e+02 -1.2226529e+02      
1.6116221e+02 -1.1862917e+02      
1.5937562e+02 -1.1521100e+02      
1.5234743e+02 -1.3795593e+02      
1.5390996e+02 -1.4354468e+02      
1.5584328e+02 -1.4881002e+02      
1.5807046e+02 -1.5271905e+02      
1.6044250e+02 -1.5611516e+02      
1.6272478e+02 -1.5924019e+02      
1.6468979e+02 -1.6210808e+02      
1.6629150e+02 -1.6438372e+02      
1.6729884e+02 -1.6589593e+02      
1.6753883e+02 -1.6648509e+02      
1.6681145e+02 -1.6588337e+02      
1.6420994e+02 -1.6313355e+02      
1.6144153e+02 -1.6019322e+02      
1.5861249e+02 -1.5706333e+02      
1.5575812e+02 -1.5370657e+02      
1.5297813e+02 -1.5018958e+02      
1.5037605e+02 -1.4660505e+02      
1.4803420e+02 -1.4304365e+02      
1.4600742e+02 -1.3958582e+02      
1.4432609e+02 -1.3630223e+02      
1.3493134e+02 -1.5873383e+02      
1.3596554e+02 -1.6448131e+02      
1.3736993e+02 -1.6930998e+02      
1.3908169e+02 -1.7290984e+02      
1.4097868e+02 -1.7537734e+02      
1.4275571e+02 -1.7762678e+02      
1.4417792e+02 -1.7975423e+02      
1.4527833e+02 -1.8141637e+02      
1.4591164e+02 -1.8242423e+02      
1.4596588e+02 -1.8261738e+02      
1.4531736e+02 -1.8177277e+02      
1.4364546e+02 -1.7982352e+02      
1.4149216e+02 -1.7731491e+02      
1.3915435e+02 -1.7449034e+02      
1.3674724e+02 -1.7141606e+02      
1.3436844e+02 -1.6816445e+02      
1.3210612e+02 -1.6481763e+02      
1.3003227e+02 -1.6145807e+02      
1.2819909e+02 -1.5816306e+02      
1.2663932e+02 -1.5500322e+02      
1.1514153e+02 -1.7661159e+02      
1.1573170e+02 -1.8195766e+02      
1.1668200e+02 -1.8639380e+02      
1.1796803e+02 -1.8966041e+02      
1.1946288e+02 -1.9181177e+02      
1.2093341e+02 -1.9323929e+02      
1.2205916e+02 -1.9470287e+02      
1.2283067e+02 -1.9587921e+02      
1.2319491e+02 -1.9652074e+02      
1.2307873e+02 -1.9647540e+02      
1.2240921e+02 -1.9564590e+02      
1.2115593e+02 -1.9407626e+02      
1.1947951e+02 -1.9194301e+02      
1.1756680e+02 -1.8941385e+02      
1.1554711e+02 -1.8659704e+02      
1.1351777e+02 -1.8357845e+02      
1.1155851e+02 -1.8043907e+02      
1.0973348e+02 -1.7725711e+02      
1.0809065e+02 -1.7410665e+02      
1.0666199e+02 -1.7105658e+02      
9.3615195e+01 -1.9046119e+02      
9.3779875e+01 -1.9556048e+02      
9.4325011e+01 -1.9969001e+02      
9.5287023e+01 -2.0256104e+02      
9.6514711e+01 -2.0426220e+02      
9.7585384e+01 -2.0565946e+02      
9.8395921e+01 -2.0686170e+02      
9.8903678e+01 -2.0774422e+02      
9.9068206e+01 -2.0815465e+02      
9.8846071e+01 -2.0798902e+02      
9.8208135e+01 -2.0720056e+02      
9.7168238e+01 -2.0581589e+02      
9.5804490e+01 -2.0392358e+02      
9.4224781e+01 -2.0163028e+02      
9.2529218e+01 -1.9903201e+02      
9.0801903e+01 -1.9621335e+02      
8.9112530e+01 -1.9325270e+02      
8.7517334e+01 -1.9022456e+02      
8.6059105e+01 -1.8719961e+02      
8.4767310e+01 -1.8424422e+02      
7.0580396e+01 -2.0099831e+02      
7.0592529e+01 -2.0533368e+02      
7.0769332e+01 -2.0920698e+02      
7.1493339e+01 -2.1167432e+02      
7.2280908e+01 -2.1351333e+02      
7.2969090e+01 -2.1496517e+02      
7.3477997e+01 -2.1607805e+02      
7.3756395e+01 -2.1680786e+02      
7.3764637e+01 -2.1708474e+02      
7.3473364e+01 -2.1685265e+02      
7.2870797e+01 -2.1608923e+02      
7.1973426e+01 -2.1481368e+02      
7.0829538e+01 -2.1308092e+02      
6.9507467e+01 -2.1096469e+02      
6.8079394e+01 -2.0854270e+02      
6.6612004e+01 -2.0589060e+02      
6.5163076e+01 -2.0308109e+02      
6.3780240e+01 -2.0018401e+02      
6.2500355e+01 -1.9726608e+02      
6.1349290e+01 -1.9439048e+02      
