3.3945809e+01 2.1678248e+02      
3.6009519e+01 2.1525197e+02      
3.8323410e+01 2.1382570e+02      
4.0131357e+01 2.1204934e+02      
4.1359651e+01 2.1014744e+02      
4.1846572e+01 2.0820475e+02      
4.1548528e+01 2.0628485e+02      
4.0641909e+01 2.0453189e+02      
3.9326491e+01 2.0305570e+02      
3.7785336e+01 2.0191760e+02      
3.6219826e+01 2.0116871e+02      
3.4820990e+01 2.0085497e+02      
3.3715976e+01 2.0100127e+02      
3.2961546e+01 2.0160655e+02      
3.2574266e+01 2.0265164e+02      
3.2553843e+01 2.0410678e+02      
3.2889769e+01 2.0593486e+02      
3.3564073e+01 2.0808994e+02      
3.4585909e+01 2.1051078e+02      
3.6032310e+01 2.1311633e+02      
6.5102941e+01 2.0714641e+02      
6.8185617e+01 2.0592322e+02      
7.2152170e+01 2.0522730e+02      
7.4812624e+01 2.0334664e+02      
7.6798854e+01 2.0140811e+02      
7.7514680e+01 1.9923179e+02      
7.6878945e+01 1.9686568e+02      
7.5493554e+01 1.9470514e+02      
7.3609635e+01 1.9286673e+02      
7.1397790e+01 1.9136314e+02      
6.9148303e+01 1.9024797e+02      
6.7176221e+01 1.8960206e+02      
6.5630384e+01 1.8946029e+02      
6.4517012e+01 1.8980899e+02      
6.3806938e+01 1.9061663e+02      
6.3474341e+01 1.9184749e+02      
6.3489316e+01 1.9346574e+02      
6.3777200e+01 1.9543387e+02      
6.4242817e+01 1.9769885e+02      
6.5085468e+01 2.0015511e+02      
9.4355016e+01 1.9386903e+02      
9.8147673e+01 1.9260357e+02      
1.0300129e+02 1.9174419e+02      
1.0836431e+02 1.9103341e+02      
1.1176521e+02 1.8940291e+02      
1.1290041e+02 1.8704636e+02      
1.1158004e+02 1.8402304e+02      
1.0966412e+02 1.8148064e+02      
1.0708184e+02 1.7930682e+02      
1.0393530e+02 1.7740888e+02      
1.0066635e+02 1.7584187e+02      
9.8021650e+01 1.7484395e+02      
9.6073710e+01 1.7443578e+02      
9.4653101e+01 1.7455565e+02      
9.3655067e+01 1.7514935e+02      
9.3041673e+01 1.7617187e+02      
9.2781180e+01 1.7759242e+02      
9.2754727e+01 1.7939785e+02      
9.2473780e+01 1.8157547e+02      
9.2562439e+01 1.8395715e+02      
1.2107568e+02 1.7718418e+02      
1.2537876e+02 1.7572931e+02      
1.3106760e+02 1.7467081e+02      
1.3797186e+02 1.7400644e+02      
1.4264871e+02 1.7243836e+02      
1.4467048e+02 1.7012401e+02      
1.4426405e+02 1.6741350e+02      
1.4218441e+02 1.6479931e+02      
1.3880629e+02 1.6239543e+02      
1.3445510e+02 1.6013621e+02      
1.2975009e+02 1.5801104e+02      
1.2661184e+02 1.5673413e+02      
1.2449022e+02 1.5613195e+02      
1.2288473e+02 1.5607430e+02      
1.2164330e+02 1.5649026e+02      
1.2076643e+02 1.5732422e+02      
1.2021544e+02 1.5856332e+02      
1.1953700e+02 1.6028840e+02      
1.1871203e+02 1.6241476e+02      
1.1794442e+02 1.6481317e+02      
1.4475460e+02 1.5744607e+02      
1.4928750e+02 1.5570335e+02      
1.5526635e+02 1.5422164e+02      
1.6271367e+02 1.5300477e+02      
1.6837646e+02 1.5117152e+02      
1.7122218e+02 1.4879193e+02      
1.7127356e+02 1.4615492e+02      
1.6893987e+02 1.4353450e+02      
1.6467970e+02 1.4104575e+02      
1.5922747e+02 1.3864298e+02      
1.5499628e+02 1.3676186e+02      
1.5224275e+02 1.3550729e+02      
1.5050208e+02 1.3482695e+02      
1.4883193e+02 1.3465451e+02      
1.4733191e+02 1.3495676e+02      
1.4611582e+02 1.3565039e+02      
1.4485235e+02 1.3685738e+02      
1.4345239e+02 1.3857598e+02      
1.4197309e+02 1.4071728e+02      
1.4062395e+02 1.4312062e+02      
1.6500703e+02 1.3507409e+02      
1.6944841e+02 1.3297002e+02      
1.7508294e+02 1.3092034e+02      
1.8181147e+02 1.2886747e+02      
1.8860494e+02 1.2661944e+02      
1.9199444e+02 1.2399966e+02      
1.9205350e+02 1.2123480e+02      
1.8925625e+02 1.1855806e+02      
1.8416177e+02 1.1619038e+02      
1.7958124e+02 1.1421384e+02      
1.7618612e+02 1.1267236e+02      
1.7425708e+02 1.1157339e+02      
1.7378869e+02 1.1088960e+02      
1.7215105e+02 1.1061471e+02      
1.7042354e+02 1.1091183e+02      
1.6831808e+02 1.1175247e+02      
1.6628080e+02 1.1298434e+02      
1.6408395e+02 1.1476612e+02      
1.6178759e+02 1.1702085e+02      
1.5969269e+02 1.1952593e+02      
1.8159957e+02 1.1054459e+02      
1.8572975e+02 1.0807396e+02      
1.9085167e+02 1.0549885e+02      
1.9702924e+02 1.0276690e+02      
2.0373049e+02 9.9839755e+01      
2.0692752e+02 9.6857647e+01      
2.0658800e+02 9.3887475e+01      
2.0353446e+02 9.1001259e+01      
1.9945197e+02 8.9021461e+01      
1.9581665e+02 8.7521495e+01      
1.9316435e+02 8.6357086e+01      
1.9175320e+02 8.5467338e+01      
1.9162365e+02 8.4770701e+01      
1.9215697e+02 8.4302563e+01      
1.9080533e+02 8.4634531e+01      
1.8748076e+02 8.5797780e+01      
1.8435393e+02 8.7382721e+01      
1.8126941e+02 8.9317348e+01      
1.7790869e+02 9.1813559e+01      
1.7527028e+02 9.4275780e+01      
1.9440875e+02 8.4360528e+01      
1.9808341e+02 8.1567138e+01      
2.0256759e+02 7.8561991e+01      
2.0796500e+02 7.5278698e+01      
2.1380296e+02 7.1716270e+01      
2.1609728e+02 6.8440269e+01      
2.1503570e+02 6.5373721e+01      
2.1336852e+02 6.2221792e+01      
2.1080103e+02 6.0162893e+01      
2.0793353e+02 5.9144969e+01      
2.0585027e+02 5.8388494e+01      
2.0477790e+02 5.7824703e+01      
2.0505897e+02 5.7186128e+01      
2.0645147e+02 5.6519877e+01      
2.0559101e+02 5.6889824e+01      
2.0261898e+02 5.8283925e+01      
1.9873933e+02 6.0329866e+01      
1.9466891e+02 6.2679874e+01      
1.9017990e+02 6.5339197e+01      
1.8708729e+02 6.7760336e+01      
2.0339106e+02 5.7026838e+01      
2.0650749e+02 5.3976538e+01      
2.1020234e+02 5.0651522e+01      
2.1448998e+02 4.6992143e+01      
2.1890393e+02 4.3020783e+01      
2.1993931e+02 3.9620623e+01      
2.1974349e+02 3.6186495e+01      
2.1910341e+02 3.2850150e+01      
2.1756896e+02 3.0857454e+01      
2.1571588e+02 2.9881528e+01      
2.1416370e+02 2.9449444e+01      
2.1318921e+02 2.9405630e+01      
2.1358636e+02 2.8913383e+01      
2.1502606e+02 2.8164955e+01      
2.1408558e+02 2.8724871e+01      
2.1076560e+02 3.0560829e+01      
2.0592440e+02 3.3191610e+01      
2.0166045e+02 3.5695357e+01      
1.9784542e+02 3.8139662e+01      
1.9488384e+02 4.0420190e+01      
2.0857629e+02 2.9039601e+01      
2.1109412e+02 2.5802717e+01      
2.1394651e+02 2.2260971e+01      
2.1696036e+02 1.8408421e+01      
2.1956513e+02 1.4351366e+01      
2.2081152e+02 1.0378239e+01      
2.2114798e+02 6.5530086e+00      
2.2096705e+02 3.2372606e+00      
2.1984871e+02 1.7607132e+00      
2.1856714e+02 1.1670860e+00      
2.1745840e+02 1.0458006e+00      
2.1683189e+02 1.0343577e+00      
2.1712158e+02 6.8475276e-01      
2.1809311e+02 6.3161632e-02      
2.1653558e+02 1.0536900e+00      
2.1255829e+02 3.4531607e+00      
2.0842079e+02 5.9163321e+00      
2.0464671e+02 8.2788503e+00      
2.0136306e+02 1.0538620e+01      
1.9868711e+02 1.2666474e+01      
2.1005094e+02 8.8289714e-01      
2.1200102e+02 -2.4746385e+00      
2.1410985e+02 -6.1614857e+00      
2.1618190e+02 -1.0185006e+01      
2.1789958e+02 -1.4523162e+01      
2.1898553e+02 -1.9104691e+01      
2.1944382e+02 -2.3545124e+01      
2.1930241e+02 -2.6713270e+01      
2.1858292e+02 -2.7961692e+01      
2.1760791e+02 -2.7785621e+01      
2.1670603e+02 -2.7295829e+01      
2.1609655e+02 -2.6954845e+01      
2.1597504e+02 -2.6937878e+01      
2.1608308e+02 -2.7111712e+01      
2.1371880e+02 -2.5506741e+01      
2.1051282e+02 -2.3455590e+01      
2.0714753e+02 -2.1314347e+01      
2.0394508e+02 -1.9181931e+01      
2.0107644e+02 -1.7098056e+01      
1.9865856e+02 -1.5104830e+01      
2.0793346e+02 -2.6972328e+01      
2.0938810e+02 -3.0384297e+01      
2.1090417e+02 -3.4145854e+01      
2.1233440e+02 -3.8295224e+01      
2.1350698e+02 -4.2910814e+01      
2.1431111e+02 -4.8180511e+01      
2.1475552e+02 -5.4018301e+01      
2.1461176e+02 -5.7458874e+01      
2.1402142e+02 -5.8168419e+01      
2.1311280e+02 -5.6385401e+01      
2.1224159e+02 -5.5040376e+01      
2.1146121e+02 -5.4202317e+01      
2.1074874e+02 -5.3635501e+01      
2.0975059e+02 -5.2986041e+01      
2.0778046e+02 -5.1697734e+01      
2.0520572e+02 -5.0027923e+01      
2.0242342e+02 -4.8195886e+01      
1.9968296e+02 -4.6292675e+01      
1.9715712e+02 -4.4375923e+01      
1.9496313e+02 -4.2497224e+01      
2.0236154e+02 -5.4073911e+01      
2.0339935e+02 -5.7468346e+01      
2.0444719e+02 -6.1209783e+01      
2.0539889e+02 -6.5350516e+01      
2.0614332e+02 -7.0013055e+01      
2.0659463e+02 -7.5483339e+01      
2.0670814e+02 -8.1671985e+01      
2.0644910e+02 -8.5165755e+01      
2.0591343e+02 -8.5577239e+01      
2.0518874e+02 -8.3216491e+01      
2.0433243e+02 -8.1451416e+01      
2.0338115e+02 -8.0315836e+01      
2.0229344e+02 -7.9432526e+01      
2.0090810e+02 -7.8516453e+01      
1.9906912e+02 -7.7362645e+01      
1.9685039e+02 -7.5960493e+01      
1.9444772e+02 -7.4382060e+01      
1.9204454e+02 -7.2685350e+01      
1.8978612e+02 -7.0916243e+01      
1.8777812e+02 -6.9124742e+01      
1.9349462e+02 -7.9998682e+01      
1.9418464e+02 -8.3303414e+01      
1.9485598e+02 -8.6919109e+01      
1.9543069e+02 -9.0877607e+01      
1.9582580e+02 -9.5259661e+01      
1.9595207e+02 -1.0026228e+02      
1.9572405e+02 -1.0581441e+02      
1.9531526e+02 -1.0897914e+02      
1.9476856e+02 -1.0947805e+02      
1.9415327e+02 -1.0752243e+02      
1.9327798e+02 -1.0599900e+02      
1.9220196e+02 -1.0491939e+02      
1.9092889e+02 -1.0401034e+02      
1.8940844e+02 -1.0309517e+02      
1.8760609e+02 -1.0206050e+02      
1.8556531e+02 -1.0086482e+02      
1.8339500e+02 -9.9509382e+01      
1.8122224e+02 -9.8003291e+01      
1.7916206e+02 -9.6361500e+01      
1.7730351e+02 -9.4621997e+01      
1.8152124e+02 -1.0436090e+02      
1.8191997e+02 -1.0751619e+02      
1.8228317e+02 -1.1092108e+02      
1.8255516e+02 -1.1456350e+02      
1.8267844e+02 -1.1842726e+02      
1.8259067e+02 -1.2246939e+02      
1.8226637e+02 -1.2628155e+02      
1.8176225e+02 -1.2881980e+02      
1.8111612e+02 -1.2970391e+02      
1.8033264e+02 -1.2925732e+02      
1.7935359e+02 -1.2847179e+02      
1.7817441e+02 -1.2770738e+02      
1.7679789e+02 -1.2696097e+02      
1.7521507e+02 -1.2617906e+02      
1.7342966e+02 -1.2531416e+02      
1.7148116e+02 -1.2433569e+02      
1.6944602e+02 -1.2321586e+02      
1.6742116e+02 -1.2191298e+02      
1.6550229e+02 -1.2038860e+02      
1.6376426e+02 -1.1865579e+02      
1.6666439e+02 -1.2681456e+02      
1.6681689e+02 -1.2978245e+02      
1.6692318e+02 -1.3293202e+02      
1.6694695e+02 -1.3621091e+02      
1.6686072e+02 -1.3951005e+02      
1.6660689e+02 -1.4273732e+02      
1.6617043e+02 -1.4559032e+02      
1.6556377e+02 -1.4766743e+02      
1.6480120e+02 -1.4877382e+02      
1.6388232e+02 -1.4905435e+02      
1.6279350e+02 -1.4886116e+02      
1.6152715e+02 -1.4845575e+02      
1.6008273e+02 -1.4794378e+02      
1.5846344e+02 -1.4735666e+02      
1.5668366e+02 -1.4670276e+02      
1.5477881e+02 -1.4598055e+02      
1.5281062e+02 -1.4515820e+02      
1.5086660e+02 -1.4412788e+02      
1.4904304e+02 -1.4273667e+02      
1.4740932e+02 -1.4094369e+02      
1.4918312e+02 -1.4705153e+02      
1.4912616e+02 -1.4981414e+02      
1.4901532e+02 -1.5269778e+02      
1.4884289e+02 -1.5559960e+02      
1.4858267e+02 -1.5842402e+02      
1.4817951e+02 -1.6109399e+02      
1.4761931e+02 -1.6342270e+02      
1.4690343e+02 -1.6521277e+02      
1.4603566e+02 -1.6636712e+02      
1.4501596e+02 -1.6693926e+02      
1.4384057e+02 -1.6708332e+02      
1.4250680e+02 -1.6695514e+02      
1.4101569e+02 -1.6666228e+02      
1.3937305e+02 -1.6627299e+02      
1.3759249e+02 -1.6583874e+02      
1.3569990e+02 -1.6540622e+02      
1.3374051e+02 -1.6499953e+02      
1.3180366e+02 -1.6445329e+02      
1.3003252e+02 -1.6326374e+02      
1.2850577e+02 -1.6129391e+02      
1.2937558e+02 -1.6479367e+02      
1.2914353e+02 -1.6734154e+02      
1.2885975e+02 -1.6994633e+02      
1.2851996e+02 -1.7251860e+02      
1.2810864e+02 -1.7496837e+02      
1.2757041e+02 -1.7724499e+02      
1.2689254e+02 -1.7923007e+02      
1.2607377e+02 -1.8081127e+02      
1.2511459e+02 -1.8193246e+02      
1.2401507e+02 -1.8261275e+02      
1.2277466e+02 -1.8292850e+02      
1.2139357e+02 -1.8297547e+02      
1.1987407e+02 -1.8284248e+02      
1.1822120e+02 -1.8260811e+02      
1.1644305e+02 -1.8235246e+02      
1.1455025e+02 -1.8217738e+02      
1.1255500e+02 -1.8224723e+02      
1.1052127e+02 -1.8258608e+02      
1.0876294e+02 -1.8165991e+02      
1.0736076e+02 -1.7940386e+02      
1.0759828e+02 -1.7975945e+02      
1.0722299e+02 -1.8209265e+02      
1.0678222e+02 -1.8445705e+02      
1.0629268e+02 -1.8675453e+02      
1.0574628e+02 -1.8890878e+02      
1.0508666e+02 -1.9089001e+02      
1.0430266e+02 -1.9261977e+02      
1.0339301e+02 -1.9402688e+02      
1.0235745e+02 -1.9507458e+02      
1.0119633e+02 -1.9576869e+02      
9.9910530e+01 -1.9615096e+02      
9.8501752e+01 -1.9628356e+02      
9.6972900e+01 -1.9623633e+02      
9.5327755e+01 -1.9608396e+02      
9.3569226e+01 -1.9591454e+02      
9.1694103e+01 -1.9585253e+02      
8.9679543e+01 -1.9611035e+02      
8.7556081e+01 -1.9670137e+02      
8.5813884e+01 -1.9586116e+02      
8.4528225e+01 -1.9347380e+02      
8.4175856e+01 -1.9179471e+02      
8.3684900e+01 -1.9392066e+02      
8.3128564e+01 -1.9604874e+02      
8.2505084e+01 -1.9811364e+02      
8.1835749e+01 -2.0002862e+02      
8.1067526e+01 -2.0177404e+02      
8.0191115e+01 -2.0329536e+02      
7.9205102e+01 -2.0454435e+02      
7.8109126e+01 -2.0549490e+02      
7.6903971e+01 -2.0614726e+02      
7.5591432e+01 -2.0652568e+02      
7.4174292e+01 -2.0667172e+02      
7.2656221e+01 -2.0663790e+02      
7.1041131e+01 -2.0648551e+02      
6.9331197e+01 -2.0628857e+02      
6.7521427e+01 -2.0614597e+02      
6.5581780e+01 -2.0621463e+02      
6.3510059e+01 -2.0650568e+02      
6.1841779e+01 -2.0552962e+02      
6.0620787e+01 -2.0321285e+02      
