2.9921172e+01 2.3657161e+02      
2.9059828e+01 2.3560008e+02      
2.8589349e+01 2.3475993e+02      
2.8491475e+01 2.3412211e+02      
2.8758223e+01 2.3374779e+02      
2.9409230e+01 2.3367497e+02      
3.0504306e+01 2.3391372e+02      
3.2145684e+01 2.3445886e+02      
3.4494110e+01 2.3532419e+02      
3.7504797e+01 2.3649896e+02      
3.9287309e+01 2.3738167e+02      
3.9661846e+01 2.3793207e+02      
3.8809795e+01 2.3813685e+02      
3.8665438e+01 2.3852220e+02      
3.9307319e+01 2.3902927e+02      
4.0610817e+01 2.3957684e+02      
4.2505670e+01 2.4011387e+02      
4.4945007e+01 2.4059904e+02      
4.7894457e+01 2.4099480e+02      
5.1325907e+01 2.4126532e+02      
5.8607029e+01 2.2712038e+02      
5.7875504e+01 2.2603580e+02      
5.7530150e+01 2.2506537e+02      
5.7532704e+01 2.2430883e+02      
5.7851417e+01 2.2385950e+02      
5.8501738e+01 2.2377178e+02      
5.9580506e+01 2.2404229e+02      
6.1261860e+01 2.2463601e+02      
6.3802062e+01 2.2553289e+02      
6.7132044e+01 2.2667059e+02      
6.8960051e+01 2.2752956e+02      
6.9005172e+01 2.2804247e+02      
6.7542001e+01 2.2822299e+02      
6.6907001e+01 2.2851059e+02      
6.7212070e+01 2.2888392e+02      
6.8257916e+01 2.2927178e+02      
6.9932118e+01 2.2962505e+02      
7.2167763e+01 2.2990295e+02      
7.4920859e+01 2.3006780e+02      
7.8158040e+01 2.3008329e+02      
8.5952800e+01 2.1405954e+02      
8.5389781e+01 2.1279024e+02      
8.5215658e+01 2.1160268e+02      
8.5357783e+01 2.1064011e+02      
8.5715729e+01 2.1006381e+02      
8.6255393e+01 2.0997178e+02      
8.7126714e+01 2.1031296e+02      
8.8575749e+01 2.1097334e+02      
9.0896396e+01 2.1185530e+02      
9.4033284e+01 2.1284582e+02      
9.5688081e+01 2.1364850e+02      
9.5575425e+01 2.1419881e+02      
9.3961894e+01 2.1451350e+02      
9.3179571e+01 2.1481283e+02      
9.3330134e+01 2.1511267e+02      
9.4207434e+01 2.1538163e+02      
9.5697749e+01 2.1558551e+02      
9.7736346e+01 2.1568908e+02      
1.0028186e+02 2.1565658e+02      
1.0330235e+02 2.1545212e+02      
1.1151080e+02 1.9765096e+02      
1.1116180e+02 1.9610870e+02      
1.1123353e+02 1.9457837e+02      
1.1162451e+02 1.9325309e+02      
1.1209163e+02 1.9243077e+02      
1.1232550e+02 1.9241734e+02      
1.1272600e+02 1.9294833e+02      
1.1363979e+02 1.9376241e+02      
1.1531954e+02 1.9468675e+02      
1.1775058e+02 1.9557790e+02      
1.1902106e+02 1.9634740e+02      
1.1893522e+02 1.9694418e+02      
1.1764820e+02 1.9739140e+02      
1.1707624e+02 1.9772067e+02      
1.1726408e+02 1.9797475e+02      
1.1806547e+02 1.9815486e+02      
1.1940881e+02 1.9824129e+02      
1.2125722e+02 1.9820465e+02      
1.2358579e+02 1.9801118e+02      
1.2637072e+02 1.9762552e+02      
1.3484328e+02 1.7824033e+02      
1.3474845e+02 1.7633029e+02      
1.3516121e+02 1.7428944e+02      
1.3597050e+02 1.7236346e+02      
1.3680812e+02 1.7103106e+02      
1.3637534e+02 1.7133143e+02      
1.3602386e+02 1.7226484e+02      
1.3615781e+02 1.7338660e+02      
1.3687827e+02 1.7447351e+02      
1.3794347e+02 1.7542433e+02      
1.3866420e+02 1.7620541e+02      
1.3877470e+02 1.7681119e+02      
1.3847288e+02 1.7725943e+02      
1.3839177e+02 1.7757365e+02      
1.3874524e+02 1.7778110e+02      
1.3952391e+02 1.7789068e+02      
1.4073199e+02 1.7788843e+02      
1.4238428e+02 1.7774630e+02      
1.4448234e+02 1.7743039e+02      
1.4701393e+02 1.7690514e+02      
1.5552219e+02 1.5626624e+02      
1.5568888e+02 1.5391684e+02      
1.5650375e+02 1.5119191e+02      
1.5777688e+02 1.4847106e+02      
1.5830281e+02 1.4705456e+02      
1.5782569e+02 1.4721900e+02      
1.5662937e+02 1.4872959e+02      
1.5590523e+02 1.5032337e+02      
1.5577416e+02 1.5165310e+02      
1.5602202e+02 1.5268934e+02      
1.5633612e+02 1.5347950e+02      
1.5655356e+02 1.5406029e+02      
1.5673608e+02 1.5446432e+02      
1.5706642e+02 1.5472480e+02      
1.5762128e+02 1.5487323e+02      
1.5835090e+02 1.5492651e+02      
1.5938695e+02 1.5486493e+02      
1.6081579e+02 1.5465403e+02      
1.6266306e+02 1.5425636e+02      
1.6492440e+02 1.5363540e+02      
1.7314315e+02 1.3225420e+02      
1.7346815e+02 1.2953181e+02      
1.7460890e+02 1.2606754e+02      
1.7559048e+02 1.2315369e+02      
1.7586757e+02 1.2158895e+02      
1.7526870e+02 1.2165987e+02      
1.7397778e+02 1.2312574e+02      
1.7252550e+02 1.2523247e+02      
1.7181416e+02 1.2673116e+02      
1.7160551e+02 1.2778570e+02      
1.7167627e+02 1.2853816e+02      
1.7192459e+02 1.2905283e+02      
1.7235142e+02 1.2937307e+02      
1.7299079e+02 1.2954290e+02      
1.7378508e+02 1.2961380e+02      
1.7434105e+02 1.2962899e+02      
1.7512574e+02 1.2954429e+02      
1.7628536e+02 1.2930592e+02      
1.7785916e+02 1.2886914e+02      
1.7983786e+02 1.2819760e+02      
1.8739849e+02 1.0672637e+02      
1.8759721e+02 1.0396445e+02      
1.8832342e+02 1.0065744e+02      
1.8925190e+02 9.7227023e+01      
1.8939524e+02 9.5350715e+01      
1.8857213e+02 9.5465061e+01      
1.8697941e+02 9.7185314e+01      
1.8558028e+02 9.8892084e+01      
1.8466689e+02 1.0021335e+02      
1.8421917e+02 1.0115581e+02      
1.8414709e+02 1.0180111e+02      
1.8441073e+02 1.0220142e+02      
1.8501068e+02 1.0239267e+02      
1.8589321e+02 1.0243181e+02      
1.8665105e+02 1.0242962e+02      
1.8721776e+02 1.0240200e+02      
1.8770167e+02 1.0233524e+02      
1.8855143e+02 1.0211493e+02      
1.8983946e+02 1.0168116e+02      
1.9153598e+02 1.0100318e+02      
1.9814924e+02 8.0092200e+01      
1.9815845e+02 7.7387678e+01      
1.9857114e+02 7.4186438e+01      
1.9914074e+02 7.0867153e+01      
1.9923040e+02 6.8506512e+01      
1.9811950e+02 6.8805456e+01      
1.9654672e+02 7.0127152e+01      
1.9514058e+02 7.1461617e+01      
1.9413745e+02 7.2490692e+01      
1.9355888e+02 7.3218650e+01      
1.9338617e+02 7.3696398e+01      
1.9363275e+02 7.3952501e+01      
1.9434706e+02 7.3984186e+01      
1.9515598e+02 7.3925937e+01      
1.9585621e+02 7.3849794e+01      
1.9638818e+02 7.3781320e+01      
1.9682507e+02 7.3701122e+01      
1.9737782e+02 7.3533584e+01      
1.9841463e+02 7.3129628e+01      
1.9985321e+02 7.2484683e+01      
2.0533443e+02 5.2741469e+01      
2.0516397e+02 5.0116893e+01      
2.0539729e+02 4.6874501e+01      
2.0598514e+02 4.3129413e+01      
2.0578645e+02 4.0910065e+01      
2.0462277e+02 4.0735484e+01      
2.0271641e+02 4.2160197e+01      
2.0119367e+02 4.3238232e+01      
2.0011335e+02 4.3928453e+01      
1.9944213e+02 4.4370337e+01      
1.9917012e+02 4.4639350e+01      
1.9929693e+02 4.4769112e+01      
1.9980705e+02 4.4752746e+01      
2.0059407e+02 4.4579187e+01      
2.0125089e+02 4.4418132e+01      
2.0169628e+02 4.4317940e+01      
2.0200318e+02 4.4250744e+01      
2.0256616e+02 4.4037384e+01      
2.0346801e+02 4.3656170e+01      
2.0468950e+02 4.3083445e+01      
2.0892290e+02 2.5093779e+01      
2.0854198e+02 2.2645822e+01      
2.0847586e+02 1.9607207e+01      
2.0867574e+02 1.6037450e+01      
2.0820258e+02 1.3854775e+01      
2.0698781e+02 1.3269043e+01      
2.0515644e+02 1.4155191e+01      
2.0364333e+02 1.4692424e+01      
2.0252269e+02 1.4912312e+01      
2.0177913e+02 1.4987233e+01      
2.0141234e+02 1.5008165e+01      
2.0140717e+02 1.5023768e+01      
2.0172026e+02 1.5019891e+01      
2.0226536e+02 1.4899214e+01      
2.0288598e+02 1.4643722e+01      
2.0322455e+02 1.4503174e+01      
2.0361793e+02 1.4291672e+01      
2.0419123e+02 1.4013811e+01      
2.0498935e+02 1.3678937e+01      
2.0601790e+02 1.3237818e+01      
2.0894358e+02 -2.4541680e+00      
2.0832614e+02 -4.6273704e+00      
2.0785314e+02 -7.1661748e+00      
2.0738465e+02 -9.7941985e+00      
2.0659483e+02 -1.1823163e+01      
2.0538575e+02 -1.2986482e+01      
2.0390059e+02 -1.3452666e+01      
2.0249858e+02 -1.3802691e+01      
2.0135888e+02 -1.4204810e+01      
2.0055089e+02 -1.4585937e+01      
2.0010847e+02 -1.4859649e+01      
2.0001298e+02 -1.4968510e+01      
2.0019932e+02 -1.4810664e+01      
2.0056342e+02 -1.4800453e+01      
2.0099265e+02 -1.5039030e+01      
2.0138271e+02 -1.5401983e+01      
2.0181810e+02 -1.5824700e+01      
2.0236243e+02 -1.6187420e+01      
2.0304037e+02 -1.6415432e+01      
2.0387528e+02 -1.6619986e+01      
2.0549260e+02 -2.9545687e+01      
2.0466527e+02 -3.1443544e+01      
2.0387251e+02 -3.3584505e+01      
2.0301577e+02 -3.5776946e+01      
2.0197203e+02 -3.7771841e+01      
2.0069557e+02 -3.9439144e+01      
1.9927333e+02 -4.0812389e+01      
1.9788403e+02 -4.2005699e+01      
1.9668099e+02 -4.3111720e+01      
1.9577977e+02 -4.4065233e+01      
1.9529201e+02 -4.4578611e+01      
1.9518507e+02 -4.4816494e+01      
1.9534359e+02 -4.4127743e+01      
1.9561249e+02 -4.3983078e+01      
1.9593542e+02 -4.4326543e+01      
1.9629409e+02 -4.4979838e+01      
1.9671588e+02 -4.5753797e+01      
1.9720814e+02 -4.6316385e+01      
1.9772379e+02 -4.6278902e+01      
1.9834596e+02 -4.6051866e+01      
1.9871017e+02 -5.5826745e+01      
1.9772854e+02 -5.7503461e+01      
1.9672709e+02 -5.9401684e+01      
1.9564451e+02 -6.1422042e+01      
1.9441534e+02 -6.3481237e+01      
1.9300302e+02 -6.5578042e+01      
1.9145519e+02 -6.7701714e+01      
1.8994914e+02 -6.9620038e+01      
1.8860822e+02 -7.1385130e+01      
1.8754045e+02 -7.3076424e+01      
1.8705595e+02 -7.3472538e+01      
1.8711875e+02 -7.2641785e+01      
1.8730468e+02 -7.2024256e+01      
1.8752142e+02 -7.2003479e+01      
1.8776043e+02 -7.2602857e+01      
1.8804074e+02 -7.3709827e+01      
1.8840783e+02 -7.5084858e+01      
1.8887594e+02 -7.6182422e+01      
1.8914957e+02 -7.5514552e+01      
1.8954708e+02 -7.4574214e+01      
1.8876585e+02 -8.0926085e+01      
1.8768491e+02 -8.2429059e+01      
1.8655444e+02 -8.4160134e+01      
1.8533486e+02 -8.6074495e+01      
1.8398118e+02 -8.8166927e+01      
1.8243815e+02 -9.0556282e+01      
1.8065658e+02 -9.3461858e+01      
1.7896546e+02 -9.5934832e+01      
1.7742048e+02 -9.8122870e+01      
1.7628552e+02 -9.9644572e+01      
1.7582211e+02 -9.9855896e+01      
1.7604824e+02 -9.8706727e+01      
1.7628258e+02 -9.8097362e+01      
1.7645071e+02 -9.8259272e+01      
1.7658514e+02 -9.9211638e+01      
1.7672928e+02 -1.0093555e+02      
1.7695769e+02 -1.0306858e+02      
1.7719218e+02 -1.0399816e+02      
1.7739797e+02 -1.0338952e+02      
1.7762399e+02 -1.0157088e+02      
1.7585904e+02 -1.0446938e+02      
1.7472473e+02 -1.0582546e+02      
1.7352370e+02 -1.0741230e+02      
1.7223182e+02 -1.0920705e+02      
1.7082169e+02 -1.1121504e+02      
1.6926575e+02 -1.1348679e+02      
1.6756905e+02 -1.1601277e+02      
1.6579503e+02 -1.1859485e+02      
1.6392270e+02 -1.2133206e+02      
1.6255758e+02 -1.2307911e+02      
1.6200694e+02 -1.2341057e+02      
1.6230691e+02 -1.2236985e+02      
1.6253929e+02 -1.2187293e+02      
1.6262771e+02 -1.2218089e+02      
1.6262330e+02 -1.2339530e+02      
1.6254858e+02 -1.2571421e+02      
1.6248473e+02 -1.2769686e+02      
1.6249423e+02 -1.2851639e+02      
1.6260223e+02 -1.2790253e+02      
1.6279182e+02 -1.2612000e+02      
1.6022216e+02 -1.2609991e+02      
1.5907071e+02 -1.2732180e+02      
1.5784272e+02 -1.2876536e+02      
1.5652659e+02 -1.3041094e+02      
1.5511108e+02 -1.3224919e+02      
1.5359088e+02 -1.3427395e+02      
1.5197542e+02 -1.3645209e+02      
1.5027947e+02 -1.3873601e+02      
1.4851904e+02 -1.4107661e+02      
1.4682127e+02 -1.4320855e+02      
1.4601544e+02 -1.4392944e+02      
1.4623344e+02 -1.4323729e+02      
1.4636450e+02 -1.4294898e+02      
1.4632267e+02 -1.4332459e+02      
1.4616765e+02 -1.4439315e+02      
1.4590788e+02 -1.4615340e+02      
1.4553594e+02 -1.4825793e+02      
1.4531061e+02 -1.4909877e+02      
1.4532200e+02 -1.4834636e+02      
1.4548256e+02 -1.4633170e+02      
1.4212177e+02 -1.4549254e+02      
1.4098043e+02 -1.4658731e+02      
1.3975691e+02 -1.4788535e+02      
1.3844939e+02 -1.4936462e+02      
1.3705797e+02 -1.5100419e+02      
1.3558836e+02 -1.5277882e+02      
1.3405497e+02 -1.5465023e+02      
1.3248111e+02 -1.5656510e+02      
1.3090234e+02 -1.5844764e+02      
1.2939979e+02 -1.6014605e+02      
1.2821086e+02 -1.6132163e+02      
1.2814005e+02 -1.6113397e+02      
1.2803765e+02 -1.6112301e+02      
1.2781192e+02 -1.6152235e+02      
1.2750141e+02 -1.6233105e+02      
1.2711184e+02 -1.6349459e+02      
1.2664328e+02 -1.6480451e+02      
1.2616150e+02 -1.6572638e+02      
1.2610131e+02 -1.6477325e+02      
1.2602211e+02 -1.6344277e+02      
1.2185737e+02 -1.6236127e+02      
1.2074555e+02 -1.6333540e+02      
1.1954809e+02 -1.6448947e+02      
1.1827032e+02 -1.6579905e+02      
1.1691995e+02 -1.6723731e+02      
1.1550963e+02 -1.6877181e+02      
1.1405938e+02 -1.7036017e+02      
1.1259949e+02 -1.7194554e+02      
1.1117657e+02 -1.7344901e+02      
1.0986638e+02 -1.7475753e+02      
1.0882520e+02 -1.7568591e+02      
1.0823370e+02 -1.7607462e+02      
1.0779859e+02 -1.7634792e+02      
1.0736293e+02 -1.7675193e+02      
1.0689793e+02 -1.7733092e+02      
1.0639755e+02 -1.7803158e+02      
1.0587044e+02 -1.7869594e+02      
1.0537555e+02 -1.7899370e+02      
1.0501503e+02 -1.7853478e+02      
1.0467271e+02 -1.7773010e+02      
9.9758675e+01 -1.7646308e+02      
9.8689246e+01 -1.7732440e+02      
9.7531819e+01 -1.7834049e+02      
9.6296686e+01 -1.7948589e+02      
9.4996524e+01 -1.8073165e+02      
9.3648178e+01 -1.8204347e+02      
9.2274640e+01 -1.8337923e+02      
9.0907460e+01 -1.8468633e+02      
8.9590217e+01 -1.8589908e+02      
8.8382785e+01 -1.8693829e+02      
8.7357931e+01 -1.8772433e+02      
8.6544422e+01 -1.8824948e+02      
8.5869515e+01 -1.8863468e+02      
8.5249995e+01 -1.8900130e+02      
8.4643432e+01 -1.8939163e+02      
8.4034441e+01 -1.8977284e+02      
8.3426196e+01 -1.9004450e+02      
8.2839091e+01 -1.9005918e+02      
8.2284704e+01 -1.8973545e+02      
8.1730347e+01 -1.8918383e+02      
