2.4652580e+01 2.2935979e+02      
2.4886006e+01 2.2735171e+02      
2.5643571e+01 2.2546785e+02      
2.6900696e+01 2.2376634e+02      
2.8634700e+01 2.2232173e+02      
3.0854243e+01 2.2127355e+02      
3.3474437e+01 2.2067728e+02      
3.5023784e+01 2.1877319e+02      
3.5998256e+01 2.1667686e+02      
3.6517899e+01 2.1459735e+02      
3.6708969e+01 2.1263605e+02      
3.6763912e+01 2.1091114e+02      
3.6862295e+01 2.0953020e+02      
3.7114775e+01 2.0855985e+02      
3.7569315e+01 2.0803451e+02      
3.8227924e+01 2.0796041e+02      
3.9079536e+01 2.0832073e+02      
4.0129294e+01 2.0907853e+02      
4.1411712e+01 2.1017890e+02      
4.2986005e+01 2.1155280e+02      
5.4117696e+01 2.1956987e+02      
5.4697992e+01 2.1756806e+02      
5.5839330e+01 2.1567670e+02      
5.7523079e+01 2.1395879e+02      
5.9735387e+01 2.1249173e+02      
6.2470907e+01 2.1137132e+02      
6.5636237e+01 2.1058480e+02      
6.8687036e+01 2.0969944e+02      
6.9791515e+01 2.0732283e+02      
7.0110531e+01 2.0482085e+02      
6.9775697e+01 2.0228215e+02      
6.9303807e+01 2.0001203e+02      
6.8952629e+01 1.9814902e+02      
6.8849625e+01 1.9675954e+02      
6.9020996e+01 1.9587867e+02      
6.9405070e+01 1.9550440e+02      
6.9931170e+01 1.9561313e+02      
7.0573889e+01 1.9616035e+02      
7.1373352e+01 1.9707882e+02      
7.2416997e+01 1.9828341e+02      
8.2151454e+01 2.0625864e+02      
8.3086064e+01 2.0423939e+02      
8.4612980e+01 2.0230879e+02      
8.6712299e+01 2.0052637e+02      
8.9368578e+01 1.9895888e+02      
9.2585235e+01 1.9768245e+02      
9.6408281e+01 1.9679236e+02      
1.0055683e+02 1.9618198e+02      
1.0266497e+02 1.9433078e+02      
1.0296490e+02 1.9165365e+02      
1.0175038e+02 1.8837946e+02      
1.0063585e+02 1.8555417e+02      
9.9681217e+01 1.8315754e+02      
9.9208466e+01 1.8133849e+02      
9.9169919e+01 1.8012120e+02      
9.9352862e+01 1.7947571e+02      
9.9574331e+01 1.7937492e+02      
9.9755937e+01 1.7977097e+02      
9.9965988e+01 1.8057969e+02      
1.0035846e+02 1.8169053e+02      
1.0828057e+02 1.8965754e+02      
1.0957029e+02 1.8759744e+02      
1.1148005e+02 1.8559933e+02      
1.1397982e+02 1.8371459e+02      
1.1703702e+02 1.8199461e+02      
1.2065106e+02 1.8050164e+02      
1.2492795e+02 1.7934495e+02      
1.2964778e+02 1.7847468e+02      
1.3214553e+02 1.7661162e+02      
1.3246120e+02 1.7388985e+02      
1.3133391e+02 1.7070370e+02      
1.2988831e+02 1.6759916e+02      
1.2820503e+02 1.6463383e+02      
1.2756020e+02 1.6245442e+02      
1.2753653e+02 1.6095025e+02      
1.2771066e+02 1.6006566e+02      
1.2771378e+02 1.5980141e+02      
1.2734855e+02 1.6012637e+02      
1.2679637e+02 1.6092671e+02      
1.2637153e+02 1.6204487e+02      
1.3206206e+02 1.7005199e+02      
1.3370332e+02 1.6793077e+02      
1.3599707e+02 1.6584557e+02      
1.3889539e+02 1.6383827e+02      
1.4231856e+02 1.6193647e+02      
1.4618529e+02 1.6015376e+02      
1.5055974e+02 1.5854240e+02      
1.5526970e+02 1.5707949e+02      
1.5751272e+02 1.5485378e+02      
1.5736152e+02 1.5193004e+02      
1.5565395e+02 1.4857473e+02      
1.5437772e+02 1.4546356e+02      
1.5351203e+02 1.4266112e+02      
1.5332163e+02 1.4036231e+02      
1.5369133e+02 1.3862717e+02      
1.5423741e+02 1.3750443e+02      
1.5430066e+02 1.3709751e+02      
1.5312607e+02 1.3747269e+02      
1.5148095e+02 1.3841707e+02      
1.5000614e+02 1.3967930e+02      
1.5308595e+02 1.4777429e+02      
1.5506893e+02 1.4557486e+02      
1.5775747e+02 1.4339259e+02      
1.6109113e+02 1.4126595e+02      
1.6492707e+02 1.3920480e+02      
1.6897726e+02 1.3713342e+02      
1.7296284e+02 1.3491210e+02      
1.7699966e+02 1.3266454e+02      
1.7838541e+02 1.2992640e+02      
1.7743182e+02 1.2673707e+02      
1.7637251e+02 1.2354210e+02      
1.7570303e+02 1.2056280e+02      
1.7556935e+02 1.1786997e+02      
1.7607896e+02 1.1550057e+02      
1.7721467e+02 1.1351406e+02      
1.7864688e+02 1.1206778e+02      
1.7943523e+02 1.1146780e+02      
1.7678620e+02 1.1209049e+02      
1.7356581e+02 1.1341283e+02      
1.7075616e+02 1.1500297e+02      
1.7097657e+02 1.2319601e+02      
1.7327336e+02 1.2090100e+02      
1.7636889e+02 1.1861519e+02      
1.8022559e+02 1.1638857e+02      
1.8463754e+02 1.1423298e+02      
1.8905212e+02 1.1201953e+02      
1.9195203e+02 1.0902253e+02      
1.9457675e+02 1.0592786e+02      
1.9469297e+02 1.0267658e+02      
1.9422744e+02 9.9395727e+01      
1.9382113e+02 9.6296857e+01      
1.9374182e+02 9.3476666e+01      
1.9418457e+02 9.0894362e+01      
1.9538906e+02 8.8448032e+01      
1.9750479e+02 8.6117247e+01      
2.0005433e+02 8.4203169e+01      
2.0019525e+02 8.3614080e+01      
1.9740064e+02 8.4424969e+01      
1.9235927e+02 8.6399122e+01      
1.8800293e+02 8.8531550e+01      
1.8539824e+02 9.6721804e+01      
1.8793434e+02 9.4307345e+01      
1.9141327e+02 9.1901967e+01      
1.9587806e+02 8.9575568e+01      
2.0096257e+02 8.7320537e+01      
2.0491765e+02 8.4597076e+01      
2.0727064e+02 8.1280859e+01      
2.0792924e+02 7.7508747e+01      
2.0789097e+02 7.3777189e+01      
2.0780735e+02 7.0270479e+01      
2.0788012e+02 6.7227769e+01      
2.0820901e+02 6.4668074e+01      
2.0898537e+02 6.2349524e+01      
2.1054579e+02 5.9972238e+01      
2.1343899e+02 5.7276591e+01      
2.1530799e+02 5.5353756e+01      
2.1486495e+02 5.4840043e+01      
2.1178572e+02 5.5887575e+01      
2.0663783e+02 5.8183023e+01      
2.0088788e+02 6.0977228e+01      
1.9607797e+02 6.8786846e+01      
1.9868995e+02 6.6217173e+01      
2.0234840e+02 6.3643395e+01      
2.0732782e+02 6.1153548e+01      
2.1207750e+02 5.8425381e+01      
2.1563470e+02 5.5300917e+01      
2.1757678e+02 5.1731860e+01      
2.1799082e+02 4.7754170e+01      
2.1762019e+02 4.3513226e+01      
2.1797242e+02 3.9521520e+01      
2.1842312e+02 3.6556532e+01      
2.1893494e+02 3.4606580e+01      
2.1983624e+02 3.2853638e+01      
2.2080003e+02 3.0980210e+01      
2.2223545e+02 2.8920157e+01      
2.2378249e+02 2.6852513e+01      
2.2288927e+02 2.6368818e+01      
2.1925956e+02 2.7783000e+01      
2.1356801e+02 3.0600994e+01      
2.0851464e+02 3.3181743e+01      
2.0285354e+02 3.9857419e+01      
2.0531687e+02 3.7095440e+01      
2.0861758e+02 3.4260306e+01      
2.1279111e+02 3.1360632e+01      
2.1746790e+02 2.8287622e+01      
2.2080042e+02 2.4887441e+01      
2.2233007e+02 2.1172060e+01      
2.2238384e+02 1.7079836e+01      
2.2290171e+02 1.2499190e+01      
2.2436897e+02 7.5035085e+00      
2.2516288e+02 4.6676777e+00      
2.2548392e+02 4.0075960e+00      
2.2693868e+02 2.9720489e+00      
2.2678554e+02 1.7384288e+00      
2.2663543e+02 5.0514444e-01      
2.2621001e+02 -5.7889783e-01      
2.2473660e+02 -1.0541659e+00      
2.2041055e+02 8.3790243e-01      
2.1571481e+02 3.1530451e+00      
2.1147640e+02 5.3671564e+00      
2.0570523e+02 1.0425114e+01      
2.0786927e+02 7.4577172e+00      
2.1062167e+02 4.3661189e+00      
2.1389341e+02 1.1586132e+00      
2.1743679e+02 -2.2069608e+00      
2.2062048e+02 -5.7953144e+00      
2.2167575e+02 -9.4909867e+00      
2.2235128e+02 -1.3486408e+01      
2.2337971e+02 -1.7930634e+01      
2.2505713e+02 -2.2813328e+01      
2.2602860e+02 -2.5445350e+01      
2.2664564e+02 -2.5844382e+01      
2.2838366e+02 -2.6692576e+01      
2.2835319e+02 -2.7449551e+01      
2.2703027e+02 -2.7897077e+01      
2.2496222e+02 -2.8022453e+01      
2.2153469e+02 -2.7470820e+01      
2.1772822e+02 -2.6028596e+01      
2.1387450e+02 -2.4170048e+01      
2.1030453e+02 -2.2260148e+01      
2.0472308e+02 -1.9011198e+01      
2.0654070e+02 -2.2178705e+01      
2.0875790e+02 -2.5490424e+01      
2.1125929e+02 -2.8915734e+01      
2.1382293e+02 -3.2441023e+01      
2.1603167e+02 -3.6049968e+01      
2.1740347e+02 -3.9708616e+01      
2.1840799e+02 -4.3454530e+01      
2.1943095e+02 -4.7259033e+01      
2.2047801e+02 -5.0741776e+01      
2.2130296e+02 -5.3061485e+01      
2.2230786e+02 -5.4350569e+01      
2.2387716e+02 -5.5448408e+01      
2.2322551e+02 -5.5815839e+01      
2.2060652e+02 -5.5524644e+01      
2.1791510e+02 -5.5031965e+01      
2.1483556e+02 -5.4133231e+01      
2.1158748e+02 -5.2786701e+01      
2.0835768e+02 -5.1142276e+01      
2.0530851e+02 -4.9401244e+01      
2.0005638e+02 -4.7961151e+01      
2.0154078e+02 -5.1323156e+01      
2.0329593e+02 -5.4834389e+01      
2.0520393e+02 -5.8435463e+01      
2.0708520e+02 -6.2065885e+01      
2.0871641e+02 -6.5667460e+01      
2.0996535e+02 -6.9196941e+01      
2.1094511e+02 -7.2637168e+01      
2.1182100e+02 -7.5912657e+01      
2.1238728e+02 -7.8585819e+01      
2.1268871e+02 -8.0442926e+01      
2.1321890e+02 -8.1810064e+01      
2.1393069e+02 -8.2881300e+01      
2.1226566e+02 -8.2799238e+01      
2.0994532e+02 -8.2316255e+01      
2.0745777e+02 -8.1533583e+01      
2.0482917e+02 -8.0424509e+01      
2.0209728e+02 -7.9011577e+01      
1.9936459e+02 -7.7392912e+01      
1.9674121e+02 -7.5696830e+01      
1.9188804e+02 -7.5948239e+01      
1.9307936e+02 -7.9507640e+01      
1.9446022e+02 -8.3222607e+01      
1.9592474e+02 -8.7003302e+01      
1.9733407e+02 -9.0741095e+01      
1.9854823e+02 -9.4326626e+01      
1.9949073e+02 -9.7680599e+01      
2.0019498e+02 -1.0077641e+02      
2.0071521e+02 -1.0356982e+02      
2.0079846e+02 -1.0568000e+02      
2.0049291e+02 -1.0706973e+02      
2.0013597e+02 -1.0809418e+02      
1.9949312e+02 -1.0870649e+02      
1.9797643e+02 -1.0865710e+02      
1.9601112e+02 -1.0808090e+02      
1.9389926e+02 -1.0708830e+02      
1.9169617e+02 -1.0576249e+02      
1.8941764e+02 -1.0419858e+02      
1.8711228e+02 -1.0249584e+02      
1.8485360e+02 -1.0075224e+02      
1.8042704e+02 -1.0250927e+02      
1.8137318e+02 -1.0627774e+02      
1.8246382e+02 -1.1022734e+02      
1.8360505e+02 -1.1423933e+02      
1.8467198e+02 -1.1814040e+02      
1.8553679e+02 -1.2173667e+02      
1.8611773e+02 -1.2488826e+02      
1.8640866e+02 -1.2756266e+02      
1.8643051e+02 -1.2979386e+02      
1.8598687e+02 -1.3135270e+02      
1.8510365e+02 -1.3230868e+02      
1.8399697e+02 -1.3300298e+02      
1.8259188e+02 -1.3338201e+02      
1.8087998e+02 -1.3327540e+02      
1.7909373e+02 -1.3255732e+02      
1.7736689e+02 -1.3128614e+02      
1.7561877e+02 -1.2966828e+02      
1.7377759e+02 -1.2787838e+02      
1.7185876e+02 -1.2601944e+02      
1.6992150e+02 -1.2416537e+02      
1.6590750e+02 -1.2719232e+02      
1.6665291e+02 -1.3118143e+02      
1.6752945e+02 -1.3541864e+02      
1.6845849e+02 -1.3977666e+02      
1.6930354e+02 -1.4398822e+02      
1.6989207e+02 -1.4768651e+02      
1.7010712e+02 -1.5062127e+02      
1.6991210e+02 -1.5273953e+02      
1.6931796e+02 -1.5415966e+02      
1.6832684e+02 -1.5506689e+02      
1.6696333e+02 -1.5565991e+02      
1.6525741e+02 -1.5610954e+02      
1.6318871e+02 -1.5644228e+02      
1.6096462e+02 -1.5643638e+02      
1.5923858e+02 -1.5552625e+02      
1.5806715e+02 -1.5374145e+02      
1.5687737e+02 -1.5168502e+02      
1.5547714e+02 -1.4960379e+02      
1.5391049e+02 -1.4754693e+02      
1.5225492e+02 -1.4554709e+02      
1.4858942e+02 -1.4955743e+02      
1.4916488e+02 -1.5375594e+02      
1.4988683e+02 -1.5832609e+02      
1.5072417e+02 -1.6322381e+02      
1.5153215e+02 -1.6810585e+02      
1.5195125e+02 -1.7210015e+02      
1.5182950e+02 -1.7482283e+02      
1.5112354e+02 -1.7621054e+02      
1.4988293e+02 -1.7653004e+02      
1.4833678e+02 -1.7657766e+02      
1.4650575e+02 -1.7666093e+02      
1.4429237e+02 -1.7684626e+02      
1.4152805e+02 -1.7723269e+02      
1.3827683e+02 -1.7777202e+02      
1.3657417e+02 -1.7665252e+02      
1.3643877e+02 -1.7390024e+02      
1.3589091e+02 -1.7131499e+02      
1.3489042e+02 -1.6894180e+02      
1.3361921e+02 -1.6668855e+02      
1.3219656e+02 -1.6453673e+02      
1.2876202e+02 -1.6918836e+02      
1.2917366e+02 -1.7352781e+02      
1.2975309e+02 -1.7837869e+02      
1.3055859e+02 -1.8391653e+02      
1.3159547e+02 -1.9009538e+02      
1.3191951e+02 -1.9453983e+02      
1.3150587e+02 -1.9706451e+02      
1.3032033e+02 -1.9759732e+02      
1.2830945e+02 -1.9619570e+02      
1.2627984e+02 -1.9524827e+02      
1.2410515e+02 -1.9477469e+02      
1.2157664e+02 -1.9461913e+02      
1.1843383e+02 -1.9481606e+02      
1.1474319e+02 -1.9522916e+02      
1.1305674e+02 -1.9391599e+02      
1.1337598e+02 -1.9089247e+02      
1.1318702e+02 -1.8805816e+02      
1.1243475e+02 -1.8550197e+02      
1.1136363e+02 -1.8310118e+02      
1.1011197e+02 -1.8081723e+02      
1.0675124e+02 -1.8572269e+02      
1.0698035e+02 -1.9006258e+02      
1.0736496e+02 -1.9496561e+02      
1.0797003e+02 -2.0070167e+02      
1.0876547e+02 -2.0724521e+02      
1.0886947e+02 -2.1177705e+02      
1.0822110e+02 -2.1409083e+02      
1.0679712e+02 -2.1411590e+02      
1.0460183e+02 -2.1193964e+02      
1.0238864e+02 -2.1040917e+02      
1.0008885e+02 -2.0952257e+02      
9.7521698e+01 -2.0900178e+02      
9.4473799e+01 -2.0877330e+02      
9.0964619e+01 -2.0867228e+02      
8.9302224e+01 -2.0719533e+02      
8.9481767e+01 -2.0434898e+02      
8.9221962e+01 -2.0158196e+02      
8.8505775e+01 -1.9899021e+02      
8.7521919e+01 -1.9651142e+02      
8.6376201e+01 -1.9412852e+02      
8.2926562e+01 -1.9889095e+02      
8.2948260e+01 -2.0305651e+02      
8.3075908e+01 -2.0769383e+02      
8.3329273e+01 -2.1299555e+02      
8.3641843e+01 -2.1894591e+02      
8.3424758e+01 -2.2304280e+02      
8.2598104e+01 -2.2513343e+02      
8.1145811e+01 -2.2515759e+02      
7.9109731e+01 -2.2316347e+02      
7.6977690e+01 -2.2166219e+02      
7.4755256e+01 -2.2062695e+02      
7.2375472e+01 -2.1981857e+02      
6.9823070e+01 -2.1908849e+02      
6.7365445e+01 -2.1817206e+02      
6.5739695e+01 -2.1657181e+02      
6.4949192e+01 -2.1428046e+02      
6.4268709e+01 -2.1176322e+02      
6.3435164e+01 -2.0922977e+02      
6.2454059e+01 -2.0672623e+02      
6.1364661e+01 -2.0427455e+02      
