4.6019092e+01 2.2708645e+02      
4.7404379e+01 2.2655589e+02      
4.7983152e+01 2.2602839e+02      
4.5277425e+01 2.2458560e+02      
4.1623395e+01 2.2318456e+02      
3.7842945e+01 2.2199960e+02      
3.4253566e+01 2.2105345e+02      
3.0953623e+01 2.2034628e+02      
2.7974831e+01 2.1987972e+02      
2.5361488e+01 2.1966439e+02      
2.3190131e+01 2.1972237e+02      
2.1536095e+01 2.2007332e+02      
2.0446983e+01 2.2072301e+02      
1.9944544e+01 2.2166359e+02      
2.0034362e+01 2.2287673e+02      
2.0713714e+01 2.2433556e+02      
2.1977304e+01 2.2600523e+02      
2.3821173e+01 2.2784292e+02      
2.6244395e+01 2.2979794e+02      
2.9248566e+01 2.3181249e+02      
7.7923725e+01 2.1792660e+02      
8.0915239e+01 2.1754724e+02      
8.1615285e+01 2.1677130e+02      
7.9392444e+01 2.1545584e+02      
7.4668650e+01 2.1377534e+02      
6.9953846e+01 2.1233927e+02      
6.5742971e+01 2.1116382e+02      
6.1993428e+01 2.1022502e+02      
5.8589749e+01 2.0950170e+02      
5.5525094e+01 2.0899364e+02      
5.2930733e+01 2.0875081e+02      
5.0921564e+01 2.0881468e+02      
4.9537069e+01 2.0919280e+02      
4.8778536e+01 2.0987444e+02      
4.8631601e+01 2.1083936e+02      
4.9076065e+01 2.1206015e+02      
5.0093038e+01 2.1350192e+02      
5.1670488e+01 2.1512122e+02      
5.3805203e+01 2.1686533e+02      
5.6500893e+01 2.1867266e+02      
1.0742592e+02 2.0503922e+02      
1.1057172e+02 2.0431817e+02      
1.1160787e+02 2.0334871e+02      
1.0994969e+02 2.0211021e+02      
1.0579817e+02 2.0063616e+02      
1.0031627e+02 1.9906148e+02      
9.5745410e+01 1.9770501e+02      
9.1721472e+01 1.9656869e+02      
8.7980799e+01 1.9561674e+02      
8.4330186e+01 1.9475223e+02      
8.1237869e+01 1.9417046e+02      
7.8874360e+01 1.9394226e+02      
7.7218222e+01 1.9405480e+02      
7.6231266e+01 1.9448719e+02      
7.5871232e+01 1.9521592e+02      
7.6093646e+01 1.9621397e+02      
7.6860262e+01 1.9744824e+02      
7.8149214e+01 1.9887626e+02      
7.9957282e+01 2.0044363e+02      
8.2294599e+01 2.0208413e+02      
1.3140877e+02 1.8850791e+02      
1.3517435e+02 1.8750747e+02      
1.3691109e+02 1.8638646e+02      
1.3592954e+02 1.8523040e+02      
1.3216810e+02 1.8389971e+02      
1.2798114e+02 1.8239758e+02      
1.2379373e+02 1.8091443e+02      
1.1963825e+02 1.7957251e+02      
1.1569306e+02 1.7846617e+02      
1.1110007e+02 1.7708874e+02      
1.0752208e+02 1.7616546e+02      
1.0487516e+02 1.7566662e+02      
1.0301185e+02 1.7553283e+02      
1.0185421e+02 1.7573242e+02      
1.0133271e+02 1.7623998e+02      
1.0136979e+02 1.7703188e+02      
1.0189604e+02 1.7808110e+02      
1.0287830e+02 1.7934950e+02      
1.0431969e+02 1.8078195e+02      
1.0624483e+02 1.8230568e+02      
1.5194277e+02 1.6909547e+02      
1.5467972e+02 1.6789480e+02      
1.5718894e+02 1.6657822e+02      
1.5719942e+02 1.6558298e+02      
1.5564468e+02 1.6425202e+02      
1.5300095e+02 1.6267642e+02      
1.4943665e+02 1.6101197e+02      
1.4495900e+02 1.5933155e+02      
1.3956917e+02 1.5758559e+02      
1.3490068e+02 1.5608770e+02      
1.3121744e+02 1.5497130e+02      
1.2844608e+02 1.5425542e+02      
1.2647559e+02 1.5390708e+02      
1.2523185e+02 1.5389559e+02      
1.2463740e+02 1.5419676e+02      
1.2456467e+02 1.5479548e+02      
1.2487406e+02 1.5568003e+02      
1.2552825e+02 1.5682367e+02      
1.2655346e+02 1.5817205e+02      
1.2800158e+02 1.5964158e+02      
1.6950509e+02 1.4717329e+02      
1.7127773e+02 1.4582264e+02      
1.7284204e+02 1.4437989e+02      
1.7361723e+02 1.4295235e+02      
1.7403633e+02 1.4141580e+02      
1.7289724e+02 1.3961761e+02      
1.7005482e+02 1.3770584e+02      
1.6557116e+02 1.3576877e+02      
1.6002998e+02 1.3382673e+02      
1.5550238e+02 1.3219271e+02      
1.5193945e+02 1.3092834e+02      
1.4919678e+02 1.3004234e+02      
1.4721699e+02 1.2951581e+02      
1.4597452e+02 1.2931820e+02      
1.4544347e+02 1.2942295e+02      
1.4544201e+02 1.2982626e+02      
1.4554138e+02 1.3055733e+02      
1.4583083e+02 1.3161160e+02      
1.4636851e+02 1.3294031e+02      
1.4725118e+02 1.3443684e+02      
1.8413721e+02 1.2309178e+02      
1.8524014e+02 1.2157302e+02      
1.8623188e+02 1.1990093e+02      
1.8696555e+02 1.1809935e+02      
1.8749116e+02 1.1614002e+02      
1.8763785e+02 1.1398254e+02      
1.8563123e+02 1.1175424e+02      
1.8121013e+02 1.0962754e+02      
1.7667735e+02 1.0760642e+02      
1.7273004e+02 1.0583889e+02      
1.6945381e+02 1.0443467e+02      
1.6683559e+02 1.0341540e+02      
1.6489936e+02 1.0275185e+02      
1.6369134e+02 1.0239984e+02      
1.6330484e+02 1.0231840e+02      
1.6375927e+02 1.0249205e+02      
1.6364695e+02 1.0304554e+02      
1.6361229e+02 1.0403442e+02      
1.6352507e+02 1.0543886e+02      
1.6371098e+02 1.0707370e+02      
1.9573110e+02 9.7256719e+01      
1.9639132e+02 9.5556732e+01      
1.9700870e+02 9.3644811e+01      
1.9749340e+02 9.1529552e+01      
1.9781077e+02 8.9202894e+01      
1.9785536e+02 8.6654918e+01      
1.9701656e+02 8.3979565e+01      
1.9344380e+02 8.1647007e+01      
1.8982243e+02 7.9411741e+01      
1.8656434e+02 7.7436546e+01      
1.8364322e+02 7.5899283e+01      
1.8116199e+02 7.4798667e+01      
1.7925596e+02 7.4055361e+01      
1.7803013e+02 7.3595916e+01      
1.7758076e+02 7.3361356e+01      
1.7791631e+02 7.3315813e+01      
1.7871555e+02 7.3526224e+01      
1.7866626e+02 7.4441233e+01      
1.7773996e+02 7.6057213e+01      
1.7713163e+02 7.7966291e+01      
2.0414730e+02 7.0115031e+01      
2.0449021e+02 6.8241319e+01      
2.0481972e+02 6.6109119e+01      
2.0506744e+02 6.3723785e+01      
2.0518417e+02 6.1084280e+01      
2.0515362e+02 5.8178981e+01      
2.0476398e+02 5.5065803e+01      
2.0218997e+02 5.2373775e+01      
1.9960568e+02 4.9696150e+01      
1.9715472e+02 4.7329923e+01      
1.9449185e+02 4.5722315e+01      
1.9204698e+02 4.4646860e+01      
1.9010317e+02 4.3908456e+01      
1.8878099e+02 4.3408506e+01      
1.8818352e+02 4.3066254e+01      
1.8842214e+02 4.2814121e+01      
1.8937286e+02 4.2726862e+01      
1.8933480e+02 4.3581855e+01      
1.8839008e+02 4.5335286e+01      
1.8712279e+02 4.7643627e+01      
2.0927047e+02 4.2133946e+01      
2.0937567e+02 4.0105127e+01      
2.0948153e+02 3.7780697e+01      
2.0953519e+02 3.5164336e+01      
2.0948838e+02 3.2259757e+01      
2.0928128e+02 2.9082125e+01      
2.0869180e+02 2.5721773e+01      
2.0738770e+02 2.2362579e+01      
2.0599140e+02 1.8964253e+01      
2.0471206e+02 1.5792370e+01      
2.0193301e+02 1.4367498e+01      
1.9938710e+02 1.3459755e+01      
1.9732688e+02 1.2832700e+01      
1.9582739e+02 1.2380875e+01      
1.9499269e+02 1.2001466e+01      
1.9495609e+02 1.1608339e+01      
1.9559824e+02 1.1317754e+01      
1.9525159e+02 1.2245719e+01      
1.9391404e+02 1.4373451e+01      
1.9201726e+02 1.7234656e+01      
2.1103090e+02 1.3788166e+01      
2.1095478e+02 1.1629903e+01      
2.1088825e+02 9.1466232e+00      
2.1079355e+02 6.3382298e+00      
2.1063326e+02 3.2050044e+00      
2.1035973e+02 -2.4307147e-01      
2.0990507e+02 -3.9702847e+00      
2.0927859e+02 -7.9224852e+00      
2.0869847e+02 -1.2048370e+01      
2.0810036e+02 -1.5944368e+01      
2.0569883e+02 -1.7541697e+01      
2.0311472e+02 -1.8235331e+01      
2.0087644e+02 -1.8617069e+01      
1.9912222e+02 -1.8911254e+01      
1.9793794e+02 -1.9238973e+01      
1.9743658e+02 -1.9688151e+01      
1.9749634e+02 -2.0088657e+01      
1.9657436e+02 -1.8963733e+01      
1.9464847e+02 -1.6208007e+01      
1.9289686e+02 -1.3122256e+01      
2.0940979e+02 -1.4449175e+01      
2.0919319e+02 -1.6705328e+01      
2.0899291e+02 -1.9307740e+01      
2.0878715e+02 -2.2262710e+01      
2.0855918e+02 -2.5581711e+01      
2.0830121e+02 -2.9280618e+01      
2.0803027e+02 -3.3380273e+01      
2.0782348e+02 -3.7905689e+01      
2.0775854e+02 -4.2749916e+01      
2.0756510e+02 -4.7268873e+01      
2.0591312e+02 -4.9556251e+01      
2.0323001e+02 -4.9877698e+01      
2.0076919e+02 -4.9851076e+01      
1.9870886e+02 -4.9865458e+01      
1.9708583e+02 -5.0054375e+01      
1.9596542e+02 -5.0474234e+01      
1.9525652e+02 -5.0908766e+01      
1.9372424e+02 -4.9671520e+01      
1.9179987e+02 -4.6578275e+01      
1.9013664e+02 -4.3090859e+01      
2.0444086e+02 -4.2114982e+01      
2.0411213e+02 -4.4432240e+01      
2.0380339e+02 -4.7106456e+01      
2.0350686e+02 -5.0149727e+01      
2.0322455e+02 -5.3586119e+01      
2.0297685e+02 -5.7457899e+01      
2.0281896e+02 -6.1833976e+01      
2.0288016e+02 -6.6849339e+01      
2.0326614e+02 -7.2533032e+01      
2.0293950e+02 -7.6924494e+01      
2.0167565e+02 -7.9595270e+01      
1.9962216e+02 -8.0598499e+01      
1.9706173e+02 -8.0187322e+01      
1.9473112e+02 -7.9852370e+01      
1.9263202e+02 -7.9848948e+01      
1.9078152e+02 -8.0181901e+01      
1.8915306e+02 -8.0466140e+01      
1.8736572e+02 -7.9154671e+01      
1.8554256e+02 -7.6228169e+01      
1.8389755e+02 -7.2153091e+01      
1.9621102e+02 -6.8764717e+01      
1.9578848e+02 -7.1102717e+01      
1.9538468e+02 -7.3795092e+01      
1.9500138e+02 -7.6855637e+01      
1.9465143e+02 -8.0314386e+01      
1.9436760e+02 -8.4231076e+01      
1.9421465e+02 -8.8712197e+01      
1.9426681e+02 -9.3806576e+01      
1.9445661e+02 -9.9203067e+01      
1.9401637e+02 -1.0329284e+02      
1.9301117e+02 -1.0617472e+02      
1.9159963e+02 -1.0797619e+02      
1.8982281e+02 -1.0869126e+02      
1.8744552e+02 -1.0817930e+02      
1.8490661e+02 -1.0799091e+02      
1.8225201e+02 -1.0820258e+02      
1.7982803e+02 -1.0790598e+02      
1.7769297e+02 -1.0643638e+02      
1.7584285e+02 -1.0354111e+02      
1.7430430e+02 -9.9504382e+01      
1.8486026e+02 -9.3980419e+01      
1.8435506e+02 -9.6298335e+01      
1.8386167e+02 -9.8953654e+01      
1.8338627e+02 -1.0195529e+02      
1.8294385e+02 -1.0532612e+02      
1.8256487e+02 -1.0911839e+02      
1.8231348e+02 -1.1347335e+02      
1.8223514e+02 -1.1846199e+02      
1.8175082e+02 -1.2214980e+02      
1.8110255e+02 -1.2557407e+02      
1.8025739e+02 -1.2848936e+02      
1.7940794e+02 -1.3098742e+02      
1.7875293e+02 -1.3325613e+02      
1.7692142e+02 -1.3395533e+02      
1.7412248e+02 -1.3368267e+02      
1.7046419e+02 -1.3267039e+02      
1.6738073e+02 -1.3223302e+02      
1.6491868e+02 -1.3081409e+02      
1.6301943e+02 -1.2783460e+02      
1.6157688e+02 -1.2355391e+02      
1.7058002e+02 -1.1737739e+02      
1.6999923e+02 -1.1963786e+02      
1.6941851e+02 -1.2220623e+02      
1.6884456e+02 -1.2508081e+02      
1.6828831e+02 -1.2826458e+02      
1.6776541e+02 -1.3176524e+02      
1.6728961e+02 -1.3557732e+02      
1.6680692e+02 -1.3947482e+02      
1.6615040e+02 -1.4288243e+02      
1.6536762e+02 -1.4595337e+02      
1.6451968e+02 -1.4874148e+02      
1.6377538e+02 -1.5139477e+02      
1.6325736e+02 -1.5409931e+02      
1.6160982e+02 -1.5527710e+02      
1.5887741e+02 -1.5511745e+02      
1.5520434e+02 -1.5382074e+02      
1.5199543e+02 -1.5306896e+02      
1.4928941e+02 -1.5214868e+02      
1.4741739e+02 -1.4909842e+02      
1.4603577e+02 -1.4512261e+02      
1.5360999e+02 -1.3860899e+02      
1.5295907e+02 -1.4078144e+02      
1.5229378e+02 -1.4322425e+02      
1.5161962e+02 -1.4592362e+02      
1.5094227e+02 -1.4886136e+02      
1.5026484e+02 -1.5200580e+02      
1.4957871e+02 -1.5528456e+02      
1.4884794e+02 -1.5853776e+02      
1.4802620e+02 -1.6157740e+02      
1.4710873e+02 -1.6434465e+02      
1.4612293e+02 -1.6684739e+02      
1.4510390e+02 -1.6911106e+02      
1.4393531e+02 -1.7100850e+02      
1.4218383e+02 -1.7204608e+02      
1.3974572e+02 -1.7215737e+02      
1.3681611e+02 -1.7164387e+02      
1.3385587e+02 -1.7119378e+02      
1.3107560e+02 -1.7079008e+02      
1.2914867e+02 -1.6830807e+02      
1.2798251e+02 -1.6411377e+02      
1.3423336e+02 -1.5736959e+02      
1.3351779e+02 -1.5943188e+02      
1.3277290e+02 -1.6172395e+02      
1.3200312e+02 -1.6422238e+02      
1.3121100e+02 -1.6689545e+02      
1.3039488e+02 -1.6969579e+02      
1.2954496e+02 -1.7254925e+02      
1.2864153e+02 -1.7535128e+02      
1.2766312e+02 -1.7799508e+02      
1.2659836e+02 -1.8040943e+02      
1.2544189e+02 -1.8255237e+02      
1.2416884e+02 -1.8437451e+02      
1.2268889e+02 -1.8576443e+02      
1.2086750e+02 -1.8657328e+02      
1.1866165e+02 -1.8677900e+02      
1.1616771e+02 -1.8655257e+02      
1.1353113e+02 -1.8621173e+02      
1.1088267e+02 -1.8583765e+02      
1.0900466e+02 -1.8366777e+02      
1.0789505e+02 -1.7985841e+02      
1.1277127e+02 -1.7339653e+02      
1.1199703e+02 -1.7533464e+02      
1.1117979e+02 -1.7746255e+02      
1.1032361e+02 -1.7975103e+02      
1.0943017e+02 -1.8216240e+02      
1.0849739e+02 -1.8464678e+02      
1.0751818e+02 -1.8713903e+02      
1.0648073e+02 -1.8956151e+02      
1.0537150e+02 -1.9183590e+02      
1.0417782e+02 -1.9389536e+02      
1.0288452e+02 -1.9568344e+02      
1.0146383e+02 -1.9714109e+02      
9.9868527e+01 -1.9819710e+02      
9.8051350e+01 -1.9878935e+02      
9.6007563e+01 -1.9891251e+02      
9.3794501e+01 -1.9863439e+02      
9.1512123e+01 -1.9803944e+02      
8.9330396e+01 -1.9699883e+02      
8.7537918e+01 -1.9501742e+02      
8.6157936e+01 -1.9219820e+02      
8.9576604e+01 -1.8647171e+02      
8.8750198e+01 -1.8827823e+02      
8.7869311e+01 -1.9023706e+02      
8.6938390e+01 -1.9231636e+02      
8.5959538e+01 -1.9447708e+02      
8.4931884e+01 -1.9667147e+02      
8.3851205e+01 -1.9884285e+02      
8.2710261e+01 -2.0092820e+02      
8.1499852e+01 -2.0286363e+02      
8.0209345e+01 -2.0458945e+02      
7.8825347e+01 -2.0605080e+02      
7.7329506e+01 -2.0719514e+02      
7.5700341e+01 -2.0797298e+02      
7.3924447e+01 -2.0834803e+02      
7.2013186e+01 -2.0831069e+02      
7.0012227e+01 -2.0787476e+02      
6.8000899e+01 -2.0704041e+02      
6.6090807e+01 -2.0573629e+02      
6.4392134e+01 -2.0386852e+02      
6.2930787e+01 -2.0151921e+02      
