3.3154940e+01 2.3785677e+02      
3.2637332e+01 2.3674643e+02      
3.2662257e+01 2.3563554e+02      
3.3261469e+01 2.3456783e+02      
3.4474506e+01 2.3359523e+02      
3.6354176e+01 2.3278557e+02      
3.8989665e+01 2.3224782e+02      
4.2059570e+01 2.3201355e+02      
4.2597528e+01 2.3117952e+02      
4.2518421e+01 2.3066428e+02      
4.2476455e+01 2.3064367e+02      
4.1952725e+01 2.2987293e+02      
4.1091565e+01 2.2835145e+02      
4.0681020e+01 2.2732087e+02      
4.0717740e+01 2.2673946e+02      
4.1142896e+01 2.2648428e+02      
4.1953302e+01 2.2648961e+02      
4.3169994e+01 2.2670531e+02      
4.4819090e+01 2.2708391e+02      
4.6922708e+01 2.2757673e+02      
6.1654214e+01 2.2917032e+02      
6.1243826e+01 2.2804174e+02      
6.1405258e+01 2.2687611e+02      
6.2189665e+01 2.2571898e+02      
6.3671125e+01 2.2462532e+02      
6.5967256e+01 2.2366828e+02      
6.9282587e+01 2.2296021e+02      
7.3336497e+01 2.2253272e+02      
7.4810452e+01 2.2173267e+02      
7.4060472e+01 2.2087684e+02      
7.3490137e+01 2.2053929e+02      
7.2330831e+01 2.1949154e+02      
7.0993583e+01 2.1774800e+02      
7.0274058e+01 2.1648365e+02      
7.0016309e+01 2.1566058e+02      
7.0117898e+01 2.1516059e+02      
7.0584190e+01 2.1492161e+02      
7.1452091e+01 2.1489369e+02      
7.2757383e+01 2.1502659e+02      
7.4525160e+01 2.1526762e+02      
8.8649232e+01 2.1694203e+02      
8.8314752e+01 2.1577356e+02      
8.8560753e+01 2.1452675e+02      
8.9447215e+01 2.1324491e+02      
9.1062828e+01 2.1197760e+02      
9.3549542e+01 2.1078348e+02      
9.7145847e+01 2.0973446e+02      
1.0159443e+02 2.0885207e+02      
1.0351267e+02 2.0783368e+02      
1.0324602e+02 2.0678957e+02      
1.0220910e+02 2.0578330e+02      
1.0026241e+02 2.0447686e+02      
9.9049000e+01 2.0304594e+02      
9.8334938e+01 2.0181298e+02      
9.7867071e+01 2.0086102e+02      
9.7625807e+01 2.0017994e+02      
9.7699065e+01 1.9974868e+02      
9.8167549e+01 1.9952755e+02      
9.9083499e+01 1.9946531e+02      
1.0047396e+02 1.9950530e+02      
1.1371103e+02 2.0140504e+02      
1.1341443e+02 2.0017666e+02      
1.1368336e+02 1.9882544e+02      
1.1457330e+02 1.9739016e+02      
1.1616290e+02 1.9591144e+02      
1.1857460e+02 1.9442821e+02      
1.2201756e+02 1.9296666e+02      
1.2620831e+02 1.9153638e+02      
1.2778768e+02 1.9018721e+02      
1.2704636e+02 1.8888131e+02      
1.2632284e+02 1.8754196e+02      
1.2555418e+02 1.8616474e+02      
1.2505333e+02 1.8484921e+02      
1.2465326e+02 1.8367536e+02      
1.2395835e+02 1.8261658e+02      
1.2327496e+02 1.8178534e+02      
1.2287165e+02 1.8120985e+02      
1.2288212e+02 1.8085112e+02      
1.2336884e+02 1.8065172e+02      
1.2435110e+02 1.8054885e+02      
1.3645689e+02 1.8284635e+02      
1.3616096e+02 1.8154148e+02      
1.3639486e+02 1.8006840e+02      
1.3719890e+02 1.7846136e+02      
1.3862170e+02 1.7675419e+02      
1.4072579e+02 1.7497496e+02      
1.4361109e+02 1.7312889e+02      
1.4696117e+02 1.7122178e+02      
1.4776182e+02 1.6959084e+02      
1.4791834e+02 1.6795545e+02      
1.4808311e+02 1.6634909e+02      
1.4841483e+02 1.6484868e+02      
1.4889912e+02 1.6354515e+02      
1.4918454e+02 1.6246288e+02      
1.4800743e+02 1.6122264e+02      
1.4668268e+02 1.6025753e+02      
1.4567902e+02 1.5959049e+02      
1.4517411e+02 1.5915901e+02      
1.4520860e+02 1.5888886e+02      
1.4577009e+02 1.5870837e+02      
1.5655489e+02 1.6160097e+02      
1.5622956e+02 1.6020735e+02      
1.5638506e+02 1.5860124e+02      
1.5704279e+02 1.5681338e+02      
1.5821590e+02 1.5487460e+02      
1.5989475e+02 1.5281425e+02      
1.6199445e+02 1.5066089e+02      
1.6408096e+02 1.4847709e+02      
1.6537627e+02 1.4637880e+02      
1.6631460e+02 1.4434853e+02      
1.6734847e+02 1.4242970e+02      
1.6869358e+02 1.4072261e+02      
1.7019025e+02 1.3932870e+02      
1.7052516e+02 1.3806925e+02      
1.6947901e+02 1.3690121e+02      
1.6738620e+02 1.3588862e+02      
1.6567006e+02 1.3521573e+02      
1.6462725e+02 1.3479303e+02      
1.6422856e+02 1.3452786e+02      
1.6438589e+02 1.3434102e+02      
1.7372541e+02 1.3804525e+02      
1.7335087e+02 1.3655528e+02      
1.7340348e+02 1.3481071e+02      
1.7388948e+02 1.3283921e+02      
1.7479790e+02 1.3066988e+02      
1.7608299e+02 1.2833465e+02      
1.7762739e+02 1.2587347e+02      
1.7920504e+02 1.2334435e+02      
1.8062192e+02 1.2081725e+02      
1.8197338e+02 1.1835717e+02      
1.8357190e+02 1.1605306e+02      
1.8575455e+02 1.1402091e+02      
1.8735703e+02 1.1228040e+02      
1.8773956e+02 1.1086894e+02      
1.8674559e+02 1.0978755e+02      
1.8467634e+02 1.0899995e+02      
1.8229125e+02 1.0845954e+02      
1.8084078e+02 1.0814341e+02      
1.8010652e+02 1.0796524e+02      
1.7991154e+02 1.0784663e+02      
1.8774083e+02 1.1258993e+02      
1.8730711e+02 1.1100078e+02      
1.8724858e+02 1.0911776e+02      
1.8756346e+02 1.0696490e+02      
1.8823267e+02 1.0456811e+02      
1.8921012e+02 1.0195716e+02      
1.9041341e+02 9.9169786e+01      
1.9173514e+02 9.6256982e+01      
1.9310380e+02 9.3286578e+01      
1.9454886e+02 9.0348578e+01      
1.9618523e+02 8.7564517e+01      
1.9807345e+02 8.5070215e+01      
1.9994231e+02 8.2968209e+01      
2.0042195e+02 8.1440103e+01      
1.9931387e+02 8.0515389e+01      
1.9700953e+02 8.0032662e+01      
1.9497705e+02 7.9762776e+01      
1.9352631e+02 7.9651297e+01      
1.9261561e+02 7.9639033e+01      
1.9213996e+02 7.9661607e+01      
1.9842511e+02 8.5672629e+01      
1.9792936e+02 8.3986607e+01      
1.9776137e+02 8.1970973e+01      
1.9791754e+02 7.9645210e+01      
1.9838092e+02 7.7029809e+01      
1.9911799e+02 7.4147786e+01      
2.0007935e+02 7.1027884e+01      
2.0121086e+02 6.7710254e+01      
2.0247533e+02 6.4256191e+01      
2.0386336e+02 6.0764537e+01      
2.0536407e+02 5.7392400e+01      
2.0689016e+02 5.4366141e+01      
2.0817614e+02 5.1959196e+01      
2.0871835e+02 5.0366937e+01      
2.0735143e+02 4.9761003e+01      
2.0556046e+02 4.9592071e+01      
2.0391671e+02 4.9641296e+01      
2.0261877e+02 4.9802850e+01      
2.0165896e+02 5.0019872e+01      
2.0096261e+02 5.0249483e+01      
2.0565401e+02 5.7750097e+01      
2.0509732e+02 5.5974895e+01      
2.0482550e+02 5.3839120e+01      
2.0483678e+02 5.1356982e+01      
2.0512035e+02 4.8541832e+01      
2.0565637e+02 4.5406485e+01      
2.0641889e+02 4.1964802e+01      
2.0738230e+02 3.8236335e+01      
2.0852724e+02 3.4258474e+01      
2.0983370e+02 3.0114001e+01      
2.1124700e+02 2.5978939e+01      
2.1261219e+02 2.2179262e+01      
2.1352529e+02 1.9302111e+01      
2.1332931e+02 1.8037250e+01      
2.1213701e+02 1.7861947e+01      
2.1063697e+02 1.8167598e+01      
2.0925999e+02 1.8631251e+01      
2.0816213e+02 1.9115145e+01      
2.0726735e+02 1.9594730e+01      
2.0638590e+02 2.0085207e+01      
2.0935601e+02 2.9289949e+01      
2.0874084e+02 2.7438716e+01      
2.0837106e+02 2.5202311e+01      
2.0824802e+02 2.2589720e+01      
2.0836749e+02 1.9606719e+01      
2.0872106e+02 1.6254395e+01      
2.0929959e+02 1.2527563e+01      
2.1009831e+02 8.4141964e+00      
2.1112011e+02 3.9010640e+00      
2.1236768e+02 -9.9597516e-01      
2.1381096e+02 -6.1476722e+00      
2.1530508e+02 -1.1148379e+01      
2.1637616e+02 -1.5051574e+01      
2.1534232e+02 -1.5503754e+01      
2.1378090e+02 -1.4744512e+01      
2.1222754e+02 -1.3673064e+01      
2.1098007e+02 -1.2674593e+01      
2.1018340e+02 -1.1860538e+01      
2.0963513e+02 -1.1165492e+01      
2.0859022e+02 -1.0377187e+01      
2.0951331e+02 7.6217697e-01      
2.0884214e+02 -1.1469543e+00      
2.0837886e+02 -3.4578325e+00      
2.0812791e+02 -6.1656273e+00      
2.0809035e+02 -9.2707389e+00      
2.0826590e+02 -1.2782120e+01      
2.0865690e+02 -1.6722737e+01      
2.0927460e+02 -2.1139050e+01      
2.1014891e+02 -2.6117452e+01      
2.1133912e+02 -3.1798288e+01      
2.1288127e+02 -3.8198493e+01      
2.1458576e+02 -4.4693800e+01      
2.1509117e+02 -4.8602090e+01      
2.1410141e+02 -4.9316168e+01      
2.1198651e+02 -4.7301580e+01      
2.1014286e+02 -4.5188280e+01      
2.0888468e+02 -4.3574773e+01      
2.0843666e+02 -4.2476337e+01      
2.0882471e+02 -4.1755397e+01      
2.0763879e+02 -4.0650860e+01      
2.0616247e+02 -2.7369312e+01      
2.0543723e+02 -2.9314316e+01      
2.0488348e+02 -3.1668337e+01      
2.0450787e+02 -3.4428702e+01      
2.0431475e+02 -3.7598816e+01      
2.0430825e+02 -4.1192383e+01      
2.0449589e+02 -4.5240877e+01      
2.0489534e+02 -4.9808445e+01      
2.0554868e+02 -5.5027302e+01      
2.0656941e+02 -6.1217105e+01      
2.0810156e+02 -6.8789860e+01      
2.0914621e+02 -7.5314519e+01      
2.0920899e+02 -7.9304774e+01      
2.0817675e+02 -8.0216513e+01      
2.0628324e+02 -7.8440962e+01      
2.0412514e+02 -7.5334200e+01      
2.0273240e+02 -7.3297942e+01      
2.0220885e+02 -7.1939944e+01      
2.0249880e+02 -7.1012202e+01      
2.0121347e+02 -6.9590230e+01      
1.9939409e+02 -5.4654762e+01      
1.9861637e+02 -5.6611350e+01      
1.9797442e+02 -5.8974422e+01      
1.9747605e+02 -6.1741024e+01      
1.9712692e+02 -6.4913559e+01      
1.9693195e+02 -6.8503382e+01      
1.9689768e+02 -7.2536741e+01      
1.9703588e+02 -7.7065200e+01      
1.9736884e+02 -8.2184208e+01      
1.9793048e+02 -8.8052880e+01      
1.9867787e+02 -9.4736362e+01      
1.9929866e+02 -1.0168735e+02      
1.9903461e+02 -1.0596744e+02      
1.9785563e+02 -1.0688052e+02      
1.9593134e+02 -1.0496598e+02      
1.9404825e+02 -1.0299731e+02      
1.9258424e+02 -1.0131177e+02      
1.9162526e+02 -9.9750037e+01      
1.9087923e+02 -9.8164241e+01      
1.8955085e+02 -9.6401725e+01      
1.8935156e+02 -8.0665922e+01      
1.8852295e+02 -8.2609428e+01      
1.8779529e+02 -8.4947548e+01      
1.8717663e+02 -8.7674871e+01      
1.8667246e+02 -9.0789334e+01      
1.8628617e+02 -9.4294168e+01      
1.8601969e+02 -9.8200235e+01      
1.8587330e+02 -1.0252786e+02      
1.8584232e+02 -1.0730363e+02      
1.8590249e+02 -1.1253492e+02      
1.8597327e+02 -1.1813385e+02      
1.8586970e+02 -1.2374887e+02      
1.8530108e+02 -1.2841497e+02      
1.8395004e+02 -1.2924236e+02      
1.8220303e+02 -1.2907250e+02      
1.8041316e+02 -1.2862775e+02      
1.7886009e+02 -1.2764116e+02      
1.7761127e+02 -1.2597438e+02      
1.7648676e+02 -1.2378060e+02      
1.7517688e+02 -1.2157360e+02      
1.7622854e+02 -1.0500247e+02      
1.7535114e+02 -1.0690963e+02      
1.7454125e+02 -1.0919151e+02      
1.7380672e+02 -1.1183887e+02      
1.7315217e+02 -1.1484325e+02      
1.7257878e+02 -1.1819731e+02      
1.7208364e+02 -1.2189397e+02      
1.7165777e+02 -1.2592287e+02      
1.7128095e+02 -1.3025955e+02      
1.7091126e+02 -1.3483958e+02      
1.7046987e+02 -1.3951102e+02      
1.6983334e+02 -1.4397065e+02      
1.6884918e+02 -1.4760753e+02      
1.6740811e+02 -1.4970383e+02      
1.6562272e+02 -1.5113489e+02      
1.6369366e+02 -1.5247289e+02      
1.6201241e+02 -1.5225146e+02      
1.6066869e+02 -1.5046896e+02      
1.5955857e+02 -1.4733831e+02      
1.5833057e+02 -1.4460916e+02      
1.6026561e+02 -1.2729747e+02      
1.5934223e+02 -1.2914777e+02      
1.5845507e+02 -1.3134672e+02      
1.5761167e+02 -1.3388077e+02      
1.5681580e+02 -1.3673489e+02      
1.5606696e+02 -1.3989175e+02      
1.5535920e+02 -1.4332940e+02      
1.5467898e+02 -1.4701634e+02      
1.5400128e+02 -1.5090162e+02      
1.5328417e+02 -1.5489830e+02      
1.5246396e+02 -1.5886150e+02      
1.5145694e+02 -1.6257091e+02      
1.5017485e+02 -1.6575573e+02      
1.4856042e+02 -1.6831690e+02      
1.4661135e+02 -1.7060279e+02      
1.4443754e+02 -1.7281715e+02      
1.4261826e+02 -1.7309349e+02      
1.4126335e+02 -1.7134405e+02      
1.4029129e+02 -1.6791382e+02      
1.3916380e+02 -1.6491571e+02      
1.4174594e+02 -1.4722194e+02      
1.4078022e+02 -1.4899842e+02      
1.3982227e+02 -1.5109320e+02      
1.3887943e+02 -1.5348878e+02      
1.3795515e+02 -1.5616454e+02      
1.3704827e+02 -1.5909544e+02      
1.3615196e+02 -1.6224966e+02      
1.3525210e+02 -1.6558443e+02      
1.3432506e+02 -1.6903979e+02      
1.3333544e+02 -1.7253099e+02      
1.3223532e+02 -1.7594361e+02      
1.3096747e+02 -1.7914243e+02      
1.2947344e+02 -1.8201666e+02      
1.2770193e+02 -1.8457911e+02      
1.2559866e+02 -1.8705506e+02      
1.2321133e+02 -1.8947947e+02      
1.2128314e+02 -1.8995055e+02      
1.1992278e+02 -1.8835318e+02      
1.1906170e+02 -1.8503561e+02      
1.1798585e+02 -1.8207630e+02      
1.2099030e+02 -1.6448866e+02      
1.1998665e+02 -1.6617814e+02      
1.1896560e+02 -1.6815303e+02      
1.1793469e+02 -1.7039270e+02      
1.1689758e+02 -1.7287241e+02      
1.1585352e+02 -1.7556215e+02      
1.1479652e+02 -1.7842471e+02      
1.1371439e+02 -1.8141310e+02      
1.1258777e+02 -1.8446743e+02      
1.1138949e+02 -1.8751297e+02      
1.1008540e+02 -1.9046251e+02      
1.0863690e+02 -1.9322884e+02      
1.0700488e+02 -1.9575350e+02      
1.0515014e+02 -1.9804824e+02      
1.0301507e+02 -2.0023691e+02      
1.0060036e+02 -2.0231468e+02      
9.8647360e+01 -2.0271002e+02      
9.7223449e+01 -2.0136044e+02      
9.6298955e+01 -1.9851558e+02      
9.5152542e+01 -1.9587267e+02      
9.8351670e+01 -1.7885536e+02      
9.7314972e+01 -1.8044830e+02      
9.6239389e+01 -1.8229259e+02      
9.5132918e+01 -1.8436543e+02      
9.3999990e+01 -1.8663957e+02      
9.2841035e+01 -1.8908231e+02      
9.1652005e+01 -1.9165437e+02      
9.0423926e+01 -1.9430846e+02      
8.9142659e+01 -1.9698828e+02      
8.7789204e+01 -1.9962895e+02      
8.6340944e+01 -2.0216057e+02      
8.4774084e+01 -2.0451662e+02      
8.3067051e+01 -2.0664642e+02      
8.1204562e+01 -2.0852319e+02      
7.9188030e+01 -2.1012113e+02      
7.7112444e+01 -2.1123911e+02      
7.5242363e+01 -2.1135064e+02      
7.3676836e+01 -2.1031930e+02      
7.2342838e+01 -2.0841325e+02      
7.0996130e+01 -2.0626628e+02      
