2.7961549e+01 2.4248347e+02      
2.7010510e+01 2.4203080e+02      
2.6474314e+01 2.4169972e+02      
2.6348314e+01 2.4151094e+02      
2.6622029e+01 2.4147191e+02      
2.7268793e+01 2.4156971e+02      
2.8221049e+01 2.4175258e+02      
2.9335184e+01 2.4189956e+02      
3.0444321e+01 2.4186395e+02      
3.1535092e+01 2.4162705e+02      
3.2749940e+01 2.4129928e+02      
3.4212779e+01 2.4096945e+02      
3.5976508e+01 2.4066399e+02      
3.8057021e+01 2.4037915e+02      
4.0455675e+01 2.4010034e+02      
4.3167515e+01 2.3980877e+02      
4.6183952e+01 2.3948335e+02      
4.9493974e+01 2.3910123e+02      
5.3085235e+01 2.3863814e+02      
5.6945207e+01 2.3806892e+02      
5.6255222e+01 2.3273394e+02      
5.5433422e+01 2.3232505e+02      
5.5032260e+01 2.3205301e+02      
5.5056167e+01 2.3194834e+02      
5.5512132e+01 2.3203086e+02      
5.6403562e+01 2.3230845e+02      
5.7701828e+01 2.3276158e+02      
5.9184753e+01 2.3320625e+02      
6.0321332e+01 2.3317629e+02      
6.1092457e+01 2.3264867e+02      
6.1998907e+01 2.3204309e+02      
6.3240879e+01 2.3150260e+02      
6.4833579e+01 2.3101522e+02      
6.6766630e+01 2.3055335e+02      
6.9027613e+01 2.3009058e+02      
7.1603902e+01 2.2960232e+02      
7.4481371e+01 2.2906417e+02      
7.7643932e+01 2.2845075e+02      
8.1074490e+01 2.2773546e+02      
8.4756713e+01 2.2689084e+02      
8.3242658e+01 2.1921125e+02      
8.2561918e+01 2.1881218e+02      
8.2297718e+01 2.1857290e+02      
8.2463423e+01 2.1853422e+02      
8.3087892e+01 2.1872798e+02      
8.4223111e+01 2.1918917e+02      
8.5966734e+01 2.1999352e+02      
8.8237486e+01 2.2110126e+02      
8.9403191e+01 2.2110074e+02      
8.9430524e+01 2.1996551e+02      
8.9917028e+01 2.1904475e+02      
9.0918241e+01 2.1832589e+02      
9.2327346e+01 2.1769318e+02      
9.4094773e+01 2.1708776e+02      
9.6194678e+01 2.1647259e+02      
9.8608734e+01 2.1581947e+02      
1.0131802e+02 2.1510233e+02      
1.0430055e+02 2.1429396e+02      
1.0753279e+02 2.1336527e+02      
1.1099321e+02 2.1228610e+02      
1.0850422e+02 2.0211761e+02      
1.0797277e+02 2.0168242e+02      
1.0783727e+02 2.0143917e+02      
1.0811444e+02 2.0143712e+02      
1.0884821e+02 2.0170892e+02      
1.1012352e+02 2.0228807e+02      
1.1210298e+02 2.0325146e+02      
1.1470361e+02 2.0450264e+02      
1.1590355e+02 2.0456337e+02      
1.1565422e+02 2.0339931e+02      
1.1592288e+02 2.0240972e+02      
1.1676114e+02 2.0162287e+02      
1.1800928e+02 2.0090927e+02      
1.1960636e+02 2.0020488e+02      
1.2152902e+02 1.9947410e+02      
1.2376123e+02 1.9869190e+02      
1.2628175e+02 1.9783414e+02      
1.2906130e+02 1.9687277e+02      
1.3206627e+02 1.9577567e+02      
1.3526664e+02 1.9450893e+02      
1.3165809e+02 1.8170547e+02      
1.3128644e+02 1.8117305e+02      
1.3126675e+02 1.8088043e+02      
1.3160894e+02 1.8088518e+02      
1.3236076e+02 1.8120400e+02      
1.3360840e+02 1.8182838e+02      
1.3549281e+02 1.8275882e+02      
1.3797030e+02 1.8386500e+02      
1.3922405e+02 1.8402544e+02      
1.3918158e+02 1.8319538e+02      
1.3956261e+02 1.8239762e+02      
1.4036640e+02 1.8167251e+02      
1.4148498e+02 1.8094759e+02      
1.4290512e+02 1.8018818e+02      
1.4463427e+02 1.7937672e+02      
1.4667020e+02 1.7850111e+02      
1.4899196e+02 1.7754422e+02      
1.5155967e+02 1.7647759e+02      
1.5432127e+02 1.7526367e+02      
1.5723004e+02 1.7386252e+02      
1.5236749e+02 1.5827235e+02      
1.5218004e+02 1.5755764e+02      
1.5226915e+02 1.5716095e+02      
1.5262268e+02 1.5715873e+02      
1.5329520e+02 1.5753372e+02      
1.5437021e+02 1.5820146e+02      
1.5588524e+02 1.5904107e+02      
1.5762737e+02 1.5981778e+02      
1.5897789e+02 1.6012385e+02      
1.5983109e+02 1.5990394e+02      
1.6061431e+02 1.5944510e+02      
1.6145463e+02 1.5885853e+02      
1.6242779e+02 1.5816538e+02      
1.6363671e+02 1.5737869e+02      
1.6514611e+02 1.5650962e+02      
1.6697453e+02 1.5557022e+02      
1.6910151e+02 1.5455826e+02      
1.7147187e+02 1.5344198e+02      
1.7399715e+02 1.5217111e+02      
1.7659046e+02 1.5069509e+02      
1.7034234e+02 1.3215734e+02      
1.7040099e+02 1.3112689e+02      
1.7061708e+02 1.3054776e+02      
1.7091318e+02 1.3056303e+02      
1.7140088e+02 1.3107982e+02      
1.7222940e+02 1.3189460e+02      
1.7344278e+02 1.3280184e+02      
1.7492695e+02 1.3359463e+02      
1.7645937e+02 1.3409483e+02      
1.7789144e+02 1.3425080e+02      
1.7909521e+02 1.3409870e+02      
1.7986209e+02 1.3364049e+02      
1.8056261e+02 1.3297840e+02      
1.8147642e+02 1.3216683e+02      
1.8272529e+02 1.3123880e+02      
1.8433881e+02 1.3024874e+02      
1.8629114e+02 1.2923237e+02      
1.8852044e+02 1.2813767e+02      
1.9086975e+02 1.2688152e+02      
1.9313300e+02 1.2539649e+02      
1.8532457e+02 1.0375058e+02      
1.8577574e+02 1.0216595e+02      
1.8624310e+02 1.0122169e+02      
1.8631229e+02 1.0139348e+02      
1.8644108e+02 1.0226100e+02      
1.8695728e+02 1.0341192e+02      
1.8796360e+02 1.0457907e+02      
1.8943881e+02 1.0558092e+02      
1.9127541e+02 1.0631460e+02      
1.9328332e+02 1.0675619e+02      
1.9506030e+02 1.0689990e+02      
1.9541764e+02 1.0649023e+02      
1.9561430e+02 1.0583955e+02      
1.9610042e+02 1.0498903e+02      
1.9704495e+02 1.0395841e+02      
1.9845329e+02 1.0287225e+02      
2.0024387e+02 1.0194232e+02      
2.0245243e+02 1.0097387e+02      
2.0485485e+02 9.9820137e+01      
2.0678557e+02 9.8395933e+01      
1.9704237e+02 7.3536048e+01      
1.9808990e+02 7.1036627e+01      
1.9916061e+02 6.9311472e+01      
1.9859609e+02 7.0009172e+01      
1.9812426e+02 7.1560920e+01      
1.9822322e+02 7.3294011e+01      
1.9903384e+02 7.4881875e+01      
2.0059150e+02 7.6182355e+01      
2.0284946e+02 7.7152805e+01      
2.0549179e+02 7.7813225e+01      
2.0719486e+02 7.8053452e+01      
2.0768100e+02 7.7836617e+01      
2.0722381e+02 7.7226432e+01      
2.0715072e+02 7.6344427e+01      
2.0775703e+02 7.5154706e+01      
2.0902072e+02 7.3774674e+01      
2.1057426e+02 7.3136949e+01      
2.1283328e+02 7.2399225e+01      
2.1578275e+02 7.1434964e+01      
2.1739431e+02 7.0139968e+01      
2.0513230e+02 4.2202038e+01      
2.0678762e+02 3.8508497e+01      
2.0756415e+02 3.6676754e+01      
2.0718515e+02 3.7159404e+01      
2.0603889e+02 3.9637715e+01      
2.0563760e+02 4.2188103e+01      
2.0621391e+02 4.4303392e+01      
2.0780955e+02 4.5924821e+01      
2.1048160e+02 4.7083650e+01      
2.1300243e+02 4.7824479e+01      
2.1465516e+02 4.8165793e+01      
2.1519137e+02 4.8113492e+01      
2.1481239e+02 4.7663733e+01      
2.1418402e+02 4.6803448e+01      
2.1448678e+02 4.5507181e+01      
2.1551203e+02 4.3986204e+01      
2.1686828e+02 4.3405557e+01      
2.1887800e+02 4.2898867e+01      
2.2154919e+02 4.2116605e+01      
2.2286399e+02 4.1024738e+01      
2.0904969e+02 1.0898788e+01      
2.1028861e+02 7.0000318e+00      
2.1080143e+02 4.9556174e+00      
2.1047760e+02 5.2293308e+00      
2.0958626e+02 7.5770226e+00      
2.0877585e+02 1.0970101e+01      
2.0916592e+02 1.3512844e+01      
2.1056984e+02 1.5402081e+01      
2.1278729e+02 1.6752371e+01      
2.1542620e+02 1.7557365e+01      
2.1713421e+02 1.7992473e+01      
2.1760002e+02 1.8108708e+01      
2.1705909e+02 1.7830396e+01      
2.1679724e+02 1.6959909e+01      
2.1709657e+02 1.5566935e+01      
2.1792184e+02 1.3984942e+01      
2.1906292e+02 1.3202820e+01      
2.2051033e+02 1.3038953e+01      
2.2210297e+02 1.2631419e+01      
2.2315553e+02 1.1812003e+01      
2.0769685e+02 -1.7810578e+01      
2.0869253e+02 -2.2299025e+01      
2.0898314e+02 -2.4806311e+01      
2.0853744e+02 -2.4674202e+01      
2.0763035e+02 -2.2171227e+01      
2.0731059e+02 -1.9402881e+01      
2.0784482e+02 -1.6904129e+01      
2.0913252e+02 -1.4843800e+01      
2.1096115e+02 -1.3276990e+01      
2.1304194e+02 -1.2246763e+01      
2.1486926e+02 -1.1733620e+01      
2.1521668e+02 -1.1417289e+01      
2.1523694e+02 -1.1665596e+01      
2.1535249e+02 -1.2577830e+01      
2.1573094e+02 -1.4149891e+01      
2.1640642e+02 -1.5443137e+01      
2.1730677e+02 -1.6227459e+01      
2.1835098e+02 -1.6543392e+01      
2.1940160e+02 -1.6579763e+01      
2.2023757e+02 -1.7093252e+01      
2.0251348e+02 -4.5299319e+01      
2.0272045e+02 -4.9119377e+01      
2.0271584e+02 -5.2317431e+01      
2.0201027e+02 -5.2446502e+01      
2.0145989e+02 -5.1303958e+01      
2.0162832e+02 -4.9094037e+01      
2.0248518e+02 -4.6613110e+01      
2.0384577e+02 -4.4363023e+01      
2.0549821e+02 -4.2551735e+01      
2.0720159e+02 -4.1258679e+01      
2.0862398e+02 -4.0469530e+01      
2.0941259e+02 -4.0120079e+01      
2.0985971e+02 -4.0325057e+01      
2.1023011e+02 -4.1138321e+01      
2.1067651e+02 -4.2415174e+01      
2.1128090e+02 -4.3403442e+01      
2.1199688e+02 -4.4103803e+01      
2.1276630e+02 -4.4553421e+01      
2.1351546e+02 -4.4827809e+01      
2.1417214e+02 -4.5107994e+01      
1.9401768e+02 -7.1743938e+01      
1.9354856e+02 -7.5126575e+01      
1.9285757e+02 -7.8120022e+01      
1.9195106e+02 -7.9896892e+01      
1.9139205e+02 -8.0404556e+01      
1.9208454e+02 -7.8134274e+01      
1.9341912e+02 -7.5319755e+01      
1.9504520e+02 -7.2724106e+01      
1.9673063e+02 -7.0625528e+01      
1.9830528e+02 -6.9088366e+01      
1.9961565e+02 -6.8091815e+01      
2.0057520e+02 -6.7612832e+01      
2.0124183e+02 -6.7695865e+01      
2.0173111e+02 -6.8363270e+01      
2.0232445e+02 -6.8815539e+01      
2.0290424e+02 -6.9407568e+01      
2.0348398e+02 -6.9985176e+01      
2.0404711e+02 -7.0504386e+01      
2.0455431e+02 -7.1011132e+01      
2.0495765e+02 -7.1650425e+01      
1.8254624e+02 -9.6861033e+01      
1.8153402e+02 -1.0017842e+02      
1.8017836e+02 -1.0360865e+02      
1.7872876e+02 -1.0664847e+02      
1.7827699e+02 -1.0747090e+02      
1.7909429e+02 -1.0589443e+02      
1.8104657e+02 -1.0251489e+02      
1.8311313e+02 -9.9412768e+01      
1.8496748e+02 -9.7010480e+01      
1.8654627e+02 -9.5286631e+01      
1.8784341e+02 -9.4136680e+01      
1.8886098e+02 -9.3494180e+01      
1.8963905e+02 -9.3318432e+01      
1.9026040e+02 -9.3493780e+01      
1.9082996e+02 -9.3761953e+01      
1.9134565e+02 -9.4145093e+01      
1.9180341e+02 -9.4615175e+01      
1.9219403e+02 -9.5147379e+01      
1.9249430e+02 -9.5775341e+01      
1.9267471e+02 -9.6587671e+01      
1.6843931e+02 -1.2013494e+02      
1.6707946e+02 -1.2344047e+02      
1.6509869e+02 -1.2739622e+02      
1.6354765e+02 -1.3029659e+02      
1.6309133e+02 -1.3126828e+02      
1.6397837e+02 -1.3012558e+02      
1.6601969e+02 -1.2727570e+02      
1.6857417e+02 -1.2372541e+02      
1.7055532e+02 -1.2118905e+02      
1.7212283e+02 -1.1941510e+02      
1.7339177e+02 -1.1819432e+02      
1.7440801e+02 -1.1742962e+02      
1.7521297e+02 -1.1704840e+02      
1.7585728e+02 -1.1695961e+02      
1.7638660e+02 -1.1706541e+02      
1.7681976e+02 -1.1731887e+02      
1.7715828e+02 -1.1769942e+02      
1.7739476e+02 -1.1820218e+02      
1.7751408e+02 -1.1885056e+02      
1.7749721e+02 -1.1969409e+02      
1.5201494e+02 -1.4108067e+02      
1.5071571e+02 -1.4395344e+02      
1.4904323e+02 -1.4711914e+02      
1.4718941e+02 -1.5013059e+02      
1.4659325e+02 -1.5128115e+02      
1.4760775e+02 -1.5030026e+02      
1.4990417e+02 -1.4757820e+02      
1.5204748e+02 -1.4490584e+02      
1.5382379e+02 -1.4274772e+02      
1.5527104e+02 -1.4111972e+02      
1.5645425e+02 -1.3993420e+02      
1.5741351e+02 -1.3912417e+02      
1.5818031e+02 -1.3863248e+02      
1.5878475e+02 -1.3840052e+02      
1.5925161e+02 -1.3837382e+02      
1.5959443e+02 -1.3851569e+02      
1.5981576e+02 -1.3880823e+02      
1.5991016e+02 -1.3924985e+02      
1.5986657e+02 -1.3985584e+02      
1.5967100e+02 -1.4065508e+02      
1.3347631e+02 -1.5945634e+02      
1.3240699e+02 -1.6179431e+02      
1.3118225e+02 -1.6417629e+02      
1.2993276e+02 -1.6632270e+02      
1.2911478e+02 -1.6764527e+02      
1.3030638e+02 -1.6669510e+02      
1.3193601e+02 -1.6499027e+02      
1.3354456e+02 -1.6316833e+02      
1.3498573e+02 -1.6152334e+02      
1.3622597e+02 -1.6015908e+02      
1.3726828e+02 -1.5909115e+02      
1.3812511e+02 -1.5830332e+02      
1.3881076e+02 -1.5776843e+02      
1.3933965e+02 -1.5745474e+02      
1.3972349e+02 -1.5733190e+02      
1.3996860e+02 -1.5737731e+02      
1.4007501e+02 -1.5757918e+02      
1.4003730e+02 -1.5793695e+02      
1.3984599e+02 -1.5846053e+02      
1.3948926e+02 -1.5916758e+02      
1.1299842e+02 -1.7513740e+02      
1.1217701e+02 -1.7701502e+02      
1.1134353e+02 -1.7879854e+02      
1.1063376e+02 -1.8026550e+02      
1.1036480e+02 -1.8104932e+02      
1.1094882e+02 -1.8076128e+02      
1.1197230e+02 -1.7983005e+02      
1.1311249e+02 -1.7865056e+02      
1.1422180e+02 -1.7745422e+02      
1.1522791e+02 -1.7636948e+02      
1.1609975e+02 -1.7545481e+02      
1.1682616e+02 -1.7472939e+02      
1.1740499e+02 -1.7419240e+02      
1.1783772e+02 -1.7383344e+02      
1.1812608e+02 -1.7363939e+02      
1.1826975e+02 -1.7359938e+02      
1.1826521e+02 -1.7370789e+02      
1.1810570e+02 -1.7396583e+02      
1.1778179e+02 -1.7438023e+02      
1.1728230e+02 -1.7496253e+02      
9.0810277e+01 -1.8799811e+02      
9.0200643e+01 -1.8951996e+02      
8.9643335e+01 -1.9089640e+02      
8.9248260e+01 -1.9196538e+02      
8.9169590e+01 -1.9254292e+02      
8.9500338e+01 -1.9253485e+02      
9.0143052e+01 -1.9205758e+02      
9.0937143e+01 -1.9131056e+02      
9.1763435e+01 -1.9045983e+02      
9.2547041e+01 -1.8961886e+02      
9.3244126e+01 -1.8885575e+02      
9.3829997e+01 -1.8820662e+02      
9.4290836e+01 -1.8768748e+02      
9.4618458e+01 -1.8730287e+02      
9.4806932e+01 -1.8705199e+02      
9.4850399e+01 -1.8693290e+02      
9.4741836e+01 -1.8694536e+02      
9.4472599e+01 -1.8709209e+02      
9.4032511e+01 -1.8737887e+02      
9.3410262e+01 -1.8781369e+02      
