1.1947553e+01 2.3204632e+02      
1.1427018e+01 2.2911581e+02      
1.1398198e+01 2.2643144e+02      
1.1773963e+01 2.2410565e+02      
1.2486094e+01 2.2222187e+02      
1.3501271e+01 2.2081641e+02      
1.4781126e+01 2.1988579e+02      
1.6233650e+01 2.1939924e+02      
1.7710387e+01 2.1930200e+02      
1.9116155e+01 2.1954910e+02      
2.0536970e+01 2.2014955e+02      
2.2117232e+01 2.2111151e+02      
2.3945943e+01 2.2240476e+02      
2.6038442e+01 2.2396558e+02      
2.8348198e+01 2.2570577e+02      
3.0804052e+01 2.2752622e+02      
3.3374491e+01 2.2934299e+02      
3.6109911e+01 2.3110600e+02      
3.9110598e+01 2.3278496e+02      
4.2473872e+01 2.3434859e+02      
4.0720031e+01 2.2085314e+02      
4.0609010e+01 2.1764840e+02      
4.1007813e+01 2.1469336e+02      
4.1764917e+01 2.1215568e+02      
4.2771002e+01 2.1016091e+02      
4.4060655e+01 2.0873130e+02      
4.5664513e+01 2.0783517e+02      
4.7477768e+01 2.0742715e+02      
4.9184226e+01 2.0740185e+02      
5.0383279e+01 2.0759616e+02      
5.1463550e+01 2.0815103e+02      
5.2749580e+01 2.0912499e+02      
5.4378568e+01 2.1047986e+02      
5.6353174e+01 2.1213328e+02      
5.8558019e+01 2.1396621e+02      
6.0800222e+01 2.1582580e+02      
6.2960920e+01 2.1758509e+02      
6.5157107e+01 2.1922082e+02      
6.7591919e+01 2.2074002e+02      
7.0419356e+01 2.2212488e+02      
6.8229899e+01 2.0607983e+02      
6.8631251e+01 2.0249840e+02      
6.9613164e+01 1.9914406e+02      
7.0890038e+01 1.9628875e+02      
7.2090536e+01 1.9421107e+02      
7.3586017e+01 1.9281695e+02      
7.5590602e+01 1.9201100e+02      
7.7988255e+01 1.9175152e+02      
8.0256303e+01 1.9193788e+02      
8.0886860e+01 1.9195453e+02      
8.1349334e+01 1.9243629e+02      
8.2184091e+01 1.9344921e+02      
8.3587754e+01 1.9492741e+02      
8.5533110e+01 1.9676512e+02      
8.7810466e+01 1.9882070e+02      
8.9979138e+01 2.0084591e+02      
9.1524236e+01 2.0251470e+02      
9.2926518e+01 2.0398450e+02      
9.4602926e+01 2.0533982e+02      
9.6763466e+01 2.0656324e+02      
9.3950375e+01 1.8802858e+02      
9.4972263e+01 1.8393443e+02      
9.6733423e+01 1.7998482e+02      
9.8832523e+01 1.7659669e+02      
9.9873692e+01 1.7454348e+02      
1.0140089e+02 1.7327978e+02      
1.0384122e+02 1.7260041e+02      
1.0694952e+02 1.7245196e+02      
1.0908580e+02 1.7248470e+02      
1.0984084e+02 1.7265968e+02      
1.0949987e+02 1.7313147e+02      
1.0972132e+02 1.7425040e+02      
1.1090641e+02 1.7593274e+02      
1.1300350e+02 1.7806171e+02      
1.1567810e+02 1.8049913e+02      
1.1819985e+02 1.8295365e+02      
1.1868011e+02 1.8437925e+02      
1.1893027e+02 1.8563101e+02      
1.1961705e+02 1.8682398e+02      
1.2099248e+02 1.8791602e+02      
1.1732043e+02 1.6711547e+02      
1.1901292e+02 1.6236746e+02      
1.2158209e+02 1.5764405e+02      
1.2370383e+02 1.5394417e+02      
1.2519050e+02 1.5155726e+02      
1.2654612e+02 1.5046857e+02      
1.2932051e+02 1.4988177e+02      
1.3224375e+02 1.4948619e+02      
1.3436076e+02 1.4933394e+02      
1.3519582e+02 1.4958941e+02      
1.3490761e+02 1.5037858e+02      
1.3445587e+02 1.5173669e+02      
1.3553775e+02 1.5371483e+02      
1.3802014e+02 1.5621080e+02      
1.4132251e+02 1.5907177e+02      
1.4335663e+02 1.6152247e+02      
1.4363756e+02 1.6326505e+02      
1.4252150e+02 1.6437517e+02      
1.4202740e+02 1.6545667e+02      
1.4256501e+02 1.6647503e+02      
1.3770515e+02 1.4393418e+02      
1.3993853e+02 1.3849255e+02      
1.4239064e+02 1.3341727e+02      
1.4451749e+02 1.2934439e+02      
1.4621793e+02 1.2657244e+02      
1.4779331e+02 1.2506038e+02      
1.4984481e+02 1.2437467e+02      
1.5301597e+02 1.2359085e+02      
1.5542533e+02 1.2309355e+02      
1.5632821e+02 1.2329785e+02      
1.5560054e+02 1.2441997e+02      
1.5538900e+02 1.2619997e+02      
1.5655864e+02 1.2854903e+02      
1.5948147e+02 1.3139855e+02      
1.6231393e+02 1.3426808e+02      
1.6394455e+02 1.3682566e+02      
1.6396407e+02 1.3888446e+02      
1.6265869e+02 1.4040754e+02      
1.6104291e+02 1.4152562e+02      
1.6093062e+02 1.4257796e+02      
1.5449782e+02 1.1919088e+02      
1.5630608e+02 1.1380739e+02      
1.5881769e+02 1.0819899e+02      
1.6098997e+02 1.0363884e+02      
1.6270223e+02 1.0051726e+02      
1.6416839e+02 9.8696524e+01      
1.6633096e+02 9.7074423e+01      
1.6920403e+02 9.5583513e+01      
1.7219973e+02 9.4451903e+01      
1.7351259e+02 9.4362187e+01      
1.7275443e+02 9.5862680e+01      
1.7244215e+02 9.8100377e+01      
1.7318045e+02 1.0082272e+02      
1.7510642e+02 1.0383497e+02      
1.7782325e+02 1.0685364e+02      
1.7923066e+02 1.0960531e+02      
1.7883559e+02 1.1198100e+02      
1.7701490e+02 1.1386779e+02      
1.7583284e+02 1.1538685e+02      
1.7567977e+02 1.1663451e+02      
1.6779760e+02 9.3095032e+01      
1.6916897e+02 8.7856607e+01      
1.7113757e+02 8.2445858e+01      
1.7334565e+02 7.7320583e+01      
1.7501292e+02 7.3862142e+01      
1.7691884e+02 7.0898318e+01      
1.7932756e+02 6.8174950e+01      
1.8217906e+02 6.5762768e+01      
1.8503208e+02 6.3977061e+01      
1.8691390e+02 6.3444123e+01      
1.8638423e+02 6.5172812e+01      
1.8572397e+02 6.7960452e+01      
1.8575211e+02 7.1186751e+01      
1.8659893e+02 7.4544147e+01      
1.8802090e+02 7.7808354e+01      
1.8930373e+02 8.0785259e+01      
1.8844015e+02 8.3519374e+01      
1.8735113e+02 8.5798517e+01      
1.8669928e+02 8.7659311e+01      
1.8671641e+02 8.9139938e+01      
1.7767838e+02 6.5898697e+01      
1.7871184e+02 6.0748061e+01      
1.8025698e+02 5.5469237e+01      
1.8211168e+02 5.0387634e+01      
1.8405860e+02 4.5915949e+01      
1.8630297e+02 4.1808642e+01      
1.8900448e+02 3.7917336e+01      
1.9211511e+02 3.4363661e+01      
1.9522633e+02 3.1635831e+01      
1.9681460e+02 3.1029622e+01      
1.9662744e+02 3.2747658e+01      
1.9526264e+02 3.6389248e+01      
1.9453161e+02 4.0298224e+01      
1.9446611e+02 4.4166146e+01      
1.9480833e+02 4.7835930e+01      
1.9508033e+02 5.1195093e+01      
1.9471353e+02 5.4202096e+01      
1.9419187e+02 5.6782611e+01      
1.9392306e+02 5.8918754e+01      
1.9409665e+02 6.0616406e+01      
1.8412216e+02 3.7972386e+01      
1.8490996e+02 3.2825419e+01      
1.8618075e+02 2.7503216e+01      
1.8784547e+02 2.2173903e+01      
1.8985532e+02 1.6964952e+01      
1.9226703e+02 1.1868734e+01      
1.9520234e+02 6.8250474e+00      
1.9867033e+02 1.9474406e+00      
2.0126657e+02 -1.0448616e+00      
2.0254123e+02 -1.7100944e+00      
2.0235875e+02 6.5914625e-02      
2.0084853e+02 4.1685139e+00      
1.9957134e+02 8.8018729e+00      
1.9882661e+02 1.3296525e+01      
1.9847282e+02 1.7440823e+01      
1.9824096e+02 2.1176657e+01      
1.9795272e+02 2.4475380e+01      
1.9768816e+02 2.7314553e+01      
1.9762327e+02 2.9682600e+01      
1.9788667e+02 3.1575568e+01      
1.8710368e+02 9.7576357e+00      
1.8770136e+02 4.5670259e+00      
1.8877506e+02 -8.9115341e-01      
1.9029518e+02 -6.5477882e+00      
1.9225734e+02 -1.2365316e+01      
1.9469037e+02 -1.8325019e+01      
1.9760501e+02 -2.4315566e+01      
2.0076126e+02 -2.9825863e+01      
2.0289919e+02 -3.3000167e+01      
2.0390058e+02 -3.3733640e+01      
2.0376887e+02 -3.2071748e+01      
2.0261231e+02 -2.8152991e+01      
2.0085004e+02 -2.2587449e+01      
1.9964239e+02 -1.7421835e+01      
1.9888856e+02 -1.2817335e+01      
1.9839391e+02 -8.7412555e+00      
1.9804967e+02 -5.1766400e+00      
1.9785267e+02 -2.1136637e+00      
1.9786418e+02 4.5076831e-01      
1.9815018e+02 2.5155009e+00      
1.8662260e+02 -1.8266472e+01      
1.8705346e+02 -2.3497304e+01      
1.8794745e+02 -2.9079677e+01      
1.8930582e+02 -3.5011365e+01      
1.9115477e+02 -4.1349916e+01      
1.9352204e+02 -4.8118538e+01      
1.9631093e+02 -5.4987195e+01      
1.9868481e+02 -6.0233352e+01      
2.0029691e+02 -6.3318199e+01      
2.0102652e+02 -6.4069376e+01      
2.0088471e+02 -6.2515977e+01      
1.9991445e+02 -5.8732782e+01      
1.9824059e+02 -5.2957694e+01      
1.9686848e+02 -4.7323872e+01      
1.9591722e+02 -4.2345397e+01      
1.9528455e+02 -3.8012706e+01      
1.9488291e+02 -3.4247674e+01      
1.9468426e+02 -3.1011862e+01      
1.9470205e+02 -2.8290580e+01      
1.9496330e+02 -2.6081052e+01      
1.8272408e+02 -4.5618367e+01      
1.8299090e+02 -5.0844936e+01      
1.8369305e+02 -5.6471472e+01      
1.8484302e+02 -6.2526807e+01      
1.8648909e+02 -6.9156733e+01      
1.8868519e+02 -7.6549834e+01      
1.9083615e+02 -8.3095688e+01      
1.9261764e+02 -8.8123658e+01      
1.9377003e+02 -9.1103213e+01      
1.9419918e+02 -9.1797081e+01      
1.9396583e+02 -9.0288051e+01      
1.9316304e+02 -8.6800266e+01      
1.9192824e+02 -8.1712159e+01      
1.9053336e+02 -7.5715818e+01      
1.8954242e+02 -7.0566675e+01      
1.8887173e+02 -6.6125051e+01      
1.8844314e+02 -6.2253658e+01      
1.8822737e+02 -5.8908927e+01      
1.8822094e+02 -5.6075830e+01      
1.8843121e+02 -5.3751965e+01      
1.7550849e+02 -7.1840378e+01      
1.7560560e+02 -7.6996873e+01      
1.7609554e+02 -8.2558463e+01      
1.7698306e+02 -8.8534495e+01      
1.7827115e+02 -9.4949516e+01      
1.7989254e+02 -1.0164759e+02      
1.8159347e+02 -1.0795704e+02      
1.8307242e+02 -1.1315377e+02      
1.8386738e+02 -1.1617720e+02      
1.8389910e+02 -1.1665356e+02      
1.8346845e+02 -1.1501056e+02      
1.8271966e+02 -1.1162701e+02      
1.8175143e+02 -1.0702925e+02      
1.8072558e+02 -1.0189146e+02      
1.7987150e+02 -9.7015457e+01      
1.7924176e+02 -9.2635130e+01      
1.7881942e+02 -8.8755217e+01      
1.7859081e+02 -8.5367287e+01      
1.7855095e+02 -8.2468675e+01      
1.7869938e+02 -8.0062382e+01      
1.6513293e+02 -9.6513517e+01      
1.6505545e+02 -1.0153255e+02      
1.6532102e+02 -1.0693295e+02      
1.6592451e+02 -1.1269844e+02      
1.6684802e+02 -1.1879719e+02      
1.6804628e+02 -1.2513074e+02      
1.6947380e+02 -1.3156568e+02      
1.7101766e+02 -1.3774872e+02      
1.7152401e+02 -1.4113603e+02      
1.7094244e+02 -1.4117798e+02      
1.7025361e+02 -1.3920602e+02      
1.6947001e+02 -1.3540038e+02      
1.6864050e+02 -1.3079320e+02      
1.6783569e+02 -1.2601963e+02      
1.6713195e+02 -1.2142246e+02      
1.6657571e+02 -1.1718328e+02      
1.6618012e+02 -1.1336559e+02      
1.6594637e+02 -1.0999042e+02      
1.6587320e+02 -1.0706878e+02      
1.6595821e+02 -1.0461078e+02      
1.5180751e+02 -1.1926247e+02      
1.5155565e+02 -1.2408561e+02      
1.5159693e+02 -1.2925323e+02      
1.5192152e+02 -1.3473881e+02      
1.5251059e+02 -1.4051676e+02      
1.5334136e+02 -1.4657753e+02      
1.5441801e+02 -1.5301159e+02      
1.5562736e+02 -1.5962485e+02      
1.5587600e+02 -1.6363015e+02      
1.5519579e+02 -1.6474022e+02      
1.5441606e+02 -1.6267559e+02      
1.5357938e+02 -1.5763652e+02      
1.5284863e+02 -1.5264350e+02      
1.5218605e+02 -1.4794778e+02      
1.5160019e+02 -1.4353565e+02      
1.5111727e+02 -1.3945493e+02      
1.5075483e+02 -1.3574315e+02      
1.5052097e+02 -1.3242420e+02      
1.5041770e+02 -1.2951582e+02      
1.5044271e+02 -1.2703380e+02      
1.3578926e+02 -1.3975623e+02      
1.3536877e+02 -1.4433596e+02      
1.3519459e+02 -1.4921509e+02      
1.3525421e+02 -1.5436057e+02      
1.3552663e+02 -1.5974800e+02      
1.3598542e+02 -1.6538430e+02      
1.3660966e+02 -1.7138226e+02      
1.3727986e+02 -1.7769529e+02      
1.3722407e+02 -1.8199812e+02      
1.3645994e+02 -1.8392639e+02      
1.3574790e+02 -1.8218356e+02      
1.3514717e+02 -1.7691111e+02      
1.3458971e+02 -1.7183118e+02      
1.3405770e+02 -1.6726172e+02      
1.3356960e+02 -1.6304829e+02      
1.3315054e+02 -1.5915395e+02      
1.3281960e+02 -1.5558430e+02      
1.3258755e+02 -1.5235698e+02      
1.3245810e+02 -1.4949218e+02      
1.3242919e+02 -1.4701008e+02      
1.1737563e+02 -1.5770887e+02      
1.1679702e+02 -1.6200863e+02      
1.1642250e+02 -1.6655590e+02      
1.1623759e+02 -1.7130739e+02      
1.1621700e+02 -1.7622212e+02      
1.1632146e+02 -1.8126499e+02      
1.1648468e+02 -1.8639130e+02      
1.1654400e+02 -1.9133647e+02      
1.1619700e+02 -1.9548127e+02      
1.1542370e+02 -1.9850561e+02      
1.1484056e+02 -1.9740703e+02      
1.1455002e+02 -1.9255633e+02      
1.1418556e+02 -1.8783680e+02      
1.1376904e+02 -1.8359676e+02      
1.1335947e+02 -1.7967357e+02      
1.1299171e+02 -1.7601721e+02      
1.1268702e+02 -1.7262724e+02      
1.1245697e+02 -1.6952207e+02      
1.1230555e+02 -1.6672587e+02      
1.1223044e+02 -1.6426350e+02      
9.6898206e+01 -1.7288081e+02      
9.6175652e+01 -1.7687585e+02      
9.5620978e+01 -1.8106304e+02      
9.5219229e+01 -1.8538715e+02      
9.4943705e+01 -1.8978639e+02      
9.4751291e+01 -1.9418482e+02      
9.4571685e+01 -1.9846809e+02      
9.4290917e+01 -2.0244812e+02      
9.3759858e+01 -2.0599184e+02      
9.2925677e+01 -2.0889314e+02      
9.2414727e+01 -2.0827224e+02      
9.2289397e+01 -2.0437012e+02      
9.2022118e+01 -2.0043295e+02      
9.1673229e+01 -1.9673378e+02      
9.1315322e+01 -1.9320259e+02      
9.0983980e+01 -1.8983771e+02      
9.0699133e+01 -1.8666071e+02      
9.0470991e+01 -1.8370188e+02      
9.0302423e+01 -1.8099335e+02      
9.0190174e+01 -1.7856598e+02      
7.4716326e+01 -1.8507963e+02      
7.3866436e+01 -1.8875742e+02      
7.3154949e+01 -1.9257321e+02      
7.2568664e+01 -1.9646234e+02      
7.2083927e+01 -2.0034887e+02      
7.1664279e+01 -2.0413820e+02      
7.1257986e+01 -2.0770542e+02      
7.0800718e+01 -2.1088925e+02      
7.0237483e+01 -2.1349506e+02      
6.9607656e+01 -2.1507314e+02      
6.9113809e+01 -2.1470966e+02      
6.8786983e+01 -2.1253331e+02      
6.8471103e+01 -2.0965843e+02      
6.8133900e+01 -2.0660470e+02      
6.7800251e+01 -2.0351804e+02      
6.7491483e+01 -2.0047407e+02      
6.7221138e+01 -1.9752898e+02      
6.6995831e+01 -1.9473069e+02      
6.6816136e+01 -1.9212163e+02      
6.6677234e+01 -1.8973937e+02      
