1.7509907e+01 2.5260650e+02      
1.4790236e+01 2.5104555e+02      
1.2495260e+01 2.4948600e+02      
1.0643693e+01 2.4797364e+02      
9.2665265e+00 2.4654386e+02      
8.4037888e+00 2.4522202e+02      
8.0978253e+00 2.4402560e+02      
8.3861299e+00 2.4296664e+02      
9.2957369e+00 2.4205349e+02      
1.0839336e+01 2.4129153e+02      
1.3011938e+01 2.4068354e+02      
1.5786291e+01 2.4023041e+02      
1.9105374e+01 2.3993304e+02      
2.2871966e+01 2.3979485e+02      
2.6939097e+01 2.3982228e+02      
3.1118397e+01 2.4001852e+02      
3.5279875e+01 2.4036417e+02      
3.9470384e+01 2.4079987e+02      
4.3803521e+01 2.4124316e+02      
4.8364614e+01 2.4161051e+02      
4.5165278e+01 2.4243115e+02      
4.2507922e+01 2.4073640e+02      
4.0236879e+01 2.3904604e+02      
3.8368233e+01 2.3741232e+02      
3.6941941e+01 2.3587137e+02      
3.6015455e+01 2.3444491e+02      
3.5650785e+01 2.3314529e+02      
3.5902761e+01 2.3198024e+02      
3.6812106e+01 2.3095546e+02      
3.8402594e+01 2.3007480e+02      
4.0679585e+01 2.2933934e+02      
4.3626330e+01 2.2874744e+02      
4.7193284e+01 2.2829794e+02      
5.1276627e+01 2.2799762e+02      
5.5687992e+01 2.2786825e+02      
6.0075963e+01 2.2794645e+02      
6.4016925e+01 2.2825114e+02      
6.7828397e+01 2.2868104e+02      
7.1771634e+01 2.2911090e+02      
7.5966918e+01 2.2943038e+02      
7.1720271e+01 2.2848664e+02      
6.9172395e+01 2.2661887e+02      
6.6946063e+01 2.2477163e+02      
6.5048764e+01 2.2300667e+02      
6.3536159e+01 2.2135815e+02      
6.2496662e+01 2.1983817e+02      
6.2023247e+01 2.1844855e+02      
6.2193900e+01 2.1719013e+02      
6.3064769e+01 2.1606589e+02      
6.4671201e+01 2.1507927e+02      
6.7031695e+01 2.1423010e+02      
7.0150086e+01 2.1351124e+02      
7.4006792e+01 2.1291149e+02      
7.8525430e+01 2.1243164e+02      
8.3495560e+01 2.1211296e+02      
8.8405039e+01 2.1205637e+02      
9.1789986e+01 2.1241118e+02      
9.4968769e+01 2.1295337e+02      
9.8344268e+01 2.1347483e+02      
1.0205620e+02 2.1382722e+02      
9.6795675e+01 2.1099428e+02      
9.4429932e+01 2.0889841e+02      
9.2278910e+01 2.0686046e+02      
9.0324137e+01 2.0495918e+02      
8.8655517e+01 2.0321940e+02      
8.7423426e+01 2.0162964e+02      
8.6769997e+01 2.0017164e+02      
8.6800939e+01 1.9883639e+02      
8.7585089e+01 1.9762622e+02      
8.9164220e+01 1.9654872e+02      
9.1566219e+01 1.9560657e+02      
9.4820790e+01 1.9478607e+02      
9.8973920e+01 1.9404913e+02      
1.0401725e+02 1.9336792e+02      
1.0964684e+02 1.9282068e+02      
1.1441661e+02 1.9272125e+02      
1.1792437e+02 1.9310753e+02      
1.2035298e+02 1.9390308e+02      
1.2301583e+02 1.9464468e+02      
1.2615704e+02 1.9511379e+02      
1.2004422e+02 1.9022536e+02      
1.1799274e+02 1.8781516e+02      
1.1598091e+02 1.8553565e+02      
1.1389776e+02 1.8350760e+02      
1.1193650e+02 1.8172107e+02      
1.1038567e+02 1.8010740e+02      
1.0945751e+02 1.7861324e+02      
1.0928139e+02 1.7721875e+02      
1.0992697e+02 1.7593247e+02      
1.1142861e+02 1.7477647e+02      
1.1380777e+02 1.7376803e+02      
1.1709998e+02 1.7289816e+02      
1.2141823e+02 1.7209682e+02      
1.2691224e+02 1.7124078e+02      
1.3239005e+02 1.7067057e+02      
1.3711067e+02 1.7059103e+02      
1.4071961e+02 1.7106333e+02      
1.4324176e+02 1.7198731e+02      
1.4520125e+02 1.7305146e+02      
1.4780114e+02 1.7367342e+02      
1.4113012e+02 1.6650460e+02      
1.3965840e+02 1.6362874e+02      
1.3800356e+02 1.6099845e+02      
1.3555557e+02 1.5891028e+02      
1.3302421e+02 1.5718441e+02      
1.3096947e+02 1.5562777e+02      
1.2965645e+02 1.5413966e+02      
1.2921072e+02 1.5269678e+02      
1.2967684e+02 1.5132965e+02      
1.3105982e+02 1.5009276e+02      
1.3335072e+02 1.4903817e+02      
1.3654529e+02 1.4819013e+02      
1.4065980e+02 1.4751655e+02      
1.4565956e+02 1.4692320e+02      
1.5121783e+02 1.4635269e+02      
1.5605729e+02 1.4632712e+02      
1.5977444e+02 1.4697553e+02      
1.6226425e+02 1.4816298e+02      
1.6434390e+02 1.4921576e+02      
1.6660974e+02 1.4992032e+02      
1.5966125e+02 1.4023213e+02      
1.5914661e+02 1.3664824e+02      
1.5840496e+02 1.3343436e+02      
1.5499697e+02 1.3147718e+02      
1.5150217e+02 1.3000953e+02      
1.4872221e+02 1.2863578e+02      
1.4692984e+02 1.2719579e+02      
1.4618396e+02 1.2569161e+02      
1.4646220e+02 1.2420668e+02      
1.4771648e+02 1.2285236e+02      
1.4989041e+02 1.2173934e+02      
1.5292023e+02 1.2095337e+02      
1.5672195e+02 1.2053427e+02      
1.6119332e+02 1.2041387e+02      
1.6618420e+02 1.2039532e+02      
1.7126712e+02 1.2046069e+02      
1.7524035e+02 1.2133272e+02      
1.7865536e+02 1.2232066e+02      
1.8054546e+02 1.2340757e+02      
1.8235857e+02 1.2424915e+02      
1.7505711e+02 1.1195724e+02      
1.7563416e+02 1.0742669e+02      
1.7453992e+02 1.0393465e+02      
1.7136937e+02 1.0176503e+02      
1.6676112e+02 1.0075100e+02      
1.6311460e+02 9.9702635e+01      
1.6082659e+02 9.8320276e+01      
1.5982417e+02 9.6685994e+01      
1.5996002e+02 9.4991813e+01      
1.6112218e+02 9.3427095e+01      
1.6320646e+02 9.2183817e+01      
1.6610354e+02 9.1428686e+01      
1.6964871e+02 9.1306395e+01      
1.7359401e+02 9.1945649e+01      
1.7809926e+02 9.2690541e+01      
1.8302173e+02 9.3292098e+01      
1.8780287e+02 9.3970789e+01      
1.9135838e+02 9.4907116e+01      
1.9357412e+02 9.5996973e+01      
1.9479744e+02 9.7093838e+01      
1.8633792e+02 8.2591639e+01      
1.8647114e+02 7.7696972e+01      
1.8512863e+02 7.3892942e+01      
1.8208524e+02 7.1507139e+01      
1.7781317e+02 7.0332345e+01      
1.7346438e+02 6.9628300e+01      
1.7090654e+02 6.8147777e+01      
1.6981213e+02 6.6211718e+01      
1.6990929e+02 6.4147443e+01      
1.7106014e+02 6.2208939e+01      
1.7313925e+02 6.0655749e+01      
1.7594685e+02 5.9917831e+01      
1.7939256e+02 6.0028355e+01      
1.8259876e+02 6.2082258e+01      
1.8665468e+02 6.3784625e+01      
1.9159658e+02 6.4804720e+01      
1.9616789e+02 6.5691301e+01      
1.9971454e+02 6.6700832e+01      
2.0206314e+02 6.7867327e+01      
2.0343708e+02 6.9051159e+01      
1.9129834e+02 5.4187354e+01      
1.9136659e+02 4.8681496e+01      
1.8995859e+02 4.4430487e+01      
1.8687134e+02 4.1931854e+01      
1.8259948e+02 4.0823853e+01      
1.7910547e+02 3.9363160e+01      
1.7689006e+02 3.7316650e+01      
1.7594489e+02 3.4819234e+01      
1.7613520e+02 3.2137166e+01      
1.7732492e+02 2.9734379e+01      
1.7950487e+02 2.7634431e+01      
1.8208689e+02 2.7233034e+01      
1.8493003e+02 2.8626932e+01      
1.8773345e+02 3.1928263e+01      
1.9129826e+02 3.4590252e+01      
1.9553944e+02 3.6342315e+01      
2.0002260e+02 3.7397199e+01      
2.0353520e+02 3.8499321e+01      
2.0581509e+02 3.9829446e+01      
2.0706484e+02 4.1218802e+01      
1.9218976e+02 2.5949414e+01      
1.9108584e+02 2.0895102e+01      
1.8964257e+02 1.6077763e+01      
1.8643836e+02 1.3542237e+01      
1.8315250e+02 1.1467286e+01      
1.8050987e+02 9.1517117e+00      
1.7881699e+02 6.3266312e+00      
1.7814759e+02 3.1793592e+00      
1.7853324e+02 -3.7754134e-01      
1.7964670e+02 -2.8962861e+00      
1.8145977e+02 -4.3070042e+00      
1.8374822e+02 -4.0854954e+00      
1.8630564e+02 -1.8304279e+00      
1.8897726e+02 2.3573831e+00      
1.9219469e+02 5.7635231e+00      
1.9584058e+02 8.1583192e+00      
1.9962822e+02 9.7702737e+00      
2.0309448e+02 1.0912595e+01      
2.0521066e+02 1.2440678e+01      
2.0693738e+02 1.3571839e+01      
1.8970266e+02 -2.1632192e+00      
1.8763520e+02 -6.9209153e+00      
1.8536879e+02 -1.1484286e+01      
1.8264758e+02 -1.5045376e+01      
1.8007434e+02 -1.7753183e+01      
1.7807406e+02 -2.0538544e+01      
1.7686952e+02 -2.4126914e+01      
1.7641982e+02 -2.7446606e+01      
1.7673570e+02 -3.0638333e+01      
1.7772641e+02 -3.2932466e+01      
1.7931266e+02 -3.3950279e+01      
1.8140130e+02 -3.3327354e+01      
1.8386734e+02 -3.0640561e+01      
1.8658632e+02 -2.5990577e+01      
1.8962223e+02 -2.2157052e+01      
1.9286161e+02 -1.9353155e+01      
1.9610853e+02 -1.7328793e+01      
1.9907319e+02 -1.5812427e+01      
2.0145199e+02 -1.4527707e+01      
2.0348832e+02 -1.3647891e+01      
1.8412584e+02 -2.9852649e+01      
1.8134801e+02 -3.4685296e+01      
1.7850836e+02 -3.9603728e+01      
1.7575786e+02 -4.4007230e+01      
1.7356858e+02 -4.6559448e+01      
1.7199832e+02 -4.8934738e+01      
1.7111332e+02 -5.1599716e+01      
1.7090990e+02 -5.4409204e+01      
1.7128431e+02 -5.7556120e+01      
1.7224068e+02 -5.9643831e+01      
1.7368529e+02 -6.0638264e+01      
1.7564040e+02 -5.9996197e+01      
1.7807210e+02 -5.7295768e+01      
1.8089781e+02 -5.2617870e+01      
1.8384318e+02 -4.8710788e+01      
1.8681889e+02 -4.5783114e+01      
1.8972166e+02 -4.3602822e+01      
1.9241253e+02 -4.1983776e+01      
1.9480103e+02 -4.0813339e+01      
1.9693139e+02 -4.0101090e+01      
1.7566567e+02 -5.6584951e+01      
1.7229453e+02 -6.1750908e+01      
1.6889931e+02 -6.7250783e+01      
1.6598765e+02 -7.1546773e+01      
1.6380578e+02 -7.4367197e+01      
1.6252176e+02 -7.6055134e+01      
1.6190693e+02 -7.7833289e+01      
1.6209878e+02 -7.9507740e+01      
1.6282645e+02 -8.1238437e+01      
1.6391736e+02 -8.2746461e+01      
1.6523988e+02 -8.4038616e+01      
1.6707936e+02 -8.3626339e+01      
1.6940208e+02 -8.1389347e+01      
1.7226784e+02 -7.7154127e+01      
1.7512000e+02 -7.3531729e+01      
1.7789144e+02 -7.0750829e+01      
1.8055414e+02 -6.8636761e+01      
1.8304911e+02 -6.7074693e+01      
1.8533587e+02 -6.6001225e+01      
1.8742007e+02 -6.5405329e+01      
1.6461145e+02 -8.1627542e+01      
1.6071897e+02 -8.7108722e+01      
1.5700468e+02 -9.2301204e+01      
1.5385709e+02 -9.6477662e+01      
1.5152191e+02 -9.9417212e+01      
1.5006526e+02 -1.0135491e+02      
1.4945332e+02 -1.0275252e+02      
1.5027374e+02 -1.0305186e+02      
1.5146456e+02 -1.0355815e+02      
1.5287143e+02 -1.0411576e+02      
1.5446630e+02 -1.0441430e+02      
1.5628720e+02 -1.0397304e+02      
1.5830728e+02 -1.0271896e+02      
1.6102892e+02 -9.9385516e+01      
1.6369803e+02 -9.6369885e+01      
1.6625791e+02 -9.3944577e+01      
1.6870600e+02 -9.2044415e+01      
1.7101209e+02 -9.0628915e+01      
1.7315089e+02 -8.9675443e+01      
1.7511525e+02 -8.9181388e+01      
1.5134651e+02 -1.0421002e+02      
1.4747519e+02 -1.0895156e+02      
1.4340002e+02 -1.1407276e+02      
1.3994361e+02 -1.1822029e+02      
1.3740869e+02 -1.2114726e+02      
1.3581930e+02 -1.2302400e+02      
1.3485951e+02 -1.2462676e+02      
1.3586051e+02 -1.2453672e+02      
1.3747889e+02 -1.2424208e+02      
1.3926060e+02 -1.2397969e+02      
1.4110411e+02 -1.2358331e+02      
1.4302288e+02 -1.2282708e+02      
1.4508846e+02 -1.2148627e+02      
1.4740906e+02 -1.1935433e+02      
1.4978527e+02 -1.1711005e+02      
1.5210667e+02 -1.1513329e+02      
1.5433641e+02 -1.1351804e+02      
1.5644481e+02 -1.1229473e+02      
1.5840811e+02 -1.1147772e+02      
1.6021175e+02 -1.1107999e+02      
1.3597812e+02 -1.2433871e+02      
1.3230354e+02 -1.2830456e+02      
1.2847770e+02 -1.3256660e+02      
1.2468631e+02 -1.3669959e+02      
1.2192073e+02 -1.3957457e+02      
1.1948949e+02 -1.4214646e+02      
1.1849982e+02 -1.4359820e+02      
1.1915122e+02 -1.4376138e+02      
1.2122931e+02 -1.4287002e+02      
1.2340410e+02 -1.4200795e+02      
1.2543806e+02 -1.4118849e+02      
1.2739642e+02 -1.4022742e+02      
1.2938967e+02 -1.3896254e+02      
1.3146109e+02 -1.3738588e+02      
1.3356688e+02 -1.3570386e+02      
1.3564500e+02 -1.3413529e+02      
1.3765146e+02 -1.3280597e+02      
1.3955331e+02 -1.3178199e+02      
1.4132436e+02 -1.3110172e+02      
1.4294450e+02 -1.3079148e+02      
1.1863468e+02 -1.4199467e+02      
1.1522720e+02 -1.4527790e+02      
1.1175800e+02 -1.4875204e+02      
1.0827821e+02 -1.5220768e+02      
1.0486966e+02 -1.5543204e+02      
1.0259100e+02 -1.5774506e+02      
1.0158573e+02 -1.5908029e+02      
1.0188396e+02 -1.5943162e+02      
1.0339606e+02 -1.5889207e+02      
1.0582494e+02 -1.5770096e+02      
1.0786020e+02 -1.5671772e+02      
1.0971446e+02 -1.5573510e+02      
1.1154773e+02 -1.5461185e+02      
1.1340357e+02 -1.5334397e+02      
1.1527053e+02 -1.5202315e+02      
1.1711420e+02 -1.5077106e+02      
1.1889805e+02 -1.4968791e+02      
1.2058943e+02 -1.4884350e+02      
1.2216010e+02 -1.4828541e+02      
1.2358592e+02 -1.4804734e+02      
9.9509585e+01 -1.5705697e+02      
9.6394483e+01 -1.5975964e+02      
9.3305093e+01 -1.6257626e+02      
9.0317717e+01 -1.6535007e+02      
8.7626969e+01 -1.6786907e+02      
8.5700748e+01 -1.6978693e+02      
8.4724935e+01 -1.7098253e+02      
8.4718385e+01 -1.7145245e+02      
8.5599164e+01 -1.7126420e+02      
8.7102081e+01 -1.7060338e+02      
8.8711404e+01 -1.6980931e+02      
9.0305898e+01 -1.6894390e+02      
9.1912400e+01 -1.6798173e+02      
9.3540667e+01 -1.6693730e+02      
9.5177123e+01 -1.6586804e+02      
9.6794274e+01 -1.6485191e+02      
9.8359926e+01 -1.6396418e+02      
9.9842253e+01 -1.6326663e+02      
1.0121167e+02 -1.6280674e+02      
1.0244123e+02 -1.6262024e+02      
7.8841521e+01 -1.6938919e+02      
7.6017752e+01 -1.7159992e+02      
7.3282923e+01 -1.7387500e+02      
7.0738327e+01 -1.7607680e+02      
6.8546601e+01 -1.7803989e+02      
6.6910980e+01 -1.7959467e+02      
6.5964080e+01 -1.8063905e+02      
6.5732676e+01 -1.8115260e+02      
6.6146511e+01 -1.8118414e+02      
6.7034923e+01 -1.8084904e+02      
6.8182244e+01 -1.8028896e+02      
6.9454656e+01 -1.7958942e+02      
7.0799729e+01 -1.7878867e+02      
7.2190082e+01 -1.7792240e+02      
7.3599260e+01 -1.7703959e+02      
7.4997250e+01 -1.7619879e+02      
7.6351971e+01 -1.7545890e+02      
7.7631383e+01 -1.7487241e+02      
7.8804755e+01 -1.7448281e+02      
7.9843119e+01 -1.7432456e+02      
