2.8080646e+01 2.2095803e+02      
2.9092206e+01 2.1902336e+02      
3.0668377e+01 2.1734750e+02      
3.2780474e+01 2.1601701e+02      
3.5366925e+01 2.1512226e+02      
3.8268309e+01 2.1474811e+02      
4.1084500e+01 2.1493701e+02      
4.2884760e+01 2.1553254e+02      
4.1117521e+01 2.1544576e+02      
3.8480516e+01 2.1573149e+02      
3.5962866e+01 2.1652558e+02      
3.3740109e+01 2.1770838e+02      
3.1515696e+01 2.1904816e+02      
2.9708710e+01 2.2065157e+02      
2.8579295e+01 2.2254512e+02      
2.8206139e+01 2.2467617e+02      
2.8625061e+01 2.2698026e+02      
2.9845371e+01 2.2938788e+02      
3.1858535e+01 2.3182633e+02      
3.4644597e+01 2.3422133e+02      
5.7679099e+01 2.1080534e+02      
5.9084891e+01 2.0872980e+02      
6.1141562e+01 2.0688844e+02      
6.3872254e+01 2.0538980e+02      
6.7336228e+01 2.0436345e+02      
7.1479500e+01 2.0394978e+02      
7.5662916e+01 2.0421987e+02      
7.7103258e+01 2.0452508e+02      
7.5368450e+01 2.0465793e+02      
7.1207080e+01 2.0476675e+02      
6.7632792e+01 2.0551686e+02      
6.5083221e+01 2.0683031e+02      
6.1635617e+01 2.0785962e+02      
5.8906763e+01 2.0926883e+02      
5.7074277e+01 2.1102994e+02      
5.6139795e+01 2.1304878e+02      
5.6105615e+01 2.1524678e+02      
5.6951656e+01 2.1754529e+02      
5.8645551e+01 2.1986410e+02      
6.1149740e+01 2.2212242e+02      
8.5725338e+01 1.9718299e+02      
8.7497399e+01 1.9490925e+02      
8.9983848e+01 1.9282391e+02      
9.3229559e+01 1.9105150e+02      
9.7409056e+01 1.8975780e+02      
1.0273751e+02 1.8912031e+02      
1.0654414e+02 1.8891959e+02      
1.0754831e+02 1.8902561e+02      
1.0558982e+02 1.8933602e+02      
1.0142338e+02 1.8981820e+02      
9.6722782e+01 1.9057756e+02      
9.3772172e+01 1.9184114e+02      
8.9807935e+01 1.9289957e+02      
8.6303212e+01 1.9424236e+02      
8.3768142e+01 1.9592608e+02      
8.2284872e+01 1.9787794e+02      
8.1820365e+01 2.0001347e+02      
8.2312192e+01 2.0224678e+02      
8.3697829e+01 2.0449021e+02      
8.5920890e+01 2.0665598e+02      
1.1172769e+02 1.8035831e+02      
1.1381799e+02 1.7782731e+02      
1.1666082e+02 1.7540848e+02      
1.2025968e+02 1.7322984e+02      
1.2455507e+02 1.7146504e+02      
1.2910897e+02 1.7028646e+02      
1.3272392e+02 1.6973115e+02      
1.3318497e+02 1.6974263e+02      
1.3051352e+02 1.7024156e+02      
1.2570703e+02 1.7101243e+02      
1.2185554e+02 1.7196848e+02      
1.1912140e+02 1.7320838e+02      
1.1551763e+02 1.7445939e+02      
1.1129048e+02 1.7579548e+02      
1.0807839e+02 1.7746065e+02      
1.0611004e+02 1.7939866e+02      
1.0528992e+02 1.8152362e+02      
1.0548254e+02 1.8374414e+02      
1.0659373e+02 1.8596475e+02      
1.0855244e+02 1.8808962e+02      
1.3524096e+02 1.6066763e+02      
1.3758721e+02 1.5783131e+02      
1.4073232e+02 1.5499221e+02      
1.4467266e+02 1.5226334e+02      
1.4916590e+02 1.4985853e+02      
1.5334896e+02 1.4811598e+02      
1.5445590e+02 1.4750613e+02      
1.5399803e+02 1.4754138e+02      
1.5014897e+02 1.4834887e+02      
1.4612173e+02 1.4927389e+02      
1.4317186e+02 1.5027574e+02      
1.4016169e+02 1.5144196e+02      
1.3676572e+02 1.5274217e+02      
1.3303519e+02 1.5420995e+02      
1.2935567e+02 1.5592048e+02      
1.2712188e+02 1.5789861e+02      
1.2609404e+02 1.6007103e+02      
1.2607444e+02 1.6233963e+02      
1.2696249e+02 1.6459851e+02      
1.2868568e+02 1.6674163e+02      
1.5587757e+02 1.3850927e+02      
1.5837978e+02 1.3535294e+02      
1.6175836e+02 1.3203394e+02      
1.6611696e+02 1.2860778e+02      
1.7099722e+02 1.2540013e+02      
1.7383588e+02 1.2332307e+02      
1.7381522e+02 1.2258769e+02      
1.7088138e+02 1.2311951e+02      
1.6680514e+02 1.2410377e+02      
1.6284430e+02 1.2511416e+02      
1.5945661e+02 1.2609758e+02      
1.5626193e+02 1.2715794e+02      
1.5306064e+02 1.2838894e+02      
1.4988332e+02 1.2986600e+02      
1.4700448e+02 1.3163967e+02      
1.4497214e+02 1.3370828e+02      
1.4391259e+02 1.3599336e+02      
1.4377388e+02 1.3838110e+02      
1.4449470e+02 1.4074931e+02      
1.4601646e+02 1.4297760e+02      
1.7334650e+02 1.1432126e+02      
1.7581273e+02 1.1089712e+02      
1.7911502e+02 1.0717074e+02      
1.8373709e+02 1.0298972e+02      
1.8764589e+02 9.9345511e+01      
1.8951961e+02 9.6942977e+01      
1.8871148e+02 9.6097282e+01      
1.8532171e+02 9.6661219e+01      
1.8041789e+02 9.7994394e+01      
1.7623993e+02 9.9018150e+01      
1.7267496e+02 9.9859903e+01      
1.6948280e+02 1.0070023e+02      
1.6649814e+02 1.0175956e+02      
1.6373301e+02 1.0315936e+02      
1.6134290e+02 1.0496866e+02      
1.5955193e+02 1.0718657e+02      
1.5854010e+02 1.0966439e+02      
1.5834613e+02 1.1225698e+02      
1.5894637e+02 1.1481871e+02      
1.6029943e+02 1.1720763e+02      
1.8756721e+02 8.8531067e+01      
1.8974323e+02 8.4949249e+01      
1.9209530e+02 8.1167701e+01      
1.9523207e+02 7.7037621e+01      
1.9872308e+02 7.2759870e+01      
2.0011669e+02 6.9895574e+01      
1.9865394e+02 6.9012215e+01      
1.9461196e+02 6.9812456e+01      
1.9024878e+02 7.0752098e+01      
1.8626559e+02 7.1516619e+01      
1.8279823e+02 7.2074723e+01      
1.7980538e+02 7.2497669e+01      
1.7705415e+02 7.3277450e+01      
1.7458264e+02 7.4504544e+01      
1.7247204e+02 7.6283660e+01      
1.7080115e+02 7.8729047e+01      
1.6984140e+02 8.1485142e+01      
1.6962312e+02 8.4391880e+01      
1.7013585e+02 8.7250874e+01      
1.7134867e+02 8.9884822e+01      
1.9846473e+02 6.1563590e+01      
2.0019499e+02 5.7908932e+01      
2.0094273e+02 5.4319870e+01      
2.0261418e+02 5.0370672e+01      
2.0478381e+02 4.6231541e+01      
2.0620488e+02 4.2634460e+01      
2.0420477e+02 4.1769529e+01      
2.0053341e+02 4.2076523e+01      
1.9654982e+02 4.2629951e+01      
1.9283119e+02 4.3085587e+01      
1.8953804e+02 4.3351419e+01      
1.8670239e+02 4.3444474e+01      
1.8415099e+02 4.3909008e+01      
1.8191873e+02 4.4828739e+01      
1.8006464e+02 4.6341679e+01      
1.7861426e+02 4.8728385e+01      
1.7771919e+02 5.1856313e+01      
1.7748820e+02 5.5247828e+01      
1.7793821e+02 5.8537322e+01      
1.7903664e+02 6.1506728e+01      
2.0400714e+02 3.4232422e+01      
2.0525197e+02 3.0569472e+01      
2.0535860e+02 2.7069841e+01      
2.0621278e+02 2.3175110e+01      
2.0763971e+02 1.8987779e+01      
2.0893210e+02 1.5010529e+01      
2.0734755e+02 1.3334600e+01      
2.0334469e+02 1.3608042e+01      
1.9943856e+02 1.3955448e+01      
1.9591544e+02 1.4160389e+01      
1.9279219e+02 1.4212246e+01      
1.9008330e+02 1.4102270e+01      
1.8769576e+02 1.4262961e+01      
1.8566920e+02 1.4716850e+01      
1.8407873e+02 1.5618565e+01      
1.8296607e+02 1.7444117e+01      
1.8209652e+02 2.1226195e+01      
1.8186630e+02 2.5349607e+01      
1.8228223e+02 2.9232913e+01      
1.8329412e+02 3.2619613e+01      
2.0432545e+02 7.2189441e+00      
2.0509678e+02 3.5935940e+00      
2.0547378e+02 -1.2435794e-01      
2.0603017e+02 -4.1043405e+00      
2.0695623e+02 -8.4179207e+00      
2.0790189e+02 -1.2771921e+01      
2.0638480e+02 -1.4928797e+01      
2.0252802e+02 -1.4889090e+01      
1.9881247e+02 -1.4810147e+01      
1.9550739e+02 -1.4849406e+01      
1.9256818e+02 -1.4924357e+01      
1.8998529e+02 -1.5017368e+01      
1.8773988e+02 -1.5102906e+01      
1.8586649e+02 -1.5225632e+01      
1.8446553e+02 -1.5126803e+01      
1.8347505e+02 -1.3288493e+01      
1.8287582e+02 -9.6299262e+00      
1.8272107e+02 -4.6323754e+00      
1.8315462e+02 -1.6924493e-02      
1.8411279e+02 3.8219630e+00      
2.0148030e+02 -1.9680122e+01      
2.0180256e+02 -2.3244761e+01      
2.0200825e+02 -2.7007369e+01      
2.0222887e+02 -3.0999152e+01      
2.0258517e+02 -3.5284527e+01      
2.0290907e+02 -3.9718724e+01      
2.0134426e+02 -4.2265414e+01      
1.9796507e+02 -4.2819647e+01      
1.9466050e+02 -4.3254202e+01      
1.9165157e+02 -4.3602675e+01      
1.8894034e+02 -4.3785551e+01      
1.8653924e+02 -4.3845957e+01      
1.8444423e+02 -4.3995023e+01      
1.8264860e+02 -4.4574368e+01      
1.8126608e+02 -4.4221862e+01      
1.8037294e+02 -4.2270515e+01      
1.7999247e+02 -3.8626178e+01      
1.8009427e+02 -3.3694035e+01      
1.8061936e+02 -2.8395246e+01      
1.8154937e+02 -2.4252199e+01      
1.9556864e+02 -4.6052784e+01      
1.9547766e+02 -4.9532298e+01      
1.9532254e+02 -5.3234325e+01      
1.9510091e+02 -5.7132809e+01      
1.9477712e+02 -6.1167858e+01      
1.9408998e+02 -6.5039537e+01      
1.9246207e+02 -6.8025134e+01      
1.8993437e+02 -6.9925454e+01      
1.8715435e+02 -7.1139258e+01      
1.8447204e+02 -7.1848609e+01      
1.8201588e+02 -7.2098158e+01      
1.7983914e+02 -7.1961452e+01      
1.7794892e+02 -7.1625171e+01      
1.7631935e+02 -7.1296763e+01      
1.7493047e+02 -7.0845158e+01      
1.7409727e+02 -6.8792356e+01      
1.7390594e+02 -6.4958347e+01      
1.7423565e+02 -5.9792807e+01      
1.7482687e+02 -5.5026476e+01      
1.7572167e+02 -5.1052807e+01      
1.8659545e+02 -7.1443303e+01      
1.8613967e+02 -7.4818374e+01      
1.8561359e+02 -7.8420895e+01      
1.8496944e+02 -8.2205845e+01      
1.8412651e+02 -8.6093506e+01      
1.8293052e+02 -8.9925003e+01      
1.8122405e+02 -9.3499309e+01      
1.7903447e+02 -9.6514091e+01      
1.7657118e+02 -9.8387682e+01      
1.7414274e+02 -9.9424838e+01      
1.7193085e+02 -9.9678760e+01      
1.7000766e+02 -9.9159906e+01      
1.6838041e+02 -9.8026527e+01      
1.6701793e+02 -9.6537656e+01      
1.6589294e+02 -9.4856878e+01      
1.6507846e+02 -9.2671493e+01      
1.6508059e+02 -8.8538989e+01      
1.6539430e+02 -8.4081652e+01      
1.6595956e+02 -7.9901026e+01      
1.6679129e+02 -7.6251278e+01      
1.7469695e+02 -9.5440427e+01      
1.7393374e+02 -9.8695611e+01      
1.7308605e+02 -1.0218213e+02      
1.7210082e+02 -1.0586372e+02      
1.7091034e+02 -1.0970084e+02      
1.6943542e+02 -1.1367004e+02      
1.6763339e+02 -1.1787561e+02      
1.6554768e+02 -1.2239309e+02      
1.6312765e+02 -1.2474600e+02      
1.6083147e+02 -1.2623584e+02      
1.5883190e+02 -1.2648414e+02      
1.5718949e+02 -1.2542537e+02      
1.5588698e+02 -1.2323581e+02      
1.5486030e+02 -1.2032899e+02      
1.5405369e+02 -1.1739107e+02      
1.5353852e+02 -1.1428929e+02      
1.5345804e+02 -1.1058455e+02      
1.5370057e+02 -1.0668655e+02      
1.5420219e+02 -1.0296237e+02      
1.5495064e+02 -9.9615938e+01      
1.6007591e+02 -1.1766499e+02      
1.5906465e+02 -1.2078331e+02      
1.5795959e+02 -1.2413421e+02      
1.5671573e+02 -1.2769528e+02      
1.5528308e+02 -1.3145846e+02      
1.5361304e+02 -1.3545381e+02      
1.5167419e+02 -1.3978820e+02      
1.4944834e+02 -1.4452695e+02      
1.4698318e+02 -1.4925913e+02      
1.4472606e+02 -1.5169958e+02      
1.4291311e+02 -1.5194600e+02      
1.4159924e+02 -1.5018505e+02      
1.4070483e+02 -1.4669039e+02      
1.4006307e+02 -1.4201030e+02      
1.3952959e+02 -1.3813406e+02      
1.3919498e+02 -1.3457216e+02      
1.3912775e+02 -1.3098919e+02      
1.3932547e+02 -1.2741456e+02      
1.3976352e+02 -1.2400603e+02      
1.4042422e+02 -1.2090608e+02      
1.4297958e+02 -1.3777177e+02      
1.4177634e+02 -1.4073242e+02      
1.4047598e+02 -1.4391827e+02      
1.3904387e+02 -1.4731423e+02      
1.3744327e+02 -1.5092219e+02      
1.3563807e+02 -1.5477584e+02      
1.3359414e+02 -1.5896077e+02      
1.3126558e+02 -1.6367652e+02      
1.2864664e+02 -1.6897965e+02      
1.2634255e+02 -1.7201367e+02      
1.2472677e+02 -1.7214311e+02      
1.2382173e+02 -1.6955661e+02      
1.2339468e+02 -1.6488230e+02      
1.2296742e+02 -1.6042552e+02      
1.2259723e+02 -1.5646373e+02      
1.2236900e+02 -1.5282320e+02      
1.2233509e+02 -1.4933022e+02      
1.2251222e+02 -1.4595963e+02      
1.2289577e+02 -1.4277652e+02      
1.2347317e+02 -1.3987017e+02      
1.2369034e+02 -1.5545541e+02      
1.2234535e+02 -1.5823569e+02      
1.2090488e+02 -1.6122257e+02      
1.1934432e+02 -1.6440042e+02      
1.1763764e+02 -1.6776604e+02      
1.1575835e+02 -1.7133564e+02      
1.1367900e+02 -1.7515156e+02      
1.1137070e+02 -1.7927420e+02      
1.0884089e+02 -1.8357333e+02      
1.0635398e+02 -1.8709621e+02      
1.0500499e+02 -1.8687060e+02      
1.0458423e+02 -1.8348110e+02      
1.0422493e+02 -1.7955570e+02      
1.0387203e+02 -1.7568836e+02      
1.0358114e+02 -1.7202328e+02      
1.0341012e+02 -1.6854181e+02      
1.0339659e+02 -1.6520556e+02      
1.0355736e+02 -1.6201549e+02      
1.0389325e+02 -1.5901430e+02      
1.0439482e+02 -1.5626504e+02      
1.0252028e+02 -1.7045597e+02      
1.0107703e+02 -1.7303510e+02      
9.9543953e+01 -1.7579230e+02      
9.7905719e+01 -1.7870629e+02      
9.6146299e+01 -1.8176148e+02      
9.4249454e+01 -1.8494897e+02      
9.2198155e+01 -1.8826323e+02      
8.9972128e+01 -1.9168664e+02      
8.7537240e+01 -1.9517312e+02      
8.5118712e+01 -1.9809146e+02      
8.4283596e+01 -1.9695889e+02      
8.3822794e+01 -1.9433751e+02      
8.3421919e+01 -1.9122478e+02      
8.3071838e+01 -1.8795696e+02      
8.2806197e+01 -1.8468086e+02      
8.2657443e+01 -1.8146237e+02      
8.2648657e+01 -1.7833360e+02      
8.2790819e+01 -1.7532752e+02      
8.3083667e+01 -1.7248964e+02      
8.3517918e+01 -1.6987461e+02      
7.9806633e+01 -1.8256244e+02      
7.8301790e+01 -1.8492488e+02      
7.6715759e+01 -1.8743043e+02      
7.5041815e+01 -1.9005033e+02      
7.3273559e+01 -1.9275539e+02      
7.1405724e+01 -1.9551376e+02      
6.9434207e+01 -1.9828526e+02      
6.7352629e+01 -2.0101462e+02      
6.5128012e+01 -2.0365237e+02      
6.2910946e+01 -2.0575742e+02      
6.2238609e+01 -2.0454849e+02      
6.1720361e+01 -2.0249298e+02      
6.1252557e+01 -2.0000981e+02      
6.0875178e+01 -1.9725152e+02      
6.0605246e+01 -1.9435929e+02      
6.0457688e+01 -1.9142860e+02      
6.0443049e+01 -1.8852548e+02      
6.0565039e+01 -1.8570453e+02      
6.0819808e+01 -1.8301890e+02      
6.1196403e+01 -1.8052235e+02      
