2.6553042e+01 2.2562849e+02      
2.6848639e+01 2.2378666e+02      
2.7660463e+01 2.2201839e+02      
2.8987939e+01 2.2034941e+02      
3.0832277e+01 2.1879912e+02      
3.3203760e+01 2.1737921e+02      
3.6151649e+01 2.1609696e+02      
3.9864929e+01 2.1497302e+02      
4.4400319e+01 2.1404706e+02      
4.7244835e+01 2.1312311e+02      
4.8267961e+01 2.1227897e+02      
4.7564021e+01 2.1153317e+02      
4.7552095e+01 2.1105234e+02      
4.8044674e+01 2.1081147e+02      
4.8697481e+01 2.1084671e+02      
4.9284444e+01 2.1122155e+02      
4.9738919e+01 2.1194781e+02      
5.0194478e+01 2.1296257e+02      
5.0896665e+01 2.1415827e+02      
5.2024687e+01 2.1544190e+02      
5.6236976e+01 2.1642542e+02      
5.6733003e+01 2.1466033e+02      
5.7754138e+01 2.1295083e+02      
5.9306471e+01 2.1132522e+02      
6.1396568e+01 2.0980377e+02      
6.4028917e+01 2.0839223e+02      
6.7225433e+01 2.0707806e+02      
7.1138105e+01 2.0584022e+02      
7.5813041e+01 2.0465184e+02      
7.8759212e+01 2.0351247e+02      
7.9897017e+01 2.0248612e+02      
7.9345419e+01 2.0164373e+02      
7.9491058e+01 2.0094134e+02      
8.0064914e+01 2.0034331e+02      
8.0796383e+01 1.9997464e+02      
8.1153215e+01 2.0004263e+02      
8.0993212e+01 2.0058965e+02      
8.0562755e+01 2.0150975e+02      
8.0491769e+01 2.0256828e+02      
8.1008321e+01 2.0364981e+02      
8.4512824e+01 2.0378107e+02      
8.5198228e+01 2.0208791e+02      
8.6406107e+01 2.0043534e+02      
8.8151354e+01 1.9885741e+02      
9.0451130e+01 1.9738195e+02      
9.3295681e+01 1.9601546e+02      
9.6590719e+01 1.9471416e+02      
1.0015501e+02 1.9339544e+02      
1.0361557e+02 1.9202411e+02      
1.0620239e+02 1.9066179e+02      
1.0780455e+02 1.8942855e+02      
1.0875300e+02 1.8839934e+02      
1.0973426e+02 1.8752612e+02      
1.1050108e+02 1.8650703e+02      
1.1171140e+02 1.8558524e+02      
1.1185701e+02 1.8533842e+02      
1.1095283e+02 1.8577094e+02      
1.0915221e+02 1.8678111e+02      
1.0821204e+02 1.8776227e+02      
1.0811072e+02 1.8866723e+02      
1.1094041e+02 1.8791367e+02      
1.1179846e+02 1.8628334e+02      
1.1315854e+02 1.8467927e+02      
1.1504777e+02 1.8314402e+02      
1.1751920e+02 1.8172555e+02      
1.2061887e+02 1.8046666e+02      
1.2416578e+02 1.7930472e+02      
1.2751128e+02 1.7796719e+02      
1.3025970e+02 1.7638685e+02      
1.3233495e+02 1.7468770e+02      
1.3419720e+02 1.7318138e+02      
1.3600672e+02 1.7195838e+02      
1.3733254e+02 1.7082434e+02      
1.3830073e+02 1.6965942e+02      
1.3909325e+02 1.6845344e+02      
1.3871679e+02 1.6801416e+02      
1.3724734e+02 1.6830193e+02      
1.3489895e+02 1.6922645e+02      
1.3342331e+02 1.7005596e+02      
1.3281756e+02 1.7077545e+02      
1.3512199e+02 1.6909127e+02      
1.3613622e+02 1.6751131e+02      
1.3760132e+02 1.6593919e+02      
1.3954821e+02 1.6442215e+02      
1.4208566e+02 1.6303233e+02      
1.4543242e+02 1.6189275e+02      
1.4966904e+02 1.6108265e+02      
1.5301514e+02 1.5975567e+02      
1.5526855e+02 1.5793130e+02      
1.5644392e+02 1.5568542e+02      
1.5834471e+02 1.5387384e+02      
1.6026000e+02 1.5237578e+02      
1.6170262e+02 1.5108108e+02      
1.6250746e+02 1.4995424e+02      
1.6254148e+02 1.4906397e+02      
1.6145459e+02 1.4863545e+02      
1.5954905e+02 1.4871732e+02      
1.5737856e+02 1.4918936e+02      
1.5569241e+02 1.4975611e+02      
1.5470942e+02 1.5028039e+02      
1.5670962e+02 1.4762779e+02      
1.5788105e+02 1.4608746e+02      
1.5940467e+02 1.4452789e+02      
1.6127096e+02 1.4298321e+02      
1.6363630e+02 1.4153583e+02      
1.6677931e+02 1.4030738e+02      
1.7082120e+02 1.3933923e+02      
1.7394770e+02 1.3789880e+02      
1.7601153e+02 1.3597666e+02      
1.7703342e+02 1.3366565e+02      
1.7878963e+02 1.3168546e+02      
1.8098596e+02 1.3001477e+02      
1.8260326e+02 1.2862160e+02      
1.8328756e+02 1.2755069e+02      
1.8296464e+02 1.2684670e+02      
1.8190774e+02 1.2655224e+02      
1.7923491e+02 1.2651101e+02      
1.7673366e+02 1.2676376e+02      
1.7478151e+02 1.2714022e+02      
1.7346731e+02 1.2750595e+02      
1.7540081e+02 1.2387425e+02      
1.7678452e+02 1.2237494e+02      
1.7839064e+02 1.2083216e+02      
1.7995962e+02 1.1919227e+02      
1.8185941e+02 1.1759746e+02      
1.8431364e+02 1.1612068e+02      
1.8716672e+02 1.1468839e+02      
1.8979405e+02 1.1305484e+02      
1.9195004e+02 1.1115000e+02      
1.9377651e+02 1.0908019e+02      
1.9580537e+02 1.0710797e+02      
1.9805555e+02 1.0534306e+02      
2.0006117e+02 1.0384485e+02      
2.0071938e+02 1.0280527e+02      
2.0068830e+02 1.0216873e+02      
1.9899092e+02 1.0192676e+02      
1.9568389e+02 1.0198451e+02      
1.9274122e+02 1.0222806e+02      
1.9045962e+02 1.0253617e+02      
1.8882925e+02 1.0281104e+02      
1.9091277e+02 9.8202828e+01      
1.9258867e+02 9.6738268e+01      
1.9450682e+02 9.5283739e+01      
1.9538050e+02 9.3437160e+01      
1.9662462e+02 9.1671358e+01      
1.9837605e+02 8.9993340e+01      
2.0046784e+02 8.8318384e+01      
2.0267323e+02 8.6545356e+01      
2.0486866e+02 8.4627834e+01      
2.0708777e+02 8.2616888e+01      
2.0944564e+02 8.0628041e+01      
2.1195032e+02 7.8769752e+01      
2.1424084e+02 7.7184916e+01      
2.1499871e+02 7.6094492e+01      
2.1437966e+02 7.5497834e+01      
2.1212082e+02 7.5380423e+01      
2.0835137e+02 7.5660917e+01      
2.0505264e+02 7.6018559e+01      
2.0247815e+02 7.6350549e+01      
2.0057142e+02 7.6599827e+01      
2.0299131e+02 7.1007993e+01      
2.0491285e+02 6.9495732e+01      
2.0673081e+02 6.7939432e+01      
2.0710583e+02 6.6051183e+01      
2.0777110e+02 6.4208878e+01      
2.0894445e+02 6.2434077e+01      
2.1051722e+02 6.0664018e+01      
2.1239070e+02 5.8830614e+01      
2.1454637e+02 5.6878484e+01      
2.1697926e+02 5.4816213e+01      
2.1954723e+02 5.2759206e+01      
2.2231887e+02 5.0761589e+01      
2.2411253e+02 4.9163584e+01      
2.2456713e+02 4.8065871e+01      
2.2356030e+02 4.7519835e+01      
2.2095323e+02 4.7558619e+01      
2.1692583e+02 4.8108148e+01      
2.1341023e+02 4.8634427e+01      
2.1063494e+02 4.9042798e+01      
2.0852199e+02 4.9313486e+01      
2.1141252e+02 4.2723725e+01      
2.1365055e+02 4.1114302e+01      
2.1493621e+02 3.9376395e+01      
2.1495004e+02 3.7498684e+01      
2.1512800e+02 3.5664083e+01      
2.1581379e+02 3.3882426e+01      
2.1695795e+02 3.2116884e+01      
2.1849030e+02 3.0311526e+01      
2.2047962e+02 2.8379561e+01      
2.2310432e+02 2.6226176e+01      
2.2551953e+02 2.4155693e+01      
2.2771950e+02 2.2188717e+01      
2.2906890e+02 2.0577958e+01      
2.2923541e+02 1.9460894e+01      
2.2803568e+02 1.8939643e+01      
2.2530857e+02 1.9106644e+01      
2.2123553e+02 1.9904082e+01      
2.1766538e+02 2.0597224e+01      
2.1480777e+02 2.1096445e+01      
2.1257827e+02 2.1413690e+01      
2.1576305e+02 1.3814782e+01      
2.1750895e+02 1.2022781e+01      
2.1854297e+02 1.0161665e+01      
2.1878037e+02 8.2901219e+00      
2.1850052e+02 6.5041087e+00      
2.1882596e+02 4.7756902e+00      
2.1960591e+02 3.0984137e+00      
2.2073178e+02 1.4282679e+00      
2.2220893e+02 -3.0954681e-01      
2.2400190e+02 -2.1582475e+00      
2.2588632e+02 -4.0795435e+00      
2.2785401e+02 -6.1097572e+00      
2.2890602e+02 -7.7501767e+00      
2.2897596e+02 -8.9692079e+00      
2.2777496e+02 -9.5485902e+00      
2.2513939e+02 -9.3440908e+00      
2.2123420e+02 -8.3854425e+00      
2.1777836e+02 -7.5773247e+00      
2.1496511e+02 -7.0051599e+00      
2.1271607e+02 -6.6348895e+00      
2.1498227e+02 -1.5157252e+01      
2.1626986e+02 -1.7116006e+01      
2.1714932e+02 -1.9102577e+01      
2.1756823e+02 -2.1025032e+01      
2.1770234e+02 -2.2815931e+01      
2.1796828e+02 -2.4465564e+01      
2.1845796e+02 -2.5982111e+01      
2.1914330e+02 -2.7409007e+01      
2.2002455e+02 -2.8847226e+01      
2.2106386e+02 -3.0363442e+01      
2.2216570e+02 -3.1962664e+01      
2.2316784e+02 -3.3592713e+01      
2.2376087e+02 -3.5117281e+01      
2.2392700e+02 -3.6546327e+01      
2.2283854e+02 -3.7256909e+01      
2.2051695e+02 -3.7191772e+01      
2.1699721e+02 -3.6233840e+01      
2.1381728e+02 -3.5405992e+01      
2.1116785e+02 -3.4800253e+01      
2.0899208e+02 -3.4380260e+01      
2.1070571e+02 -4.3758281e+01      
2.1170816e+02 -4.5939953e+01      
2.1247678e+02 -4.8112644e+01      
2.1295383e+02 -5.0132321e+01      
2.1322135e+02 -5.1916008e+01      
2.1343803e+02 -5.3456136e+01      
2.1367766e+02 -5.4760875e+01      
2.1388934e+02 -5.5790957e+01      
2.1419246e+02 -5.6838644e+01      
2.1458052e+02 -5.8006431e+01      
2.1495572e+02 -5.9266048e+01      
2.1518302e+02 -6.0553943e+01      
2.1512121e+02 -6.1793043e+01      
2.1462621e+02 -6.2876216e+01      
2.1346587e+02 -6.3603394e+01      
2.1167730e+02 -6.3930976e+01      
2.0872748e+02 -6.3193685e+01      
2.0595594e+02 -6.2467669e+01      
2.0356484e+02 -6.1866803e+01      
2.0154037e+02 -6.1394845e+01      
2.0316397e+02 -7.1501499e+01      
2.0406024e+02 -7.4054557e+01      
2.0476498e+02 -7.6526326e+01      
2.0520479e+02 -7.8697085e+01      
2.0540861e+02 -8.0452550e+01      
2.0546406e+02 -8.1783543e+01      
2.0547840e+02 -8.2834855e+01      
2.0511324e+02 -8.3189360e+01      
2.0488409e+02 -8.3801268e+01      
2.0471597e+02 -8.4637073e+01      
2.0449262e+02 -8.5600607e+01      
2.0410609e+02 -8.6614563e+01      
2.0345192e+02 -8.7596042e+01      
2.0243347e+02 -8.8444973e+01      
2.0098902e+02 -8.9051980e+01      
1.9910006e+02 -8.9282904e+01      
1.9677816e+02 -8.8981711e+01      
1.9446237e+02 -8.8432149e+01      
1.9237909e+02 -8.7831202e+01      
1.9056358e+02 -8.7279833e+01      
1.9236528e+02 -9.7761663e+01      
1.9329907e+02 -1.0088293e+02      
1.9397571e+02 -1.0378280e+02      
1.9433818e+02 -1.0618461e+02      
1.9439315e+02 -1.0791791e+02      
1.9413861e+02 -1.0882859e+02      
1.9353129e+02 -1.0883612e+02      
1.9289249e+02 -1.0890065e+02      
1.9228812e+02 -1.0923317e+02      
1.9167337e+02 -1.0980478e+02      
1.9096322e+02 -1.1053200e+02      
1.9007460e+02 -1.1133709e+02      
1.8893437e+02 -1.1214315e+02      
1.8749135e+02 -1.1286713e+02      
1.8573624e+02 -1.1341569e+02      
1.8372474e+02 -1.1367691e+02      
1.8161888e+02 -1.1354541e+02      
1.7964291e+02 -1.1304401e+02      
1.7788230e+02 -1.1235518e+02      
1.7632125e+02 -1.1165896e+02      
1.7833602e+02 -1.2179066e+02      
1.7899255e+02 -1.2474816e+02      
1.7960939e+02 -1.2806052e+02      
1.7987775e+02 -1.3077138e+02      
1.7978054e+02 -1.3258200e+02      
1.7929987e+02 -1.3325665e+02      
1.7843153e+02 -1.3278409e+02      
1.7755485e+02 -1.3256753e+02      
1.7666407e+02 -1.3270084e+02      
1.7569942e+02 -1.3308471e+02      
1.7459759e+02 -1.3364026e+02      
1.7329570e+02 -1.3429923e+02      
1.7174189e+02 -1.3499947e+02      
1.6991042e+02 -1.3567893e+02      
1.6782169e+02 -1.3627042e+02      
1.6556869e+02 -1.3669138e+02      
1.6341907e+02 -1.3672447e+02      
1.6175873e+02 -1.3604853e+02      
1.6037728e+02 -1.3509936e+02      
1.5912317e+02 -1.3416402e+02      
1.6140163e+02 -1.4336893e+02      
1.6178643e+02 -1.4601777e+02      
1.6209987e+02 -1.4895611e+02      
1.6223718e+02 -1.5196650e+02      
1.6200507e+02 -1.5400276e+02      
1.6140071e+02 -1.5471845e+02      
1.6045667e+02 -1.5413915e+02      
1.5943000e+02 -1.5380306e+02      
1.5832232e+02 -1.5382494e+02      
1.5708758e+02 -1.5409361e+02      
1.5567589e+02 -1.5453589e+02      
1.5403548e+02 -1.5509931e+02      
1.5212175e+02 -1.5574368e+02      
1.4991414e+02 -1.5643414e+02      
1.4744039e+02 -1.5713477e+02      
1.4478315e+02 -1.5782825e+02      
1.4222809e+02 -1.5833228e+02      
1.4111816e+02 -1.5706191e+02      
1.4022045e+02 -1.5568001e+02      
1.3933300e+02 -1.5442363e+02      
1.4192406e+02 -1.6233068e+02      
1.4208159e+02 -1.6465218e+02      
1.4213242e+02 -1.6714476e+02      
1.4201030e+02 -1.6968711e+02      
1.4163258e+02 -1.7199975e+02      
1.4093861e+02 -1.7297520e+02      
1.3998263e+02 -1.7254349e+02      
1.3886855e+02 -1.7226437e+02      
1.3760604e+02 -1.7227936e+02      
1.3617099e+02 -1.7249909e+02      
1.3452480e+02 -1.7287223e+02      
1.3261895e+02 -1.7337019e+02      
1.3040049e+02 -1.7398195e+02      
1.2782773e+02 -1.7470853e+02      
1.2491154e+02 -1.7554552e+02      
1.2180704e+02 -1.7642102e+02      
1.1907406e+02 -1.7690056e+02      
1.1823026e+02 -1.7546084e+02      
1.1783013e+02 -1.7369308e+02      
1.1737470e+02 -1.7207057e+02      
1.2026190e+02 -1.7849170e+02      
1.2023679e+02 -1.8051010e+02      
1.2008455e+02 -1.8260303e+02      
1.1976010e+02 -1.8466581e+02      
1.1921396e+02 -1.8653113e+02      
1.1841229e+02 -1.8786438e+02      
1.1743865e+02 -1.8779232e+02      
1.1625853e+02 -1.8772338e+02      
1.1488639e+02 -1.8781461e+02      
1.1331287e+02 -1.8803089e+02      
1.1150725e+02 -1.8835692e+02      
1.0942087e+02 -1.8879203e+02      
1.0698139e+02 -1.8935755e+02      
1.0408300e+02 -1.9010860e+02      
1.0067596e+02 -1.9108943e+02      
9.7029853e+01 -1.9215673e+02      
9.4554596e+01 -1.9218814e+02      
9.3522970e+01 -1.9095103e+02      
9.3708268e+01 -1.8876077e+02      
9.3747389e+01 -1.8675309e+02      
9.6789405e+01 -1.9168433e+02      
9.6618375e+01 -1.9343725e+02      
9.6311314e+01 -1.9520185e+02      
9.5838607e+01 -1.9688212e+02      
9.5172671e+01 -1.9834951e+02      
9.4303519e+01 -1.9940267e+02      
9.3247961e+01 -1.9985128e+02      
9.1998107e+01 -2.0006691e+02      
9.0550108e+01 -2.0026134e+02      
8.8893964e+01 -2.0048600e+02      
8.7005099e+01 -2.0076165e+02      
8.4840770e+01 -2.0110823e+02      
8.2325868e+01 -2.0156407e+02      
7.9290030e+01 -2.0223043e+02      
7.5523709e+01 -2.0323628e+02      
7.2360903e+01 -2.0371740e+02      
7.0127780e+01 -2.0341129e+02      
6.8924197e+01 -2.0225762e+02      
6.8682455e+01 -2.0038380e+02      
6.9105426e+01 -1.9810379e+02      
