1.9687944e+01 2.4894369e+02      
1.7355177e+01 2.4712154e+02      
1.5507066e+01 2.4519556e+02      
1.4151732e+01 2.4321632e+02      
1.3285615e+01 2.4123428e+02      
1.2853869e+01 2.3927433e+02      
1.2716462e+01 2.3731089e+02      
1.2812429e+01 2.3537371e+02      
1.3159922e+01 2.3354760e+02      
1.3844784e+01 2.3197419e+02      
1.4853115e+01 2.3075298e+02      
1.6104984e+01 2.2996216e+02      
1.7512680e+01 2.2966471e+02      
1.9035880e+01 2.2987616e+02      
2.0716446e+01 2.3054313e+02      
2.2644130e+01 2.3156595e+02      
2.4906916e+01 2.3283490e+02      
2.7571035e+01 2.3424972e+02      
3.0680106e+01 2.3572458e+02      
3.4259882e+01 2.3718609e+02      
4.7727938e+01 2.3921321e+02      
4.5515223e+01 2.3726212e+02      
4.3805864e+01 2.3517256e+02      
4.2619961e+01 2.3300382e+02      
4.1986378e+01 2.3082874e+02      
4.1892993e+01 2.2870699e+02      
4.1958190e+01 2.2646577e+02      
4.2139181e+01 2.2415209e+02      
4.2446568e+01 2.2183995e+02      
4.3203867e+01 2.1982040e+02      
4.4340287e+01 2.1818034e+02      
4.5697038e+01 2.1702230e+02      
4.7077947e+01 2.1647344e+02      
4.8365850e+01 2.1659220e+02      
4.9672627e+01 2.1727502e+02      
5.1184173e+01 2.1834748e+02      
5.3035190e+01 2.1965243e+02      
5.5306774e+01 2.2106772e+02      
5.8043099e+01 2.2250140e+02      
6.1265836e+01 2.2388129e+02      
7.4531036e+01 2.2589552e+02      
7.2454481e+01 2.2379508e+02      
7.0891820e+01 2.2151645e+02      
6.9868884e+01 2.1912289e+02      
6.9427452e+01 2.1669192e+02      
6.9555744e+01 2.1427747e+02      
6.9803361e+01 2.1171180e+02      
7.0123622e+01 2.0903022e+02      
7.0552386e+01 2.0630941e+02      
7.1498965e+01 2.0382662e+02      
7.2898277e+01 2.0168668e+02      
7.4547735e+01 2.0004026e+02      
7.6053561e+01 1.9915786e+02      
7.6916811e+01 1.9931750e+02      
7.7629046e+01 2.0019153e+02      
7.8568227e+01 2.0145518e+02      
7.9900409e+01 2.0289622e+02      
8.1701994e+01 2.0437938e+02      
8.4002210e+01 2.0581973e+02      
8.6809530e+01 2.0715653e+02      
9.9666576e+01 2.0924302e+02      
9.7737354e+01 2.0697299e+02      
9.6322145e+01 2.0447890e+02      
9.5441061e+01 2.0182271e+02      
9.5122488e+01 1.9907547e+02      
9.5354881e+01 1.9628914e+02      
9.5740701e+01 1.9336489e+02      
9.6253570e+01 1.9033468e+02      
9.6941105e+01 1.8725081e+02      
9.8206062e+01 1.8428771e+02      
1.0003535e+02 1.8153095e+02      
1.0224523e+02 1.7919012e+02      
1.0429047e+02 1.7774012e+02      
1.0428313e+02 1.7823464e+02      
1.0410999e+02 1.7957222e+02      
1.0430494e+02 1.8121796e+02      
1.0502827e+02 1.8290206e+02      
1.0630661e+02 1.8450977e+02      
1.0812770e+02 1.8599216e+02      
1.1047611e+02 1.8731566e+02      
1.2273581e+02 1.8956409e+02      
1.2096378e+02 1.8710718e+02      
1.1969943e+02 1.8437533e+02      
1.1895026e+02 1.8142766e+02      
1.1870681e+02 1.7832802e+02      
1.1890252e+02 1.7512576e+02      
1.1938454e+02 1.7183580e+02      
1.2010673e+02 1.6848701e+02      
1.2116000e+02 1.6509799e+02      
1.2278935e+02 1.6165411e+02      
1.2513457e+02 1.5816150e+02      
1.2796808e+02 1.5496746e+02      
1.2959285e+02 1.5344647e+02      
1.2964430e+02 1.5384332e+02      
1.2850020e+02 1.5587833e+02      
1.2785184e+02 1.5810275e+02      
1.2793826e+02 1.6010589e+02      
1.2869146e+02 1.6185275e+02      
1.3002054e+02 1.6338501e+02      
1.3188351e+02 1.6471022e+02      
1.4337649e+02 1.6721800e+02      
1.4177201e+02 1.6456212e+02      
1.4067016e+02 1.6157634e+02      
1.4007058e+02 1.5831797e+02      
1.3994628e+02 1.5485488e+02      
1.4023019e+02 1.5126221e+02      
1.4082861e+02 1.4761777e+02      
1.4168684e+02 1.4398833e+02      
1.4286921e+02 1.4037515e+02      
1.4463703e+02 1.3661086e+02      
1.4732486e+02 1.3242217e+02      
1.4965044e+02 1.2914975e+02      
1.5092845e+02 1.2757377e+02      
1.5094614e+02 1.2794036e+02      
1.4992817e+02 1.2996604e+02      
1.4857211e+02 1.3281154e+02      
1.4817186e+02 1.3503451e+02      
1.4847850e+02 1.3684699e+02      
1.4933130e+02 1.3839985e+02      
1.5069359e+02 1.3972645e+02      
1.6126560e+02 1.4260866e+02      
1.5983748e+02 1.3974894e+02      
1.5891417e+02 1.3649944e+02      
1.5849774e+02 1.3291354e+02      
1.5856146e+02 1.2906568e+02      
1.5903688e+02 1.2506140e+02      
1.5980921e+02 1.2104362e+02      
1.6073921e+02 1.1717441e+02      
1.6178718e+02 1.1352775e+02      
1.6314345e+02 1.0996765e+02      
1.6497125e+02 1.0632650e+02      
1.6701379e+02 1.0279559e+02      
1.6805901e+02 1.0108834e+02      
1.6792226e+02 1.0158353e+02      
1.6679216e+02 1.0387722e+02      
1.6586524e+02 1.0618208e+02      
1.6541476e+02 1.0818925e+02      
1.6539247e+02 1.0992389e+02      
1.6577965e+02 1.1144787e+02      
1.6661976e+02 1.1277066e+02      
1.7612218e+02 1.1617759e+02      
1.7487250e+02 1.1311961e+02      
1.7413831e+02 1.0960581e+02      
1.7393578e+02 1.0567661e+02      
1.7425369e+02 1.0140090e+02      
1.7502974e+02 9.6904321e+01      
1.7611831e+02 9.2400340e+01      
1.7719486e+02 8.8237972e+01      
1.7784505e+02 8.4787317e+01      
1.7849183e+02 8.1755116e+01      
1.7938755e+02 7.8908843e+01      
1.8044834e+02 7.6292729e+01      
1.8127882e+02 7.4416442e+01      
1.8097405e+02 7.5136670e+01      
1.8041770e+02 7.6601629e+01      
1.7996831e+02 7.8253891e+01      
1.7964872e+02 7.9900693e+01      
1.7929354e+02 8.1464927e+01      
1.7915535e+02 8.2930726e+01      
1.7942401e+02 8.4258486e+01      
1.8771178e+02 8.8395339e+01      
1.8662965e+02 8.5160237e+01      
1.8607790e+02 8.1399886e+01      
1.8609963e+02 7.7125635e+01      
1.8672335e+02 7.2370243e+01      
1.8792735e+02 6.7241454e+01      
1.8955647e+02 6.2019841e+01      
1.9112206e+02 5.7294759e+01      
1.9098197e+02 5.4358512e+01      
1.9073017e+02 5.2100108e+01      
1.9073216e+02 5.0113487e+01      
1.9095668e+02 4.8382723e+01      
1.9116936e+02 4.7266321e+01      
1.9111157e+02 4.7289406e+01      
1.9101435e+02 4.8011619e+01      
1.9102393e+02 4.9102044e+01      
1.9098899e+02 5.0425768e+01      
1.9008999e+02 5.1807070e+01      
1.8928323e+02 5.3239110e+01      
1.8889905e+02 5.4612972e+01      
1.9585335e+02 5.9750011e+01      
1.9491031e+02 5.6379818e+01      
1.9450524e+02 5.2423445e+01      
1.9471633e+02 4.7848231e+01      
1.9564900e+02 4.2593646e+01      
1.9736084e+02 3.6685282e+01      
1.9960578e+02 3.0551650e+01      
2.0084781e+02 2.5782305e+01      
2.0075296e+02 2.2793210e+01      
1.9962175e+02 2.1443274e+01      
1.9881854e+02 2.0318152e+01      
1.9841579e+02 1.9221642e+01      
1.9824027e+02 1.8407864e+01      
1.9821625e+02 1.8115373e+01      
1.9842883e+02 1.8321693e+01      
1.9882497e+02 1.8952379e+01      
1.9856007e+02 1.9973706e+01      
1.9751915e+02 2.1278061e+01      
1.9595180e+02 2.2768815e+01      
1.9484191e+02 2.4272271e+01      
2.0042797e+02 3.0732367e+01      
1.9957890e+02 2.7290285e+01      
1.9925144e+02 2.3230615e+01      
1.9954201e+02 1.8491605e+01      
2.0063390e+02 1.2900454e+01      
2.0274570e+02 6.2313297e+00      
2.0464706e+02 -1.1986055e-02      
2.0567817e+02 -4.8654835e+00      
2.0562418e+02 -7.9125938e+00      
2.0465327e+02 -9.2880376e+00      
2.0330431e+02 -9.7077967e+00      
2.0254044e+02 -1.0536854e+01      
2.0207609e+02 -1.1330843e+01      
2.0190836e+02 -1.1833912e+01      
2.0225222e+02 -1.2025427e+01      
2.0235958e+02 -1.1748146e+01      
2.0183312e+02 -1.0946581e+01      
2.0057950e+02 -9.6602277e+00      
1.9880000e+02 -8.0299689e+00      
1.9700204e+02 -6.2863671e+00      
2.0138689e+02 1.8198051e+00      
2.0057940e+02 -1.6198468e+00      
2.0024520e+02 -5.6653690e+00      
2.0045822e+02 -1.0357894e+01      
2.0131007e+02 -1.5776994e+01      
2.0280960e+02 -2.1951132e+01      
2.0462963e+02 -2.8539106e+01      
2.0561198e+02 -3.3610550e+01      
2.0557556e+02 -3.6621079e+01      
2.0467974e+02 -3.7840341e+01      
2.0389269e+02 -3.9018870e+01      
2.0325798e+02 -4.0245815e+01      
2.0247838e+02 -4.1221285e+01      
2.0182152e+02 -4.1899907e+01      
2.0149988e+02 -4.2296528e+01      
2.0140872e+02 -4.2368890e+01      
2.0065710e+02 -4.1756785e+01      
1.9908979e+02 -4.0394781e+01      
1.9693187e+02 -3.8494562e+01      
1.9514364e+02 -3.6548468e+01      
1.9875444e+02 -2.6535474e+01      
1.9794243e+02 -2.9904031e+01      
1.9753472e+02 -3.3833724e+01      
1.9757105e+02 -3.8324642e+01      
1.9807013e+02 -4.3364694e+01      
1.9898605e+02 -4.8885029e+01      
2.0013699e+02 -5.4652949e+01      
2.0113099e+02 -6.0020629e+01      
2.0115376e+02 -6.2954110e+01      
2.0101224e+02 -6.5314880e+01      
2.0096229e+02 -6.7545223e+01      
2.0081546e+02 -6.9539789e+01      
1.9950211e+02 -7.0745088e+01      
1.9814717e+02 -7.1576779e+01      
1.9706020e+02 -7.2148951e+01      
1.9621200e+02 -7.2379173e+01      
1.9526684e+02 -7.1987694e+01      
1.9333991e+02 -7.0424915e+01      
1.9131858e+02 -6.8328923e+01      
1.8956511e+02 -6.6086640e+01      
1.9262398e+02 -5.3910636e+01      
1.9177575e+02 -5.7156924e+01      
1.9125923e+02 -6.0906969e+01      
1.9109200e+02 -6.5129825e+01      
1.9126638e+02 -6.9768469e+01      
1.9172967e+02 -7.4710166e+01      
1.9236815e+02 -7.9743633e+01      
1.9299309e+02 -8.4443398e+01      
1.9343995e+02 -8.8289649e+01      
1.9397246e+02 -9.1761360e+01      
1.9461413e+02 -9.5048140e+01      
1.9437572e+02 -9.7607854e+01      
1.9308777e+02 -9.9346316e+01      
1.9100991e+02 -1.0033786e+02      
1.8920893e+02 -1.0116705e+02      
1.8775333e+02 -1.0175435e+02      
1.8630137e+02 -1.0152798e+02      
1.8437628e+02 -9.9767471e+01      
1.8236634e+02 -9.7203291e+01      
1.8056644e+02 -9.4461979e+01      
1.8314958e+02 -7.9911091e+01      
1.8224775e+02 -8.3003224e+01      
1.8161102e+02 -8.6542873e+01      
1.8124689e+02 -9.0482905e+01      
1.8114301e+02 -9.4751885e+01      
1.8126126e+02 -9.9240178e+01      
1.8154054e+02 -1.0378812e+02      
1.8192638e+02 -1.0820365e+02      
1.8248711e+02 -1.1243391e+02      
1.8344702e+02 -1.1670323e+02      
1.8398148e+02 -1.2050358e+02      
1.8365055e+02 -1.2355728e+02      
1.8234522e+02 -1.2580983e+02      
1.8027047e+02 -1.2742401e+02      
1.7794928e+02 -1.2874059e+02      
1.7622508e+02 -1.3017943e+02      
1.7471543e+02 -1.3076203e+02      
1.7248207e+02 -1.2817979e+02      
1.7030494e+02 -1.2468527e+02      
1.6838067e+02 -1.2116545e+02      
1.7053762e+02 -1.0416904e+02      
1.6957508e+02 -1.0709014e+02      
1.6881958e+02 -1.1040882e+02      
1.6827540e+02 -1.1407260e+02      
1.6793299e+02 -1.1801146e+02      
1.6776900e+02 -1.2213489e+02      
1.6775404e+02 -1.2633764e+02      
1.6787474e+02 -1.3053000e+02      
1.6816746e+02 -1.3470151e+02      
1.6866571e+02 -1.3892170e+02      
1.6918707e+02 -1.4315914e+02      
1.6880756e+02 -1.4661758e+02      
1.6739459e+02 -1.4921205e+02      
1.6518258e+02 -1.5132061e+02      
1.6316713e+02 -1.5396215e+02      
1.6154313e+02 -1.5676218e+02      
1.5975923e+02 -1.5721735e+02      
1.5762444e+02 -1.5481663e+02      
1.5527654e+02 -1.5010400e+02      
1.5322418e+02 -1.4556622e+02      
1.5504015e+02 -1.2634443e+02      
1.5401606e+02 -1.2908718e+02      
1.5314892e+02 -1.3218401e+02      
1.5244272e+02 -1.3558284e+02      
1.5189151e+02 -1.3922021e+02      
1.5148072e+02 -1.4302293e+02      
1.5119207e+02 -1.4691587e+02      
1.5101113e+02 -1.5083884e+02      
1.5092769e+02 -1.5476483e+02      
1.5090958e+02 -1.5869572e+02      
1.5083782e+02 -1.6260728e+02      
1.5040879e+02 -1.6631206e+02      
1.4884016e+02 -1.6895933e+02      
1.4699713e+02 -1.7189568e+02      
1.4525360e+02 -1.7584243e+02      
1.4347126e+02 -1.7867307e+02      
1.4157197e+02 -1.7913613e+02      
1.3953529e+02 -1.7684911e+02      
1.3741155e+02 -1.7228810e+02      
1.3533045e+02 -1.6679126e+02      
1.3694960e+02 -1.4612827e+02      
1.3586666e+02 -1.4869074e+02      
1.3489744e+02 -1.5156855e+02      
1.3404650e+02 -1.5471219e+02      
1.3331052e+02 -1.5806481e+02      
1.3267911e+02 -1.6156459e+02      
1.3213656e+02 -1.6515023e+02      
1.3166265e+02 -1.6876847e+02      
1.3122769e+02 -1.7237860e+02      
1.3077736e+02 -1.7594564e+02      
1.3021091e+02 -1.7941880e+02      
1.2934195e+02 -1.8266675e+02      
1.2796509e+02 -1.8554091e+02      
1.2631638e+02 -1.8848160e+02      
1.2456797e+02 -1.9177449e+02      
1.2271018e+02 -1.9501937e+02      
1.2077195e+02 -1.9569798e+02      
1.1884524e+02 -1.9333429e+02      
1.1691408e+02 -1.8853793e+02      
1.1499960e+02 -1.8390204e+02      
1.1659396e+02 -1.6324716e+02      
1.1545688e+02 -1.6563029e+02      
1.1439628e+02 -1.6829302e+02      
1.1341749e+02 -1.7118895e+02      
1.1251907e+02 -1.7426641e+02      
1.1169294e+02 -1.7747052e+02      
1.1092462e+02 -1.8074640e+02      
1.1019219e+02 -1.8404235e+02      
1.0946268e+02 -1.8731065e+02      
1.0868533e+02 -1.9050336e+02      
1.0778557e+02 -1.9356369e+02      
1.0667156e+02 -1.9642463e+02      
1.0529255e+02 -1.9906860e+02      
1.0369911e+02 -2.0158253e+02      
1.0195980e+02 -2.0400161e+02      
1.0009216e+02 -2.0609029e+02      
9.8112665e+01 -2.0705528e+02      
9.6332436e+01 -2.0450785e+02      
9.4508808e+01 -2.0095042e+02      
9.2691244e+01 -1.9727810e+02      
9.4331679e+01 -1.7746793e+02      
9.3146386e+01 -1.7967420e+02      
9.2005773e+01 -1.8212625e+02      
9.0916090e+01 -1.8478060e+02      
8.9877524e+01 -1.8758957e+02      
8.8884084e+01 -1.9050278e+02      
8.7923352e+01 -1.9346895e+02      
8.6975665e+01 -1.9643746e+02      
8.6012501e+01 -1.9935850e+02      
8.4994939e+01 -2.0218163e+02      
8.3875293e+01 -2.0485457e+02      
8.2607781e+01 -2.0732816e+02      
8.1170720e+01 -2.0957012e+02      
7.9578557e+01 -2.1155670e+02      
7.7862435e+01 -2.1320862e+02      
7.6050527e+01 -2.1430690e+02      
7.4195652e+01 -2.1435331e+02      
7.2391522e+01 -2.1274383e+02      
7.0602957e+01 -2.1018151e+02      
6.8836422e+01 -2.0726240e+02      
