2.8240101e+01 2.2112129e+02      
2.9256798e+01 2.2010453e+02      
3.0473935e+01 2.1953559e+02      
3.1837309e+01 2.1946462e+02      
3.3386076e+01 2.1991495e+02      
3.5205959e+01 2.2088067e+02      
3.7352923e+01 2.2232171e+02      
3.9796056e+01 2.2414652e+02      
4.2379630e+01 2.2617802e+02      
4.4770695e+01 2.2804642e+02      
4.6582510e+01 2.2927916e+02      
4.8137471e+01 2.3028709e+02      
4.9714615e+01 2.3136211e+02      
5.1424916e+01 2.3256793e+02      
5.3267409e+01 2.3383990e+02      
5.5161480e+01 2.3500910e+02      
5.6932906e+01 2.3572179e+02      
5.8430561e+01 2.3557640e+02      
6.0077139e+01 2.3513838e+02      
6.2121789e+01 2.3468991e+02      
5.8173292e+01 2.1053230e+02      
5.9600173e+01 2.0950573e+02      
6.1090957e+01 2.0897687e+02      
6.2522916e+01 2.0901770e+02      
6.4039389e+01 2.0966316e+02      
6.5877564e+01 2.1091868e+02      
6.8203276e+01 2.1276854e+02      
7.1043903e+01 2.1515630e+02      
7.4201826e+01 2.1790449e+02      
7.7121687e+01 2.2050027e+02      
7.8444128e+01 2.2122629e+02      
7.9437168e+01 2.2177014e+02      
8.0602610e+01 2.2260312e+02      
8.2082166e+01 2.2379201e+02      
8.3814641e+01 2.2521915e+02      
8.5652590e+01 2.2667360e+02      
8.7221574e+01 2.2758434e+02      
8.7683180e+01 2.2626346e+02      
8.8549462e+01 2.2503908e+02      
9.0029850e+01 2.2405905e+02      
8.6894275e+01 1.9621895e+02      
8.8945677e+01 1.9509739e+02      
9.0871016e+01 1.9454280e+02      
9.2143880e+01 1.9466183e+02      
9.3346933e+01 1.9548929e+02      
9.4999896e+01 1.9702713e+02      
9.7430105e+01 1.9930489e+02      
1.0076893e+02 2.0233674e+02      
1.0467221e+02 2.0587021e+02      
1.0753390e+02 2.0834054e+02      
1.0897612e+02 2.0938527e+02      
1.0922357e+02 2.0937797e+02      
1.0986863e+02 2.0994173e+02      
1.1119722e+02 2.1125289e+02      
1.1286429e+02 2.1292390e+02      
1.1472165e+02 2.1477943e+02      
1.1543567e+02 2.1490245e+02      
1.1490352e+02 2.1290586e+02      
1.1501296e+02 2.1116483e+02      
1.1593784e+02 2.0979860e+02      
1.1390044e+02 1.7838953e+02      
1.1689183e+02 1.7703546e+02      
1.1968668e+02 1.7635707e+02      
1.2026220e+02 1.7651872e+02      
1.2071240e+02 1.7752616e+02      
1.2182986e+02 1.7929522e+02      
1.2409596e+02 1.8187721e+02      
1.2786168e+02 1.8542898e+02      
1.3162838e+02 1.8874629e+02      
1.3446556e+02 1.9112880e+02      
1.3600090e+02 1.9235630e+02      
1.3640202e+02 1.9270458e+02      
1.3650267e+02 1.9302810e+02      
1.3797026e+02 1.9476002e+02      
1.3941440e+02 1.9648188e+02      
1.4059242e+02 1.9782689e+02      
1.4061795e+02 1.9761324e+02      
1.3933197e+02 1.9548652e+02      
1.3885712e+02 1.9360740e+02      
1.3932913e+02 1.9208075e+02      
1.3852935e+02 1.5734186e+02      
1.4259825e+02 1.5556232e+02      
1.4523753e+02 1.5466517e+02      
1.4602063e+02 1.5480779e+02      
1.4542256e+02 1.5603114e+02      
1.4561898e+02 1.5797215e+02      
1.4714707e+02 1.6049974e+02      
1.5005042e+02 1.6356992e+02      
1.5392806e+02 1.6686053e+02      
1.5686913e+02 1.6921463e+02      
1.5840659e+02 1.7042436e+02      
1.5875433e+02 1.7073154e+02      
1.5936260e+02 1.7141276e+02      
1.6032392e+02 1.7275167e+02      
1.6128428e+02 1.7437198e+02      
1.6227051e+02 1.7601791e+02      
1.6201405e+02 1.7608859e+02      
1.6036595e+02 1.7433358e+02      
1.5957995e+02 1.7266046e+02      
1.5976778e+02 1.7120099e+02      
1.5975812e+02 1.3357508e+02      
1.6363854e+02 1.3141560e+02      
1.6616046e+02 1.3024537e+02      
1.6699385e+02 1.3029311e+02      
1.6648149e+02 1.3152369e+02      
1.6567444e+02 1.3361722e+02      
1.6641763e+02 1.3596036e+02      
1.6841015e+02 1.3854956e+02      
1.7126408e+02 1.4121623e+02      
1.7434756e+02 1.4353077e+02      
1.7582525e+02 1.4462547e+02      
1.7759377e+02 1.4533897e+02      
1.7881136e+02 1.4624780e+02      
1.7957014e+02 1.4748268e+02      
1.7978528e+02 1.4893287e+02      
1.7931245e+02 1.5033791e+02      
1.7909835e+02 1.5102664e+02      
1.7758722e+02 1.4999654e+02      
1.7683511e+02 1.4878753e+02      
1.7693150e+02 1.4757195e+02      
1.7543059e+02 1.0818601e+02      
1.7944028e+02 1.0548970e+02      
1.8198047e+02 1.0393359e+02      
1.8264813e+02 1.0388452e+02      
1.8180415e+02 1.0519276e+02      
1.8138435e+02 1.0694877e+02      
1.8185740e+02 1.0898679e+02      
1.8318223e+02 1.1120187e+02      
1.8513286e+02 1.1341920e+02      
1.8733165e+02 1.1535053e+02      
1.8940474e+02 1.1668388e+02      
1.9182431e+02 1.1761098e+02      
1.9334080e+02 1.1867028e+02      
1.9399573e+02 1.1992894e+02      
1.9375613e+02 1.2132308e+02      
1.9255181e+02 1.2267938e+02      
1.9171897e+02 1.2338825e+02      
1.9090408e+02 1.2321526e+02      
1.9047586e+02 1.2257561e+02      
1.9062476e+02 1.2169221e+02      
1.8730499e+02 8.1148333e+01      
1.9039617e+02 7.8411283e+01      
1.9302500e+02 7.6330796e+01      
1.9344418e+02 7.6182532e+01      
1.9327900e+02 7.6952802e+01      
1.9321047e+02 7.8326236e+01      
1.9356293e+02 8.0098689e+01      
1.9442381e+02 8.2080304e+01      
1.9572823e+02 8.4073829e+01      
1.9733798e+02 8.5877508e+01      
1.9923021e+02 8.7331020e+01      
2.0147803e+02 8.8419586e+01      
2.0287959e+02 8.9622252e+01      
2.0344297e+02 9.0947952e+01      
2.0315067e+02 9.2352254e+01      
2.0197561e+02 9.3743477e+01      
2.0116596e+02 9.4586360e+01      
2.0067606e+02 9.4848391e+01      
2.0051378e+02 9.4649464e+01      
2.0075562e+02 9.4098373e+01      
1.9586072e+02 5.2657915e+01      
1.9830046e+02 4.9734107e+01      
2.0031766e+02 4.7534584e+01      
2.0127816e+02 4.6634526e+01      
2.0151725e+02 4.6921674e+01      
2.0153045e+02 4.8067995e+01      
2.0167912e+02 4.9735751e+01      
2.0213861e+02 5.1648727e+01      
2.0293761e+02 5.3594827e+01      
2.0402781e+02 5.5417873e+01      
2.0534747e+02 5.7027483e+01      
2.0672723e+02 5.8447192e+01      
2.0773204e+02 5.9835720e+01      
2.0819965e+02 6.1246692e+01      
2.0811855e+02 6.2651470e+01      
2.0763628e+02 6.3939454e+01      
2.0719094e+02 6.4896144e+01      
2.0695158e+02 6.5435685e+01      
2.0696953e+02 6.5567152e+01      
2.0728892e+02 6.5320492e+01      
2.0118450e+02 2.3088330e+01      
2.0339094e+02 1.9634117e+01      
2.0536335e+02 1.6789883e+01      
2.0661857e+02 1.5166905e+01      
2.0677588e+02 1.5291510e+01      
2.0649855e+02 1.6543172e+01      
2.0627552e+02 1.8353476e+01      
2.0630948e+02 2.0377134e+01      
2.0665184e+02 2.2402525e+01      
2.0726488e+02 2.4311374e+01      
2.0805756e+02 2.6056790e+01      
2.0887778e+02 2.7660875e+01      
2.0953533e+02 2.9190414e+01      
2.0991046e+02 3.0691939e+01      
2.0999098e+02 3.2154083e+01      
2.0987498e+02 3.3498803e+01      
2.0973453e+02 3.4610130e+01      
2.0970236e+02 3.5399224e+01      
2.0985126e+02 3.5823533e+01      
2.1022300e+02 3.5867550e+01      
2.0318556e+02 -6.9976595e+00      
2.0548687e+02 -1.1357916e+01      
2.0781784e+02 -1.5366385e+01      
2.0961923e+02 -1.8123764e+01      
2.0907037e+02 -1.7595464e+01      
2.0811528e+02 -1.5772608e+01      
2.0733295e+02 -1.3508851e+01      
2.0690046e+02 -1.1203145e+01      
2.0682531e+02 -9.0162018e+00      
2.0703969e+02 -7.0042444e+00      
2.0744146e+02 -5.1742965e+00      
2.0791054e+02 -3.4938434e+00      
2.0832956e+02 -1.8981971e+00      
2.0861903e+02 -3.2038113e-01      
2.0876273e+02 1.2568711e+00      
2.0881012e+02 2.7692923e+00      
2.0884771e+02 4.1074657e+00      
2.0895652e+02 5.1718942e+00      
2.0919312e+02 5.8944856e+00      
2.0959180e+02 6.2344745e+00      
2.0168436e+02 -3.6842287e+01      
2.0424081e+02 -4.2409163e+01      
2.0702620e+02 -4.7920610e+01      
2.0837983e+02 -5.0931780e+01      
2.0795764e+02 -5.0878994e+01      
2.0619023e+02 -4.8165130e+01      
2.0474530e+02 -4.5167413e+01      
2.0385568e+02 -4.2472124e+01      
2.0343892e+02 -4.0111380e+01      
2.0335478e+02 -3.8021019e+01      
2.0348188e+02 -3.6168478e+01      
2.0371669e+02 -3.4507665e+01      
2.0397403e+02 -3.2947481e+01      
2.0419033e+02 -3.1343589e+01      
2.0434049e+02 -2.9603329e+01      
2.0445546e+02 -2.7827175e+01      
2.0458695e+02 -2.6181129e+01      
2.0477966e+02 -2.4791515e+01      
2.0506677e+02 -2.3743364e+01      
2.0546990e+02 -2.3090233e+01      
1.9641984e+02 -6.5387090e+01      
1.9913404e+02 -7.2155385e+01      
2.0131806e+02 -7.7916427e+01      
2.0228540e+02 -8.1266121e+01      
2.0184917e+02 -8.1653202e+01      
2.0028018e+02 -7.9379503e+01      
1.9829869e+02 -7.5663493e+01      
1.9712098e+02 -7.2745008e+01      
1.9651169e+02 -7.0309816e+01      
1.9625048e+02 -6.8197071e+01      
1.9620444e+02 -6.6392598e+01      
1.9628664e+02 -6.4865001e+01      
1.9644317e+02 -6.3520573e+01      
1.9661622e+02 -6.2060030e+01      
1.9672817e+02 -6.0035234e+01      
1.9685383e+02 -5.7845691e+01      
1.9703222e+02 -5.5793699e+01      
1.9727274e+02 -5.4017586e+01      
1.9758441e+02 -5.2608679e+01      
1.9797512e+02 -5.1622505e+01      
1.8718122e+02 -9.1452185e+01      
1.8905050e+02 -9.7564121e+01      
1.9089257e+02 -1.0395587e+02      
1.9158041e+02 -1.0786943e+02      
1.9097888e+02 -1.0858175e+02      
1.8933118e+02 -1.0646018e+02      
1.8779382e+02 -1.0396833e+02      
1.8674254e+02 -1.0147955e+02      
1.8614503e+02 -9.9091338e+01      
1.8583961e+02 -9.6982959e+01      
1.8570621e+02 -9.5282853e+01      
1.8568546e+02 -9.3995391e+01      
1.8577107e+02 -9.3083611e+01      
1.8596632e+02 -9.2243028e+01      
1.8596994e+02 -8.9572001e+01      
1.8608935e+02 -8.6800486e+01      
1.8630422e+02 -8.4242941e+01      
1.8657925e+02 -8.2018225e+01      
1.8690214e+02 -8.0217373e+01      
1.8727022e+02 -7.8885396e+01      
1.7453599e+02 -1.1516756e+02      
1.7564777e+02 -1.2042870e+02      
1.7663548e+02 -1.2579144e+02      
1.7706675e+02 -1.3039163e+02      
1.7623537e+02 -1.3148485e+02      
1.7492077e+02 -1.3153223e+02      
1.7373311e+02 -1.3054122e+02      
1.7295100e+02 -1.2856119e+02      
1.7255853e+02 -1.2600648e+02      
1.7233262e+02 -1.2380727e+02      
1.7217065e+02 -1.2224883e+02      
1.7205741e+02 -1.2128046e+02      
1.7201475e+02 -1.2080358e+02      
1.7206475e+02 -1.2034086e+02      
1.7211301e+02 -1.1754114e+02      
1.7229886e+02 -1.1418909e+02      
1.7257738e+02 -1.1102075e+02      
1.7289304e+02 -1.0829275e+02      
1.7322330e+02 -1.0608724e+02      
1.7356336e+02 -1.0441553e+02      
1.5899405e+02 -1.3663568e+02      
1.5954104e+02 -1.4116386e+02      
1.5990361e+02 -1.4561325e+02      
1.5981630e+02 -1.4949119e+02      
1.5900376e+02 -1.5233018e+02      
1.5765875e+02 -1.5498126e+02      
1.5662960e+02 -1.5537671e+02      
1.5611804e+02 -1.5372343e+02      
1.5612944e+02 -1.5034415e+02      
1.5604909e+02 -1.4801061e+02      
1.5587292e+02 -1.4668896e+02      
1.5564816e+02 -1.4616637e+02      
1.5542057e+02 -1.4620101e+02      
1.5529121e+02 -1.4602678e+02      
1.5538690e+02 -1.4362746e+02      
1.5570334e+02 -1.3950365e+02      
1.5609402e+02 -1.3558351e+02      
1.5646467e+02 -1.3232483e+02      
1.5679936e+02 -1.2974679e+02      
1.5710668e+02 -1.2777434e+02      
1.4093229e+02 -1.5575871e+02      
1.4108682e+02 -1.5972227e+02      
1.4106356e+02 -1.6355959e+02      
1.4070857e+02 -1.6708287e+02      
1.3987440e+02 -1.7038128e+02      
1.3855481e+02 -1.7373772e+02      
1.3764299e+02 -1.7481477e+02      
1.3726026e+02 -1.7374242e+02      
1.3743302e+02 -1.7085227e+02      
1.3738295e+02 -1.6892911e+02      
1.3715932e+02 -1.6802078e+02      
1.3680856e+02 -1.6807072e+02      
1.3634493e+02 -1.6894784e+02      
1.3615443e+02 -1.6847749e+02      
1.3627138e+02 -1.6603540e+02      
1.3665167e+02 -1.6192640e+02      
1.3719039e+02 -1.5724082e+02      
1.3760181e+02 -1.5358783e+02      
1.3792532e+02 -1.5075829e+02      
1.3819175e+02 -1.4856646e+02      
1.2068893e+02 -1.7235994e+02      
1.2057668e+02 -1.7587760e+02      
1.2032729e+02 -1.7926506e+02      
1.1986233e+02 -1.8241479e+02      
1.1913777e+02 -1.8528214e+02      
1.1824909e+02 -1.8764285e+02      
1.1751730e+02 -1.8875034e+02      
1.1708387e+02 -1.8847817e+02      
1.1689611e+02 -1.8728945e+02      
1.1669431e+02 -1.8623710e+02      
1.1639179e+02 -1.8578836e+02      
1.1596903e+02 -1.8618530e+02      
1.1546594e+02 -1.8735051e+02      
1.1525279e+02 -1.8678005e+02      
1.1538888e+02 -1.8413104e+02      
1.1582490e+02 -1.7954532e+02      
1.1627678e+02 -1.7522692e+02      
1.1664370e+02 -1.7165101e+02      
1.1692712e+02 -1.6876592e+02      
1.1714202e+02 -1.6646345e+02      
9.8594553e+01 -1.8624065e+02      
9.8298760e+01 -1.8938691e+02      
9.7910697e+01 -1.9239086e+02      
9.7397236e+01 -1.9515008e+02      
9.6761224e+01 -1.9754941e+02      
9.6072399e+01 -1.9939802e+02      
9.5448971e+01 -2.0046379e+02      
9.4963658e+01 -2.0071315e+02      
9.4596580e+01 -2.0040938e+02      
9.4264886e+01 -1.9999024e+02      
9.3901245e+01 -1.9981324e+02      
9.3457112e+01 -2.0015160e+02      
9.2921666e+01 -2.0099804e+02      
9.2704942e+01 -2.0024267e+02      
9.2827609e+01 -1.9767882e+02      
9.3265508e+01 -1.9344507e+02      
9.3634419e+01 -1.8960820e+02      
9.3925415e+01 -1.8632062e+02      
9.4148701e+01 -1.8353509e+02      
9.4305237e+01 -1.8122037e+02      
7.4990064e+01 -1.9721886e+02      
7.4562107e+01 -2.0004754e+02      
7.4078533e+01 -2.0272245e+02      
7.3528090e+01 -2.0514949e+02      
7.2922290e+01 -2.0722468e+02      
7.2301175e+01 -2.0883174e+02      
7.1718731e+01 -2.0987875e+02      
7.1210740e+01 -2.1037263e+02      
7.0775333e+01 -2.1045059e+02      
7.0382859e+01 -2.1032556e+02      
7.0001588e+01 -2.1018782e+02      
6.9615081e+01 -2.1012642e+02      
6.9264148e+01 -2.0991574e+02      
6.9088743e+01 -2.0884314e+02      
6.9132579e+01 -2.0665927e+02      
6.9345556e+01 -2.0361811e+02      
6.9584394e+01 -2.0046837e+02      
6.9790797e+01 -1.9754597e+02      
6.9949202e+01 -1.9493727e+02      
7.0048559e+01 -1.9267386e+02      
