2.1921993e+01 2.2445639e+02      
2.2759024e+01 2.2217981e+02      
2.4420202e+01 2.2022541e+02      
2.6815505e+01 2.1863963e+02      
2.8398628e+01 2.1604645e+02      
2.9091159e+01 2.1254478e+02      
3.0235083e+01 2.0963139e+02      
3.1597481e+01 2.0740308e+02      
3.2512045e+01 2.0580147e+02      
3.2264135e+01 2.0474424e+02      
3.1494351e+01 2.0430992e+02      
3.0761508e+01 2.0448757e+02      
3.0365200e+01 2.0519914e+02      
3.0466788e+01 2.0635807e+02      
3.1130501e+01 2.0788362e+02      
3.2347951e+01 2.0970052e+02      
3.4031056e+01 2.1172968e+02      
3.5991883e+01 2.1387443e+02      
3.8060490e+01 2.1604367e+02      
4.0286133e+01 2.1819846e+02      
5.1540442e+01 2.1433677e+02      
5.2765121e+01 2.1201114e+02      
5.4961892e+01 2.1000017e+02      
5.8066815e+01 2.0830196e+02      
6.0188782e+01 2.0548873e+02      
6.1307682e+01 2.0166945e+02      
6.3206114e+01 1.9840379e+02      
6.5598991e+01 1.9589240e+02      
6.7452031e+01 1.9414936e+02      
6.6219393e+01 1.9281787e+02      
6.4344121e+01 1.9228218e+02      
6.2687947e+01 1.9245742e+02      
6.1613284e+01 1.9319669e+02      
6.1253875e+01 1.9437607e+02      
6.1639432e+01 1.9590304e+02      
6.2749487e+01 1.9770591e+02      
6.4496190e+01 1.9972000e+02      
6.6504937e+01 2.0181894e+02      
6.8120204e+01 2.0379328e+02      
6.9687511e+01 2.0570871e+02      
7.9543058e+01 2.0069776e+02      
8.0995294e+01 1.9820166e+02      
8.3393958e+01 1.9588304e+02      
8.6736388e+01 1.9372029e+02      
8.9371184e+01 1.9066603e+02      
9.1410876e+01 1.8680953e+02      
9.4589517e+01 1.8331748e+02      
9.8388851e+01 1.8047432e+02      
1.0006924e+02 1.7835500e+02      
9.9051454e+01 1.7699487e+02      
9.5843444e+01 1.7650732e+02      
9.3014898e+01 1.7683060e+02      
9.1158375e+01 1.7770983e+02      
9.0324225e+01 1.7898105e+02      
9.0444311e+01 1.8055535e+02      
9.1495789e+01 1.8237459e+02      
9.3512722e+01 1.8442053e+02      
9.6201077e+01 1.8663867e+02      
9.7058529e+01 1.8834056e+02      
9.7664709e+01 1.9001278e+02      
1.0548958e+02 1.8382929e+02      
1.0703020e+02 1.8109473e+02      
1.0932252e+02 1.7834583e+02      
1.1219366e+02 1.7547860e+02      
1.1518074e+02 1.7218954e+02      
1.1853821e+02 1.6850580e+02      
1.2316126e+02 1.6477424e+02      
1.2693549e+02 1.6150794e+02      
1.2859560e+02 1.5904523e+02      
1.2775264e+02 1.5757280e+02      
1.2476563e+02 1.5719375e+02      
1.2076008e+02 1.5789446e+02      
1.1824554e+02 1.5903414e+02      
1.1702535e+02 1.6046143e+02      
1.1689943e+02 1.6211732e+02      
1.1785243e+02 1.6395148e+02      
1.1998997e+02 1.6594345e+02      
1.2303297e+02 1.6803991e+02      
1.2417494e+02 1.6981538e+02      
1.2361858e+02 1.7133052e+02      
1.2902827e+02 1.6409669e+02      
1.3060998e+02 1.6112890e+02      
1.3282121e+02 1.5803142e+02      
1.3554242e+02 1.5475871e+02      
1.3864089e+02 1.5125134e+02      
1.4217630e+02 1.4754188e+02      
1.4625866e+02 1.4374322e+02      
1.5042802e+02 1.4000031e+02      
1.5226657e+02 1.3714774e+02      
1.5141888e+02 1.3551210e+02      
1.4840962e+02 1.3507869e+02      
1.4482297e+02 1.3612952e+02      
1.4224601e+02 1.3755677e+02      
1.4081099e+02 1.3918155e+02      
1.4045011e+02 1.4094596e+02      
1.4119213e+02 1.4279098e+02      
1.4317203e+02 1.4466788e+02      
1.4612779e+02 1.4652765e+02      
1.4721294e+02 1.4830058e+02      
1.4657020e+02 1.4993601e+02      
1.4985334e+02 1.4190076e+02      
1.5148481e+02 1.3873884e+02      
1.5370159e+02 1.3538839e+02      
1.5641765e+02 1.3185089e+02      
1.5951692e+02 1.2814385e+02      
1.6286484e+02 1.2433105e+02      
1.6624335e+02 1.2051435e+02      
1.6927387e+02 1.1681067e+02      
1.7127004e+02 1.1348723e+02      
1.7017272e+02 1.1175444e+02      
1.6816532e+02 1.1093977e+02      
1.6529526e+02 1.1200729e+02      
1.6287990e+02 1.1369774e+02      
1.6131676e+02 1.1556648e+02      
1.6069950e+02 1.1747029e+02      
1.6109136e+02 1.1934400e+02      
1.6261926e+02 1.2112115e+02      
1.6501116e+02 1.2276262e+02      
1.6548427e+02 1.2454313e+02      
1.6423881e+02 1.2630267e+02      
1.6768040e+02 1.1765925e+02      
1.6937546e+02 1.1434380e+02      
1.7165105e+02 1.1079596e+02      
1.7444065e+02 1.0703907e+02      
1.7761261e+02 1.0312589e+02      
1.8092333e+02 9.9158535e+01      
1.8388193e+02 9.5291198e+01      
1.8580335e+02 9.1679626e+01      
1.8666712e+02 8.8438436e+01      
1.8620326e+02 8.5994148e+01      
1.8462263e+02 8.5149994e+01      
1.8240500e+02 8.5889995e+01      
1.8004726e+02 8.7922119e+01      
1.7833125e+02 9.0099398e+01      
1.7741484e+02 9.2169250e+01      
1.7733653e+02 9.4099546e+01      
1.7814306e+02 9.5860206e+01      
1.7954769e+02 9.7426396e+01      
1.7908532e+02 9.9311543e+01      
1.7830761e+02 1.0099576e+02      
1.8224985e+02 9.1806140e+01      
1.8400582e+02 8.8375694e+01      
1.8636684e+02 8.4667112e+01      
1.8930984e+02 8.0701747e+01      
1.9273453e+02 7.6541621e+01      
1.9635299e+02 7.2333655e+01      
1.9946902e+02 6.8334582e+01      
2.0020226e+02 6.4886590e+01      
2.0008284e+02 6.1659975e+01      
1.9913538e+02 5.9607826e+01      
1.9756320e+02 5.8846042e+01      
1.9562402e+02 5.9336108e+01      
1.9357700e+02 6.0948011e+01      
1.9170795e+02 6.3379518e+01      
1.9049599e+02 6.5542479e+01      
1.8991508e+02 6.7520315e+01      
1.8986932e+02 6.9360592e+01      
1.8999287e+02 7.1098233e+01      
1.8964126e+02 7.2826499e+01      
1.8915174e+02 7.4394698e+01      
1.9334047e+02 6.4791250e+01      
1.9512336e+02 6.1290383e+01      
1.9754707e+02 5.7463712e+01      
2.0068409e+02 5.3297464e+01      
2.0452869e+02 4.8826925e+01      
2.0867312e+02 4.4280801e+01      
2.1124940e+02 4.0297953e+01      
2.1175695e+02 3.7088871e+01      
2.1039537e+02 3.4807045e+01      
2.0868132e+02 3.3330677e+01      
2.0687379e+02 3.2713037e+01      
2.0500130e+02 3.3012554e+01      
2.0311276e+02 3.4197435e+01      
2.0135502e+02 3.6028561e+01      
1.9994195e+02 3.8028104e+01      
1.9893245e+02 4.0007760e+01      
1.9826174e+02 4.1911175e+01      
1.9775558e+02 4.3712306e+01      
1.9724814e+02 4.5389451e+01      
1.9678336e+02 4.6882323e+01      
2.0078830e+02 3.7072943e+01      
2.0252537e+02 3.3559771e+01      
2.0489813e+02 2.9692415e+01      
2.0808443e+02 2.5406066e+01      
2.1230559e+02 2.0612606e+01      
2.1599332e+02 1.5991507e+01      
2.1820143e+02 1.2034810e+01      
2.1854791e+02 9.0262483e+00      
2.1718653e+02 7.0658829e+00      
2.1483617e+02 6.0392044e+00      
2.1288446e+02 5.4583725e+00      
2.1105537e+02 5.5873114e+00      
2.0921977e+02 6.5002204e+00      
2.0743245e+02 8.0441522e+00      
2.0581311e+02 9.9404921e+00      
2.0444946e+02 1.1944153e+01      
2.0334930e+02 1.3905672e+01      
2.0245459e+02 1.5747050e+01      
2.0170767e+02 1.7420995e+01      
2.0111317e+02 1.8882378e+01      
2.0450838e+02 9.1048969e+00      
2.0610768e+02 5.6461293e+00      
2.0825236e+02 1.8477219e+00      
2.1101566e+02 -2.3168554e+00      
2.1438584e+02 -6.8632518e+00      
2.1794834e+02 -1.1649471e+01      
2.2000726e+02 -1.5657951e+01      
2.2017731e+02 -1.8523059e+01      
2.1870172e+02 -2.0300215e+01      
2.1707117e+02 -2.1741045e+01      
2.1547867e+02 -2.2644955e+01      
2.1380922e+02 -2.2745362e+01      
2.1198698e+02 -2.1956397e+01      
2.1005874e+02 -2.0406828e+01      
2.0816414e+02 -1.8393478e+01      
2.0646230e+02 -1.6253851e+01      
2.0502025e+02 -1.4194799e+01      
2.0382260e+02 -1.2300581e+01      
2.0283869e+02 -1.0610791e+01      
2.0206035e+02 -9.1570626e+00      
2.0450558e+02 -1.8675620e+01      
2.0589624e+02 -2.2021690e+01      
2.0770214e+02 -2.5664793e+01      
2.0990590e+02 -2.9589165e+01      
2.1241579e+02 -3.3759976e+01      
2.1497004e+02 -3.8070882e+01      
2.1698161e+02 -4.2189943e+01      
2.1699191e+02 -4.4933719e+01      
2.1643877e+02 -4.7404089e+01      
2.1576050e+02 -4.9700261e+01      
2.1477006e+02 -5.1231571e+01      
2.1336061e+02 -5.1643681e+01      
2.1152871e+02 -5.0855425e+01      
2.0934299e+02 -4.9012204e+01      
2.0701260e+02 -4.6530073e+01      
2.0494130e+02 -4.4094315e+01      
2.0320818e+02 -4.1900820e+01      
2.0176344e+02 -3.9949458e+01      
2.0056605e+02 -3.8239931e+01      
1.9959610e+02 -3.6784026e+01      
2.0086511e+02 -4.5851487e+01      
2.0201608e+02 -4.9045610e+01      
2.0346336e+02 -5.2488687e+01      
2.0515244e+02 -5.6140775e+01      
2.0696833e+02 -5.9938374e+01      
2.0870530e+02 -6.3771327e+01      
2.1000793e+02 -6.7410491e+01      
2.1050527e+02 -7.0582344e+01      
2.1069506e+02 -7.3723861e+01      
2.1107769e+02 -7.7258065e+01      
2.1075221e+02 -7.9662040e+01      
2.0963659e+02 -8.0465043e+01      
2.0775987e+02 -7.9544502e+01      
2.0521307e+02 -7.7109365e+01      
2.0222186e+02 -7.3721466e+01      
1.9983990e+02 -7.0986051e+01      
1.9790214e+02 -6.8705590e+01      
1.9627501e+02 -6.6728386e+01      
1.9490226e+02 -6.5013685e+01      
1.9375664e+02 -6.3557345e+01      
1.9373311e+02 -7.2024394e+01      
1.9464494e+02 -7.5045275e+01      
1.9576031e+02 -7.8271552e+01      
1.9701705e+02 -8.1653128e+01      
1.9831333e+02 -8.5122457e+01      
1.9950184e+02 -8.8586999e+01      
2.0041039e+02 -9.1935833e+01      
2.0096115e+02 -9.5129167e+01      
2.0130376e+02 -9.8314952e+01      
2.0162193e+02 -1.0165296e+02      
2.0182231e+02 -1.0491850e+02      
2.0098782e+02 -1.0617360e+02      
1.9905602e+02 -1.0500966e+02      
1.9622640e+02 -1.0192880e+02      
1.9352199e+02 -9.8939290e+01      
1.9117595e+02 -9.6356397e+01      
1.8917022e+02 -9.4136149e+01      
1.8743753e+02 -9.2196914e+01      
1.8593646e+02 -9.0505552e+01      
1.8464358e+02 -8.9058151e+01      
1.8330187e+02 -9.6814436e+01      
1.8399224e+02 -9.9653307e+01      
1.8481801e+02 -1.0266057e+02      
1.8572281e+02 -1.0578415e+02      
1.8662759e+02 -1.0896220e+02      
1.8743649e+02 -1.1212514e+02      
1.8806053e+02 -1.1521014e+02      
1.8846245e+02 -1.1819342e+02      
1.8867698e+02 -1.2110438e+02      
1.8875259e+02 -1.2397123e+02      
1.8864283e+02 -1.2667801e+02      
1.8803574e+02 -1.2848311e+02      
1.8605394e+02 -1.2691174e+02      
1.8368377e+02 -1.2451383e+02      
1.8133586e+02 -1.2209889e+02      
1.7915663e+02 -1.1985223e+02      
1.7718340e+02 -1.1780843e+02      
1.7541181e+02 -1.1596675e+02      
1.7382827e+02 -1.1432718e+02      
1.7242080e+02 -1.1289906e+02      
1.6980229e+02 -1.1986266e+02      
1.7029536e+02 -1.2251831e+02      
1.7087423e+02 -1.2531059e+02      
1.7149227e+02 -1.2818867e+02      
1.7209049e+02 -1.3109666e+02      
1.7260435e+02 -1.3397694e+02      
1.7297746e+02 -1.3677806e+02      
1.7317727e+02 -1.3946386e+02      
1.7319641e+02 -1.4201080e+02      
1.7302959e+02 -1.4438682e+02      
1.7265156e+02 -1.4655859e+02      
1.7192821e+02 -1.4819813e+02      
1.7017507e+02 -1.4685793e+02      
1.6816207e+02 -1.4504599e+02      
1.6610359e+02 -1.4314755e+02      
1.6409606e+02 -1.4124789e+02      
1.6219650e+02 -1.3941967e+02      
1.6042882e+02 -1.3770535e+02      
1.5879982e+02 -1.3613369e+02      
1.5730901e+02 -1.3472994e+02      
1.5350068e+02 -1.4083569e+02      
1.5382116e+02 -1.4331124e+02      
1.5419067e+02 -1.4589515e+02      
1.5457206e+02 -1.4853851e+02      
1.5492104e+02 -1.5118934e+02      
1.5519112e+02 -1.5379473e+02      
1.5534056e+02 -1.5630379e+02      
1.5533798e+02 -1.5866881e+02      
1.5516093e+02 -1.6083969e+02      
1.5478546e+02 -1.6274923e+02      
1.5417044e+02 -1.6428194e+02      
1.5320755e+02 -1.6507614e+02      
1.5175917e+02 -1.6458114e+02      
1.5002962e+02 -1.6339647e+02      
1.4818912e+02 -1.6192974e+02      
1.4633082e+02 -1.6033640e+02      
1.4451396e+02 -1.5871351e+02      
1.4277290e+02 -1.5712659e+02      
1.4112525e+02 -1.5562294e+02      
1.3957850e+02 -1.5424044e+02      
1.3469662e+02 -1.5943097e+02      
1.3486724e+02 -1.6173219e+02      
1.3505897e+02 -1.6411583e+02      
1.3524266e+02 -1.6653493e+02      
1.3538452e+02 -1.6894009e+02      
1.3544930e+02 -1.7128052e+02      
1.3540386e+02 -1.7350466e+02      
1.3521939e+02 -1.7555900e+02      
1.3487031e+02 -1.7738280e+02      
1.3432938e+02 -1.7889667e+02      
1.3356057e+02 -1.7998103e+02      
1.3251759e+02 -1.8045928e+02      
1.3118530e+02 -1.8022617e+02      
1.2963044e+02 -1.7942626e+02      
1.2794674e+02 -1.7827289e+02      
1.2620912e+02 -1.7691718e+02      
1.2447090e+02 -1.7546210e+02      
1.2276746e+02 -1.7398191e+02      
1.2112037e+02 -1.7253301e+02      
1.1954121e+02 -1.7116079e+02      
1.1372054e+02 -1.7538191e+02      
1.1376126e+02 -1.7751627e+02      
1.1380158e+02 -1.7970896e+02      
1.1381890e+02 -1.8191503e+02      
1.1378722e+02 -1.8408736e+02      
1.1367918e+02 -1.8617714e+02      
1.1346813e+02 -1.8813379e+02      
1.1312930e+02 -1.8990376e+02      
1.1263966e+02 -1.9142750e+02      
1.1197652e+02 -1.9263489e+02      
1.1111723e+02 -1.9344301e+02      
1.1004474e+02 -1.9377111e+02      
1.0876329e+02 -1.9359059e+02      
1.0730852e+02 -1.9296176e+02      
1.0573391e+02 -1.9199496e+02      
1.0409187e+02 -1.9079852e+02      
1.0242518e+02 -1.8946190e+02      
1.0076539e+02 -1.8805668e+02      
9.9133781e+01 -1.8664080e+02      
9.7543087e+01 -1.8526241e+02      
9.0930287e+01 -1.8846222e+02      
9.0858268e+01 -1.9043832e+02      
9.0769357e+01 -1.9245036e+02      
9.0646315e+01 -1.9445562e+02      
9.0469228e+01 -1.9640951e+02      
9.0216901e+01 -1.9826590e+02      
8.9868213e+01 -1.9997708e+02      
8.9403103e+01 -2.0149331e+02      
8.8803048e+01 -2.0276211e+02      
8.8051474e+01 -2.0372819e+02      
8.7135252e+01 -2.0433733e+02      
8.6048721e+01 -2.0454844e+02      
8.4799508e+01 -2.0435303e+02      
8.3410890e+01 -2.0378534e+02      
8.1916776e+01 -2.0291049e+02      
8.0353414e+01 -2.0180349e+02      
7.8753316e+01 -2.0053580e+02      
7.7142470e+01 -1.9917060e+02      
7.5539684e+01 -1.9776256e+02      
7.3956974e+01 -1.9635899e+02      
