2.6673443e+01 2.3252329e+02      
2.6425520e+01 2.3134357e+02      
2.6565298e+01 2.3040578e+02      
2.7062248e+01 2.2978531e+02      
2.7892241e+01 2.2955892e+02      
2.9026996e+01 2.2978610e+02      
3.0395084e+01 2.3045647e+02      
3.1812998e+01 2.3137206e+02      
3.2913454e+01 2.3188805e+02      
3.2993839e+01 2.2990403e+02      
3.2795146e+01 2.2755560e+02      
3.2714483e+01 2.2550949e+02      
3.2942343e+01 2.2398307e+02      
3.3528814e+01 2.2300605e+02      
3.4454945e+01 2.2253589e+02      
3.5682012e+01 2.2250795e+02      
3.7179396e+01 2.2285327e+02      
3.8940352e+01 2.2350292e+02      
4.0987217e+01 2.2438887e+02      
4.3364705e+01 2.2544351e+02      
5.5922780e+01 2.2225716e+02      
5.5976617e+01 2.2102032e+02      
5.6417929e+01 2.2003073e+02      
5.7214537e+01 2.1939102e+02      
5.8363086e+01 2.1923233e+02      
5.9900999e+01 2.1972672e+02      
6.1818876e+01 2.2097995e+02      
6.3825393e+01 2.2267603e+02      
6.4898713e+01 2.2278009e+02      
6.4887138e+01 2.2086781e+02      
6.4006260e+01 2.1741884e+02      
6.3335379e+01 2.1448198e+02      
6.3183442e+01 2.1238995e+02      
6.3530271e+01 2.1106101e+02      
6.4263973e+01 2.1034593e+02      
6.5282793e+01 2.1012826e+02      
6.6512691e+01 2.1031109e+02      
6.7927838e+01 2.1080880e+02      
6.9559584e+01 2.1154396e+02      
7.1479096e+01 2.1244328e+02      
8.3859141e+01 2.0832162e+02      
8.4258861e+01 2.0696268e+02      
8.5030066e+01 2.0583643e+02      
8.6120056e+01 2.0505994e+02      
8.7528208e+01 2.0479727e+02      
8.9372433e+01 2.0533771e+02      
9.1847695e+01 2.0702489e+02      
9.3888604e+01 2.0822290e+02      
9.4901009e+01 2.0800256e+02      
9.4734872e+01 2.0608154e+02      
9.3658162e+01 2.0279943e+02      
9.2352393e+01 1.9912486e+02      
9.1925883e+01 1.9668609e+02      
9.2144800e+01 1.9517679e+02      
9.2778007e+01 1.9434089e+02      
9.3650417e+01 1.9403242e+02      
9.4621304e+01 1.9413499e+02      
9.5633518e+01 1.9454935e+02      
9.6747807e+01 1.9519446e+02      
9.8094141e+01 1.9599695e+02      
1.1003248e+02 1.9095931e+02      
1.1084172e+02 1.8940817e+02      
1.1198990e+02 1.8804960e+02      
1.1336469e+02 1.8699355e+02      
1.1492062e+02 1.8638382e+02      
1.1670022e+02 1.8639592e+02      
1.1876594e+02 1.8709770e+02      
1.2096552e+02 1.8809588e+02      
1.2193692e+02 1.8770565e+02      
1.2145044e+02 1.8564074e+02      
1.1993920e+02 1.8224877e+02      
1.1891792e+02 1.7922907e+02      
1.1860498e+02 1.7700419e+02      
1.1889612e+02 1.7555164e+02      
1.1959208e+02 1.7474428e+02      
1.2045478e+02 1.7446475e+02      
1.2121773e+02 1.7458584e+02      
1.2173874e+02 1.7498847e+02      
1.2217535e+02 1.7560463e+02      
1.2279274e+02 1.7637361e+02      
1.3400769e+02 1.7047999e+02      
1.3533515e+02 1.6867357e+02      
1.3696856e+02 1.6699740e+02      
1.3865345e+02 1.6553528e+02      
1.4028821e+02 1.6440618e+02      
1.4184638e+02 1.6370218e+02      
1.4331119e+02 1.6340531e+02      
1.4463058e+02 1.6328789e+02      
1.4550670e+02 1.6277895e+02      
1.4453177e+02 1.6053889e+02      
1.4345641e+02 1.5794430e+02      
1.4282690e+02 1.5559409e+02      
1.4280307e+02 1.5375667e+02      
1.4335961e+02 1.5251360e+02      
1.4434325e+02 1.5185900e+02      
1.4546756e+02 1.5174025e+02      
1.4621782e+02 1.5201451e+02      
1.4601390e+02 1.5244915e+02      
1.4547995e+02 1.5308540e+02      
1.4515317e+02 1.5389048e+02      
1.5533308e+02 1.4725031e+02      
1.5736421e+02 1.4514458e+02      
1.5978294e+02 1.4310644e+02      
1.6180539e+02 1.4112479e+02      
1.6351872e+02 1.3939017e+02      
1.6484700e+02 1.3798693e+02      
1.6568331e+02 1.3686768e+02      
1.6601202e+02 1.3586285e+02      
1.6579595e+02 1.3463798e+02      
1.6497126e+02 1.3282948e+02      
1.6418431e+02 1.3081930e+02      
1.6385192e+02 1.2896407e+02      
1.6414682e+02 1.2747471e+02      
1.6511154e+02 1.2647414e+02      
1.6664915e+02 1.2603171e+02      
1.6843156e+02 1.2617636e+02      
1.6966883e+02 1.2681278e+02      
1.6818374e+02 1.2725317e+02      
1.6624955e+02 1.2797478e+02      
1.6471085e+02 1.2890656e+02      
1.7348305e+02 1.2167746e+02      
1.7630362e+02 1.1921627e+02      
1.8017087e+02 1.1684053e+02      
1.8256198e+02 1.1419254e+02      
1.8457493e+02 1.1182573e+02      
1.8575202e+02 1.0978841e+02      
1.8595369e+02 1.0803306e+02      
1.8523678e+02 1.0644079e+02      
1.8388792e+02 1.0484477e+02      
1.8264393e+02 1.0315266e+02      
1.8183748e+02 1.0145580e+02      
1.8164392e+02 9.9917319e+01      
1.8220824e+02 9.8683556e+01      
1.8365455e+02 9.7876597e+01      
1.8596988e+02 9.7612309e+01      
1.8862477e+02 9.7994861e+01      
1.8926250e+02 9.8742492e+01      
1.8748428e+02 9.9636314e+01      
1.8388063e+02 1.0062538e+02      
1.8090647e+02 1.0182620e+02      
1.8793631e+02 9.4221160e+01      
1.9111371e+02 9.1266926e+01      
1.9535876e+02 8.8210834e+01      
2.0011001e+02 8.5093221e+01      
2.0296676e+02 8.2147081e+01      
2.0404297e+02 7.9554507e+01      
2.0354867e+02 7.7318282e+01      
2.0166603e+02 7.5353413e+01      
1.9881271e+02 7.3537758e+01      
1.9699232e+02 7.1857510e+01      
1.9600187e+02 7.0327724e+01      
1.9580824e+02 6.8984410e+01      
1.9650976e+02 6.7905673e+01      
1.9829677e+02 6.7201207e+01      
2.0135779e+02 6.6989294e+01      
2.0345153e+02 6.7402956e+01      
2.0347594e+02 6.8402002e+01      
2.0124256e+02 6.9822567e+01      
1.9730480e+02 7.1462211e+01      
1.9296471e+02 7.3127625e+01      
1.9838216e+02 6.5423393e+01      
2.0169303e+02 6.1947287e+01      
2.0625720e+02 5.8212332e+01      
2.1183545e+02 5.4319826e+01      
2.1504797e+02 5.0783733e+01      
2.1583078e+02 4.7751535e+01      
2.1458190e+02 4.5190279e+01      
2.1177322e+02 4.2980931e+01      
2.0941199e+02 4.0928468e+01      
2.0748658e+02 3.9283077e+01      
2.0628682e+02 3.7910536e+01      
2.0599388e+02 3.6704075e+01      
2.0668243e+02 3.5682564e+01      
2.0832983e+02 3.4972746e+01      
2.1055048e+02 3.4787416e+01      
2.1228722e+02 3.5322416e+01      
2.1168411e+02 3.6715635e+01      
2.0869108e+02 3.8796041e+01      
2.0399921e+02 4.1185659e+01      
2.0005636e+02 4.3381787e+01      
2.0465728e+02 3.5863896e+01      
2.0786606e+02 3.1906977e+01      
2.1231614e+02 2.7537382e+01      
2.1773574e+02 2.2856755e+01      
2.2060829e+02 1.8811423e+01      
2.2079542e+02 1.5485041e+01      
2.1895556e+02 1.2678720e+01      
2.1732199e+02 9.8534474e+00      
2.1602681e+02 7.3206462e+00      
2.1391183e+02 5.8573516e+00      
2.1240089e+02 4.7470215e+00      
2.1193202e+02 3.6788975e+00      
2.1260844e+02 2.5969609e+00      
2.1422987e+02 1.6963975e+00      
2.1603088e+02 1.4293113e+00      
2.1555895e+02 2.6485050e+00      
2.1411686e+02 4.6145326e+00      
2.1014371e+02 7.5624422e+00      
2.0604593e+02 1.0498146e+01      
2.0261893e+02 1.3180737e+01      
2.0671379e+02 6.1158439e+00      
2.0954530e+02 1.7669792e+00      
2.1343380e+02 -3.1002701e+00      
2.1806176e+02 -8.3719414e+00      
2.2006800e+02 -1.2704241e+01      
2.1956384e+02 -1.6196741e+01      
2.1893323e+02 -1.9827443e+01      
2.1861924e+02 -2.3467237e+01      
2.1764913e+02 -2.6166010e+01      
2.1597052e+02 -2.7765088e+01      
2.1405388e+02 -2.8473699e+01      
2.1334445e+02 -2.9354025e+01      
2.1411705e+02 -3.0645404e+01      
2.1593109e+02 -3.1955323e+01      
2.1651729e+02 -3.1959869e+01      
2.1512962e+02 -3.0363013e+01      
2.1170995e+02 -2.7232013e+01      
2.0772197e+02 -2.3594853e+01      
2.0404531e+02 -2.0076694e+01      
2.0104268e+02 -1.6911407e+01      
2.0465099e+02 -2.3278866e+01      
2.0688300e+02 -2.7899819e+01      
2.0984766e+02 -3.3044116e+01      
2.1320040e+02 -3.8575692e+01      
2.1407585e+02 -4.2941899e+01      
2.1428164e+02 -4.7194268e+01      
2.1469903e+02 -5.1686855e+01      
2.1467041e+02 -5.5564389e+01      
2.1390879e+02 -5.8374391e+01      
2.1247509e+02 -6.0016378e+01      
2.1079024e+02 -6.0759296e+01      
2.0973842e+02 -6.1343815e+01      
2.1064337e+02 -6.2996089e+01      
2.1157803e+02 -6.4209667e+01      
2.1132955e+02 -6.4062295e+01      
2.0935715e+02 -6.2213245e+01      
2.0577255e+02 -5.8728628e+01      
2.0147947e+02 -5.4114319e+01      
1.9812998e+02 -4.9968526e+01      
1.9553860e+02 -4.6342613e+01      
1.9870048e+02 -5.1826292e+01      
2.0023571e+02 -5.6620786e+01      
2.0210620e+02 -6.1845995e+01      
2.0387759e+02 -6.7249295e+01      
2.0479418e+02 -7.2334362e+01      
2.0521993e+02 -7.7108332e+01      
2.0547898e+02 -8.1446583e+01      
2.0566875e+02 -8.5541449e+01      
2.0501676e+02 -8.8409189e+01      
2.0355864e+02 -8.9885432e+01      
2.0168242e+02 -9.0320035e+01      
2.0059364e+02 -9.1070542e+01      
2.0058977e+02 -9.2358020e+01      
2.0119697e+02 -9.3856815e+01      
2.0051730e+02 -9.3782000e+01      
1.9808979e+02 -9.1729391e+01      
1.9419780e+02 -8.7989225e+01      
1.9098904e+02 -8.3106995e+01      
1.8838153e+02 -7.8580580e+01      
1.8631816e+02 -7.4578202e+01      
1.8916961e+02 -7.9069951e+01      
1.9005611e+02 -8.3997627e+01      
1.9108086e+02 -8.9373171e+01      
1.9201419e+02 -9.5046905e+01      
1.9264559e+02 -1.0075144e+02      
1.9295797e+02 -1.0606106e+02      
1.9272311e+02 -1.0975214e+02      
1.9233739e+02 -1.1297813e+02      
1.9164799e+02 -1.1578629e+02      
1.8998357e+02 -1.1694389e+02      
1.8828869e+02 -1.1780377e+02      
1.8699969e+02 -1.1869235e+02      
1.8622905e+02 -1.1962428e+02      
1.8573252e+02 -1.2042255e+02      
1.8484207e+02 -1.2055655e+02      
1.8209337e+02 -1.1818568e+02      
1.7904565e+02 -1.1490564e+02      
1.7685640e+02 -1.1018334e+02      
1.7511655e+02 -1.0544417e+02      
1.7368268e+02 -1.0113218e+02      
1.7637790e+02 -1.0456352e+02      
1.7671628e+02 -1.0958369e+02      
1.7712094e+02 -1.1516913e+02      
1.7747910e+02 -1.2128418e+02      
1.7769474e+02 -1.2759741e+02      
1.7752321e+02 -1.3273226e+02      
1.7693548e+02 -1.3634734e+02      
1.7600121e+02 -1.3858812e+02      
1.7479691e+02 -1.4053474e+02      
1.7317513e+02 -1.4205229e+02      
1.7144645e+02 -1.4333370e+02      
1.6988282e+02 -1.4437764e+02      
1.6855416e+02 -1.4505898e+02      
1.6728322e+02 -1.4523634e+02      
1.6565214e+02 -1.4463664e+02      
1.6330908e+02 -1.4280968e+02      
1.6120116e+02 -1.3953710e+02      
1.5968533e+02 -1.3516048e+02      
1.5880674e+02 -1.3016165e+02      
1.5803350e+02 -1.2555645e+02      
1.6063825e+02 -1.2787526e+02      
1.6051449e+02 -1.3287557e+02      
1.6041403e+02 -1.3854223e+02      
1.6026356e+02 -1.4503840e+02      
1.5989859e+02 -1.5113902e+02      
1.5925684e+02 -1.5609727e+02      
1.5832506e+02 -1.5961497e+02      
1.5709487e+02 -1.6181821e+02      
1.5554449e+02 -1.6326779e+02      
1.5369323e+02 -1.6505779e+02      
1.5170181e+02 -1.6682699e+02      
1.4980537e+02 -1.6814376e+02      
1.4811800e+02 -1.6870293e+02      
1.4651268e+02 -1.6839096e+02      
1.4466617e+02 -1.6724896e+02      
1.4304192e+02 -1.6475407e+02      
1.4168219e+02 -1.6118546e+02      
1.4067353e+02 -1.5689880e+02      
1.4008620e+02 -1.5218565e+02      
1.3987904e+02 -1.4737733e+02      
1.4227217e+02 -1.4863395e+02      
1.4175489e+02 -1.5344514e+02      
1.4121659e+02 -1.5878491e+02      
1.4057477e+02 -1.6464281e+02      
1.3971596e+02 -1.7070647e+02      
1.3866423e+02 -1.7556548e+02      
1.3744984e+02 -1.7887884e+02      
1.3600640e+02 -1.8088660e+02      
1.3417168e+02 -1.8297705e+02      
1.3194040e+02 -1.8547831e+02      
1.2944037e+02 -1.8816651e+02      
1.2711324e+02 -1.9004178e+02      
1.2520322e+02 -1.9059650e+02      
1.2372898e+02 -1.8967983e+02      
1.2261188e+02 -1.8728423e+02      
1.2183059e+02 -1.8358514e+02      
1.2111842e+02 -1.7941746e+02      
1.2049085e+02 -1.7505260e+02      
1.2004207e+02 -1.7056838e+02      
1.1975656e+02 -1.6614677e+02      
1.2162173e+02 -1.6656544e+02      
1.2077463e+02 -1.7106723e+02      
1.1987979e+02 -1.7592738e+02      
1.1887479e+02 -1.8106368e+02      
1.1768644e+02 -1.8626501e+02      
1.1627916e+02 -1.9104070e+02      
1.1487291e+02 -1.9406181e+02      
1.1316989e+02 -1.9663557e+02      
1.1108006e+02 -1.9930469e+02      
1.0847879e+02 -2.0253194e+02      
1.0520635e+02 -2.0675641e+02      
1.0229784e+02 -2.0950852e+02      
1.0018856e+02 -2.1019807e+02      
9.9029317e+01 -2.0864650e+02      
9.8727909e+01 -2.0493338e+02      
9.8961269e+01 -1.9953748e+02      
9.8775420e+01 -1.9479891e+02      
9.8426906e+01 -1.9036214e+02      
9.8091500e+01 -1.8603322e+02      
9.7809118e+01 -1.8185442e+02      
9.9049581e+01 -1.8147643e+02      
9.7931988e+01 -1.8562244e+02      
9.6756852e+01 -1.8999919e+02      
9.5483621e+01 -1.9449555e+02      
9.4072391e+01 -1.9892640e+02      
9.2514131e+01 -2.0296703e+02      
9.0834093e+01 -2.0625217e+02      
8.8928555e+01 -2.0914324e+02      
8.6707237e+01 -2.1200326e+02      
8.4075913e+01 -2.1513440e+02      
8.0951786e+01 -2.1869326e+02      
7.7469642e+01 -2.2224574e+02      
7.5143475e+01 -2.2318066e+02      
7.4363118e+01 -2.2106821e+02      
7.4816867e+01 -2.1631770e+02      
7.5049299e+01 -2.1145591e+02      
7.4989462e+01 -2.0690190e+02      
7.4775425e+01 -2.0258957e+02      
7.4525602e+01 -1.9842466e+02      
7.4291686e+01 -1.9441597e+02      
7.4935565e+01 -1.9322261e+02      
7.3598855e+01 -1.9700868e+02      
7.2203512e+01 -2.0093866e+02      
7.0724934e+01 -2.0490516e+02      
6.9141185e+01 -2.0876116e+02      
6.7439281e+01 -2.1233156e+02      
6.5603661e+01 -2.1551106e+02      
6.3594688e+01 -2.1837723e+02      
6.1366741e+01 -2.2108459e+02      
5.8885776e+01 -2.2375088e+02      
5.6148805e+01 -2.2637742e+02      
5.3262750e+01 -2.2869720e+02      
5.0700996e+01 -2.2985758e+02      
5.0321651e+01 -2.2732141e+02      
5.0326348e+01 -2.2361863e+02      
5.0292685e+01 -2.1958702e+02      
5.0160205e+01 -2.1551656e+02      
4.9967009e+01 -2.1148905e+02      
4.9760392e+01 -2.0753476e+02      
4.9571158e+01 -2.0369201e+02      
