2.3523273e+01 2.3890654e+02      
2.2935641e+01 2.3703407e+02      
2.2948296e+01 2.3522450e+02      
2.3543007e+01 2.3354272e+02      
2.4662465e+01 2.3205529e+02      
2.6177882e+01 2.3082596e+02      
2.7935800e+01 2.2992563e+02      
2.9876727e+01 2.2944834e+02      
3.1983002e+01 2.2947662e+02      
3.4194629e+01 2.3002936e+02      
3.6306409e+01 2.3097103e+02      
3.7824475e+01 2.3178549e+02      
3.7558309e+01 2.3065515e+02      
3.6802519e+01 2.2938208e+02      
3.6148540e+01 2.2846397e+02      
3.5886373e+01 2.2802299e+02      
3.6136902e+01 2.2803655e+02      
3.6944832e+01 2.2843108e+02      
3.8328536e+01 2.2912072e+02      
4.0297906e+01 2.3002057e+02      
5.1533340e+01 2.2922017e+02      
5.1152297e+01 2.2721712e+02      
5.1434867e+01 2.2524624e+02      
5.2392661e+01 2.2338125e+02      
5.4013847e+01 2.2170470e+02      
5.6115108e+01 2.2028442e+02      
5.8257472e+01 2.1916663e+02      
6.0538256e+01 2.1854454e+02      
6.3049440e+01 2.1860762e+02      
6.5841102e+01 2.1946943e+02      
6.8593756e+01 2.2091460e+02      
6.9830050e+01 2.2129193e+02      
6.9320063e+01 2.2022432e+02      
6.7427318e+01 2.1807457e+02      
6.5749770e+01 2.1646508e+02      
6.4724697e+01 2.1559126e+02      
6.4394994e+01 2.1533363e+02      
6.4716998e+01 2.1553033e+02      
6.5668692e+01 2.1605283e+02      
6.7240998e+01 2.1679442e+02      
7.8086017e+01 2.1594879e+02      
7.7898169e+01 2.1378097e+02      
7.8433348e+01 2.1160686e+02      
7.9740001e+01 2.0950488e+02      
8.1910882e+01 2.0757637e+02      
8.4960828e+01 2.0593314e+02      
8.7451792e+01 2.0443525e+02      
9.0046113e+01 2.0350869e+02      
9.2734641e+01 2.0341225e+02      
9.6029065e+01 2.0443235e+02      
9.8543138e+01 2.0531701e+02      
9.9455242e+01 2.0535158e+02      
9.8589492e+01 2.0429370e+02      
9.6316408e+01 2.0235993e+02      
9.3559339e+01 2.0023969e+02      
9.1848295e+01 1.9914514e+02      
9.0990698e+01 1.9878307e+02      
9.0841063e+01 1.9890432e+02      
9.1353273e+01 1.9935637e+02      
9.2508431e+01 2.0002130e+02      
1.0272402e+02 1.9934274e+02      
1.0269382e+02 1.9697645e+02      
1.0342808e+02 1.9455673e+02      
1.0499248e+02 1.9215665e+02      
1.0746652e+02 1.8985751e+02      
1.1084721e+02 1.8773413e+02      
1.1478659e+02 1.8587002e+02      
1.1788206e+02 1.8446670e+02      
1.2011044e+02 1.8375731e+02      
1.2267721e+02 1.8384744e+02      
1.2517005e+02 1.8441467e+02      
1.2575062e+02 1.8425094e+02      
1.2432571e+02 1.8311990e+02      
1.2136898e+02 1.8121217e+02      
1.1870451e+02 1.7970288e+02      
1.1671981e+02 1.7886723e+02      
1.1545503e+02 1.7862330e+02      
1.1487407e+02 1.7881220e+02      
1.1495492e+02 1.7930178e+02      
1.1568486e+02 1.7997958e+02      
1.2503232e+02 1.7970964e+02      
1.2510708e+02 1.7711542e+02      
1.2596467e+02 1.7441591e+02      
1.2767850e+02 1.7167464e+02      
1.3033331e+02 1.6894973e+02      
1.3403035e+02 1.6629099e+02      
1.3860665e+02 1.6379380e+02      
1.4216835e+02 1.6176296e+02      
1.4468913e+02 1.6034583e+02      
1.4663886e+02 1.5955206e+02      
1.4809045e+02 1.5917788e+02      
1.4826881e+02 1.5886498e+02      
1.4626960e+02 1.5765145e+02      
1.4374649e+02 1.5641843e+02      
1.4120986e+02 1.5556151e+02      
1.3903016e+02 1.5517587e+02      
1.3741709e+02 1.5521638e+02      
1.3643432e+02 1.5559942e+02      
1.3609411e+02 1.5622967e+02      
1.3639689e+02 1.5700959e+02      
1.4464902e+02 1.5740790e+02      
1.4476564e+02 1.5456227e+02      
1.4566015e+02 1.5156141e+02      
1.4741059e+02 1.4846330e+02      
1.5011419e+02 1.4530815e+02      
1.5390521e+02 1.4210435e+02      
1.5862922e+02 1.3891019e+02      
1.6236621e+02 1.3621381e+02      
1.6490328e+02 1.3411523e+02      
1.6630079e+02 1.3259832e+02      
1.6727896e+02 1.3137865e+02      
1.6724523e+02 1.3038728e+02      
1.6593798e+02 1.2941726e+02      
1.6384381e+02 1.2869991e+02      
1.6109452e+02 1.2847781e+02      
1.5855432e+02 1.2860360e+02      
1.5657420e+02 1.2901505e+02      
1.5519784e+02 1.2968253e+02      
1.5444197e+02 1.3054144e+02      
1.5431751e+02 1.3150676e+02      
1.6127289e+02 1.3283880e+02      
1.6136401e+02 1.2972231e+02      
1.6220459e+02 1.2640749e+02      
1.6386955e+02 1.2295876e+02      
1.6645183e+02 1.1941346e+02      
1.7008237e+02 1.1574532e+02      
1.7463183e+02 1.1196329e+02      
1.7836903e+02 1.0867147e+02      
1.8112534e+02 1.0584715e+02      
1.8326794e+02 1.0331488e+02      
1.8452386e+02 1.0124717e+02      
1.8460462e+02 9.9759430e+01      
1.8350201e+02 9.8884674e+01      
1.8168856e+02 9.8543938e+01      
1.7799865e+02 9.9078450e+01      
1.7499349e+02 9.9711211e+01      
1.7265532e+02 1.0051410e+02      
1.7089079e+02 1.0152353e+02      
1.6971946e+02 1.0268473e+02      
1.6916764e+02 1.0391206e+02      
1.7466819e+02 1.0643964e+02      
1.7466814e+02 1.0303112e+02      
1.7536793e+02 9.9386793e+01      
1.7683135e+02 9.5598385e+01      
1.7912782e+02 9.1737412e+01      
1.8234589e+02 8.7788078e+01      
1.8638790e+02 8.3705241e+01      
1.8997105e+02 8.0040942e+01      
1.9425357e+02 7.5974885e+01      
1.9753792e+02 7.2250580e+01      
1.9944195e+02 6.9248042e+01      
1.9973871e+02 6.7259284e+01      
1.9819180e+02 6.6558372e+01      
1.9462747e+02 6.7260977e+01      
1.9110621e+02 6.8113245e+01      
1.8806512e+02 6.9042241e+01      
1.8545084e+02 7.0206147e+01      
1.8329253e+02 7.1605718e+01      
1.8169558e+02 7.3139775e+01      
1.8071572e+02 7.4702553e+01      
1.8466698e+02 7.8680270e+01      
1.8451655e+02 7.4950043e+01      
1.8500092e+02 7.0938060e+01      
1.8617165e+02 6.6787181e+01      
1.8806662e+02 6.2669909e+01      
1.9068533e+02 5.8678330e+01      
1.9387309e+02 5.4754498e+01      
1.9734582e+02 5.0813034e+01      
2.0132920e+02 4.6474024e+01      
2.0562936e+02 4.1622711e+01      
2.0833635e+02 3.7577481e+01      
2.0907577e+02 3.4897632e+01      
2.0754607e+02 3.4049707e+01      
2.0378329e+02 3.5112616e+01      
2.0056206e+02 3.6039486e+01      
1.9780347e+02 3.6998067e+01      
1.9486610e+02 3.8543119e+01      
1.9222859e+02 4.0424090e+01      
1.9018052e+02 4.2412239e+01      
1.8877535e+02 4.4384504e+01      
1.9116947e+02 5.0065133e+01      
1.9081795e+02 4.5973746e+01      
1.9102574e+02 4.1514671e+01      
1.9184388e+02 3.6880504e+01      
1.9329894e+02 3.2436717e+01      
1.9535300e+02 2.8617710e+01      
1.9792982e+02 2.5016936e+01      
2.0091612e+02 2.1269112e+01      
2.0426427e+02 1.7113362e+01      
2.0785432e+02 1.2407900e+01      
2.1125021e+02 7.3275004e+00      
2.1267301e+02 3.6653556e+00      
2.1175173e+02 2.1717081e+00      
2.0869219e+02 2.9469518e+00      
2.0624991e+02 3.4400946e+00      
2.0442326e+02 3.8596926e+00      
2.0074299e+02 6.0196661e+00      
1.9752184e+02 8.5034993e+00      
1.9501454e+02 1.1032983e+01      
1.9320294e+02 1.3489228e+01      
1.9414430e+02 2.1139589e+01      
1.9354900e+02 1.6652753e+01      
1.9342289e+02 1.1629947e+01      
1.9383421e+02 6.2949975e+00      
1.9485421e+02 1.2107341e+00      
1.9639503e+02 -2.0202397e+00      
1.9847950e+02 -4.9687943e+00      
2.0094415e+02 -8.1875339e+00      
2.0364113e+02 -1.1901684e+01      
2.0643088e+02 -1.6168480e+01      
2.0909356e+02 -2.0900466e+01      
2.1117785e+02 -2.5688709e+01      
2.1117290e+02 -2.8335752e+01      
2.0924004e+02 -2.8500534e+01      
2.0772813e+02 -2.8929667e+01      
2.0630612e+02 -2.9049969e+01      
2.0263510e+02 -2.6700742e+01      
1.9900849e+02 -2.3613588e+01      
1.9607040e+02 -2.0443206e+01      
1.9389869e+02 -1.7429101e+01      
1.9363045e+02 -7.5057027e+00      
1.9275998e+02 -1.2376613e+01      
1.9223603e+02 -1.8049530e+01      
1.9215941e+02 -2.4178147e+01      
1.9267515e+02 -2.9099760e+01      
1.9380441e+02 -3.2446515e+01      
1.9552899e+02 -3.4531268e+01      
1.9756821e+02 -3.6998133e+01      
1.9970282e+02 -4.0161998e+01      
2.0180172e+02 -4.3952497e+01      
2.0373477e+02 -4.8197888e+01      
2.0530929e+02 -5.2659699e+01      
2.0618969e+02 -5.6777226e+01      
2.0556268e+02 -5.8577378e+01      
2.0514794e+02 -6.0543119e+01      
2.0360093e+02 -6.0915057e+01      
2.0058875e+02 -5.9121689e+01      
1.9657772e+02 -5.5355495e+01      
1.9325414e+02 -5.1428588e+01      
1.9080902e+02 -4.7792715e+01      
1.8973732e+02 -3.5252520e+01      
1.8860411e+02 -4.0318796e+01      
1.8763848e+02 -4.6534751e+01      
1.8709105e+02 -5.2446883e+01      
1.8715591e+02 -5.7220267e+01      
1.8790889e+02 -6.0563510e+01      
1.8927610e+02 -6.2707145e+01      
1.9100697e+02 -6.4433181e+01      
1.9264100e+02 -6.7160344e+01      
1.9414622e+02 -7.0587772e+01      
1.9546341e+02 -7.4440334e+01      
1.9650718e+02 -7.8520427e+01      
1.9722649e+02 -8.2606709e+01      
1.9768990e+02 -8.6498476e+01      
1.9717891e+02 -8.9023282e+01      
1.9565598e+02 -8.9933513e+01      
1.9315704e+02 -8.8884452e+01      
1.8992562e+02 -8.5826252e+01      
1.8644059e+02 -8.1207802e+01      
1.8393827e+02 -7.7010677e+01      
1.8262044e+02 -6.1573041e+01      
1.8132569e+02 -6.6336631e+01      
1.8016665e+02 -7.1865471e+01      
1.7915037e+02 -7.7790360e+01      
1.7879131e+02 -8.2505630e+01      
1.7925526e+02 -8.5666252e+01      
1.8039147e+02 -8.7550070e+01      
1.8156171e+02 -8.9706443e+01      
1.8264941e+02 -9.2445449e+01      
1.8360792e+02 -9.5691846e+01      
1.8438538e+02 -9.9283305e+01      
1.8492230e+02 -1.0307252e+02      
1.8517702e+02 -1.0692245e+02      
1.8506346e+02 -1.1061050e+02      
1.8428033e+02 -1.1358683e+02      
1.8278516e+02 -1.1539715e+02      
1.8067365e+02 -1.1527150e+02      
1.7815521e+02 -1.1304813e+02      
1.7557573e+02 -1.0913526e+02      
1.7343211e+02 -1.0458005e+02      
1.7244289e+02 -8.6162212e+01      
1.7105410e+02 -9.0448304e+01      
1.6981408e+02 -9.5217413e+01      
1.6873704e+02 -1.0022474e+02      
1.6796552e+02 -1.0490552e+02      
1.6822528e+02 -1.0779237e+02      
1.6875817e+02 -1.1028498e+02      
1.6934661e+02 -1.1288316e+02      
1.6989802e+02 -1.1576482e+02      
1.7034892e+02 -1.1894384e+02      
1.7063861e+02 -1.2236226e+02      
1.7070523e+02 -1.2593946e+02      
1.7048213e+02 -1.2958891e+02      
1.6987851e+02 -1.3321149e+02      
1.6879909e+02 -1.3676074e+02      
1.6725993e+02 -1.4006697e+02      
1.6535887e+02 -1.4089454e+02      
1.6331606e+02 -1.3926318e+02      
1.6135616e+02 -1.3546747e+02      
1.5964284e+02 -1.2998760e+02      
1.5938589e+02 -1.0881266e+02      
1.5793331e+02 -1.1262831e+02      
1.5664057e+02 -1.1675248e+02      
1.5554474e+02 -1.2097507e+02      
1.5476159e+02 -1.2492549e+02      
1.5446161e+02 -1.2818203e+02      
1.5442985e+02 -1.3109692e+02      
1.5449602e+02 -1.3397189e+02      
1.5456400e+02 -1.3694809e+02      
1.5456016e+02 -1.4007590e+02      
1.5441935e+02 -1.4335015e+02      
1.5407755e+02 -1.4674335e+02      
1.5346653e+02 -1.5023325e+02      
1.5251073e+02 -1.5383909e+02      
1.5114071e+02 -1.5770010e+02      
1.4937396e+02 -1.6165964e+02      
1.4752535e+02 -1.6305342e+02      
1.4576369e+02 -1.6178605e+02      
1.4423015e+02 -1.5805839e+02      
1.4300007e+02 -1.5230125e+02      
1.4366962e+02 -1.2930837e+02      
1.4216190e+02 -1.3270660e+02      
1.4080470e+02 -1.3632651e+02      
1.3963485e+02 -1.4000476e+02      
1.3870506e+02 -1.4354154e+02      
1.3803928e+02 -1.4680669e+02      
1.3757221e+02 -1.4985924e+02      
1.3720720e+02 -1.5282845e+02      
1.3686191e+02 -1.5580830e+02      
1.3646728e+02 -1.5884627e+02      
1.3596121e+02 -1.6195634e+02      
1.3528346e+02 -1.6513907e+02      
1.3437129e+02 -1.6840724e+02      
1.3315477e+02 -1.7182484e+02      
1.3154821e+02 -1.7557579e+02      
1.2954343e+02 -1.7952935e+02      
1.2768716e+02 -1.8104555e+02      
1.2609231e+02 -1.7999698e+02      
1.2485171e+02 -1.7652600e+02      
1.2401656e+02 -1.7100091e+02      
1.2555957e+02 -1.4742024e+02      
1.2399726e+02 -1.5045948e+02      
1.2256192e+02 -1.5368131e+02      
1.2127920e+02 -1.5697003e+02      
1.2017083e+02 -1.6021041e+02      
1.1923703e+02 -1.6333057e+02      
1.1844352e+02 -1.6633011e+02      
1.1773410e+02 -1.6925269e+02      
1.1704874e+02 -1.7214419e+02      
1.1633071e+02 -1.7503387e+02      
1.1552675e+02 -1.7793407e+02      
1.1458556e+02 -1.8084931e+02      
1.1345533e+02 -1.8379130e+02      
1.1207920e+02 -1.8680179e+02      
1.1037724e+02 -1.9000149e+02      
1.0831209e+02 -1.9330702e+02      
1.0650718e+02 -1.9453589e+02      
1.0501424e+02 -1.9361346e+02      
1.0389595e+02 -1.9064214e+02      
1.0321368e+02 -1.8587567e+02      
1.0536399e+02 -1.6292237e+02      
1.0374823e+02 -1.6565037e+02      
1.0223119e+02 -1.6854163e+02      
1.0083085e+02 -1.7151189e+02      
9.9557769e+01 -1.7448341e+02      
9.8408162e+01 -1.7740282e+02      
9.7360271e+01 -1.8025046e+02      
9.6378368e+01 -1.8303177e+02      
9.5420324e+01 -1.8576028e+02      
9.4443001e+01 -1.8844533e+02      
9.3404682e+01 -1.9108782e+02      
9.2265968e+01 -1.9368140e+02      
9.0990390e+01 -1.9621526e+02      
8.9546062e+01 -1.9867184e+02      
8.7914603e+01 -2.0099467e+02      
8.6162365e+01 -2.0286371e+02      
8.4518443e+01 -2.0350597e+02      
8.3092217e+01 -2.0264994e+02      
8.1925601e+01 -2.0036597e+02      
8.0984736e+01 -1.9704820e+02      
8.3426749e+01 -1.7560938e+02      
8.1761871e+01 -1.7806103e+02      
8.0168440e+01 -1.8066236e+02      
7.8660769e+01 -1.8334822e+02      
7.7246018e+01 -1.8605910e+02      
7.5921329e+01 -1.8874946e+02      
7.4672680e+01 -1.9139153e+02      
7.3476721e+01 -1.9397206e+02      
7.2304492e+01 -1.9648456e+02      
7.1125038e+01 -1.9892199e+02      
6.9908129e+01 -2.0127195e+02      
6.8626445e+01 -2.0351372e+02      
6.7258254e+01 -2.0561390e+02      
6.5792579e+01 -2.0751374e+02      
6.4241382e+01 -2.0909496e+02      
6.2661084e+01 -2.1012320e+02      
6.1145076e+01 -2.1029653e+02      
5.9765767e+01 -2.0945194e+02      
5.8551316e+01 -2.0764044e+02      
5.7480856e+01 -2.0511876e+02      
