3.7067385e+01 2.3319394e+02      
3.7825034e+01 2.3241644e+02      
3.9355539e+01 2.3186015e+02      
4.1815399e+01 2.3168237e+02      
4.5020308e+01 2.3193561e+02      
4.5911960e+01 2.3115202e+02      
4.4509743e+01 2.2940723e+02      
4.3906138e+01 2.2827097e+02      
4.4297434e+01 2.2778594e+02      
4.5469903e+01 2.2782428e+02      
4.7127726e+01 2.2813780e+02      
4.8757840e+01 2.2806517e+02      
4.9378388e+01 2.2551988e+02      
4.9838125e+01 2.2265925e+02      
5.0502768e+01 2.2017418e+02      
5.1465553e+01 2.1829944e+02      
5.2627856e+01 2.1706040e+02      
5.3794497e+01 2.1637631e+02      
5.4848201e+01 2.1613436e+02      
5.5909802e+01 2.1624958e+02      
6.5757359e+01 2.2441343e+02      
6.6737635e+01 2.2364338e+02      
6.8615740e+01 2.2308564e+02      
7.1652215e+01 2.2290778e+02      
7.5579499e+01 2.2309805e+02      
7.6574155e+01 2.2223809e+02      
7.4676924e+01 2.2043138e+02      
7.3799671e+01 2.1925672e+02      
7.4316033e+01 2.1893457e+02      
7.5990075e+01 2.1944265e+02      
7.8347710e+01 2.2039918e+02      
8.0054173e+01 2.1974590e+02      
8.0808649e+01 2.1708392e+02      
8.0760621e+01 2.1294273e+02      
8.1088036e+01 2.0941371e+02      
8.1998189e+01 2.0687212e+02      
8.3258507e+01 2.0525079e+02      
8.4383597e+01 2.0432850e+02      
8.4862018e+01 2.0383550e+02      
8.5173110e+01 2.0372654e+02      
9.2669970e+01 2.1198904e+02      
9.3718301e+01 2.1113578e+02      
9.5670306e+01 2.1042812e+02      
9.8799952e+01 2.0998480e+02      
1.0284941e+02 2.0976240e+02      
1.0389207e+02 2.0876031e+02      
1.0198249e+02 2.0709393e+02      
1.0117119e+02 2.0595359e+02      
1.0193131e+02 2.0570355e+02      
1.0424871e+02 2.0660430e+02      
1.0673679e+02 2.0695264e+02      
1.0858042e+02 2.0580844e+02      
1.0948061e+02 2.0292575e+02      
1.0962868e+02 1.9871977e+02      
1.0970242e+02 1.9425797e+02      
1.1086898e+02 1.9125303e+02      
1.1261356e+02 1.8946811e+02      
1.1413169e+02 1.8857649e+02      
1.1359915e+02 1.8790130e+02      
1.1281995e+02 1.8768522e+02      
1.1737980e+02 1.9616658e+02      
1.1833619e+02 1.9515318e+02      
1.2007641e+02 1.9418889e+02      
1.2278152e+02 1.9334123e+02      
1.2629323e+02 1.9257109e+02      
1.2731711e+02 1.9135492e+02      
1.2590510e+02 1.8979586e+02      
1.2545849e+02 1.8857238e+02      
1.2627684e+02 1.8791401e+02      
1.2828175e+02 1.8783975e+02      
1.3116833e+02 1.8791522e+02      
1.3327637e+02 1.8643466e+02      
1.3421346e+02 1.8315820e+02      
1.3434654e+02 1.7853874e+02      
1.3534637e+02 1.7441734e+02      
1.3737750e+02 1.7142798e+02      
1.3990318e+02 1.6971047e+02      
1.4097515e+02 1.6884298e+02      
1.4025771e+02 1.6845247e+02      
1.3818958e+02 1.6835862e+02      
1.3955731e+02 1.7726514e+02      
1.4031345e+02 1.7604013e+02      
1.4166232e+02 1.7476420e+02      
1.4354005e+02 1.7347169e+02      
1.4548680e+02 1.7213531e+02      
1.4642998e+02 1.7064830e+02      
1.4640342e+02 1.6907847e+02      
1.4654683e+02 1.6764686e+02      
1.4738117e+02 1.6645488e+02      
1.4899096e+02 1.6544501e+02      
1.5125432e+02 1.6435030e+02      
1.5367768e+02 1.6258035e+02      
1.5454036e+02 1.5882034e+02      
1.5564310e+02 1.5455482e+02      
1.5763966e+02 1.5058409e+02      
1.6073469e+02 1.4756171e+02      
1.6291189e+02 1.4603908e+02      
1.6353773e+02 1.4556869e+02      
1.6252384e+02 1.4569119e+02      
1.6025839e+02 1.4609700e+02      
1.5894824e+02 1.5566112e+02      
1.5947495e+02 1.5419655e+02      
1.6044536e+02 1.5258913e+02      
1.6171758e+02 1.5087267e+02      
1.6295671e+02 1.4908699e+02      
1.6377104e+02 1.4728353e+02      
1.6417496e+02 1.4551501e+02      
1.6458746e+02 1.4381213e+02      
1.6536039e+02 1.4215564e+02      
1.6661640e+02 1.4043915e+02      
1.6829855e+02 1.3843926e+02      
1.7012219e+02 1.3577675e+02      
1.7169793e+02 1.3207178e+02      
1.7355435e+02 1.2777517e+02      
1.7607467e+02 1.2349776e+02      
1.7910711e+02 1.2005983e+02      
1.8096954e+02 1.1921371e+02      
1.8116090e+02 1.1955448e+02      
1.7963741e+02 1.2047724e+02      
1.7685533e+02 1.2154601e+02      
1.7534063e+02 1.3177451e+02      
1.7566035e+02 1.3006024e+02      
1.7635809e+02 1.2811384e+02      
1.7734177e+02 1.2596276e+02      
1.7836967e+02 1.2370242e+02      
1.7902772e+02 1.2155398e+02      
1.7931170e+02 1.1958042e+02      
1.7962833e+02 1.1764521e+02      
1.8021851e+02 1.1565096e+02      
1.8115941e+02 1.1347793e+02      
1.8243352e+02 1.1093521e+02      
1.8396319e+02 1.0777314e+02      
1.8575246e+02 1.0378157e+02      
1.8799156e+02 9.9028472e+01      
1.9072555e+02 9.4113160e+01      
1.9287245e+02 9.1086128e+01      
1.9401333e+02 9.0409369e+01      
1.9382613e+02 9.1800538e+01      
1.9170684e+02 9.3792011e+01      
1.8950908e+02 9.5376806e+01      
1.8854686e+02 1.0605858e+02      
1.8868611e+02 1.0410180e+02      
1.8918270e+02 1.0182548e+02      
1.9004795e+02 9.9218054e+01      
1.9121923e+02 9.6332735e+01      
1.9171610e+02 9.3803758e+01      
1.9151340e+02 9.1749011e+01      
1.9153938e+02 8.9669908e+01      
1.9186526e+02 8.7485651e+01      
1.9249676e+02 8.5082001e+01      
1.9343871e+02 8.2297102e+01      
1.9470035e+02 7.8939202e+01      
1.9638092e+02 7.4737421e+01      
1.9866241e+02 6.9427634e+01      
2.0074328e+02 6.4875946e+01      
2.0217498e+02 6.2205729e+01      
2.0268660e+02 6.1827505e+01      
2.0205835e+02 6.3495851e+01      
2.0027160e+02 6.6277851e+01      
1.9858877e+02 6.8193524e+01      
1.9841033e+02 7.8989581e+01      
1.9837680e+02 7.6816094e+01      
1.9866775e+02 7.4252197e+01      
1.9931612e+02 7.1275566e+01      
2.0028066e+02 6.7931374e+01      
2.0064738e+02 6.4945818e+01      
2.0034746e+02 6.2546893e+01      
2.0014074e+02 6.0363394e+01      
2.0017383e+02 5.8151548e+01      
2.0048334e+02 5.5718442e+01      
2.0108264e+02 5.2923674e+01      
2.0198606e+02 4.9652710e+01      
2.0322657e+02 4.5799162e+01      
2.0478437e+02 4.1365465e+01      
2.0639666e+02 3.6813751e+01      
2.0733944e+02 3.4321788e+01      
2.0743130e+02 3.4389667e+01      
2.0659751e+02 3.6595769e+01      
2.0539229e+02 3.8799911e+01      
2.0417263e+02 4.0532298e+01      
2.0482230e+02 5.1055276e+01      
2.0461407e+02 4.8704879e+01      
2.0467410e+02 4.5909854e+01      
2.0498844e+02 4.2670770e+01      
2.0544102e+02 3.9096007e+01      
2.0572734e+02 3.5525073e+01      
2.0574811e+02 3.2307880e+01      
2.0532439e+02 3.0167298e+01      
2.0504325e+02 2.8124818e+01      
2.0501456e+02 2.5840601e+01      
2.0525188e+02 2.3190065e+01      
2.0574740e+02 2.0164138e+01      
2.0647824e+02 1.6829404e+01      
2.0737380e+02 1.3340815e+01      
2.0826099e+02 1.0027044e+01      
2.0883732e+02 7.6211922e+00      
2.0868462e+02 8.2139322e+00      
2.0807632e+02 9.6877393e+00      
2.0722668e+02 1.1295553e+01      
2.0632312e+02 1.2721981e+01      
2.0773099e+02 2.2745009e+01      
2.0735137e+02 2.0268632e+01      
2.0718575e+02 1.7296570e+01      
2.0721675e+02 1.3790929e+01      
2.0738724e+02 9.7851706e+00      
2.0758240e+02 5.5614788e+00      
2.0744742e+02 2.1384815e+00      
2.0699595e+02 -3.2362638e-01      
2.0640667e+02 -2.0554139e+00      
2.0604128e+02 -4.0641571e+00      
2.0592063e+02 -6.5240026e+00      
2.0601753e+02 -9.3212379e+00      
2.0628856e+02 -1.2231568e+01      
2.0665996e+02 -1.4975748e+01      
2.0700920e+02 -1.7224695e+01      
2.0716581e+02 -1.8518124e+01      
2.0697405e+02 -1.8366244e+01      
2.0649429e+02 -1.7408500e+01      
2.0583646e+02 -1.6181004e+01      
2.0511394e+02 -1.4974992e+01      
2.0714076e+02 -5.4601946e+00      
2.0659891e+02 -7.9959132e+00      
2.0622393e+02 -1.1054774e+01      
2.0601675e+02 -1.4741547e+01      
2.0597319e+02 -1.9187867e+01      
2.0582393e+02 -2.3453022e+01      
2.0546066e+02 -2.7001765e+01      
2.0489552e+02 -2.9669990e+01      
2.0421655e+02 -3.1630421e+01      
2.0356250e+02 -3.3385323e+01      
2.0311933e+02 -3.5789490e+01      
2.0285538e+02 -3.8537187e+01      
2.0273207e+02 -4.1256652e+01      
2.0269678e+02 -4.3543265e+01      
2.0266876e+02 -4.5043301e+01      
2.0255325e+02 -4.5619936e+01      
2.0227671e+02 -4.5333320e+01      
2.0183068e+02 -4.4470150e+01      
2.0125801e+02 -4.3359222e+01      
2.0062360e+02 -4.2238360e+01      
2.0310952e+02 -3.3101221e+01      
2.0241709e+02 -3.5620155e+01      
2.0184322e+02 -3.8635603e+01      
2.0137741e+02 -4.2193687e+01      
2.0098195e+02 -4.6300506e+01      
2.0055539e+02 -5.0733787e+01      
1.9996863e+02 -5.4426294e+01      
1.9925103e+02 -5.7155550e+01      
1.9843819e+02 -5.9140872e+01      
1.9764072e+02 -6.1428444e+01      
1.9693559e+02 -6.4162402e+01      
1.9634643e+02 -6.7161439e+01      
1.9588024e+02 -7.0060742e+01      
1.9552326e+02 -7.2264788e+01      
1.9521654e+02 -7.3086393e+01      
1.9491730e+02 -7.2922493e+01      
1.9456189e+02 -7.2156931e+01      
1.9410942e+02 -7.1058582e+01      
1.9356320e+02 -6.9847914e+01      
1.9295666e+02 -6.8684149e+01      
1.9574712e+02 -5.9752409e+01      
1.9491954e+02 -6.2190488e+01      
1.9416526e+02 -6.5067409e+01      
1.9346747e+02 -6.8374354e+01      
1.9279180e+02 -7.2065505e+01      
1.9208050e+02 -7.5999482e+01      
1.9127298e+02 -7.9821710e+01      
1.9040906e+02 -8.2514718e+01      
1.8946474e+02 -8.5113474e+01      
1.8848953e+02 -8.7982146e+01      
1.8752609e+02 -9.1236091e+01      
1.8661266e+02 -9.4797616e+01      
1.8581075e+02 -9.8332574e+01      
1.8519340e+02 -1.0104858e+02      
1.8466262e+02 -1.0085277e+02      
1.8426567e+02 -9.9669022e+01      
1.8387939e+02 -9.8164745e+01      
1.8342124e+02 -9.6625789e+01      
1.8287351e+02 -9.5178008e+01      
1.8225704e+02 -9.3885775e+01      
1.8521253e+02 -8.5023041e+01      
1.8426910e+02 -8.7340038e+01      
1.8336174e+02 -9.0037003e+01      
1.8247594e+02 -9.3079688e+01      
1.8158723e+02 -9.6400969e+01      
1.8066339e+02 -9.9879618e+01      
1.7968016e+02 -1.0328801e+02      
1.7863673e+02 -1.0636611e+02      
1.7752494e+02 -1.0941857e+02      
1.7634868e+02 -1.1273442e+02      
1.7510942e+02 -1.1652676e+02      
1.7383058e+02 -1.2085930e+02      
1.7263299e+02 -1.2528133e+02      
1.7170878e+02 -1.2763626e+02      
1.7107411e+02 -1.2743291e+02      
1.7070940e+02 -1.2507054e+02      
1.7037593e+02 -1.2263755e+02      
1.6993199e+02 -1.2056651e+02      
1.6936625e+02 -1.1884748e+02      
1.6871321e+02 -1.1740446e+02      
1.7170980e+02 -1.0855303e+02      
1.7067127e+02 -1.1072884e+02      
1.6963923e+02 -1.1323458e+02      
1.6860401e+02 -1.1602809e+02      
1.6755038e+02 -1.1904515e+02      
1.6646041e+02 -1.2219397e+02      
1.6531921e+02 -1.2536465e+02      
1.6411707e+02 -1.2850742e+02      
1.6284415e+02 -1.3172720e+02      
1.6148477e+02 -1.3522458e+02      
1.5999599e+02 -1.3931205e+02      
1.5831477e+02 -1.4433389e+02      
1.5676869e+02 -1.4844044e+02      
1.5559252e+02 -1.5054941e+02      
1.5487288e+02 -1.5029012e+02      
1.5453209e+02 -1.4798918e+02      
1.5432862e+02 -1.4469892e+02      
1.5388346e+02 -1.4225939e+02      
1.5327102e+02 -1.4037385e+02      
1.5255630e+02 -1.3882558e+02      
1.5548426e+02 -1.3001077e+02      
1.5437064e+02 -1.3203754e+02      
1.5323989e+02 -1.3435320e+02      
1.5208721e+02 -1.3691634e+02      
1.5090428e+02 -1.3967344e+02      
1.4968104e+02 -1.4256218e+02      
1.4840784e+02 -1.4552714e+02      
1.4707578e+02 -1.4855285e+02      
1.4567441e+02 -1.5169002e+02      
1.4418654e+02 -1.5504842e+02      
1.4257935e+02 -1.5877935e+02      
1.4081003e+02 -1.6293252e+02      
1.3890303e+02 -1.6706741e+02      
1.3748319e+02 -1.6911387e+02      
1.3674027e+02 -1.6864479e+02      
1.3650461e+02 -1.6607350e+02      
1.3612414e+02 -1.6344955e+02      
1.3555904e+02 -1.6121886e+02      
1.3485398e+02 -1.5936550e+02      
1.3405289e+02 -1.5779547e+02      
1.3681901e+02 -1.4909513e+02      
1.3564847e+02 -1.5097113e+02      
1.3444181e+02 -1.5310111e+02      
1.3319845e+02 -1.5544712e+02      
1.3191534e+02 -1.5796514e+02      
1.3058793e+02 -1.6060962e+02      
1.2921122e+02 -1.6334339e+02      
1.2777995e+02 -1.6615076e+02      
1.2628782e+02 -1.6904408e+02      
1.2472610e+02 -1.7205360e+02      
1.2308355e+02 -1.7519378e+02      
1.2135212e+02 -1.7839396e+02      
1.1955898e+02 -1.8137465e+02      
1.1788771e+02 -1.8343536e+02      
1.1718555e+02 -1.8268648e+02      
1.1661026e+02 -1.8101189e+02      
1.1596969e+02 -1.7910776e+02      
1.1523037e+02 -1.7726160e+02      
1.1440067e+02 -1.7556685e+02      
1.1349703e+02 -1.7404218e+02      
1.1603105e+02 -1.6553975e+02      
1.1481956e+02 -1.6726601e+02      
1.1355673e+02 -1.6921461e+02      
1.1224558e+02 -1.7135103e+02      
1.1088725e+02 -1.7363730e+02      
1.0948170e+02 -1.7603534e+02      
1.0802831e+02 -1.7851184e+02      
1.0652643e+02 -1.8104253e+02      
1.0497566e+02 -1.8361116e+02      
1.0337683e+02 -1.8619786e+02      
1.0173512e+02 -1.8875327e+02      
1.0006866e+02 -1.9115795e+02      
9.8427315e+01 -1.9317638e+02      
9.6958402e+01 -1.9436379e+02      
9.5877857e+01 -1.9420976e+02      
9.4970198e+01 -1.9322414e+02      
9.4085965e+01 -1.9185379e+02      
9.3173196e+01 -1.9034238e+02      
9.2214122e+01 -1.8882457e+02      
9.1206307e+01 -1.8736911e+02      
9.3466844e+01 -1.7911790e+02      
9.2228192e+01 -1.8069675e+02      
9.0926188e+01 -1.8246787e+02      
8.9566919e+01 -1.8439935e+02      
8.8155016e+01 -1.8645664e+02      
8.6694183e+01 -1.8860445e+02      
8.5187786e+01 -1.9080872e+02      
8.3639503e+01 -1.9303718e+02      
8.2054215e+01 -1.9525613e+02      
8.0439634e+01 -1.9742136e+02      
7.8809572e+01 -1.9946247e+02      
7.7189969e+01 -2.0126358e+02      
7.5628050e+01 -2.0264910e+02      
7.4196324e+01 -2.0339910e+02      
7.2941630e+01 -2.0338862e+02      
7.1817221e+01 -2.0274499e+02      
7.0750195e+01 -2.0169219e+02      
6.9693079e+01 -2.0041295e+02      
6.8620663e+01 -1.9903342e+02      
6.7520919e+01 -1.9763565e+02      
