3.1195410e+01 2.2001871e+02      
3.2477988e+01 2.1896859e+02      
3.3683787e+01 2.1800450e+02      
3.3775096e+01 2.1657231e+02      
3.2768505e+01 2.1470440e+02      
3.1723631e+01 2.1300856e+02      
3.1126838e+01 2.1171263e+02      
3.1083079e+01 2.1083362e+02      
3.1607636e+01 2.1036193e+02      
3.2665021e+01 2.1028257e+02      
3.4161741e+01 2.1057502e+02      
3.5925117e+01 2.1120696e+02      
3.7685827e+01 2.1212143e+02      
3.9103664e+01 2.1322496e+02      
3.9981251e+01 2.1443735e+02      
4.0505292e+01 2.1576659e+02      
4.1008858e+01 2.1723452e+02      
4.1758968e+01 2.1882721e+02      
4.2930696e+01 2.2050656e+02      
4.4624926e+01 2.2222298e+02      
6.2487519e+01 2.1008669e+02      
6.4845404e+01 2.0943359e+02      
6.7718838e+01 2.0927774e+02      
6.7893668e+01 2.0782814e+02      
6.5410645e+01 2.0513416e+02      
6.3521351e+01 2.0302821e+02      
6.2510705e+01 2.0152621e+02      
6.2293025e+01 2.0051244e+02      
6.2830364e+01 1.9993786e+02      
6.4078623e+01 1.9977503e+02      
6.5945593e+01 2.0000417e+02      
6.8231946e+01 2.0060222e+02      
7.0562670e+01 2.0152084e+02      
7.2244069e+01 2.0259683e+02      
7.2483108e+01 2.0355888e+02      
7.2046083e+01 2.0460245e+02      
7.1607463e+01 2.0581601e+02      
7.1529516e+01 2.0717327e+02      
7.2001178e+01 2.0862112e+02      
7.3102067e+01 2.1009914e+02      
9.2052376e+01 1.9641030e+02      
9.5207194e+01 1.9584128e+02      
9.8944444e+01 1.9569376e+02      
9.9171764e+01 1.9422331e+02      
9.5958587e+01 1.9148691e+02      
9.3468163e+01 1.8927085e+02      
9.2121664e+01 1.8767835e+02      
9.1765215e+01 1.8658973e+02      
9.2344408e+01 1.8594683e+02      
9.3845773e+01 1.8572134e+02      
9.6239905e+01 1.8590341e+02      
9.9379285e+01 1.8649871e+02      
1.0280935e+02 1.8750612e+02      
1.0543614e+02 1.8877603e+02      
1.0435283e+02 1.8931001e+02      
1.0241406e+02 1.9002662e+02      
1.0068607e+02 1.9100014e+02      
9.9604543e+01 1.9215634e+02      
9.9298312e+01 1.9341088e+02      
9.9770340e+01 1.9468864e+02      
1.1923310e+02 1.7918025e+02      
1.2278502e+02 1.7842243e+02      
1.2683020e+02 1.7791762e+02      
1.2704409e+02 1.7641596e+02      
1.2356541e+02 1.7398690e+02      
1.2082918e+02 1.7192284e+02      
1.1930567e+02 1.7037322e+02      
1.1886167e+02 1.6928021e+02      
1.1947933e+02 1.6860578e+02      
1.2122202e+02 1.6833077e+02      
1.2422995e+02 1.6845696e+02      
1.2851703e+02 1.6901693e+02      
1.3338017e+02 1.7004141e+02      
1.3563624e+02 1.7098855e+02      
1.3457351e+02 1.7166193e+02      
1.3080459e+02 1.7217137e+02      
1.2748891e+02 1.7298753e+02      
1.2531368e+02 1.7400830e+02      
1.2424689e+02 1.7512408e+02      
1.2412012e+02 1.7624958e+02      
1.4361482e+02 1.5876105e+02      
1.4719816e+02 1.5771259e+02      
1.5099949e+02 1.5677580e+02      
1.5102711e+02 1.5521077e+02      
1.4773626e+02 1.5315781e+02      
1.4510591e+02 1.5134927e+02      
1.4354620e+02 1.4992555e+02      
1.4303451e+02 1.4888293e+02      
1.4361951e+02 1.4820687e+02      
1.4542872e+02 1.4788672e+02      
1.4880069e+02 1.4792444e+02      
1.5417257e+02 1.4832615e+02      
1.5872222e+02 1.4891673e+02      
1.6073973e+02 1.4962511e+02      
1.5960191e+02 1.5040359e+02      
1.5579289e+02 1.5121164e+02      
1.5095742e+02 1.5204426e+02      
1.4794380e+02 1.5302161e+02      
1.4630664e+02 1.5406380e+02      
1.4569037e+02 1.5509091e+02      
1.6501777e+02 1.3558216e+02      
1.6846169e+02 1.3425691e+02      
1.7124686e+02 1.3301702e+02      
1.7069669e+02 1.3130951e+02      
1.6837920e+02 1.2955296e+02      
1.6605373e+02 1.2799479e+02      
1.6448211e+02 1.2672894e+02      
1.6386594e+02 1.2576965e+02      
1.6429699e+02 1.2511418e+02      
1.6587554e+02 1.2475521e+02      
1.6875416e+02 1.2467748e+02      
1.7294710e+02 1.2481985e+02      
1.7773448e+02 1.2504776e+02      
1.7982219e+02 1.2556385e+02      
1.7839128e+02 1.2645164e+02      
1.7401398e+02 1.2752923e+02      
1.6994885e+02 1.2853799e+02      
1.6695950e+02 1.2955827e+02      
1.6506158e+02 1.3058671e+02      
1.6410754e+02 1.3156856e+02      
1.8332360e+02 1.1005975e+02      
1.8700497e+02 1.0846788e+02      
1.8896243e+02 1.0688744e+02      
1.8850966e+02 1.0525280e+02      
1.8602790e+02 1.0365959e+02      
1.8357003e+02 1.0231873e+02      
1.8185379e+02 1.0122323e+02      
1.8106787e+02 1.0036670e+02      
1.8124624e+02 9.9749155e+01      
1.8241105e+02 9.9368563e+01      
1.8454891e+02 9.9213714e+01      
1.8750956e+02 9.9249267e+01      
1.9079875e+02 9.9416819e+01      
1.9320385e+02 9.9737488e+01      
1.9147555e+02 1.0080489e+02      
1.8828795e+02 1.0188990e+02      
1.8499506e+02 1.0295942e+02      
1.8225073e+02 1.0403563e+02      
1.8027633e+02 1.0509289e+02      
1.7910553e+02 1.0607812e+02      
1.9800902e+02 8.2598233e+01      
2.0128864e+02 8.0576259e+01      
2.0290756e+02 7.8749557e+01      
2.0244781e+02 7.7177546e+01      
2.0023276e+02 7.5868431e+01      
1.9732438e+02 7.4788558e+01      
1.9541599e+02 7.3880756e+01      
1.9444881e+02 7.3140109e+01      
1.9434563e+02 7.2571291e+01      
1.9507428e+02 7.2183505e+01      
1.9656201e+02 7.1986574e+01      
1.9862006e+02 7.1987765e+01      
2.0084005e+02 7.2202570e+01      
2.0237249e+02 7.2718360e+01      
2.0201682e+02 7.3665462e+01      
1.9947657e+02 7.4647950e+01      
1.9651720e+02 7.5739298e+01      
1.9386588e+02 7.6884635e+01      
1.9183295e+02 7.8010184e+01      
1.9050848e+02 7.9045697e+01      
2.0742020e+02 5.3721279e+01      
2.1076561e+02 5.1242133e+01      
2.1233319e+02 4.9174555e+01      
2.1168270e+02 4.7701696e+01      
2.0922815e+02 4.6724184e+01      
2.0681128e+02 4.5911634e+01      
2.0499118e+02 4.5205341e+01      
2.0390081e+02 4.4588048e+01      
2.0353975e+02 4.4066912e+01      
2.0388152e+02 4.3667357e+01      
2.0486563e+02 4.3425506e+01      
2.0637905e+02 4.3383089e+01      
2.0816818e+02 4.3597069e+01      
2.0965046e+02 4.4155320e+01      
2.0946948e+02 4.5021597e+01      
2.0757561e+02 4.6083849e+01      
2.0454371e+02 4.7267518e+01      
2.0177026e+02 4.8540292e+01      
1.9963841e+02 4.9786085e+01      
1.9819981e+02 5.0920532e+01      
2.1303021e+02 2.3970261e+01      
2.1569915e+02 2.1097816e+01      
2.1737944e+02 1.8715086e+01      
2.1639892e+02 1.7435519e+01      
2.1442563e+02 1.6712047e+01      
2.1233176e+02 1.6206945e+01      
2.1059325e+02 1.5731785e+01      
2.0940215e+02 1.5238915e+01      
2.0881290e+02 1.4747083e+01      
2.0882004e+02 1.4305070e+01      
2.0939202e+02 1.3980616e+01      
2.1052265e+02 1.3849002e+01      
2.1220602e+02 1.3971526e+01      
2.1326375e+02 1.4461083e+01      
2.1303921e+02 1.5340231e+01      
2.1141683e+02 1.6548542e+01      
2.0874826e+02 1.7971054e+01      
2.0577124e+02 1.9466442e+01      
2.0359413e+02 2.0888524e+01      
2.0211211e+02 2.2169756e+01      
2.1529185e+02 -6.2294052e+00      
2.1780251e+02 -9.8052973e+00      
2.1902393e+02 -1.2410042e+01      
2.1828002e+02 -1.3596692e+01      
2.1625649e+02 -1.3745131e+01      
2.1410112e+02 -1.3760127e+01      
2.1230248e+02 -1.3962929e+01      
2.1098771e+02 -1.4347594e+01      
2.1018905e+02 -1.4852227e+01      
2.0989806e+02 -1.5398209e+01      
2.1008233e+02 -1.5881672e+01      
2.1069178e+02 -1.6157044e+01      
2.1161635e+02 -1.6095974e+01      
2.1253153e+02 -1.5678454e+01      
2.1228549e+02 -1.4738378e+01      
2.1069053e+02 -1.3305028e+01      
2.0806421e+02 -1.1564749e+01      
2.0561946e+02 -9.8343481e+00      
2.0366987e+02 -8.1993130e+00      
2.0224844e+02 -6.7279608e+00      
2.1408560e+02 -3.6161465e+01      
2.1730677e+02 -4.1136606e+01      
2.1853881e+02 -4.4210790e+01      
2.1754743e+02 -4.5061716e+01      
2.1460016e+02 -4.3916407e+01      
2.1209526e+02 -4.3290677e+01      
2.1016362e+02 -4.3250081e+01      
2.0872046e+02 -4.3586016e+01      
2.0773574e+02 -4.4172043e+01      
2.0718440e+02 -4.4912156e+01      
2.0702854e+02 -4.5697714e+01      
2.0716437e+02 -4.6275402e+01      
2.0738519e+02 -4.6236085e+01      
2.0755227e+02 -4.5664275e+01      
2.0729852e+02 -4.4609154e+01      
2.0561982e+02 -4.2844002e+01      
2.0359588e+02 -4.0873272e+01      
2.0165708e+02 -3.8884805e+01      
2.0000066e+02 -3.6993862e+01      
1.9870230e+02 -3.5289923e+01      
2.0872318e+02 -6.4533839e+01      
2.1183342e+02 -7.0119468e+01      
2.1295643e+02 -7.3448858e+01      
2.1184183e+02 -7.4141655e+01      
2.0878088e+02 -7.2481974e+01      
2.0620059e+02 -7.1585272e+01      
2.0422419e+02 -7.1490216e+01      
2.0270005e+02 -7.1891589e+01      
2.0156788e+02 -7.2639765e+01      
2.0079786e+02 -7.3657045e+01      
2.0037449e+02 -7.4909645e+01      
2.0022957e+02 -7.6190079e+01      
1.9985736e+02 -7.6115603e+01      
1.9941689e+02 -7.5342092e+01      
1.9865721e+02 -7.3846042e+01      
1.9734179e+02 -7.1822629e+01      
1.9577293e+02 -6.9542595e+01      
1.9421161e+02 -6.7220760e+01      
1.9280663e+02 -6.5014697e+01      
1.9163983e+02 -6.3033879e+01      
1.9915320e+02 -9.0497343e+01      
2.0154089e+02 -9.5761618e+01      
2.0232697e+02 -9.8963408e+01      
2.0132618e+02 -9.9838936e+01      
1.9875942e+02 -9.8572244e+01      
1.9648288e+02 -9.8002131e+01      
1.9462138e+02 -9.8129279e+01      
1.9309159e+02 -9.8726642e+01      
1.9185708e+02 -9.9697901e+01      
1.9089890e+02 -1.0101349e+02      
1.9021030e+02 -1.0270129e+02      
1.8973843e+02 -1.0457651e+02      
1.8912647e+02 -1.0511417e+02      
1.8835850e+02 -1.0435719e+02      
1.8732977e+02 -1.0233679e+02      
1.8614361e+02 -9.9910407e+01      
1.8483723e+02 -9.7144174e+01      
1.8353176e+02 -9.4372189e+01      
1.8232289e+02 -9.1778497e+01      
1.8127215e+02 -8.9478286e+01      
1.8585804e+02 -1.1386479e+02      
1.8703081e+02 -1.1760246e+02      
1.8735891e+02 -1.2032859e+02      
1.8661125e+02 -1.2168304e+02      
1.8502766e+02 -1.2198683e+02      
1.8326807e+02 -1.2222622e+02      
1.8162040e+02 -1.2276735e+02      
1.8014165e+02 -1.2363974e+02      
1.7884240e+02 -1.2484682e+02      
1.7771963e+02 -1.2641603e+02      
1.7676581e+02 -1.2841671e+02      
1.7594795e+02 -1.3067923e+02      
1.7510168e+02 -1.3158244e+02      
1.7419214e+02 -1.3103471e+02      
1.7319319e+02 -1.2925804e+02      
1.7211966e+02 -1.2659001e+02      
1.7097080e+02 -1.2314029e+02      
1.6985213e+02 -1.1986122e+02      
1.6879818e+02 -1.1678827e+02      
1.6784353e+02 -1.1413922e+02      
1.6966019e+02 -1.3521872e+02      
1.7016428e+02 -1.3815318e+02      
1.7016199e+02 -1.4054222e+02      
1.6954014e+02 -1.4220906e+02      
1.6841099e+02 -1.4330620e+02      
1.6702424e+02 -1.4419073e+02      
1.6557731e+02 -1.4513550e+02      
1.6416591e+02 -1.4627093e+02      
1.6282665e+02 -1.4766973e+02      
1.6156541e+02 -1.4940183e+02      
1.6036920e+02 -1.5156222e+02      
1.5922404e+02 -1.5398671e+02      
1.5817046e+02 -1.5501889e+02      
1.5718870e+02 -1.5456361e+02      
1.5624489e+02 -1.5284419e+02      
1.5531514e+02 -1.5008996e+02      
1.5438009e+02 -1.4663532e+02      
1.5343403e+02 -1.4307313e+02      
1.5250888e+02 -1.3945154e+02      
1.5162996e+02 -1.3653303e+02      
1.5101563e+02 -1.5457869e+02      
1.5114829e+02 -1.5711289e+02      
1.5093666e+02 -1.5931632e+02      
1.5032909e+02 -1.6110627e+02      
1.4937366e+02 -1.6254484e+02      
1.4818439e+02 -1.6379248e+02      
1.4687493e+02 -1.6501343e+02      
1.4552098e+02 -1.6632967e+02      
1.4415871e+02 -1.6783249e+02      
1.4279251e+02 -1.6960856e+02      
1.4140000e+02 -1.7176231e+02      
1.3998473e+02 -1.7413342e+02      
1.3878778e+02 -1.7507542e+02      
1.3779063e+02 -1.7451040e+02      
1.3692909e+02 -1.7265640e+02      
1.3616266e+02 -1.6969685e+02      
1.3543158e+02 -1.6595039e+02      
1.3461173e+02 -1.6242833e+02      
1.3376511e+02 -1.5913049e+02      
1.3293699e+02 -1.5625102e+02      
1.3020930e+02 -1.7164850e+02      
1.3010130e+02 -1.7393880e+02      
1.2974126e+02 -1.7601400e+02      
1.2910314e+02 -1.7782794e+02      
1.2820921e+02 -1.7940536e+02      
1.2711679e+02 -1.8082533e+02      
1.2589069e+02 -1.8218510e+02      
1.2458108e+02 -1.8357500e+02      
1.2321371e+02 -1.8507524e+02      
1.2178661e+02 -1.8676634e+02      
1.2026681e+02 -1.8874535e+02      
1.1867337e+02 -1.9085038e+02      
1.1743637e+02 -1.9146911e+02      
1.1651727e+02 -1.9057360e+02      
1.1575979e+02 -1.8851675e+02      
1.1515337e+02 -1.8534898e+02      
1.1445814e+02 -1.8203182e+02      
1.1368913e+02 -1.7881935e+02      
1.1288950e+02 -1.7580148e+02      
1.1209413e+02 -1.7305568e+02      
1.0753714e+02 -1.8612640e+02      
1.0725760e+02 -1.8824152e+02      
1.0678314e+02 -1.9020556e+02      
1.0609975e+02 -1.9198685e+02      
1.0521900e+02 -1.9359225e+02      
1.0417217e+02 -1.9506067e+02      
1.0299740e+02 -1.9644753e+02      
1.0172679e+02 -1.9781114e+02      
1.0037735e+02 -1.9920745e+02      
9.8943784e+01 -2.0069355e+02      
9.7387753e+01 -2.0234111e+02      
9.5743250e+01 -2.0397763e+02      
9.4602668e+01 -2.0405837e+02      
9.3886930e+01 -2.0260138e+02      
9.3171325e+01 -2.0055017e+02      
9.2477053e+01 -1.9793643e+02      
9.1755704e+01 -1.9508367e+02      
9.0998948e+01 -1.9220495e+02      
9.0224964e+01 -1.8941553e+02      
8.9452315e+01 -1.8679861e+02      
8.3327854e+01 -1.9775583e+02      
8.2918118e+01 -1.9972745e+02      
8.2351638e+01 -2.0158247e+02      
8.1621123e+01 -2.0329488e+02      
8.0733869e+01 -2.0486114e+02      
7.9708906e+01 -2.0629708e+02      
7.8570520e+01 -2.0763013e+02      
7.7340996e+01 -2.0889072e+02      
7.6034525e+01 -2.1010609e+02      
7.4651893e+01 -2.1129711e+02      
7.3169497e+01 -2.1248320e+02      
7.1631928e+01 -2.1348443e+02      
7.0699125e+01 -2.1295900e+02      
6.9904023e+01 -2.1165073e+02      
6.9139084e+01 -2.0981624e+02      
6.8388838e+01 -2.0757292e+02      
6.7641413e+01 -2.0507057e+02      
6.6888690e+01 -2.0246185e+02      
6.6133326e+01 -1.9986208e+02      
6.5381778e+01 -1.9735703e+02      
