2.2193266e+01 2.3681112e+02      
2.0663038e+01 2.3561500e+02      
1.9139385e+01 2.3450650e+02      
1.7499134e+01 2.3350089e+02      
1.5692365e+01 2.3261955e+02      
1.3784691e+01 2.3190054e+02      
1.1915461e+01 2.3138714e+02      
1.0233294e+01 2.3111392e+02      
8.8641016e+00 2.3110456e+02      
7.9033639e+00 2.3137509e+02      
7.4181072e+00 2.3193677e+02      
7.4519416e+00 2.3279707e+02      
8.0310900e+00 2.3395789e+02      
9.1705258e+00 2.3541194e+02      
1.0879087e+01 2.3713875e+02      
1.3162908e+01 2.3910195e+02      
1.6027389e+01 2.4124828e+02      
1.9478114e+01 2.4350838e+02      
2.3520652e+01 2.4579944e+02      
2.8158809e+01 2.4802997e+02      
5.2162691e+01 2.2584528e+02      
5.1093339e+01 2.2459169e+02      
4.9951688e+01 2.2341256e+02      
4.8482751e+01 2.2229952e+02      
4.6546157e+01 2.2125283e+02      
4.4295657e+01 2.2033616e+02      
4.1999932e+01 2.1962047e+02      
3.9883953e+01 2.1914749e+02      
3.8109005e+01 2.1893985e+02      
3.6782423e+01 2.1901219e+02      
3.5970363e+01 2.1937771e+02      
3.5708178e+01 2.2005061e+02      
3.6010093e+01 2.2104314e+02      
3.6879235e+01 2.2235844e+02      
3.8315271e+01 2.2398321e+02      
4.0318332e+01 2.2588349e+02      
4.2890818e+01 2.2800312e+02      
4.6038586e+01 2.3026438e+02      
4.9771358e+01 2.3257094e+02      
5.4100558e+01 2.3481414e+02      
8.1160200e+01 2.1125459e+02      
8.0778187e+01 2.0994187e+02      
8.0311515e+01 2.0872216e+02      
7.9242093e+01 2.0754076e+02      
7.6987880e+01 2.0625973e+02      
7.4141915e+01 2.0508595e+02      
7.1230782e+01 2.0414036e+02      
6.8555615e+01 2.0345433e+02      
6.6298152e+01 2.0303817e+02      
6.4562319e+01 2.0289848e+02      
6.3402577e+01 2.0304742e+02      
6.2836117e+01 2.0350867e+02      
6.2854222e+01 2.0431286e+02      
6.3440263e+01 2.0548118e+02      
6.4581219e+01 2.0701192e+02      
6.6269695e+01 2.0887536e+02      
6.8503841e+01 2.1101278e+02      
7.1288955e+01 2.1333662e+02      
7.4640521e+01 2.1573234e+02      
7.8583969e+01 2.1806541e+02      
1.0865103e+02 1.9326388e+02      
1.0924519e+02 1.9187559e+02      
1.0988362e+02 1.9064103e+02      
1.0974795e+02 1.8952303e+02      
1.0668241e+02 1.8784550e+02      
1.0285663e+02 1.8636054e+02      
9.9081303e+01 1.8517457e+02      
9.5715534e+01 1.8427857e+02      
9.2912382e+01 1.8365523e+02      
9.0741841e+01 1.8329482e+02      
8.9237080e+01 1.8320073e+02      
8.8387713e+01 1.8340903e+02      
8.8140198e+01 1.8398870e+02      
8.8446923e+01 1.8499270e+02      
8.9282054e+01 1.8643471e+02      
9.0631400e+01 1.8829050e+02      
9.2487253e+01 1.9049950e+02      
9.4850565e+01 1.9296441e+02      
9.7740677e+01 1.9554860e+02      
1.0120853e+02 1.9807592e+02      
1.3399796e+02 1.7214214e+02      
1.3583279e+02 1.7060989e+02      
1.3785855e+02 1.6926429e+02      
1.3768331e+02 1.6778516e+02      
1.3482140e+02 1.6610373e+02      
1.2979078e+02 1.6437710e+02      
1.2493199e+02 1.6299651e+02      
1.2079009e+02 1.6192178e+02      
1.1742405e+02 1.6111135e+02      
1.1481735e+02 1.6053628e+02      
1.1299783e+02 1.6016813e+02      
1.1194758e+02 1.6003693e+02      
1.1148578e+02 1.6032848e+02      
1.1153192e+02 1.6113923e+02      
1.1206137e+02 1.6249420e+02      
1.1305831e+02 1.6437338e+02      
1.1450725e+02 1.6671560e+02      
1.1639501e+02 1.6941841e+02      
1.1872691e+02 1.7232871e+02      
1.2158383e+02 1.7521212e+02      
1.5634403e+02 1.4822415e+02      
1.5943172e+02 1.4641146e+02      
1.6158228e+02 1.4457831e+02      
1.6151464e+02 1.4276418e+02      
1.5880683e+02 1.4102348e+02      
1.5387428e+02 1.3940255e+02      
1.4797042e+02 1.3794600e+02      
1.4319066e+02 1.3674588e+02      
1.3933302e+02 1.3578759e+02      
1.3629435e+02 1.3503839e+02      
1.3414926e+02 1.3442302e+02      
1.3301928e+02 1.3383859e+02      
1.3239145e+02 1.3377044e+02      
1.3219717e+02 1.3435031e+02      
1.3242535e+02 1.3561776e+02      
1.3306726e+02 1.3755263e+02      
1.3409904e+02 1.4009256e+02      
1.3547694e+02 1.4314297e+02      
1.3717072e+02 1.4654129e+02      
1.3925286e+02 1.4998651e+02      
1.7476889e+02 1.2193620e+02      
1.7751089e+02 1.1974254e+02      
1.8029032e+02 1.1743080e+02      
1.8061050e+02 1.1527622e+02      
1.7791969e+02 1.1345554e+02      
1.7271597e+02 1.1191304e+02      
1.6736358e+02 1.1045153e+02      
1.6248317e+02 1.0916877e+02      
1.5824558e+02 1.0810535e+02      
1.5475039e+02 1.0725436e+02      
1.5211338e+02 1.0657495e+02      
1.5040512e+02 1.0601131e+02      
1.4955776e+02 1.0559271e+02      
1.4911542e+02 1.0590968e+02      
1.4903510e+02 1.0709168e+02      
1.4931646e+02 1.0912078e+02      
1.4993619e+02 1.1191940e+02      
1.5081456e+02 1.1540518e+02      
1.5187582e+02 1.1942544e+02      
1.5369723e+02 1.2306143e+02      
1.8957622e+02 9.3792922e+01      
1.9209893e+02 9.1303435e+01      
1.9435440e+02 8.8726966e+01      
1.9527082e+02 8.6179591e+01      
1.9256136e+02 8.4297905e+01      
1.8835728e+02 8.2580073e+01      
1.8352524e+02 8.1013315e+01      
1.7857721e+02 7.9643480e+01      
1.7392082e+02 7.8498778e+01      
1.6990392e+02 7.7597843e+01      
1.6670937e+02 7.6951589e+01      
1.6438521e+02 7.6539351e+01      
1.6291167e+02 7.6314606e+01      
1.6216849e+02 7.6372922e+01      
1.6174960e+02 7.7508384e+01      
1.6166656e+02 7.9680319e+01      
1.6190487e+02 8.2792709e+01      
1.6240670e+02 8.6704620e+01      
1.6320261e+02 9.1048782e+01      
1.6480794e+02 9.4842248e+01      
2.0094503e+02 6.4277841e+01      
2.0382675e+02 6.1520708e+01      
2.0607650e+02 5.8717235e+01      
2.0673419e+02 5.6050889e+01      
2.0504270e+02 5.3767483e+01      
2.0156163e+02 5.1797970e+01      
1.9689718e+02 5.0093891e+01      
1.9156076e+02 4.8634986e+01      
1.8617371e+02 4.7409064e+01      
1.8153209e+02 4.6456453e+01      
1.7779785e+02 4.5869969e+01      
1.7489683e+02 4.5695015e+01      
1.7281362e+02 4.5806003e+01      
1.7152139e+02 4.6075638e+01      
1.7068278e+02 4.7310634e+01      
1.7023646e+02 4.9666401e+01      
1.7013507e+02 5.3136628e+01      
1.7031513e+02 5.7577318e+01      
1.7106763e+02 6.1902682e+01      
1.7251892e+02 6.5752215e+01      
2.0851533e+02 3.3852912e+01      
2.1249806e+02 3.0801380e+01      
2.1546242e+02 2.7659020e+01      
2.1653276e+02 2.4694570e+01      
2.1538623e+02 2.2100925e+01      
2.1218719e+02 1.9926224e+01      
2.0727906e+02 1.8135558e+01      
2.0113383e+02 1.6637595e+01      
1.9454441e+02 1.5308950e+01      
1.8937036e+02 1.4213036e+01      
1.8526823e+02 1.3613376e+01      
1.8183374e+02 1.3822626e+01      
1.7914866e+02 1.4541111e+01      
1.7722899e+02 1.5556694e+01      
1.7595830e+02 1.6949303e+01      
1.7516759e+02 1.9489921e+01      
1.7480991e+02 2.3270464e+01      
1.7485308e+02 2.7925860e+01      
1.7550052e+02 3.2303095e+01      
1.7679180e+02 3.6215428e+01      
2.1149378e+02 3.0027465e+00      
2.1524223e+02 -4.9155679e-01      
2.1930311e+02 -4.1413943e+00      
2.2102421e+02 -7.4950905e+00      
2.2023055e+02 -1.0339120e+01      
2.1707026e+02 -1.2608073e+01      
2.1172861e+02 -1.4356200e+01      
2.0458425e+02 -1.5743568e+01      
1.9822684e+02 -1.7239483e+01      
1.9314858e+02 -1.8685991e+01      
1.8907989e+02 -1.9569633e+01      
1.8509914e+02 -1.8710703e+01      
1.8186376e+02 -1.7187973e+01      
1.7943612e+02 -1.5357268e+01      
1.7772342e+02 -1.3246598e+01      
1.7660609e+02 -1.0548264e+01      
1.7604668e+02 -6.3352528e+00      
1.7599913e+02 -1.7588717e+00      
1.7651645e+02 2.6484632e+00      
1.7763035e+02 6.6578389e+00      
2.1010780e+02 -2.7687956e+01      
2.1349562e+02 -3.1573921e+01      
2.1758310e+02 -3.5737071e+01      
2.1972991e+02 -3.9535272e+01      
2.1920322e+02 -4.2591513e+01      
2.1597105e+02 -4.4807160e+01      
2.1034646e+02 -4.6343670e+01      
2.0326357e+02 -4.7656433e+01      
1.9735507e+02 -4.9499669e+01      
1.9266978e+02 -5.1497841e+01      
1.8845492e+02 -5.2189090e+01      
1.8449495e+02 -5.1255948e+01      
1.8087113e+02 -4.8881559e+01      
1.7808884e+02 -4.6254051e+01      
1.7608416e+02 -4.3519570e+01      
1.7470730e+02 -4.0403915e+01      
1.7398768e+02 -3.5907838e+01      
1.7378828e+02 -3.1186000e+01      
1.7414444e+02 -2.6640848e+01      
1.7507183e+02 -2.2478175e+01      
2.0462152e+02 -5.7670474e+01      
2.0733546e+02 -6.1810090e+01      
2.1041710e+02 -6.6166113e+01      
2.1306556e+02 -7.0512542e+01      
2.1274322e+02 -7.3718163e+01      
2.0935874e+02 -7.5691942e+01      
2.0328159e+02 -7.6676241e+01      
1.9720009e+02 -7.8102246e+01      
1.9202144e+02 -8.0431948e+01      
1.8746827e+02 -8.2313575e+01      
1.8331985e+02 -8.2944255e+01      
1.7949638e+02 -8.2016089e+01      
1.7604379e+02 -7.9665040e+01      
1.7313008e+02 -7.6452990e+01      
1.7106341e+02 -7.3363058e+01      
1.6964775e+02 -6.9746549e+01      
1.6868288e+02 -6.4994436e+01      
1.6826948e+02 -5.9935531e+01      
1.6844759e+02 -5.5115293e+01      
1.6919233e+02 -5.0732976e+01      
1.9535379e+02 -8.6486742e+01      
1.9739526e+02 -9.0834126e+01      
1.9965364e+02 -9.5293887e+01      
2.0182094e+02 -9.9757575e+01      
2.0143016e+02 -1.0292389e+02      
1.9801901e+02 -1.0452064e+02      
1.9232498e+02 -1.0509585e+02      
1.8693618e+02 -1.0624403e+02      
1.8216645e+02 -1.0804906e+02      
1.7794852e+02 -1.1014727e+02      
1.7402473e+02 -1.1094389e+02      
1.7041263e+02 -1.1005208e+02      
1.6716286e+02 -1.0769450e+02      
1.6454980e+02 -1.0518741e+02      
1.6267380e+02 -1.0248220e+02      
1.6141547e+02 -9.8934702e+01      
1.6012021e+02 -9.3154413e+01      
1.5949793e+02 -8.7465904e+01      
1.5952392e+02 -8.2271358e+01      
1.6011180e+02 -7.7629820e+01      
1.8267524e+02 -1.1373262e+02      
1.8414358e+02 -1.1833997e+02      
1.8554164e+02 -1.2278453e+02      
1.8639308e+02 -1.2661356e+02      
1.8598338e+02 -1.2967453e+02      
1.8234300e+02 -1.3052984e+02      
1.7771732e+02 -1.3109919e+02      
1.7308209e+02 -1.3198964e+02      
1.6875362e+02 -1.3324800e+02      
1.6478848e+02 -1.3469054e+02      
1.6114526e+02 -1.3580958e+02      
1.5780685e+02 -1.3503387e+02      
1.5490003e+02 -1.3375667e+02      
1.5258497e+02 -1.3230312e+02      
1.5094125e+02 -1.3034640e+02      
1.4954711e+02 -1.2604129e+02      
1.4824342e+02 -1.1939988e+02      
1.4757486e+02 -1.1312841e+02      
1.4752385e+02 -1.0757496e+02      
1.4800165e+02 -1.0269112e+02      
1.6693897e+02 -1.3900650e+02      
1.6798981e+02 -1.4405649e+02      
1.6883752e+02 -1.4875291e+02      
1.6859463e+02 -1.5165650e+02      
1.6758248e+02 -1.5392712e+02      
1.6413113e+02 -1.5424241e+02      
1.6017173e+02 -1.5461682e+02      
1.5616219e+02 -1.5526320e+02      
1.5228914e+02 -1.5608815e+02      
1.4865480e+02 -1.5698104e+02      
1.4529365e+02 -1.5774156e+02      
1.4223753e+02 -1.5797056e+02      
1.3958320e+02 -1.5771171e+02      
1.3745502e+02 -1.5728258e+02      
1.3575431e+02 -1.5492746e+02      
1.3438185e+02 -1.5008529e+02      
1.3328133e+02 -1.4292964e+02      
1.3271461e+02 -1.3630460e+02      
1.3267032e+02 -1.3051838e+02      
1.3309114e+02 -1.2546858e+02      
1.4844914e+02 -1.6180739e+02      
1.4918460e+02 -1.6742677e+02      
1.4928511e+02 -1.7171346e+02      
1.4845245e+02 -1.7423272e+02      
1.4650464e+02 -1.7499877e+02      
1.4356731e+02 -1.7515661e+02      
1.4015084e+02 -1.7542404e+02      
1.3662143e+02 -1.7590289e+02      
1.3316932e+02 -1.7639311e+02      
1.2989974e+02 -1.7683462e+02      
1.2684828e+02 -1.7741607e+02      
1.2403877e+02 -1.7845398e+02      
1.2153511e+02 -1.7857372e+02      
1.1940016e+02 -1.7787298e+02      
1.1769462e+02 -1.7534594e+02      
1.1643572e+02 -1.7041204e+02      
1.1562925e+02 -1.6318586e+02      
1.1523914e+02 -1.5651039e+02      
1.1525873e+02 -1.5067597e+02      
1.1566620e+02 -1.4557402e+02      
1.2743476e+02 -1.8133709e+02      
1.2756937e+02 -1.8664366e+02      
1.2712935e+02 -1.9058307e+02      
1.2592876e+02 -1.9276842e+02      
1.2387912e+02 -1.9331340e+02      
1.2109331e+02 -1.9295549e+02      
1.1801769e+02 -1.9322090e+02      
1.1483055e+02 -1.9378725e+02      
1.1175054e+02 -1.9400374e+02      
1.0887484e+02 -1.9381182e+02      
1.0616456e+02 -1.9370794e+02      
1.0362840e+02 -1.9376898e+02      
1.0129318e+02 -1.9361904e+02      
9.9159987e+01 -1.9327722e+02      
9.7478459e+01 -1.9098954e+02      
9.6291879e+01 -1.8657978e+02      
9.5740926e+01 -1.7982556e+02      
9.5530440e+01 -1.7342825e+02      
9.5638601e+01 -1.6773271e+02      
9.6060083e+01 -1.6269873e+02      
1.0398063e+02 -1.9581969e+02      
1.0369724e+02 -2.0105779e+02      
1.0290311e+02 -2.0480140e+02      
1.0150929e+02 -2.0661002e+02      
9.9470777e+01 -2.0675896e+02      
9.6973620e+01 -2.0692573e+02      
9.4159773e+01 -2.0757737e+02      
9.1157457e+01 -2.0873326e+02      
8.8401174e+01 -2.0873058e+02      
8.5988647e+01 -2.0752090e+02      
8.3633176e+01 -2.0661978e+02      
8.1377721e+01 -2.0589074e+02      
7.9285486e+01 -2.0505016e+02      
7.7408548e+01 -2.0380321e+02      
7.5819119e+01 -2.0162373e+02      
7.4532163e+01 -1.9845727e+02      
7.4050608e+01 -1.9281680e+02      
7.3988036e+01 -1.8692370e+02      
7.4194454e+01 -1.8148140e+02      
7.4641003e+01 -1.7661702e+02      
7.8973108e+01 -2.0654866e+02      
7.8287495e+01 -2.1075647e+02      
7.7246279e+01 -2.1438186e+02      
7.5779381e+01 -2.1576799e+02      
7.3875388e+01 -2.1647998e+02      
7.1612865e+01 -2.1708846e+02      
6.9059031e+01 -2.1791804e+02      
6.6289988e+01 -2.1904009e+02      
6.3823111e+01 -2.1887715e+02      
6.1745432e+01 -2.1740231e+02      
5.9672863e+01 -2.1611403e+02      
5.7674129e+01 -2.1490142e+02      
5.5829513e+01 -2.1350987e+02      
5.4193229e+01 -2.1171596e+02      
5.2803705e+01 -2.0933495e+02      
5.1689875e+01 -2.0627583e+02      
5.0935650e+01 -2.0241346e+02      
5.1052826e+01 -1.9689038e+02      
5.1337297e+01 -1.9178280e+02      
5.1799212e+01 -1.8718066e+02      
