3.0497817e+01 2.3913143e+02      
2.9512750e+01 2.3807056e+02      
2.8795217e+01 2.3701258e+02      
2.8196806e+01 2.3598451e+02      
2.7648413e+01 2.3501430e+02      
2.7212577e+01 2.3413179e+02      
2.7029473e+01 2.3336475e+02      
2.7197519e+01 2.3273135e+02      
2.7746469e+01 2.3224018e+02      
2.8667731e+01 2.3189316e+02      
2.9932091e+01 2.3168628e+02      
3.1496218e+01 2.3160924e+02      
3.3307063e+01 2.3164545e+02      
3.5309858e+01 2.3177302e+02      
3.7461456e+01 2.3196742e+02      
3.9744329e+01 2.3220463e+02      
4.2172450e+01 2.3246278e+02      
4.4784608e+01 2.3272140e+02      
4.7629758e+01 2.3295902e+02      
5.0753456e+01 2.3315130e+02      
5.9618875e+01 2.2994353e+02      
5.8998216e+01 2.2887451e+02      
5.8704182e+01 2.2779138e+02      
5.8329217e+01 2.2670988e+02      
5.7733411e+01 2.2566114e+02      
5.7053814e+01 2.2468118e+02      
5.6688765e+01 2.2381615e+02      
5.6779661e+01 2.2308355e+02      
5.7319545e+01 2.2248820e+02      
5.8274312e+01 2.2203097e+02      
5.9597109e+01 2.2170748e+02      
6.1226300e+01 2.2150627e+02      
6.3083018e+01 2.2140727e+02      
6.5078066e+01 2.2138233e+02      
6.7135424e+01 2.2139991e+02      
6.9223456e+01 2.2143218e+02      
7.1369345e+01 2.2145876e+02      
7.3643259e+01 2.2146394e+02      
7.6125702e+01 2.2143052e+02      
7.8882760e+01 2.2133597e+02      
8.7309592e+01 2.1717650e+02      
8.7130762e+01 2.1606960e+02      
8.7589704e+01 2.1494917e+02      
8.7513596e+01 2.1379136e+02      
8.6813944e+01 2.1265302e+02      
8.5585714e+01 2.1155818e+02      
8.4984331e+01 2.1060008e+02      
8.5014356e+01 2.0977526e+02      
8.5571781e+01 2.0908396e+02      
8.6591091e+01 2.0852780e+02      
8.8012243e+01 2.0810394e+02      
8.9760274e+01 2.0780175e+02      
9.1726626e+01 2.0759800e+02      
9.3764317e+01 2.0745380e+02      
9.5729353e+01 2.0732277e+02      
9.7559369e+01 2.0716935e+02      
9.9312835e+01 2.0697839e+02      
1.0112797e+02 2.0674651e+02      
1.0314159e+02 2.0646514e+02      
1.0544528e+02 2.0611344e+02      
1.1299413e+02 2.0106265e+02      
1.1307281e+02 1.9986090e+02      
1.1384423e+02 1.9857685e+02      
1.1395763e+02 1.9729435e+02      
1.1328627e+02 1.9607225e+02      
1.1196485e+02 1.9495144e+02      
1.1132582e+02 1.9392811e+02      
1.1138550e+02 1.9302076e+02      
1.1201269e+02 1.9224226e+02      
1.1313715e+02 1.9159829e+02      
1.1470565e+02 1.9109051e+02      
1.1665114e+02 1.9071442e+02      
1.1884928e+02 1.9044913e+02      
1.2105739e+02 1.9023813e+02      
1.2296879e+02 1.8999780e+02      
1.2444578e+02 1.8967456e+02      
1.2562448e+02 1.8926881e+02      
1.2680867e+02 1.8881105e+02      
1.2823203e+02 1.8830784e+02      
1.3000021e+02 1.8773509e+02      
1.3620932e+02 1.8190465e+02      
1.3629090e+02 1.8058470e+02      
1.3698683e+02 1.7911516e+02      
1.3714414e+02 1.7768070e+02      
1.3666707e+02 1.7634554e+02      
1.3565186e+02 1.7517331e+02      
1.3523472e+02 1.7407557e+02      
1.3544056e+02 1.7308838e+02      
1.3619116e+02 1.7222990e+02      
1.3745170e+02 1.7150631e+02      
1.3920309e+02 1.7092562e+02      
1.4142651e+02 1.7049857e+02      
1.4406246e+02 1.7023051e+02      
1.4677394e+02 1.7005570e+02      
1.4874925e+02 1.6976468e+02      
1.4970368e+02 1.6927473e+02      
1.4992304e+02 1.6861480e+02      
1.5022525e+02 1.6793384e+02      
1.5094298e+02 1.6724447e+02      
1.5211763e+02 1.6649707e+02      
1.5666053e+02 1.6005445e+02      
1.5656754e+02 1.5862173e+02      
1.5677761e+02 1.5704147e+02      
1.5687970e+02 1.5544010e+02      
1.5672049e+02 1.5392620e+02      
1.5642836e+02 1.5256566e+02      
1.5640436e+02 1.5135630e+02      
1.5681921e+02 1.5029286e+02      
1.5771262e+02 1.4936367e+02      
1.5910642e+02 1.4856394e+02      
1.6102747e+02 1.4790789e+02      
1.6353105e+02 1.4742636e+02      
1.6674765e+02 1.4717773e+02      
1.7058038e+02 1.4719469e+02      
1.7274081e+02 1.4689822e+02      
1.7300207e+02 1.4626398e+02      
1.7159095e+02 1.4526839e+02      
1.7082681e+02 1.4440916e+02      
1.7080843e+02 1.4359847e+02      
1.7138760e+02 1.4273794e+02      
1.7416983e+02 1.3589619e+02      
1.7397490e+02 1.3431806e+02      
1.7402915e+02 1.3254178e+02      
1.7416285e+02 1.3069644e+02      
1.7426549e+02 1.2894730e+02      
1.7437866e+02 1.2740421e+02      
1.7465517e+02 1.2609773e+02      
1.7524207e+02 1.2499170e+02      
1.7624499e+02 1.2401322e+02      
1.7772699e+02 1.2313455e+02      
1.7973812e+02 1.2238321e+02      
1.8237194e+02 1.2180718e+02      
1.8584352e+02 1.2145909e+02      
1.9002741e+02 1.2132578e+02      
1.9215020e+02 1.2096848e+02      
1.9187656e+02 1.2033370e+02      
1.8955742e+02 1.1941977e+02      
1.8801383e+02 1.1857126e+02      
1.8738822e+02 1.1773887e+02      
1.8744518e+02 1.1683907e+02      
1.8856175e+02 1.0986098e+02      
1.8836925e+02 1.0810248e+02      
1.8846612e+02 1.0602828e+02      
1.8875666e+02 1.0377804e+02      
1.8907222e+02 1.0171210e+02      
1.8940523e+02 9.9984118e+01      
1.8983301e+02 9.8636240e+01      
1.9047334e+02 9.7602150e+01      
1.9151367e+02 9.6614447e+01      
1.9301974e+02 9.5636335e+01      
1.9500861e+02 9.4750718e+01      
1.9753386e+02 9.4039972e+01      
2.0079508e+02 9.3531244e+01      
2.0471218e+02 9.3145424e+01      
2.0652931e+02 9.2717332e+01      
2.0592496e+02 9.2187108e+01      
2.0325225e+02 9.1549255e+01      
2.0134574e+02 9.0853147e+01      
2.0034326e+02 9.0090540e+01      
2.0000555e+02 8.9223504e+01      
1.9964389e+02 8.2428496e+01      
1.9949512e+02 8.0504225e+01      
1.9969919e+02 7.8097737e+01      
2.0027182e+02 7.5194653e+01      
2.0076327e+02 7.2764317e+01      
2.0122744e+02 7.0838474e+01      
2.0171584e+02 6.9464854e+01      
2.0225561e+02 6.8709193e+01      
2.0328999e+02 6.7690308e+01      
2.0478777e+02 6.6534774e+01      
2.0668442e+02 6.5440042e+01      
2.0889885e+02 6.4563861e+01      
2.1141295e+02 6.3988690e+01      
2.1439625e+02 6.3477984e+01      
2.1563468e+02 6.3051347e+01      
2.1491736e+02 6.2650146e+01      
2.1246558e+02 6.2278513e+01      
2.1062676e+02 6.1762621e+01      
2.0948702e+02 6.1122867e+01      
2.0888988e+02 6.0347809e+01      
2.0725299e+02 5.4095377e+01      
2.0713114e+02 5.2093144e+01      
2.0734882e+02 4.9577878e+01      
2.0791723e+02 4.6521304e+01      
2.0846137e+02 4.3915352e+01      
2.0901235e+02 4.1781858e+01      
2.0960989e+02 4.0167817e+01      
2.1028671e+02 3.9146655e+01      
2.1140219e+02 3.7812920e+01      
2.1292474e+02 3.6315023e+01      
2.1474385e+02 3.4890614e+01      
2.1662140e+02 3.3792664e+01      
2.1780074e+02 3.3427613e+01      
2.1898929e+02 3.3106858e+01      
2.1943891e+02 3.2784290e+01      
2.1880914e+02 3.2482014e+01      
2.1736226e+02 3.2182057e+01      
2.1591321e+02 3.1808799e+01      
2.1478970e+02 3.1321955e+01      
2.1402833e+02 3.0688370e+01      
2.1129122e+02 2.5331577e+01      
2.1116630e+02 2.3346949e+01      
2.1131081e+02 2.0963935e+01      
2.1169038e+02 1.8305327e+01      
2.1219226e+02 1.5727209e+01      
2.1279876e+02 1.3380656e+01      
2.1354378e+02 1.1307618e+01      
2.1449496e+02 9.4324838e+00      
2.1577266e+02 7.4813499e+00      
2.1737303e+02 5.4638535e+00      
2.1912549e+02 3.6120537e+00      
2.2019873e+02 2.5862275e+00      
2.2039089e+02 2.4250104e+00      
2.2053304e+02 2.2610865e+00      
2.2038549e+02 2.0450030e+00      
2.1972509e+02 1.8450100e+00      
2.1864569e+02 1.6671089e+00      
2.1743753e+02 1.4641530e+00      
2.1633333e+02 1.1716626e+00      
2.1543943e+02 7.2992293e-01      
2.1173347e+02 -3.4295803e+00      
2.1159435e+02 -5.3617651e+00      
2.1167039e+02 -7.6202256e+00      
2.1194301e+02 -1.0109896e+01      
2.1238573e+02 -1.2693501e+01      
2.1300395e+02 -1.5261071e+01      
2.1384240e+02 -1.7754307e+01      
2.1495624e+02 -2.0262248e+01      
2.1638166e+02 -2.2863930e+01      
2.1803669e+02 -2.5457248e+01      
2.1924201e+02 -2.7365610e+01      
2.1970615e+02 -2.8368869e+01      
2.1933002e+02 -2.8451287e+01      
2.1893279e+02 -2.8577860e+01      
2.1841974e+02 -2.8753242e+01      
2.1763335e+02 -2.8853881e+01      
2.1658270e+02 -2.8850852e+01      
2.1540137e+02 -2.8813158e+01      
2.1423992e+02 -2.8846649e+01      
2.1319883e+02 -2.9039301e+01      
2.0861575e+02 -3.1766843e+01      
2.0846290e+02 -3.3651020e+01      
2.0848774e+02 -3.5841210e+01      
2.0868634e+02 -3.8283774e+01      
2.0905847e+02 -4.0928308e+01      
2.0963094e+02 -4.3731891e+01      
2.1049110e+02 -4.6519259e+01      
2.1168395e+02 -4.9495728e+01      
2.1316826e+02 -5.2639045e+01      
2.1439512e+02 -5.5283183e+01      
2.1515706e+02 -5.7267716e+01      
2.1526574e+02 -5.8416830e+01      
2.1464896e+02 -5.8649197e+01      
2.1401255e+02 -5.8927773e+01      
2.1330734e+02 -5.9187822e+01      
2.1239183e+02 -5.9219934e+01      
2.1123038e+02 -5.8953057e+01      
2.0993324e+02 -5.8559874e+01      
2.0863428e+02 -5.8245760e+01      
2.0741693e+02 -5.8127676e+01      
2.0202687e+02 -5.9257115e+01      
2.0186093e+02 -6.1100412e+01      
2.0183951e+02 -6.3243997e+01      
2.0196464e+02 -6.5659737e+01      
2.0224189e+02 -6.8335214e+01      
2.0270227e+02 -7.1256557e+01      
2.0347191e+02 -7.4272833e+01      
2.0463302e+02 -7.7540556e+01      
2.0571798e+02 -8.0554059e+01      
2.0656322e+02 -8.3165415e+01      
2.0703798e+02 -8.5318339e+01      
2.0702462e+02 -8.6885576e+01      
2.0645681e+02 -8.7689698e+01      
2.0579012e+02 -8.8371791e+01      
2.0504998e+02 -8.8929637e+01      
2.0407793e+02 -8.9013819e+01      
2.0267557e+02 -8.8243980e+01      
2.0114137e+02 -8.7285109e+01      
1.9964564e+02 -8.6520556e+01      
1.9823214e+02 -8.6039632e+01      
1.9210679e+02 -8.5483059e+01      
1.9192646e+02 -8.7285066e+01      
1.9185805e+02 -8.9378781e+01      
1.9190386e+02 -9.1746856e+01      
1.9206501e+02 -9.4386177e+01      
1.9236030e+02 -9.7277293e+01      
1.9289431e+02 -1.0020993e+02      
1.9362186e+02 -1.0315707e+02      
1.9432659e+02 -1.0596537e+02      
1.9488830e+02 -1.0852196e+02      
1.9518388e+02 -1.1091240e+02      
1.9519538e+02 -1.1313262e+02      
1.9497071e+02 -1.1520955e+02      
1.9436438e+02 -1.1647146e+02      
1.9373103e+02 -1.1764511e+02      
1.9288393e+02 -1.1809488e+02      
1.9096929e+02 -1.1615735e+02      
1.8912335e+02 -1.1440778e+02      
1.8741897e+02 -1.1313855e+02      
1.8581453e+02 -1.1228084e+02      
1.7904566e+02 -1.1004625e+02      
1.7884891e+02 -1.1180091e+02      
1.7873258e+02 -1.1383066e+02      
1.7869748e+02 -1.1611921e+02      
1.7873839e+02 -1.1865883e+02      
1.7886174e+02 -1.2141332e+02      
1.7916832e+02 -1.2414348e+02      
1.7960010e+02 -1.2680919e+02      
1.7999482e+02 -1.2947431e+02      
1.8028350e+02 -1.3209069e+02      
1.8041655e+02 -1.3471395e+02      
1.8039812e+02 -1.3745569e+02      
1.8022461e+02 -1.4025200e+02      
1.7981813e+02 -1.4259483e+02      
1.7933508e+02 -1.4466906e+02      
1.7811238e+02 -1.4443127e+02      
1.7600673e+02 -1.4163787e+02      
1.7399314e+02 -1.3926006e+02      
1.7213621e+02 -1.3756301e+02      
1.7037535e+02 -1.3637749e+02      
1.6308111e+02 -1.3257757e+02      
1.6286605e+02 -1.3427728e+02      
1.6270259e+02 -1.3622813e+02      
1.6259144e+02 -1.3840984e+02      
1.6252624e+02 -1.4080418e+02      
1.6250833e+02 -1.4336511e+02      
1.6264241e+02 -1.4587539e+02      
1.6280952e+02 -1.4840979e+02      
1.6294339e+02 -1.5097240e+02      
1.6299982e+02 -1.5357035e+02      
1.6295893e+02 -1.5627793e+02      
1.6285196e+02 -1.5932805e+02      
1.6274579e+02 -1.6304084e+02      
1.6227489e+02 -1.6584198e+02      
1.6146068e+02 -1.6763905e+02      
1.6004794e+02 -1.6709722e+02      
1.5799388e+02 -1.6393451e+02      
1.5597169e+02 -1.6125784e+02      
1.5404428e+02 -1.5931661e+02      
1.5217700e+02 -1.5790828e+02      
1.4449414e+02 -1.5274399e+02      
1.4425898e+02 -1.5438267e+02      
1.4404996e+02 -1.5624425e+02      
1.4386948e+02 -1.5830349e+02      
1.4371762e+02 -1.6052914e+02      
1.4360239e+02 -1.6286654e+02      
1.4353935e+02 -1.6523725e+02      
1.4348593e+02 -1.6763561e+02      
1.4339881e+02 -1.7006375e+02      
1.4324661e+02 -1.7253514e+02      
1.4301204e+02 -1.7509946e+02      
1.4269462e+02 -1.7785066e+02      
1.4226463e+02 -1.8074420e+02      
1.4159781e+02 -1.8338298e+02      
1.4065221e+02 -1.8573727e+02      
1.3920901e+02 -1.8556753e+02      
1.3733670e+02 -1.8260270e+02      
1.3539743e+02 -1.8000014e+02      
1.3346217e+02 -1.7803691e+02      
1.3153493e+02 -1.7653425e+02      
1.2360436e+02 -1.7025308e+02      
1.2334707e+02 -1.7182726e+02      
1.2309345e+02 -1.7359500e+02      
1.2284723e+02 -1.7552862e+02      
1.2261045e+02 -1.7759449e+02      
1.2238459e+02 -1.7975074e+02      
1.2216490e+02 -1.8195610e+02      
1.2193132e+02 -1.8418679e+02      
1.2165685e+02 -1.8643241e+02      
1.2131667e+02 -1.8869161e+02      
1.2089029e+02 -1.9097032e+02      
1.2035690e+02 -1.9326008e+02      
1.1967999e+02 -1.9548043e+02      
1.1880557e+02 -1.9749055e+02      
1.1767389e+02 -1.9909918e+02      
1.1621493e+02 -1.9969607e+02      
1.1452205e+02 -1.9745894e+02      
1.1267850e+02 -1.9528891e+02      
1.1076356e+02 -1.9349905e+02      
1.0880933e+02 -1.9201327e+02      
1.0076480e+02 -1.8485612e+02      
1.0048310e+02 -1.8636464e+02      
1.0018528e+02 -1.8803788e+02      
9.9875550e+01 -1.8984823e+02      
9.9555606e+01 -1.9176430e+02      
9.9224070e+01 -1.9375180e+02      
9.8874244e+01 -1.9577786e+02      
9.8492413e+01 -1.9781576e+02      
9.8060045e+01 -1.9984499e+02      
9.7557181e+01 -2.0184776e+02      
9.6963525e+01 -2.0380203e+02      
9.6256284e+01 -2.0566658e+02      
9.5406460e+01 -2.0736213e+02      
9.4379672e+01 -2.0876473e+02      
9.3142500e+01 -2.0969160e+02      
9.1682394e+01 -2.0978523e+02      
9.0035148e+01 -2.0867406e+02      
8.8243395e+01 -2.0713460e+02      
8.6352075e+01 -2.0560655e+02      
8.4391771e+01 -2.0419502e+02      
