2.5028242e+01 2.4519581e+02      
2.4077419e+01 2.4355775e+02      
2.3520417e+01 2.4165228e+02      
2.3226168e+01 2.3929140e+02      
2.3186754e+01 2.3653585e+02      
2.3515194e+01 2.3369086e+02      
2.4295298e+01 2.3101686e+02      
2.5527417e+01 2.2864628e+02      
2.7142333e+01 2.2663778e+02      
2.9003600e+01 2.2500632e+02      
3.0901799e+01 2.2372691e+02      
3.2574008e+01 2.2273422e+02      
3.3856784e+01 2.2197874e+02      
3.4859588e+01 2.2150061e+02      
3.5794939e+01 2.2135463e+02      
3.6832344e+01 2.2155482e+02      
3.8089681e+01 2.2207857e+02      
3.9651656e+01 2.2287644e+02      
4.1584130e+01 2.2388142e+02      
4.3939187e+01 2.2501779e+02      
5.3394948e+01 2.3624492e+02      
5.2860530e+01 2.3494331e+02      
5.2764036e+01 2.3341153e+02      
5.2679747e+01 2.3087427e+02      
5.2606790e+01 2.2740590e+02      
5.2967691e+01 2.2391093e+02      
5.3930304e+01 2.2077260e+02      
5.5483092e+01 2.1806737e+02      
5.7546436e+01 2.1582126e+02      
5.9959274e+01 2.1403556e+02      
6.2435748e+01 2.1267199e+02      
6.4459302e+01 2.1157970e+02      
6.5434862e+01 2.1052095e+02      
6.5884082e+01 2.0972133e+02      
6.6248934e+01 2.0931402e+02      
6.6746649e+01 2.0931404e+02      
6.7493890e+01 2.0968758e+02      
6.8567049e+01 2.1036699e+02      
7.0031270e+01 2.1126420e+02      
7.1941804e+01 2.1228453e+02      
8.0289547e+01 2.2350752e+02      
8.0274303e+01 2.2264463e+02      
8.1000885e+01 2.2211886e+02      
8.1128691e+01 2.1937077e+02      
8.0664996e+01 2.1450876e+02      
8.0964616e+01 2.1021208e+02      
8.2115897e+01 2.0660476e+02      
8.4040537e+01 2.0358332e+02      
8.6672196e+01 2.0113115e+02      
8.9877415e+01 1.9925198e+02      
9.3315937e+01 1.9792055e+02      
9.6190805e+01 1.9695248e+02      
9.6384637e+01 1.9541139e+02      
9.5925633e+01 1.9422650e+02      
9.5507301e+01 1.9355393e+02      
9.5352460e+01 1.9338946e+02      
9.5506120e+01 1.9367661e+02      
9.6008007e+01 1.9431715e+02      
9.6924668e+01 1.9518852e+02      
9.8320159e+01 1.9616858e+02      
1.0511823e+02 2.0696174e+02      
1.0546952e+02 2.0611132e+02      
1.0670612e+02 2.0560272e+02      
1.0703826e+02 2.0261847e+02      
1.0647773e+02 1.9728323e+02      
1.0684578e+02 1.9254545e+02      
1.0823586e+02 1.8860105e+02      
1.1055534e+02 1.8531920e+02      
1.1383020e+02 1.8269129e+02      
1.1803558e+02 1.8074673e+02      
1.2266227e+02 1.7944846e+02      
1.2542523e+02 1.7813478e+02      
1.2583662e+02 1.7663301e+02      
1.2429970e+02 1.7512706e+02      
1.2297232e+02 1.7422500e+02      
1.2214812e+02 1.7395229e+02      
1.2166875e+02 1.7425041e+02      
1.2151793e+02 1.7496886e+02      
1.2180586e+02 1.7592451e+02      
1.2262134e+02 1.7695720e+02      
1.2737945e+02 1.8681060e+02      
1.2779543e+02 1.8546992e+02      
1.2911174e+02 1.8427923e+02      
1.2963037e+02 1.8102653e+02      
1.2936397e+02 1.7584233e+02      
1.3004946e+02 1.7108785e+02      
1.3173884e+02 1.6697634e+02      
1.3438280e+02 1.6348383e+02      
1.3813614e+02 1.6067264e+02      
1.4327142e+02 1.5861326e+02      
1.4775540e+02 1.5692723e+02      
1.5046311e+02 1.5539480e+02      
1.5104583e+02 1.5392158e+02      
1.4984296e+02 1.5255689e+02      
1.4786271e+02 1.5150905e+02      
1.4673901e+02 1.5117610e+02      
1.4559586e+02 1.5165022e+02      
1.4466468e+02 1.5262568e+02      
1.4422964e+02 1.5381149e+02      
1.4440847e+02 1.5500483e+02      
1.4676158e+02 1.6354979e+02      
1.4695759e+02 1.6140244e+02      
1.4766457e+02 1.5887162e+02      
1.4834602e+02 1.5531875e+02      
1.4901277e+02 1.5085452e+02      
1.5023150e+02 1.4631370e+02      
1.5223328e+02 1.4210947e+02      
1.5505757e+02 1.3839849e+02      
1.5869832e+02 1.3532222e+02      
1.6304149e+02 1.3295484e+02      
1.6764583e+02 1.3109992e+02      
1.7039820e+02 1.2951116e+02      
1.7097692e+02 1.2809893e+02      
1.6987827e+02 1.2678712e+02      
1.6924134e+02 1.2569522e+02      
1.6892309e+02 1.2526738e+02      
1.6691116e+02 1.2618973e+02      
1.6501488e+02 1.2767452e+02      
1.6374969e+02 1.2927374e+02      
1.6325802e+02 1.3073956e+02      
1.6311548e+02 1.3783799e+02      
1.6315288e+02 1.3500208e+02      
1.6365921e+02 1.3169167e+02      
1.6448312e+02 1.2778364e+02      
1.6562439e+02 1.2339473e+02      
1.6724528e+02 1.1886842e+02      
1.6949779e+02 1.1450805e+02      
1.7246100e+02 1.1049586e+02      
1.7596633e+02 1.0705635e+02      
1.7937219e+02 1.0457967e+02      
1.8244924e+02 1.0292479e+02      
1.8512817e+02 1.0147775e+02      
1.8557118e+02 1.0023543e+02      
1.8602792e+02 9.8798733e+01      
1.8693902e+02 9.7451894e+01      
1.8668799e+02 9.7274539e+01      
1.8492778e+02 9.8420680e+01      
1.8204504e+02 1.0064595e+02      
1.7989389e+02 1.0284671e+02      
1.7875801e+02 1.0466962e+02      
1.7629829e+02 1.1029154e+02      
1.7628753e+02 1.0692952e+02      
1.7678778e+02 1.0308189e+02      
1.7774338e+02 9.8761275e+01      
1.7913107e+02 9.4104457e+01      
1.8097753e+02 8.9356467e+01      
1.8335715e+02 8.4746714e+01      
1.8643371e+02 8.0365029e+01      
1.9023577e+02 7.6307405e+01      
1.9279814e+02 7.3907989e+01      
1.9397671e+02 7.3072395e+01      
1.9532646e+02 7.2224069e+01      
1.9648097e+02 7.1127481e+01      
1.9816885e+02 6.9500827e+01      
1.9927769e+02 6.8408100e+01      
1.9915194e+02 6.8479386e+01      
1.9761002e+02 6.9892552e+01      
1.9496476e+02 7.2383674e+01      
1.9208979e+02 7.5252801e+01      
1.9052681e+02 7.7374371e+01      
1.8613682e+02 8.1452279e+01      
1.8612544e+02 7.7658389e+01      
1.8667701e+02 7.3340060e+01      
1.8777478e+02 6.8536716e+01      
1.8935807e+02 6.3415092e+01      
1.9133121e+02 5.8272284e+01      
1.9366375e+02 5.3376768e+01      
1.9645453e+02 4.8835347e+01      
1.9967689e+02 4.4739284e+01      
2.0149992e+02 4.2604085e+01      
2.0188022e+02 4.2316764e+01      
2.0253566e+02 4.2060497e+01      
2.0348552e+02 4.1563271e+01      
2.0476510e+02 4.0724425e+01      
2.0616060e+02 3.9700329e+01      
2.0622266e+02 3.9931103e+01      
2.0474189e+02 4.1719220e+01      
2.0205653e+02 4.4679365e+01      
1.9978880e+02 4.7322862e+01      
1.9833405e+02 4.9410631e+01      
1.9247401e+02 5.1841246e+01      
1.9246013e+02 4.7690370e+01      
1.9306648e+02 4.2945691e+01      
1.9434394e+02 3.7578737e+01      
1.9622282e+02 3.1733951e+01      
1.9832478e+02 2.5994887e+01      
2.0049149e+02 2.0760123e+01      
2.0266603e+02 1.6285008e+01      
2.0460411e+02 1.2907846e+01      
2.0570930e+02 1.1216695e+01      
2.0605053e+02 1.1087329e+01      
2.0635507e+02 1.1439787e+01      
2.0685404e+02 1.1749998e+01      
2.0752581e+02 1.1872958e+01      
2.0820631e+02 1.1878752e+01      
2.0842373e+02 1.2207407e+01      
2.0692241e+02 1.4440278e+01      
2.0505904e+02 1.6954014e+01      
2.0341081e+02 1.9260757e+01      
2.0222850e+02 2.1192903e+01      
1.9520061e+02 2.1974126e+01      
1.9513868e+02 1.7559424e+01      
1.9573294e+02 1.2503569e+01      
1.9713385e+02 6.6473959e+00      
1.9951370e+02 -2.2575684e-01      
2.0179739e+02 -6.7803489e+00      
2.0380530e+02 -1.2497833e+01      
2.0545114e+02 -1.7045309e+01      
2.0658548e+02 -2.0124602e+01      
2.0699935e+02 -2.1367563e+01      
2.0681253e+02 -2.0569243e+01      
2.0670786e+02 -1.9283775e+01      
2.0676694e+02 -1.8033672e+01      
2.0692309e+02 -1.6971763e+01      
2.0701452e+02 -1.6001279e+01      
2.0674353e+02 -1.4787494e+01      
2.0578456e+02 -1.2900624e+01      
2.0452851e+02 -1.0764299e+01      
2.0332941e+02 -8.7185332e+00      
2.0238559e+02 -6.9288242e+00      
1.9427537e+02 -7.6551309e+00      
1.9408851e+02 -1.2223288e+01      
1.9453941e+02 -1.7387178e+01      
1.9572207e+02 -2.3240051e+01      
1.9764932e+02 -2.9897113e+01      
2.0006286e+02 -3.7205041e+01      
2.0198448e+02 -4.3483457e+01      
2.0327693e+02 -4.8231484e+01      
2.0394154e+02 -5.1309401e+01      
2.0420249e+02 -5.2594877e+01      
2.0405515e+02 -5.1919777e+01      
2.0360267e+02 -4.9573362e+01      
2.0330476e+02 -4.7309357e+01      
2.0310079e+02 -4.5428641e+01      
2.0284519e+02 -4.3771044e+01      
2.0237707e+02 -4.2071965e+01      
2.0162205e+02 -4.0186748e+01      
2.0069144e+02 -3.8203325e+01      
1.9976482e+02 -3.6292438e+01      
1.9898432e+02 -3.4589331e+01      
1.8973594e+02 -3.6594022e+01      
1.8933868e+02 -4.1231278e+01      
1.8954129e+02 -4.6334011e+01      
1.9039777e+02 -5.1889718e+01      
1.9184803e+02 -5.7983071e+01      
1.9369635e+02 -6.4641463e+01      
1.9554134e+02 -7.1407164e+01      
1.9655405e+02 -7.6191793e+01      
1.9713823e+02 -7.9554480e+01      
1.9739755e+02 -8.1145853e+01      
1.9734457e+02 -8.0699353e+01      
1.9701472e+02 -7.8464064e+01      
1.9652257e+02 -7.5338345e+01      
1.9612023e+02 -7.2943427e+01      
1.9569339e+02 -7.0904782e+01      
1.9514725e+02 -6.8935680e+01      
1.9445649e+02 -6.6942410e+01      
1.9367276e+02 -6.4958419e+01      
1.9289011e+02 -6.3078455e+01      
1.9219976e+02 -6.1399767e+01      
1.8169859e+02 -6.4428767e+01      
1.8099628e+02 -6.9128323e+01      
1.8087350e+02 -7.4124694e+01      
1.8145688e+02 -7.9178694e+01      
1.8257072e+02 -8.4505533e+01      
1.8399612e+02 -9.0286707e+01      
1.8546220e+02 -9.6355420e+01      
1.8627237e+02 -1.0041960e+02      
1.8682918e+02 -1.0435002e+02      
1.8710350e+02 -1.0641353e+02      
1.8713395e+02 -1.0611088e+02      
1.8689966e+02 -1.0376054e+02      
1.8651557e+02 -1.0128164e+02      
1.8607797e+02 -9.9013546e+01      
1.8558090e+02 -9.6876337e+01      
1.8499474e+02 -9.4757660e+01      
1.8431983e+02 -9.2641330e+01      
1.8359310e+02 -9.0583037e+01      
1.8287254e+02 -8.8663805e+01      
1.8221665e+02 -8.6958763e+01      
1.7035960e+02 -9.0752540e+01      
1.6923836e+02 -9.5582159e+01      
1.6867533e+02 -1.0060297e+02      
1.6913510e+02 -1.0488778e+02      
1.7010406e+02 -1.0925687e+02      
1.7126813e+02 -1.1386309e+02      
1.7235940e+02 -1.1841811e+02      
1.7313973e+02 -1.2230027e+02      
1.7364665e+02 -1.2574570e+02      
1.7390710e+02 -1.2838424e+02      
1.7405080e+02 -1.2825614e+02      
1.7390615e+02 -1.2700009e+02      
1.7358530e+02 -1.2530851e+02      
1.7315639e+02 -1.2340140e+02      
1.7263224e+02 -1.2131720e+02      
1.7201608e+02 -1.1909355e+02      
1.7132757e+02 -1.1682284e+02      
1.7060771e+02 -1.1463672e+02      
1.6990020e+02 -1.1263277e+02      
1.6924233e+02 -1.1086784e+02      
1.5602089e+02 -1.1511024e+02      
1.5439994e+02 -1.2008254e+02      
1.5361420e+02 -1.2466045e+02      
1.5378412e+02 -1.2859793e+02      
1.5477986e+02 -1.3198330e+02      
1.5588333e+02 -1.3551431e+02      
1.5682014e+02 -1.3908930e+02      
1.5750843e+02 -1.4243387e+02      
1.5796878e+02 -1.4537872e+02      
1.5826612e+02 -1.4765764e+02      
1.5847656e+02 -1.4883309e+02      
1.5831168e+02 -1.4851942e+02      
1.5801489e+02 -1.4755841e+02      
1.5759390e+02 -1.4601844e+02      
1.5705239e+02 -1.4399247e+02      
1.5639806e+02 -1.4160694e+02      
1.5566037e+02 -1.3906453e+02      
1.5491459e+02 -1.3669153e+02      
1.5419395e+02 -1.3458255e+02      
1.5351468e+02 -1.3274584e+02      
1.3917473e+02 -1.3692026e+02      
1.3738242e+02 -1.4148972e+02      
1.3639845e+02 -1.4565918e+02      
1.3634782e+02 -1.4923224e+02      
1.3710158e+02 -1.5223659e+02      
1.3825126e+02 -1.5492890e+02      
1.3906751e+02 -1.5784331e+02      
1.3961899e+02 -1.6069947e+02      
1.3997830e+02 -1.6327518e+02      
1.4019596e+02 -1.6541604e+02      
1.4030172e+02 -1.6703205e+02      
1.4027568e+02 -1.6805777e+02      
1.4002289e+02 -1.6782725e+02      
1.3960708e+02 -1.6657174e+02      
1.3905095e+02 -1.6451669e+02      
1.3835390e+02 -1.6185659e+02      
1.3752639e+02 -1.5886206e+02      
1.3674957e+02 -1.5632089e+02      
1.3601127e+02 -1.5413723e+02      
1.3530578e+02 -1.5224353e+02      
1.2083477e+02 -1.5518831e+02      
1.1879422e+02 -1.5948705e+02      
1.1759809e+02 -1.6332590e+02      
1.1743937e+02 -1.6650464e+02      
1.1813711e+02 -1.6906456e+02      
1.1883703e+02 -1.7160728e+02      
1.1936470e+02 -1.7419513e+02      
1.1971503e+02 -1.7671372e+02      
1.1991888e+02 -1.7903568e+02      
1.2000173e+02 -1.8109443e+02      
1.1998542e+02 -1.8292816e+02      
1.1988317e+02 -1.8450845e+02      
1.1960727e+02 -1.8467447e+02      
1.1918521e+02 -1.8352652e+02      
1.1862525e+02 -1.8133291e+02      
1.1791562e+02 -1.7839760e+02      
1.1715308e+02 -1.7562133e+02      
1.1639280e+02 -1.7315239e+02      
1.1564897e+02 -1.7097563e+02      
1.1492265e+02 -1.6905979e+02      
1.0073159e+02 -1.7047896e+02      
9.8957515e+01 -1.7413035e+02      
9.7546044e+01 -1.7767927e+02      
9.7356751e+01 -1.8047738e+02      
9.7522791e+01 -1.8302551e+02      
9.7759233e+01 -1.8548281e+02      
9.7953459e+01 -1.8787048e+02      
9.8065539e+01 -1.9014308e+02      
9.8085448e+01 -1.9224723e+02      
9.8012612e+01 -1.9416865e+02      
9.7845392e+01 -1.9598016e+02      
9.7580517e+01 -1.9763060e+02      
9.7234167e+01 -1.9783732e+02      
9.6805532e+01 -1.9660050e+02      
9.6268406e+01 -1.9423720e+02      
9.5620883e+01 -1.9171023e+02      
9.4913235e+01 -1.8925638e+02      
9.4181431e+01 -1.8696284e+02      
9.3443057e+01 -1.8485817e+02      
9.2705165e+01 -1.8295410e+02      
7.8967160e+01 -1.8283780e+02      
7.7435801e+01 -1.8594424e+02      
7.6246693e+01 -1.8896221e+02      
7.5624744e+01 -1.9166833e+02      
7.5336429e+01 -1.9415226e+02      
7.5188777e+01 -1.9648921e+02      
7.5081990e+01 -1.9869251e+02      
7.4960532e+01 -2.0074419e+02      
7.4795229e+01 -2.0261892e+02      
7.4568595e+01 -2.0431060e+02      
7.4260950e+01 -2.0586507e+02      
7.3850795e+01 -2.0723357e+02      
7.3436098e+01 -2.0727020e+02      
7.3015860e+01 -2.0587707e+02      
7.2486852e+01 -2.0398242e+02      
7.1869876e+01 -2.0188414e+02      
7.1195588e+01 -1.9973625e+02      
7.0487590e+01 -1.9762979e+02      
6.9760286e+01 -1.9562169e+02      
6.9020554e+01 -1.9374829e+02      
