2.6969805e+01 2.1329271e+02      
2.8752646e+01 2.1056758e+02      
3.1191789e+01 2.0804323e+02      
3.4251531e+01 2.0581714e+02      
3.7904350e+01 2.0403392e+02      
4.1689812e+01 2.0276034e+02      
4.2501658e+01 2.0106527e+02      
4.2103334e+01 1.9984182e+02      
4.1209379e+01 1.9922731e+02      
4.0192751e+01 1.9918968e+02      
3.9291590e+01 1.9966122e+02      
3.8663602e+01 2.0057037e+02      
3.8392395e+01 2.0184849e+02      
3.8492486e+01 2.0342796e+02      
3.8912286e+01 2.0523453e+02      
3.9550808e+01 2.0718268e+02      
4.0322278e+01 2.0919131e+02      
4.1242336e+01 2.1121272e+02      
4.2427663e+01 2.1323245e+02      
4.4011568e+01 2.1523897e+02      
5.7453893e+01 2.0353749e+02      
5.9756798e+01 2.0073382e+02      
6.2849942e+01 1.9808112e+02      
6.6748743e+01 1.9568329e+02      
7.1505355e+01 1.9369251e+02      
7.6653009e+01 1.9218658e+02      
7.8627232e+01 1.9058243e+02      
7.7490933e+01 1.8916742e+02      
7.5670277e+01 1.8847758e+02      
7.3820466e+01 1.8844243e+02      
7.2247232e+01 1.8894275e+02      
7.1115305e+01 1.8987651e+02      
7.0502471e+01 1.9116405e+02      
7.0403345e+01 1.9273935e+02      
7.0715307e+01 1.9452747e+02      
7.1203199e+01 1.9641029e+02      
7.1603157e+01 1.9824888e+02      
7.1925589e+01 1.9999638e+02      
7.2450466e+01 2.0169926e+02      
7.3420421e+01 2.0338245e+02      
8.6256933e+01 1.9049608e+02      
8.9028463e+01 1.8758372e+02      
9.2715552e+01 1.8474436e+02      
9.7359310e+01 1.8206615e+02      
1.0298141e+02 1.7967620e+02      
1.0906644e+02 1.7767802e+02      
1.1199367e+02 1.7596988e+02      
1.1167766e+02 1.7471111e+02      
1.0887065e+02 1.7409807e+02      
1.0599338e+02 1.7418876e+02      
1.0360694e+02 1.7481212e+02      
1.0191286e+02 1.7583381e+02      
1.0097189e+02 1.7717277e+02      
1.0076831e+02 1.7878674e+02      
1.0120693e+02 1.8064423e+02      
1.0188092e+02 1.8260183e+02      
1.0189175e+02 1.8428864e+02      
1.0124998e+02 1.8565636e+02      
1.0086099e+02 1.8699151e+02      
1.0110370e+02 1.8835490e+02      
1.1283670e+02 1.7443882e+02      
1.1597993e+02 1.7140219e+02      
1.2015607e+02 1.6833669e+02      
1.2546729e+02 1.6529134e+02      
1.3179448e+02 1.6238412e+02      
1.3817224e+02 1.5984391e+02      
1.4148644e+02 1.5795274e+02      
1.4183787e+02 1.5675772e+02      
1.3975245e+02 1.5631434e+02      
1.3590774e+02 1.5667174e+02      
1.3262655e+02 1.5753145e+02      
1.3033672e+02 1.5870472e+02      
1.2910150e+02 1.6011215e+02      
1.2887370e+02 1.6175969e+02      
1.2966559e+02 1.6372157e+02      
1.3125680e+02 1.6600978e+02      
1.3086442e+02 1.6756662e+02      
1.2851623e+02 1.6832930e+02      
1.2701685e+02 1.6929382e+02      
1.2650684e+02 1.7038175e+02      
1.3670586e+02 1.5569337e+02      
1.4007301e+02 1.5254376e+02      
1.4455310e+02 1.4925699e+02      
1.5040156e+02 1.4581216e+02      
1.5762231e+02 1.4227154e+02      
1.6318857e+02 1.3942950e+02      
1.6622621e+02 1.3745334e+02      
1.6682636e+02 1.3631193e+02      
1.6542486e+02 1.3593932e+02      
1.6245036e+02 1.3633063e+02      
1.5846756e+02 1.3748544e+02      
1.5563967e+02 1.3884789e+02      
1.5419452e+02 1.4029244e+02      
1.5397083e+02 1.4188440e+02      
1.5488201e+02 1.4374672e+02      
1.5659146e+02 1.4585671e+02      
1.5575975e+02 1.4729774e+02      
1.5248927e+02 1.4799973e+02      
1.5021136e+02 1.4882138e+02      
1.4909501e+02 1.4973775e+02      
1.5745684e+02 1.3462955e+02      
1.6085828e+02 1.3140965e+02      
1.6534993e+02 1.2796706e+02      
1.7115670e+02 1.2425209e+02      
1.7811641e+02 1.2032527e+02      
1.8298290e+02 1.1736483e+02      
1.8544754e+02 1.1546857e+02      
1.8579492e+02 1.1452160e+02      
1.8478543e+02 1.1418952e+02      
1.8276933e+02 1.1443147e+02      
1.7999953e+02 1.1530753e+02      
1.7699427e+02 1.1677604e+02      
1.7566172e+02 1.1810977e+02      
1.7556996e+02 1.1950316e+02      
1.7631615e+02 1.2109355e+02      
1.7732627e+02 1.2281872e+02      
1.7595301e+02 1.2416572e+02      
1.7246457e+02 1.2505105e+02      
1.6991740e+02 1.2591755e+02      
1.6843775e+02 1.2677012e+02      
1.7478372e+02 1.1164171e+02      
1.7802552e+02 1.0841919e+02      
1.8226150e+02 1.0490979e+02      
1.8750765e+02 1.0113151e+02      
1.9322335e+02 9.7352909e+01      
1.9706843e+02 9.4585632e+01      
1.9885330e+02 9.2875437e+01      
1.9844282e+02 9.2342403e+01      
1.9768176e+02 9.1976013e+01      
1.9651179e+02 9.1934201e+01      
1.9503244e+02 9.2321320e+01      
1.9367771e+02 9.3076557e+01      
1.9318550e+02 9.3970018e+01      
1.9354217e+02 9.5015939e+01      
1.9415804e+02 9.6290679e+01      
1.9323026e+02 9.7648446e+01      
1.9113919e+02 9.8945798e+01      
1.8833334e+02 1.0005920e+02      
1.8590961e+02 1.0103977e+02      
1.8425745e+02 1.0189513e+02      
1.8848987e+02 8.7131579e+01      
1.9139112e+02 8.3999434e+01      
1.9515665e+02 8.0546849e+01      
1.9978449e+02 7.6757289e+01      
2.0300795e+02 7.4075398e+01      
2.0564205e+02 7.1730361e+01      
2.0715399e+02 6.9996998e+01      
2.0750286e+02 6.8930294e+01      
2.0731227e+02 6.8225199e+01      
2.0686420e+02 6.7815197e+01      
2.0637610e+02 6.7708166e+01      
2.0621556e+02 6.7855319e+01      
2.0672884e+02 6.8199409e+01      
2.0777372e+02 6.8793181e+01      
2.0785612e+02 6.9744902e+01      
2.0644223e+02 7.0963449e+01      
2.0354948e+02 7.2317047e+01      
2.0060453e+02 7.3594079e+01      
1.9815768e+02 7.4686563e+01      
1.9639608e+02 7.5571080e+01      
1.9849113e+02 6.1487773e+01      
2.0091106e+02 5.8540708e+01      
2.0384362e+02 5.5419489e+01      
2.0697112e+02 5.2317702e+01      
2.0954797e+02 4.9682915e+01      
2.1157396e+02 4.7431340e+01      
2.1294681e+02 4.5587544e+01      
2.1366478e+02 4.4169486e+01      
2.1394116e+02 4.3099713e+01      
2.1401979e+02 4.2311275e+01      
2.1415434e+02 4.1762828e+01      
2.1470312e+02 4.1400840e+01      
2.1604690e+02 4.1174864e+01      
2.1701356e+02 4.1354965e+01      
2.1686821e+02 4.2062253e+01      
2.1529734e+02 4.3242088e+01      
2.1246447e+02 4.4700545e+01      
2.0910737e+02 4.6172345e+01      
2.0657106e+02 4.7359218e+01      
2.0474973e+02 4.8272733e+01      
2.0480216e+02 3.5078991e+01      
2.0672422e+02 3.2341924e+01      
2.0892444e+02 2.9522512e+01      
2.1117749e+02 2.6760961e+01      
2.1320489e+02 2.4217198e+01      
2.1485826e+02 2.1958595e+01      
2.1607907e+02 2.0009412e+01      
2.1688566e+02 1.8372681e+01      
2.1738940e+02 1.7017466e+01      
2.1775563e+02 1.5897354e+01      
2.1817809e+02 1.4964932e+01      
2.1886819e+02 1.4186823e+01      
2.1993131e+02 1.3596225e+01      
2.2108535e+02 1.3330725e+01      
2.2093369e+02 1.3854878e+01      
2.1920172e+02 1.5141495e+01      
2.1620378e+02 1.6833602e+01      
2.1336687e+02 1.8333645e+01      
2.1104308e+02 1.9548528e+01      
2.0926543e+02 2.0474150e+01      
2.0748545e+02 8.2792266e+00      
2.0897385e+02 5.7260912e+00      
2.1063201e+02 3.1129467e+00      
2.1231642e+02 5.3428077e-01      
2.1387370e+02 -1.9159498e+00      
2.1519453e+02 -4.1732061e+00      
2.1623003e+02 -6.2034843e+00      
2.1699125e+02 -7.9970185e+00      
2.1754566e+02 -9.5680438e+00      
2.1800107e+02 -1.0953721e+01      
2.1848450e+02 -1.2213593e+01      
2.1910776e+02 -1.3411290e+01      
2.1985608e+02 -1.4444819e+01      
2.2043213e+02 -1.4858085e+01      
2.2034055e+02 -1.4415691e+01      
2.1838150e+02 -1.2748681e+01      
2.1598005e+02 -1.0998570e+01      
2.1366347e+02 -9.4961208e+00      
2.1163724e+02 -8.2837483e+00      
2.0997471e+02 -7.3626009e+00      
2.0661775e+02 -1.8514560e+01      
2.0774511e+02 -2.0916108e+01      
2.0898426e+02 -2.3379642e+01      
2.1023856e+02 -2.5835338e+01      
2.1141084e+02 -2.8216281e+01      
2.1242689e+02 -3.0469258e+01      
2.1324966e+02 -3.2558671e+01      
2.1388305e+02 -3.4466047e+01      
2.1436843e+02 -3.6191203e+01      
2.1477481e+02 -3.7760274e+01      
2.1518627e+02 -3.9249063e+01      
2.1569482e+02 -4.0836096e+01      
2.1631798e+02 -4.2617487e+01      
2.1645801e+02 -4.3174067e+01      
2.1583725e+02 -4.2387015e+01      
2.1413776e+02 -4.0240135e+01      
2.1219377e+02 -3.8375092e+01      
2.1027927e+02 -3.6884003e+01      
2.0851740e+02 -3.5695346e+01      
2.0698579e+02 -3.4791754e+01      
2.0229401e+02 -4.4889503e+01      
2.0312045e+02 -4.7164807e+01      
2.0402073e+02 -4.9511244e+01      
2.0492654e+02 -5.1874078e+01      
2.0577161e+02 -5.4201691e+01      
2.0650427e+02 -5.6450048e+01      
2.0709688e+02 -5.8584120e+01      
2.0754942e+02 -6.0576451e+01      
2.0788704e+02 -6.2406111e+01      
2.0815221e+02 -6.4065671e+01      
2.0839645e+02 -6.5601740e+01      
2.0867674e+02 -6.7194484e+01      
2.0897505e+02 -6.8955546e+01      
2.0881392e+02 -6.9448025e+01      
2.0804297e+02 -6.8613324e+01      
2.0661737e+02 -6.6548266e+01      
2.0502465e+02 -6.4798054e+01      
2.0341310e+02 -6.3394380e+01      
2.0186818e+02 -6.2261529e+01      
2.0045680e+02 -6.1387447e+01      
1.9464004e+02 -7.0430853e+01      
1.9521275e+02 -7.2597368e+01      
1.9582997e+02 -7.4845110e+01      
1.9644138e+02 -7.7130098e+01      
1.9699900e+02 -7.9411762e+01      
1.9746489e+02 -8.1654599e+01      
1.9781760e+02 -8.3826688e+01      
1.9805562e+02 -8.5893962e+01      
1.9819612e+02 -8.7811867e+01      
1.9826426e+02 -8.9506255e+01      
1.9828039e+02 -9.0898159e+01      
1.9826759e+02 -9.2095621e+01      
1.9816596e+02 -9.3021351e+01      
1.9779373e+02 -9.3221586e+01      
1.9704553e+02 -9.2566523e+01      
1.9593837e+02 -9.1266497e+01      
1.9463793e+02 -8.9882358e+01      
1.9326421e+02 -8.8641260e+01      
1.9189346e+02 -8.7588943e+01      
1.9058345e+02 -8.6749626e+01      
1.8382054e+02 -9.4734037e+01      
1.8417694e+02 -9.6802531e+01      
1.8455275e+02 -9.8960437e+01      
1.8490931e+02 -1.0117229e+02      
1.8520962e+02 -1.0340718e+02      
1.8542338e+02 -1.0563992e+02      
1.8553200e+02 -1.0784818e+02      
1.8553330e+02 -1.1000106e+02      
1.8544379e+02 -1.1203446e+02      
1.8528887e+02 -1.1380395e+02      
1.8504848e+02 -1.1491918e+02      
1.8477785e+02 -1.1568218e+02      
1.8443871e+02 -1.1609133e+02      
1.8395087e+02 -1.1602943e+02      
1.8325103e+02 -1.1545764e+02      
1.8233275e+02 -1.1450160e+02      
1.8124624e+02 -1.1338959e+02      
1.8005739e+02 -1.1229831e+02      
1.7882476e+02 -1.1132049e+02      
1.7759665e+02 -1.1050762e+02      
1.7004189e+02 -1.1741430e+02      
1.7021266e+02 -1.1939016e+02      
1.7038045e+02 -1.2145990e+02      
1.7051429e+02 -1.2359481e+02      
1.7058360e+02 -1.2577245e+02      
1.7056123e+02 -1.2798015e+02      
1.7042679e+02 -1.3021748e+02      
1.7017407e+02 -1.3247184e+02      
1.6982132e+02 -1.3464348e+02      
1.6938847e+02 -1.3631771e+02      
1.6890959e+02 -1.3735824e+02      
1.6842981e+02 -1.3776214e+02      
1.6795161e+02 -1.3782002e+02      
1.6742458e+02 -1.3754340e+02      
1.6679251e+02 -1.3693387e+02      
1.6601637e+02 -1.3606701e+02      
1.6509271e+02 -1.3507056e+02      
1.6404904e+02 -1.3406274e+02      
1.6292554e+02 -1.3312717e+02      
1.6176192e+02 -1.3231983e+02      
1.5355154e+02 -1.3811469e+02      
1.5356286e+02 -1.3999926e+02      
1.5355136e+02 -1.4197726e+02      
1.5349137e+02 -1.4402446e+02      
1.5335616e+02 -1.4612379e+02      
1.5311916e+02 -1.4827108e+02      
1.5275386e+02 -1.5049160e+02      
1.5223696e+02 -1.5282557e+02      
1.5159032e+02 -1.5491953e+02      
1.5085148e+02 -1.5654477e+02      
1.5009634e+02 -1.5755906e+02      
1.4942193e+02 -1.5790878e+02      
1.4886175e+02 -1.5769801e+02      
1.4836130e+02 -1.5723493e+02      
1.4785064e+02 -1.5651366e+02      
1.4723082e+02 -1.5560967e+02      
1.4645348e+02 -1.5462310e+02      
1.4552932e+02 -1.5363336e+02      
1.4449213e+02 -1.5270108e+02      
1.4337812e+02 -1.5187317e+02      
1.3463531e+02 -1.5651282e+02      
1.3451027e+02 -1.5830491e+02      
1.3434551e+02 -1.6018457e+02      
1.3411951e+02 -1.6212956e+02      
1.3380851e+02 -1.6412354e+02      
1.3338650e+02 -1.6615952e+02      
1.3282414e+02 -1.6824302e+02      
1.3208709e+02 -1.7036950e+02      
1.3114276e+02 -1.7245405e+02      
1.3004447e+02 -1.7411462e+02      
1.2890561e+02 -1.7518596e+02      
1.2800284e+02 -1.7549427e+02      
1.2735497e+02 -1.7531800e+02      
1.2695429e+02 -1.7472852e+02      
1.2669644e+02 -1.7380359e+02      
1.2628754e+02 -1.7277309e+02      
1.2565100e+02 -1.7173385e+02      
1.2482417e+02 -1.7071814e+02      
1.2385242e+02 -1.6975785e+02      
1.2277454e+02 -1.6888566e+02      
1.1361325e+02 -1.7232639e+02      
1.1337258e+02 -1.7402376e+02      
1.1307875e+02 -1.7579801e+02      
1.1271404e+02 -1.7762689e+02      
1.1225788e+02 -1.7949179e+02      
1.1168639e+02 -1.8137821e+02      
1.1097055e+02 -1.8327371e+02      
1.1007202e+02 -1.8516011e+02      
1.0893537e+02 -1.8699956e+02      
1.0747293e+02 -1.8872076e+02      
1.0575309e+02 -1.9000515e+02      
1.0454369e+02 -1.9051524e+02      
1.0381136e+02 -1.9039063e+02      
1.0355115e+02 -1.8968350e+02      
1.0377146e+02 -1.8839952e+02      
1.0358638e+02 -1.8721332e+02      
1.0305403e+02 -1.8610972e+02      
1.0229098e+02 -1.8505169e+02      
1.0136116e+02 -1.8404553e+02      
1.0030632e+02 -1.8311183e+02      
9.0834680e+01 -1.8531742e+02      
9.0496995e+01 -1.8691810e+02      
9.0096456e+01 -1.8858127e+02      
8.9619209e+01 -1.9028390e+02      
8.9048667e+01 -1.9200450e+02      
8.8365028e+01 -1.9372257e+02      
8.7543821e+01 -1.9541670e+02      
8.6552420e+01 -1.9706121e+02      
8.5341118e+01 -1.9862582e+02      
8.3817727e+01 -2.0008001e+02      
8.1949478e+01 -2.0134162e+02      
8.0633411e+01 -2.0188033e+02      
7.9829924e+01 -2.0177831e+02      
7.9531926e+01 -2.0108341e+02      
7.9756161e+01 -1.9982646e+02      
7.9574525e+01 -1.9863316e+02      
7.9052574e+01 -1.9750676e+02      
7.8305454e+01 -1.9641309e+02      
7.7391876e+01 -1.9535499e+02      
7.6348263e+01 -1.9434920e+02      
