4.1592996e+01 2.4013074e+02      
4.1137662e+01 2.4026627e+02      
4.1091582e+01 2.4054721e+02      
4.1494598e+01 2.4102225e+02      
4.2378603e+01 2.4173070e+02      
4.3697247e+01 2.4267362e+02      
4.5194494e+01 2.4373915e+02      
4.6199618e+01 2.4450373e+02      
4.4957732e+01 2.4340142e+02      
4.3273186e+01 2.4201163e+02      
4.1859137e+01 2.4077019e+02      
4.1007670e+01 2.3980129e+02      
4.0790489e+01 2.3911702e+02      
4.1182913e+01 2.3869211e+02      
4.2129122e+01 2.3849199e+02      
4.3568754e+01 2.3847988e+02      
4.5450681e+01 2.3861446e+02      
4.7749527e+01 2.3884549e+02      
5.0471060e+01 2.3911347e+02      
5.3632245e+01 2.3935554e+02      
7.0171702e+01 2.3150155e+02      
6.9821061e+01 2.3166444e+02      
6.9892029e+01 2.3198233e+02      
7.0483596e+01 2.3253668e+02      
7.1763898e+01 2.3343443e+02      
7.3819412e+01 2.3475138e+02      
7.6239340e+01 2.3631427e+02      
7.7014725e+01 2.3674693e+02      
7.5772396e+01 2.3573822e+02      
7.2951416e+01 2.3361598e+02      
7.0610760e+01 2.3176906e+02      
6.9208428e+01 2.3038378e+02      
6.8697481e+01 2.2939971e+02      
6.8923524e+01 2.2872866e+02      
6.9760242e+01 2.2831102e+02      
7.1098042e+01 2.2810249e+02      
7.2838162e+01 2.2806040e+02      
7.4932075e+01 2.2812843e+02      
7.7419673e+01 2.2822963e+02      
8.0351294e+01 2.2828505e+02      
9.7267934e+01 2.1912927e+02      
9.6991169e+01 2.1925175e+02      
9.7082649e+01 2.1952267e+02      
9.7678526e+01 2.2004066e+02      
9.9114321e+01 2.2097529e+02      
1.0181709e+02 2.2252874e+02      
1.0397833e+02 2.2367702e+02      
1.0455668e+02 2.2384654e+02      
1.0323580e+02 2.2285821e+02      
1.0040698e+02 2.2090941e+02      
9.7182852e+01 2.1858962e+02      
9.5428594e+01 2.1693269e+02      
9.4790416e+01 2.1575268e+02      
9.4969092e+01 2.1490271e+02      
9.5790722e+01 2.1431624e+02      
9.7108806e+01 2.1395473e+02      
9.8746117e+01 2.1378972e+02      
1.0053601e+02 2.1377606e+02      
1.0269608e+02 2.1378908e+02      
1.0533842e+02 2.1372551e+02      
1.2249788e+02 2.0322739e+02      
1.2227996e+02 2.0323126e+02      
1.2226534e+02 2.0335820e+02      
1.2256245e+02 2.0368920e+02      
1.2344698e+02 2.0430696e+02      
1.2513718e+02 2.0521757e+02      
1.2732694e+02 2.0614145e+02      
1.2784752e+02 2.0614180e+02      
1.2626733e+02 2.0507840e+02      
1.2309608e+02 2.0311275e+02      
1.2056747e+02 2.0119540e+02      
1.1909139e+02 1.9961608e+02      
1.1858664e+02 1.9837939e+02      
1.1887711e+02 1.9742427e+02      
1.1981205e+02 1.9671364e+02      
1.2123201e+02 1.9623491e+02      
1.2288036e+02 1.9599966e+02      
1.2411881e+02 1.9603330e+02      
1.2585897e+02 1.9605242e+02      
1.2817315e+02 1.9594332e+02      
1.4555068e+02 1.8407514e+02      
1.4546393e+02 1.8387806e+02      
1.4523900e+02 1.8377939e+02      
1.4493200e+02 1.8383386e+02      
1.4489764e+02 1.8404203e+02      
1.4536415e+02 1.8434639e+02      
1.4619876e+02 1.8458450e+02      
1.4672133e+02 1.8443055e+02      
1.4478752e+02 1.8327592e+02      
1.4259197e+02 1.8175448e+02      
1.4087764e+02 1.8020871e+02      
1.3990744e+02 1.7880584e+02      
1.3972218e+02 1.7759732e+02      
1.4026636e+02 1.7658741e+02      
1.4143228e+02 1.7578188e+02      
1.4301636e+02 1.7522048e+02      
1.4426853e+02 1.7506702e+02      
1.4509526e+02 1.7524451e+02      
1.4646888e+02 1.7534938e+02      
1.4846217e+02 1.7526457e+02      
1.6615400e+02 1.6201193e+02      
1.6656219e+02 1.6151506e+02      
1.6607165e+02 1.6113551e+02      
1.6470253e+02 1.6091430e+02      
1.6350552e+02 1.6075952e+02      
1.6280967e+02 1.6058456e+02      
1.6243525e+02 1.6029110e+02      
1.6190686e+02 1.5972382e+02      
1.6064862e+02 1.5873137e+02      
1.5924770e+02 1.5750266e+02      
1.5819162e+02 1.5621613e+02      
1.5771599e+02 1.5497074e+02      
1.5791901e+02 1.5381243e+02      
1.5879649e+02 1.5276965e+02      
1.6022095e+02 1.5190167e+02      
1.6153388e+02 1.5145358e+02      
1.6248849e+02 1.5144761e+02      
1.6305841e+02 1.5181652e+02      
1.6415564e+02 1.5206607e+02      
1.6586270e+02 1.5206823e+02      
1.8373728e+02 1.3745169e+02      
1.8546856e+02 1.3650144e+02      
1.8469664e+02 1.3580375e+02      
1.8143437e+02 1.3539966e+02      
1.7897631e+02 1.3495449e+02      
1.7733070e+02 1.3439697e+02      
1.7613090e+02 1.3371187e+02      
1.7506977e+02 1.3287386e+02      
1.7398520e+02 1.3188547e+02      
1.7301514e+02 1.3080965e+02      
1.7240528e+02 1.2970624e+02      
1.7234279e+02 1.2859720e+02      
1.7292200e+02 1.2749536e+02      
1.7410494e+02 1.2645625e+02      
1.7534516e+02 1.2577986e+02      
1.7645449e+02 1.2549835e+02      
1.7727744e+02 1.2563620e+02      
1.7776553e+02 1.2617657e+02      
1.7864510e+02 1.2662807e+02      
1.8009469e+02 1.2677931e+02      
1.9710452e+02 1.1093943e+02      
1.9902532e+02 1.0943010e+02      
1.9798655e+02 1.0838327e+02      
1.9400201e+02 1.0785079e+02      
1.9084616e+02 1.0712913e+02      
1.8860959e+02 1.0621137e+02      
1.8692051e+02 1.0517625e+02      
1.8556730e+02 1.0409258e+02      
1.8446837e+02 1.0304017e+02      
1.8367821e+02 1.0207062e+02      
1.8333634e+02 1.0115057e+02      
1.8357964e+02 1.0020041e+02      
1.8443819e+02 9.9211642e+01      
1.8547493e+02 9.8499212e+01      
1.8655703e+02 9.8078802e+01      
1.8757605e+02 9.7963458e+01      
1.8842459e+02 9.8192441e+01      
1.8907411e+02 9.8765847e+01      
1.8970613e+02 9.9522824e+01      
1.9093303e+02 9.9867677e+01      
2.0582419e+02 8.3133778e+01      
2.0706670e+02 8.1201406e+01      
2.0578867e+02 7.9770612e+01      
2.0200333e+02 7.8915908e+01      
1.9883491e+02 7.7796573e+01      
1.9638623e+02 7.6464836e+01      
1.9444355e+02 7.5031764e+01      
1.9290622e+02 7.3632894e+01      
1.9174468e+02 7.2467453e+01      
1.9099504e+02 7.1657805e+01      
1.9076293e+02 7.1051565e+01      
1.9116829e+02 7.0390027e+01      
1.9186547e+02 6.9924022e+01      
1.9274463e+02 6.9635531e+01      
1.9374083e+02 6.9486359e+01      
1.9477334e+02 6.9491792e+01      
1.9569696e+02 6.9789918e+01      
1.9645067e+02 7.0428231e+01      
1.9708741e+02 7.1340308e+01      
1.9821546e+02 7.1830167e+01      
2.1017472e+02 5.4591172e+01      
2.0980508e+02 5.2647791e+01      
2.0832774e+02 5.0780558e+01      
2.0572944e+02 4.9114727e+01      
2.0300554e+02 4.7429055e+01      
2.0057234e+02 4.5618781e+01      
1.9850291e+02 4.3682836e+01      
1.9683411e+02 4.1774370e+01      
1.9559450e+02 4.0326655e+01      
1.9479155e+02 3.9889349e+01      
1.9449888e+02 3.9936533e+01      
1.9469787e+02 4.0078905e+01      
1.9522427e+02 4.0265001e+01      
1.9597869e+02 4.0462798e+01      
1.9692585e+02 4.0618725e+01      
1.9805929e+02 4.0673046e+01      
1.9906491e+02 4.1043251e+01      
1.9995294e+02 4.1685159e+01      
2.0075629e+02 4.2563124e+01      
2.0188327e+02 4.3140569e+01      
2.1105912e+02 2.5577464e+01      
2.0992053e+02 2.3345915e+01      
2.0828630e+02 2.0923067e+01      
2.0610018e+02 1.8617898e+01      
2.0365084e+02 1.6439662e+01      
2.0122552e+02 1.4207190e+01      
1.9903006e+02 1.1652413e+01      
1.9721051e+02 8.9211303e+00      
1.9589671e+02 6.7236296e+00      
1.9498063e+02 7.1303145e+00      
1.9463085e+02 8.1624943e+00      
1.9473518e+02 9.2054090e+00      
1.9516039e+02 1.0090341e+01      
1.9581991e+02 1.0809928e+01      
1.9666885e+02 1.1387316e+01      
1.9765383e+02 1.1880602e+01      
1.9866426e+02 1.2436555e+01      
1.9969508e+02 1.3042817e+01      
2.0082437e+02 1.3568823e+01      
2.0195827e+02 1.4267713e+01      
2.0877088e+02 -3.4251991e+00      
2.0726609e+02 -6.0827659e+00      
2.0553723e+02 -9.2720972e+00      
2.0340566e+02 -1.2107818e+01      
2.0099959e+02 -1.4605904e+01      
1.9845538e+02 -1.7006890e+01      
1.9604866e+02 -2.0272346e+01      
1.9396777e+02 -2.4007534e+01      
1.9244076e+02 -2.6008534e+01      
1.9152118e+02 -2.5770132e+01      
1.9124014e+02 -2.3647581e+01      
1.9138744e+02 -2.1638803e+01      
1.9178819e+02 -2.0075682e+01      
1.9238227e+02 -1.8873471e+01      
1.9314416e+02 -1.7900683e+01      
1.9403695e+02 -1.7065438e+01      
1.9502125e+02 -1.6294196e+01      
1.9608909e+02 -1.5566420e+01      
1.9724999e+02 -1.4895102e+01      
1.9849769e+02 -1.4290601e+01      
2.0332842e+02 -3.1803716e+01      
2.0155982e+02 -3.4756924e+01      
1.9962792e+02 -3.8348760e+01      
1.9742454e+02 -4.1505691e+01      
1.9500697e+02 -4.4200886e+01      
1.9242473e+02 -4.6833195e+01      
1.8975077e+02 -5.0828312e+01      
1.8740252e+02 -5.4382729e+01      
1.8567871e+02 -5.6347191e+01      
1.8472480e+02 -5.6282261e+01      
1.8450771e+02 -5.4397819e+01      
1.8480055e+02 -5.1589428e+01      
1.8519512e+02 -4.9575733e+01      
1.8573672e+02 -4.8037254e+01      
1.8643644e+02 -4.6768164e+01      
1.8727196e+02 -4.5689470e+01      
1.8822163e+02 -4.4736656e+01      
1.8927673e+02 -4.3844190e+01      
1.9043599e+02 -4.2989070e+01      
1.9170252e+02 -4.2261371e+01      
1.9480354e+02 -5.9001927e+01      
1.9282117e+02 -6.2051748e+01      
1.9066828e+02 -6.5759588e+01      
1.8836328e+02 -6.9020921e+01      
1.8595170e+02 -7.1740083e+01      
1.8346691e+02 -7.4179206e+01      
1.8085272e+02 -7.7503540e+01      
1.7818155e+02 -8.1339871e+01      
1.7621822e+02 -8.3553858e+01      
1.7524228e+02 -8.3627129e+01      
1.7513500e+02 -8.1781328e+01      
1.7522886e+02 -7.9772286e+01      
1.7551312e+02 -7.7889758e+01      
1.7599612e+02 -7.6187822e+01      
1.7664948e+02 -7.4707542e+01      
1.7743841e+02 -7.3465278e+01      
1.7834576e+02 -7.2416187e+01      
1.7937078e+02 -7.1417689e+01      
1.8051151e+02 -7.0291135e+01      
1.8175787e+02 -6.9269445e+01      
1.8334421e+02 -8.4568128e+01      
1.8121483e+02 -8.7511870e+01      
1.7889790e+02 -9.1077261e+01      
1.7650879e+02 -9.4300560e+01      
1.7411640e+02 -9.6955785e+01      
1.7176298e+02 -9.9144690e+01      
1.6930388e+02 -1.0186919e+02      
1.6680365e+02 -1.0494785e+02      
1.6452954e+02 -1.0761138e+02      
1.6353172e+02 -1.0792755e+02      
1.6294899e+02 -1.0747665e+02      
1.6269988e+02 -1.0650936e+02      
1.6285294e+02 -1.0480212e+02      
1.6330572e+02 -1.0290871e+02      
1.6394121e+02 -1.0121886e+02      
1.6468817e+02 -9.9876210e+01      
1.6553483e+02 -9.8856309e+01      
1.6651467e+02 -9.7924924e+01      
1.6762882e+02 -9.6335948e+01      
1.6885668e+02 -9.4860027e+01      
1.6914609e+02 -1.0815780e+02      
1.6694864e+02 -1.1082963e+02      
1.6459221e+02 -1.1392648e+02      
1.6213647e+02 -1.1710569e+02      
1.5975716e+02 -1.1970451e+02      
1.5748101e+02 -1.2180600e+02      
1.5515390e+02 -1.2417756e+02      
1.5282240e+02 -1.2676580e+02      
1.5069255e+02 -1.2913727e+02      
1.4908456e+02 -1.3073003e+02      
1.4790038e+02 -1.3178847e+02      
1.4722127e+02 -1.3211453e+02      
1.4733305e+02 -1.3012448e+02      
1.4786104e+02 -1.2777250e+02      
1.4854318e+02 -1.2576030e+02      
1.4924965e+02 -1.2434330e+02      
1.4999767e+02 -1.2342435e+02      
1.5091459e+02 -1.2221214e+02      
1.5200278e+02 -1.2052696e+02      
1.5324018e+02 -1.1852428e+02      
1.5243557e+02 -1.2951015e+02      
1.5021628e+02 -1.3190874e+02      
1.4783685e+02 -1.3468395e+02      
1.4534066e+02 -1.3766358e+02      
1.4298720e+02 -1.4013161e+02      
1.4080539e+02 -1.4210669e+02      
1.3857097e+02 -1.4427975e+02      
1.3629960e+02 -1.4668639e+02      
1.3406578e+02 -1.4922464e+02      
1.3195824e+02 -1.5181124e+02      
1.3015426e+02 -1.5420053e+02      
1.2921894e+02 -1.5473767e+02      
1.2920383e+02 -1.5321950e+02      
1.2996047e+02 -1.5018899e+02      
1.3080616e+02 -1.4765513e+02      
1.3147702e+02 -1.4612383e+02      
1.3216179e+02 -1.4488960e+02      
1.3300074e+02 -1.4347066e+02      
1.3403943e+02 -1.4168571e+02      
1.3523817e+02 -1.3963257e+02      
1.3347572e+02 -1.4838190e+02      
1.3127249e+02 -1.5052514e+02      
1.2890370e+02 -1.5301201e+02      
1.2640373e+02 -1.5572572e+02      
1.2409503e+02 -1.5800293e+02      
1.2200525e+02 -1.5983878e+02      
1.1983946e+02 -1.6186563e+02      
1.1758587e+02 -1.6417083e+02      
1.1521992e+02 -1.6686727e+02      
1.1265644e+02 -1.7018792e+02      
1.1060291e+02 -1.7257373e+02      
1.0947071e+02 -1.7322712e+02      
1.0937207e+02 -1.7198137e+02      
1.1012539e+02 -1.6925071e+02      
1.1125493e+02 -1.6604909e+02      
1.1201390e+02 -1.6401096e+02      
1.1254627e+02 -1.6272224e+02      
1.1325307e+02 -1.6124058e+02      
1.1423356e+02 -1.5934101e+02      
1.1540858e+02 -1.5713712e+02      
1.1256442e+02 -1.6454101e+02      
1.1041796e+02 -1.6642520e+02      
1.0811902e+02 -1.6859448e+02      
1.0568956e+02 -1.7096915e+02      
1.0344417e+02 -1.7302567e+02      
1.0140830e+02 -1.7475097e+02      
9.9293572e+01 -1.7663445e+02      
9.7096922e+01 -1.7873821e+02      
9.4812474e+01 -1.8111278e+02      
9.2422531e+01 -1.8376543e+02      
9.0053920e+01 -1.8633112e+02      
8.8712930e+01 -1.8713274e+02      
8.8634190e+01 -1.8591289e+02      
8.9543361e+01 -1.8309389e+02      
9.0397117e+01 -1.8045757e+02      
9.1056910e+01 -1.7840198e+02      
9.1574723e+01 -1.7683008e+02      
9.2088213e+01 -1.7541040e+02      
9.3004225e+01 -1.7342589e+02      
9.3932792e+01 -1.7152467e+02      
9.0023652e+01 -1.7779279e+02      
8.7967168e+01 -1.7941708e+02      
8.5798690e+01 -1.8124000e+02      
8.3574273e+01 -1.8315574e+02      
8.1410692e+01 -1.8497577e+02      
7.9329575e+01 -1.8667821e+02      
7.7251782e+01 -1.8840641e+02      
7.5154187e+01 -1.9022186e+02      
7.3045978e+01 -1.9212072e+02      
7.0953238e+01 -1.9403366e+02      
6.8968087e+01 -1.9573492e+02      
6.7404597e+01 -1.9667083e+02      
6.7429364e+01 -1.9535130e+02      
6.7853016e+01 -1.9336208e+02      
6.8344885e+01 -1.9131901e+02      
6.8813862e+01 -1.8945974e+02      
6.9262095e+01 -1.8779963e+02      
6.9757071e+01 -1.8620323e+02      
7.0395964e+01 -1.8449080e+02      
7.1070621e+01 -1.8284352e+02      
