3.7308241e+01 2.4248222e+02      
3.5699068e+01 2.4212064e+02      
3.4130556e+01 2.4163656e+02      
3.2575200e+01 2.4103496e+02      
3.1081426e+01 2.4035809e+02      
2.9743793e+01 2.3966709e+02      
2.8657445e+01 2.3901656e+02      
2.7895666e+01 2.3844568e+02      
2.7505294e+01 2.3797907e+02      
2.7509544e+01 2.3763027e+02      
2.7912775e+01 2.3740481e+02      
2.8705348e+01 2.3730219e+02      
2.9868666e+01 2.3731686e+02      
3.1380951e+01 2.3743848e+02      
3.3223642e+01 2.3765203e+02      
3.5386908e+01 2.3793785e+02      
3.7872096e+01 2.3827171e+02      
4.0690034e+01 2.3862498e+02      
4.3856422e+01 2.3896496e+02      
4.7386700e+01 2.3925553e+02      
6.6916909e+01 2.3384463e+02      
6.5552392e+01 2.3357055e+02      
6.4098715e+01 2.3309576e+02      
6.2468472e+01 2.3239112e+02      
6.0773520e+01 2.3153906e+02      
5.9199835e+01 2.3065117e+02      
5.7895427e+01 2.2980429e+02      
5.6955279e+01 2.2904286e+02      
5.6429626e+01 2.2838986e+02      
5.6335781e+01 2.2785536e+02      
5.6667469e+01 2.2744202e+02      
5.7401145e+01 2.2714765e+02      
5.8501582e+01 2.2696596e+02      
5.9929283e+01 2.2688636e+02      
6.1650623e+01 2.2689349e+02      
6.3648121e+01 2.2696727e+02      
6.5925118e+01 2.2708283e+02      
6.8501628e+01 2.2721037e+02      
7.1404760e+01 2.2731519e+02      
7.4659621e+01 2.2735854e+02      
9.5386688e+01 2.2164725e+02      
9.4465861e+01 2.2153246e+02      
9.3281777e+01 2.2113401e+02      
9.1445830e+01 2.2022431e+02      
8.9376453e+01 2.1909207e+02      
8.7443160e+01 2.1794641e+02      
8.5848294e+01 2.1687413e+02      
8.4696652e+01 2.1591273e+02      
8.4028298e+01 2.1507445e+02      
8.3845079e+01 2.1436049e+02      
8.4124319e+01 2.1376807e+02      
8.4823838e+01 2.1329277e+02      
8.5885169e+01 2.1292813e+02      
8.7241171e+01 2.1266384e+02      
8.8832313e+01 2.1248450e+02      
9.0628351e+01 2.1236983e+02      
9.2639442e+01 2.1229500e+02      
9.4905207e+01 2.1222951e+02      
9.7473290e+01 2.1213643e+02      
1.0038350e+02 2.1197348e+02      
1.2224984e+02 2.0606838e+02      
1.2206759e+02 2.0621053e+02      
1.2151584e+02 2.0608974e+02      
1.1912833e+02 2.0473264e+02      
1.1641214e+02 2.0318501e+02      
1.1395144e+02 2.0171868e+02      
1.1199284e+02 2.0040447e+02      
1.1061250e+02 1.9924839e+02      
1.0981227e+02 1.9823798e+02      
1.0956582e+02 1.9735894e+02      
1.0983064e+02 1.9660107e+02      
1.1054438e+02 1.9595848e+02      
1.1161955e+02 1.9542665e+02      
1.1294595e+02 1.9499731e+02      
1.1441429e+02 1.9465469e+02      
1.1596805e+02 1.9437787e+02      
1.1763785e+02 1.9414404e+02      
1.1950689e+02 1.9392364e+02      
1.2165870e+02 1.9367670e+02      
1.2415299e+02 1.9335560e+02      
1.4691213e+02 1.8725199e+02      
1.4766241e+02 1.8762226e+02      
1.4706517e+02 1.8722968e+02      
1.4481162e+02 1.8592487e+02      
1.4127468e+02 1.8394798e+02      
1.3813616e+02 1.8214653e+02      
1.3578041e+02 1.8060945e+02      
1.3419939e+02 1.7929219e+02      
1.3330739e+02 1.7814063e+02      
1.3304305e+02 1.7712058e+02      
1.3335033e+02 1.7621458e+02      
1.3415438e+02 1.7541844e+02      
1.3533968e+02 1.7473521e+02      
1.3673439e+02 1.7416383e+02      
1.3812173e+02 1.7368532e+02      
1.3936947e+02 1.7327209e+02      
1.4057873e+02 1.7291171e+02      
1.4193476e+02 1.7258044e+02      
1.4357654e+02 1.7223183e+02      
1.4558391e+02 1.7180879e+02      
1.6845201e+02 1.6526866e+02      
1.6920666e+02 1.6524865e+02      
1.6863436e+02 1.6459298e+02      
1.6646943e+02 1.6327178e+02      
1.6303790e+02 1.6143263e+02      
1.5925878e+02 1.5940525e+02      
1.5665335e+02 1.5774618e+02      
1.5498489e+02 1.5634272e+02      
1.5407209e+02 1.5510157e+02      
1.5384592e+02 1.5397361e+02      
1.5426177e+02 1.5293699e+02      
1.5525567e+02 1.5199503e+02      
1.5670358e+02 1.5116930e+02      
1.5837710e+02 1.5048377e+02      
1.5984773e+02 1.4991480e+02      
1.6061451e+02 1.4937323e+02      
1.6114291e+02 1.4891548e+02      
1.6182588e+02 1.4852750e+02      
1.6285462e+02 1.4814113e+02      
1.6431254e+02 1.4768189e+02      
1.8486220e+02 1.3997392e+02      
1.8592695e+02 1.3960143e+02      
1.8554147e+02 1.3867631e+02      
1.8333689e+02 1.3726445e+02      
1.7973307e+02 1.3547316e+02      
1.7654808e+02 1.3372435e+02      
1.7417001e+02 1.3215593e+02      
1.7258353e+02 1.3076754e+02      
1.7172207e+02 1.2950463e+02      
1.7157570e+02 1.2830827e+02      
1.7215072e+02 1.2715302e+02      
1.7343467e+02 1.2605620e+02      
1.7534443e+02 1.2507183e+02      
1.7761604e+02 1.2427762e+02      
1.7959342e+02 1.2370254e+02      
1.7945593e+02 1.2299743e+02      
1.7898449e+02 1.2249248e+02      
1.7879833e+02 1.2212686e+02      
1.7912210e+02 1.2178471e+02      
1.7999588e+02 1.2136580e+02      
1.9751835e+02 1.1253090e+02      
1.9788791e+02 1.1150675e+02      
1.9780040e+02 1.1019978e+02      
1.9548614e+02 1.0867192e+02      
1.9268933e+02 1.0717180e+02      
1.9014342e+02 1.0571300e+02      
1.8815457e+02 1.0429445e+02      
1.8674578e+02 1.0299966e+02      
1.8594817e+02 1.0180360e+02      
1.8587413e+02 1.0058288e+02      
1.8660312e+02 9.9308654e+01      
1.8822679e+02 9.8019875e+01      
1.9076454e+02 9.6805648e+01      
1.9381495e+02 9.5814535e+01      
1.9545631e+02 9.5021236e+01      
1.9526709e+02 9.4404648e+01      
1.9362345e+02 9.3991846e+01      
1.9241415e+02 9.3778268e+01      
1.9200088e+02 9.3585003e+01      
1.9231900e+02 9.3291542e+01      
2.0677366e+02 8.3623971e+01      
2.0667191e+02 8.1870877e+01      
2.0620414e+02 7.9826003e+01      
2.0456088e+02 7.8204204e+01      
2.0225403e+02 7.7132606e+01      
2.0012492e+02 7.6023601e+01      
1.9853215e+02 7.4712636e+01      
1.9730447e+02 7.3559630e+01      
1.9649756e+02 7.2551336e+01      
1.9644228e+02 7.1330182e+01      
1.9722116e+02 6.9916512e+01      
1.9902838e+02 6.8380181e+01      
2.0213388e+02 6.6803426e+01      
2.0486746e+02 6.5415472e+01      
2.0624906e+02 6.4423126e+01      
2.0594247e+02 6.3918968e+01      
2.0424235e+02 6.3828956e+01      
2.0208990e+02 6.3948409e+01      
2.0112212e+02 6.4011585e+01      
2.0102251e+02 6.3927839e+01      
2.1262470e+02 5.3923842e+01      
2.1235298e+02 5.1412484e+01      
2.1217182e+02 4.8091162e+01      
2.1076510e+02 4.6273068e+01      
2.0832661e+02 4.6073436e+01      
2.0634359e+02 4.5392711e+01      
2.0494446e+02 4.4335718e+01      
2.0387387e+02 4.3361383e+01      
2.0316031e+02 4.2423848e+01      
2.0309838e+02 4.1140340e+01      
2.0375841e+02 3.9542218e+01      
2.0522985e+02 3.7715796e+01      
2.0753484e+02 3.5764569e+01      
2.1026577e+02 3.3860300e+01      
2.1154945e+02 3.2616117e+01      
2.1098070e+02 3.2311321e+01      
2.0892760e+02 3.2703855e+01      
2.0722891e+02 3.3182224e+01      
2.0625880e+02 3.3573218e+01      
2.0595704e+02 3.3774593e+01      
2.1494508e+02 2.4133382e+01      
2.1442053e+02 2.1299628e+01      
2.1401353e+02 1.7617344e+01      
2.1265266e+02 1.5498478e+01      
2.1047528e+02 1.5091002e+01      
2.0869711e+02 1.4379339e+01      
2.0740705e+02 1.3758878e+01      
2.0648584e+02 1.3040151e+01      
2.0592977e+02 1.2031392e+01      
2.0583939e+02 1.0611783e+01      
2.0627389e+02 8.7745616e+00      
2.0724940e+02 6.5868615e+00      
2.0870929e+02 4.1840519e+00      
2.1041151e+02 1.8291213e+00      
2.1169499e+02 1.1377471e-01      
2.1079010e+02 2.3947613e-01      
2.0943445e+02 1.0516841e+00      
2.0825808e+02 1.9871920e+00      
2.0747536e+02 2.7980167e+00      
2.0711914e+02 3.3545810e+00      
2.1372530e+02 -5.2310107e+00      
2.1282027e+02 -7.9518232e+00      
2.1180875e+02 -1.1008200e+01      
2.1040459e+02 -1.3545322e+01      
2.0872189e+02 -1.5399282e+01      
2.0725839e+02 -1.6835971e+01      
2.0619914e+02 -1.6756717e+01      
2.0544229e+02 -1.7123884e+01      
2.0496464e+02 -1.8107327e+01      
2.0480242e+02 -1.9660120e+01      
2.0498140e+02 -2.1771748e+01      
2.0548842e+02 -2.4412532e+01      
2.0625372e+02 -2.7467759e+01      
2.0712017e+02 -3.0596992e+01      
2.0770486e+02 -3.2939063e+01      
2.0718825e+02 -3.2249567e+01      
2.0636339e+02 -3.0699355e+01      
2.0558198e+02 -2.9097413e+01      
2.0497975e+02 -2.7758342e+01      
2.0461804e+02 -2.6790789e+01      
2.0910542e+02 -3.3835769e+01      
2.0789227e+02 -3.6537673e+01      
2.0651492e+02 -3.9640388e+01      
2.0499084e+02 -4.2623782e+01      
2.0341147e+02 -4.5428128e+01      
2.0219670e+02 -4.6660802e+01      
2.0146383e+02 -4.6253108e+01      
2.0088437e+02 -4.6429126e+01      
2.0044469e+02 -4.7395003e+01      
2.0018426e+02 -4.9061981e+01      
2.0011547e+02 -5.1433636e+01      
2.0021116e+02 -5.4583039e+01      
2.0041691e+02 -5.8501028e+01      
2.0067573e+02 -6.2675378e+01      
2.0074233e+02 -6.4836405e+01      
2.0046108e+02 -6.4441339e+01      
1.9996943e+02 -6.1910836e+01      
1.9946918e+02 -5.9433778e+01      
1.9899986e+02 -5.7494207e+01      
1.9862472e+02 -5.6108312e+01      
2.0127074e+02 -6.1274992e+01      
1.9987229e+02 -6.4008319e+01      
1.9821260e+02 -6.7553998e+01      
1.9656643e+02 -7.0685587e+01      
1.9501280e+02 -7.3284318e+01      
1.9392574e+02 -7.4451631e+01      
1.9345778e+02 -7.4041653e+01      
1.9301275e+02 -7.4236409e+01      
1.9257586e+02 -7.5249111e+01      
1.9220667e+02 -7.6998473e+01      
1.9191811e+02 -7.9513162e+01      
1.9167121e+02 -8.2998372e+01      
1.9138070e+02 -8.7741459e+01      
1.9109825e+02 -9.1773023e+01      
1.9085711e+02 -9.3922623e+01      
1.9065492e+02 -9.3744838e+01      
1.9045698e+02 -9.1487845e+01      
1.9019019e+02 -8.8174872e+01      
1.8977793e+02 -8.5775179e+01      
1.8934571e+02 -8.4060748e+01      
1.9040283e+02 -8.7102522e+01      
1.8899073e+02 -8.9534412e+01      
1.8742678e+02 -9.2400172e+01      
1.8576542e+02 -9.5342476e+01      
1.8401176e+02 -9.8283633e+01      
1.8285300e+02 -9.9771079e+01      
1.8248807e+02 -9.9675143e+01      
1.8207622e+02 -1.0007508e+02      
1.8159083e+02 -1.0119694e+02      
1.8110515e+02 -1.0297867e+02      
1.8063635e+02 -1.0543745e+02      
1.8015576e+02 -1.0865928e+02      
1.7959001e+02 -1.1265303e+02      
1.7886895e+02 -1.1693826e+02      
1.7838726e+02 -1.1931460e+02      
1.7827937e+02 -1.1927686e+02      
1.7835927e+02 -1.1705035e+02      
1.7806675e+02 -1.1442960e+02      
1.7756545e+02 -1.1208181e+02      
1.7700868e+02 -1.1018413e+02      
1.7666635e+02 -1.1102174e+02      
1.7530723e+02 -1.1309709e+02      
1.7384678e+02 -1.1545241e+02      
1.7230775e+02 -1.1794114e+02      
1.7073718e+02 -1.2039394e+02      
1.6933348e+02 -1.2239888e+02      
1.6884542e+02 -1.2287489e+02      
1.6832362e+02 -1.2363090e+02      
1.6772967e+02 -1.2490078e+02      
1.6711939e+02 -1.2666967e+02      
1.6650581e+02 -1.2894199e+02      
1.6587489e+02 -1.3170941e+02      
1.6519324e+02 -1.3488743e+02      
1.6443802e+02 -1.3818970e+02      
1.6371772e+02 -1.4090002e+02      
1.6376031e+02 -1.4103750e+02      
1.6385231e+02 -1.4045681e+02      
1.6330597e+02 -1.3842352e+02      
1.6259342e+02 -1.3616474e+02      
1.6185140e+02 -1.3412153e+02      
1.6025133e+02 -1.3279800e+02      
1.5896059e+02 -1.3457945e+02      
1.5759646e+02 -1.3656579e+02      
1.5619306e+02 -1.3864113e+02      
1.5481128e+02 -1.4065775e+02      
1.5359332e+02 -1.4237617e+02      
1.5272137e+02 -1.4357269e+02      
1.5197009e+02 -1.4473221e+02      
1.5122996e+02 -1.4613691e+02      
1.5049332e+02 -1.4785732e+02      
1.4975959e+02 -1.4990462e+02      
1.4902382e+02 -1.5224332e+02      
1.4828275e+02 -1.5476638e+02      
1.4755598e+02 -1.5725804e+02      
1.4695711e+02 -1.5930353e+02      
1.4669575e+02 -1.6045915e+02      
1.4657696e+02 -1.6112529e+02      
1.4600677e+02 -1.6010218e+02      
1.4506342e+02 -1.5780775e+02      
1.4412649e+02 -1.5559572e+02      
1.4139907e+02 -1.5218268e+02      
1.4017928e+02 -1.5372659e+02      
1.3890032e+02 -1.5542973e+02      
1.3759853e+02 -1.5720120e+02      
1.3632783e+02 -1.5893315e+02      
1.3516008e+02 -1.6051494e+02      
1.3413655e+02 -1.6192012e+02      
1.3321392e+02 -1.6328105e+02      
1.3233848e+02 -1.6474269e+02      
1.3148662e+02 -1.6637704e+02      
1.3065024e+02 -1.6819775e+02      
1.2982777e+02 -1.7017054e+02      
1.2902630e+02 -1.7221020e+02      
1.2827225e+02 -1.7417899e+02      
1.2762253e+02 -1.7591798e+02      
1.2713179e+02 -1.7741795e+02      
1.2674012e+02 -1.7868351e+02      
1.2607000e+02 -1.7822034e+02      
1.2513860e+02 -1.7641493e+02      
1.2409049e+02 -1.7419508e+02      
1.2039830e+02 -1.6893094e+02      
1.1924519e+02 -1.7028382e+02      
1.1803628e+02 -1.7176808e+02      
1.1680396e+02 -1.7331602e+02      
1.1558718e+02 -1.7485753e+02      
1.1442442e+02 -1.7633796e+02      
1.1333578e+02 -1.7774869e+02      
1.1231296e+02 -1.7913668e+02      
1.1133569e+02 -1.8056544e+02      
1.1038877e+02 -1.8207583e+02      
1.0946496e+02 -1.8367449e+02      
1.0856353e+02 -1.8533432e+02      
1.0769083e+02 -1.8699845e+02      
1.0686190e+02 -1.8859435e+02      
1.0609684e+02 -1.9007539e+02      
1.0540391e+02 -1.9150533e+02      
1.0474028e+02 -1.9279599e+02      
1.0392641e+02 -1.9231682e+02      
1.0292402e+02 -1.9037914e+02      
1.0182718e+02 -1.8836322e+02      
9.7578087e+01 -1.8282063e+02      
9.6484789e+01 -1.8401906e+02      
9.5332775e+01 -1.8532960e+02      
9.4149600e+01 -1.8670220e+02      
9.2964148e+01 -1.8808944e+02      
9.1801803e+01 -1.8945714e+02      
9.0677740e+01 -1.9079520e+02      
8.9594261e+01 -1.9211789e+02      
8.8545744e+01 -1.9344930e+02      
8.7525578e+01 -1.9480550e+02      
8.6529748e+01 -1.9618440e+02      
8.5557706e+01 -1.9756362e+02      
8.4612320e+01 -1.9890443e+02      
8.3698475e+01 -2.0016370e+02      
8.2817841e+01 -2.0131754e+02      
8.1956511e+01 -2.0240117e+02      
8.1071950e+01 -2.0328316e+02      
8.0147419e+01 -2.0242715e+02      
7.9106169e+01 -2.0095477e+02      
7.7976540e+01 -1.9930406e+02      
