4.7415349e+00 2.4807606e+02      
2.2788018e+00 2.4513070e+02      
3.9236132e-01 2.4220513e+02      
-9.1323849e-01 2.3937569e+02      
-1.6297744e+00 2.3671575e+02      
-1.7442526e+00 2.3429422e+02      
-1.2399957e+00 2.3217485e+02      
-9.9249357e-02 2.3041656e+02      
1.6940864e+00 2.2907453e+02      
4.1529705e+00 2.2820221e+02      
7.2879129e+00 2.2785457e+02      
1.1109787e+01 2.2809245e+02      
1.5625316e+01 2.2897494e+02      
2.0715966e+01 2.3037520e+02      
2.5944398e+01 2.3170421e+02      
3.1011933e+01 2.3264104e+02      
3.5767136e+01 2.3305749e+02      
4.0289664e+01 2.3309801e+02      
4.4719325e+01 2.3327771e+02      
4.8322226e+01 2.3354495e+02      
3.2330846e+01 2.3704575e+02      
2.9998512e+01 2.3387281e+02      
2.8227053e+01 2.3070292e+02      
2.7014875e+01 2.2762070e+02      
2.6368618e+01 2.2470684e+02      
2.6305414e+01 2.2203612e+02      
2.6850686e+01 2.1967701e+02      
2.8033093e+01 2.1769295e+02      
2.9879744e+01 2.1614476e+02      
3.2414413e+01 2.1509486e+02      
3.5661113e+01 2.1461530e+02      
3.9658433e+01 2.1480760e+02      
4.4511645e+01 2.1587600e+02      
5.0359104e+01 2.1806554e+02      
5.6199474e+01 2.1987861e+02      
6.1611119e+01 2.2096135e+02      
6.6332317e+01 2.2107051e+02      
7.0488599e+01 2.2017533e+02      
7.5542554e+01 2.2011759e+02      
7.8590704e+01 2.2015723e+02      
5.8845236e+01 2.2235454e+02      
5.6685545e+01 2.1891832e+02      
5.5059630e+01 2.1546921e+02      
5.3953814e+01 2.1210206e+02      
5.3370536e+01 2.0890569e+02      
5.3333307e+01 2.0595986e+02      
5.3881531e+01 2.0333542e+02      
5.5059534e+01 2.0109689e+02      
5.6907118e+01 1.9930594e+02      
5.9455569e+01 1.9802583e+02      
6.2730232e+01 1.9732865e+02      
6.6761589e+01 1.9730815e+02      
7.1605083e+01 1.9809469e+02      
7.7304380e+01 1.9975433e+02      
8.3704782e+01 2.0200530e+02      
8.9491553e+01 2.0340167e+02      
9.4194563e+01 2.0358326e+02      
9.7996782e+01 2.0258123e+02      
1.0281819e+02 2.0233736e+02      
1.0530910e+02 2.0239398e+02      
8.3878372e+01 2.0426098e+02      
8.1945769e+01 2.0051930e+02      
8.0506822e+01 1.9674992e+02      
7.9523374e+01 1.9306188e+02      
7.8987812e+01 1.8955400e+02      
7.8935775e+01 1.8630937e+02      
7.9432419e+01 1.8339727e+02      
8.0547040e+01 1.8087882e+02      
8.2335561e+01 1.7881141e+02      
8.4833990e+01 1.7725146e+02      
8.8058281e+01 1.7625767e+02      
9.2007386e+01 1.7589308e+02      
9.6664992e+01 1.7621360e+02      
1.0199009e+02 1.7722446e+02      
1.0786923e+02 1.7879288e+02      
1.1396813e+02 1.8052236e+02      
1.1868823e+02 1.8113193e+02      
1.2195751e+02 1.8058313e+02      
1.2594281e+02 1.8052624e+02      
1.2791794e+02 1.8089448e+02      
1.0704872e+02 1.8308018e+02      
1.0542008e+02 1.7898116e+02      
1.0423375e+02 1.7484050e+02      
1.0339853e+02 1.7079024e+02      
1.0288065e+02 1.6694383e+02      
1.0274477e+02 1.6338366e+02      
1.0310997e+02 1.6016967e+02      
1.0408692e+02 1.5735420e+02      
1.0575227e+02 1.5498725e+02      
1.0814587e+02 1.5311422e+02      
1.1127062e+02 1.5177552e+02      
1.1508974e+02 1.5100914e+02      
1.1952593e+02 1.5084300e+02      
1.2445957e+02 1.5126752e+02      
1.2971454e+02 1.5220248e+02      
1.3500177e+02 1.5345236e+02      
1.3975167e+02 1.5461405e+02      
1.4243496e+02 1.5489037e+02      
1.4483247e+02 1.5550176e+02      
1.4627107e+02 1.5644958e+02      
1.2799551e+02 1.5918235e+02      
1.2678619e+02 1.5465854e+02      
1.2597407e+02 1.5007655e+02      
1.2534444e+02 1.4561207e+02      
1.2477685e+02 1.4140785e+02      
1.2442861e+02 1.3753159e+02      
1.2454278e+02 1.3401500e+02      
1.2529029e+02 1.3089637e+02      
1.2676658e+02 1.2822186e+02      
1.2901394e+02 1.2602587e+02      
1.3202635e+02 1.2432468e+02      
1.3573256e+02 1.2313577e+02      
1.3999396e+02 1.2248865e+02      
1.4463052e+02 1.2239846e+02      
1.4941290e+02 1.2283628e+02      
1.5398396e+02 1.2373077e+02      
1.5779462e+02 1.2492653e+02      
1.6038479e+02 1.2618984e+02      
1.6207172e+02 1.2769673e+02      
1.6269847e+02 1.2946642e+02      
1.4636166e+02 1.3299518e+02      
1.4574008e+02 1.2795471e+02      
1.4554862e+02 1.2282114e+02      
1.4532295e+02 1.1785714e+02      
1.4448773e+02 1.1330685e+02      
1.4367082e+02 1.0915115e+02      
1.4336417e+02 1.0534900e+02      
1.4377992e+02 1.0192599e+02      
1.4500277e+02 9.8950218e+01      
1.4707026e+02 9.6454150e+01      
1.4999236e+02 9.4403149e+01      
1.5367248e+02 9.2775009e+01      
1.5787134e+02 9.1635917e+01      
1.6235078e+02 9.1062331e+01      
1.6692796e+02 9.1070409e+01      
1.7123536e+02 9.1690730e+01      
1.7442535e+02 9.3101346e+01      
1.7635908e+02 9.5194870e+01      
1.7751915e+02 9.7682367e+01      
1.7657312e+02 1.0056623e+02      
1.6175993e+02 1.0501458e+02      
1.6193380e+02 9.9332535e+01      
1.6272095e+02 9.3471544e+01      
1.6340573e+02 8.7851376e+01      
1.6175523e+02 8.3035616e+01      
1.6010167e+02 7.8706671e+01      
1.5917918e+02 7.4650658e+01      
1.5918799e+02 7.0892250e+01      
1.6010537e+02 6.7622568e+01      
1.6193491e+02 6.4915634e+01      
1.6479744e+02 6.2593249e+01      
1.6867820e+02 6.0458415e+01      
1.7298917e+02 5.8759447e+01      
1.7740715e+02 5.7696372e+01      
1.8188370e+02 5.7329048e+01      
1.8645762e+02 5.7615158e+01      
1.8903472e+02 5.9411427e+01      
1.8957263e+02 6.2559436e+01      
1.8801699e+02 6.6756360e+01      
1.8664616e+02 7.0579014e+01      
1.7373161e+02 7.5828949e+01      
1.7484865e+02 6.9365527e+01      
1.7676673e+02 6.2582226e+01      
1.7721970e+02 5.6414893e+01      
1.7581786e+02 5.1156185e+01      
1.7315994e+02 4.6810666e+01      
1.7151589e+02 4.2514136e+01      
1.7118792e+02 3.8221094e+01      
1.7179424e+02 3.4617414e+01      
1.7322065e+02 3.1936990e+01      
1.7578760e+02 2.9755036e+01      
1.8015828e+02 2.7064493e+01      
1.8472786e+02 2.4691354e+01      
1.8910319e+02 2.3079839e+01      
1.9309218e+02 2.2518393e+01      
1.9632436e+02 2.3274035e+01      
1.9789970e+02 2.5731986e+01      
1.9732675e+02 2.9928939e+01      
1.9464912e+02 3.5457748e+01      
1.9284196e+02 4.0169435e+01      
1.8164926e+02 4.6193847e+01      
1.8357554e+02 3.8907696e+01      
1.8520699e+02 3.1564085e+01      
1.8552019e+02 2.4882008e+01      
1.8425633e+02 1.9219294e+01      
1.8188143e+02 1.4476223e+01      
1.7962659e+02 9.9540492e+00      
1.7936630e+02 4.5567800e+00      
1.7970016e+02 5.5757846e-01      
1.8050521e+02 -1.7806254e+00      
1.8193092e+02 -2.7567821e+00      
1.8515123e+02 -4.7381868e+00      
1.8982656e+02 -7.7418954e+00      
1.9415491e+02 -9.9991652e+00      
1.9770832e+02 -1.0851279e+01      
2.0009911e+02 -9.8646642e+00      
2.0083295e+02 -6.7386999e+00      
1.9959875e+02 -1.5608419e+00      
1.9683635e+02 4.7813518e+00      
1.9503249e+02 1.0037975e+01      
1.8487553e+02 1.6967673e+01      
1.8596942e+02 9.7004919e+00      
1.8769022e+02 1.6950910e+00      
1.8806108e+02 -5.5376987e+00      
1.8676625e+02 -1.1426876e+01      
1.8425044e+02 -1.6163836e+01      
1.8257452e+02 -2.1452718e+01      
1.8225340e+02 -2.7483844e+01      
1.8224495e+02 -3.1624725e+01      
1.8249158e+02 -3.3627609e+01      
1.8314567e+02 -3.3829381e+01      
1.8523825e+02 -3.5053841e+01      
1.8864194e+02 -3.7385374e+01      
1.9282029e+02 -4.0324144e+01      
1.9614362e+02 -4.1724583e+01      
1.9814155e+02 -4.0841676e+01      
1.9836121e+02 -3.7197877e+01      
1.9653314e+02 -3.0827989e+01      
1.9458258e+02 -2.4580041e+01      
1.9321546e+02 -1.9229941e+01      
1.8396496e+02 -1.1549076e+01      
1.8419985e+02 -1.8581667e+01      
1.8490313e+02 -2.6270694e+01      
1.8544093e+02 -3.4127804e+01      
1.8412801e+02 -4.0191788e+01      
1.8233845e+02 -4.5667309e+01      
1.8096364e+02 -5.1246378e+01      
1.8033672e+02 -5.7098768e+01      
1.7989079e+02 -6.0959574e+01      
1.7967060e+02 -6.2783330e+01      
1.7982883e+02 -6.2848718e+01      
1.8102761e+02 -6.3690475e+01      
1.8322983e+02 -6.5322746e+01      
1.8615772e+02 -6.7429690e+01      
1.8928824e+02 -6.9481304e+01      
1.9120096e+02 -6.9081095e+01      
1.9142717e+02 -6.5457635e+01      
1.8989160e+02 -5.8755799e+01      
1.8852619e+02 -5.2525941e+01      
1.8763488e+02 -4.7231747e+01      
1.7940701e+02 -3.9085328e+01      
1.7895758e+02 -4.5847024e+01      
1.7884638e+02 -5.3174491e+01      
1.7878754e+02 -6.0803119e+01      
1.7841430e+02 -6.8254750e+01      
1.7696854e+02 -7.4240465e+01      
1.7561396e+02 -7.9630250e+01      
1.7440963e+02 -8.4040243e+01      
1.7344032e+02 -8.7146514e+01      
1.7276142e+02 -8.8902613e+01      
1.7250852e+02 -8.9719930e+01      
1.7294320e+02 -9.0562281e+01      
1.7413029e+02 -9.1690939e+01      
1.7594616e+02 -9.2920774e+01      
1.7809663e+02 -9.3946419e+01      
1.8005099e+02 -9.4193308e+01      
1.8063983e+02 -9.1129326e+01      
1.7978607e+02 -8.4708602e+01      
1.7902353e+02 -7.8722048e+01      
1.7858967e+02 -7.3616659e+01      
1.7150228e+02 -6.5308536e+01      
1.7053530e+02 -7.1808512e+01      
1.6985518e+02 -7.8854157e+01      
1.6934210e+02 -8.6329103e+01      
1.6889010e+02 -9.4086007e+01      
1.6836994e+02 -1.0170876e+02      
1.6712512e+02 -1.0724613e+02      
1.6533241e+02 -1.1043926e+02      
1.6384586e+02 -1.1277184e+02      
1.6262565e+02 -1.1418260e+02      
1.6171718e+02 -1.1490912e+02      
1.6135102e+02 -1.1566602e+02      
1.6163084e+02 -1.1650659e+02      
1.6255681e+02 -1.1707463e+02      
1.6396640e+02 -1.1703856e+02      
1.6548048e+02 -1.1614374e+02      
1.6653990e+02 -1.1386470e+02      
1.6649703e+02 -1.0823700e+02      
1.6637299e+02 -1.0282314e+02      
1.6638736e+02 -9.8067787e+01      
1.6050053e+02 -8.9862104e+01      
1.5912781e+02 -9.6086082e+01      
1.5802235e+02 -1.0286172e+02      
1.5713813e+02 -1.1016385e+02      
1.5647909e+02 -1.1804714e+02      
1.5600387e+02 -1.2624702e+02      
1.5480822e+02 -1.3199661e+02      
1.5308119e+02 -1.3529147e+02      
1.5125356e+02 -1.3704937e+02      
1.4950092e+02 -1.3797240e+02      
1.4777918e+02 -1.3803600e+02      
1.4656219e+02 -1.3880358e+02      
1.4590160e+02 -1.3977085e+02      
1.4608309e+02 -1.4001010e+02      
1.4708650e+02 -1.3906861e+02      
1.4854228e+02 -1.3689488e+02      
1.4978430e+02 -1.3370008e+02      
1.5049890e+02 -1.2930061e+02      
1.5095590e+02 -1.2466637e+02      
1.5136910e+02 -1.2034243e+02      
1.4664842e+02 -1.1239668e+02      
1.4493983e+02 -1.1829938e+02      
1.4348014e+02 -1.2473081e+02      
1.4225205e+02 -1.3171215e+02      
1.4126190e+02 -1.3936678e+02      
1.4043555e+02 -1.4741403e+02      
1.3906780e+02 -1.5283259e+02      
1.3721817e+02 -1.5556249e+02      
1.3506518e+02 -1.5636697e+02      
1.3299478e+02 -1.5722133e+02      
1.3096578e+02 -1.5808846e+02      
1.2901060e+02 -1.5944279e+02      
1.2719238e+02 -1.6126563e+02      
1.2671235e+02 -1.6149907e+02      
1.2760012e+02 -1.5982888e+02      
1.2955207e+02 -1.5621710e+02      
1.3116755e+02 -1.5237693e+02      
1.3232556e+02 -1.4831826e+02      
1.3318450e+02 -1.4419175e+02      
1.3389993e+02 -1.4024862e+02      
1.3021408e+02 -1.3260202e+02      
1.2821396e+02 -1.3812505e+02      
1.2644460e+02 -1.4409785e+02      
1.2489216e+02 -1.5053798e+02      
1.2352824e+02 -1.5756641e+02      
1.2224661e+02 -1.6488077e+02      
1.2061373e+02 -1.6937910e+02      
1.1860241e+02 -1.7115789e+02      
1.1644139e+02 -1.7242261e+02      
1.1423089e+02 -1.7365631e+02      
1.1194843e+02 -1.7503387e+02      
1.0948072e+02 -1.7680983e+02      
1.0691915e+02 -1.7891561e+02      
1.0597646e+02 -1.7912845e+02      
1.0679999e+02 -1.7711865e+02      
1.0906199e+02 -1.7303778e+02      
1.1095383e+02 -1.6897837e+02      
1.1235695e+02 -1.6505970e+02      
1.1344329e+02 -1.6123680e+02      
1.1434709e+02 -1.5759162e+02      
1.1149246e+02 -1.5023051e+02      
1.0923027e+02 -1.5532991e+02      
1.0719360e+02 -1.6073928e+02      
1.0536875e+02 -1.6642992e+02      
1.0369840e+02 -1.7244280e+02      
1.0202659e+02 -1.7850488e+02      
1.0019564e+02 -1.8177623e+02      
9.8160720e+01 -1.8396453e+02      
9.5993592e+01 -1.8569280e+02      
9.3728018e+01 -1.8724806e+02      
9.1321789e+01 -1.8882631e+02      
8.8623900e+01 -1.9065177e+02      
8.5705722e+01 -1.9263423e+02      
8.4511707e+01 -1.9274215e+02      
8.5221893e+01 -1.9070397e+02      
8.7538109e+01 -1.8673241e+02      
8.9468479e+01 -1.8281964e+02      
9.0923891e+01 -1.7911813e+02      
9.2085754e+01 -1.7555836e+02      
9.3069851e+01 -1.7216730e+02      
9.0830565e+01 -1.6505991e+02      
8.8339963e+01 -1.6970613e+02      
8.6082882e+01 -1.7449778e+02      
8.4053200e+01 -1.7934487e+02      
8.2227994e+01 -1.8408298e+02      
8.0349367e+01 -1.8850082e+02      
7.8370828e+01 -1.9178465e+02      
7.6286822e+01 -1.9423656e+02      
7.4115971e+01 -1.9619602e+02      
7.1868611e+01 -1.9786578e+02      
6.9514389e+01 -1.9940309e+02      
6.6939141e+01 -2.0095889e+02      
6.4164879e+01 -2.0246956e+02      
6.2955468e+01 -2.0237650e+02      
6.3420370e+01 -2.0052149e+02      
6.5372873e+01 -1.9707098e+02      
6.7023741e+01 -1.9359209e+02      
6.8337896e+01 -1.9022205e+02      
6.9445177e+01 -1.8694407e+02      
7.0418709e+01 -1.8379369e+02      
6.8798024e+01 -1.7661900e+02      
6.6165378e+01 -1.8074958e+02      
6.3746204e+01 -1.8493151e+02      
6.1541140e+01 -1.8904547e+02      
5.9544905e+01 -1.9290368e+02      
5.7508590e+01 -1.9647546e+02      
5.5420544e+01 -1.9949129e+02      
5.3292480e+01 -2.0192096e+02      
5.1137499e+01 -2.0388194e+02      
4.8969281e+01 -2.0548891e+02      
4.6798327e+01 -2.0682186e+02      
4.4654557e+01 -2.0789711e+02      
4.2774067e+01 -2.0851339e+02      
4.1770409e+01 -2.0813877e+02      
4.1837198e+01 -2.0659582e+02      
4.2736848e+01 -2.0409673e+02      
4.3830612e+01 -2.0121808e+02      
4.4872107e+01 -1.9823760e+02      
4.5837592e+01 -1.9525326e+02      
4.6737567e+01 -1.9233510e+02      
