2.7026994e+01 2.4999387e+02      
2.5476809e+01 2.4902470e+02      
2.4344439e+01 2.4807205e+02      
2.3593983e+01 2.4717440e+02      
2.3176127e+01 2.4636380e+02      
2.3033996e+01 2.4566231e+02      
2.3113274e+01 2.4507801e+02      
2.3367134e+01 2.4460001e+02      
2.3750451e+01 2.4419400e+02      
2.4219308e+01 2.4381060e+02      
2.4754471e+01 2.4342217e+02      
2.5384449e+01 2.4305367e+02      
2.6171744e+01 2.4275864e+02      
2.7187900e+01 2.4258407e+02      
2.8501515e+01 2.4255872e+02      
3.0173787e+01 2.4269250e+02      
3.2256304e+01 2.4297764e+02      
3.4789889e+01 2.4339013e+02      
3.7804207e+01 2.4389180e+02      
4.1317898e+01 2.4443313e+02      
5.4641016e+01 2.4038236e+02      
5.3286979e+01 2.3932992e+02      
5.2379085e+01 2.3828351e+02      
5.1874406e+01 2.3729047e+02      
5.1706261e+01 2.3639188e+02      
5.1791061e+01 2.3561758e+02      
5.2055221e+01 2.3498160e+02      
5.2452134e+01 2.3447396e+02      
5.2929831e+01 2.3403983e+02      
5.3396958e+01 2.3355927e+02      
5.3786788e+01 2.3294045e+02      
5.4159341e+01 2.3226032e+02      
5.4627739e+01 2.3164076e+02      
5.5293535e+01 2.3115747e+02      
5.6244288e+01 2.3085041e+02      
5.7554411e+01 2.3073417e+02      
5.9284360e+01 2.3080134e+02      
6.1480307e+01 2.3102439e+02      
6.4174495e+01 2.3135826e+02      
6.7386009e+01 2.3174427e+02      
8.0922232e+01 2.2701818e+02      
7.9807217e+01 2.2584918e+02      
7.9180228e+01 2.2467766e+02      
7.8996368e+01 2.2356307e+02      
7.9169162e+01 2.2256020e+02      
7.9558062e+01 2.2171037e+02      
8.0041839e+01 2.2103926e+02      
8.0619181e+01 2.2055856e+02      
8.1282366e+01 2.2023185e+02      
8.1842638e+01 2.1980597e+02      
8.1991072e+01 2.1884048e+02      
8.1980155e+01 2.1772897e+02      
8.2021999e+01 2.1672332e+02      
8.2239587e+01 2.1590052e+02      
8.2738060e+01 2.1530245e+02      
8.3604995e+01 2.1494569e+02      
8.4909075e+01 2.1482171e+02      
8.6700680e+01 2.1489738e+02      
8.9013323e+01 2.1511755e+02      
9.1865234e+01 2.1541037e+02      
1.0541792e+02 2.1013064e+02      
1.0457602e+02 2.0880439e+02      
1.0428235e+02 2.0746622e+02      
1.0450438e+02 2.0619134e+02      
1.0516281e+02 2.0505766e+02      
1.0601073e+02 2.0412323e+02      
1.0666429e+02 2.0340917e+02      
1.0740424e+02 2.0298582e+02      
1.0837002e+02 2.0291122e+02      
1.0933660e+02 2.0298314e+02      
1.0899126e+02 2.0130630e+02      
1.0844800e+02 1.9964018e+02      
1.0794330e+02 1.9819645e+02      
1.0760374e+02 1.9700569e+02      
1.0755451e+02 1.9610949e+02      
1.0789619e+02 1.9552639e+02      
1.0870383e+02 1.9524666e+02      
1.1002963e+02 1.9522968e+02      
1.1190628e+02 1.9540555e+02      
1.1434934e+02 1.9568304e+02      
1.2769429e+02 1.9000665e+02      
1.2714203e+02 1.8847503e+02      
1.2721654e+02 1.8691599e+02      
1.2791119e+02 1.8542118e+02      
1.2920258e+02 1.8410207e+02      
1.3087374e+02 1.8307015e+02      
1.3140947e+02 1.8226228e+02      
1.3225796e+02 1.8187748e+02      
1.3352951e+02 1.8193641e+02      
1.3482441e+02 1.8210752e+02      
1.3430181e+02 1.8031699e+02      
1.3317971e+02 1.7820045e+02      
1.3199248e+02 1.7628544e+02      
1.3097461e+02 1.7470179e+02      
1.3027822e+02 1.7350248e+02      
1.3001493e+02 1.7271144e+02      
1.3026184e+02 1.7232106e+02      
1.3106875e+02 1.7228282e+02      
1.3246451e+02 1.7250467e+02      
1.3446005e+02 1.7286510e+02      
1.4734514e+02 1.6698894e+02      
1.4707076e+02 1.6519873e+02      
1.4751743e+02 1.6335294e+02      
1.4871449e+02 1.6155272e+02      
1.5059383e+02 1.5993165e+02      
1.5270324e+02 1.5864318e+02      
1.5352917e+02 1.5779146e+02      
1.5461019e+02 1.5746677e+02      
1.5625043e+02 1.5760065e+02      
1.5784973e+02 1.5772775e+02      
1.5764096e+02 1.5629586e+02      
1.5581145e+02 1.5368465e+02      
1.5378161e+02 1.5125462e+02      
1.5194960e+02 1.4925101e+02      
1.5050678e+02 1.4774329e+02      
1.4956700e+02 1.4676235e+02      
1.4920085e+02 1.4631504e+02      
1.4944775e+02 1.4635068e+02      
1.5032979e+02 1.4674020e+02      
1.5185229e+02 1.4730986e+02      
1.6400476e+02 1.4147275e+02      
1.6395399e+02 1.3937206e+02      
1.6473027e+02 1.3716981e+02      
1.6642380e+02 1.3496550e+02      
1.6889715e+02 1.3293053e+02      
1.7097667e+02 1.3134420e+02      
1.7247399e+02 1.3032635e+02      
1.7377857e+02 1.3004946e+02      
1.7604471e+02 1.3037386e+02      
1.7745565e+02 1.3002445e+02      
1.7738886e+02 1.2861071e+02      
1.7577731e+02 1.2625649e+02      
1.7288679e+02 1.2337275e+02      
1.7013051e+02 1.2094724e+02      
1.6784902e+02 1.1912230e+02      
1.6617961e+02 1.1795368e+02      
1.6516997e+02 1.1750122e+02      
1.6483030e+02 1.1774687e+02      
1.6517884e+02 1.1847988e+02      
1.6621881e+02 1.1942451e+02      
1.7736982e+02 1.1389873e+02      
1.7742908e+02 1.1144633e+02      
1.7836693e+02 1.0884568e+02      
1.8038501e+02 1.0616300e+02      
1.8251355e+02 1.0379538e+02      
1.8453852e+02 1.0188369e+02      
1.8648835e+02 1.0054302e+02      
1.8860995e+02 9.9911176e+01      
1.9103409e+02 9.9943824e+01      
1.9247957e+02 9.9231306e+01      
1.9257144e+02 9.7707550e+01      
1.9128802e+02 9.5513880e+01      
1.8870375e+02 9.2869763e+01      
1.8509266e+02 9.0115976e+01      
1.8192124e+02 8.7971346e+01      
1.7950035e+02 8.6561385e+01      
1.7786963e+02 8.6085602e+01      
1.7691856e+02 8.6793140e+01      
1.7672435e+02 8.8147020e+01      
1.7729413e+02 8.9682118e+01      
1.8723169e+02 8.4740401e+01      
1.8726192e+02 8.1899723e+01      
1.8800710e+02 7.8914342e+01      
1.8940861e+02 7.5942179e+01      
1.9110952e+02 7.3231789e+01      
1.9298592e+02 7.0951864e+01      
1.9514938e+02 6.9197282e+01      
1.9777832e+02 6.8011109e+01      
2.0067486e+02 6.7236053e+01      
2.0222339e+02 6.6044339e+01      
2.0248174e+02 6.4337498e+01      
2.0154164e+02 6.2186485e+01      
1.9943850e+02 5.9716489e+01      
1.9625425e+02 5.7125902e+01      
1.9230581e+02 5.4702965e+01      
1.8915033e+02 5.2956783e+01      
1.8702242e+02 5.2262032e+01      
1.8541874e+02 5.3912420e+01      
1.8471110e+02 5.6262933e+01      
1.8485947e+02 5.8645448e+01      
1.9348909e+02 5.4496461e+01      
1.9341807e+02 5.1208894e+01      
1.9391859e+02 4.7755237e+01      
1.9490780e+02 4.4328915e+01      
1.9622678e+02 4.1172358e+01      
1.9780877e+02 3.8474986e+01      
1.9985553e+02 3.6282499e+01      
2.0269078e+02 3.4556961e+01      
2.0493519e+02 3.2986107e+01      
2.0626229e+02 3.1314832e+01      
2.0662344e+02 2.9419246e+01      
2.0603079e+02 2.7258730e+01      
2.0446224e+02 2.4867709e+01      
2.0187788e+02 2.2360845e+01      
1.9840057e+02 1.9913929e+01      
1.9459859e+02 1.7915297e+01      
1.9186210e+02 1.7884266e+01      
1.8999423e+02 1.9924796e+01      
1.8891905e+02 2.3536928e+01      
1.8875501e+02 2.6997546e+01      
1.9611598e+02 2.3697906e+01      
1.9593566e+02 1.9885195e+01      
1.9625948e+02 1.5826213e+01      
1.9701675e+02 1.1740056e+01      
1.9803404e+02 7.9681961e+00      
1.9910549e+02 4.8830298e+00      
2.0046664e+02 2.3033293e+00      
2.0214540e+02 3.4742322e-02      
2.0364024e+02 -2.0779974e+00      
2.0466540e+02 -4.0907812e+00      
2.0510350e+02 -6.0672865e+00      
2.0490293e+02 -8.2001048e+00      
2.0397804e+02 -1.0567563e+01      
2.0207562e+02 -1.3025337e+01      
1.9890307e+02 -1.5348070e+01      
1.9533414e+02 -1.6385193e+01      
1.9237232e+02 -1.5631951e+01      
1.9033364e+02 -1.3022789e+01      
1.8921218e+02 -8.9625126e+00      
1.8890696e+02 -4.3837780e+00      
1.9512768e+02 -7.0816791e+00      
1.9484555e+02 -1.1493158e+01      
1.9505588e+02 -1.6310059e+01      
1.9570705e+02 -2.1292387e+01      
1.9659073e+02 -2.5964358e+01      
1.9691186e+02 -2.9240165e+01      
1.9743419e+02 -3.2031158e+01      
1.9823428e+02 -3.4671270e+01      
1.9914928e+02 -3.7250510e+01      
1.9997061e+02 -3.9564097e+01      
2.0050514e+02 -4.1308789e+01      
2.0077862e+02 -4.3293786e+01      
2.0067837e+02 -4.5730674e+01      
1.9973776e+02 -4.8086061e+01      
1.9623928e+02 -4.8775415e+01      
1.9227191e+02 -4.8914299e+01      
1.8895212e+02 -4.7384682e+01      
1.8675617e+02 -4.4009346e+01      
1.8566076e+02 -3.9162324e+01      
1.8534762e+02 -3.4541641e+01      
1.9057247e+02 -3.7223410e+01      
1.9017952e+02 -4.2267764e+01      
1.9030025e+02 -4.7967422e+01      
1.9086288e+02 -5.3991662e+01      
1.9120660e+02 -5.9126937e+01      
1.9118622e+02 -6.3075330e+01      
1.9095340e+02 -6.5954404e+01      
1.9108650e+02 -6.8856318e+01      
1.9158606e+02 -7.1963129e+01      
1.9235933e+02 -7.4755142e+01      
1.9295810e+02 -7.5409870e+01      
1.9378512e+02 -7.7120874e+01      
1.9454408e+02 -7.9747495e+01      
1.9353750e+02 -8.1214875e+01      
1.9048382e+02 -8.1011675e+01      
1.8595192e+02 -7.9216455e+01      
1.8193923e+02 -7.7006169e+01      
1.7956139e+02 -7.2853619e+01      
1.7840050e+02 -6.8092998e+01      
1.7819468e+02 -6.3319922e+01      
1.8254134e+02 -6.6077993e+01      
1.8197116e+02 -7.1647703e+01      
1.8193637e+02 -7.8209607e+01      
1.8196826e+02 -8.4617924e+01      
1.8183465e+02 -9.0196765e+01      
1.8146692e+02 -9.4775516e+01      
1.8094739e+02 -9.8492119e+01      
1.8054586e+02 -1.0155308e+02      
1.8067026e+02 -1.0516629e+02      
1.8117559e+02 -1.0688875e+02      
1.8201630e+02 -1.0662948e+02      
1.8338739e+02 -1.0824352e+02      
1.8392794e+02 -1.1010364e+02      
1.8289872e+02 -1.1084928e+02      
1.8012257e+02 -1.0993118e+02      
1.7593269e+02 -1.0754453e+02      
1.7131571e+02 -1.0436644e+02      
1.6857619e+02 -1.0042321e+02      
1.6748537e+02 -9.5686138e+01      
1.6767805e+02 -9.0362625e+01      
1.7120725e+02 -9.3054296e+01      
1.7030678e+02 -9.8799212e+01      
1.6972308e+02 -1.0533034e+02      
1.6933672e+02 -1.1226237e+02      
1.6880911e+02 -1.1821585e+02      
1.6811563e+02 -1.2307488e+02      
1.6726413e+02 -1.2750796e+02      
1.6666439e+02 -1.3108803e+02      
1.6643684e+02 -1.3384346e+02      
1.6671714e+02 -1.3468546e+02      
1.6753715e+02 -1.3347178e+02      
1.6844359e+02 -1.3379488e+02      
1.6903215e+02 -1.3547598e+02      
1.6809340e+02 -1.3586323e+02      
1.6545753e+02 -1.3426263e+02      
1.6136500e+02 -1.3110588e+02      
1.5721434e+02 -1.2841589e+02      
1.5462939e+02 -1.2485801e+02      
1.5373803e+02 -1.2028573e+02      
1.5425777e+02 -1.1492034e+02      
1.5686060e+02 -1.1771152e+02      
1.5560039e+02 -1.2352211e+02      
1.5449811e+02 -1.3005775e+02      
1.5354057e+02 -1.3671686e+02      
1.5265422e+02 -1.4286341e+02      
1.5174343e+02 -1.4716520e+02      
1.5092941e+02 -1.5095202e+02      
1.5025199e+02 -1.5444844e+02      
1.4968048e+02 -1.5697490e+02      
1.4965152e+02 -1.5759368e+02      
1.5030739e+02 -1.5591838e+02      
1.5076589e+02 -1.5528128e+02      
1.5077548e+02 -1.5564380e+02      
1.4995970e+02 -1.5597211e+02      
1.4746878e+02 -1.5372385e+02      
1.4414585e+02 -1.5123935e+02      
1.4055613e+02 -1.4905321e+02      
1.3832535e+02 -1.4587827e+02      
1.3766347e+02 -1.4163394e+02      
1.3838618e+02 -1.3657258e+02      
1.3985835e+02 -1.3965243e+02      
1.3828779e+02 -1.4542979e+02      
1.3671445e+02 -1.5225290e+02      
1.3524224e+02 -1.5877180e+02      
1.3395364e+02 -1.6437094e+02      
1.3289958e+02 -1.6852330e+02      
1.3215250e+02 -1.7137225e+02      
1.3170636e+02 -1.7295663e+02      
1.3118940e+02 -1.7450995e+02      
1.3070258e+02 -1.7562145e+02      
1.3103357e+02 -1.7421314e+02      
1.3108219e+02 -1.7323806e+02      
1.3066717e+02 -1.7271820e+02      
1.2960718e+02 -1.7199029e+02      
1.2767913e+02 -1.7032861e+02      
1.2510030e+02 -1.6832386e+02      
1.2218823e+02 -1.6633660e+02      
1.2037716e+02 -1.6342839e+02      
1.1983763e+02 -1.5961954e+02      
1.2049004e+02 -1.5512609e+02      
1.2057221e+02 -1.5852796e+02      
1.1880493e+02 -1.6386212e+02      
1.1699230e+02 -1.6991639e+02      
1.1508718e+02 -1.7637617e+02      
1.1344161e+02 -1.8173297e+02      
1.1224524e+02 -1.8550165e+02      
1.1156876e+02 -1.8755267e+02      
1.1126125e+02 -1.8819634e+02      
1.1081644e+02 -1.8893579e+02      
1.1037085e+02 -1.8933609e+02      
1.1011854e+02 -1.8880628e+02      
1.0976127e+02 -1.8799777e+02      
1.0909308e+02 -1.8713347e+02      
1.0800455e+02 -1.8601156e+02      
1.0646043e+02 -1.8445351e+02      
1.0457879e+02 -1.8253677e+02      
1.0268144e+02 -1.8030479e+02      
1.0133248e+02 -1.7752911e+02      
1.0075702e+02 -1.7419980e+02      
1.0084869e+02 -1.7055643e+02      
9.9360879e+01 -1.7417810e+02      
9.7490218e+01 -1.7890748e+02      
9.5588852e+01 -1.8407881e+02      
9.3625398e+01 -1.8949182e+02      
9.1646528e+01 -1.9468844e+02      
9.0284439e+01 -1.9811541e+02      
8.9740541e+01 -1.9940629e+02      
8.9271545e+01 -2.0011728e+02      
8.8737609e+01 -2.0061538e+02      
8.8185508e+01 -2.0077710e+02      
8.7641568e+01 -2.0046882e+02      
8.7022253e+01 -1.9979360e+02      
8.6223130e+01 -1.9884732e+02      
8.5184927e+01 -1.9760390e+02      
8.3915776e+01 -1.9601641e+02      
8.2516698e+01 -1.9408531e+02      
8.1189531e+01 -1.9180950e+02      
8.0174192e+01 -1.8916332e+02      
7.9603183e+01 -1.8618980e+02      
7.9444509e+01 -1.8304820e+02      
7.6576262e+01 -1.8655237e+02      
7.4664435e+01 -1.9067095e+02      
7.2752136e+01 -1.9502781e+02      
7.0841074e+01 -1.9943614e+02      
6.8971395e+01 -2.0359036e+02      
6.7329073e+01 -2.0692844e+02      
6.6631611e+01 -2.0818867e+02      
6.5968218e+01 -2.0898065e+02      
6.5271677e+01 -2.0946513e+02      
6.4569685e+01 -2.0958599e+02      
6.3857138e+01 -2.0931527e+02      
6.3096290e+01 -2.0867927e+02      
6.2240667e+01 -2.0771500e+02      
6.1266555e+01 -2.0643167e+02      
6.0193165e+01 -2.0482566e+02      
5.9092246e+01 -2.0290147e+02      
5.8079610e+01 -2.0067097e+02      
5.7276993e+01 -1.9815794e+02      
5.6757698e+01 -1.9542340e+02      
5.6520347e+01 -1.9257878e+02      
