8.9516369e+00 2.2170068e+02      
8.3588067e+00 2.1834093e+02      
7.8769930e+00 2.1523583e+02      
7.3830091e+00 2.1245978e+02      
6.9769327e+00 2.1007825e+02      
6.8383503e+00 2.0813743e+02      
7.1024702e+00 2.0666654e+02      
7.8485256e+00 2.0568884e+02      
9.1109877e+00 2.0522615e+02      
1.0892638e+01 2.0529752e+02      
1.3169771e+01 2.0591476e+02      
1.5876534e+01 2.0707457e+02      
1.8858640e+01 2.0874393e+02      
2.1807149e+01 2.1082951e+02      
2.4114624e+01 2.1305953e+02      
2.5076679e+01 2.1501929e+02      
2.5473902e+01 2.1701176e+02      
2.5989214e+01 2.1920505e+02      
2.6993315e+01 2.2159767e+02      
2.8677758e+01 2.2413573e+02      
3.9637875e+01 2.0988787e+02      
3.9703175e+01 2.0630664e+02      
3.9703703e+01 2.0299561e+02      
3.9162557e+01 2.0001580e+02      
3.8534446e+01 1.9746393e+02      
3.8198850e+01 1.9537884e+02      
3.8344289e+01 1.9377182e+02      
3.9061836e+01 1.9266054e+02      
4.0381961e+01 1.9207219e+02      
4.2308371e+01 1.9203895e+02      
4.4844636e+01 1.9259278e+02      
4.7988168e+01 1.9375980e+02      
5.1649826e+01 1.9555134e+02      
5.5469462e+01 1.9792081e+02      
5.8483625e+01 2.0056422e+02      
5.7985601e+01 2.0197565e+02      
5.6767119e+01 2.0353114e+02      
5.5900453e+01 2.0542803e+02      
5.5829590e+01 2.0761759e+02      
5.6684429e+01 2.1000121e+02      
6.9336718e+01 1.9459860e+02      
7.0383036e+01 1.9072589e+02      
7.1289400e+01 1.8719275e+02      
7.0307162e+01 1.8396505e+02      
6.9170059e+01 1.8126356e+02      
6.8460041e+01 1.7905958e+02      
6.8400003e+01 1.7732429e+02      
6.9052913e+01 1.7606894e+02      
7.0411173e+01 1.7533126e+02      
7.2449171e+01 1.7516121e+02      
7.5192966e+01 1.7561541e+02      
7.8789847e+01 1.7675781e+02      
8.3325811e+01 1.7864959e+02      
8.8240873e+01 1.8125081e+02      
9.0617352e+01 1.8355880e+02      
8.9871950e+01 1.8523535e+02      
8.6664104e+01 1.8645228e+02      
8.4092639e+01 1.8811169e+02      
8.2840240e+01 1.9016440e+02      
8.2870189e+01 1.9246176e+02      
9.7375720e+01 1.7609190e+02      
9.9586925e+01 1.7178995e+02      
1.0058825e+02 1.6787631e+02      
9.9998663e+01 1.6448037e+02      
9.8206481e+01 1.6171350e+02      
9.6971321e+01 1.5945239e+02      
9.6653119e+01 1.5760196e+02      
9.7246431e+01 1.5618222e+02      
9.8658013e+01 1.5525629e+02      
1.0076612e+02 1.5489565e+02      
1.0351974e+02 1.5518047e+02      
1.0724397e+02 1.5620223e+02      
1.1247154e+02 1.5803092e+02      
1.1667841e+02 1.6014328e+02      
1.1840585e+02 1.6222626e+02      
1.1721862e+02 1.6411439e+02      
1.1369452e+02 1.6578763e+02      
1.0945916e+02 1.6741506e+02      
1.0726760e+02 1.6946899e+02      
1.0665700e+02 1.7178215e+02      
1.2275174e+02 1.5477863e+02      
1.2511244e+02 1.4999121e+02      
1.2633949e+02 1.4567679e+02      
1.2610225e+02 1.4206269e+02      
1.2467014e+02 1.3920404e+02      
1.2294609e+02 1.3695304e+02      
1.2247116e+02 1.3496333e+02      
1.2308186e+02 1.3333748e+02      
1.2464973e+02 1.3216782e+02      
1.2692371e+02 1.3153981e+02      
1.2934520e+02 1.3156946e+02      
1.3225529e+02 1.3232216e+02      
1.3583845e+02 1.3373266e+02      
1.3965657e+02 1.3550487e+02      
1.4083840e+02 1.3744678e+02      
1.3886011e+02 1.3951307e+02      
1.3445670e+02 1.4153590e+02      
1.3078706e+02 1.4359395e+02      
1.2851633e+02 1.4585484e+02      
1.2758362e+02 1.4829579e+02      
1.4342641e+02 1.3151955e+02      
1.4632686e+02 1.2615260e+02      
1.4803138e+02 1.2135662e+02      
1.4807275e+02 1.1751724e+02      
1.4668954e+02 1.1462584e+02      
1.4559126e+02 1.1206853e+02      
1.4532164e+02 1.0981731e+02      
1.4601753e+02 1.0793063e+02      
1.4779272e+02 1.0646405e+02      
1.5068813e+02 1.0546675e+02      
1.5253313e+02 1.0514665e+02      
1.5438249e+02 1.0562796e+02      
1.5597293e+02 1.0685870e+02      
1.5745597e+02 1.0849712e+02      
1.5806139e+02 1.1031432e+02      
1.5506244e+02 1.1260442e+02      
1.5149221e+02 1.1489270e+02      
1.4847259e+02 1.1724351e+02      
1.4640577e+02 1.1974975e+02      
1.4536989e+02 1.2239864e+02      
1.6075966e+02 1.0652425e+02      
1.6340001e+02 1.0095460e+02      
1.6584167e+02 9.5536121e+01      
1.6628111e+02 9.1426816e+01      
1.6565519e+02 8.8046402e+01      
1.6500484e+02 8.5126225e+01      
1.6492057e+02 8.2570204e+01      
1.6562144e+02 8.0394807e+01      
1.6722792e+02 7.8628627e+01      
1.6974333e+02 7.7259305e+01      
1.7269061e+02 7.6351428e+01      
1.7396845e+02 7.6589873e+01      
1.7345053e+02 7.7924827e+01      
1.7280459e+02 7.9666426e+01      
1.7138964e+02 8.1684921e+01      
1.6851387e+02 8.3990778e+01      
1.6542342e+02 8.6364126e+01      
1.6282077e+02 8.8865290e+01      
1.6093695e+02 9.1596341e+01      
1.5987006e+02 9.4520231e+01      
1.7492247e+02 8.0105105e+01      
1.7763384e+02 7.4250103e+01      
1.8042457e+02 6.8483339e+01      
1.8232102e+02 6.3446867e+01      
1.8182918e+02 5.9681457e+01      
1.8120078e+02 5.6491208e+01      
1.8111888e+02 5.3640869e+01      
1.8170929e+02 5.1172034e+01      
1.8299073e+02 4.9150693e+01      
1.8508075e+02 4.7507714e+01      
1.8783911e+02 4.6214035e+01      
1.8861315e+02 4.6333893e+01      
1.8754733e+02 4.7647159e+01      
1.8550223e+02 4.9589731e+01      
1.8282328e+02 5.1716887e+01      
1.7918793e+02 5.4096413e+01      
1.7621659e+02 5.6334736e+01      
1.7386023e+02 5.8827083e+01      
1.7210034e+02 6.1784191e+01      
1.7099907e+02 6.5100138e+01      
1.8567272e+02 5.2731995e+01      
1.8881437e+02 4.6397297e+01      
1.9237768e+02 3.9943273e+01      
1.9440606e+02 3.4429769e+01      
1.9468278e+02 3.0066631e+01      
1.9386409e+02 2.6702409e+01      
1.9378703e+02 2.3476002e+01      
1.9425395e+02 2.0670807e+01      
1.9510084e+02 1.8482388e+01      
1.9638254e+02 1.6860719e+01      
1.9800091e+02 1.5705321e+01      
1.9772331e+02 1.6130717e+01      
1.9563810e+02 1.7806607e+01      
1.9227214e+02 2.0137070e+01      
1.8919384e+02 2.2005163e+01      
1.8621374e+02 2.3577853e+01      
1.8366631e+02 2.5101194e+01      
1.8156618e+02 2.7341853e+01      
1.7989049e+02 3.0597222e+01      
1.7869963e+02 3.4604867e+01      
1.9249360e+02 2.5101328e+01      
1.9607951e+02 1.8239412e+01      
1.9930921e+02 1.1557130e+01      
2.0133105e+02 5.7212329e+00      
2.0203856e+02 9.3173916e-01      
2.0205238e+02 -3.1409616e+00      
2.0243859e+02 -7.1197492e+00      
2.0290538e+02 -1.0379737e+01      
2.0326750e+02 -1.2657154e+01      
2.0344531e+02 -1.3918220e+01      
2.0307629e+02 -1.4055567e+01      
2.0134064e+02 -1.2856604e+01      
1.9814421e+02 -1.0626818e+01      
1.9499912e+02 -8.8174388e+00      
1.9216893e+02 -7.6095473e+00      
1.8969593e+02 -7.0458514e+00      
1.8768978e+02 -6.9564823e+00      
1.8586824e+02 -5.1883540e+00      
1.8427073e+02 -1.5403174e+00      
1.8289495e+02 3.7308592e+00      
1.9482995e+02 -1.9782726e+00      
1.9752681e+02 -8.4658471e+00      
2.0068283e+02 -1.5436604e+01      
2.0267956e+02 -2.1490283e+01      
2.0338370e+02 -2.6318403e+01      
2.0343616e+02 -3.0450332e+01      
2.0455888e+02 -3.5424275e+01      
2.0511231e+02 -3.9132857e+01      
2.0506111e+02 -4.1433712e+01      
2.0435544e+02 -4.2314205e+01      
2.0270150e+02 -4.1668799e+01      
1.9985731e+02 -3.9744208e+01      
1.9696248e+02 -3.8105494e+01      
1.9425125e+02 -3.6991284e+01      
1.9180592e+02 -3.6501656e+01      
1.8966549e+02 -3.6769525e+01      
1.8785621e+02 -3.7554854e+01      
1.8621764e+02 -3.6177053e+01      
1.8475273e+02 -3.2323627e+01      
1.8348342e+02 -2.6402030e+01      
1.9313248e+02 -2.8302662e+01      
1.9490638e+02 -3.4211728e+01      
1.9698713e+02 -4.0452500e+01      
1.9885366e+02 -4.6585370e+01      
1.9921540e+02 -5.1041496e+01      
1.9967021e+02 -5.5605598e+01      
2.0079065e+02 -6.0791907e+01      
2.0117615e+02 -6.4547673e+01      
2.0081313e+02 -6.6820027e+01      
1.9962320e+02 -6.7537739e+01      
1.9731828e+02 -6.6452314e+01      
1.9484622e+02 -6.5295504e+01      
1.9242990e+02 -6.4417080e+01      
1.9016840e+02 -6.3968183e+01      
1.8811574e+02 -6.4083751e+01      
1.8627663e+02 -6.4933224e+01      
1.8459124e+02 -6.6228458e+01      
1.8309796e+02 -6.5119378e+01      
1.8176131e+02 -6.1241867e+01      
1.8063555e+02 -5.5077760e+01      
1.8783136e+02 -5.3698224e+01      
1.8882571e+02 -5.9023440e+01      
1.8996928e+02 -6.4497980e+01      
1.9094232e+02 -6.9781542e+01      
1.9140104e+02 -7.4438693e+01      
1.9174187e+02 -7.8859142e+01      
1.9210423e+02 -8.3075768e+01      
1.9209035e+02 -8.6432843e+01      
1.9152949e+02 -8.8662551e+01      
1.9035668e+02 -8.9713037e+01      
1.8860850e+02 -8.9753599e+01      
1.8665454e+02 -8.9482916e+01      
1.8470304e+02 -8.9287715e+01      
1.8286635e+02 -8.9377083e+01      
1.8122492e+02 -8.9931303e+01      
1.7980439e+02 -9.1134555e+01      
1.7847624e+02 -9.2694318e+01      
1.7720606e+02 -9.1763931e+01      
1.7588111e+02 -8.7978026e+01      
1.7463866e+02 -8.1838753e+01      
1.7922297e+02 -7.7921582e+01      
1.7959748e+02 -8.2735309e+01      
1.8004841e+02 -8.7612421e+01      
1.8041111e+02 -9.2346766e+01      
1.8058345e+02 -9.6773380e+01      
1.8060884e+02 -1.0086317e+02      
1.8050083e+02 -1.0452504e+02      
1.8015488e+02 -1.0753379e+02      
1.7947272e+02 -1.0972936e+02      
1.7841970e+02 -1.1110148e+02      
1.7704888e+02 -1.1181171e+02      
1.7550574e+02 -1.1216804e+02      
1.7394028e+02 -1.1246063e+02      
1.7247524e+02 -1.1291188e+02      
1.7122678e+02 -1.1371502e+02      
1.7034427e+02 -1.1505835e+02      
1.6992037e+02 -1.1664355e+02      
1.6897877e+02 -1.1581341e+02      
1.6751939e+02 -1.1219653e+02      
1.6559582e+02 -1.0632198e+02      
1.6756904e+02 -1.0068884e+02      
1.6744933e+02 -1.0506682e+02      
1.6737740e+02 -1.0948561e+02      
1.6726282e+02 -1.1380422e+02      
1.6704879e+02 -1.1789690e+02      
1.6672640e+02 -1.2166463e+02      
1.6629350e+02 -1.2499807e+02      
1.6572066e+02 -1.2777360e+02      
1.6496583e+02 -1.2991331e+02      
1.6400529e+02 -1.3143221e+02      
1.6286041e+02 -1.3244444e+02      
1.6160244e+02 -1.3313296e+02      
1.6032921e+02 -1.3369502e+02      
1.5914769e+02 -1.3431276e+02      
1.5818080e+02 -1.3516241e+02      
1.5760303e+02 -1.3644993e+02      
1.5746959e+02 -1.3798701e+02      
1.5670560e+02 -1.3719845e+02      
1.5525219e+02 -1.3379951e+02      
1.5322676e+02 -1.2823823e+02      
1.5312969e+02 -1.2169481e+02      
1.5260792e+02 -1.2569513e+02      
1.5211159e+02 -1.2973245e+02      
1.5158273e+02 -1.3369675e+02      
1.5098469e+02 -1.3747950e+02      
1.5031468e+02 -1.4097274e+02      
1.4959739e+02 -1.4406223e+02      
1.4885385e+02 -1.4664634e+02      
1.4806701e+02 -1.4868212e+02      
1.4719422e+02 -1.5020535e+02      
1.4621676e+02 -1.5130957e+02      
1.4516304e+02 -1.5211785e+02      
1.4409668e+02 -1.5276101e+02      
1.4310001e+02 -1.5336517e+02      
1.4226912e+02 -1.5405383e+02      
1.4172333e+02 -1.5498508e+02      
1.4147701e+02 -1.5608508e+02      
1.4072965e+02 -1.5518255e+02      
1.3942805e+02 -1.5213535e+02      
1.3767955e+02 -1.4723883e+02      
1.3618421e+02 -1.4063668e+02      
1.3533131e+02 -1.4430026e+02      
1.3447972e+02 -1.4800385e+02      
1.3358400e+02 -1.5165951e+02      
1.3261328e+02 -1.5517780e+02      
1.3157616e+02 -1.5845804e+02      
1.3055684e+02 -1.6136622e+02      
1.2967370e+02 -1.6376467e+02      
1.2892084e+02 -1.6562362e+02      
1.2817200e+02 -1.6702900e+02      
1.2734586e+02 -1.6808140e+02      
1.2644650e+02 -1.6886390e+02      
1.2552095e+02 -1.6945242e+02      
1.2463037e+02 -1.6991409e+02      
1.2383454e+02 -1.7029543e+02      
1.2317062e+02 -1.7058591e+02      
1.2256248e+02 -1.7049988e+02      
1.2175296e+02 -1.6929761e+02      
1.2066609e+02 -1.6676337e+02      
1.1942368e+02 -1.6322992e+02      
1.1703928e+02 -1.5723161e+02      
1.1591618e+02 -1.6058618e+02      
1.1477029e+02 -1.6398578e+02      
1.1355634e+02 -1.6736296e+02      
1.1222743e+02 -1.7065666e+02      
1.1075592e+02 -1.7380572e+02      
1.0928908e+02 -1.7665402e+02      
1.0828669e+02 -1.7886003e+02      
1.0775075e+02 -1.8039915e+02      
1.0721816e+02 -1.8156360e+02      
1.0654324e+02 -1.8246735e+02      
1.0576117e+02 -1.8313538e+02      
1.0492791e+02 -1.8359120e+02      
1.0409531e+02 -1.8385275e+02      
1.0330085e+02 -1.8391207e+02      
1.0255173e+02 -1.8369728e+02      
1.0180238e+02 -1.8301882e+02      
1.0097472e+02 -1.8162726e+02      
1.0004302e+02 -1.7944079e+02      
9.9071725e+01 -1.7664305e+02      
9.6028072e+01 -1.7122856e+02      
9.4692183e+01 -1.7429152e+02      
9.3315782e+01 -1.7740153e+02      
9.1851333e+01 -1.8050779e+02      
9.0226314e+01 -1.8357847e+02      
8.8301149e+01 -1.8663350e+02      
8.6048669e+01 -1.8964859e+02      
8.4941371e+01 -1.9165246e+02      
8.4996975e+01 -1.9262616e+02      
8.4728831e+01 -1.9348580e+02      
8.4166473e+01 -1.9420778e+02      
8.3455800e+01 -1.9472571e+02      
8.2674939e+01 -1.9502048e+02      
8.1873677e+01 -1.9507996e+02      
8.1081144e+01 -1.9487651e+02      
8.0303838e+01 -1.9434865e+02      
7.9525383e+01 -1.9339767e+02      
7.8722160e+01 -1.9192952e+02      
7.7892102e+01 -1.8993157e+02      
7.7069048e+01 -1.8750996e+02      
7.3504869e+01 -1.8241684e+02      
7.2011177e+01 -1.8519851e+02      
7.0471847e+01 -1.8802220e+02      
6.8847161e+01 -1.9084429e+02      
6.7071030e+01 -1.9363862e+02      
6.5004691e+01 -1.9642260e+02      
6.2610670e+01 -1.9915214e+02      
6.1420928e+01 -2.0094926e+02      
6.1453694e+01 -2.0179545e+02      
6.1166316e+01 -2.0251164e+02      
6.0599614e+01 -2.0309089e+02      
5.9898389e+01 -2.0346430e+02      
5.9133482e+01 -2.0360198e+02      
5.8346587e+01 -2.0348274e+02      
5.7561470e+01 -2.0307936e+02      
5.6787085e+01 -2.0235192e+02      
5.6021349e+01 -2.0125320e+02      
5.5260037e+01 -1.9975137e+02      
5.4508191e+01 -1.9786005e+02      
5.3785427e+01 -1.9565207e+02      
