7.0944412e+00 2.4621921e+02      
4.7821439e+00 2.4310344e+02      
3.0704074e+00 2.3998327e+02      
1.9386040e+00 2.3696162e+02      
1.3465202e+00 2.3414783e+02      
1.2288822e+00 2.3165334e+02      
1.4824369e+00 2.2958558e+02      
1.9538488e+00 2.2803822e+02      
2.5420238e+00 2.2706001e+02      
3.3370233e+00 2.2662726e+02      
4.4632226e+00 2.2668485e+02      
5.9768017e+00 2.2717918e+02      
7.8893269e+00 2.2806032e+02      
1.0191384e+01 2.2927865e+02      
1.2864626e+01 2.3078179e+02      
1.5889756e+01 2.3251261e+02      
1.9254398e+01 2.3440822e+02      
2.2960405e+01 2.3639985e+02      
2.7026190e+01 2.3841395e+02      
3.1481236e+01 2.4037428e+02      
3.4808953e+01 2.3523045e+02      
3.2708409e+01 2.3178413e+02      
3.1246617e+01 2.2828961e+02      
3.0405135e+01 2.2486375e+02      
3.0143877e+01 2.2163557e+02      
3.0397238e+01 2.1874178e+02      
3.1060589e+01 2.1631984e+02      
3.1833324e+01 2.1451834e+02      
3.2258020e+01 2.1345704e+02      
3.2811885e+01 2.1301652e+02      
3.3762708e+01 2.1308499e+02      
3.5141672e+01 2.1359575e+02      
3.6933744e+01 2.1449560e+02      
3.9108463e+01 2.1573488e+02      
4.1628743e+01 2.1726137e+02      
4.4456597e+01 2.1901718e+02      
4.7563805e+01 2.2093704e+02      
5.0948133e+01 2.2294761e+02      
5.4641087e+01 2.2496838e+02      
5.8695450e+01 2.2691494e+02      
6.1333789e+01 2.2067985e+02      
5.9478085e+01 2.1685484e+02      
5.8307085e+01 2.1292432e+02      
5.7808591e+01 2.0901896e+02      
5.7946887e+01 2.0528969e+02      
5.8661533e+01 2.0190435e+02      
5.9900893e+01 1.9903472e+02      
6.1405380e+01 1.9688332e+02      
6.1185960e+01 1.9588731e+02      
6.1350542e+01 1.9553925e+02      
6.2096412e+01 1.9568088e+02      
6.3337342e+01 1.9625154e+02      
6.5012227e+01 1.9720447e+02      
6.7062965e+01 1.9849666e+02      
6.9430041e+01 2.0007994e+02      
7.2047289e+01 2.0189794e+02      
7.4852037e+01 2.0388498e+02      
7.7827247e+01 2.0596361e+02      
8.1032294e+01 2.0804419e+02      
8.4567043e+01 2.1003045e+02      
8.6211554e+01 2.0286244e+02      
8.4622393e+01 1.9860960e+02      
8.3772059e+01 1.9417477e+02      
8.3659504e+01 1.8970059e+02      
8.4257246e+01 1.8536040e+02      
8.5501647e+01 1.8135796e+02      
8.7232142e+01 1.7794550e+02      
8.8826828e+01 1.7550802e+02      
8.8418150e+01 1.7466207e+02      
8.8359918e+01 1.7448774e+02      
8.8957149e+01 1.7476141e+02      
9.0100384e+01 1.7542727e+02      
9.1689067e+01 1.7645955e+02      
9.3641408e+01 1.7783200e+02      
9.5884709e+01 1.7950319e+02      
9.8320647e+01 1.8141966e+02      
1.0080393e+02 1.8351946e+02      
1.0325483e+02 1.8572381e+02      
1.0581196e+02 1.8792897e+02      
1.0867987e+02 1.9001873e+02      
1.0900707e+02 1.8214057e+02      
1.0769021e+02 1.7741420e+02      
1.0717393e+02 1.7240315e+02      
1.0747483e+02 1.6725794e+02      
1.0858461e+02 1.6217107e+02      
1.1043272e+02 1.5739402e+02      
1.1272432e+02 1.5330540e+02      
1.1386203e+02 1.5083857e+02      
1.1346558e+02 1.5015267e+02      
1.1332599e+02 1.5023907e+02      
1.1386846e+02 1.5069703e+02      
1.1500038e+02 1.5146623e+02      
1.1655752e+02 1.5258557e+02      
1.1844659e+02 1.5405899e+02      
1.2062215e+02 1.5584605e+02      
1.2299601e+02 1.5789089e+02      
1.2525537e+02 1.6014620e+02      
1.2694846e+02 1.6254810e+02      
1.2859753e+02 1.6496233e+02      
1.3061347e+02 1.6723401e+02      
1.2931562e+02 1.5894244e+02      
1.2825581e+02 1.5370760e+02      
1.2806397e+02 1.4804999e+02      
1.2878186e+02 1.4212112e+02      
1.3040928e+02 1.3615126e+02      
1.3278543e+02 1.3052147e+02      
1.3468176e+02 1.2629419e+02      
1.3575628e+02 1.2370620e+02      
1.3595800e+02 1.2281648e+02      
1.3572439e+02 1.2333443e+02      
1.3639526e+02 1.2394834e+02      
1.3767490e+02 1.2475589e+02      
1.3926385e+02 1.2594040e+02      
1.4108965e+02 1.2753744e+02      
1.4322907e+02 1.2947416e+02      
1.4571876e+02 1.3165802e+02      
1.4811520e+02 1.3409781e+02      
1.4856346e+02 1.3679121e+02      
1.4895965e+02 1.3953718e+02      
1.4991596e+02 1.4209051e+02      
1.4677199e+02 1.3375976e+02      
1.4592736e+02 1.2800481e+02      
1.4602207e+02 1.2163785e+02      
1.4710856e+02 1.1482675e+02      
1.4910179e+02 1.0794978e+02      
1.5099727e+02 1.0223255e+02      
1.5256410e+02 9.7954748e+01      
1.5371158e+02 9.5228142e+01      
1.5441221e+02 9.4149053e+01      
1.5484188e+02 9.4613234e+01      
1.5621597e+02 9.5015851e+01      
1.5790444e+02 9.5674814e+01      
1.5956113e+02 9.6875561e+01      
1.6120385e+02 9.8652921e+01      
1.6311030e+02 1.0084748e+02      
1.6566424e+02 1.0317718e+02      
1.6722164e+02 1.0587359e+02      
1.6732901e+02 1.0889592e+02      
1.6631671e+02 1.1212521e+02      
1.6607170e+02 1.1507537e+02      
1.6106052e+02 1.0714358e+02      
1.6035523e+02 1.0090427e+02      
1.6065158e+02 9.3805910e+01      
1.6193302e+02 8.6138137e+01      
1.6337605e+02 7.9255667e+01      
1.6480157e+02 7.3563815e+01      
1.6614703e+02 6.9274945e+01      
1.6741757e+02 6.6408889e+01      
1.6866175e+02 6.4969339e+01      
1.7014631e+02 6.4856812e+01      
1.7294323e+02 6.4484809e+01      
1.7520421e+02 6.4785411e+01      
1.7687550e+02 6.5950807e+01      
1.7807555e+02 6.8015561e+01      
1.7908239e+02 7.0773029e+01      
1.8045936e+02 7.3525609e+01      
1.8126556e+02 7.6498594e+01      
1.8097718e+02 7.9829467e+01      
1.7975238e+02 8.3387251e+01      
1.7842373e+02 8.6796650e+01      
1.7193082e+02 7.9685734e+01      
1.7121711e+02 7.3148413e+01      
1.7153042e+02 6.5463754e+01      
1.7222711e+02 5.7956071e+01      
1.7314913e+02 5.1096327e+01      
1.7422441e+02 4.5347561e+01      
1.7540139e+02 4.1177422e+01      
1.7677586e+02 3.8281853e+01      
1.7849256e+02 3.6359876e+01      
1.8088654e+02 3.5085003e+01      
1.8420873e+02 3.4158953e+01      
1.8672274e+02 3.4042433e+01      
1.8825966e+02 3.5111107e+01      
1.8882473e+02 3.7497184e+01      
1.8853684e+02 4.1033421e+01      
1.8939296e+02 4.3932979e+01      
1.8974836e+02 4.7026466e+01      
1.8899941e+02 5.0644873e+01      
1.8730820e+02 5.4581470e+01      
1.8631628e+02 5.7943631e+01      
1.7924847e+02 5.1918940e+01      
1.7827907e+02 4.5515075e+01      
1.7799219e+02 3.8355807e+01      
1.7816061e+02 3.1005611e+01      
1.7868631e+02 2.3952765e+01      
1.7953737e+02 1.7841923e+01      
1.8051394e+02 1.4146993e+01      
1.8190763e+02 1.1524659e+01      
1.8383173e+02 9.4175661e+00      
1.8652078e+02 7.3857571e+00      
1.9003354e+02 5.1913980e+00      
1.9250403e+02 4.4885126e+00      
1.9381682e+02 5.3546226e+00      
1.9393795e+02 7.8483738e+00      
1.9294321e+02 1.1845421e+01      
1.9277092e+02 1.5233013e+01      
1.9295254e+02 1.8209908e+01      
1.9181264e+02 2.2053241e+01      
1.9070113e+02 2.5692113e+01      
1.9012257e+02 2.8863684e+01      
1.8303250e+02 2.4222015e+01      
1.8177289e+02 1.8055340e+01      
1.8103240e+02 1.1151958e+01      
1.8073902e+02 3.7243352e+00      
1.8086536e+02 -3.7090331e+00      
1.8133688e+02 -9.5389812e+00      
1.8218290e+02 -1.3371771e+01      
1.8351617e+02 -1.5470338e+01      
1.8540195e+02 -1.7362783e+01      
1.8789995e+02 -1.9547233e+01      
1.9096604e+02 -2.2108410e+01      
1.9308038e+02 -2.3121695e+01      
1.9413843e+02 -2.2528434e+01      
1.9410537e+02 -2.0303091e+01      
1.9300820e+02 -1.6484527e+01      
1.9232396e+02 -1.3023799e+01      
1.9185062e+02 -9.7840511e+00      
1.9112093e+02 -6.3874274e+00      
1.9046953e+02 -3.0986834e+00      
1.9019165e+02 -1.2902716e-01      
1.8336753e+02 -3.0501350e+00      
1.8186576e+02 -8.9349131e+00      
1.8078390e+02 -1.5632308e+01      
1.8006417e+02 -2.3213789e+01      
1.7971986e+02 -3.0234551e+01      
1.7983676e+02 -3.5838964e+01      
1.8049531e+02 -3.9706290e+01      
1.8172753e+02 -4.2031846e+01      
1.8347356e+02 -4.3541881e+01      
1.8550520e+02 -4.5521333e+01      
1.8758267e+02 -4.7456217e+01      
1.8913639e+02 -4.8452266e+01      
1.8992720e+02 -4.8163462e+01      
1.8994455e+02 -4.6563914e+01      
1.8935383e+02 -4.3901793e+01      
1.8855452e+02 -4.0811308e+01      
1.8784933e+02 -3.7675808e+01      
1.8725283e+02 -3.4548502e+01      
1.8683824e+02 -3.1512047e+01      
1.8673315e+02 -2.8693386e+01      
1.8035337e+02 -2.9523663e+01      
1.7866050e+02 -3.5012145e+01      
1.7732401e+02 -4.1161889e+01      
1.7629515e+02 -4.7886485e+01      
1.7552654e+02 -5.4770336e+01      
1.7530206e+02 -6.0263354e+01      
1.7577543e+02 -6.4001121e+01      
1.7690620e+02 -6.6235876e+01      
1.7835377e+02 -6.8409600e+01      
1.8001192e+02 -7.0707997e+01      
1.8154411e+02 -7.2681939e+01      
1.8265077e+02 -7.3837596e+01      
1.8316817e+02 -7.3883339e+01      
1.8311040e+02 -7.2784226e+01      
1.8268678e+02 -7.0799571e+01      
1.8162763e+02 -6.7921872e+01      
1.8081145e+02 -6.4992886e+01      
1.8025046e+02 -6.2076757e+01      
1.7993899e+02 -5.9206734e+01      
1.7992077e+02 -5.6473383e+01      
1.7411225e+02 -5.4860690e+01      
1.7227343e+02 -5.9877423e+01      
1.7075136e+02 -6.5383858e+01      
1.6952733e+02 -7.1238425e+01      
1.6858820e+02 -7.7160735e+01      
1.6801181e+02 -8.2585714e+01      
1.6831729e+02 -8.6100547e+01      
1.6904032e+02 -8.9034180e+01      
1.7013608e+02 -9.1901974e+01      
1.7164066e+02 -9.4926639e+01      
1.7290165e+02 -9.7414227e+01      
1.7370910e+02 -9.9000349e+01      
1.7395036e+02 -9.9433032e+01      
1.7355867e+02 -9.8566402e+01      
1.7251457e+02 -9.6427417e+01      
1.7148496e+02 -9.3913562e+01      
1.7068621e+02 -9.1287098e+01      
1.7015969e+02 -8.8588049e+01      
1.6990407e+02 -8.5833550e+01      
1.6992992e+02 -8.3111685e+01      
1.6479787e+02 -7.8760975e+01      
1.6284736e+02 -8.3298702e+01      
1.6118374e+02 -8.8207584e+01      
1.5981229e+02 -9.3330511e+01      
1.5874995e+02 -9.8431870e+01      
1.5807403e+02 -1.0313469e+02      
1.5791667e+02 -1.0702553e+02      
1.5816595e+02 -1.1044208e+02      
1.5875919e+02 -1.1369592e+02      
1.5965628e+02 -1.1693340e+02      
1.6069640e+02 -1.2007464e+02      
1.6128491e+02 -1.2228095e+02      
1.6129820e+02 -1.2322671e+02      
1.6066012e+02 -1.2268495e+02      
1.5940388e+02 -1.2069022e+02      
1.5835255e+02 -1.1848624e+02      
1.5759449e+02 -1.1621370e+02      
1.5711438e+02 -1.1377098e+02      
1.5690489e+02 -1.1108096e+02      
1.5696256e+02 -1.0826654e+02      
1.5260136e+02 -1.0093844e+02      
1.5056271e+02 -1.0502566e+02      
1.4878076e+02 -1.0941153e+02      
1.4727126e+02 -1.1395412e+02      
1.4605745e+02 -1.1847031e+02      
1.4517661e+02 -1.2275028e+02      
1.4465316e+02 -1.2665976e+02      
1.4445676e+02 -1.3025393e+02      
1.4453471e+02 -1.3366036e+02      
1.4482631e+02 -1.3696415e+02      
1.4523549e+02 -1.4015749e+02      
1.4559394e+02 -1.4305248e+02      
1.4543196e+02 -1.4468090e+02      
1.4468520e+02 -1.4467244e+02      
1.4344085e+02 -1.4305228e+02      
1.4243306e+02 -1.4124903e+02      
1.4173692e+02 -1.3946611e+02      
1.4131946e+02 -1.3746006e+02      
1.4115981e+02 -1.3470588e+02      
1.4125770e+02 -1.3161651e+02      
1.3775425e+02 -1.2111367e+02      
1.3564407e+02 -1.2479016e+02      
1.3375757e+02 -1.2872408e+02      
1.3211259e+02 -1.3279811e+02      
1.3072670e+02 -1.3688022e+02      
1.2961490e+02 -1.4084489e+02      
1.2877805e+02 -1.4461485e+02      
1.2819198e+02 -1.4818722e+02      
1.2781030e+02 -1.5160375e+02      
1.2756863e+02 -1.5490159e+02      
1.2738559e+02 -1.5807862e+02      
1.2716550e+02 -1.6104139e+02      
1.2679739e+02 -1.6346898e+02      
1.2599147e+02 -1.6419719e+02      
1.2485108e+02 -1.6310468e+02      
1.2395822e+02 -1.6174966e+02      
1.2336245e+02 -1.6056684e+02      
1.2302573e+02 -1.5954659e+02      
1.2291925e+02 -1.5642327e+02      
1.2309148e+02 -1.5286532e+02      
1.2052781e+02 -1.3901948e+02      
1.1835984e+02 -1.4232363e+02      
1.1638121e+02 -1.4586114e+02      
1.1460902e+02 -1.4953716e+02      
1.1305588e+02 -1.5325376e+02      
1.1172715e+02 -1.5692420e+02      
1.1061553e+02 -1.6049086e+02      
1.0969609e+02 -1.6393433e+02      
1.0892457e+02 -1.6726453e+02      
1.0823685e+02 -1.7050285e+02      
1.0754914e+02 -1.7366655e+02      
1.0676886e+02 -1.7674141e+02      
1.0586867e+02 -1.7947368e+02      
1.0494982e+02 -1.8108187e+02      
1.0393985e+02 -1.8061516e+02      
1.0322753e+02 -1.7958008e+02      
1.0280242e+02 -1.7856196e+02      
1.0248310e+02 -1.7796516e+02      
1.0249314e+02 -1.7540421e+02      
1.0281486e+02 -1.7144367e+02      
1.0122949e+02 -1.5441063e+02      
9.9016916e+01 -1.5737487e+02      
9.6960329e+01 -1.6055585e+02      
9.5075921e+01 -1.6387586e+02      
9.3373695e+01 -1.6725818e+02      
9.1855348e+01 -1.7063578e+02      
9.0511195e+01 -1.7396035e+02      
8.9317052e+01 -1.7720725e+02      
8.8231624e+01 -1.8037475e+02      
8.7193154e+01 -1.8348263e+02      
8.6112081e+01 -1.8658263e+02      
8.4850088e+01 -1.8981209e+02      
8.3313326e+01 -1.9320500e+02      
8.2098231e+01 -1.9503437e+02      
8.1188059e+01 -1.9523721e+02      
8.0686522e+01 -1.9431802e+02      
8.0621977e+01 -1.9269016e+02      
8.0364011e+01 -1.9186522e+02      
8.0521419e+01 -1.8914159e+02      
8.1034808e+01 -1.8472410e+02      
8.0197472e+01 -1.6707322e+02      
7.7953852e+01 -1.6972370e+02      
7.5835488e+01 -1.7257639e+02      
7.3858296e+01 -1.7556602e+02      
7.2031625e+01 -1.7862915e+02      
7.0356762e+01 -1.8170965e+02      
6.8825025e+01 -1.8476388e+02      
6.7415743e+01 -1.8776413e+02      
6.6094107e+01 -1.9070031e+02      
6.4807882e+01 -1.9358353e+02      
6.3479418e+01 -1.9646080e+02      
6.1977937e+01 -1.9946968e+02      
6.0202102e+01 -2.0265100e+02      
5.8875245e+01 -2.0439982e+02      
5.7979372e+01 -2.0477710e+02      
5.7542091e+01 -2.0397605e+02      
5.7583358e+01 -2.0223364e+02      
5.7368106e+01 -2.0099073e+02      
5.7704017e+01 -1.9781088e+02      
5.8090615e+01 -1.9420435e+02      
