3.7704722e+01 2.4493396e+02      
3.6437272e+01 2.4466256e+02      
3.5468131e+01 2.4427672e+02      
3.4697348e+01 2.4367184e+02      
3.3960496e+01 2.4259288e+02      
3.3083201e+01 2.4072550e+02      
3.2157545e+01 2.3852711e+02      
3.1270829e+01 2.3638360e+02      
3.0465274e+01 2.3450864e+02      
2.9773374e+01 2.3301344e+02      
2.9242365e+01 2.3193159e+02      
2.8935552e+01 2.3124849e+02      
2.8918128e+01 2.3092725e+02      
2.9246129e+01 2.3092424e+02      
2.9963608e+01 2.3119526e+02      
3.1104537e+01 2.3169624e+02      
3.2695488e+01 2.3238193e+02      
3.4757137e+01 2.3320473e+02      
3.7304570e+01 2.3411423e+02      
4.0347125e+01 2.3505741e+02      
6.6692188e+01 2.3655506e+02      
6.5717519e+01 2.3648250e+02      
6.5128224e+01 2.3637950e+02      
6.4793817e+01 2.3612728e+02      
6.4438881e+01 2.3532115e+02      
6.3530722e+01 2.3260334e+02      
6.2492300e+01 2.2951445e+02      
6.1481233e+01 2.2662065e+02      
6.0522994e+01 2.2418134e+02      
5.9614764e+01 2.2229118e+02      
5.8808740e+01 2.2093704e+02      
5.8199266e+01 2.2005279e+02      
5.7876223e+01 2.1956375e+02      
5.7905764e+01 2.1940477e+02      
5.8332381e+01 2.1952172e+02      
5.9187298e+01 2.1986648e+02      
6.0495028e+01 2.2039166e+02      
6.2275507e+01 2.2104750e+02      
6.4543510e+01 2.2178094e+02      
6.7307802e+01 2.2253590e+02      
9.4198091e+01 2.2446312e+02      
9.3561652e+01 2.2458367e+02      
9.3468513e+01 2.2483318e+02      
9.3718522e+01 2.2499840e+02      
9.3594265e+01 2.2371477e+02      
9.2935099e+01 2.2077180e+02      
9.1776912e+01 2.1661588e+02      
9.0664920e+01 2.1280307e+02      
8.9588075e+01 2.0974681e+02      
8.8420334e+01 2.0751557e+02      
8.7248446e+01 2.0598412e+02      
8.6253698e+01 2.0498976e+02      
8.5564914e+01 2.0440560e+02      
8.5252765e+01 2.0414618e+02      
8.5351805e+01 2.0415423e+02      
8.5883045e+01 2.0438409e+02      
8.6866834e+01 2.0478997e+02      
8.8323139e+01 2.0532147e+02      
9.0267120e+01 2.0592336e+02      
9.2707008e+01 2.0653645e+02      
1.1968475e+02 2.0877220e+02      
1.1933064e+02 2.0893857e+02      
1.1976506e+02 2.0944242e+02      
1.2027224e+02 2.0913349e+02      
1.2043929e+02 2.0738993e+02      
1.2010853e+02 2.0408567e+02      
1.1933193e+02 1.9959137e+02      
1.1833236e+02 1.9479548e+02      
1.1739858e+02 1.9114341e+02      
1.1584010e+02 1.8876316e+02      
1.1412179e+02 1.8724990e+02      
1.1263077e+02 1.8628765e+02      
1.1152068e+02 1.8570029e+02      
1.1084135e+02 1.8539861e+02      
1.1059258e+02 1.8534116e+02      
1.1077118e+02 1.8549755e+02      
1.1139462e+02 1.8582804e+02      
1.1248833e+02 1.8628206e+02      
1.1406945e+02 1.8680212e+02      
1.1614510e+02 1.8732560e+02      
1.4267520e+02 1.8971518e+02      
1.4235490e+02 1.8954239e+02      
1.4269090e+02 1.8931730e+02      
1.4358560e+02 1.8874833e+02      
1.4413031e+02 1.8662860e+02      
1.4413996e+02 1.8278644e+02      
1.4380096e+02 1.7759168e+02      
1.4385908e+02 1.7251041e+02      
1.4380223e+02 1.6836918e+02      
1.4145931e+02 1.6622486e+02      
1.3894021e+02 1.6502766e+02      
1.3683201e+02 1.6428466e+02      
1.3527744e+02 1.6378524e+02      
1.3425007e+02 1.6348092e+02      
1.3366559e+02 1.6338560e+02      
1.3346745e+02 1.6350605e+02      
1.3369226e+02 1.6380720e+02      
1.3438920e+02 1.6423407e+02      
1.3557598e+02 1.6472679e+02      
1.3725503e+02 1.6521883e+02      
1.6283729e+02 1.6773544e+02      
1.6243494e+02 1.6712303e+02      
1.6256047e+02 1.6618419e+02      
1.6318806e+02 1.6472089e+02      
1.6411068e+02 1.6228264e+02      
1.6442656e+02 1.5782646e+02      
1.6525951e+02 1.5239515e+02      
1.6657568e+02 1.4682207e+02      
1.6641555e+02 1.4272403e+02      
1.6441588e+02 1.4045820e+02      
1.6105870e+02 1.3981783e+02      
1.5830021e+02 1.3946753e+02      
1.5636270e+02 1.3909878e+02      
1.5509835e+02 1.3877174e+02      
1.5426895e+02 1.3862416e+02      
1.5363095e+02 1.3875028e+02      
1.5340132e+02 1.3907358e+02      
1.5367718e+02 1.3952545e+02      
1.5444979e+02 1.4004968e+02      
1.5570855e+02 1.4057526e+02      
1.7993544e+02 1.4336521e+02      
1.7941645e+02 1.4237008e+02      
1.7932161e+02 1.4088792e+02      
1.7963511e+02 1.3875051e+02      
1.8026895e+02 1.3564618e+02      
1.8120370e+02 1.3114163e+02      
1.8302787e+02 1.2530367e+02      
1.8425226e+02 1.1981886e+02      
1.8409280e+02 1.1570105e+02      
1.8237800e+02 1.1334178e+02      
1.7950291e+02 1.1254256e+02      
1.7636420e+02 1.1256301e+02      
1.7431645e+02 1.1216972e+02      
1.7301155e+02 1.1169751e+02      
1.7216392e+02 1.1141414e+02      
1.7088330e+02 1.1162465e+02      
1.7017541e+02 1.1201502e+02      
1.7004401e+02 1.1253810e+02      
1.7040075e+02 1.1315762e+02      
1.7122281e+02 1.1379191e+02      
1.9378092e+02 1.1712427e+02      
1.9313623e+02 1.1584030e+02      
1.9283715e+02 1.1400185e+02      
1.9287573e+02 1.1148842e+02      
1.9324082e+02 1.0813568e+02      
1.9399560e+02 1.0380024e+02      
1.9522837e+02 9.8526184e+01      
1.9661600e+02 9.2759125e+01      
1.9658373e+02 8.8438596e+01      
1.9498037e+02 8.6088948e+01      
1.9227447e+02 8.5365872e+01      
1.9022825e+02 8.4508197e+01      
1.8860624e+02 8.3604155e+01      
1.8742900e+02 8.2779379e+01      
1.8625823e+02 8.2377493e+01      
1.8469226e+02 8.2612718e+01      
1.8370667e+02 8.3045477e+01      
1.8324917e+02 8.3669164e+01      
1.8320039e+02 8.4460645e+01      
1.8356587e+02 8.5298993e+01      
2.0422718e+02 8.9506531e+01      
2.0345834e+02 8.8026285e+01      
2.0296844e+02 8.5980075e+01      
2.0275360e+02 8.3301587e+01      
2.0280747e+02 7.9927515e+01      
2.0312666e+02 7.5843129e+01      
2.0367009e+02 7.1144636e+01      
2.0423878e+02 6.6120943e+01      
2.0432509e+02 6.1462680e+01      
2.0270824e+02 5.9180661e+01      
2.0079353e+02 5.7470465e+01      
1.9915924e+02 5.5868391e+01      
1.9792221e+02 5.4341482e+01      
1.9719204e+02 5.2904149e+01      
1.9620964e+02 5.2122777e+01      
1.9479683e+02 5.2188914e+01      
1.9384076e+02 5.2551494e+01      
1.9317549e+02 5.3293314e+01      
1.9269717e+02 5.4380511e+01      
1.9255389e+02 5.5561914e+01      
2.1117363e+02 6.0985508e+01      
2.1028745e+02 5.9383706e+01      
2.0961937e+02 5.7230727e+01      
2.0916326e+02 5.4500263e+01      
2.0890287e+02 5.1184998e+01      
2.0880401e+02 4.7325991e+01      
2.0878944e+02 4.3050164e+01      
2.0870235e+02 3.8609878e+01      
2.0825020e+02 3.4491649e+01      
2.0712207e+02 3.1303474e+01      
2.0571725e+02 2.8671060e+01      
2.0437620e+02 2.6346938e+01      
2.0327892e+02 2.4291257e+01      
2.0251702e+02 2.2524293e+01      
2.0198536e+02 2.1174401e+01      
2.0115128e+02 2.0780982e+01      
2.0068422e+02 2.0794716e+01      
1.9992035e+02 2.1684719e+01      
1.9879967e+02 2.3360920e+01      
1.9802236e+02 2.5104127e+01      
2.1456908e+02 3.2021942e+01      
2.1357655e+02 3.0353076e+01      
2.1274697e+02 2.8156311e+01      
2.1207209e+02 2.5429301e+01      
2.1153144e+02 2.2190748e+01      
2.1108591e+02 1.8497998e+01      
2.1066696e+02 1.4466911e+01      
2.1016756e+02 1.0289092e+01      
2.0945510e+02 6.2283481e+00      
2.0846623e+02 2.5006208e+00      
2.0730381e+02 -8.6356609e-01      
2.0612006e+02 -3.8557847e+00      
2.0504078e+02 -6.4072195e+00      
2.0418896e+02 -8.4655308e+00      
2.0366572e+02 -1.0012344e+01      
2.0362281e+02 -1.1109702e+01      
2.0431907e+02 -1.1942612e+01      
2.0352676e+02 -1.0817523e+01      
2.0123667e+02 -7.9522332e+00      
1.9976608e+02 -5.4396121e+00      
2.1441328e+02 3.0683767e+00      
2.1332873e+02 1.3708891e+00      
2.1235855e+02 -8.3057118e-01      
2.1149497e+02 -3.5267028e+00      
2.1071966e+02 -6.6911462e+00      
2.1000092e+02 -1.0271835e+01      
2.0929163e+02 -1.4184051e+01      
2.0853273e+02 -1.8310672e+01      
2.0767116e+02 -2.2519404e+01      
2.0669310e+02 -2.6697648e+01      
2.0563050e+02 -3.0740945e+01      
2.0450590e+02 -3.4442454e+01      
2.0333800e+02 -3.7507603e+01      
2.0227784e+02 -3.9810330e+01      
2.0161903e+02 -4.1457116e+01      
2.0172880e+02 -4.2741403e+01      
2.0263960e+02 -4.3750333e+01      
2.0185436e+02 -4.2209658e+01      
1.9933774e+02 -3.8481201e+01      
1.9758671e+02 -3.5335726e+01      
2.1075690e+02 -2.5430632e+01      
2.0959645e+02 -2.7128773e+01      
2.0850842e+02 -2.9308174e+01      
2.0748758e+02 -3.1955621e+01      
2.0652097e+02 -3.5046615e+01      
2.0558771e+02 -3.8542961e+01      
2.0466089e+02 -4.2393805e+01      
2.0371404e+02 -4.6543476e+01      
2.0273429e+02 -5.0947964e+01      
2.0173757e+02 -5.5589895e+01      
2.0076257e+02 -6.0443086e+01      
1.9973505e+02 -6.5163200e+01      
1.9834736e+02 -6.8820863e+01      
1.9677089e+02 -7.1201584e+01      
1.9565846e+02 -7.2666579e+01      
1.9538341e+02 -7.3533895e+01      
1.9589239e+02 -7.3861126e+01      
1.9517325e+02 -7.1555402e+01      
1.9307879e+02 -6.7351911e+01      
1.9150809e+02 -6.3910441e+01      
2.0370065e+02 -5.3041962e+01      
2.0248074e+02 -5.4718713e+01      
2.0129713e+02 -5.6854218e+01      
2.0014802e+02 -5.9435137e+01      
1.9902643e+02 -6.2442032e+01      
1.9792121e+02 -6.5850756e+01      
1.9682015e+02 -6.9637830e+01      
1.9571625e+02 -7.3792494e+01      
1.9461848e+02 -7.8338202e+01      
1.9356840e+02 -8.3366462e+01      
1.9267681e+02 -8.9100830e+01      
1.9198184e+02 -9.5507154e+01      
1.9024701e+02 -9.9784036e+01      
1.8764220e+02 -1.0188473e+02      
1.8584502e+02 -1.0291987e+02      
1.8492841e+02 -1.0293895e+02      
1.8457208e+02 -1.0151070e+02      
1.8405303e+02 -9.7916377e+01      
1.8295188e+02 -9.4034509e+01      
1.8183107e+02 -9.0674666e+01      
1.9339400e+02 -7.9349591e+01      
1.9213028e+02 -8.0986028e+01      
1.9087155e+02 -8.3057093e+01      
1.8961947e+02 -8.5550285e+01      
1.8837217e+02 -8.8450494e+01      
1.8712566e+02 -9.1743104e+01      
1.8587649e+02 -9.5420848e+01      
1.8462665e+02 -9.9496965e+01      
1.8339111e+02 -1.0402929e+02      
1.8221053e+02 -1.0916659e+02      
1.8117599e+02 -1.1524682e+02      
1.8022916e+02 -1.2224907e+02      
1.7813910e+02 -1.2676900e+02      
1.7504198e+02 -1.2869144e+02      
1.7277373e+02 -1.2939863e+02      
1.7141476e+02 -1.2882437e+02      
1.7073543e+02 -1.2653988e+02      
1.7043358e+02 -1.2239316e+02      
1.6981193e+02 -1.1855319e+02      
1.6901011e+02 -1.1531416e+02      
1.8003324e+02 -1.0396114e+02      
1.7873997e+02 -1.0554027e+02      
1.7742440e+02 -1.0752679e+02      
1.7609118e+02 -1.0990842e+02      
1.7474234e+02 -1.1267180e+02      
1.7337840e+02 -1.1580562e+02      
1.7200013e+02 -1.1930650e+02      
1.7061107e+02 -1.2318899e+02      
1.6922041e+02 -1.2750262e+02      
1.6784511e+02 -1.3236309e+02      
1.6650902e+02 -1.3802960e+02      
1.6510030e+02 -1.4452153e+02      
1.6275790e+02 -1.4884629e+02      
1.5956203e+02 -1.5087056e+02      
1.5713377e+02 -1.5157446e+02      
1.5557447e+02 -1.5084036e+02      
1.5478236e+02 -1.4840190e+02      
1.5460818e+02 -1.4428584e+02      
1.5414988e+02 -1.4061016e+02      
1.5346523e+02 -1.3754129e+02      
1.6385875e+02 -1.2651433e+02      
1.6254863e+02 -1.2802100e+02      
1.6119246e+02 -1.2990409e+02      
1.5979730e+02 -1.3215038e+02      
1.5836799e+02 -1.3474547e+02      
1.5690780e+02 -1.3767600e+02      
1.5541917e+02 -1.4093290e+02      
1.5390412e+02 -1.4451575e+02      
1.5236328e+02 -1.4843689e+02      
1.5079018e+02 -1.5271943e+02      
1.4915040e+02 -1.5735651e+02      
1.4729793e+02 -1.6200063e+02      
1.4491678e+02 -1.6573375e+02      
1.4199904e+02 -1.6846076e+02      
1.3966960e+02 -1.6938461e+02      
1.3803909e+02 -1.6877427e+02      
1.3709817e+02 -1.6664492e+02      
1.3680439e+02 -1.6309204e+02      
1.3626537e+02 -1.5986867e+02      
1.3553789e+02 -1.5708873e+02      
1.4515158e+02 -1.4668277e+02      
1.4383574e+02 -1.4810412e+02      
1.4245343e+02 -1.4986745e+02      
1.4101362e+02 -1.5195760e+02      
1.3952329e+02 -1.5435732e+02      
1.3798760e+02 -1.5704806e+02      
1.3640998e+02 -1.6001076e+02      
1.3479150e+02 -1.6322523e+02      
1.3312864e+02 -1.6666539e+02      
1.3140739e+02 -1.7028195e+02      
1.2959071e+02 -1.7395449e+02      
1.2760494e+02 -1.7741155e+02      
1.2538001e+02 -1.8029535e+02      
1.2302761e+02 -1.8232150e+02      
1.2093528e+02 -1.8312641e+02      
1.1927877e+02 -1.8269404e+02      
1.1807848e+02 -1.8113096e+02      
1.1722113e+02 -1.7873853e+02      
1.1639965e+02 -1.7618427e+02      
1.1552610e+02 -1.7377051e+02      
1.2422919e+02 -1.6418079e+02      
1.2291729e+02 -1.6550678e+02      
1.2152171e+02 -1.6713771e+02      
1.2005308e+02 -1.6905610e+02      
1.1852013e+02 -1.7124117e+02      
1.1692972e+02 -1.7366864e+02      
1.1528664e+02 -1.7630984e+02      
1.1359290e+02 -1.7912885e+02      
1.1184622e+02 -1.8207571e+02      
1.1003748e+02 -1.8507232e+02      
1.0814886e+02 -1.8799067e+02      
1.0616070e+02 -1.9063941e+02      
1.0408266e+02 -1.9279334e+02      
1.0200318e+02 -1.9423903e+02      
1.0007351e+02 -1.9481381e+02      
9.8401520e+01 -1.9448052e+02      
9.7008289e+01 -1.9333133e+02      
9.5830487e+01 -1.9158814e+02      
9.4757042e+01 -1.8955709e+02      
9.3716213e+01 -1.8747659e+02      
1.0144053e+02 -1.7876727e+02      
1.0014080e+02 -1.7999101e+02      
9.8743436e+01 -1.8148120e+02      
9.7260460e+01 -1.8321825e+02      
9.5702227e+01 -1.8517825e+02      
9.4077338e+01 -1.8733231e+02      
9.2392478e+01 -1.8964507e+02      
9.0652059e+01 -1.9207170e+02      
8.8857758e+01 -1.9455264e+02      
8.7008451e+01 -1.9700601e+02      
8.5102273e+01 -1.9932015e+02      
8.3144013e+01 -2.0135450e+02      
8.1159295e+01 -2.0295602e+02      
7.9205623e+01 -2.0398602e+02      
7.7358886e+01 -2.0435099e+02      
7.5677625e+01 -2.0403190e+02      
7.4178303e+01 -2.0309436e+02      
7.2834050e+01 -2.0167935e+02      
7.1594663e+01 -1.9996769e+02      
7.0416146e+01 -1.9812645e+02      
