2.5909782e+01 2.4908881e+02      
2.3790959e+01 2.4854851e+02      
2.2025119e+01 2.4801636e+02      
2.0620159e+01 2.4753037e+02      
1.9587007e+01 2.4712711e+02      
1.8933420e+01 2.4683483e+02      
1.8616516e+01 2.4662543e+02      
1.8502082e+01 2.4636911e+02      
1.8563018e+01 2.4603588e+02      
1.8882114e+01 2.4569696e+02      
1.9636730e+01 2.4552132e+02      
2.0882159e+01 2.4556960e+02      
2.2560043e+01 2.4582139e+02      
2.4492517e+01 2.4617182e+02      
2.6199102e+01 2.4622556e+02      
2.8152797e+01 2.4635343e+02      
3.0532590e+01 2.4662746e+02      
3.3412567e+01 2.4703316e+02      
3.6814398e+01 2.4752126e+02      
4.0736659e+01 2.4802807e+02      
5.3932032e+01 2.3925018e+02      
5.1880234e+01 2.3864254e+02      
5.0170768e+01 2.3802627e+02      
4.8813283e+01 2.3744893e+02      
4.7830481e+01 2.3696361e+02      
4.7270278e+01 2.3663969e+02      
4.7144548e+01 2.3651039e+02      
4.7032112e+01 2.3616021e+02      
4.6933874e+01 2.3558726e+02      
4.6939181e+01 2.3484725e+02      
4.7553947e+01 2.3441283e+02      
4.8813650e+01 2.3430695e+02      
5.0577326e+01 2.3446363e+02      
5.2302556e+01 2.3454293e+02      
5.3867204e+01 2.3446308e+02      
5.5363882e+01 2.3429082e+02      
5.7319333e+01 2.3432367e+02      
5.9851908e+01 2.3455359e+02      
6.2958071e+01 2.3490482e+02      
6.6609957e+01 2.3528832e+02      
8.0765054e+01 2.2568663e+02      
7.8809667e+01 2.2497689e+02      
7.7175132e+01 2.2423912e+02      
7.5865622e+01 2.2352784e+02      
7.4905105e+01 2.2290455e+02      
7.4358631e+01 2.2244819e+02      
7.4246531e+01 2.2218123e+02      
7.4057855e+01 2.2166794e+02      
7.3794531e+01 2.2088924e+02      
7.3577099e+01 2.1992092e+02      
7.4050261e+01 2.1927000e+02      
7.5323004e+01 2.1900284e+02      
7.6873372e+01 2.1885389e+02      
7.8398144e+01 2.1868886e+02      
7.9781953e+01 2.1847118e+02      
8.1092273e+01 2.1824171e+02      
8.2593592e+01 2.1810828e+02      
8.4774852e+01 2.1824866e+02      
8.7564522e+01 2.1854729e+02      
9.0908497e+01 2.1888638e+02      
1.0599963e+02 2.0863776e+02      
1.0417551e+02 2.0778693e+02      
1.0263962e+02 2.0688522e+02      
1.0137822e+02 2.0599139e+02      
1.0039603e+02 2.0516549e+02      
9.9740675e+01 2.0447013e+02      
9.9445071e+01 2.0391726e+02      
9.9067772e+01 2.0317506e+02      
9.8642483e+01 2.0222625e+02      
9.8278487e+01 2.0113034e+02      
9.8540102e+01 2.0026601e+02      
9.9462345e+01 1.9966668e+02      
1.0090037e+02 1.9926554e+02      
1.0227133e+02 1.9887911e+02      
1.0342182e+02 1.9850935e+02      
1.0443116e+02 1.9820539e+02      
1.0583891e+02 1.9814915e+02      
1.0776893e+02 1.9834545e+02      
1.1023860e+02 1.9870017e+02      
1.1324272e+02 1.9909023e+02      
1.2925525e+02 1.8840088e+02      
1.2760893e+02 1.8736681e+02      
1.2621232e+02 1.8625642e+02      
1.2501799e+02 1.8513417e+02      
1.2398883e+02 1.8405821e+02      
1.2311787e+02 1.8306412e+02      
1.2238741e+02 1.8212399e+02      
1.2170665e+02 1.8112343e+02      
1.2110815e+02 1.8002409e+02      
1.2072834e+02 1.7887831e+02      
1.2078989e+02 1.7782129e+02      
1.2136428e+02 1.7691296e+02      
1.2238751e+02 1.7615540e+02      
1.2364644e+02 1.7552762e+02      
1.2455456e+02 1.7498947e+02      
1.2557449e+02 1.7471671e+02      
1.2686369e+02 1.7478491e+02      
1.2852371e+02 1.7514985e+02      
1.3063833e+02 1.7568182e+02      
1.3326124e+02 1.7623146e+02      
1.5018000e+02 1.6532721e+02      
1.4877597e+02 1.6406452e+02      
1.4759159e+02 1.6269713e+02      
1.4652486e+02 1.6130361e+02      
1.4546963e+02 1.5995465e+02      
1.4437629e+02 1.5868392e+02      
1.4327120e+02 1.5746770e+02      
1.4223083e+02 1.5624551e+02      
1.4136186e+02 1.5497983e+02      
1.4078408e+02 1.5368571e+02      
1.4060486e+02 1.5241354e+02      
1.4087055e+02 1.5120725e+02      
1.4154716e+02 1.5009573e+02      
1.4249141e+02 1.4912011e+02      
1.4346144e+02 1.4838888e+02      
1.4445087e+02 1.4810302e+02      
1.4551488e+02 1.4834954e+02      
1.4678961e+02 1.4901949e+02      
1.4846144e+02 1.4987576e+02      
1.5064668e+02 1.5070567e+02      
1.6844456e+02 1.3981846e+02      
1.6736687e+02 1.3827759e+02      
1.6652061e+02 1.3659375e+02      
1.6571739e+02 1.3487480e+02      
1.6470566e+02 1.3323642e+02      
1.6337334e+02 1.3173501e+02      
1.6183395e+02 1.3033652e+02      
1.6033976e+02 1.2895333e+02      
1.5909320e+02 1.2752410e+02      
1.5820649e+02 1.2604116e+02      
1.5774233e+02 1.2452976e+02      
1.5772824e+02 1.2302078e+02      
1.5816026e+02 1.2153783e+02      
1.5899884e+02 1.2011911e+02      
1.6007316e+02 1.1897023e+02      
1.6099002e+02 1.1858435e+02      
1.6167303e+02 1.1912070e+02      
1.6232248e+02 1.2036119e+02      
1.6341279e+02 1.2174185e+02      
1.6510541e+02 1.2297505e+02      
1.8373105e+02 1.1232479e+02      
1.8306431e+02 1.1045511e+02      
1.8275574e+02 1.0837244e+02      
1.8253439e+02 1.0622308e+02      
1.8170100e+02 1.0426079e+02      
1.8002942e+02 1.0259099e+02      
1.7777740e+02 1.0113934e+02      
1.7565378e+02 9.9680579e+01      
1.7394626e+02 9.8113611e+01      
1.7270320e+02 9.6434999e+01      
1.7193458e+02 9.4674962e+01      
1.7164520e+02 9.2865834e+01      
1.7185927e+02 9.1012173e+01      
1.7266961e+02 8.9060325e+01      
1.7410413e+02 8.7099726e+01      
1.7492038e+02 8.6536072e+01      
1.7509561e+02 8.7495789e+01      
1.7473967e+02 8.9767784e+01      
1.7516698e+02 9.1849491e+01      
1.7636494e+02 9.3567429e+01      
1.9573020e+02 8.3341776e+01      
1.9549137e+02 8.1109357e+01      
1.9585667e+02 7.8547117e+01      
1.9677799e+02 7.5772475e+01      
1.9624314e+02 7.3440015e+01      
1.9412307e+02 7.1676763e+01      
1.9062796e+02 7.0396875e+01      
1.8775759e+02 6.8953806e+01      
1.8558487e+02 6.7270288e+01      
1.8399837e+02 6.5387531e+01      
1.8293635e+02 6.3369168e+01      
1.8235861e+02 6.1279763e+01      
1.8227862e+02 5.9129450e+01      
1.8281119e+02 5.6817431e+01      
1.8395587e+02 5.4446096e+01      
1.8445288e+02 5.3837809e+01      
1.8422194e+02 5.5175683e+01      
1.8342567e+02 5.8161725e+01      
1.8340767e+02 6.0855063e+01      
1.8419879e+02 6.3051322e+01      
2.0417555e+02 5.3397640e+01      
2.0425963e+02 5.0809110e+01      
2.0501301e+02 4.7791856e+01      
2.0632921e+02 4.4451942e+01      
2.0591025e+02 4.1784721e+01      
2.0354615e+02 3.9942738e+01      
1.9955531e+02 3.8809812e+01      
1.9622933e+02 3.7379479e+01      
1.9371281e+02 3.5568141e+01      
1.9186654e+02 3.3444153e+01      
1.9057501e+02 3.1124059e+01      
1.8971212e+02 2.8768200e+01      
1.8923489e+02 2.6447001e+01      
1.8922047e+02 2.4062119e+01      
1.8967337e+02 2.1678799e+01      
1.8965638e+02 2.1218543e+01      
1.8911453e+02 2.2842900e+01      
1.8819375e+02 2.6257595e+01      
1.8796110e+02 2.9375349e+01      
1.8846878e+02 3.1986282e+01      
2.0890447e+02 2.3027454e+01      
2.0916698e+02 2.0121396e+01      
2.0996311e+02 1.6768825e+01      
2.1112061e+02 1.3081402e+01      
2.1061593e+02 1.0181459e+01      
2.0821592e+02 8.2254533e+00      
2.0427152e+02 7.0781353e+00      
2.0082384e+02 5.5869237e+00      
1.9811427e+02 3.6260076e+00      
1.9614210e+02 1.1835279e+00      
1.9479692e+02 -1.5988967e+00      
1.9370520e+02 -4.2597749e+00      
1.9276296e+02 -6.6297024e+00      
1.9200122e+02 -8.7317673e+00      
1.9145874e+02 -1.0553589e+01      
1.9079030e+02 -1.0631651e+01      
1.8998989e+02 -8.8726403e+00      
1.8911042e+02 -5.4126234e+00      
1.8881435e+02 -2.0900349e+00      
1.8914142e+02 8.8316352e-01      
2.0987691e+02 -7.2472335e+00      
2.1025400e+02 -1.0452212e+01      
2.1094218e+02 -1.4042216e+01      
2.1151755e+02 -1.7708011e+01      
2.1093858e+02 -2.0786426e+01      
2.0848898e+02 -2.2824198e+01      
2.0498104e+02 -2.4276815e+01      
2.0152641e+02 -2.5838815e+01      
1.9864435e+02 -2.7879610e+01      
1.9659367e+02 -3.0639073e+01      
1.9548804e+02 -3.4195596e+01      
1.9420020e+02 -3.7187092e+01      
1.9278156e+02 -3.9559010e+01      
1.9122578e+02 -4.1176071e+01      
1.8938773e+02 -4.1571812e+01      
1.8806247e+02 -4.1177953e+01      
1.8706705e+02 -3.9511563e+01      
1.8634786e+02 -3.6618421e+01      
1.8606569e+02 -3.3206309e+01      
1.8627420e+02 -2.9800123e+01      
2.0712448e+02 -3.6906691e+01      
2.0767093e+02 -4.0452756e+01      
2.0853125e+02 -4.4456277e+01      
2.0933677e+02 -4.8575842e+01      
2.0924155e+02 -5.2136970e+01      
2.0613890e+02 -5.3871036e+01      
2.0223557e+02 -5.5042398e+01      
1.9844585e+02 -5.6364693e+01      
1.9522531e+02 -5.8249247e+01      
1.9282315e+02 -6.0959876e+01      
1.9130768e+02 -6.4581293e+01      
1.8962992e+02 -6.7627265e+01      
1.8780059e+02 -7.0052243e+01      
1.8580885e+02 -7.1743887e+01      
1.8358401e+02 -7.2261317e+01      
1.8195798e+02 -7.2037040e+01      
1.8084549e+02 -7.0525477e+01      
1.8016133e+02 -6.7657055e+01      
1.7988330e+02 -6.3796225e+01      
1.7999124e+02 -5.9585625e+01      
2.0067653e+02 -6.5394822e+01      
2.0145554e+02 -6.9324545e+01      
2.0276878e+02 -7.3965820e+01      
2.0419913e+02 -7.8864651e+01      
2.0367929e+02 -8.2411728e+01      
2.0078634e+02 -8.4257935e+01      
1.9607508e+02 -8.4703794e+01      
1.9163365e+02 -8.5415550e+01      
1.8791470e+02 -8.6895587e+01      
1.8494891e+02 -8.9185958e+01      
1.8255906e+02 -9.2035292e+01      
1.8035515e+02 -9.4850307e+01      
1.7819990e+02 -9.7369878e+01      
1.7608925e+02 -9.9608003e+01      
1.7411770e+02 -1.0186281e+02      
1.7246895e+02 -1.0249337e+02      
1.7131931e+02 -1.0119926e+02      
1.7067796e+02 -9.7987148e+01      
1.7044057e+02 -9.3222404e+01      
1.7044851e+02 -8.7646751e+01      
1.9054484e+02 -9.2111820e+01      
1.9142060e+02 -9.6281572e+01      
1.9315892e+02 -1.0158267e+02      
1.9409859e+02 -1.0647956e+02      
1.9329656e+02 -1.1001641e+02      
1.9048451e+02 -1.1185158e+02      
1.8604344e+02 -1.1227596e+02      
1.8097710e+02 -1.1223371e+02      
1.7687586e+02 -1.1334576e+02      
1.7349541e+02 -1.1531867e+02      
1.7058010e+02 -1.1781156e+02      
1.6794614e+02 -1.2050235e+02      
1.6550813e+02 -1.2312723e+02      
1.6327986e+02 -1.2545114e+02      
1.6131328e+02 -1.2723629e+02      
1.5960651e+02 -1.2859903e+02      
1.5842767e+02 -1.2751772e+02      
1.5788566e+02 -1.2375491e+02      
1.5777211e+02 -1.1800488e+02      
1.5783408e+02 -1.1278678e+02      
1.7685334e+02 -1.1653934e+02      
1.7734044e+02 -1.2044117e+02      
1.7821083e+02 -1.2512174e+02      
1.7902435e+02 -1.3025335e+02      
1.7812817e+02 -1.3386747e+02      
1.7525859e+02 -1.3547816e+02      
1.7078561e+02 -1.3550983e+02      
1.6634558e+02 -1.3596429e+02      
1.6236555e+02 -1.3718468e+02      
1.5883951e+02 -1.3910147e+02      
1.5564859e+02 -1.4154666e+02      
1.5270657e+02 -1.4433083e+02      
1.5000596e+02 -1.4718856e+02      
1.4763100e+02 -1.4961891e+02      
1.4569787e+02 -1.5022038e+02      
1.4408611e+02 -1.5025332e+02      
1.4281114e+02 -1.4932983e+02      
1.4250170e+02 -1.4479797e+02      
1.4242824e+02 -1.3970165e+02      
1.4247687e+02 -1.3504205e+02      
1.5998229e+02 -1.3840067e+02      
1.5996196e+02 -1.4183357e+02      
1.6001209e+02 -1.4573166e+02      
1.5986639e+02 -1.4987071e+02      
1.5895233e+02 -1.5360277e+02      
1.5599781e+02 -1.5484784e+02      
1.5232553e+02 -1.5565833e+02      
1.4851722e+02 -1.5668528e+02      
1.4483456e+02 -1.5816138e+02      
1.4134640e+02 -1.6015722e+02      
1.3802406e+02 -1.6270133e+02      
1.3483786e+02 -1.6574962e+02      
1.3187259e+02 -1.6894429e+02      
1.2942024e+02 -1.7076432e+02      
1.2753226e+02 -1.7085969e+02      
1.2614803e+02 -1.6949424e+02      
1.2498342e+02 -1.6774766e+02      
1.2481048e+02 -1.6318957e+02      
1.2472352e+02 -1.5862602e+02      
1.2470420e+02 -1.5446328e+02      
1.4041691e+02 -1.5754534e+02      
1.3996100e+02 -1.6050203e+02      
1.3940288e+02 -1.6370769e+02      
1.3854577e+02 -1.6694595e+02      
1.3705582e+02 -1.6976930e+02      
1.3458840e+02 -1.7162111e+02      
1.3151681e+02 -1.7303953e+02      
1.2819019e+02 -1.7446402e+02      
1.2480618e+02 -1.7611621e+02      
1.2145199e+02 -1.7813849e+02      
1.1811587e+02 -1.8070372e+02      
1.1473448e+02 -1.8399960e+02      
1.1168295e+02 -1.8668951e+02      
1.0921161e+02 -1.8798948e+02      
1.0742137e+02 -1.8759427e+02      
1.0625945e+02 -1.8562063e+02      
1.0559119e+02 -1.8240127e+02      
1.0520226e+02 -1.7859389e+02      
1.0496495e+02 -1.7467266e+02      
1.0483309e+02 -1.7095466e+02      
1.1862248e+02 -1.7383424e+02      
1.1783534e+02 -1.7636997e+02      
1.1687327e+02 -1.7904000e+02      
1.1560407e+02 -1.8167079e+02      
1.1386947e+02 -1.8403450e+02      
1.1158885e+02 -1.8599082e+02      
1.0886622e+02 -1.8765796e+02      
1.0587714e+02 -1.8924653e+02      
1.0276187e+02 -1.9092197e+02      
9.9602268e+01 -1.9280476e+02      
9.6423206e+01 -1.9499525e+02      
9.3223058e+01 -1.9749916e+02      
9.0073321e+01 -1.9996930e+02      
8.7590251e+01 -2.0093677e+02      
8.5962105e+01 -2.0005195e+02      
8.5077542e+01 -1.9748606e+02      
8.4376905e+01 -1.9445210e+02      
8.3835777e+01 -1.9115159e+02      
8.3445798e+01 -1.8774473e+02      
8.3187601e+01 -1.8441065e+02      
9.5036523e+01 -1.8712473e+02      
9.4014997e+01 -1.8930815e+02      
9.2798053e+01 -1.9157209e+02      
9.1308747e+01 -1.9379823e+02      
8.9475644e+01 -1.9586774e+02      
8.7274651e+01 -1.9771784e+02      
8.4754318e+01 -1.9938069e+02      
8.2007742e+01 -2.0094577e+02      
7.9129137e+01 -2.0250330e+02      
7.6191426e+01 -2.0411687e+02      
7.3244328e+01 -2.0580585e+02      
7.0328217e+01 -2.0750784e+02      
6.7513289e+01 -2.0900056e+02      
6.5007582e+01 -2.0976227e+02      
6.3579154e+01 -2.0846347e+02      
6.2519418e+01 -2.0630636e+02      
6.1668379e+01 -2.0369257e+02      
6.0993602e+01 -2.0080024e+02      
6.0479640e+01 -1.9776955e+02      
6.0107642e+01 -1.9474012e+02      
