1.5528670e+01 2.5239122e+02      
1.3038739e+01 2.5087809e+02      
1.0956565e+01 2.4939068e+02      
9.2718083e+00 2.4797423e+02      
7.9838523e+00 2.4666737e+02      
7.1041416e+00 2.4550171e+02      
6.6520938e+00 2.4450189e+02      
6.6472772e+00 2.4368641e+02      
7.1024786e+00 2.4306866e+02      
8.0201607e+00 2.4265768e+02      
9.3923464e+00 2.4245819e+02      
1.1202877e+01 2.4246970e+02      
1.3430873e+01 2.4268523e+02      
1.6054555e+01 2.4308981e+02      
1.9054873e+01 2.4365941e+02      
2.2418513e+01 2.4436042e+02      
2.6139622e+01 2.4514999e+02      
3.0219565e+01 2.4597725e+02      
3.4664594e+01 2.4678539e+02      
3.9482165e+01 2.4751421e+02      
4.3071192e+01 2.4171026e+02      
4.0726812e+01 2.4004922e+02      
3.8767038e+01 2.3840942e+02      
3.7166735e+01 2.3684107e+02      
3.5919711e+01 2.3538576e+02      
3.5045476e+01 2.3407612e+02      
3.4579632e+01 2.3293633e+02      
3.4556741e+01 2.3198360e+02      
3.4997936e+01 2.3123050e+02      
3.5906470e+01 2.3068682e+02      
3.7269170e+01 2.3035969e+02      
3.9061045e+01 2.3025209e+02      
4.1250954e+01 2.3036047e+02      
4.3807177e+01 2.3067223e+02      
4.6702623e+01 2.3116396e+02      
4.9919555e+01 2.3180029e+02      
5.3452793e+01 2.3253410e+02      
5.7309659e+01 2.3330793e+02      
6.1505907e+01 2.3405694e+02      
6.6059236e+01 2.3471263e+02      
6.9519416e+01 2.2724741e+02      
6.7388627e+01 2.2540699e+02      
6.5610140e+01 2.2359035e+02      
6.4127230e+01 2.2185341e+02      
6.2919391e+01 2.2024008e+02      
6.2025670e+01 2.1878331e+02      
6.1516814e+01 2.1750485e+02      
6.1454471e+01 2.1641768e+02      
6.1871767e+01 2.1553139e+02      
6.2770773e+01 2.1485620e+02      
6.4128362e+01 2.1440320e+02      
6.5905272e+01 2.1418134e+02      
6.8055015e+01 2.1419306e+02      
7.0531237e+01 2.1443030e+02      
7.3294372e+01 2.1487163e+02      
7.6318979e+01 2.1548051e+02      
7.9600516e+01 2.1620477e+02      
8.3156514e+01 2.1697827e+02      
8.7018980e+01 2.1772526e+02      
9.1222065e+01 2.1836624e+02      
9.4459327e+01 2.0923749e+02      
9.2633913e+01 2.0717945e+02      
9.1128435e+01 2.0515862e+02      
8.9812824e+01 2.0323717e+02      
8.8617487e+01 2.0145817e+02      
8.7640156e+01 1.9985595e+02      
8.7031974e+01 1.9844716e+02      
8.6897929e+01 1.9723389e+02      
8.7283776e+01 1.9621821e+02      
8.8183731e+01 1.9541055e+02      
8.9555446e+01 1.9482915e+02      
9.1336895e+01 1.9449341e+02      
9.3459800e+01 1.9441585e+02      
9.5857617e+01 1.9459588e+02      
9.8471482e+01 1.9501620e+02      
1.0126086e+02 1.9564030e+02      
1.0421997e+02 1.9641028e+02      
1.0738474e+02 1.9724782e+02      
1.1081657e+02 1.9806123e+02      
1.1457632e+02 1.9875567e+02      
1.1748475e+02 1.8796569e+02      
1.1608980e+02 1.8563968e+02      
1.1502257e+02 1.8338348e+02      
1.1400407e+02 1.8126982e+02      
1.1270177e+02 1.7931426e+02      
1.1149289e+02 1.7757686e+02      
1.1068960e+02 1.7606076e+02      
1.1044176e+02 1.7473986e+02      
1.1079847e+02 1.7360028e+02      
1.1173038e+02 1.7265349e+02      
1.1315872e+02 1.7193202e+02      
1.1498590e+02 1.7147421e+02      
1.1711557e+02 1.7130863e+02      
1.1945747e+02 1.7144548e+02      
1.2192446e+02 1.7187411e+02      
1.2444209e+02 1.7256136e+02      
1.2699293e+02 1.7344430e+02      
1.2965031e+02 1.7442595e+02      
1.3253372e+02 1.7538898e+02      
1.3574702e+02 1.7621615e+02      
1.3818092e+02 1.6376389e+02      
1.3736911e+02 1.6109480e+02      
1.3697389e+02 1.5854877e+02      
1.3655976e+02 1.5625365e+02      
1.3483308e+02 1.5409943e+02      
1.3316118e+02 1.5226988e+02      
1.3202825e+02 1.5070180e+02      
1.3162524e+02 1.4931015e+02      
1.3198137e+02 1.4805238e+02      
1.3301463e+02 1.4694599e+02      
1.3457788e+02 1.4605487e+02      
1.3651855e+02 1.4545229e+02      
1.3871044e+02 1.4519088e+02      
1.4104680e+02 1.4529301e+02      
1.4341063e+02 1.4575490e+02      
1.4564372e+02 1.4655559e+02      
1.4766180e+02 1.4763728e+02      
1.4963891e+02 1.4886838e+02      
1.5182157e+02 1.5008475e+02      
1.5437440e+02 1.5113640e+02      
1.5610296e+02 1.3701319e+02      
1.5599992e+02 1.3388303e+02      
1.5639659e+02 1.3093142e+02      
1.5593998e+02 1.2831986e+02      
1.5439769e+02 1.2609991e+02      
1.5212401e+02 1.2429884e+02      
1.5053172e+02 1.2279478e+02      
1.4995383e+02 1.2139974e+02      
1.5039292e+02 1.2002403e+02      
1.5166996e+02 1.1870432e+02      
1.5350087e+02 1.1757927e+02      
1.5564839e+02 1.1678770e+02      
1.5796954e+02 1.1641306e+02      
1.6037184e+02 1.1648483e+02      
1.6276215e+02 1.1699247e+02      
1.6483149e+02 1.1793707e+02      
1.6604096e+02 1.1934581e+02      
1.6704256e+02 1.2097764e+02      
1.6832825e+02 1.2257985e+02      
1.7010453e+02 1.2395970e+02      
1.7071943e+02 1.0816606e+02      
1.7129479e+02 1.0441837e+02      
1.7167373e+02 1.0094688e+02      
1.7121794e+02 9.8022832e+01      
1.6978015e+02 9.5758171e+01      
1.6764518e+02 9.4113216e+01      
1.6556866e+02 9.2866680e+01      
1.6487996e+02 9.1571970e+01      
1.6556591e+02 9.0067390e+01      
1.6739548e+02 8.8388893e+01      
1.6970224e+02 8.6903174e+01      
1.7215644e+02 8.5852910e+01      
1.7465503e+02 8.5344129e+01      
1.7716505e+02 8.5397920e+01      
1.7968463e+02 8.5979940e+01      
1.8203262e+02 8.7032929e+01      
1.8185148e+02 8.8966466e+01      
1.8149229e+02 9.1214822e+01      
1.8166462e+02 9.3371494e+01      
1.8257708e+02 9.5187902e+01      
1.8151489e+02 7.7737571e+01      
1.8183570e+02 7.3372858e+01      
1.8242859e+02 6.9264909e+01      
1.8205422e+02 6.6008411e+01      
1.8058738e+02 6.3771051e+01      
1.7834378e+02 6.2418134e+01      
1.7648679e+02 6.1556057e+01      
1.7584953e+02 6.0522095e+01      
1.7681910e+02 5.8965314e+01      
1.7961242e+02 5.6714182e+01      
1.8257618e+02 5.4701493e+01      
1.8538552e+02 5.3315102e+01      
1.8803738e+02 5.2678682e+01      
1.9063553e+02 5.2730478e+01      
1.9306343e+02 5.3455622e+01      
1.9455948e+02 5.4808164e+01      
1.9426665e+02 5.7070823e+01      
1.9243197e+02 6.0150271e+01      
1.9136721e+02 6.3046648e+01      
1.9141981e+02 6.5387326e+01      
1.8874698e+02 4.6133491e+01      
1.8888304e+02 4.0968635e+01      
1.8897839e+02 3.6390295e+01      
1.8864908e+02 3.2785878e+01      
1.8696808e+02 3.0802360e+01      
1.8530234e+02 2.9546766e+01      
1.8320337e+02 2.9601142e+01      
1.8248924e+02 2.9018914e+01      
1.8330054e+02 2.7719368e+01      
1.8561363e+02 2.5716853e+01      
1.8909832e+02 2.3161116e+01      
1.9214843e+02 2.1441206e+01      
1.9469928e+02 2.0854122e+01      
1.9731779e+02 2.0911218e+01      
1.9968845e+02 2.1339768e+01      
2.0095848e+02 2.2668795e+01      
2.0063745e+02 2.5170604e+01      
1.9891318e+02 2.8640080e+01      
1.9680962e+02 3.2363074e+01      
1.9627599e+02 3.5181845e+01      
1.9243249e+02 1.4117174e+01      
1.9256617e+02 7.8612516e+00      
1.9228735e+02 2.6321809e+00      
1.9140622e+02 -1.0556100e+00      
1.8964950e+02 -2.6917994e+00      
1.8723678e+02 -2.2811056e+00      
1.8545085e+02 -1.9708539e+00      
1.8476069e+02 -2.2707512e+00      
1.8529031e+02 -3.2255292e+00      
1.8699660e+02 -4.7966390e+00      
1.8969340e+02 -6.8964630e+00      
1.9277429e+02 -8.9747110e+00      
1.9458492e+02 -9.0171368e+00      
1.9683567e+02 -9.0436513e+00      
1.9963594e+02 -9.3321290e+00      
2.0105727e+02 -8.2980819e+00      
2.0066378e+02 -5.5369790e+00      
1.9875981e+02 -1.4915208e+00      
1.9737939e+02 2.1771477e+00      
1.9696884e+02 5.1623057e+00      
1.9087129e+02 -1.5234115e+01      
1.9103252e+02 -2.2601273e+01      
1.9059709e+02 -2.8741533e+01      
1.8947681e+02 -3.2890735e+01      
1.8763422e+02 -3.4451515e+01      
1.8521873e+02 -3.3408712e+01      
1.8357069e+02 -3.2799331e+01      
1.8288491e+02 -3.2874367e+01      
1.8316473e+02 -3.3505977e+01      
1.8435373e+02 -3.4638207e+01      
1.8634090e+02 -3.6261831e+01      
1.8880654e+02 -3.8126527e+01      
1.9024206e+02 -3.8080099e+01      
1.9199497e+02 -3.8123697e+01      
1.9402661e+02 -3.8208372e+01      
1.9567292e+02 -3.7637269e+01      
1.9520069e+02 -3.4534594e+01      
1.9432044e+02 -3.0844381e+01      
1.9372361e+02 -2.7300122e+01      
1.9367480e+02 -2.4229302e+01      
1.8551242e+02 -4.2912365e+01      
1.8495605e+02 -4.9758026e+01      
1.8439206e+02 -5.6882528e+01      
1.8319036e+02 -6.1914293e+01      
1.8141871e+02 -6.3983908e+01      
1.7931304e+02 -6.3062027e+01      
1.7783498e+02 -6.2458650e+01      
1.7714548e+02 -6.2413237e+01      
1.7722795e+02 -6.2761761e+01      
1.7800981e+02 -6.3466062e+01      
1.7934707e+02 -6.4485543e+01      
1.8092856e+02 -6.5541269e+01      
1.8232896e+02 -6.6105041e+01      
1.8374785e+02 -6.6497521e+01      
1.8519079e+02 -6.6645959e+01      
1.8628714e+02 -6.5828263e+01      
1.8651996e+02 -6.3088308e+01      
1.8642446e+02 -5.9479725e+01      
1.8642949e+02 -5.5849774e+01      
1.8672758e+02 -5.2609163e+01      
1.7687804e+02 -6.9053514e+01      
1.7572227e+02 -7.5234727e+01      
1.7458599e+02 -8.1714241e+01      
1.7326216e+02 -8.7826374e+01      
1.7156796e+02 -9.0971907e+01      
1.6979971e+02 -9.0809802e+01      
1.6850054e+02 -9.0620003e+01      
1.6782832e+02 -9.0593631e+01      
1.6778360e+02 -9.0671229e+01      
1.6828410e+02 -9.0955466e+01      
1.6918322e+02 -9.1496094e+01      
1.7028140e+02 -9.2231826e+01      
1.7140994e+02 -9.3073882e+01      
1.7253484e+02 -9.3997467e+01      
1.7364589e+02 -9.4755809e+01      
1.7463442e+02 -9.4544286e+01      
1.7509807e+02 -9.1275785e+01      
1.7545649e+02 -8.7147361e+01      
1.7587829e+02 -8.3094773e+01      
1.7645793e+02 -7.9548327e+01      
1.6526376e+02 -9.3512034e+01      
1.6366790e+02 -9.9130064e+01      
1.6208508e+02 -1.0496658e+02      
1.6042235e+02 -1.1061749e+02      
1.5865110e+02 -1.1522140e+02      
1.5706690e+02 -1.1653282e+02      
1.5586139e+02 -1.1728375e+02      
1.5522145e+02 -1.1725631e+02      
1.5513564e+02 -1.1693094e+02      
1.5549300e+02 -1.1673164e+02      
1.5614811e+02 -1.1685408e+02      
1.5695290e+02 -1.1739538e+02      
1.5778602e+02 -1.1845191e+02      
1.5859733e+02 -1.2005035e+02      
1.5943294e+02 -1.2173054e+02      
1.6024974e+02 -1.2128566e+02      
1.6096801e+02 -1.1827828e+02      
1.6164514e+02 -1.1324718e+02      
1.6238566e+02 -1.0848561e+02      
1.6318561e+02 -1.0454278e+02      
1.5093029e+02 -1.1603399e+02      
1.4901599e+02 -1.2122375e+02      
1.4710303e+02 -1.2663739e+02      
1.4515139e+02 -1.3200822e+02      
1.4320538e+02 -1.3681664e+02      
1.4146214e+02 -1.4034721e+02      
1.4018155e+02 -1.4270486e+02      
1.3959845e+02 -1.4224274e+02      
1.3959081e+02 -1.4119152e+02      
1.3994884e+02 -1.4032542e+02      
1.4050189e+02 -1.3995012e+02      
1.4112773e+02 -1.4020233e+02      
1.4172008e+02 -1.4129432e+02      
1.4218309e+02 -1.4351147e+02      
1.4270385e+02 -1.4489492e+02      
1.4338734e+02 -1.4431983e+02      
1.4425350e+02 -1.4144234e+02      
1.4525333e+02 -1.3668037e+02      
1.4628469e+02 -1.3121818e+02      
1.4724006e+02 -1.2703577e+02      
1.3415284e+02 -1.3631974e+02      
1.3201134e+02 -1.4116540e+02      
1.2984810e+02 -1.4632363e+02      
1.2761746e+02 -1.5172595e+02      
1.2534358e+02 -1.5721074e+02      
1.2324805e+02 -1.6227601e+02      
1.2184646e+02 -1.6492385e+02      
1.2127341e+02 -1.6494030e+02      
1.2149643e+02 -1.6293035e+02      
1.2200763e+02 -1.6119168e+02      
1.2256747e+02 -1.6021779e+02      
1.2310196e+02 -1.6002681e+02      
1.2357011e+02 -1.6059738e+02      
1.2391125e+02 -1.6187445e+02      
1.2410250e+02 -1.6335198e+02      
1.2462351e+02 -1.6283728e+02      
1.2559599e+02 -1.5989798e+02      
1.2685618e+02 -1.5501907e+02      
1.2796238e+02 -1.5041300e+02      
1.2896211e+02 -1.4658246e+02      
1.1523039e+02 -1.5406048e+02      
1.1294294e+02 -1.5856864e+02      
1.1061504e+02 -1.6345649e+02      
1.0816347e+02 -1.6885788e+02      
1.0549190e+02 -1.7500582e+02      
1.0318180e+02 -1.7996022e+02      
1.0165377e+02 -1.8269035e+02      
1.0108439e+02 -1.8295306e+02      
1.0137501e+02 -1.8120739e+02      
1.0213987e+02 -1.7862808e+02      
1.0272087e+02 -1.7718845e+02      
1.0319315e+02 -1.7657974e+02      
1.0359934e+02 -1.7654057e+02      
1.0393132e+02 -1.7687690e+02      
1.0418954e+02 -1.7724341e+02      
1.0450055e+02 -1.7688771e+02      
1.0557841e+02 -1.7380605e+02      
1.0669198e+02 -1.7003318e+02      
1.0772296e+02 -1.6633363e+02      
1.0868318e+02 -1.6303541e+02      
9.4482717e+01 -1.6898570e+02      
9.2126426e+01 -1.7310607e+02      
8.9740237e+01 -1.7756611e+02      
8.7277733e+01 -1.8240468e+02      
8.4698297e+01 -1.8759372e+02      
8.2094927e+01 -1.9265417e+02      
8.0401581e+01 -1.9547943e+02      
7.9903679e+01 -1.9569108e+02      
8.0388270e+01 -1.9377563e+02      
8.0903297e+01 -1.9191547e+02      
8.1336707e+01 -1.9059670e+02      
8.1714016e+01 -1.8978213e+02      
8.2065409e+01 -1.8930192e+02      
8.2406668e+01 -1.8895768e+02      
8.2766407e+01 -1.8846656e+02      
8.3253595e+01 -1.8734845e+02      
8.4042867e+01 -1.8506807e+02      
8.4947228e+01 -1.8218650e+02      
8.5852277e+01 -1.7919901e+02      
8.6730150e+01 -1.7638259e+02      
7.2243260e+01 -1.8089642e+02      
6.9881561e+01 -1.8458019e+02      
6.7520723e+01 -1.8850227e+02      
6.5156575e+01 -1.9260225e+02      
6.2800502e+01 -1.9675208e+02      
6.0528215e+01 -2.0063838e+02      
5.8634814e+01 -2.0354290e+02      
5.8273669e+01 -2.0354770e+02      
5.8325580e+01 -2.0261866e+02      
5.8500250e+01 -2.0150026e+02      
5.8719203e+01 -2.0049024e+02      
5.8967450e+01 -1.9965077e+02      
5.9247430e+01 -1.9892351e+02      
5.9570194e+01 -1.9817876e+02      
5.9961408e+01 -1.9722661e+02      
6.0468178e+01 -1.9583829e+02      
6.1119256e+01 -1.9389304e+02      
6.1869088e+01 -1.9154290e+02      
6.2655860e+01 -1.8904349e+02      
6.3441449e+01 -1.8660463e+02      
