3.5873239e+01 2.3357414e+02      
3.6218819e+01 2.3276615e+02      
3.6796315e+01 2.3186499e+02      
3.7307433e+01 2.3059669e+02      
3.7427774e+01 2.2860105e+02      
3.7461575e+01 2.2631761e+02      
3.7684683e+01 2.2409377e+02      
3.8240670e+01 2.2210064e+02      
3.9192815e+01 2.2042817e+02      
4.0564234e+01 2.1911620e+02      
4.2376480e+01 2.1817398e+02      
4.4650116e+01 2.1759401e+02      
4.7196280e+01 2.1738071e+02      
4.9389540e+01 2.1757071e+02      
5.1021661e+01 2.1814979e+02      
5.2271181e+01 2.1902964e+02      
5.3681125e+01 2.2003841e+02      
5.5220197e+01 2.2097737e+02      
5.6585320e+01 2.2163130e+02      
5.8039029e+01 2.2213477e+02      
6.5730120e+01 2.2525440e+02      
6.6666701e+01 2.2487090e+02      
6.7934725e+01 2.2450337e+02      
6.9043745e+01 2.2374032e+02      
6.8840433e+01 2.2110253e+02      
6.8463569e+01 2.1816413e+02      
6.8382916e+01 2.1541078e+02      
6.8780245e+01 2.1301843e+02      
6.9680047e+01 2.1104465e+02      
7.1062133e+01 2.0949953e+02      
7.2957163e+01 2.0836615e+02      
7.5550504e+01 2.0759997e+02      
7.8966754e+01 2.0717085e+02      
8.1371408e+01 2.0724434e+02      
8.2732392e+01 2.0781989e+02      
8.3128787e+01 2.0882580e+02      
8.4343150e+01 2.0993307e+02      
8.5896074e+01 2.1092700e+02      
8.6517727e+01 2.1111914e+02      
8.7199299e+01 2.1115180e+02      
9.3985431e+01 2.1324325e+02      
9.5662231e+01 2.1334156e+02      
9.7798627e+01 2.1356412e+02      
9.8993085e+01 2.1253209e+02      
9.8977749e+01 2.0998774e+02      
9.8018211e+01 2.0631476e+02      
9.7501659e+01 2.0295186e+02      
9.7725056e+01 2.0014746e+02      
9.8594681e+01 1.9789686e+02      
9.9949101e+01 1.9615918e+02      
1.0174362e+02 1.9489589e+02      
1.0414966e+02 1.9403286e+02      
1.0732855e+02 1.9347893e+02      
1.0955029e+02 1.9351397e+02      
1.1088723e+02 1.9411196e+02      
1.1150191e+02 1.9524756e+02      
1.1305489e+02 1.9644546e+02      
1.1426957e+02 1.9715901e+02      
1.1470369e+02 1.9725426e+02      
1.1450162e+02 1.9684195e+02      
1.1986882e+02 1.9749714e+02      
1.2227060e+02 1.9795083e+02      
1.2450934e+02 1.9784617e+02      
1.2581489e+02 1.9660315e+02      
1.2594341e+02 1.9407975e+02      
1.2516017e+02 1.9054371e+02      
1.2424218e+02 1.8667113e+02      
1.2448322e+02 1.8356773e+02      
1.2548930e+02 1.8111299e+02      
1.2685196e+02 1.7924239e+02      
1.2837582e+02 1.7793404e+02      
1.3005309e+02 1.7713540e+02      
1.3183899e+02 1.7678852e+02      
1.3338804e+02 1.7690452e+02      
1.3479780e+02 1.7747108e+02      
1.3653405e+02 1.7844987e+02      
1.3815425e+02 1.7931114e+02      
1.3922218e+02 1.7978049e+02      
1.3949369e+02 1.7976535e+02      
1.3912242e+02 1.7930458e+02      
1.4256238e+02 1.7800567e+02      
1.4454399e+02 1.7785780e+02      
1.4710457e+02 1.7762092e+02      
1.4861731e+02 1.7626273e+02      
1.4874485e+02 1.7366299e+02      
1.4788134e+02 1.7007358e+02      
1.4771359e+02 1.6657647e+02      
1.4853883e+02 1.6348456e+02      
1.5008826e+02 1.6088719e+02      
1.5162465e+02 1.5892753e+02      
1.5284188e+02 1.5764765e+02      
1.5366402e+02 1.5701633e+02      
1.5418008e+02 1.5693041e+02      
1.5483800e+02 1.5717660e+02      
1.5582471e+02 1.5766175e+02      
1.5726275e+02 1.5831068e+02      
1.5909394e+02 1.5893750e+02      
1.6015565e+02 1.5921763e+02      
1.6019852e+02 1.5908457e+02      
1.5947480e+02 1.5853900e+02      
1.6207895e+02 1.5545784e+02      
1.6351737e+02 1.5470867e+02      
1.6536678e+02 1.5376640e+02      
1.6711614e+02 1.5230718e+02      
1.6712675e+02 1.4960754e+02      
1.6713043e+02 1.4650219e+02      
1.6775940e+02 1.4337621e+02      
1.6937656e+02 1.4037093e+02      
1.7204221e+02 1.3756563e+02      
1.7389537e+02 1.3554341e+02      
1.7485034e+02 1.3434761e+02      
1.7484350e+02 1.3396120e+02      
1.7382745e+02 1.3430739e+02      
1.7353595e+02 1.3472974e+02      
1.7389964e+02 1.3516520e+02      
1.7474113e+02 1.3559925e+02      
1.7590208e+02 1.3594621e+02      
1.7698529e+02 1.3607027e+02      
1.7675739e+02 1.3585105e+02      
1.7645476e+02 1.3534892e+02      
1.7844475e+02 1.3050213e+02      
1.7942075e+02 1.2925683e+02      
1.8063847e+02 1.2774302e+02      
1.8176679e+02 1.2581674e+02      
1.8240130e+02 1.2333589e+02      
1.8304915e+02 1.2057893e+02      
1.8418428e+02 1.1776479e+02      
1.8620365e+02 1.1493160e+02      
1.8918983e+02 1.1211254e+02      
1.9110394e+02 1.1016214e+02      
1.9184939e+02 1.0910997e+02      
1.9138635e+02 1.0894115e+02      
1.8973794e+02 1.0959223e+02      
1.8888239e+02 1.1013020e+02      
1.8875799e+02 1.1052371e+02      
1.8908276e+02 1.1081835e+02      
1.8964297e+02 1.1098703e+02      
1.9014039e+02 1.1096904e+02      
1.9023493e+02 1.1071094e+02      
1.9024957e+02 1.1021610e+02      
1.9158941e+02 1.0367485e+02      
1.9222890e+02 1.0202237e+02      
1.9304604e+02 1.0007740e+02      
1.9389015e+02 9.7831513e+01      
1.9468746e+02 9.5344632e+01      
1.9558634e+02 9.2781585e+01      
1.9684037e+02 9.0279403e+01      
1.9873380e+02 8.7816295e+01      
2.0133161e+02 8.5334664e+01      
2.0295380e+02 8.3680475e+01      
2.0352594e+02 8.2825801e+01      
2.0302440e+02 8.2749159e+01      
2.0148361e+02 8.3426997e+01      
2.0055470e+02 8.3915222e+01      
2.0019705e+02 8.4223727e+01      
2.0019535e+02 8.4407401e+01      
2.0037918e+02 8.4460578e+01      
2.0058343e+02 8.4354069e+01      
2.0071370e+02 8.4058770e+01      
2.0083837e+02 8.3558896e+01      
2.0141380e+02 7.5483342e+01      
2.0181487e+02 7.3468860e+01      
2.0238329e+02 7.1140508e+01      
2.0305508e+02 6.8569708e+01      
2.0380735e+02 6.5916185e+01      
2.0468202e+02 6.3429151e+01      
2.0576683e+02 6.1293912e+01      
2.0714781e+02 5.9460090e+01      
2.0867070e+02 5.7883813e+01      
2.0976000e+02 5.6766143e+01      
2.1018039e+02 5.6158783e+01      
2.0991519e+02 5.6034985e+01      
2.0917151e+02 5.6268688e+01      
2.0851442e+02 5.6531754e+01      
2.0812504e+02 5.6709535e+01      
2.0795995e+02 5.6789869e+01      
2.0793656e+02 5.6759636e+01      
2.0797450e+02 5.6598474e+01      
2.0803221e+02 5.6284153e+01      
2.0812937e+02 5.5794357e+01      
2.0782342e+02 4.6437690e+01      
2.0804579e+02 4.4075898e+01      
2.0842840e+02 4.1337248e+01      
2.0894624e+02 3.8326477e+01      
2.0959247e+02 3.5278145e+01      
2.1034175e+02 3.2660535e+01      
2.1112149e+02 3.1038916e+01      
2.1200187e+02 2.9994755e+01      
2.1288622e+02 2.9229212e+01      
2.1354648e+02 2.8683445e+01      
2.1382677e+02 2.8358416e+01      
2.1371205e+02 2.8242017e+01      
2.1333003e+02 2.8272737e+01      
2.1289266e+02 2.8347497e+01      
2.1253807e+02 2.8395388e+01      
2.1229901e+02 2.8384394e+01      
2.1215551e+02 2.8292752e+01      
2.1207367e+02 2.8101956e+01      
2.1203223e+02 2.7795192e+01      
2.1203727e+02 2.7347766e+01      
2.1075722e+02 1.7069009e+01      
2.1083267e+02 1.4374732e+01      
2.1105084e+02 1.1174605e+01      
2.1141121e+02 7.5442913e+00      
2.1193309e+02 3.7661817e+00      
2.1259446e+02 5.5080265e-01      
2.1298749e+02 -1.6541562e-01      
2.1347690e+02 -1.8753666e-01      
2.1398499e+02 -1.0113800e-01      
2.1436410e+02 -7.5315347e-02      
2.1451507e+02 -1.0703135e-01      
2.1442365e+02 -1.5624859e-01      
2.1415358e+02 -2.0315410e-01      
2.1380757e+02 -2.5093605e-01      
2.1347141e+02 -3.0771071e-01      
2.1318798e+02 -3.8845142e-01      
2.1296487e+02 -5.2133545e-01      
2.1278861e+02 -7.2416887e-01      
2.1264155e+02 -9.9522537e-01      
2.1252236e+02 -1.3531285e+00      
2.1020474e+02 -1.2070473e+01      
2.1015013e+02 -1.5035927e+01      
2.1020342e+02 -1.8707441e+01      
2.1037316e+02 -2.3111193e+01      
2.1070119e+02 -2.7809551e+01      
2.1103021e+02 -3.0761246e+01      
2.1130232e+02 -3.1500620e+01      
2.1155357e+02 -3.0377432e+01      
2.1184353e+02 -2.9347865e+01      
2.1203902e+02 -2.8770705e+01      
2.1207122e+02 -2.8558410e+01      
2.1193458e+02 -2.8558921e+01      
2.1166672e+02 -2.8674779e+01      
2.1132793e+02 -2.8837233e+01      
2.1097507e+02 -2.8985715e+01      
2.1064658e+02 -2.9101289e+01      
2.1036303e+02 -2.9251096e+01      
2.1011769e+02 -2.9476525e+01      
2.0986879e+02 -2.9690793e+01      
2.0960589e+02 -2.9892776e+01      
2.0621280e+02 -4.0435313e+01      
2.0604348e+02 -4.3508417e+01      
2.0593217e+02 -4.7446494e+01      
2.0585187e+02 -5.2544137e+01      
2.0581300e+02 -5.7005257e+01      
2.0586458e+02 -5.9778911e+01      
2.0602583e+02 -6.0491681e+01      
2.0625944e+02 -5.9428302e+01      
2.0647023e+02 -5.7565211e+01      
2.0653739e+02 -5.6655477e+01      
2.0645411e+02 -5.6356991e+01      
2.0623349e+02 -5.6400065e+01      
2.0590693e+02 -5.6647167e+01      
2.0552114e+02 -5.6985784e+01      
2.0512013e+02 -5.7261985e+01      
2.0473035e+02 -5.7318097e+01      
2.0438888e+02 -5.7398555e+01      
2.0410895e+02 -5.7691930e+01      
2.0376340e+02 -5.7816378e+01      
2.0334987e+02 -5.7802967e+01      
1.9888381e+02 -6.7547626e+01      
1.9862324e+02 -7.0492196e+01      
1.9838035e+02 -7.4104208e+01      
1.9810470e+02 -7.8404448e+01      
1.9773566e+02 -8.2954650e+01      
1.9754293e+02 -8.5719092e+01      
1.9763404e+02 -8.6252712e+01      
1.9789572e+02 -8.4932892e+01      
1.9799086e+02 -8.3747758e+01      
1.9792504e+02 -8.3099509e+01      
1.9771715e+02 -8.2941461e+01      
1.9738400e+02 -8.3150079e+01      
1.9695467e+02 -8.3630213e+01      
1.9647738e+02 -8.4259995e+01      
1.9600664e+02 -8.4797193e+01      
1.9552936e+02 -8.4576452e+01      
1.9510851e+02 -8.4344271e+01      
1.9472484e+02 -8.4373817e+01      
1.9426928e+02 -8.4287107e+01      
1.9372900e+02 -8.4100182e+01      
1.8836849e+02 -9.3040073e+01      
1.8804526e+02 -9.5700896e+01      
1.8771931e+02 -9.8788774e+01      
1.8735903e+02 -1.0221472e+02      
1.8693416e+02 -1.0569293e+02      
1.8650077e+02 -1.0852508e+02      
1.8657727e+02 -1.0880784e+02      
1.8662313e+02 -1.0839777e+02      
1.8654250e+02 -1.0795690e+02      
1.8632837e+02 -1.0774808e+02      
1.8598494e+02 -1.0785658e+02      
1.8551675e+02 -1.0831385e+02      
1.8494346e+02 -1.0911342e+02      
1.8432397e+02 -1.1009809e+02      
1.8373213e+02 -1.1054613e+02      
1.8318516e+02 -1.1032142e+02      
1.8269644e+02 -1.0958878e+02      
1.8220430e+02 -1.0902721e+02      
1.8163963e+02 -1.0862820e+02      
1.8098856e+02 -1.0833510e+02      
1.7485952e+02 -1.1662542e+02      
1.7449833e+02 -1.1895997e+02      
1.7412594e+02 -1.2154973e+02      
1.7373189e+02 -1.2426265e+02      
1.7331745e+02 -1.2685365e+02      
1.7294560e+02 -1.2886884e+02      
1.7273550e+02 -1.2978351e+02      
1.7254406e+02 -1.3008747e+02      
1.7228103e+02 -1.3020650e+02      
1.7191796e+02 -1.3037089e+02      
1.7144114e+02 -1.3072183e+02      
1.7083588e+02 -1.3138693e+02      
1.7008771e+02 -1.3249029e+02      
1.6931719e+02 -1.3340536e+02      
1.6860292e+02 -1.3377939e+02      
1.6797774e+02 -1.3350298e+02      
1.6742586e+02 -1.3269110e+02      
1.6687798e+02 -1.3167517e+02      
1.6621156e+02 -1.3103579e+02      
1.6544536e+02 -1.3064996e+02      
1.5858943e+02 -1.3804705e+02      
1.5820657e+02 -1.4007455e+02      
1.5780578e+02 -1.4224916e+02      
1.5738735e+02 -1.4444533e+02      
1.5696170e+02 -1.4647697e+02      
1.5655607e+02 -1.4811227e+02      
1.5618679e+02 -1.4921154e+02      
1.5581756e+02 -1.4988487e+02      
1.5540072e+02 -1.5033910e+02      
1.5490602e+02 -1.5074483e+02      
1.5431471e+02 -1.5122738e+02      
1.5361136e+02 -1.5188477e+02      
1.5278321e+02 -1.5275946e+02      
1.5184304e+02 -1.5371784e+02      
1.5099827e+02 -1.5407055e+02      
1.5031052e+02 -1.5368546e+02      
1.4972835e+02 -1.5270462e+02      
1.4904737e+02 -1.5181446e+02      
1.4825559e+02 -1.5115250e+02      
1.4736597e+02 -1.5070895e+02      
1.3983007e+02 -1.5705911e+02      
1.3943459e+02 -1.5882231e+02      
1.3901263e+02 -1.6067007e+02      
1.3856796e+02 -1.6250070e+02      
1.3810811e+02 -1.6418962e+02      
1.3764258e+02 -1.6561550e+02      
1.3717228e+02 -1.6671600e+02      
1.3668136e+02 -1.6752500e+02      
1.3614578e+02 -1.6813781e+02      
1.3554457e+02 -1.6865732e+02      
1.3486262e+02 -1.6916766e+02      
1.3408981e+02 -1.6972336e+02      
1.3322134e+02 -1.7033316e+02      
1.3226629e+02 -1.7092461e+02      
1.3128524e+02 -1.7127626e+02      
1.3055819e+02 -1.7075949e+02      
1.2980895e+02 -1.7001854e+02      
1.2897797e+02 -1.6928995e+02      
1.2805525e+02 -1.6866990e+02      
1.2704253e+02 -1.6819284e+02      
1.1889077e+02 -1.7342822e+02      
1.1848729e+02 -1.7497288e+02      
1.1804752e+02 -1.7656632e+02      
1.1757601e+02 -1.7813053e+02      
1.1707779e+02 -1.7958159e+02      
1.1655651e+02 -1.8084699e+02      
1.1601076e+02 -1.8188870e+02      
1.1543200e+02 -1.8271532e+02      
1.1480729e+02 -1.8337074e+02      
1.1412387e+02 -1.8391081e+02      
1.1337215e+02 -1.8438379e+02      
1.1254728e+02 -1.8481637e+02      
1.1165149e+02 -1.8520057e+02      
1.1069923e+02 -1.8548065e+02      
1.0973802e+02 -1.8552388e+02      
1.0883870e+02 -1.8517044e+02      
1.0793034e+02 -1.8460201e+02      
1.0696414e+02 -1.8397567e+02      
1.0592267e+02 -1.8337848e+02      
1.0479856e+02 -1.8286196e+02      
9.6114236e+01 -1.8694288e+02      
9.5705046e+01 -1.8830915e+02      
9.5249924e+01 -1.8970202e+02      
9.4753764e+01 -1.9106172e+02      
9.4220634e+01 -1.9232879e+02      
9.3652785e+01 -1.9345416e+02      
9.3049302e+01 -1.9440965e+02      
9.2405631e+01 -1.9519269e+02      
9.1714820e+01 -1.9582139e+02      
9.0969760e+01 -1.9632320e+02      
9.0165297e+01 -1.9672264e+02      
8.9300008e+01 -1.9703087e+02      
8.8378174e+01 -1.9723765e+02      
8.7412421e+01 -1.9730669e+02      
8.6424599e+01 -1.9718176e+02      
8.5428682e+01 -1.9683476e+02      
8.4408115e+01 -1.9631970e+02      
8.3337737e+01 -1.9572091e+02      
8.2200331e+01 -1.9510756e+02      
8.0985291e+01 -1.9452969e+02      
