3.1334372e+01 2.2957650e+02      
3.0861319e+01 2.2864428e+02      
3.0659129e+01 2.2786282e+02      
3.0674351e+01 2.2725006e+02      
3.0850641e+01 2.2680070e+02      
3.1126394e+01 2.2648222e+02      
3.1435681e+01 2.2623667e+02      
3.1756342e+01 2.2602913e+02      
3.1944417e+01 2.2575490e+02      
3.1404975e+01 2.2498709e+02      
3.0247896e+01 2.2377368e+02      
2.9300670e+01 2.2265791e+02      
2.8895649e+01 2.2184564e+02      
2.9056305e+01 2.2136240e+02      
2.9744327e+01 2.2122039e+02      
3.0906222e+01 2.2143324e+02      
3.2493013e+01 2.2200468e+02      
3.4477339e+01 2.2291071e+02      
3.6861498e+01 2.2409035e+02      
3.9668940e+01 2.2545404e+02      
6.1476307e+01 2.1979275e+02      
6.1332533e+01 2.1888698e+02      
6.1464012e+01 2.1815795e+02      
6.1806907e+01 2.1763393e+02      
6.2301646e+01 2.1731234e+02      
6.2887446e+01 2.1715711e+02      
6.3438345e+01 2.1704592e+02      
6.3914588e+01 2.1687308e+02      
6.4761288e+01 2.1697510e+02      
6.3856713e+01 2.1590319e+02      
6.1308791e+01 2.1368110e+02      
5.9573985e+01 2.1192646e+02      
5.8750257e+01 2.1064651e+02      
5.8656815e+01 2.0974698e+02      
5.9164749e+01 2.0921787e+02      
6.0158517e+01 2.0908756e+02      
6.1537012e+01 2.0938858e+02      
6.3244415e+01 2.1011056e+02      
6.5292526e+01 2.1117127e+02      
6.7732533e+01 2.1244152e+02      
9.0313327e+01 2.0641318e+02      
9.0559340e+01 2.0549220e+02      
9.1088395e+01 2.0479792e+02      
9.1813030e+01 2.0437407e+02      
9.2672705e+01 2.0421837e+02      
9.3631170e+01 2.0429907e+02      
9.4424334e+01 2.0441301e+02      
9.4195338e+01 2.0369112e+02      
9.4788942e+01 2.0341542e+02      
9.3463141e+01 2.0204929e+02      
9.0219884e+01 1.9952205e+02      
8.8023273e+01 1.9740626e+02      
8.6955021e+01 1.9575299e+02      
8.6732626e+01 1.9445607e+02      
8.7167631e+01 1.9351485e+02      
8.8084516e+01 1.9300232e+02      
8.9294720e+01 1.9303159e+02      
9.0679447e+01 1.9364642e+02      
9.2300705e+01 1.9470807e+02      
9.4281388e+01 1.9600287e+02      
1.1736781e+02 1.8963379e+02      
1.1807083e+02 1.8861864e+02      
1.1907842e+02 1.8792192e+02      
1.2026103e+02 1.8762547e+02      
1.2140628e+02 1.8762249e+02      
1.2265102e+02 1.8790070e+02      
1.2259845e+02 1.8752899e+02      
1.2132798e+02 1.8635260e+02      
1.2105290e+02 1.8550957e+02      
1.1934635e+02 1.8393413e+02      
1.1613332e+02 1.8152176e+02      
1.1399640e+02 1.7933456e+02      
1.1295629e+02 1.7742906e+02      
1.1278407e+02 1.7575167e+02      
1.1330885e+02 1.7433654e+02      
1.1433175e+02 1.7332236e+02      
1.1551572e+02 1.7299618e+02      
1.1645002e+02 1.7367123e+02      
1.1748482e+02 1.7494373e+02      
1.1888950e+02 1.7643066e+02      
1.4217765e+02 1.6970936e+02      
1.4341754e+02 1.6844518e+02      
1.4494008e+02 1.6760641e+02      
1.4656385e+02 1.6750823e+02      
1.4750405e+02 1.6751073e+02      
1.4799481e+02 1.6743429e+02      
1.4714255e+02 1.6676273e+02      
1.4475918e+02 1.6533121e+02      
1.4290744e+02 1.6393506e+02      
1.4094784e+02 1.6227499e+02      
1.3875493e+02 1.6025759e+02      
1.3711226e+02 1.5816338e+02      
1.3631474e+02 1.5608960e+02      
1.3635416e+02 1.5402803e+02      
1.3715002e+02 1.5202361e+02      
1.3852281e+02 1.5028734e+02      
1.4002655e+02 1.4933454e+02      
1.4019030e+02 1.5042473e+02      
1.4042811e+02 1.5221975e+02      
1.4112722e+02 1.5411721e+02      
1.6429291e+02 1.4698475e+02      
1.6616748e+02 1.4523584e+02      
1.6812762e+02 1.4389306e+02      
1.6848948e+02 1.4356934e+02      
1.6858008e+02 1.4355084e+02      
1.6885511e+02 1.4349583e+02      
1.6767879e+02 1.4280107e+02      
1.6474633e+02 1.4141112e+02      
1.6226489e+02 1.3991906e+02      
1.6019981e+02 1.3829043e+02      
1.5843853e+02 1.3646295e+02      
1.5719343e+02 1.3446360e+02      
1.5667708e+02 1.3228259e+02      
1.5700528e+02 1.2983854e+02      
1.5819399e+02 1.2711768e+02      
1.6000763e+02 1.2449825e+02      
1.6113489e+02 1.2353258e+02      
1.6125429e+02 1.2450124e+02      
1.6063701e+02 1.2706511e+02      
1.6054767e+02 1.2959055e+02      
1.8321724e+02 1.2195389e+02      
1.8573588e+02 1.1952834e+02      
1.8722202e+02 1.1786617e+02      
1.8726916e+02 1.1713394e+02      
1.8609900e+02 1.1716670e+02      
1.8511893e+02 1.1705193e+02      
1.8403817e+02 1.1643793e+02      
1.8122862e+02 1.1523094e+02      
1.7872697e+02 1.1385167e+02      
1.7668712e+02 1.1234153e+02      
1.7509027e+02 1.1067261e+02      
1.7404711e+02 1.0880783e+02      
1.7371559e+02 1.0664534e+02      
1.7426127e+02 1.0397784e+02      
1.7580300e+02 1.0056401e+02      
1.7729916e+02 9.7922258e+01      
1.7815273e+02 9.6933037e+01      
1.7815491e+02 9.7869270e+01      
1.7747025e+02 1.0040713e+02      
1.7665657e+02 1.0361095e+02      
1.9823347e+02 9.5385046e+01      
2.0038576e+02 9.2693591e+01      
2.0151882e+02 9.0720379e+01      
2.0133490e+02 8.9652900e+01      
1.9996644e+02 8.9330664e+01      
1.9797454e+02 8.9234145e+01      
1.9629864e+02 8.8468957e+01      
1.9422062e+02 8.7312378e+01      
1.9193949e+02 8.6124459e+01      
1.8996527e+02 8.4775136e+01      
1.8843221e+02 8.3315656e+01      
1.8743773e+02 8.1720244e+01      
1.8715413e+02 7.9779560e+01      
1.8766960e+02 7.7367568e+01      
1.8888393e+02 7.4492084e+01      
1.9034616e+02 7.1551934e+01      
1.9106228e+02 7.0423517e+01      
1.9084239e+02 7.1511113e+01      
1.8983496e+02 7.4366175e+01      
1.8899610e+02 7.7063510e+01      
2.0780315e+02 6.8820345e+01      
2.0985511e+02 6.5730670e+01      
2.1081907e+02 6.3398791e+01      
2.1040030e+02 6.2104879e+01      
2.0877213e+02 6.1608520e+01      
2.0715732e+02 6.0769102e+01      
2.0569916e+02 5.9491804e+01      
2.0411936e+02 5.8091765e+01      
2.0169576e+02 5.7311670e+01      
1.9975319e+02 5.6073852e+01      
1.9821895e+02 5.4860370e+01      
1.9713448e+02 5.3724792e+01      
1.9682167e+02 5.2126012e+01      
1.9732260e+02 5.0094095e+01      
1.9847086e+02 4.7788418e+01      
1.9964957e+02 4.5611697e+01      
2.0030727e+02 4.4269542e+01      
1.9982064e+02 4.5638024e+01      
1.9877113e+02 4.7793542e+01      
1.9767077e+02 4.9991185e+01      
2.1335476e+02 4.1877885e+01      
2.1455919e+02 3.9175227e+01      
2.1544111e+02 3.6476153e+01      
2.1484428e+02 3.5025326e+01      
2.1386520e+02 3.3552946e+01      
2.1278806e+02 3.1888235e+01      
2.1177446e+02 2.9957515e+01      
2.1004558e+02 2.8737485e+01      
2.0755812e+02 2.8318001e+01      
2.0555969e+02 2.7350773e+01      
2.0400536e+02 2.6348158e+01      
2.0291282e+02 2.5427049e+01      
2.0255926e+02 2.4078137e+01      
2.0307739e+02 2.2357708e+01      
2.0457710e+02 2.0378251e+01      
2.0578650e+02 1.8760052e+01      
2.0623704e+02 1.8088895e+01      
2.0567200e+02 1.8902384e+01      
2.0430378e+02 2.0604480e+01      
2.0255949e+02 2.2565946e+01      
2.1531293e+02 1.4667827e+01      
2.1583976e+02 1.2354512e+01      
2.1611117e+02 1.0010624e+01      
2.1586461e+02 7.8597228e+00      
2.1549302e+02 5.4047458e+00      
2.1470289e+02 3.1759345e+00      
2.1359978e+02 1.1411738e+00      
2.1183811e+02 -5.2940118e-02      
2.0940696e+02 -2.4147572e-01      
2.0736063e+02 -8.4173698e-01      
2.0579304e+02 -1.7346615e+00      
2.0472241e+02 -2.7632333e+00      
2.0426583e+02 -4.0007124e+00      
2.0451939e+02 -5.4242947e+00      
2.0548629e+02 -6.9377478e+00      
2.0686581e+02 -8.3257419e+00      
2.0730839e+02 -8.7709514e+00      
2.0651305e+02 -8.0117090e+00      
2.0473169e+02 -6.3913582e+00      
2.0326817e+02 -4.7870368e+00      
2.1383545e+02 -1.2513062e+01      
2.1390909e+02 -1.4557397e+01      
2.1381217e+02 -1.6716993e+01      
2.1347887e+02 -1.8958941e+01      
2.1294550e+02 -2.1332820e+01      
2.1217492e+02 -2.3757777e+01      
2.1123011e+02 -2.6290101e+01      
2.0961130e+02 -2.7789013e+01      
2.0737039e+02 -2.8064168e+01      
2.0538924e+02 -2.8650935e+01      
2.0381210e+02 -2.9572199e+01      
2.0267400e+02 -3.0658241e+01      
2.0203639e+02 -3.1827868e+01      
2.0194030e+02 -3.3008266e+01      
2.0235760e+02 -3.4115121e+01      
2.0311666e+02 -3.5038849e+01      
2.0367234e+02 -3.5472929e+01      
2.0258328e+02 -3.4478761e+01      
2.0123021e+02 -3.3111566e+01      
2.0010677e+02 -3.1772877e+01      
2.0901235e+02 -3.9275595e+01      
2.0877749e+02 -4.1130647e+01      
2.0841154e+02 -4.3139964e+01      
2.0786916e+02 -4.5267318e+01      
2.0713568e+02 -4.7492309e+01      
2.0620899e+02 -4.9791493e+01      
2.0507954e+02 -5.2105992e+01      
2.0364407e+02 -5.4128135e+01      
2.0165480e+02 -5.4832209e+01      
1.9977974e+02 -5.5698780e+01      
1.9818036e+02 -5.6795825e+01      
1.9692183e+02 -5.7983389e+01      
1.9606481e+02 -5.9139518e+01      
1.9564150e+02 -6.0144359e+01      
1.9562244e+02 -6.0908152e+01      
1.9591347e+02 -6.1417207e+01      
1.9623286e+02 -6.1598949e+01      
1.9527012e+02 -6.0500620e+01      
1.9425521e+02 -5.9245587e+01      
1.9340315e+02 -5.8054847e+01      
2.0094645e+02 -6.5205474e+01      
2.0048462e+02 -6.6904832e+01      
1.9990254e+02 -6.8768569e+01      
1.9916600e+02 -7.0757947e+01      
1.9825470e+02 -7.2836952e+01      
1.9715652e+02 -7.4960278e+01      
1.9585736e+02 -7.7049321e+01      
1.9432272e+02 -7.8914020e+01      
1.9254358e+02 -8.0326290e+01      
1.9074128e+02 -8.1648743e+01      
1.8907866e+02 -8.3034213e+01      
1.8765497e+02 -8.4423060e+01      
1.8655367e+02 -8.5672546e+01      
1.8583553e+02 -8.6584046e+01      
1.8549287e+02 -8.7014397e+01      
1.8540067e+02 -8.7000827e+01      
1.8527019e+02 -8.6553638e+01      
1.8473994e+02 -8.5569113e+01      
1.8405955e+02 -8.4390540e+01      
1.8341768e+02 -8.3251933e+01      
1.8978180e+02 -8.9897179e+01      
1.8914767e+02 -9.1459764e+01      
1.8839328e+02 -9.3186584e+01      
1.8749318e+02 -9.5040320e+01      
1.8642911e+02 -9.6982478e+01      
1.8518848e+02 -9.8967122e+01      
1.8376208e+02 -1.0093137e+02      
1.8214772e+02 -1.0279509e+02      
1.8037833e+02 -1.0452968e+02      
1.7854446e+02 -1.0622315e+02      
1.7675112e+02 -1.0794574e+02      
1.7510019e+02 -1.0965727e+02      
1.7370435e+02 -1.1119193e+02      
1.7269620e+02 -1.1218614e+02      
1.7216806e+02 -1.1218670e+02      
1.7192033e+02 -1.1156446e+02      
1.7170652e+02 -1.1059329e+02      
1.7136555e+02 -1.0940427e+02      
1.7090925e+02 -1.0815214e+02      
1.7041880e+02 -1.0697536e+02      
1.7570950e+02 -1.1296727e+02      
1.7494455e+02 -1.1440677e+02      
1.7405543e+02 -1.1600631e+02      
1.7302392e+02 -1.1773246e+02      
1.7183590e+02 -1.1955121e+02      
1.7048170e+02 -1.2142697e+02      
1.6895675e+02 -1.2332368e+02      
1.6726535e+02 -1.2521586e+02      
1.6542851e+02 -1.2711363e+02      
1.6348631e+02 -1.2907124e+02      
1.6149267e+02 -1.3114314e+02      
1.5952791e+02 -1.3331278e+02      
1.5773820e+02 -1.3539680e+02      
1.5637417e+02 -1.3686211e+02      
1.5585484e+02 -1.3610821e+02      
1.5569879e+02 -1.3469503e+02      
1.5560113e+02 -1.3311928e+02      
1.5540607e+02 -1.3156749e+02      
1.5508958e+02 -1.3012233e+02      
1.5469395e+02 -1.2883718e+02      
1.5896537e+02 -1.3406044e+02      
1.5810293e+02 -1.3538739e+02      
1.5711159e+02 -1.3686767e+02      
1.5597904e+02 -1.3847264e+02      
1.5469548e+02 -1.4017479e+02      
1.5325421e+02 -1.4194943e+02      
1.5165210e+02 -1.4377911e+02      
1.4989020e+02 -1.4566305e+02      
1.4797285e+02 -1.4763105e+02      
1.4590130e+02 -1.4975500e+02      
1.4366449e+02 -1.5214952e+02      
1.4129235e+02 -1.5487016e+02      
1.3900689e+02 -1.5762247e+02      
1.3749471e+02 -1.5880574e+02      
1.3687126e+02 -1.5808239e+02      
1.3699866e+02 -1.5578939e+02      
1.3715791e+02 -1.5350885e+02      
1.3712415e+02 -1.5154232e+02      
1.3689990e+02 -1.4987671e+02      
1.3655090e+02 -1.4846083e+02      
1.3982569e+02 -1.5285471e+02      
1.3889329e+02 -1.5407703e+02      
1.3782784e+02 -1.5544337e+02      
1.3662200e+02 -1.5692949e+02      
1.3526993e+02 -1.5851341e+02      
1.3376759e+02 -1.6017789e+02      
1.3211257e+02 -1.6191496e+02      
1.3030269e+02 -1.6373329e+02      
1.2833151e+02 -1.6566941e+02      
1.2617570e+02 -1.6780723e+02      
1.2375504e+02 -1.7034059e+02      
1.2095663e+02 -1.7351342e+02      
1.1851617e+02 -1.7596801e+02      
1.1688307e+02 -1.7694224e+02      
1.1620538e+02 -1.7619563e+02      
1.1632970e+02 -1.7398468e+02      
1.1680090e+02 -1.7108136e+02      
1.1686914e+02 -1.6883068e+02      
1.1667009e+02 -1.6702236e+02      
1.1631825e+02 -1.6550567e+02      
1.1860247e+02 -1.6906645e+02      
1.1762301e+02 -1.7018989e+02      
1.1650773e+02 -1.7144513e+02      
1.1525355e+02 -1.7281126e+02      
1.1385830e+02 -1.7426981e+02      
1.1232084e+02 -1.7580702e+02      
1.1064059e+02 -1.7741722e+02      
1.0881596e+02 -1.7910752e+02      
1.0684051e+02 -1.8090431e+02      
1.0469528e+02 -1.8286205e+02      
1.0233822e+02 -1.8506912e+02      
9.9740936e+01 -1.8754491e+02      
9.7044759e+01 -1.8995369e+02      
9.5256095e+01 -1.9084801e+02      
9.4621493e+01 -1.8996102e+02      
9.4900042e+01 -1.8758780e+02      
9.5076498e+01 -1.8517240e+02      
9.5010218e+01 -1.8305966e+02      
9.4743239e+01 -1.8125314e+02      
9.4338986e+01 -1.7969423e+02      
9.5638233e+01 -1.8245496e+02      
9.4630729e+01 -1.8348371e+02      
9.3486362e+01 -1.8462915e+02      
9.2205848e+01 -1.8587250e+02      
9.0790541e+01 -1.8719691e+02      
8.9242579e+01 -1.8858904e+02      
8.7564651e+01 -1.9004088e+02      
8.5759253e+01 -1.9155158e+02      
8.3827462e+01 -1.9312833e+02      
8.1768334e+01 -1.9478295e+02      
7.9583760e+01 -1.9651420e+02      
7.7297548e+01 -1.9826030e+02      
7.5009514e+01 -1.9981160e+02      
7.3041392e+01 -2.0067471e+02      
7.2522872e+01 -1.9960071e+02      
7.2327796e+01 -1.9785733e+02      
7.2134681e+01 -1.9594805e+02      
7.1847790e+01 -1.9409575e+02      
7.1453141e+01 -1.9238096e+02      
7.0962691e+01 -1.9082687e+02      
