3.9654004e+01 2.4392628e+02      
3.8451290e+01 2.4366936e+02      
3.7430291e+01 2.4341969e+02      
3.6288258e+01 2.4241548e+02      
3.5033635e+01 2.4065542e+02      
3.3773727e+01 2.3827470e+02      
3.2838335e+01 2.3611799e+02      
3.2275626e+01 2.3425286e+02      
3.2065723e+01 2.3267316e+02      
3.2172481e+01 2.3139484e+02      
3.2557948e+01 2.3043216e+02      
3.3195030e+01 2.2978561e+02      
3.4067149e+01 2.2943715e+02      
3.5161718e+01 2.2935192e+02      
3.6469107e+01 2.2948367e+02      
3.7988259e+01 2.2978204e+02      
3.9733164e+01 2.3019906e+02      
4.1734956e+01 2.3069280e+02      
4.4037754e+01 2.3122753e+02      
4.6689611e+01 2.3177083e+02      
6.9018666e+01 2.3569716e+02      
6.8117065e+01 2.3555105e+02      
6.7345834e+01 2.3535996e+02      
6.6242144e+01 2.3424076e+02      
6.4868644e+01 2.3219784e+02      
6.3420290e+01 2.2943587e+02      
6.2381191e+01 2.2691146e+02      
6.1799543e+01 2.2471263e+02      
6.1621853e+01 2.2282476e+02      
6.1769384e+01 2.2126959e+02      
6.2168408e+01 2.2007107e+02      
6.2782713e+01 2.1923142e+02      
6.3599444e+01 2.1872411e+02      
6.4601547e+01 2.1849833e+02      
6.5765314e+01 2.1848839e+02      
6.7076387e+01 2.1862635e+02      
6.8545681e+01 2.1885308e+02      
7.0214849e+01 2.1912375e+02      
7.2149320e+01 2.1940687e+02      
7.4420879e+01 2.1967746e+02      
9.7022024e+01 2.2375069e+02      
9.6510289e+01 2.2359915e+02      
9.6004255e+01 2.2325861e+02      
9.4780451e+01 2.2183828e+02      
9.3190506e+01 2.1952456e+02      
9.1577210e+01 2.1657665e+02      
9.0478803e+01 2.1381011e+02      
8.9939163e+01 2.1131914e+02      
8.9880849e+01 2.0912585e+02      
9.0148418e+01 2.0728997e+02      
9.0586409e+01 2.0587156e+02      
9.1175352e+01 2.0487945e+02      
9.1940810e+01 2.0427348e+02      
9.2861544e+01 2.0397854e+02      
9.3880549e+01 2.0389679e+02      
9.4952872e+01 2.0393204e+02      
9.6080635e+01 2.0400946e+02      
9.7322413e+01 2.0408294e+02      
9.8782810e+01 2.0413323e+02      
1.0057773e+02 2.0415315e+02      
1.2320042e+02 2.0833118e+02      
1.2324301e+02 2.0814037e+02      
1.2311628e+02 2.0756002e+02      
1.2141532e+02 2.0557936e+02      
1.1942591e+02 2.0295299e+02      
1.1770166e+02 2.0000295e+02      
1.1658281e+02 1.9706729e+02      
1.1616310e+02 1.9429790e+02      
1.1638741e+02 1.9176987e+02      
1.1697354e+02 1.8960799e+02      
1.1742548e+02 1.8798833e+02      
1.1794184e+02 1.8690102e+02      
1.1866821e+02 1.8628225e+02      
1.1955975e+02 1.8602538e+02      
1.2046861e+02 1.8597243e+02      
1.2128435e+02 1.8598006e+02      
1.2199295e+02 1.8595284e+02      
1.2267741e+02 1.8584468e+02      
1.2351611e+02 1.8566397e+02      
1.2472023e+02 1.8544815e+02      
1.4702036e+02 1.8971513e+02      
1.4777478e+02 1.8951439e+02      
1.4751272e+02 1.8846621e+02      
1.4594013e+02 1.8636230e+02      
1.4337590e+02 1.8336727e+02      
1.4130936e+02 1.8019709e+02      
1.4013022e+02 1.7703985e+02      
1.3988745e+02 1.7397441e+02      
1.4057183e+02 1.7104960e+02      
1.4196304e+02 1.6841042e+02      
1.4226699e+02 1.6661064e+02      
1.4261180e+02 1.6549614e+02      
1.4333249e+02 1.6497474e+02      
1.4436639e+02 1.6493742e+02      
1.4526467e+02 1.6505961e+02      
1.4582420e+02 1.6513413e+02      
1.4602040e+02 1.6505020e+02      
1.4595389e+02 1.6475283e+02      
1.4591031e+02 1.6428714e+02      
1.4639529e+02 1.6384184e+02      
1.6766973e+02 1.6810849e+02      
1.6833431e+02 1.6750510e+02      
1.6803004e+02 1.6612890e+02      
1.6654338e+02 1.6390069e+02      
1.6416676e+02 1.6092659e+02      
1.6171195e+02 1.5750650e+02      
1.6053234e+02 1.5412280e+02      
1.6049590e+02 1.5076635e+02      
1.6155797e+02 1.4742684e+02      
1.6349851e+02 1.4424348e+02      
1.6444114e+02 1.4203614e+02      
1.6458220e+02 1.4090928e+02      
1.6530588e+02 1.4049794e+02      
1.6672188e+02 1.4092690e+02      
1.6772008e+02 1.4138430e+02      
1.6804012e+02 1.4163365e+02      
1.6762122e+02 1.4155054e+02      
1.6659554e+02 1.4107049e+02      
1.6533804e+02 1.4022748e+02      
1.6511741e+02 1.3962554e+02      
1.8340549e+02 1.4352592e+02      
1.8422548e+02 1.4263716e+02      
1.8400276e+02 1.4101689e+02      
1.8247217e+02 1.3864764e+02      
1.8000906e+02 1.3560564e+02      
1.7816571e+02 1.3225106e+02      
1.7730915e+02 1.2875572e+02      
1.7750134e+02 1.2516142e+02      
1.7878792e+02 1.2145256e+02      
1.8098112e+02 1.1776767e+02      
1.8231616e+02 1.1515152e+02      
1.8295616e+02 1.1365175e+02      
1.8365142e+02 1.1301576e+02      
1.8431987e+02 1.1338828e+02      
1.8535584e+02 1.1423790e+02      
1.8544493e+02 1.1476436e+02      
1.8433719e+02 1.1476173e+02      
1.8234679e+02 1.1422289e+02      
1.8098908e+02 1.1364587e+02      
1.8046208e+02 1.1314140e+02      
1.9539216e+02 1.1695403e+02      
1.9547037e+02 1.1566780e+02      
1.9537060e+02 1.1382512e+02      
1.9371142e+02 1.1132996e+02      
1.9198259e+02 1.0833941e+02      
1.9074306e+02 1.0501178e+02      
1.9024937e+02 1.0144927e+02      
1.9062955e+02 9.7689250e+01      
1.9198259e+02 9.3711403e+01      
1.9414348e+02 8.9659788e+01      
1.9550223e+02 8.6767736e+01      
1.9614086e+02 8.5043224e+01      
1.9706927e+02 8.3848321e+01      
1.9798874e+02 8.3514120e+01      
1.9787508e+02 8.4546863e+01      
1.9782594e+02 8.5403720e+01      
1.9598224e+02 8.5562383e+01      
1.9415434e+02 8.5409027e+01      
1.9287763e+02 8.5147810e+01      
1.9222873e+02 8.4849658e+01      
2.0393896e+02 8.8962483e+01      
2.0338660e+02 8.7370967e+01      
2.0269806e+02 8.5282869e+01      
2.0154400e+02 8.2693439e+01      
2.0036636e+02 7.9681351e+01      
1.9954764e+02 7.6337918e+01      
1.9930886e+02 7.2728693e+01      
1.9978420e+02 6.8880680e+01      
2.0105590e+02 6.4777784e+01      
2.0297053e+02 6.0553545e+01      
2.0419599e+02 5.7470225e+01      
2.0544712e+02 5.4877499e+01      
2.0680504e+02 5.2888268e+01      
2.0713580e+02 5.2551713e+01      
2.0633723e+02 5.3765743e+01      
2.0585283e+02 5.4749225e+01      
2.0392032e+02 5.5176934e+01      
2.0226782e+02 5.5319656e+01      
2.0108359e+02 5.5329102e+01      
2.0036260e+02 5.5263272e+01      
2.0910765e+02 6.0028499e+01      
2.0814399e+02 5.8190798e+01      
2.0716321e+02 5.5892463e+01      
2.0613318e+02 5.3170984e+01      
2.0520904e+02 5.0090699e+01      
2.0460790e+02 4.6716751e+01      
2.0449955e+02 4.3091362e+01      
2.0498842e+02 3.9227507e+01      
2.0609815e+02 3.5133786e+01      
2.0766106e+02 3.0960380e+01      
2.0930861e+02 2.7083736e+01      
2.1104063e+02 2.3612034e+01      
2.1200034e+02 2.1609417e+01      
2.1187334e+02 2.1332566e+01      
2.1062967e+02 2.2640944e+01      
2.0947812e+02 2.3636132e+01      
2.0808455e+02 2.4173513e+01      
2.0674244e+02 2.4476203e+01      
2.0564933e+02 2.4699590e+01      
2.0486462e+02 2.4883358e+01      
2.1087915e+02 3.0619190e+01      
2.0963750e+02 2.8555541e+01      
2.0845442e+02 2.6047362e+01      
2.0736544e+02 2.3166353e+01      
2.0647896e+02 1.9997629e+01      
2.0593453e+02 1.6603123e+01      
2.0585319e+02 1.3008374e+01      
2.0631353e+02 9.1974307e+00      
2.0734155e+02 5.1085369e+00      
2.0887775e+02 7.2824559e-01      
2.1073435e+02 -3.7132429e+00      
2.1209235e+02 -7.0162896e+00      
2.1270948e+02 -8.9569389e+00      
2.1239214e+02 -9.3416083e+00      
2.1110959e+02 -8.1987068e+00      
2.0991399e+02 -7.3993527e+00      
2.0879338e+02 -6.9934297e+00      
2.0769766e+02 -6.6965454e+00      
2.0665773e+02 -6.2940480e+00      
2.0577798e+02 -5.8129798e+00      
2.0924465e+02 1.2122700e+00      
2.0777128e+02 -1.0808819e+00      
2.0637464e+02 -3.8340626e+00      
2.0512583e+02 -6.9224336e+00      
2.0414299e+02 -1.0192072e+01      
2.0353962e+02 -1.3579648e+01      
2.0340707e+02 -1.7073209e+01      
2.0380356e+02 -2.0704291e+01      
2.0476751e+02 -2.4629264e+01      
2.0630292e+02 -2.9083821e+01      
2.0771359e+02 -3.2909082e+01      
2.0871715e+02 -3.5855582e+01      
2.0915578e+02 -3.7813703e+01      
2.0891145e+02 -3.8648740e+01      
2.0796064e+02 -3.8238881e+01      
2.0700877e+02 -3.7923248e+01      
2.0617824e+02 -3.7941192e+01      
2.0534183e+02 -3.7932844e+01      
2.0423581e+02 -3.7275225e+01      
2.0317467e+02 -3.6361095e+01      
2.0425136e+02 -2.7698623e+01      
2.0255664e+02 -3.0227972e+01      
2.0089937e+02 -3.3307532e+01      
1.9937697e+02 -3.6750739e+01      
1.9820225e+02 -4.0105317e+01      
1.9745451e+02 -4.3448597e+01      
1.9721509e+02 -4.6765255e+01      
1.9751959e+02 -5.0035937e+01      
1.9832772e+02 -5.3330030e+01      
1.9946234e+02 -5.6655708e+01      
2.0054080e+02 -5.9686870e+01      
2.0132570e+02 -6.2253383e+01      
2.0170987e+02 -6.4284624e+01      
2.0168116e+02 -6.5834857e+01      
2.0135828e+02 -6.7145228e+01      
2.0068635e+02 -6.7393417e+01      
2.0022010e+02 -6.8171963e+01      
1.9990627e+02 -6.9090909e+01      
1.9844848e+02 -6.7799291e+01      
1.9712612e+02 -6.6268927e+01      
1.9601751e+02 -5.5608740e+01      
1.9411398e+02 -5.8335980e+01      
1.9216093e+02 -6.1765412e+01      
1.9018952e+02 -6.5913453e+01      
1.8872543e+02 -6.9308009e+01      
1.8773086e+02 -7.2673989e+01      
1.8735364e+02 -7.5781715e+01      
1.8759868e+02 -7.8562452e+01      
1.8836149e+02 -8.1041842e+01      
1.8940188e+02 -8.3311339e+01      
1.9033525e+02 -8.5593486e+01      
1.9099582e+02 -8.7814687e+01      
1.9134739e+02 -8.9872660e+01      
1.9141393e+02 -9.1779091e+01      
1.9125846e+02 -9.3550285e+01      
1.9095493e+02 -9.5089298e+01      
1.9074614e+02 -9.6853671e+01      
1.9057684e+02 -9.8516039e+01      
1.8919986e+02 -9.7195165e+01      
1.8772274e+02 -9.5033775e+01      
1.8472537e+02 -8.2032155e+01      
1.8264992e+02 -8.4851427e+01      
1.8046544e+02 -8.8356684e+01      
1.7817793e+02 -9.2532853e+01      
1.7595649e+02 -9.7055004e+01      
1.7458111e+02 -1.0070427e+02      
1.7408613e+02 -1.0358300e+02      
1.7437438e+02 -1.0579290e+02      
1.7528437e+02 -1.0739224e+02      
1.7653033e+02 -1.0853534e+02      
1.7740910e+02 -1.1022190e+02      
1.7796729e+02 -1.1217355e+02      
1.7825906e+02 -1.1421220e+02      
1.7832787e+02 -1.1630983e+02      
1.7823732e+02 -1.1850899e+02      
1.7808354e+02 -1.2092177e+02      
1.7796936e+02 -1.2359218e+02      
1.7778567e+02 -1.2583036e+02      
1.7674515e+02 -1.2516613e+02      
1.7511981e+02 -1.2214183e+02      
1.7060482e+02 -1.0653973e+02      
1.6841044e+02 -1.0934315e+02      
1.6604920e+02 -1.1279596e+02      
1.6346478e+02 -1.1696768e+02      
1.6076768e+02 -1.2171392e+02      
1.5915329e+02 -1.2536053e+02      
1.5868080e+02 -1.2789034e+02      
1.5916876e+02 -1.2947167e+02      
1.6033035e+02 -1.3029040e+02      
1.6130426e+02 -1.3139329e+02      
1.6198365e+02 -1.3289642e+02      
1.6239453e+02 -1.3469624e+02      
1.6258181e+02 -1.3670018e+02      
1.6258890e+02 -1.3890855e+02      
1.6247364e+02 -1.4140913e+02      
1.6232870e+02 -1.4441878e+02      
1.6223735e+02 -1.4805063e+02      
1.6179272e+02 -1.4987697e+02      
1.6083840e+02 -1.4937628e+02      
1.5945308e+02 -1.4672029e+02      
1.5392077e+02 -1.2876686e+02      
1.5167472e+02 -1.3146202e+02      
1.4922459e+02 -1.3475130e+02      
1.4648567e+02 -1.3870621e+02      
1.4358188e+02 -1.4315741e+02      
1.4197282e+02 -1.4644591e+02      
1.4171455e+02 -1.4847505e+02      
1.4247788e+02 -1.4948359e+02      
1.4324941e+02 -1.5048856e+02      
1.4385709e+02 -1.5171031e+02      
1.4426541e+02 -1.5319008e+02      
1.4447985e+02 -1.5490435e+02      
1.4451913e+02 -1.5683937e+02      
1.4440944e+02 -1.5903754e+02      
1.4418533e+02 -1.6162372e+02      
1.4390113e+02 -1.6467953e+02      
1.4358196e+02 -1.6785324e+02      
1.4296965e+02 -1.6914260e+02      
1.4201821e+02 -1.6861348e+02      
1.4077129e+02 -1.6632067e+02      
1.3496185e+02 -1.4840986e+02      
1.3274090e+02 -1.5091676e+02      
1.3031983e+02 -1.5392601e+02      
1.2761438e+02 -1.5747324e+02      
1.2476990e+02 -1.6136114e+02      
1.2341771e+02 -1.6407794e+02      
1.2347950e+02 -1.6558263e+02      
1.2378744e+02 -1.6681822e+02      
1.2410238e+02 -1.6804360e+02      
1.2434024e+02 -1.6936720e+02      
1.2446433e+02 -1.7083252e+02      
1.2445920e+02 -1.7245578e+02      
1.2432401e+02 -1.7425408e+02      
1.2406574e+02 -1.7628047e+02      
1.2369016e+02 -1.7869876e+02      
1.2320167e+02 -1.8159323e+02      
1.2268198e+02 -1.8270480e+02      
1.2194766e+02 -1.8316040e+02      
1.2097490e+02 -1.8258062e+02      
1.1979638e+02 -1.8088366e+02      
1.1402981e+02 -1.6522651e+02      
1.1190339e+02 -1.6748975e+02      
1.0962580e+02 -1.7013978e+02      
1.0715809e+02 -1.7315632e+02      
1.0466026e+02 -1.7632960e+02      
1.0373096e+02 -1.7842770e+02      
1.0334586e+02 -1.8005906e+02      
1.0317342e+02 -1.8148517e+02      
1.0307577e+02 -1.8284026e+02      
1.0297699e+02 -1.8420297e+02      
1.0282895e+02 -1.8561971e+02      
1.0260404e+02 -1.8711469e+02      
1.0228847e+02 -1.8870303e+02      
1.0187639e+02 -1.9040015e+02      
1.0136453e+02 -1.9220466e+02      
1.0075593e+02 -1.9385524e+02      
1.0005648e+02 -1.9467204e+02      
9.9213022e+01 -1.9479426e+02      
9.8203889e+01 -1.9421423e+02      
9.7045580e+01 -1.9294618e+02      
9.1435800e+01 -1.7903201e+02      
8.9446112e+01 -1.8103055e+02      
8.7376184e+01 -1.8330257e+02      
8.5286811e+01 -1.8576087e+02      
8.3418744e+01 -1.8817356e+02      
8.2199326e+01 -1.9017572e+02      
8.1414475e+01 -1.9185914e+02      
8.0860515e+01 -1.9335154e+02      
8.0427211e+01 -1.9473616e+02      
8.0039978e+01 -1.9607208e+02      
7.9648607e+01 -1.9739603e+02      
7.9220240e+01 -1.9872593e+02      
7.8734164e+01 -2.0006337e+02      
7.8177501e+01 -2.0138810e+02      
7.7541967e+01 -2.0262927e+02      
7.6821886e+01 -2.0361082e+02      
7.6007869e+01 -2.0411848e+02      
7.5082190e+01 -2.0408153e+02      
7.4034892e+01 -2.0350665e+02      
7.2873089e+01 -2.0245188e+02      
